0 6802
1e-06 6790
2e-06 6775
3e-06 6764
4e-06 6751
5e-06 6734
6e-06 6716
7e-06 6708
8e-06 6697
9e-06 6689
1e-05 6675
1.1e-05 6660
1.2e-05 6648
1.3e-05 6634
1.4e-05 6621
1.5e-05 6614
1.6e-05 6598
1.7e-05 6588
1.8e-05 6579
1.9e-05 6565
2e-05 6550
2.1e-05 6530
2.2e-05 6522
2.3e-05 6514
2.4e-05 6502
2.5e-05 6493
2.6e-05 6484
2.7e-05 6473
2.8e-05 6462
2.9e-05 6450
3e-05 6438
3.1e-05 6423
3.2e-05 6415
3.3e-05 6402
3.4e-05 6390
3.5e-05 6378
3.6e-05 6366
3.7e-05 6359
3.8e-05 6344
3.9e-05 6333
4e-05 6320
4.1e-05 6307
4.2e-05 6300
4.3e-05 6292
4.4e-05 6280
4.5e-05 6269
4.6e-05 6260
4.7e-05 6247
4.8e-05 6243
4.9e-05 6237
5e-05 6233
5.1e-05 6224
5.2e-05 6215
5.3e-05 6209
5.4e-05 6198
5.5e-05 6193
5.6e-05 6186
5.7e-05 6173
5.8e-05 6165
5.9e-05 6159
6e-05 6153
6.1e-05 6150
6.2e-05 6144
6.3e-05 6135
6.4e-05 6122
6.5e-05 6113
6.6e-05 6104
6.7e-05 6098
6.8e-05 6092
6.9e-05 6086
7e-05 6075
7.1e-05 6067
7.2e-05 6058
7.3e-05 6047
7.4e-05 6041
7.5e-05 6032
7.6e-05 6023
7.7e-05 6016
7.8e-05 6011
7.9e-05 6006
8e-05 5995
8.1e-05 5982
8.2e-05 5967
8.3e-05 5962
8.4e-05 5955
8.5e-05 5946
8.6e-05 5940
8.7e-05 5934
8.8e-05 5926
8.9e-05 5924
9e-05 5917
9.1e-05 5913
9.2e-05 5907
9.3e-05 5900
9.4e-05 5894
9.5e-05 5887
9.6e-05 5878
9.7e-05 5869
9.8e-05 5866
9.9e-05 5858
0.0001 5852
0.000101 5843
0.000102 5841
0.000103 5838
0.000104 5832
0.000105 5824
0.000106 5821
0.000107 5817
0.000108 5816
0.000109 5811
0.00011 5803
0.000111 5799
0.000112 5795
0.000113 5786
0.000114 5780
0.000115 5770
0.000116 5766
0.000117 5759
0.000118 5759
0.000119 5755
0.00012 5751
0.000121 5747
0.000122 5741
0.000123 5738
0.000124 5736
0.000125 5732
0.000126 5730
0.000127 5724
0.000128 5717
0.000129 5716
0.00013 5710
0.000131 5704
0.000132 5702
0.000133 5699
0.000134 5693
0.000135 5690
0.000136 5686
0.000137 5685
0.000138 5678
0.000139 5677
0.00014 5674
0.000141 5670
0.000142 5662
0.000143 5658
0.000144 5653
0.000145 5648
0.000146 5641
0.000147 5639
0.000148 5631
0.000149 5628
0.00015 5625
0.000151 5618
0.000152 5614
0.000153 5610
0.000154 5607
0.000155 5604
0.000156 5597
0.000157 5595
0.000158 5591
0.000159 5588
0.00016 5584
0.000161 5582
0.000162 5578
0.000163 5578
0.000164 5574
0.000165 5571
0.000166 5564
0.000167 5562
0.000168 5554
0.000169 5549
0.00017 5548
0.000171 5543
0.000172 5537
0.000173 5530
0.000174 5522
0.000175 5516
0.000176 5515
0.000177 5510
0.000178 5506
0.000179 5502
0.00018 5496
0.000181 5494
0.000182 5490
0.000183 5489
0.000184 5486
0.000185 5483
0.000186 5480
0.000187 5473
0.000188 5468
0.000189 5465
0.00019 5462
0.000191 5460
0.000192 5456
0.000193 5454
0.000194 5449
0.000195 5442
0.000196 5442
0.000197 5440
0.000198 5440
0.000199 5435
0.0002 5431
0.000201 5425
0.000202 5423
0.000203 5416
0.000204 5412
0.000205 5411
0.000206 5409
0.000207 5406
0.000208 5401
0.000209 5398
0.00021 5397
0.000211 5396
0.000212 5393
0.000213 5391
0.000214 5388
0.000215 5386
0.000216 5383
0.000217 5381
0.000218 5379
0.000219 5377
0.00022 5376
0.000221 5372
0.000222 5364
0.000223 5362
0.000224 5360
0.000225 5359
0.000226 5358
0.000227 5354
0.000228 5352
0.000229 5351
0.00023 5347
0.000231 5345
0.000232 5343
0.000233 5339
0.000234 5337
0.000235 5337
0.000236 5334
0.000237 5330
0.000238 5329
0.000239 5328
0.00024 5324
0.000241 5320
0.000242 5318
0.000243 5316
0.000244 5312
0.000245 5309
0.000246 5308
0.000247 5307
0.000248 5303
0.000249 5301
0.00025 5300
0.000251 5297
0.000252 5297
0.000253 5296
0.000254 5294
0.000255 5292
0.000256 5288
0.000257 5285
0.000258 5282
0.000259 5280
0.00026 5277
0.000261 5277
0.000262 5276
0.000263 5271
0.000264 5269
0.000265 5266
0.000266 5261
0.000267 5260
0.000268 5256
0.000269 5253
0.00027 5251
0.000271 5251
0.000272 5250
0.000273 5250
0.000274 5250
0.000275 5249
0.000276 5245
0.000277 5245
0.000278 5244
0.000279 5242
0.00028 5242
0.000281 5242
0.000282 5240
0.000283 5239
0.000284 5235
0.000285 5230
0.000286 5230
0.000287 5228
0.000288 5224
0.000289 5222
0.00029 5220
0.000291 5215
0.000292 5214
0.000293 5213
0.000294 5210
0.000295 5207
0.000296 5207
0.000297 5207
0.000298 5205
0.000299 5203
0.0003 5198
0.000301 5197
0.000302 5197
0.000303 5194
0.000304 5193
0.000305 5193
0.000306 5191
0.000307 5189
0.000308 5188
0.000309 5186
0.00031 5184
0.000311 5179
0.000312 5178
0.000313 5175
0.000314 5175
0.000315 5172
0.000316 5172
0.000317 5171
0.000318 5167
0.000319 5166
0.00032 5164
0.000321 5161
0.000322 5160
0.000323 5159
0.000324 5158
0.000325 5158
0.000326 5158
0.000327 5157
0.000328 5155
0.000329 5153
0.00033 5150
0.000331 5149
0.000332 5146
0.000333 5145
0.000334 5146
0.000335 5143
0.000336 5140
0.000337 5140
0.000338 5139
0.000339 5138
0.00034 5136
0.000341 5136
0.000342 5136
0.000343 5135
0.000344 5131
0.000345 5129
0.000346 5128
0.000347 5127
0.000348 5128
0.000349 5127
0.00035 5126
0.000351 5126
0.000352 5127
0.000353 5126
0.000354 5125
0.000355 5122
0.000356 5120
0.000357 5119
0.000358 5118
0.000359 5117
0.00036 5117
0.000361 5116
0.000362 5114
0.000363 5113
0.000364 5112
0.000365 5112
0.000366 5109
0.000367 5109
0.000368 5105
0.000369 5105
0.00037 5104
0.000371 5103
0.000372 5103
0.000373 5103
0.000374 5103
0.000375 5102
0.000376 5102
0.000377 5101
0.000378 5101
0.000379 5098
0.00038 5098
0.000381 5098
0.000382 5099
0.000383 5098
0.000384 5097
0.000385 5097
0.000386 5095
0.000387 5095
0.000388 5092
0.000389 5091
0.00039 5090
0.000391 5089
0.000392 5089
0.000393 5087
0.000394 5085
0.000395 5085
0.000396 5086
0.000397 5085
0.000398 5085
0.000399 5085
0.0004 5085
0.000401 5085
0.000402 5084
0.000403 5084
0.000404 5084
0.000405 5084
0.000406 5083
0.000407 5083
0.000408 5082
0.000409 5080
0.00041 5079
0.000411 5077
0.000412 5074
0.000413 5074
0.000414 5074
0.000415 5073
0.000416 5072
0.000417 5072
0.000418 5072
0.000419 5070
0.00042 5069
0.000421 5068
0.000422 5066
0.000423 5063
0.000424 5063
0.000425 5062
0.000426 5061
0.000427 5061
0.000428 5059
0.000429 5059
0.00043 5059
0.000431 5058
0.000432 5057
0.000433 5056
0.000434 5056
0.000435 5053
0.000436 5053
0.000437 5051
0.000438 5051
0.000439 5050
0.00044 5048
0.000441 5047
0.000442 5046
0.000443 5047
0.000444 5046
0.000445 5046
0.000446 5046
0.000447 5046
0.000448 5044
0.000449 5043
0.00045 5043
0.000451 5042
0.000452 5044
0.000453 5044
0.000454 5044
0.000455 5043
0.000456 5043
0.000457 5042
0.000458 5042
0.000459 5042
0.00046 5042
0.000461 5038
0.000462 5038
0.000463 5036
0.000464 5035
0.000465 5034
0.000466 5034
0.000467 5032
0.000468 5031
0.000469 5030
0.00047 5030
0.000471 5030
0.000472 5029
0.000473 5030
0.000474 5030
0.000475 5028
0.000476 5028
0.000477 5029
0.000478 5029
0.000479 5030
0.00048 5028
0.000481 5027
0.000482 5025
0.000483 5024
0.000484 5022
0.000485 5022
0.000486 5021
0.000487 5021
0.000488 5018
0.000489 5018
0.00049 5019
0.000491 5018
0.000492 5018
0.000493 5017
0.000494 5016
0.000495 5016
0.000496 5015
0.000497 5015
0.000498 5015
0.000499 5015
0.0005 5015
0.000501 5015
0.000502 5016
0.000503 5015
0.000504 5015
0.000505 5013
0.000506 5013
0.000507 5013
0.000508 5014
0.000509 5013
0.00051 5011
0.000511 5011
0.000512 5010
0.000513 5009
0.000514 5009
0.000515 5008
0.000516 5008
0.000517 5008
0.000518 5008
0.000519 5008
0.00052 5007
0.000521 5006
0.000522 5006
0.000523 5005
0.000524 5004
0.000525 5005
0.000526 5006
0.000527 5004
0.000528 5004
0.000529 5004
0.00053 5003
0.000531 5002
0.000532 5002
0.000533 5002
0.000534 5002
0.000535 5003
0.000536 5003
0.000537 5003
0.000538 5002
0.000539 5003
0.00054 5002
0.000541 5002
0.000542 5001
0.000543 5001
0.000544 5000
0.000545 4999
0.000546 4997
0.000547 4994
0.000548 4993
0.000549 4993
0.00055 4992
0.000551 4992
0.000552 4992
0.000553 4992
0.000554 4991
0.000555 4991
0.000556 4991
0.000557 4990
0.000558 4990
0.000559 4989
0.00056 4987
0.000561 4987
0.000562 4986
0.000563 4985
0.000564 4985
0.000565 4984
0.000566 4984
0.000567 4984
0.000568 4983
0.000569 4983
0.00057 4983
0.000571 4983
0.000572 4983
0.000573 4981
0.000574 4982
0.000575 4982
0.000576 4981
0.000577 4981
0.000578 4981
0.000579 4981
0.00058 4980
0.000581 4980
0.000582 4980
0.000583 4981
0.000584 4981
0.000585 4981
0.000586 4981
0.000587 4979
0.000588 4978
0.000589 4977
0.00059 4977
0.000591 4976
0.000592 4976
0.000593 4976
0.000594 4976
0.000595 4975
0.000596 4976
0.000597 4976
0.000598 4976
0.000599 4976
0.0006 4977
0.000601 4977
0.000602 4977
0.000603 4977
0.000604 4976
0.000605 4975
0.000606 4974
0.000607 4973
0.000608 4973
0.000609 4973
0.00061 4973
0.000611 4973
0.000612 4973
0.000613 4973
0.000614 4973
0.000615 4974
0.000616 4974
0.000617 4973
0.000618 4972
0.000619 4971
0.00062 4971
0.000621 4970
0.000622 4970
0.000623 4970
0.000624 4971
0.000625 4970
0.000626 4968
0.000627 4968
0.000628 4967
0.000629 4968
0.00063 4967
0.000631 4966
0.000632 4966
0.000633 4965
0.000634 4965
0.000635 4965
0.000636 4965
0.000637 4965
0.000638 4964
0.000639 4964
0.00064 4964
0.000641 4964
0.000642 4962
0.000643 4962
0.000644 4961
0.000645 4961
0.000646 4961
0.000647 4960
0.000648 4960
0.000649 4960
0.00065 4959
0.000651 4959
0.000652 4958
0.000653 4958
0.000654 4958
0.000655 4958
0.000656 4958
0.000657 4958
0.000658 4959
0.000659 4959
0.00066 4959
0.000661 4959
0.000662 4959
0.000663 4959
0.000664 4959
0.000665 4959
0.000666 4959
0.000667 4957
0.000668 4957
0.000669 4957
0.00067 4957
0.000671 4957
0.000672 4957
0.000673 4957
0.000674 4957
0.000675 4957
0.000676 4957
0.000677 4956
0.000678 4956
0.000679 4955
0.00068 4956
0.000681 4956
0.000682 4957
0.000683 4958
0.000684 4958
0.000685 4956
0.000686 4955
0.000687 4954
0.000688 4954
0.000689 4954
0.00069 4953
0.000691 4952
0.000692 4952
0.000693 4953
0.000694 4953
0.000695 4954
0.000696 4954
0.000697 4952
0.000698 4952
0.000699 4950
0.0007 4951
0.000701 4952
0.000702 4952
0.000703 4951
0.000704 4952
0.000705 4952
0.000706 4952
0.000707 4953
0.000708 4953
0.000709 4953
0.00071 4954
0.000711 4955
0.000712 4955
0.000713 4955
0.000714 4955
0.000715 4955
0.000716 4955
0.000717 4955
0.000718 4955
0.000719 4955
0.00072 4954
0.000721 4954
0.000722 4954
0.000723 4955
0.000724 4955
0.000725 4955
0.000726 4955
0.000727 4955
0.000728 4955
0.000729 4955
0.00073 4955
0.000731 4955
0.000732 4955
0.000733 4955
0.000734 4955
0.000735 4955
0.000736 4955
0.000737 4954
0.000738 4952
0.000739 4952
0.00074 4952
0.000741 4952
0.000742 4953
0.000743 4953
0.000744 4953
0.000745 4953
0.000746 4953
0.000747 4953
0.000748 4954
0.000749 4953
0.00075 4953
0.000751 4952
0.000752 4951
0.000753 4949
0.000754 4949
0.000755 4949
0.000756 4949
0.000757 4949
0.000758 4950
0.000759 4951
0.00076 4951
0.000761 4951
0.000762 4952
0.000763 4952
0.000764 4952
0.000765 4952
0.000766 4951
0.000767 4951
0.000768 4951
0.000769 4951
0.00077 4951
0.000771 4952
0.000772 4952
0.000773 4952
0.000774 4952
0.000775 4953
0.000776 4953
0.000777 4952
0.000778 4953
0.000779 4953
0.00078 4953
0.000781 4953
0.000782 4953
0.000783 4955
0.000784 4954
0.000785 4954
0.000786 4953
0.000787 4953
0.000788 4953
0.000789 4953
0.00079 4953
0.000791 4953
0.000792 4953
0.000793 4953
0.000794 4953
0.000795 4953
0.000796 4953
0.000797 4954
0.000798 4954
0.000799 4954
0.0008 4953
0.000801 4954
0.000802 4954
0.000803 4954
0.000804 4954
0.000805 4955
0.000806 4955
0.000807 4955
0.000808 4955
0.000809 4955
0.00081 4954
0.000811 4955
0.000812 4955
0.000813 4955
0.000814 4955
0.000815 4955
0.000816 4955
0.000817 4956
0.000818 4956
0.000819 4956
0.00082 4956
0.000821 4956
0.000822 4956
0.000823 4955
0.000824 4956
0.000825 4957
0.000826 4959
0.000827 4959
0.000828 4959
0.000829 4959
0.00083 4958
0.000831 4958
0.000832 4958
0.000833 4958
0.000834 4959
0.000835 4959
0.000836 4959
0.000837 4959
0.000838 4959
0.000839 4958
0.00084 4958
0.000841 4960
0.000842 4960
0.000843 4960
0.000844 4960
0.000845 4960
0.000846 4960
0.000847 4960
0.000848 4959
0.000849 4958
0.00085 4958
0.000851 4958
0.000852 4958
0.000853 4958
0.000854 4957
0.000855 4957
0.000856 4957
0.000857 4957
0.000858 4957
0.000859 4957
0.00086 4958
0.000861 4958
0.000862 4959
0.000863 4958
0.000864 4958
0.000865 4958
0.000866 4958
0.000867 4958
0.000868 4958
0.000869 4959
0.00087 4959
0.000871 4959
0.000872 4958
0.000873 4957
0.000874 4957
0.000875 4957
0.000876 4957
0.000877 4957
0.000878 4957
0.000879 4956
0.00088 4956
0.000881 4955
0.000882 4954
0.000883 4954
0.000884 4955
0.000885 4955
0.000886 4954
0.000887 4953
0.000888 4953
0.000889 4953
0.00089 4953
0.000891 4953
0.000892 4952
0.000893 4952
0.000894 4952
0.000895 4952
0.000896 4951
0.000897 4951
0.000898 4950
0.000899 4950
0.0009 4950
0.000901 4950
0.000902 4950
0.000903 4950
0.000904 4950
0.000905 4950
0.000906 4951
0.000907 4950
0.000908 4950
0.000909 4950
0.00091 4950
0.000911 4948
0.000912 4948
0.000913 4948
0.000914 4948
0.000915 4948
0.000916 4948
0.000917 4946
0.000918 4948
0.000919 4948
0.00092 4948
0.000921 4949
0.000922 4948
0.000923 4948
0.000924 4948
0.000925 4947
0.000926 4947
0.000927 4947
0.000928 4947
0.000929 4947
0.00093 4948
0.000931 4949
0.000932 4948
0.000933 4949
0.000934 4949
0.000935 4949
0.000936 4949
0.000937 4948
0.000938 4949
0.000939 4950
0.00094 4950
0.000941 4949
0.000942 4949
0.000943 4949
0.000944 4949
0.000945 4949
0.000946 4949
0.000947 4949
0.000948 4950
0.000949 4950
0.00095 4949
0.000951 4949
0.000952 4949
0.000953 4948
0.000954 4949
0.000955 4949
0.000956 4948
0.000957 4948
0.000958 4949
0.000959 4949
0.00096 4950
0.000961 4950
0.000962 4950
0.000963 4950
0.000964 4950
0.000965 4950
0.000966 4950
0.000967 4950
0.000968 4951
0.000969 4951
0.00097 4950
0.000971 4950
0.000972 4948
0.000973 4948
0.000974 4948
0.000975 4948
0.000976 4948
0.000977 4948
0.000978 4947
0.000979 4947
0.00098 4946
0.000981 4946
0.000982 4947
0.000983 4947
0.000984 4947
0.000985 4946
0.000986 4946
0.000987 4947
0.000988 4946
0.000989 4946
0.00099 4946
0.000991 4945
0.000992 4945
0.000993 4945
0.000994 4944
0.000995 4944
0.000996 4944
0.000997 4945
0.000998 4945
0.000999 4945
0.001 4945
0.001001 4945
0.001002 4945
0.001003 4945
0.001004 4945
0.001005 4945
0.001006 4945
0.001007 4946
0.001008 4945
0.001009 4943
0.00101 4943
0.001011 4942
0.001012 4942
0.001013 4942
0.001014 4941
0.001015 4942
0.001016 4942
0.001017 4943
0.001018 4943
0.001019 4943
0.00102 4943
0.001021 4943
0.001022 4943
0.001023 4943
0.001024 4943
0.001025 4943
0.001026 4943
0.001027 4942
0.001028 4942
0.001029 4942
0.00103 4942
0.001031 4942
0.001032 4941
0.001033 4941
0.001034 4941
0.001035 4941
0.001036 4941
0.001037 4942
0.001038 4942
0.001039 4942
0.00104 4942
0.001041 4942
0.001042 4942
0.001043 4942
0.001044 4942
0.001045 4941
0.001046 4941
0.001047 4941
0.001048 4940
0.001049 4940
0.00105 4939
0.001051 4939
0.001052 4939
0.001053 4939
0.001054 4940
0.001055 4940
0.001056 4940
0.001057 4939
0.001058 4939
0.001059 4939
0.00106 4939
0.001061 4939
0.001062 4940
0.001063 4940
0.001064 4940
0.001065 4940
0.001066 4940
0.001067 4940
0.001068 4940
0.001069 4941
0.00107 4941
0.001071 4940
0.001072 4940
0.001073 4939
0.001074 4939
0.001075 4939
0.001076 4939
0.001077 4939
0.001078 4939
0.001079 4938
0.00108 4938
0.001081 4937
0.001082 4937
0.001083 4937
0.001084 4938
0.001085 4938
0.001086 4938
0.001087 4938
0.001088 4937
0.001089 4937
0.00109 4937
0.001091 4937
0.001092 4937
0.001093 4939
0.001094 4938
0.001095 4938
0.001096 4938
0.001097 4939
0.001098 4939
0.001099 4938
0.0011 4938
0.001101 4938
0.001102 4938
0.001103 4937
0.001104 4939
0.001105 4939
0.001106 4939
0.001107 4939
0.001108 4940
0.001109 4940
0.00111 4940
0.001111 4940
0.001112 4940
0.001113 4940
0.001114 4940
0.001115 4941
0.001116 4939
0.001117 4939
0.001118 4937
0.001119 4937
0.00112 4937
0.001121 4935
0.001122 4935
0.001123 4935
0.001124 4935
0.001125 4935
0.001126 4935
0.001127 4936
0.001128 4936
0.001129 4936
0.00113 4936
0.001131 4936
0.001132 4936
0.001133 4936
0.001134 4937
0.001135 4936
0.001136 4936
0.001137 4936
0.001138 4936
0.001139 4936
0.00114 4937
0.001141 4937
0.001142 4936
0.001143 4935
0.001144 4935
0.001145 4934
0.001146 4934
0.001147 4933
0.001148 4934
0.001149 4933
0.00115 4933
0.001151 4934
0.001152 4934
0.001153 4934
0.001154 4934
0.001155 4935
0.001156 4935
0.001157 4935
0.001158 4936
0.001159 4936
0.00116 4936
0.001161 4936
0.001162 4936
0.001163 4935
0.001164 4933
0.001165 4933
0.001166 4933
0.001167 4933
0.001168 4933
0.001169 4933
0.00117 4933
0.001171 4933
0.001172 4932
0.001173 4932
0.001174 4933
0.001175 4933
0.001176 4932
0.001177 4932
0.001178 4931
0.001179 4931
0.00118 4931
0.001181 4931
0.001182 4932
0.001183 4933
0.001184 4933
0.001185 4933
0.001186 4933
0.001187 4933
0.001188 4933
0.001189 4933
0.00119 4934
0.001191 4934
0.001192 4934
0.001193 4934
0.001194 4935
0.001195 4935
0.001196 4935
0.001197 4935
0.001198 4935
0.001199 4935
0.0012 4935
0.001201 4937
0.001202 4936
0.001203 4936
0.001204 4937
0.001205 4937
0.001206 4938
0.001207 4938
0.001208 4937
0.001209 4937
0.00121 4938
0.001211 4938
0.001212 4937
0.001213 4937
0.001214 4937
0.001215 4936
0.001216 4936
0.001217 4936
0.001218 4937
0.001219 4939
0.00122 4937
0.001221 4937
0.001222 4936
0.001223 4937
0.001224 4937
0.001225 4937
0.001226 4936
0.001227 4936
0.001228 4936
0.001229 4936
0.00123 4937
0.001231 4936
0.001232 4935
0.001233 4935
0.001234 4935
0.001235 4934
0.001236 4934
0.001237 4934
0.001238 4934
0.001239 4934
0.00124 4934
0.001241 4934
0.001242 4934
0.001243 4935
0.001244 4935
0.001245 4934
0.001246 4933
0.001247 4933
0.001248 4934
0.001249 4935
0.00125 4935
0.001251 4935
0.001252 4935
0.001253 4935
0.001254 4935
0.001255 4935
0.001256 4936
0.001257 4936
0.001258 4936
0.001259 4936
0.00126 4936
0.001261 4935
0.001262 4935
0.001263 4934
0.001264 4934
0.001265 4934
0.001266 4934
0.001267 4935
0.001268 4935
0.001269 4935
0.00127 4935
0.001271 4935
0.001272 4936
0.001273 4936
0.001274 4936
0.001275 4935
0.001276 4935
0.001277 4935
0.001278 4935
0.001279 4935
0.00128 4935
0.001281 4935
0.001282 4935
0.001283 4935
0.001284 4936
0.001285 4935
0.001286 4935
0.001287 4935
0.001288 4934
0.001289 4934
0.00129 4934
0.001291 4934
0.001292 4934
0.001293 4934
0.001294 4934
0.001295 4933
0.001296 4933
0.001297 4934
0.001298 4934
0.001299 4934
0.0013 4935
0.001301 4935
0.001302 4934
0.001303 4934
0.001304 4934
0.001305 4934
0.001306 4934
0.001307 4934
0.001308 4934
0.001309 4934
0.00131 4935
0.001311 4935
0.001312 4935
0.001313 4935
0.001314 4934
0.001315 4934
0.001316 4934
0.001317 4934
0.001318 4934
0.001319 4934
0.00132 4934
0.001321 4936
0.001322 4936
0.001323 4936
0.001324 4937
0.001325 4937
0.001326 4936
0.001327 4936
0.001328 4936
0.001329 4935
0.00133 4935
0.001331 4934
0.001332 4933
0.001333 4935
0.001334 4935
0.001335 4935
0.001336 4936
0.001337 4936
0.001338 4936
0.001339 4936
0.00134 4937
0.001341 4937
0.001342 4938
0.001343 4937
0.001344 4937
0.001345 4937
0.001346 4936
0.001347 4935
0.001348 4935
0.001349 4936
0.00135 4936
0.001351 4936
0.001352 4936
0.001353 4936
0.001354 4936
0.001355 4936
0.001356 4937
0.001357 4937
0.001358 4938
0.001359 4936
0.00136 4936
0.001361 4935
0.001362 4935
0.001363 4936
0.001364 4936
0.001365 4936
0.001366 4936
0.001367 4936
0.001368 4936
0.001369 4936
0.00137 4936
0.001371 4936
0.001372 4936
0.001373 4936
0.001374 4936
0.001375 4936
0.001376 4936
0.001377 4937
0.001378 4937
0.001379 4937
0.00138 4939
0.001381 4939
0.001382 4939
0.001383 4939
0.001384 4939
0.001385 4939
0.001386 4938
0.001387 4937
0.001388 4937
0.001389 4937
0.00139 4937
0.001391 4937
0.001392 4937
0.001393 4937
0.001394 4937
0.001395 4938
0.001396 4939
0.001397 4940
0.001398 4940
0.001399 4941
0.0014 4941
0.001401 4941
0.001402 4941
0.001403 4940
0.001404 4940
0.001405 4940
0.001406 4940
0.001407 4941
0.001408 4940
0.001409 4940
0.00141 4940
0.001411 4940
0.001412 4940
0.001413 4941
0.001414 4941
0.001415 4941
0.001416 4941
0.001417 4941
0.001418 4941
0.001419 4941
0.00142 4941
0.001421 4941
0.001422 4941
0.001423 4941
0.001424 4941
0.001425 4942
0.001426 4942
0.001427 4942
0.001428 4943
0.001429 4943
0.00143 4944
0.001431 4944
0.001432 4944
0.001433 4944
0.001434 4944
0.001435 4944
0.001436 4944
0.001437 4944
0.001438 4944
0.001439 4945
0.00144 4945
0.001441 4944
0.001442 4944
0.001443 4944
0.001444 4944
0.001445 4945
0.001446 4945
0.001447 4945
0.001448 4943
0.001449 4944
0.00145 4944
0.001451 4944
0.001452 4944
0.001453 4943
0.001454 4942
0.001455 4942
0.001456 4941
0.001457 4941
0.001458 4941
0.001459 4941
0.00146 4941
0.001461 4941
0.001462 4942
0.001463 4943
0.001464 4943
0.001465 4943
0.001466 4943
0.001467 4943
0.001468 4942
0.001469 4943
0.00147 4943
0.001471 4944
0.001472 4944
0.001473 4944
0.001474 4944
0.001475 4944
0.001476 4945
0.001477 4944
0.001478 4943
0.001479 4943
0.00148 4943
0.001481 4943
0.001482 4943
0.001483 4943
0.001484 4943
0.001485 4942
0.001486 4943
0.001487 4943
0.001488 4942
0.001489 4942
0.00149 4942
0.001491 4942
0.001492 4942
0.001493 4942
0.001494 4942
0.001495 4941
0.001496 4941
0.001497 4941
0.001498 4941
0.001499 4940
0.0015 4940
0.001501 4940
0.001502 4941
0.001503 4941
0.001504 4941
0.001505 4940
0.001506 4940
0.001507 4940
0.001508 4941
0.001509 4941
0.00151 4940
0.001511 4941
0.001512 4941
0.001513 4941
0.001514 4941
0.001515 4941
0.001516 4941
0.001517 4941
0.001518 4941
0.001519 4941
0.00152 4941
0.001521 4942
0.001522 4942
0.001523 4943
0.001524 4943
0.001525 4943
0.001526 4943
0.001527 4943
0.001528 4943
0.001529 4943
0.00153 4943
0.001531 4945
0.001532 4946
0.001533 4947
0.001534 4947
0.001535 4948
0.001536 4948
0.001537 4948
0.001538 4948
0.001539 4948
0.00154 4947
0.001541 4946
0.001542 4946
0.001543 4946
0.001544 4946
0.001545 4946
0.001546 4946
0.001547 4947
0.001548 4947
0.001549 4947
0.00155 4947
0.001551 4947
0.001552 4947
0.001553 4947
0.001554 4947
0.001555 4947
0.001556 4947
0.001557 4947
0.001558 4947
0.001559 4947
0.00156 4947
0.001561 4946
0.001562 4947
0.001563 4947
0.001564 4947
0.001565 4948
0.001566 4948
0.001567 4947
0.001568 4947
0.001569 4947
0.00157 4947
0.001571 4947
0.001572 4947
0.001573 4947
0.001574 4947
0.001575 4947
0.001576 4947
0.001577 4948
0.001578 4948
0.001579 4948
0.00158 4948
0.001581 4948
0.001582 4948
0.001583 4947
0.001584 4947
0.001585 4947
0.001586 4947
0.001587 4947
0.001588 4946
0.001589 4946
0.00159 4946
0.001591 4946
0.001592 4946
0.001593 4946
0.001594 4946
0.001595 4946
0.001596 4946
0.001597 4946
0.001598 4946
0.001599 4946
0.0016 4946
0.001601 4946
0.001602 4946
0.001603 4947
0.001604 4947
0.001605 4946
0.001606 4946
0.001607 4946
0.001608 4946
0.001609 4946
0.00161 4946
0.001611 4946
0.001612 4946
0.001613 4946
0.001614 4947
0.001615 4946
0.001616 4946
0.001617 4946
0.001618 4948
0.001619 4949
0.00162 4948
0.001621 4948
0.001622 4948
0.001623 4948
0.001624 4947
0.001625 4947
0.001626 4947
0.001627 4947
0.001628 4947
0.001629 4947
0.00163 4947
0.001631 4947
0.001632 4947
0.001633 4947
0.001634 4947
0.001635 4946
0.001636 4945
0.001637 4944
0.001638 4945
0.001639 4945
0.00164 4945
0.001641 4946
0.001642 4946
0.001643 4946
0.001644 4947
0.001645 4947
0.001646 4947
0.001647 4948
0.001648 4948
0.001649 4948
0.00165 4947
0.001651 4947
0.001652 4947
0.001653 4947
0.001654 4947
0.001655 4947
0.001656 4947
0.001657 4947
0.001658 4948
0.001659 4948
0.00166 4949
0.001661 4948
0.001662 4946
0.001663 4946
0.001664 4946
0.001665 4946
0.001666 4947
0.001667 4947
0.001668 4946
0.001669 4946
0.00167 4945
0.001671 4944
0.001672 4944
0.001673 4944
0.001674 4944
0.001675 4944
0.001676 4944
0.001677 4944
0.001678 4944
0.001679 4943
0.00168 4943
0.001681 4943
0.001682 4942
0.001683 4942
0.001684 4942
0.001685 4942
0.001686 4942
0.001687 4942
0.001688 4942
0.001689 4942
0.00169 4943
0.001691 4943
0.001692 4942
0.001693 4942
0.001694 4942
0.001695 4942
0.001696 4942
0.001697 4942
0.001698 4942
0.001699 4942
0.0017 4942
0.001701 4941
0.001702 4941
0.001703 4941
0.001704 4941
0.001705 4941
0.001706 4941
0.001707 4941
0.001708 4941
0.001709 4941
0.00171 4940
0.001711 4939
0.001712 4938
0.001713 4938
0.001714 4938
0.001715 4939
0.001716 4939
0.001717 4939
0.001718 4939
0.001719 4939
0.00172 4939
0.001721 4939
0.001722 4940
0.001723 4940
0.001724 4940
0.001725 4940
0.001726 4940
0.001727 4940
0.001728 4941
0.001729 4941
0.00173 4941
0.001731 4940
0.001732 4940
0.001733 4941
0.001734 4941
0.001735 4940
0.001736 4940
0.001737 4940
0.001738 4940
0.001739 4938
0.00174 4938
0.001741 4938
0.001742 4937
0.001743 4937
0.001744 4936
0.001745 4936
0.001746 4936
0.001747 4936
0.001748 4936
0.001749 4935
0.00175 4935
0.001751 4936
0.001752 4936
0.001753 4936
0.001754 4937
0.001755 4937
0.001756 4937
0.001757 4938
0.001758 4938
0.001759 4938
0.00176 4938
0.001761 4938
0.001762 4938
0.001763 4937
0.001764 4938
0.001765 4938
0.001766 4938
0.001767 4938
0.001768 4937
0.001769 4937
0.00177 4938
0.001771 4938
0.001772 4938
0.001773 4938
0.001774 4938
0.001775 4939
0.001776 4939
0.001777 4939
0.001778 4940
0.001779 4940
0.00178 4941
0.001781 4941
0.001782 4942
0.001783 4943
0.001784 4942
0.001785 4942
0.001786 4942
0.001787 4942
0.001788 4942
0.001789 4942
0.00179 4942
0.001791 4942
0.001792 4941
0.001793 4941
0.001794 4942
0.001795 4942
0.001796 4942
0.001797 4942
0.001798 4942
0.001799 4942
0.0018 4942
0.001801 4942
0.001802 4942
0.001803 4942
0.001804 4942
0.001805 4943
0.001806 4943
0.001807 4943
0.001808 4943
0.001809 4943
0.00181 4943
0.001811 4943
0.001812 4943
0.001813 4943
0.001814 4943
0.001815 4943
0.001816 4943
0.001817 4943
0.001818 4943
0.001819 4943
0.00182 4943
0.001821 4943
0.001822 4943
0.001823 4943
0.001824 4943
0.001825 4943
0.001826 4944
0.001827 4943
0.001828 4943
0.001829 4943
0.00183 4943
0.001831 4943
0.001832 4942
0.001833 4942
0.001834 4942
0.001835 4942
0.001836 4942
0.001837 4942
0.001838 4942
0.001839 4942
0.00184 4942
0.001841 4942
0.001842 4942
0.001843 4942
0.001844 4942
0.001845 4942
0.001846 4942
0.001847 4942
0.001848 4941
0.001849 4941
0.00185 4940
0.001851 4940
0.001852 4940
0.001853 4940
0.001854 4940
0.001855 4940
0.001856 4940
0.001857 4940
0.001858 4940
0.001859 4940
0.00186 4939
0.001861 4939
0.001862 4940
0.001863 4940
0.001864 4940
0.001865 4940
0.001866 4940
0.001867 4940
0.001868 4940
0.001869 4940
0.00187 4940
0.001871 4939
0.001872 4939
0.001873 4939
0.001874 4938
0.001875 4937
0.001876 4937
0.001877 4937
0.001878 4937
0.001879 4937
0.00188 4938
0.001881 4938
0.001882 4938
0.001883 4938
0.001884 4938
0.001885 4938
0.001886 4938
0.001887 4938
0.001888 4937
0.001889 4937
0.00189 4937
0.001891 4937
0.001892 4937
0.001893 4937
0.001894 4937
0.001895 4937
0.001896 4937
0.001897 4937
0.001898 4937
0.001899 4937
0.0019 4938
0.001901 4938
0.001902 4938
0.001903 4939
0.001904 4939
0.001905 4939
0.001906 4939
0.001907 4939
0.001908 4939
0.001909 4939
0.00191 4940
0.001911 4940
0.001912 4940
0.001913 4939
0.001914 4939
0.001915 4940
0.001916 4940
0.001917 4939
0.001918 4938
0.001919 4938
0.00192 4938
0.001921 4938
0.001922 4938
0.001923 4938
0.001924 4938
0.001925 4939
0.001926 4939
0.001927 4939
0.001928 4939
0.001929 4939
0.00193 4938
0.001931 4938
0.001932 4938
0.001933 4938
0.001934 4938
0.001935 4938
0.001936 4937
0.001937 4937
0.001938 4937
0.001939 4936
0.00194 4936
0.001941 4936
0.001942 4938
0.001943 4939
0.001944 4940
0.001945 4940
0.001946 4940
0.001947 4939
0.001948 4939
0.001949 4939
0.00195 4940
0.001951 4941
0.001952 4940
0.001953 4940
0.001954 4940
0.001955 4940
0.001956 4939
0.001957 4940
0.001958 4940
0.001959 4940
0.00196 4940
0.001961 4940
0.001962 4940
0.001963 4940
0.001964 4941
0.001965 4940
0.001966 4939
0.001967 4938
0.001968 4938
0.001969 4938
0.00197 4938
0.001971 4937
0.001972 4937
0.001973 4937
0.001974 4938
0.001975 4938
0.001976 4938
0.001977 4938
0.001978 4938
0.001979 4938
0.00198 4938
0.001981 4938
0.001982 4939
0.001983 4939
0.001984 4939
0.001985 4939
0.001986 4939
0.001987 4939
0.001988 4937
0.001989 4937
0.00199 4937
0.001991 4936
0.001992 4936
0.001993 4935
0.001994 4935
0.001995 4935
0.001996 4935
0.001997 4935
0.001998 4935
0.001999 4935
0.002 4935
0.002001 4935
0.002002 4935
0.002003 4935
0.002004 4935
0.002005 4935
0.002006 4935
0.002007 4934
0.002008 4934
0.002009 4935
0.00201 4935
0.002011 4935
0.002012 4935
0.002013 4935
0.002014 4935
0.002015 4935
0.002016 4935
0.002017 4935
0.002018 4936
0.002019 4936
0.00202 4936
0.002021 4936
0.002022 4936
0.002023 4936
0.002024 4937
0.002025 4937
0.002026 4937
0.002027 4937
0.002028 4937
0.002029 4937
0.00203 4937
0.002031 4936
0.002032 4935
0.002033 4935
0.002034 4935
0.002035 4935
0.002036 4935
0.002037 4935
0.002038 4935
0.002039 4934
0.00204 4934
0.002041 4934
0.002042 4935
0.002043 4935
0.002044 4935
0.002045 4935
0.002046 4935
0.002047 4936
0.002048 4937
0.002049 4937
0.00205 4937
0.002051 4937
0.002052 4936
0.002053 4936
0.002054 4936
0.002055 4937
0.002056 4937
0.002057 4937
0.002058 4937
0.002059 4938
0.00206 4938
0.002061 4939
0.002062 4939
0.002063 4938
0.002064 4938
0.002065 4937
0.002066 4937
0.002067 4936
0.002068 4936
0.002069 4936
0.00207 4936
0.002071 4936
0.002072 4936
0.002073 4936
0.002074 4938
0.002075 4938
0.002076 4937
0.002077 4937
0.002078 4937
0.002079 4937
0.00208 4938
0.002081 4938
0.002082 4938
0.002083 4938
0.002084 4938
0.002085 4939
0.002086 4939
0.002087 4939
0.002088 4939
0.002089 4938
0.00209 4939
0.002091 4939
0.002092 4939
0.002093 4939
0.002094 4939
0.002095 4940
0.002096 4941
0.002097 4941
0.002098 4941
0.002099 4942
0.0021 4942
0.002101 4943
0.002102 4943
0.002103 4943
0.002104 4943
0.002105 4943
0.002106 4943
0.002107 4943
0.002108 4943
0.002109 4942
0.00211 4942
0.002111 4942
0.002112 4942
0.002113 4941
0.002114 4942
0.002115 4942
0.002116 4941
0.002117 4941
0.002118 4942
0.002119 4942
0.00212 4942
0.002121 4942
0.002122 4942
0.002123 4942
0.002124 4942
0.002125 4942
0.002126 4943
0.002127 4942
0.002128 4942
0.002129 4942
0.00213 4942
0.002131 4942
0.002132 4942
0.002133 4942
0.002134 4942
0.002135 4940
0.002136 4940
0.002137 4939
0.002138 4937
0.002139 4937
0.00214 4936
0.002141 4936
0.002142 4936
0.002143 4936
0.002144 4936
0.002145 4936
0.002146 4936
0.002147 4936
0.002148 4935
0.002149 4935
0.00215 4935
0.002151 4935
0.002152 4936
0.002153 4936
0.002154 4936
0.002155 4935
0.002156 4935
0.002157 4935
0.002158 4935
0.002159 4935
0.00216 4935
0.002161 4935
0.002162 4935
0.002163 4934
0.002164 4934
0.002165 4934
0.002166 4935
0.002167 4935
0.002168 4935
0.002169 4935
0.00217 4935
0.002171 4934
0.002172 4934
0.002173 4935
0.002174 4936
0.002175 4936
0.002176 4936
0.002177 4936
0.002178 4936
0.002179 4935
0.00218 4935
0.002181 4935
0.002182 4935
0.002183 4936
0.002184 4937
0.002185 4936
0.002186 4936
0.002187 4935
0.002188 4935
0.002189 4935
0.00219 4935
0.002191 4935
0.002192 4935
0.002193 4934
0.002194 4935
0.002195 4934
0.002196 4934
0.002197 4934
0.002198 4935
0.002199 4936
0.0022 4936
0.002201 4935
0.002202 4935
0.002203 4935
0.002204 4936
0.002205 4936
0.002206 4936
0.002207 4936
0.002208 4936
0.002209 4936
0.00221 4936
0.002211 4936
0.002212 4937
0.002213 4936
0.002214 4937
0.002215 4936
0.002216 4936
0.002217 4937
0.002218 4937
0.002219 4937
0.00222 4937
0.002221 4937
0.002222 4937
0.002223 4937
0.002224 4937
0.002225 4936
0.002226 4936
0.002227 4936
0.002228 4936
0.002229 4936
0.00223 4937
0.002231 4937
0.002232 4936
0.002233 4936
0.002234 4937
0.002235 4936
0.002236 4936
0.002237 4937
0.002238 4937
0.002239 4937
0.00224 4938
0.002241 4938
0.002242 4938
0.002243 4938
0.002244 4938
0.002245 4938
0.002246 4938
0.002247 4938
0.002248 4938
0.002249 4938
0.00225 4938
0.002251 4937
0.002252 4937
0.002253 4937
0.002254 4936
0.002255 4936
0.002256 4936
0.002257 4935
0.002258 4935
0.002259 4935
0.00226 4935
0.002261 4935
0.002262 4935
0.002263 4935
0.002264 4935
0.002265 4935
0.002266 4935
0.002267 4935
0.002268 4935
0.002269 4935
0.00227 4936
0.002271 4936
0.002272 4936
0.002273 4936
0.002274 4936
0.002275 4936
0.002276 4936
0.002277 4936
0.002278 4936
0.002279 4936
0.00228 4936
0.002281 4936
0.002282 4936
0.002283 4936
0.002284 4936
0.002285 4936
0.002286 4935
0.002287 4934
0.002288 4934
0.002289 4934
0.00229 4935
0.002291 4935
0.002292 4935
0.002293 4935
0.002294 4935
0.002295 4936
0.002296 4936
0.002297 4937
0.002298 4937
0.002299 4938
0.0023 4938
0.002301 4938
0.002302 4938
0.002303 4938
0.002304 4937
0.002305 4937
0.002306 4937
0.002307 4937
0.002308 4937
0.002309 4937
0.00231 4937
0.002311 4936
0.002312 4936
0.002313 4935
0.002314 4935
0.002315 4935
0.002316 4934
0.002317 4934
0.002318 4934
0.002319 4933
0.00232 4933
0.002321 4934
0.002322 4933
0.002323 4933
0.002324 4933
0.002325 4933
0.002326 4933
0.002327 4933
0.002328 4933
0.002329 4933
0.00233 4932
0.002331 4932
0.002332 4932
0.002333 4932
0.002334 4932
0.002335 4931
0.002336 4931
0.002337 4932
0.002338 4933
0.002339 4933
0.00234 4933
0.002341 4934
0.002342 4934
0.002343 4934
0.002344 4934
0.002345 4934
0.002346 4933
0.002347 4934
0.002348 4934
0.002349 4933
0.00235 4933
0.002351 4933
0.002352 4933
0.002353 4933
0.002354 4933
0.002355 4933
0.002356 4934
0.002357 4933
0.002358 4933
0.002359 4933
0.00236 4934
0.002361 4934
0.002362 4934
0.002363 4934
0.002364 4934
0.002365 4934
0.002366 4935
0.002367 4935
0.002368 4935
0.002369 4935
0.00237 4935
0.002371 4935
0.002372 4936
0.002373 4936
0.002374 4936
0.002375 4936
0.002376 4936
0.002377 4936
0.002378 4937
0.002379 4937
0.00238 4937
0.002381 4937
0.002382 4937
0.002383 4937
0.002384 4937
0.002385 4937
0.002386 4937
0.002387 4938
0.002388 4938
0.002389 4938
0.00239 4938
0.002391 4938
0.002392 4937
0.002393 4937
0.002394 4935
0.002395 4935
0.002396 4934
0.002397 4934
0.002398 4933
0.002399 4933
0.0024 4934
0.002401 4934
0.002402 4934
0.002403 4934
0.002404 4934
0.002405 4934
0.002406 4934
0.002407 4934
0.002408 4934
0.002409 4934
0.00241 4934
0.002411 4934
0.002412 4934
0.002413 4934
0.002414 4934
0.002415 4934
0.002416 4934
0.002417 4934
0.002418 4934
0.002419 4934
0.00242 4935
0.002421 4935
0.002422 4935
0.002423 4936
0.002424 4936
0.002425 4936
0.002426 4936
0.002427 4936
0.002428 4935
0.002429 4935
0.00243 4935
0.002431 4935
0.002432 4936
0.002433 4936
0.002434 4936
0.002435 4936
0.002436 4936
0.002437 4936
0.002438 4936
0.002439 4936
0.00244 4937
0.002441 4938
0.002442 4937
0.002443 4937
0.002444 4937
0.002445 4938
0.002446 4938
0.002447 4937
0.002448 4937
0.002449 4937
0.00245 4937
0.002451 4938
0.002452 4939
0.002453 4939
0.002454 4939
0.002455 4940
0.002456 4940
0.002457 4940
0.002458 4940
0.002459 4940
0.00246 4940
0.002461 4940
0.002462 4940
0.002463 4940
0.002464 4940
0.002465 4940
0.002466 4941
0.002467 4941
0.002468 4940
0.002469 4941
0.00247 4941
0.002471 4941
0.002472 4941
0.002473 4941
0.002474 4940
0.002475 4940
0.002476 4941
0.002477 4942
0.002478 4942
0.002479 4942
0.00248 4942
0.002481 4942
0.002482 4941
0.002483 4941
0.002484 4941
0.002485 4941
0.002486 4941
0.002487 4941
0.002488 4941
0.002489 4941
0.00249 4941
0.002491 4941
0.002492 4941
0.002493 4941
0.002494 4941
0.002495 4941
0.002496 4941
0.002497 4942
0.002498 4942
0.002499 4942
0.0025 4941
0.002501 4941
0.002502 4941
0.002503 4941
0.002504 4941
0.002505 4940
0.002506 4940
0.002507 4940
0.002508 4940
0.002509 4940
0.00251 4940
0.002511 4940
0.002512 4940
0.002513 4942
0.002514 4942
0.002515 4942
0.002516 4942
0.002517 4942
0.002518 4943
0.002519 4943
0.00252 4943
0.002521 4943
0.002522 4943
0.002523 4943
0.002524 4943
0.002525 4943
0.002526 4943
0.002527 4943
0.002528 4943
0.002529 4943
0.00253 4944
0.002531 4944
0.002532 4944
0.002533 4944
0.002534 4944
0.002535 4944
0.002536 4944
0.002537 4943
0.002538 4943
0.002539 4943
0.00254 4942
0.002541 4942
0.002542 4942
0.002543 4943
0.002544 4943
0.002545 4943
0.002546 4944
0.002547 4944
0.002548 4944
0.002549 4944
0.00255 4944
0.002551 4944
0.002552 4945
0.002553 4945
0.002554 4945
0.002555 4945
0.002556 4946
0.002557 4946
0.002558 4945
0.002559 4945
0.00256 4945
0.002561 4945
0.002562 4945
0.002563 4945
0.002564 4945
0.002565 4945
0.002566 4945
0.002567 4945
0.002568 4945
0.002569 4944
0.00257 4944
0.002571 4944
0.002572 4944
0.002573 4944
0.002574 4944
0.002575 4943
0.002576 4944
0.002577 4944
0.002578 4944
0.002579 4944
0.00258 4945
0.002581 4946
0.002582 4947
0.002583 4947
0.002584 4946
0.002585 4946
0.002586 4946
0.002587 4946
0.002588 4946
0.002589 4946
0.00259 4947
0.002591 4947
0.002592 4947
0.002593 4947
0.002594 4947
0.002595 4947
0.002596 4946
0.002597 4945
0.002598 4945
0.002599 4945
0.0026 4945
0.002601 4945
0.002602 4945
0.002603 4945
0.002604 4945
0.002605 4945
0.002606 4945
0.002607 4945
0.002608 4946
0.002609 4946
0.00261 4946
0.002611 4946
0.002612 4946
0.002613 4946
0.002614 4946
0.002615 4946
0.002616 4947
0.002617 4947
0.002618 4947
0.002619 4948
0.00262 4947
0.002621 4948
0.002622 4948
0.002623 4948
0.002624 4949
0.002625 4948
0.002626 4949
0.002627 4949
0.002628 4949
0.002629 4949
0.00263 4949
0.002631 4949
0.002632 4949
0.002633 4949
0.002634 4949
0.002635 4949
0.002636 4948
0.002637 4948
0.002638 4948
0.002639 4948
0.00264 4948
0.002641 4948
0.002642 4948
0.002643 4947
0.002644 4948
0.002645 4946
0.002646 4946
0.002647 4947
0.002648 4947
0.002649 4947
0.00265 4947
0.002651 4947
0.002652 4947
0.002653 4947
0.002654 4949
0.002655 4949
0.002656 4951
0.002657 4951
0.002658 4951
0.002659 4951
0.00266 4950
0.002661 4950
0.002662 4950
0.002663 4950
0.002664 4949
0.002665 4950
0.002666 4950
0.002667 4951
0.002668 4951
0.002669 4951
0.00267 4949
0.002671 4949
0.002672 4948
0.002673 4949
0.002674 4949
0.002675 4949
0.002676 4949
0.002677 4949
0.002678 4949
0.002679 4949
0.00268 4949
0.002681 4949
0.002682 4950
0.002683 4950
0.002684 4950
0.002685 4950
0.002686 4950
0.002687 4950
0.002688 4950
0.002689 4949
0.00269 4949
0.002691 4950
0.002692 4950
0.002693 4951
0.002694 4951
0.002695 4950
0.002696 4950
0.002697 4950
0.002698 4951
0.002699 4951
0.0027 4951
0.002701 4950
0.002702 4950
0.002703 4950
0.002704 4951
0.002705 4951
0.002706 4952
0.002707 4952
0.002708 4952
0.002709 4951
0.00271 4952
0.002711 4951
0.002712 4952
0.002713 4951
0.002714 4951
0.002715 4951
0.002716 4952
0.002717 4952
0.002718 4952
0.002719 4952
0.00272 4952
0.002721 4952
0.002722 4951
0.002723 4951
0.002724 4951
0.002725 4951
0.002726 4950
0.002727 4949
0.002728 4950
0.002729 4950
0.00273 4950
0.002731 4950
0.002732 4950
0.002733 4950
0.002734 4951
0.002735 4950
0.002736 4951
0.002737 4950
0.002738 4950
0.002739 4950
0.00274 4950
0.002741 4950
0.002742 4949
0.002743 4948
0.002744 4948
0.002745 4948
0.002746 4947
0.002747 4946
0.002748 4945
0.002749 4945
0.00275 4945
0.002751 4945
0.002752 4945
0.002753 4945
0.002754 4945
0.002755 4945
0.002756 4945
0.002757 4944
0.002758 4944
0.002759 4945
0.00276 4945
0.002761 4946
0.002762 4946
0.002763 4946
0.002764 4946
0.002765 4946
0.002766 4946
0.002767 4946
0.002768 4946
0.002769 4946
0.00277 4946
0.002771 4946
0.002772 4946
0.002773 4946
0.002774 4946
0.002775 4946
0.002776 4946
0.002777 4946
0.002778 4946
0.002779 4947
0.00278 4947
0.002781 4946
0.002782 4946
0.002783 4946
0.002784 4946
0.002785 4946
0.002786 4946
0.002787 4946
0.002788 4946
0.002789 4946
0.00279 4946
0.002791 4946
0.002792 4946
0.002793 4946
0.002794 4945
0.002795 4945
0.002796 4944
0.002797 4945
0.002798 4946
0.002799 4946
0.0028 4946
0.002801 4947
0.002802 4948
0.002803 4948
0.002804 4947
0.002805 4947
0.002806 4947
0.002807 4947
0.002808 4947
0.002809 4947
0.00281 4947
0.002811 4946
0.002812 4946
0.002813 4946
0.002814 4946
0.002815 4945
0.002816 4945
0.002817 4945
0.002818 4945
0.002819 4945
0.00282 4944
0.002821 4944
0.002822 4944
0.002823 4945
0.002824 4946
0.002825 4945
0.002826 4945
0.002827 4945
0.002828 4945
0.002829 4945
0.00283 4945
0.002831 4945
0.002832 4945
0.002833 4945
0.002834 4945
0.002835 4944
0.002836 4943
0.002837 4943
0.002838 4943
0.002839 4943
0.00284 4943
0.002841 4943
0.002842 4943
0.002843 4943
0.002844 4944
0.002845 4945
0.002846 4945
0.002847 4946
0.002848 4946
0.002849 4946
0.00285 4946
0.002851 4946
0.002852 4946
0.002853 4947
0.002854 4946
0.002855 4947
0.002856 4947
0.002857 4947
0.002858 4947
0.002859 4948
0.00286 4948
0.002861 4949
0.002862 4949
0.002863 4950
0.002864 4950
0.002865 4950
0.002866 4950
0.002867 4951
0.002868 4952
0.002869 4952
0.00287 4952
0.002871 4952
0.002872 4952
0.002873 4952
0.002874 4952
0.002875 4952
0.002876 4952
0.002877 4953
0.002878 4953
0.002879 4952
0.00288 4953
0.002881 4953
0.002882 4953
0.002883 4953
0.002884 4954
0.002885 4954
0.002886 4954
0.002887 4954
0.002888 4954
0.002889 4954
0.00289 4954
0.002891 4954
0.002892 4954
0.002893 4954
0.002894 4954
0.002895 4954
0.002896 4954
0.002897 4954
0.002898 4954
0.002899 4956
0.0029 4957
0.002901 4957
0.002902 4957
0.002903 4957
0.002904 4957
0.002905 4957
0.002906 4957
0.002907 4958
0.002908 4958
0.002909 4957
0.00291 4958
0.002911 4958
0.002912 4958
0.002913 4958
0.002914 4958
0.002915 4958
0.002916 4958
0.002917 4957
0.002918 4957
0.002919 4959
0.00292 4960
0.002921 4961
0.002922 4961
0.002923 4961
0.002924 4961
0.002925 4962
0.002926 4962
0.002927 4962
0.002928 4961
0.002929 4960
0.00293 4961
0.002931 4961
0.002932 4961
0.002933 4960
0.002934 4960
0.002935 4960
0.002936 4959
0.002937 4959
0.002938 4959
0.002939 4959
0.00294 4959
0.002941 4959
0.002942 4958
0.002943 4958
0.002944 4958
0.002945 4957
0.002946 4957
0.002947 4958
0.002948 4958
0.002949 4959
0.00295 4959
0.002951 4959
0.002952 4959
0.002953 4960
0.002954 4960
0.002955 4960
0.002956 4960
0.002957 4960
0.002958 4960
0.002959 4961
0.00296 4961
0.002961 4961
0.002962 4961
0.002963 4961
0.002964 4962
0.002965 4962
0.002966 4962
0.002967 4961
0.002968 4961
0.002969 4961
0.00297 4961
0.002971 4959
0.002972 4959
0.002973 4959
0.002974 4959
0.002975 4959
0.002976 4959
0.002977 4959
0.002978 4959
0.002979 4959
0.00298 4959
0.002981 4959
0.002982 4959
0.002983 4959
0.002984 4959
0.002985 4959
0.002986 4959
0.002987 4959
0.002988 4959
0.002989 4959
0.00299 4959
0.002991 4959
0.002992 4959
0.002993 4958
0.002994 4958
0.002995 4959
0.002996 4959
0.002997 4959
0.002998 4959
0.002999 4959
0.003 4959
0.003001 4959
0.003002 4959
0.003003 4959
0.003004 4959
0.003005 4959
0.003006 4959
0.003007 4959
0.003008 4959
0.003009 4958
0.00301 4957
0.003011 4957
0.003012 4957
0.003013 4957
0.003014 4957
0.003015 4957
0.003016 4957
0.003017 4957
0.003018 4957
0.003019 4956
0.00302 4956
0.003021 4957
0.003022 4957
0.003023 4957
0.003024 4957
0.003025 4957
0.003026 4957
0.003027 4957
0.003028 4957
0.003029 4958
0.00303 4959
0.003031 4959
0.003032 4959
0.003033 4958
0.003034 4958
0.003035 4957
0.003036 4957
0.003037 4957
0.003038 4957
0.003039 4957
0.00304 4957
0.003041 4957
0.003042 4958
0.003043 4958
0.003044 4958
0.003045 4959
0.003046 4958
0.003047 4958
0.003048 4958
0.003049 4958
0.00305 4958
0.003051 4958
0.003052 4958
0.003053 4957
0.003054 4957
0.003055 4956
0.003056 4956
0.003057 4955
0.003058 4955
0.003059 4954
0.00306 4954
0.003061 4954
0.003062 4954
0.003063 4954
0.003064 4954
0.003065 4954
0.003066 4954
0.003067 4954
0.003068 4954
0.003069 4954
0.00307 4954
0.003071 4954
0.003072 4954
0.003073 4954
0.003074 4955
0.003075 4954
0.003076 4954
0.003077 4954
0.003078 4954
0.003079 4954
0.00308 4954
0.003081 4953
0.003082 4953
0.003083 4953
0.003084 4953
0.003085 4953
0.003086 4953
0.003087 4953
0.003088 4952
0.003089 4952
0.00309 4952
0.003091 4951
0.003092 4951
0.003093 4951
0.003094 4951
0.003095 4951
0.003096 4952
0.003097 4952
0.003098 4952
0.003099 4953
0.0031 4953
0.003101 4953
0.003102 4952
0.003103 4952
0.003104 4952
0.003105 4953
0.003106 4953
0.003107 4952
0.003108 4952
0.003109 4952
0.00311 4952
0.003111 4952
0.003112 4952
0.003113 4952
0.003114 4952
0.003115 4952
0.003116 4952
0.003117 4952
0.003118 4953
0.003119 4953
0.00312 4953
0.003121 4952
0.003122 4951
0.003123 4951
0.003124 4951
0.003125 4951
0.003126 4951
0.003127 4951
0.003128 4951
0.003129 4951
0.00313 4952
0.003131 4951
0.003132 4951
0.003133 4952
0.003134 4952
0.003135 4952
0.003136 4951
0.003137 4951
0.003138 4951
0.003139 4951
0.00314 4951
0.003141 4951
0.003142 4952
0.003143 4952
0.003144 4953
0.003145 4953
0.003146 4953
0.003147 4953
0.003148 4953
0.003149 4953
0.00315 4953
0.003151 4953
0.003152 4953
0.003153 4954
0.003154 4954
0.003155 4954
0.003156 4954
0.003157 4954
0.003158 4954
0.003159 4954
0.00316 4954
0.003161 4954
0.003162 4954
0.003163 4954
0.003164 4954
0.003165 4954
0.003166 4954
0.003167 4954
0.003168 4954
0.003169 4954
0.00317 4954
0.003171 4954
0.003172 4954
0.003173 4954
0.003174 4954
0.003175 4952
0.003176 4952
0.003177 4952
0.003178 4951
0.003179 4951
0.00318 4951
0.003181 4951
0.003182 4951
0.003183 4951
0.003184 4950
0.003185 4950
0.003186 4951
0.003187 4951
0.003188 4951
0.003189 4952
0.00319 4952
0.003191 4952
0.003192 4952
0.003193 4952
0.003194 4952
0.003195 4952
0.003196 4952
0.003197 4952
0.003198 4952
0.003199 4952
0.0032 4951
0.003201 4951
0.003202 4951
0.003203 4951
0.003204 4951
0.003205 4951
0.003206 4951
0.003207 4951
0.003208 4951
0.003209 4951
0.00321 4951
0.003211 4951
0.003212 4950
0.003213 4950
0.003214 4950
0.003215 4950
0.003216 4950
0.003217 4950
0.003218 4950
0.003219 4950
0.00322 4950
0.003221 4949
0.003222 4949
0.003223 4949
0.003224 4950
0.003225 4950
0.003226 4951
0.003227 4951
0.003228 4951
0.003229 4950
0.00323 4950
0.003231 4950
0.003232 4950
0.003233 4950
0.003234 4949
0.003235 4949
0.003236 4949
0.003237 4949
0.003238 4950
0.003239 4950
0.00324 4950
0.003241 4950
0.003242 4950
0.003243 4950
0.003244 4949
0.003245 4949
0.003246 4949
0.003247 4949
0.003248 4949
0.003249 4949
0.00325 4949
0.003251 4949
0.003252 4949
0.003253 4949
0.003254 4950
0.003255 4950
0.003256 4950
0.003257 4950
0.003258 4951
0.003259 4951
0.00326 4951
0.003261 4951
0.003262 4951
0.003263 4952
0.003264 4952
0.003265 4952
0.003266 4954
0.003267 4954
0.003268 4954
0.003269 4955
0.00327 4955
0.003271 4955
0.003272 4955
0.003273 4955
0.003274 4956
0.003275 4956
0.003276 4957
0.003277 4957
0.003278 4956
0.003279 4956
0.00328 4956
0.003281 4957
0.003282 4957
0.003283 4957
0.003284 4957
0.003285 4957
0.003286 4957
0.003287 4958
0.003288 4958
0.003289 4958
0.00329 4958
0.003291 4957
0.003292 4958
0.003293 4958
0.003294 4958
0.003295 4958
0.003296 4957
0.003297 4957
0.003298 4957
0.003299 4957
0.0033 4956
0.003301 4956
0.003302 4956
0.003303 4956
0.003304 4956
0.003305 4956
0.003306 4956
0.003307 4957
0.003308 4957
0.003309 4957
0.00331 4956
0.003311 4955
0.003312 4954
0.003313 4954
0.003314 4954
0.003315 4954
0.003316 4954
0.003317 4955
0.003318 4955
0.003319 4956
0.00332 4956
0.003321 4956
0.003322 4956
0.003323 4955
0.003324 4953
0.003325 4953
0.003326 4953
0.003327 4953
0.003328 4953
0.003329 4953
0.00333 4951
0.003331 4951
0.003332 4951
0.003333 4951
0.003334 4951
0.003335 4951
0.003336 4951
0.003337 4951
0.003338 4951
0.003339 4951
0.00334 4951
0.003341 4952
0.003342 4951
0.003343 4951
0.003344 4952
0.003345 4951
0.003346 4951
0.003347 4951
0.003348 4951
0.003349 4951
0.00335 4951
0.003351 4951
0.003352 4951
0.003353 4952
0.003354 4952
0.003355 4952
0.003356 4953
0.003357 4952
0.003358 4952
0.003359 4952
0.00336 4952
0.003361 4952
0.003362 4952
0.003363 4951
0.003364 4951
0.003365 4951
0.003366 4950
0.003367 4949
0.003368 4950
0.003369 4950
0.00337 4950
0.003371 4950
0.003372 4952
0.003373 4952
0.003374 4952
0.003375 4952
0.003376 4952
0.003377 4952
0.003378 4951
0.003379 4952
0.00338 4952
0.003381 4952
0.003382 4952
0.003383 4952
0.003384 4950
0.003385 4950
0.003386 4949
0.003387 4949
0.003388 4949
0.003389 4951
0.00339 4951
0.003391 4951
0.003392 4951
0.003393 4952
0.003394 4952
0.003395 4952
0.003396 4952
0.003397 4952
0.003398 4952
0.003399 4950
0.0034 4950
0.003401 4950
0.003402 4949
0.003403 4948
0.003404 4948
0.003405 4949
0.003406 4949
0.003407 4949
0.003408 4949
0.003409 4949
0.00341 4949
0.003411 4949
0.003412 4949
0.003413 4949
0.003414 4949
0.003415 4950
0.003416 4950
0.003417 4950
0.003418 4950
0.003419 4950
0.00342 4951
0.003421 4951
0.003422 4952
0.003423 4952
0.003424 4951
0.003425 4951
0.003426 4951
0.003427 4952
0.003428 4952
0.003429 4953
0.00343 4953
0.003431 4952
0.003432 4952
0.003433 4952
0.003434 4952
0.003435 4952
0.003436 4953
0.003437 4952
0.003438 4952
0.003439 4952
0.00344 4952
0.003441 4952
0.003442 4952
0.003443 4953
0.003444 4954
0.003445 4954
0.003446 4955
0.003447 4954
0.003448 4955
0.003449 4954
0.00345 4954
0.003451 4953
0.003452 4953
0.003453 4953
0.003454 4954
0.003455 4953
0.003456 4953
0.003457 4953
0.003458 4954
0.003459 4954
0.00346 4954
0.003461 4954
0.003462 4954
0.003463 4953
0.003464 4953
0.003465 4953
0.003466 4953
0.003467 4954
0.003468 4954
0.003469 4955
0.00347 4956
0.003471 4956
0.003472 4956
0.003473 4956
0.003474 4957
0.003475 4956
0.003476 4956
0.003477 4956
0.003478 4956
0.003479 4956
0.00348 4956
0.003481 4957
0.003482 4957
0.003483 4957
0.003484 4957
0.003485 4957
0.003486 4957
0.003487 4957
0.003488 4957
0.003489 4957
0.00349 4957
0.003491 4956
0.003492 4956
0.003493 4956
0.003494 4956
0.003495 4955
0.003496 4955
0.003497 4955
0.003498 4956
0.003499 4956
0.0035 4956
0.003501 4956
0.003502 4956
0.003503 4956
0.003504 4956
0.003505 4956
0.003506 4956
0.003507 4956
0.003508 4956
0.003509 4956
0.00351 4956
0.003511 4956
0.003512 4955
0.003513 4955
0.003514 4955
0.003515 4955
0.003516 4956
0.003517 4956
0.003518 4955
0.003519 4955
0.00352 4955
0.003521 4955
0.003522 4955
0.003523 4955
0.003524 4956
0.003525 4957
0.003526 4957
0.003527 4957
0.003528 4955
0.003529 4955
0.00353 4955
0.003531 4956
0.003532 4957
0.003533 4957
0.003534 4958
0.003535 4958
0.003536 4959
0.003537 4959
0.003538 4960
0.003539 4960
0.00354 4961
0.003541 4961
0.003542 4961
0.003543 4960
0.003544 4961
0.003545 4961
0.003546 4961
0.003547 4961
0.003548 4964
0.003549 4964
0.00355 4964
0.003551 4965
0.003552 4965
0.003553 4965
0.003554 4965
0.003555 4965
0.003556 4965
0.003557 4965
0.003558 4965
0.003559 4964
0.00356 4964
0.003561 4964
0.003562 4964
0.003563 4964
0.003564 4964
0.003565 4964
0.003566 4964
0.003567 4966
0.003568 4966
0.003569 4966
0.00357 4965
0.003571 4966
0.003572 4966
0.003573 4966
0.003574 4966
0.003575 4966
0.003576 4966
0.003577 4967
0.003578 4966
0.003579 4966
0.00358 4966
0.003581 4966
0.003582 4966
0.003583 4965
0.003584 4965
0.003585 4965
0.003586 4965
0.003587 4965
0.003588 4965
0.003589 4965
0.00359 4965
0.003591 4965
0.003592 4965
0.003593 4966
0.003594 4966
0.003595 4966
0.003596 4967
0.003597 4966
0.003598 4967
0.003599 4967
0.0036 4967
0.003601 4966
0.003602 4964
0.003603 4964
0.003604 4964
0.003605 4964
0.003606 4963
0.003607 4964
0.003608 4964
0.003609 4964
0.00361 4963
0.003611 4963
0.003612 4962
0.003613 4962
0.003614 4962
0.003615 4962
0.003616 4962
0.003617 4962
0.003618 4962
0.003619 4962
0.00362 4961
0.003621 4961
0.003622 4961
0.003623 4958
0.003624 4958
0.003625 4957
0.003626 4958
0.003627 4958
0.003628 4958
0.003629 4958
0.00363 4958
0.003631 4958
0.003632 4958
0.003633 4958
0.003634 4958
0.003635 4958
0.003636 4958
0.003637 4958
0.003638 4957
0.003639 4957
0.00364 4957
0.003641 4957
0.003642 4957
0.003643 4957
0.003644 4957
0.003645 4957
0.003646 4957
0.003647 4958
0.003648 4958
0.003649 4958
0.00365 4957
0.003651 4957
0.003652 4957
0.003653 4958
0.003654 4958
0.003655 4958
0.003656 4958
0.003657 4958
0.003658 4959
0.003659 4958
0.00366 4958
0.003661 4958
0.003662 4959
0.003663 4960
0.003664 4960
0.003665 4960
0.003666 4960
0.003667 4960
0.003668 4961
0.003669 4961
0.00367 4961
0.003671 4961
0.003672 4960
0.003673 4960
0.003674 4960
0.003675 4960
0.003676 4961
0.003677 4961
0.003678 4961
0.003679 4962
0.00368 4962
0.003681 4962
0.003682 4962
0.003683 4962
0.003684 4962
0.003685 4961
0.003686 4961
0.003687 4961
0.003688 4962
0.003689 4962
0.00369 4961
0.003691 4961
0.003692 4962
0.003693 4962
0.003694 4962
0.003695 4962
0.003696 4962
0.003697 4962
0.003698 4962
0.003699 4962
0.0037 4962
0.003701 4962
0.003702 4962
0.003703 4962
0.003704 4962
0.003705 4962
0.003706 4962
0.003707 4962
0.003708 4963
0.003709 4964
0.00371 4964
0.003711 4964
0.003712 4963
0.003713 4963
0.003714 4962
0.003715 4963
0.003716 4964
0.003717 4964
0.003718 4964
0.003719 4964
0.00372 4965
0.003721 4964
0.003722 4966
0.003723 4966
0.003724 4966
0.003725 4966
0.003726 4967
0.003727 4967
0.003728 4967
0.003729 4967
0.00373 4968
0.003731 4968
0.003732 4968
0.003733 4968
0.003734 4968
0.003735 4968
0.003736 4969
0.003737 4969
0.003738 4968
0.003739 4968
0.00374 4969
0.003741 4971
0.003742 4972
0.003743 4972
0.003744 4972
0.003745 4972
0.003746 4972
0.003747 4972
0.003748 4972
0.003749 4974
0.00375 4974
0.003751 4974
0.003752 4973
0.003753 4972
0.003754 4972
0.003755 4972
0.003756 4972
0.003757 4971
0.003758 4971
0.003759 4971
0.00376 4971
0.003761 4971
0.003762 4972
0.003763 4972
0.003764 4972
0.003765 4972
0.003766 4972
0.003767 4972
0.003768 4972
0.003769 4971
0.00377 4971
0.003771 4971
0.003772 4970
0.003773 4970
0.003774 4970
0.003775 4970
0.003776 4970
0.003777 4970
0.003778 4970
0.003779 4970
0.00378 4969
0.003781 4969
0.003782 4969
0.003783 4969
0.003784 4968
0.003785 4968
0.003786 4968
0.003787 4968
0.003788 4968
0.003789 4968
0.00379 4969
0.003791 4969
0.003792 4969
0.003793 4970
0.003794 4969
0.003795 4968
0.003796 4967
0.003797 4967
0.003798 4967
0.003799 4967
0.0038 4967
0.003801 4966
0.003802 4967
0.003803 4969
0.003804 4969
0.003805 4969
0.003806 4969
0.003807 4969
0.003808 4969
0.003809 4969
0.00381 4969
0.003811 4969
0.003812 4969
0.003813 4968
0.003814 4969
0.003815 4970
0.003816 4970
0.003817 4970
0.003818 4970
0.003819 4968
0.00382 4968
0.003821 4969
0.003822 4969
0.003823 4969
0.003824 4968
0.003825 4969
0.003826 4969
0.003827 4969
0.003828 4969
0.003829 4969
0.00383 4971
0.003831 4970
0.003832 4970
0.003833 4970
0.003834 4970
0.003835 4970
0.003836 4969
0.003837 4968
0.003838 4968
0.003839 4968
0.00384 4968
0.003841 4966
0.003842 4966
0.003843 4966
0.003844 4965
0.003845 4966
0.003846 4966
0.003847 4966
0.003848 4967
0.003849 4967
0.00385 4967
0.003851 4967
0.003852 4966
0.003853 4966
0.003854 4967
0.003855 4967
0.003856 4967
0.003857 4967
0.003858 4967
0.003859 4965
0.00386 4966
0.003861 4966
0.003862 4966
0.003863 4966
0.003864 4966
0.003865 4967
0.003866 4968
0.003867 4968
0.003868 4968
0.003869 4968
0.00387 4968
0.003871 4968
0.003872 4968
0.003873 4970
0.003874 4969
0.003875 4970
0.003876 4970
0.003877 4970
0.003878 4970
0.003879 4970
0.00388 4970
0.003881 4969
0.003882 4968
0.003883 4968
0.003884 4968
0.003885 4968
0.003886 4968
0.003887 4967
0.003888 4967
0.003889 4967
0.00389 4967
0.003891 4967
0.003892 4968
0.003893 4968
0.003894 4968
0.003895 4968
0.003896 4968
0.003897 4967
0.003898 4966
0.003899 4967
0.0039 4967
0.003901 4967
0.003902 4967
0.003903 4967
0.003904 4967
0.003905 4968
0.003906 4968
0.003907 4968
0.003908 4968
0.003909 4968
0.00391 4967
0.003911 4966
0.003912 4966
0.003913 4965
0.003914 4964
0.003915 4964
0.003916 4963
0.003917 4962
0.003918 4962
0.003919 4965
0.00392 4965
0.003921 4965
0.003922 4966
0.003923 4966
0.003924 4966
0.003925 4966
0.003926 4965
0.003927 4966
0.003928 4965
0.003929 4965
0.00393 4964
0.003931 4963
0.003932 4963
0.003933 4962
0.003934 4962
0.003935 4962
0.003936 4962
0.003937 4963
0.003938 4963
0.003939 4963
0.00394 4963
0.003941 4963
0.003942 4963
0.003943 4963
0.003944 4963
0.003945 4963
0.003946 4962
0.003947 4962
0.003948 4961
0.003949 4960
0.00395 4960
0.003951 4962
0.003952 4961
0.003953 4961
0.003954 4961
0.003955 4961
0.003956 4961
0.003957 4961
0.003958 4962
0.003959 4962
0.00396 4962
0.003961 4964
0.003962 4966
0.003963 4966
0.003964 4965
0.003965 4965
0.003966 4965
0.003967 4965
0.003968 4965
0.003969 4964
0.00397 4964
0.003971 4964
0.003972 4964
0.003973 4964
0.003974 4964
0.003975 4963
0.003976 4963
0.003977 4963
0.003978 4963
0.003979 4963
0.00398 4964
0.003981 4964
0.003982 4963
0.003983 4962
0.003984 4961
0.003985 4960
0.003986 4961
0.003987 4961
0.003988 4961
0.003989 4961
0.00399 4961
0.003991 4961
0.003992 4960
0.003993 4961
0.003994 4961
0.003995 4961
0.003996 4961
0.003997 4961
0.003998 4960
0.003999 4961
0.004 4961
0.004001 4961
0.004002 4961
0.004003 4962
0.004004 4961
0.004005 4962
0.004006 4962
0.004007 4962
0.004008 4962
0.004009 4962
0.00401 4962
0.004011 4962
0.004012 4961
0.004013 4961
0.004014 4962
0.004015 4961
0.004016 4961
0.004017 4961
0.004018 4961
0.004019 4960
0.00402 4960
0.004021 4960
0.004022 4960
0.004023 4960
0.004024 4961
0.004025 4961
0.004026 4962
0.004027 4962
0.004028 4961
0.004029 4962
0.00403 4962
0.004031 4962
0.004032 4961
0.004033 4962
0.004034 4962
0.004035 4962
0.004036 4962
0.004037 4962
0.004038 4962
0.004039 4961
0.00404 4960
0.004041 4960
0.004042 4960
0.004043 4960
0.004044 4959
0.004045 4959
0.004046 4959
0.004047 4959
0.004048 4959
0.004049 4959
0.00405 4959
0.004051 4959
0.004052 4959
0.004053 4959
0.004054 4959
0.004055 4959
0.004056 4959
0.004057 4959
0.004058 4960
0.004059 4960
0.00406 4960
0.004061 4959
0.004062 4959
0.004063 4959
0.004064 4959
0.004065 4959
0.004066 4959
0.004067 4958
0.004068 4958
0.004069 4958
0.00407 4958
0.004071 4958
0.004072 4958
0.004073 4958
0.004074 4958
0.004075 4958
0.004076 4958
0.004077 4958
0.004078 4958
0.004079 4958
0.00408 4958
0.004081 4958
0.004082 4958
0.004083 4958
0.004084 4959
0.004085 4959
0.004086 4958
0.004087 4958
0.004088 4958
0.004089 4958
0.00409 4958
0.004091 4958
0.004092 4957
0.004093 4958
0.004094 4958
0.004095 4958
0.004096 4957
0.004097 4957
0.004098 4957
0.004099 4955
0.0041 4955
0.004101 4955
0.004102 4955
0.004103 4955
0.004104 4955
0.004105 4955
0.004106 4956
0.004107 4956
0.004108 4956
0.004109 4955
0.00411 4955
0.004111 4954
0.004112 4955
0.004113 4955
0.004114 4956
0.004115 4956
0.004116 4956
0.004117 4956
0.004118 4957
0.004119 4957
0.00412 4956
0.004121 4955
0.004122 4955
0.004123 4955
0.004124 4955
0.004125 4955
0.004126 4955
0.004127 4955
0.004128 4953
0.004129 4954
0.00413 4954
0.004131 4953
0.004132 4954
0.004133 4954
0.004134 4954
0.004135 4954
0.004136 4954
0.004137 4954
0.004138 4953
0.004139 4953
0.00414 4954
0.004141 4953
0.004142 4952
0.004143 4952
0.004144 4952
0.004145 4952
0.004146 4951
0.004147 4952
0.004148 4953
0.004149 4953
0.00415 4953
0.004151 4953
0.004152 4953
0.004153 4953
0.004154 4953
0.004155 4953
0.004156 4953
0.004157 4953
0.004158 4953
0.004159 4955
0.00416 4956
0.004161 4956
0.004162 4956
0.004163 4956
0.004164 4956
0.004165 4956
0.004166 4957
0.004167 4957
0.004168 4957
0.004169 4957
0.00417 4956
0.004171 4956
0.004172 4954
0.004173 4954
0.004174 4954
0.004175 4954
0.004176 4954
0.004177 4955
0.004178 4954
0.004179 4953
0.00418 4953
0.004181 4952
0.004182 4952
0.004183 4952
0.004184 4952
0.004185 4951
0.004186 4950
0.004187 4950
0.004188 4950
0.004189 4950
0.00419 4951
0.004191 4951
0.004192 4952
0.004193 4951
0.004194 4951
0.004195 4951
0.004196 4951
0.004197 4952
0.004198 4952
0.004199 4952
0.0042 4952
0.004201 4952
0.004202 4952
0.004203 4952
0.004204 4951
0.004205 4950
0.004206 4951
0.004207 4951
0.004208 4952
0.004209 4951
0.00421 4951
0.004211 4952
0.004212 4953
0.004213 4953
0.004214 4953
0.004215 4953
0.004216 4952
0.004217 4952
0.004218 4952
0.004219 4953
0.00422 4952
0.004221 4952
0.004222 4952
0.004223 4951
0.004224 4951
0.004225 4951
0.004226 4951
0.004227 4951
0.004228 4951
0.004229 4950
0.00423 4950
0.004231 4950
0.004232 4950
0.004233 4950
0.004234 4949
0.004235 4949
0.004236 4949
0.004237 4949
0.004238 4949
0.004239 4949
0.00424 4949
0.004241 4949
0.004242 4949
0.004243 4950
0.004244 4951
0.004245 4951
0.004246 4951
0.004247 4952
0.004248 4952
0.004249 4952
0.00425 4953
0.004251 4953
0.004252 4954
0.004253 4954
0.004254 4954
0.004255 4953
0.004256 4953
0.004257 4953
0.004258 4954
0.004259 4956
0.00426 4957
0.004261 4957
0.004262 4957
0.004263 4957
0.004264 4957
0.004265 4957
0.004266 4955
0.004267 4955
0.004268 4955
0.004269 4955
0.00427 4955
0.004271 4955
0.004272 4955
0.004273 4957
0.004274 4957
0.004275 4957
0.004276 4957
0.004277 4957
0.004278 4957
0.004279 4957
0.00428 4957
0.004281 4958
0.004282 4958
0.004283 4959
0.004284 4959
0.004285 4959
0.004286 4959
0.004287 4960
0.004288 4960
0.004289 4961
0.00429 4961
0.004291 4960
0.004292 4960
0.004293 4960
0.004294 4960
0.004295 4960
0.004296 4960
0.004297 4961
0.004298 4961
0.004299 4961
0.0043 4961
0.004301 4961
0.004302 4962
0.004303 4960
0.004304 4960
0.004305 4960
0.004306 4960
0.004307 4960
0.004308 4960
0.004309 4960
0.00431 4960
0.004311 4961
0.004312 4962
0.004313 4962
0.004314 4962
0.004315 4962
0.004316 4962
0.004317 4962
0.004318 4963
0.004319 4963
0.00432 4963
0.004321 4963
0.004322 4963
0.004323 4963
0.004324 4963
0.004325 4963
0.004326 4962
0.004327 4963
0.004328 4961
0.004329 4961
0.00433 4961
0.004331 4961
0.004332 4961
0.004333 4961
0.004334 4962
0.004335 4962
0.004336 4962
0.004337 4962
0.004338 4962
0.004339 4961
0.00434 4961
0.004341 4961
0.004342 4961
0.004343 4961
0.004344 4961
0.004345 4961
0.004346 4963
0.004347 4963
0.004348 4962
0.004349 4963
0.00435 4963
0.004351 4963
0.004352 4963
0.004353 4963
0.004354 4963
0.004355 4963
0.004356 4963
0.004357 4963
0.004358 4962
0.004359 4962
0.00436 4962
0.004361 4962
0.004362 4962
0.004363 4962
0.004364 4965
0.004365 4963
0.004366 4963
0.004367 4963
0.004368 4963
0.004369 4963
0.00437 4964
0.004371 4964
0.004372 4964
0.004373 4964
0.004374 4964
0.004375 4964
0.004376 4964
0.004377 4963
0.004378 4963
0.004379 4962
0.00438 4963
0.004381 4964
0.004382 4964
0.004383 4964
0.004384 4963
0.004385 4963
0.004386 4963
0.004387 4963
0.004388 4963
0.004389 4962
0.00439 4962
0.004391 4962
0.004392 4963
0.004393 4963
0.004394 4964
0.004395 4964
0.004396 4964
0.004397 4965
0.004398 4965
0.004399 4965
0.0044 4965
0.004401 4965
0.004402 4965
0.004403 4965
0.004404 4965
0.004405 4965
0.004406 4965
0.004407 4965
0.004408 4966
0.004409 4966
0.00441 4966
0.004411 4965
0.004412 4965
0.004413 4966
0.004414 4966
0.004415 4967
0.004416 4967
0.004417 4967
0.004418 4967
0.004419 4967
0.00442 4967
0.004421 4966
0.004422 4966
0.004423 4966
0.004424 4966
0.004425 4966
0.004426 4966
0.004427 4966
0.004428 4967
0.004429 4967
0.00443 4967
0.004431 4967
0.004432 4967
0.004433 4967
0.004434 4968
0.004435 4967
0.004436 4966
0.004437 4966
0.004438 4966
0.004439 4966
0.00444 4965
0.004441 4964
0.004442 4964
0.004443 4964
0.004444 4964
0.004445 4964
0.004446 4964
0.004447 4964
0.004448 4965
0.004449 4964
0.00445 4964
0.004451 4964
0.004452 4964
0.004453 4964
0.004454 4965
0.004455 4965
0.004456 4965
0.004457 4964
0.004458 4964
0.004459 4964
0.00446 4964
0.004461 4964
0.004462 4963
0.004463 4963
0.004464 4963
0.004465 4962
0.004466 4962
0.004467 4962
0.004468 4962
0.004469 4963
0.00447 4963
0.004471 4962
0.004472 4963
0.004473 4963
0.004474 4963
0.004475 4963
0.004476 4964
0.004477 4964
0.004478 4964
0.004479 4963
0.00448 4963
0.004481 4963
0.004482 4963
0.004483 4963
0.004484 4962
0.004485 4962
0.004486 4962
0.004487 4962
0.004488 4962
0.004489 4962
0.00449 4962
0.004491 4962
0.004492 4962
0.004493 4962
0.004494 4962
0.004495 4962
0.004496 4962
0.004497 4962
0.004498 4963
0.004499 4963
0.0045 4963
0.004501 4963
0.004502 4963
0.004503 4963
0.004504 4963
0.004505 4962
0.004506 4961
0.004507 4962
0.004508 4961
0.004509 4960
0.00451 4960
0.004511 4960
0.004512 4960
0.004513 4960
0.004514 4960
0.004515 4959
0.004516 4959
0.004517 4958
0.004518 4958
0.004519 4957
0.00452 4959
0.004521 4959
0.004522 4959
0.004523 4959
0.004524 4959
0.004525 4960
0.004526 4960
0.004527 4960
0.004528 4960
0.004529 4960
0.00453 4960
0.004531 4959
0.004532 4959
0.004533 4959
0.004534 4959
0.004535 4959
0.004536 4959
0.004537 4959
0.004538 4959
0.004539 4959
0.00454 4959
0.004541 4958
0.004542 4958
0.004543 4960
0.004544 4960
0.004545 4960
0.004546 4959
0.004547 4959
0.004548 4959
0.004549 4959
0.00455 4958
0.004551 4957
0.004552 4956
0.004553 4956
0.004554 4958
0.004555 4958
0.004556 4958
0.004557 4958
0.004558 4958
0.004559 4958
0.00456 4958
0.004561 4958
0.004562 4958
0.004563 4960
0.004564 4960
0.004565 4960
0.004566 4960
0.004567 4960
0.004568 4960
0.004569 4960
0.00457 4960
0.004571 4960
0.004572 4960
0.004573 4960
0.004574 4960
0.004575 4960
0.004576 4960
0.004577 4960
0.004578 4960
0.004579 4959
0.00458 4959
0.004581 4959
0.004582 4959
0.004583 4959
0.004584 4959
0.004585 4959
0.004586 4960
0.004587 4962
0.004588 4961
0.004589 4962
0.00459 4961
0.004591 4960
0.004592 4960
0.004593 4960
0.004594 4961
0.004595 4961
0.004596 4960
0.004597 4960
0.004598 4960
0.004599 4958
0.0046 4958
0.004601 4958
0.004602 4958
0.004603 4959
0.004604 4957
0.004605 4957
0.004606 4958
0.004607 4957
0.004608 4957
0.004609 4957
0.00461 4957
0.004611 4956
0.004612 4955
0.004613 4955
0.004614 4955
0.004615 4955
0.004616 4955
0.004617 4955
0.004618 4955
0.004619 4955
0.00462 4956
0.004621 4956
0.004622 4955
0.004623 4956
0.004624 4956
0.004625 4956
0.004626 4957
0.004627 4957
0.004628 4957
0.004629 4957
0.00463 4957
0.004631 4957
0.004632 4957
0.004633 4957
0.004634 4957
0.004635 4957
0.004636 4957
0.004637 4958
0.004638 4957
0.004639 4956
0.00464 4956
0.004641 4956
0.004642 4956
0.004643 4956
0.004644 4956
0.004645 4957
0.004646 4957
0.004647 4957
0.004648 4957
0.004649 4956
0.00465 4955
0.004651 4956
0.004652 4956
0.004653 4956
0.004654 4956
0.004655 4956
0.004656 4956
0.004657 4956
0.004658 4956
0.004659 4956
0.00466 4956
0.004661 4955
0.004662 4955
0.004663 4955
0.004664 4955
0.004665 4953
0.004666 4955
0.004667 4954
0.004668 4953
0.004669 4953
0.00467 4951
0.004671 4951
0.004672 4951
0.004673 4951
0.004674 4951
0.004675 4951
0.004676 4950
0.004677 4950
0.004678 4950
0.004679 4950
0.00468 4951
0.004681 4951
0.004682 4951
0.004683 4951
0.004684 4951
0.004685 4951
0.004686 4951
0.004687 4951
0.004688 4951
0.004689 4952
0.00469 4952
0.004691 4952
0.004692 4952
0.004693 4952
0.004694 4953
0.004695 4953
0.004696 4953
0.004697 4952
0.004698 4952
0.004699 4952
0.0047 4952
0.004701 4952
0.004702 4952
0.004703 4954
0.004704 4953
0.004705 4952
0.004706 4952
0.004707 4952
0.004708 4952
0.004709 4952
0.00471 4952
0.004711 4952
0.004712 4952
0.004713 4952
0.004714 4952
0.004715 4951
0.004716 4951
0.004717 4951
0.004718 4951
0.004719 4951
0.00472 4952
0.004721 4952
0.004722 4952
0.004723 4952
0.004724 4952
0.004725 4951
0.004726 4951
0.004727 4951
0.004728 4951
0.004729 4951
0.00473 4953
0.004731 4952
0.004732 4953
0.004733 4954
0.004734 4954
0.004735 4953
0.004736 4953
0.004737 4953
0.004738 4952
0.004739 4952
0.00474 4952
0.004741 4952
0.004742 4952
0.004743 4952
0.004744 4952
0.004745 4952
0.004746 4952
0.004747 4952
0.004748 4952
0.004749 4952
0.00475 4952
0.004751 4953
0.004752 4953
0.004753 4953
0.004754 4953
0.004755 4953
0.004756 4953
0.004757 4953
0.004758 4953
0.004759 4952
0.00476 4952
0.004761 4952
0.004762 4952
0.004763 4951
0.004764 4951
0.004765 4951
0.004766 4951
0.004767 4951
0.004768 4951
0.004769 4951
0.00477 4951
0.004771 4952
0.004772 4954
0.004773 4954
0.004774 4954
0.004775 4954
0.004776 4954
0.004777 4954
0.004778 4954
0.004779 4953
0.00478 4953
0.004781 4953
0.004782 4953
0.004783 4952
0.004784 4951
0.004785 4951
0.004786 4951
0.004787 4951
0.004788 4951
0.004789 4951
0.00479 4951
0.004791 4951
0.004792 4951
0.004793 4951
0.004794 4951
0.004795 4951
0.004796 4951
0.004797 4951
0.004798 4951
0.004799 4951
0.0048 4951
0.004801 4951
0.004802 4951
0.004803 4951
0.004804 4950
0.004805 4951
0.004806 4951
0.004807 4951
0.004808 4951
0.004809 4951
0.00481 4951
0.004811 4951
0.004812 4951
0.004813 4951
0.004814 4950
0.004815 4951
0.004816 4951
0.004817 4951
0.004818 4951
0.004819 4950
0.00482 4950
0.004821 4950
0.004822 4949
0.004823 4949
0.004824 4949
0.004825 4949
0.004826 4949
0.004827 4949
0.004828 4949
0.004829 4948
0.00483 4948
0.004831 4948
0.004832 4947
0.004833 4947
0.004834 4947
0.004835 4947
0.004836 4947
0.004837 4946
0.004838 4946
0.004839 4946
0.00484 4946
0.004841 4946
0.004842 4946
0.004843 4946
0.004844 4946
0.004845 4946
0.004846 4946
0.004847 4945
0.004848 4945
0.004849 4945
0.00485 4945
0.004851 4945
0.004852 4944
0.004853 4944
0.004854 4944
0.004855 4944
0.004856 4944
0.004857 4943
0.004858 4943
0.004859 4943
0.00486 4943
0.004861 4943
0.004862 4943
0.004863 4943
0.004864 4943
0.004865 4943
0.004866 4943
0.004867 4943
0.004868 4944
0.004869 4945
0.00487 4945
0.004871 4945
0.004872 4945
0.004873 4945
0.004874 4944
0.004875 4944
0.004876 4944
0.004877 4945
0.004878 4946
0.004879 4945
0.00488 4945
0.004881 4945
0.004882 4945
0.004883 4946
0.004884 4947
0.004885 4947
0.004886 4947
0.004887 4947
0.004888 4946
0.004889 4947
0.00489 4947
0.004891 4947
0.004892 4946
0.004893 4946
0.004894 4945
0.004895 4945
0.004896 4945
0.004897 4945
0.004898 4945
0.004899 4945
0.0049 4945
0.004901 4945
0.004902 4945
0.004903 4945
0.004904 4946
0.004905 4945
0.004906 4945
0.004907 4945
0.004908 4945
0.004909 4945
0.00491 4946
0.004911 4946
0.004912 4946
0.004913 4946
0.004914 4946
0.004915 4946
0.004916 4946
0.004917 4946
0.004918 4946
0.004919 4947
0.00492 4947
0.004921 4947
0.004922 4947
0.004923 4947
0.004924 4947
0.004925 4947
0.004926 4947
0.004927 4947
0.004928 4947
0.004929 4946
0.00493 4946
0.004931 4946
0.004932 4946
0.004933 4946
0.004934 4945
0.004935 4946
0.004936 4946
0.004937 4946
0.004938 4946
0.004939 4946
0.00494 4946
0.004941 4947
0.004942 4947
0.004943 4948
0.004944 4947
0.004945 4947
0.004946 4947
0.004947 4947
0.004948 4947
0.004949 4948
0.00495 4948
0.004951 4947
0.004952 4947
0.004953 4947
0.004954 4947
0.004955 4947
0.004956 4947
0.004957 4947
0.004958 4948
0.004959 4948
0.00496 4947
0.004961 4947
0.004962 4947
0.004963 4948
0.004964 4948
0.004965 4948
0.004966 4948
0.004967 4947
0.004968 4947
0.004969 4947
0.00497 4947
0.004971 4946
0.004972 4947
0.004973 4947
0.004974 4947
0.004975 4947
0.004976 4947
0.004977 4947
0.004978 4947
0.004979 4947
0.00498 4947
0.004981 4947
0.004982 4948
0.004983 4948
0.004984 4949
0.004985 4949
0.004986 4948
0.004987 4948
0.004988 4948
0.004989 4948
0.00499 4949
0.004991 4949
0.004992 4949
0.004993 4949
0.004994 4950
0.004995 4950
0.004996 4951
0.004997 4950
0.004998 4950
0.004999 4950
0.005 4951
