0 5322
1e-06 5282
2e-06 5251
3e-06 5216
4e-06 5172
5e-06 5141
6e-06 5094
7e-06 5062
8e-06 5025
9e-06 4984
1e-05 4955
1.1e-05 4925
1.2e-05 4894
1.3e-05 4863
1.4e-05 4819
1.5e-05 4792
1.6e-05 4753
1.7e-05 4723
1.8e-05 4690
1.9e-05 4649
2e-05 4617
2.1e-05 4585
2.2e-05 4553
2.3e-05 4528
2.4e-05 4492
2.5e-05 4465
2.6e-05 4432
2.7e-05 4402
2.8e-05 4378
2.9e-05 4355
3e-05 4319
3.1e-05 4295
3.2e-05 4261
3.3e-05 4233
3.4e-05 4206
3.5e-05 4173
3.6e-05 4149
3.7e-05 4114
3.8e-05 4095
3.9e-05 4073
4e-05 4044
4.1e-05 4022
4.2e-05 3991
4.3e-05 3965
4.4e-05 3935
4.5e-05 3915
4.6e-05 3889
4.7e-05 3864
4.8e-05 3847
4.9e-05 3828
5e-05 3804
5.1e-05 3784
5.2e-05 3756
5.3e-05 3735
5.4e-05 3705
5.5e-05 3685
5.6e-05 3658
5.7e-05 3637
5.8e-05 3617
5.9e-05 3599
6e-05 3574
6.1e-05 3550
6.2e-05 3529
6.3e-05 3512
6.4e-05 3494
6.5e-05 3478
6.6e-05 3462
6.7e-05 3440
6.8e-05 3419
6.9e-05 3397
7e-05 3375
7.1e-05 3351
7.2e-05 3325
7.3e-05 3303
7.4e-05 3281
7.5e-05 3260
7.6e-05 3234
7.7e-05 3211
7.8e-05 3188
7.9e-05 3176
8e-05 3163
8.1e-05 3147
8.2e-05 3125
8.3e-05 3108
8.4e-05 3088
8.5e-05 3065
8.6e-05 3043
8.7e-05 3031
8.8e-05 3008
8.9e-05 2984
9e-05 2958
9.1e-05 2937
9.2e-05 2912
9.3e-05 2893
9.4e-05 2871
9.5e-05 2851
9.6e-05 2837
9.7e-05 2818
9.8e-05 2797
9.9e-05 2772
0.0001 2754
0.000101 2732
0.000102 2716
0.000103 2695
0.000104 2670
0.000105 2662
0.000106 2642
0.000107 2623
0.000108 2600
0.000109 2587
0.00011 2569
0.000111 2555
0.000112 2547
0.000113 2528
0.000114 2507
0.000115 2493
0.000116 2483
0.000117 2463
0.000118 2442
0.000119 2428
0.00012 2412
0.000121 2394
0.000122 2383
0.000123 2370
0.000124 2356
0.000125 2338
0.000126 2320
0.000127 2308
0.000128 2296
0.000129 2279
0.00013 2259
0.000131 2251
0.000132 2240
0.000133 2224
0.000134 2207
0.000135 2197
0.000136 2189
0.000137 2177
0.000138 2158
0.000139 2145
0.00014 2131
0.000141 2118
0.000142 2106
0.000143 2093
0.000144 2081
0.000145 2078
0.000146 2068
0.000147 2056
0.000148 2038
0.000149 2023
0.00015 2013
0.000151 2002
0.000152 1990
0.000153 1978
0.000154 1967
0.000155 1952
0.000156 1948
0.000157 1933
0.000158 1912
0.000159 1897
0.00016 1890
0.000161 1881
0.000162 1876
0.000163 1864
0.000164 1856
0.000165 1847
0.000166 1838
0.000167 1829
0.000168 1820
0.000169 1811
0.00017 1799
0.000171 1787
0.000172 1777
0.000173 1768
0.000174 1758
0.000175 1746
0.000176 1730
0.000177 1722
0.000178 1709
0.000179 1702
0.00018 1694
0.000181 1684
0.000182 1673
0.000183 1657
0.000184 1655
0.000185 1645
0.000186 1635
0.000187 1627
0.000188 1615
0.000189 1612
0.00019 1601
0.000191 1593
0.000192 1583
0.000193 1569
0.000194 1557
0.000195 1546
0.000196 1537
0.000197 1529
0.000198 1516
0.000199 1508
0.0002 1499
0.000201 1492
0.000202 1485
0.000203 1478
0.000204 1467
0.000205 1460
0.000206 1454
0.000207 1445
0.000208 1440
0.000209 1431
0.00021 1422
0.000211 1419
0.000212 1409
0.000213 1396
0.000214 1386
0.000215 1375
0.000216 1362
0.000217 1353
0.000218 1347
0.000219 1340
0.00022 1334
0.000221 1330
0.000222 1321
0.000223 1313
0.000224 1311
0.000225 1306
0.000226 1296
0.000227 1289
0.000228 1278
0.000229 1271
0.00023 1264
0.000231 1258
0.000232 1252
0.000233 1246
0.000234 1237
0.000235 1229
0.000236 1225
0.000237 1218
0.000238 1211
0.000239 1206
0.00024 1198
0.000241 1192
0.000242 1184
0.000243 1177
0.000244 1170
0.000245 1165
0.000246 1161
0.000247 1157
0.000248 1148
0.000249 1138
0.00025 1136
0.000251 1131
0.000252 1128
0.000253 1121
0.000254 1113
0.000255 1106
0.000256 1098
0.000257 1093
0.000258 1088
0.000259 1078
0.00026 1072
0.000261 1065
0.000262 1055
0.000263 1050
0.000264 1048
0.000265 1039
0.000266 1035
0.000267 1030
0.000268 1027
0.000269 1023
0.00027 1017
0.000271 1011
0.000272 1005
0.000273 998
0.000274 994
0.000275 990
0.000276 987
0.000277 973
0.000278 965
0.000279 958
0.00028 949
0.000281 947
0.000282 939
0.000283 937
0.000284 934
0.000285 929
0.000286 923
0.000287 921
0.000288 919
0.000289 914
0.00029 904
0.000291 898
0.000292 894
0.000293 892
0.000294 889
0.000295 881
0.000296 874
0.000297 868
0.000298 864
0.000299 859
0.0003 853
0.000301 848
0.000302 840
0.000303 831
0.000304 827
0.000305 824
0.000306 816
0.000307 815
0.000308 808
0.000309 804
0.00031 801
0.000311 795
0.000312 790
0.000313 787
0.000314 784
0.000315 775
0.000316 774
0.000317 772
0.000318 771
0.000319 769
0.00032 764
0.000321 761
0.000322 755
0.000323 753
0.000324 740
0.000325 734
0.000326 730
0.000327 726
0.000328 719
0.000329 718
0.00033 711
0.000331 703
0.000332 702
0.000333 698
0.000334 691
0.000335 690
0.000336 686
0.000337 683
0.000338 682
0.000339 678
0.00034 675
0.000341 674
0.000342 673
0.000343 671
0.000344 673
0.000345 668
0.000346 662
0.000347 659
0.000348 655
0.000349 650
0.00035 645
0.000351 643
0.000352 640
0.000353 637
0.000354 635
0.000355 633
0.000356 630
0.000357 626
0.000358 623
0.000359 618
0.00036 613
0.000361 612
0.000362 603
0.000363 600
0.000364 595
0.000365 588
0.000366 581
0.000367 580
0.000368 578
0.000369 577
0.00037 571
0.000371 567
0.000372 562
0.000373 560
0.000374 558
0.000375 553
0.000376 549
0.000377 545
0.000378 542
0.000379 541
0.00038 539
0.000381 538
0.000382 535
0.000383 532
0.000384 526
0.000385 521
0.000386 516
0.000387 513
0.000388 513
0.000389 512
0.00039 509
0.000391 509
0.000392 504
0.000393 499
0.000394 496
0.000395 496
0.000396 493
0.000397 492
0.000398 490
0.000399 486
0.0004 484
0.000401 479
0.000402 478
0.000403 473
0.000404 471
0.000405 469
0.000406 469
0.000407 468
0.000408 464
0.000409 463
0.00041 462
0.000411 455
0.000412 455
0.000413 454
0.000414 453
0.000415 452
0.000416 450
0.000417 449
0.000418 448
0.000419 444
0.00042 445
0.000421 442
0.000422 442
0.000423 440
0.000424 440
0.000425 437
0.000426 433
0.000427 430
0.000428 428
0.000429 427
0.00043 425
0.000431 425
0.000432 422
0.000433 420
0.000434 419
0.000435 414
0.000436 413
0.000437 412
0.000438 412
0.000439 411
0.00044 406
0.000441 404
0.000442 402
0.000443 398
0.000444 396
0.000445 392
0.000446 392
0.000447 392
0.000448 390
0.000449 386
0.00045 385
0.000451 383
0.000452 379
0.000453 378
0.000454 376
0.000455 376
0.000456 372
0.000457 373
0.000458 369
0.000459 367
0.00046 367
0.000461 364
0.000462 363
0.000463 361
0.000464 359
0.000465 358
0.000466 356
0.000467 355
0.000468 350
0.000469 351
0.00047 350
0.000471 348
0.000472 346
0.000473 347
0.000474 344
0.000475 344
0.000476 342
0.000477 342
0.000478 341
0.000479 338
0.00048 334
0.000481 333
0.000482 331
0.000483 325
0.000484 323
0.000485 321
0.000486 320
0.000487 321
0.000488 319
0.000489 317
0.00049 313
0.000491 312
0.000492 312
0.000493 311
0.000494 310
0.000495 309
0.000496 308
0.000497 307
0.000498 304
0.000499 301
0.0005 302
0.000501 301
0.000502 301
0.000503 298
0.000504 296
0.000505 293
0.000506 292
0.000507 291
0.000508 287
0.000509 283
0.00051 283
0.000511 279
0.000512 278
0.000513 277
0.000514 275
0.000515 272
0.000516 271
0.000517 270
0.000518 268
0.000519 266
0.00052 266
0.000521 265
0.000522 265
0.000523 263
0.000524 264
0.000525 265
0.000526 265
0.000527 265
0.000528 266
0.000529 265
0.00053 265
0.000531 264
0.000532 265
0.000533 265
0.000534 265
0.000535 262
0.000536 265
0.000537 262
0.000538 263
0.000539 261
0.00054 259
0.000541 257
0.000542 256
0.000543 254
0.000544 253
0.000545 252
0.000546 253
0.000547 251
0.000548 249
0.000549 248
0.00055 243
0.000551 245
0.000552 245
0.000553 243
0.000554 243
0.000555 243
0.000556 243
0.000557 241
0.000558 241
0.000559 242
0.00056 240
0.000561 239
0.000562 236
0.000563 234
0.000564 234
0.000565 233
0.000566 230
0.000567 229
0.000568 227
0.000569 229
0.00057 228
0.000571 226
0.000572 227
0.000573 226
0.000574 226
0.000575 225
0.000576 225
0.000577 225
0.000578 225
0.000579 225
0.00058 220
0.000581 218
0.000582 218
0.000583 219
0.000584 220
0.000585 220
0.000586 220
0.000587 220
0.000588 220
0.000589 218
0.00059 218
0.000591 216
0.000592 216
0.000593 216
0.000594 215
0.000595 214
0.000596 214
0.000597 213
0.000598 212
0.000599 212
0.0006 212
0.000601 213
0.000602 210
0.000603 209
0.000604 208
0.000605 208
0.000606 209
0.000607 208
0.000608 208
0.000609 207
0.00061 207
0.000611 205
0.000612 204
0.000613 203
0.000614 203
0.000615 201
0.000616 201
0.000617 200
0.000618 201
0.000619 201
0.00062 201
0.000621 201
0.000622 199
0.000623 201
0.000624 200
0.000625 198
0.000626 199
0.000627 196
0.000628 196
0.000629 193
0.00063 194
0.000631 195
0.000632 195
0.000633 193
0.000634 193
0.000635 193
0.000636 194
0.000637 194
0.000638 190
0.000639 190
0.00064 191
0.000641 192
0.000642 192
0.000643 192
0.000644 191
0.000645 192
0.000646 193
0.000647 191
0.000648 191
0.000649 190
0.00065 189
0.000651 188
0.000652 186
0.000653 186
0.000654 185
0.000655 184
0.000656 183
0.000657 182
0.000658 180
0.000659 179
0.00066 180
0.000661 180
0.000662 179
0.000663 177
0.000664 177
0.000665 177
0.000666 175
0.000667 175
0.000668 173
0.000669 173
0.00067 173
0.000671 171
0.000672 171
0.000673 170
0.000674 170
0.000675 169
0.000676 169
0.000677 170
0.000678 169
0.000679 166
0.00068 167
0.000681 167
0.000682 166
0.000683 166
0.000684 167
0.000685 167
0.000686 166
0.000687 165
0.000688 166
0.000689 166
0.00069 166
0.000691 166
0.000692 165
0.000693 165
0.000694 166
0.000695 165
0.000696 164
0.000697 165
0.000698 164
0.000699 164
0.0007 166
0.000701 166
0.000702 165
0.000703 165
0.000704 164
0.000705 163
0.000706 162
0.000707 161
0.000708 160
0.000709 158
0.00071 157
0.000711 159
0.000712 159
0.000713 160
0.000714 160
0.000715 160
0.000716 160
0.000717 160
0.000718 160
0.000719 160
0.00072 159
0.000721 158
0.000722 158
0.000723 159
0.000724 158
0.000725 157
0.000726 157
0.000727 159
0.000728 157
0.000729 157
0.00073 158
0.000731 157
0.000732 155
0.000733 157
0.000734 156
0.000735 156
0.000736 155
0.000737 152
0.000738 151
0.000739 151
0.00074 151
0.000741 151
0.000742 152
0.000743 153
0.000744 153
0.000745 150
0.000746 149
0.000747 150
0.000748 149
0.000749 149
0.00075 149
0.000751 148
0.000752 148
0.000753 147
0.000754 142
0.000755 140
0.000756 139
0.000757 139
0.000758 139
0.000759 139
0.00076 140
0.000761 138
0.000762 138
0.000763 140
0.000764 137
0.000765 137
0.000766 136
0.000767 135
0.000768 138
0.000769 138
0.00077 139
0.000771 136
0.000772 137
0.000773 139
0.000774 138
0.000775 135
0.000776 136
0.000777 136
0.000778 136
0.000779 138
0.00078 136
0.000781 136
0.000782 136
0.000783 136
0.000784 135
0.000785 135
0.000786 134
0.000787 135
0.000788 136
0.000789 135
0.00079 137
0.000791 135
0.000792 135
0.000793 136
0.000794 134
0.000795 133
0.000796 133
0.000797 133
0.000798 133
0.000799 131
0.0008 131
0.000801 132
0.000802 132
0.000803 131
0.000804 130
0.000805 130
0.000806 130
0.000807 130
0.000808 129
0.000809 127
0.00081 128
0.000811 130
0.000812 129
0.000813 127
0.000814 126
0.000815 125
0.000816 124
0.000817 125
0.000818 125
0.000819 125
0.00082 125
0.000821 125
0.000822 126
0.000823 125
0.000824 124
0.000825 124
0.000826 125
0.000827 125
0.000828 124
0.000829 125
0.00083 123
0.000831 123
0.000832 123
0.000833 121
0.000834 123
0.000835 123
0.000836 121
0.000837 121
0.000838 121
0.000839 119
0.00084 117
0.000841 118
0.000842 117
0.000843 115
0.000844 115
0.000845 116
0.000846 116
0.000847 115
0.000848 113
0.000849 113
0.00085 112
0.000851 111
0.000852 112
0.000853 112
0.000854 112
0.000855 111
0.000856 111
0.000857 110
0.000858 110
0.000859 110
0.00086 109
0.000861 109
0.000862 110
0.000863 110
0.000864 109
0.000865 109
0.000866 108
0.000867 106
0.000868 105
0.000869 106
0.00087 107
0.000871 108
0.000872 109
0.000873 107
0.000874 107
0.000875 108
0.000876 109
0.000877 108
0.000878 107
0.000879 107
0.00088 106
0.000881 107
0.000882 107
0.000883 107
0.000884 107
0.000885 107
0.000886 105
0.000887 103
0.000888 102
0.000889 103
0.00089 105
0.000891 105
0.000892 105
0.000893 106
0.000894 106
0.000895 104
0.000896 104
0.000897 104
0.000898 105
0.000899 105
0.0009 107
0.000901 107
0.000902 106
0.000903 107
0.000904 107
0.000905 106
0.000906 107
0.000907 106
0.000908 105
0.000909 104
0.00091 104
0.000911 106
0.000912 105
0.000913 104
0.000914 102
0.000915 103
0.000916 103
0.000917 104
0.000918 103
0.000919 101
0.00092 101
0.000921 100
0.000922 100
0.000923 99
0.000924 100
0.000925 100
0.000926 101
0.000927 100
0.000928 101
0.000929 101
0.00093 101
0.000931 101
0.000932 101
0.000933 102
0.000934 103
0.000935 102
0.000936 103
0.000937 104
0.000938 104
0.000939 103
0.00094 101
0.000941 101
0.000942 100
0.000943 99
0.000944 100
0.000945 100
0.000946 100
0.000947 100
0.000948 100
0.000949 99
0.00095 100
0.000951 100
0.000952 100
0.000953 98
0.000954 96
0.000955 97
0.000956 97
0.000957 99
0.000958 100
0.000959 100
0.00096 100
0.000961 99
0.000962 98
0.000963 98
0.000964 98
0.000965 97
0.000966 98
0.000967 98
0.000968 98
0.000969 98
0.00097 97
0.000971 97
0.000972 97
0.000973 94
0.000974 95
0.000975 95
0.000976 95
0.000977 97
0.000978 97
0.000979 97
0.00098 95
0.000981 96
0.000982 96
0.000983 97
0.000984 98
0.000985 98
0.000986 98
0.000987 98
0.000988 97
0.000989 97
0.00099 97
0.000991 97
0.000992 97
0.000993 96
0.000994 95
0.000995 95
0.000996 96
0.000997 97
0.000998 97
0.000999 96
0.001 95
0.001001 96
0.001002 95
0.001003 95
0.001004 95
0.001005 94
0.001006 94
0.001007 93
0.001008 94
0.001009 94
0.00101 91
0.001011 90
0.001012 91
0.001013 91
0.001014 92
0.001015 92
0.001016 93
0.001017 93
0.001018 92
0.001019 92
0.00102 91
0.001021 91
0.001022 89
0.001023 90
0.001024 90
0.001025 88
0.001026 86
0.001027 86
0.001028 86
0.001029 87
0.00103 87
0.001031 86
0.001032 86
0.001033 86
0.001034 86
0.001035 86
0.001036 84
0.001037 85
0.001038 85
0.001039 85
0.00104 85
0.001041 85
0.001042 85
0.001043 86
0.001044 86
0.001045 85
0.001046 85
0.001047 84
0.001048 85
0.001049 84
0.00105 85
0.001051 85
0.001052 85
0.001053 85
0.001054 84
0.001055 84
0.001056 83
0.001057 82
0.001058 82
0.001059 82
0.00106 81
0.001061 80
0.001062 80
0.001063 80
0.001064 79
0.001065 80
0.001066 81
0.001067 78
0.001068 77
0.001069 76
0.00107 77
0.001071 78
0.001072 79
0.001073 78
0.001074 79
0.001075 78
0.001076 78
0.001077 79
0.001078 79
0.001079 79
0.00108 78
0.001081 76
0.001082 76
0.001083 76
0.001084 75
0.001085 74
0.001086 73
0.001087 72
0.001088 73
0.001089 73
0.00109 73
0.001091 73
0.001092 73
0.001093 72
0.001094 72
0.001095 71
0.001096 71
0.001097 73
0.001098 73
0.001099 73
0.0011 73
0.001101 72
0.001102 72
0.001103 73
0.001104 73
0.001105 74
0.001106 75
0.001107 75
0.001108 74
0.001109 74
0.00111 73
0.001111 72
0.001112 71
0.001113 73
0.001114 74
0.001115 74
0.001116 73
0.001117 75
0.001118 77
0.001119 74
0.00112 73
0.001121 73
0.001122 72
0.001123 72
0.001124 75
0.001125 74
0.001126 75
0.001127 75
0.001128 75
0.001129 75
0.00113 73
0.001131 72
0.001132 73
0.001133 73
0.001134 73
0.001135 74
0.001136 75
0.001137 74
0.001138 74
0.001139 74
0.00114 74
0.001141 74
0.001142 75
0.001143 74
0.001144 73
0.001145 73
0.001146 74
0.001147 74
0.001148 75
0.001149 76
0.00115 77
0.001151 78
0.001152 78
0.001153 80
0.001154 80
0.001155 80
0.001156 80
0.001157 79
0.001158 79
0.001159 81
0.00116 80
0.001161 81
0.001162 81
0.001163 80
0.001164 79
0.001165 80
0.001166 80
0.001167 80
0.001168 80
0.001169 80
0.00117 79
0.001171 79
0.001172 79
0.001173 81
0.001174 81
0.001175 80
0.001176 79
0.001177 80
0.001178 80
0.001179 80
0.00118 81
0.001181 82
0.001182 85
0.001183 85
0.001184 85
0.001185 89
0.001186 88
0.001187 87
0.001188 88
0.001189 88
0.00119 87
0.001191 87
0.001192 87
0.001193 88
0.001194 88
0.001195 89
0.001196 90
0.001197 91
0.001198 89
0.001199 88
0.0012 89
0.001201 89
0.001202 89
0.001203 90
0.001204 92
0.001205 92
0.001206 92
0.001207 93
0.001208 93
0.001209 92
0.00121 92
0.001211 92
0.001212 91
0.001213 91
0.001214 91
0.001215 91
0.001216 91
0.001217 90
0.001218 91
0.001219 92
0.00122 91
0.001221 90
0.001222 90
0.001223 88
0.001224 88
0.001225 89
0.001226 89
0.001227 90
0.001228 89
0.001229 89
0.00123 88
0.001231 89
0.001232 89
0.001233 89
0.001234 89
0.001235 89
0.001236 88
0.001237 89
0.001238 89
0.001239 87
0.00124 86
0.001241 87
0.001242 86
0.001243 85
0.001244 84
0.001245 83
0.001246 82
0.001247 81
0.001248 81
0.001249 82
0.00125 84
0.001251 83
0.001252 81
0.001253 80
0.001254 79
0.001255 79
0.001256 80
0.001257 82
0.001258 82
0.001259 81
0.00126 79
0.001261 80
0.001262 80
0.001263 81
0.001264 80
0.001265 80
0.001266 81
0.001267 81
0.001268 79
0.001269 79
0.00127 79
0.001271 79
0.001272 79
0.001273 79
0.001274 78
0.001275 79
0.001276 79
0.001277 77
0.001278 79
0.001279 79
0.00128 79
0.001281 78
0.001282 78
0.001283 79
0.001284 80
0.001285 80
0.001286 82
0.001287 83
0.001288 83
0.001289 84
0.00129 84
0.001291 82
0.001292 82
0.001293 82
0.001294 81
0.001295 81
0.001296 81
0.001297 79
0.001298 79
0.001299 80
0.0013 79
0.001301 76
0.001302 76
0.001303 75
0.001304 74
0.001305 76
0.001306 76
0.001307 76
0.001308 76
0.001309 76
0.00131 76
0.001311 78
0.001312 77
0.001313 78
0.001314 77
0.001315 77
0.001316 77
0.001317 79
0.001318 80
0.001319 81
0.00132 81
0.001321 81
0.001322 81
0.001323 83
0.001324 83
0.001325 83
0.001326 83
0.001327 83
0.001328 83
0.001329 84
0.00133 84
0.001331 84
0.001332 84
0.001333 84
0.001334 84
0.001335 84
0.001336 84
0.001337 84
0.001338 84
0.001339 86
0.00134 87
0.001341 88
0.001342 89
0.001343 90
0.001344 91
0.001345 91
0.001346 89
0.001347 86
0.001348 87
0.001349 86
0.00135 87
0.001351 87
0.001352 86
0.001353 85
0.001354 86
0.001355 85
0.001356 85
0.001357 85
0.001358 82
0.001359 81
0.00136 81
0.001361 82
0.001362 82
0.001363 82
0.001364 82
0.001365 81
0.001366 81
0.001367 82
0.001368 82
0.001369 83
0.00137 82
0.001371 82
0.001372 82
0.001373 81
0.001374 81
0.001375 81
0.001376 81
0.001377 82
0.001378 82
0.001379 82
0.00138 82
0.001381 82
0.001382 83
0.001383 83
0.001384 82
0.001385 82
0.001386 82
0.001387 84
0.001388 83
0.001389 83
0.00139 84
0.001391 84
0.001392 85
0.001393 85
0.001394 85
0.001395 84
0.001396 84
0.001397 84
0.001398 85
0.001399 85
0.0014 84
0.001401 84
0.001402 84
0.001403 84
0.001404 86
0.001405 88
0.001406 87
0.001407 87
0.001408 87
0.001409 86
0.00141 86
0.001411 88
0.001412 85
0.001413 86
0.001414 87
0.001415 88
0.001416 89
0.001417 90
0.001418 91
0.001419 91
0.00142 92
0.001421 91
0.001422 91
0.001423 91
0.001424 91
0.001425 90
0.001426 89
0.001427 89
0.001428 89
0.001429 88
0.00143 89
0.001431 91
0.001432 91
0.001433 92
0.001434 92
0.001435 93
0.001436 92
0.001437 92
0.001438 91
0.001439 89
0.00144 89
0.001441 89
0.001442 89
0.001443 90
0.001444 90
0.001445 90
0.001446 91
0.001447 90
0.001448 90
0.001449 89
0.00145 88
0.001451 88
0.001452 89
0.001453 88
0.001454 87
0.001455 88
0.001456 88
0.001457 88
0.001458 87
0.001459 86
0.00146 85
0.001461 82
0.001462 82
0.001463 81
0.001464 79
0.001465 78
0.001466 77
0.001467 77
0.001468 78
0.001469 77
0.00147 77
0.001471 76
0.001472 76
0.001473 76
0.001474 76
0.001475 76
0.001476 77
0.001477 77
0.001478 76
0.001479 77
0.00148 77
0.001481 77
0.001482 77
0.001483 77
0.001484 77
0.001485 77
0.001486 76
0.001487 78
0.001488 78
0.001489 78
0.00149 78
0.001491 80
0.001492 81
0.001493 81
0.001494 81
0.001495 81
0.001496 82
0.001497 81
0.001498 82
0.001499 83
0.0015 82
0.001501 82
0.001502 82
0.001503 84
0.001504 86
0.001505 85
0.001506 85
0.001507 85
0.001508 86
0.001509 86
0.00151 86
0.001511 85
0.001512 86
0.001513 87
0.001514 87
0.001515 88
0.001516 87
0.001517 87
0.001518 87
0.001519 89
0.00152 88
0.001521 86
0.001522 86
0.001523 86
0.001524 87
0.001525 88
0.001526 87
0.001527 87
0.001528 86
0.001529 84
0.00153 84
0.001531 83
0.001532 83
0.001533 83
0.001534 83
0.001535 83
0.001536 84
0.001537 84
0.001538 84
0.001539 84
0.00154 83
0.001541 83
0.001542 82
0.001543 81
0.001544 80
0.001545 82
0.001546 82
0.001547 83
0.001548 84
0.001549 84
0.00155 84
0.001551 83
0.001552 83
0.001553 83
0.001554 81
0.001555 80
0.001556 78
0.001557 80
0.001558 81
0.001559 82
0.00156 82
0.001561 79
0.001562 78
0.001563 78
0.001564 77
0.001565 78
0.001566 80
0.001567 80
0.001568 80
0.001569 80
0.00157 81
0.001571 81
0.001572 81
0.001573 81
0.001574 82
0.001575 81
0.001576 81
0.001577 81
0.001578 80
0.001579 78
0.00158 80
0.001581 80
0.001582 80
0.001583 81
0.001584 81
0.001585 78
0.001586 78
0.001587 80
0.001588 80
0.001589 80
0.00159 79
0.001591 78
0.001592 77
0.001593 74
0.001594 71
0.001595 71
0.001596 71
0.001597 71
0.001598 71
0.001599 70
0.0016 72
0.001601 72
0.001602 72
0.001603 73
0.001604 73
0.001605 71
0.001606 71
0.001607 70
0.001608 71
0.001609 71
0.00161 71
0.001611 71
0.001612 70
0.001613 69
0.001614 69
0.001615 69
0.001616 69
0.001617 69
0.001618 69
0.001619 70
0.00162 71
0.001621 70
0.001622 71
0.001623 72
0.001624 73
0.001625 73
0.001626 73
0.001627 72
0.001628 72
0.001629 71
0.00163 70
0.001631 69
0.001632 68
0.001633 68
0.001634 69
0.001635 69
0.001636 69
0.001637 69
0.001638 71
0.001639 71
0.00164 71
0.001641 72
0.001642 73
0.001643 72
0.001644 72
0.001645 71
0.001646 70
0.001647 69
0.001648 70
0.001649 69
0.00165 69
0.001651 69
0.001652 69
0.001653 69
0.001654 69
0.001655 68
0.001656 69
0.001657 69
0.001658 69
0.001659 68
0.00166 68
0.001661 68
0.001662 69
0.001663 70
0.001664 70
0.001665 70
0.001666 71
0.001667 72
0.001668 71
0.001669 71
0.00167 70
0.001671 71
0.001672 70
0.001673 70
0.001674 71
0.001675 71
0.001676 71
0.001677 73
0.001678 75
0.001679 75
0.00168 74
0.001681 74
0.001682 74
0.001683 75
0.001684 76
0.001685 76
0.001686 76
0.001687 76
0.001688 76
0.001689 77
0.00169 76
0.001691 77
0.001692 77
0.001693 78
0.001694 78
0.001695 78
0.001696 78
0.001697 77
0.001698 76
0.001699 76
0.0017 77
0.001701 78
0.001702 78
0.001703 78
0.001704 78
0.001705 80
0.001706 81
0.001707 81
0.001708 79
0.001709 79
0.00171 79
0.001711 80
0.001712 79
0.001713 79
0.001714 78
0.001715 79
0.001716 80
0.001717 78
0.001718 78
0.001719 78
0.00172 78
0.001721 78
0.001722 78
0.001723 78
0.001724 78
0.001725 80
0.001726 82
0.001727 82
0.001728 83
0.001729 80
0.00173 81
0.001731 82
0.001732 84
0.001733 83
0.001734 83
0.001735 83
0.001736 82
0.001737 81
0.001738 80
0.001739 82
0.00174 82
0.001741 82
0.001742 82
0.001743 83
0.001744 86
0.001745 85
0.001746 84
0.001747 85
0.001748 86
0.001749 87
0.00175 89
0.001751 91
0.001752 90
0.001753 90
0.001754 90
0.001755 90
0.001756 90
0.001757 91
0.001758 90
0.001759 90
0.00176 89
0.001761 89
0.001762 87
0.001763 86
0.001764 86
0.001765 87
0.001766 86
0.001767 86
0.001768 87
0.001769 87
0.00177 88
0.001771 86
0.001772 86
0.001773 87
0.001774 88
0.001775 89
0.001776 88
0.001777 87
0.001778 89
0.001779 89
0.00178 88
0.001781 88
0.001782 89
0.001783 88
0.001784 88
0.001785 88
0.001786 89
0.001787 89
0.001788 91
0.001789 91
0.00179 92
0.001791 92
0.001792 94
0.001793 94
0.001794 94
0.001795 95
0.001796 95
0.001797 94
0.001798 95
0.001799 93
0.0018 94
0.001801 95
0.001802 96
0.001803 96
0.001804 97
0.001805 97
0.001806 95
0.001807 95
0.001808 95
0.001809 95
0.00181 96
0.001811 96
0.001812 96
0.001813 94
0.001814 94
0.001815 95
0.001816 94
0.001817 94
0.001818 95
0.001819 95
0.00182 95
0.001821 94
0.001822 94
0.001823 94
0.001824 93
0.001825 93
0.001826 95
0.001827 95
0.001828 94
0.001829 94
0.00183 94
0.001831 94
0.001832 93
0.001833 92
0.001834 92
0.001835 91
0.001836 93
0.001837 95
0.001838 95
0.001839 95
0.00184 95
0.001841 95
0.001842 94
0.001843 95
0.001844 96
0.001845 96
0.001846 96
0.001847 96
0.001848 96
0.001849 95
0.00185 94
0.001851 93
0.001852 92
0.001853 91
0.001854 93
0.001855 93
0.001856 93
0.001857 93
0.001858 92
0.001859 92
0.00186 91
0.001861 92
0.001862 91
0.001863 91
0.001864 91
0.001865 90
0.001866 89
0.001867 88
0.001868 87
0.001869 87
0.00187 85
0.001871 86
0.001872 86
0.001873 86
0.001874 86
0.001875 83
0.001876 82
0.001877 82
0.001878 81
0.001879 82
0.00188 80
0.001881 81
0.001882 81
0.001883 81
0.001884 80
0.001885 80
0.001886 79
0.001887 81
0.001888 79
0.001889 77
0.00189 80
0.001891 81
0.001892 82
0.001893 82
0.001894 82
0.001895 81
0.001896 82
0.001897 81
0.001898 80
0.001899 80
0.0019 80
0.001901 79
0.001902 78
0.001903 76
0.001904 77
0.001905 77
0.001906 77
0.001907 77
0.001908 76
0.001909 76
0.00191 78
0.001911 79
0.001912 79
0.001913 79
0.001914 78
0.001915 76
0.001916 75
0.001917 74
0.001918 75
0.001919 75
0.00192 76
0.001921 76
0.001922 76
0.001923 77
0.001924 76
0.001925 76
0.001926 76
0.001927 76
0.001928 76
0.001929 75
0.00193 74
0.001931 74
0.001932 74
0.001933 74
0.001934 74
0.001935 74
0.001936 73
0.001937 74
0.001938 75
0.001939 75
0.00194 74
0.001941 73
0.001942 73
0.001943 73
0.001944 72
0.001945 71
0.001946 73
0.001947 72
0.001948 73
0.001949 74
0.00195 73
0.001951 72
0.001952 71
0.001953 71
0.001954 72
0.001955 72
0.001956 72
0.001957 72
0.001958 74
0.001959 75
0.00196 77
0.001961 79
0.001962 78
0.001963 78
0.001964 78
0.001965 78
0.001966 78
0.001967 78
0.001968 79
0.001969 78
0.00197 78
0.001971 78
0.001972 78
0.001973 76
0.001974 75
0.001975 75
0.001976 74
0.001977 73
0.001978 74
0.001979 74
0.00198 76
0.001981 76
0.001982 76
0.001983 77
0.001984 77
0.001985 77
0.001986 77
0.001987 77
0.001988 76
0.001989 76
0.00199 76
0.001991 76
0.001992 75
0.001993 76
0.001994 76
0.001995 76
0.001996 76
0.001997 77
0.001998 78
0.001999 79
0.002 79
0.002001 80
0.002002 80
0.002003 80
0.002004 80
0.002005 80
0.002006 80
0.002007 79
0.002008 80
0.002009 81
0.00201 81
0.002011 81
0.002012 79
0.002013 80
0.002014 79
0.002015 79
0.002016 78
0.002017 79
0.002018 79
0.002019 79
0.00202 79
0.002021 79
0.002022 80
0.002023 79
0.002024 79
0.002025 80
0.002026 80
0.002027 80
0.002028 79
0.002029 80
0.00203 78
0.002031 78
0.002032 78
0.002033 76
0.002034 76
0.002035 75
0.002036 77
0.002037 77
0.002038 77
0.002039 78
0.00204 79
0.002041 78
0.002042 78
0.002043 78
0.002044 78
0.002045 79
0.002046 80
0.002047 82
0.002048 82
0.002049 82
0.00205 82
0.002051 83
0.002052 82
0.002053 82
0.002054 81
0.002055 80
0.002056 81
0.002057 81
0.002058 81
0.002059 82
0.00206 82
0.002061 83
0.002062 83
0.002063 84
0.002064 84
0.002065 84
0.002066 83
0.002067 83
0.002068 82
0.002069 81
0.00207 80
0.002071 77
0.002072 77
0.002073 79
0.002074 81
0.002075 82
0.002076 82
0.002077 81
0.002078 81
0.002079 80
0.00208 80
0.002081 80
0.002082 80
0.002083 80
0.002084 80
0.002085 82
0.002086 81
0.002087 81
0.002088 82
0.002089 82
0.00209 80
0.002091 80
0.002092 82
0.002093 80
0.002094 82
0.002095 83
0.002096 83
0.002097 83
0.002098 83
0.002099 82
0.0021 82
0.002101 82
0.002102 82
0.002103 83
0.002104 84
0.002105 83
0.002106 82
0.002107 83
0.002108 82
0.002109 83
0.00211 82
0.002111 82
0.002112 82
0.002113 82
0.002114 80
0.002115 81
0.002116 81
0.002117 82
0.002118 81
0.002119 82
0.00212 83
0.002121 84
0.002122 84
0.002123 84
0.002124 84
0.002125 86
0.002126 87
0.002127 88
0.002128 88
0.002129 88
0.00213 88
0.002131 90
0.002132 90
0.002133 89
0.002134 89
0.002135 90
0.002136 89
0.002137 90
0.002138 90
0.002139 90
0.00214 89
0.002141 90
0.002142 90
0.002143 90
0.002144 90
0.002145 89
0.002146 89
0.002147 89
0.002148 89
0.002149 89
0.00215 89
0.002151 90
0.002152 90
0.002153 89
0.002154 88
0.002155 88
0.002156 88
0.002157 86
0.002158 87
0.002159 88
0.00216 87
0.002161 86
0.002162 85
0.002163 87
0.002164 87
0.002165 87
0.002166 86
0.002167 85
0.002168 85
0.002169 86
0.00217 87
0.002171 88
0.002172 88
0.002173 85
0.002174 84
0.002175 84
0.002176 84
0.002177 84
0.002178 84
0.002179 82
0.00218 84
0.002181 85
0.002182 85
0.002183 84
0.002184 85
0.002185 85
0.002186 86
0.002187 86
0.002188 87
0.002189 86
0.00219 87
0.002191 89
0.002192 89
0.002193 89
0.002194 88
0.002195 89
0.002196 90
0.002197 89
0.002198 90
0.002199 91
0.0022 92
0.002201 93
0.002202 93
0.002203 93
0.002204 95
0.002205 94
0.002206 94
0.002207 94
0.002208 94
0.002209 94
0.00221 96
0.002211 96
0.002212 96
0.002213 95
0.002214 95
0.002215 95
0.002216 95
0.002217 97
0.002218 97
0.002219 98
0.00222 99
0.002221 99
0.002222 100
0.002223 99
0.002224 98
0.002225 97
0.002226 96
0.002227 97
0.002228 96
0.002229 95
0.00223 94
0.002231 93
0.002232 93
0.002233 92
0.002234 93
0.002235 94
0.002236 94
0.002237 95
0.002238 94
0.002239 94
0.00224 94
0.002241 93
0.002242 92
0.002243 93
0.002244 93
0.002245 95
0.002246 95
0.002247 95
0.002248 95
0.002249 95
0.00225 96
0.002251 95
0.002252 97
0.002253 98
0.002254 98
0.002255 99
0.002256 98
0.002257 97
0.002258 97
0.002259 96
0.00226 96
0.002261 96
0.002262 96
0.002263 96
0.002264 94
0.002265 91
0.002266 91
0.002267 91
0.002268 90
0.002269 90
0.00227 90
0.002271 90
0.002272 89
0.002273 88
0.002274 88
0.002275 88
0.002276 88
0.002277 88
0.002278 87
0.002279 85
0.00228 84
0.002281 83
0.002282 83
0.002283 83
0.002284 82
0.002285 83
0.002286 83
0.002287 84
0.002288 84
0.002289 84
0.00229 85
0.002291 83
0.002292 82
0.002293 82
0.002294 83
0.002295 81
0.002296 77
0.002297 79
0.002298 79
0.002299 78
0.0023 77
0.002301 77
0.002302 78
0.002303 80
0.002304 80
0.002305 80
0.002306 80
0.002307 80
0.002308 81
0.002309 83
0.00231 82
0.002311 82
0.002312 81
0.002313 81
0.002314 83
0.002315 81
0.002316 80
0.002317 79
0.002318 79
0.002319 80
0.00232 78
0.002321 79
0.002322 81
0.002323 81
0.002324 80
0.002325 81
0.002326 81
0.002327 80
0.002328 80
0.002329 79
0.00233 81
0.002331 81
0.002332 81
0.002333 82
0.002334 81
0.002335 81
0.002336 81
0.002337 81
0.002338 81
0.002339 80
0.00234 80
0.002341 81
0.002342 81
0.002343 82
0.002344 81
0.002345 81
0.002346 81
0.002347 81
0.002348 82
0.002349 81
0.00235 81
0.002351 82
0.002352 82
0.002353 82
0.002354 83
0.002355 82
0.002356 83
0.002357 82
0.002358 82
0.002359 82
0.00236 83
0.002361 82
0.002362 82
0.002363 83
0.002364 82
0.002365 83
0.002366 83
0.002367 84
0.002368 85
0.002369 85
0.00237 86
0.002371 86
0.002372 86
0.002373 86
0.002374 85
0.002375 84
0.002376 83
0.002377 82
0.002378 83
0.002379 83
0.00238 83
0.002381 84
0.002382 83
0.002383 83
0.002384 85
0.002385 81
0.002386 80
0.002387 80
0.002388 80
0.002389 81
0.00239 83
0.002391 82
0.002392 84
0.002393 82
0.002394 82
0.002395 83
0.002396 83
0.002397 84
0.002398 84
0.002399 84
0.0024 84
0.002401 86
0.002402 86
0.002403 87
0.002404 87
0.002405 88
0.002406 87
0.002407 87
0.002408 87
0.002409 87
0.00241 87
0.002411 86
0.002412 86
0.002413 86
0.002414 86
0.002415 86
0.002416 87
0.002417 88
0.002418 88
0.002419 88
0.00242 89
0.002421 88
0.002422 89
0.002423 88
0.002424 88
0.002425 86
0.002426 85
0.002427 86
0.002428 87
0.002429 87
0.00243 86
0.002431 87
0.002432 86
0.002433 86
0.002434 85
0.002435 84
0.002436 84
0.002437 84
0.002438 83
0.002439 83
0.00244 83
0.002441 86
0.002442 85
0.002443 89
0.002444 88
0.002445 88
0.002446 87
0.002447 89
0.002448 89
0.002449 90
0.00245 90
0.002451 90
0.002452 88
0.002453 86
0.002454 86
0.002455 86
0.002456 87
0.002457 87
0.002458 87
0.002459 87
0.00246 88
0.002461 88
0.002462 90
0.002463 91
0.002464 92
0.002465 93
0.002466 92
0.002467 92
0.002468 92
0.002469 91
0.00247 90
0.002471 91
0.002472 91
0.002473 91
0.002474 91
0.002475 91
0.002476 91
0.002477 91
0.002478 91
0.002479 91
0.00248 88
0.002481 89
0.002482 88
0.002483 87
0.002484 87
0.002485 87
0.002486 87
0.002487 87
0.002488 89
0.002489 88
0.00249 87
0.002491 87
0.002492 87
0.002493 87
0.002494 87
0.002495 87
0.002496 87
0.002497 86
0.002498 86
0.002499 86
0.0025 86
0.002501 86
0.002502 86
0.002503 86
0.002504 85
0.002505 86
0.002506 85
0.002507 86
0.002508 87
0.002509 88
0.00251 88
0.002511 89
0.002512 89
0.002513 89
0.002514 89
0.002515 89
0.002516 90
0.002517 90
0.002518 92
0.002519 92
0.00252 92
0.002521 92
0.002522 91
0.002523 91
0.002524 91
0.002525 92
0.002526 93
0.002527 93
0.002528 92
0.002529 93
0.00253 92
0.002531 93
0.002532 92
0.002533 92
0.002534 93
0.002535 95
0.002536 95
0.002537 96
0.002538 97
0.002539 97
0.00254 96
0.002541 95
0.002542 95
0.002543 92
0.002544 90
0.002545 89
0.002546 90
0.002547 92
0.002548 92
0.002549 91
0.00255 91
0.002551 91
0.002552 92
0.002553 92
0.002554 92
0.002555 93
0.002556 93
0.002557 92
0.002558 92
0.002559 91
0.00256 91
0.002561 93
0.002562 94
0.002563 94
0.002564 96
0.002565 96
0.002566 97
0.002567 97
0.002568 99
0.002569 99
0.00257 100
0.002571 99
0.002572 100
0.002573 101
0.002574 101
0.002575 101
0.002576 101
0.002577 101
0.002578 101
0.002579 101
0.00258 99
0.002581 99
0.002582 99
0.002583 98
0.002584 99
0.002585 100
0.002586 102
0.002587 100
0.002588 100
0.002589 100
0.00259 101
0.002591 101
0.002592 101
0.002593 103
0.002594 102
0.002595 104
0.002596 104
0.002597 105
0.002598 105
0.002599 105
0.0026 103
0.002601 103
0.002602 102
0.002603 103
0.002604 103
0.002605 104
0.002606 106
0.002607 106
0.002608 107
0.002609 107
0.00261 106
0.002611 107
0.002612 107
0.002613 108
0.002614 109
0.002615 109
0.002616 108
0.002617 110
0.002618 111
0.002619 111
0.00262 113
0.002621 113
0.002622 114
0.002623 114
0.002624 113
0.002625 113
0.002626 113
0.002627 114
0.002628 115
0.002629 113
0.00263 112
0.002631 112
0.002632 112
0.002633 113
0.002634 112
0.002635 110
0.002636 110
0.002637 109
0.002638 109
0.002639 108
0.00264 107
0.002641 106
0.002642 107
0.002643 108
0.002644 109
0.002645 109
0.002646 110
0.002647 110
0.002648 111
0.002649 110
0.00265 111
0.002651 112
0.002652 112
0.002653 110
0.002654 110
0.002655 109
0.002656 109
0.002657 109
0.002658 108
0.002659 107
0.00266 107
0.002661 107
0.002662 107
0.002663 107
0.002664 105
0.002665 104
0.002666 102
0.002667 102
0.002668 102
0.002669 101
0.00267 100
0.002671 102
0.002672 103
0.002673 104
0.002674 105
0.002675 105
0.002676 105
0.002677 103
0.002678 103
0.002679 104
0.00268 104
0.002681 104
0.002682 104
0.002683 103
0.002684 104
0.002685 104
0.002686 105
0.002687 105
0.002688 106
0.002689 106
0.00269 105
0.002691 105
0.002692 105
0.002693 105
0.002694 106
0.002695 104
0.002696 102
0.002697 103
0.002698 103
0.002699 102
0.0027 100
0.002701 98
0.002702 98
0.002703 98
0.002704 98
0.002705 95
0.002706 95
0.002707 96
0.002708 96
0.002709 97
0.00271 97
0.002711 97
0.002712 99
0.002713 99
0.002714 99
0.002715 97
0.002716 97
0.002717 96
0.002718 97
0.002719 98
0.00272 98
0.002721 100
0.002722 99
0.002723 98
0.002724 98
0.002725 97
0.002726 97
0.002727 97
0.002728 98
0.002729 98
0.00273 96
0.002731 96
0.002732 96
0.002733 97
0.002734 97
0.002735 97
0.002736 97
0.002737 98
0.002738 98
0.002739 99
0.00274 98
0.002741 98
0.002742 97
0.002743 97
0.002744 99
0.002745 99
0.002746 102
0.002747 101
0.002748 100
0.002749 99
0.00275 99
0.002751 99
0.002752 101
0.002753 100
0.002754 100
0.002755 100
0.002756 102
0.002757 103
0.002758 104
0.002759 105
0.00276 104
0.002761 104
0.002762 104
0.002763 104
0.002764 104
0.002765 102
0.002766 103
0.002767 101
0.002768 101
0.002769 100
0.00277 99
0.002771 99
0.002772 99
0.002773 99
0.002774 99
0.002775 98
0.002776 100
0.002777 101
0.002778 101
0.002779 101
0.00278 100
0.002781 100
0.002782 99
0.002783 99
0.002784 98
0.002785 99
0.002786 96
0.002787 97
0.002788 95
0.002789 94
0.00279 93
0.002791 93
0.002792 93
0.002793 93
0.002794 94
0.002795 94
0.002796 94
0.002797 94
0.002798 94
0.002799 93
0.0028 95
0.002801 94
0.002802 95
0.002803 93
0.002804 93
0.002805 94
0.002806 95
0.002807 93
0.002808 93
0.002809 94
0.00281 93
0.002811 94
0.002812 93
0.002813 94
0.002814 92
0.002815 92
0.002816 92
0.002817 92
0.002818 92
0.002819 93
0.00282 93
0.002821 94
0.002822 94
0.002823 94
0.002824 94
0.002825 95
0.002826 94
0.002827 94
0.002828 92
0.002829 92
0.00283 92
0.002831 92
0.002832 91
0.002833 92
0.002834 91
0.002835 91
0.002836 90
0.002837 90
0.002838 88
0.002839 89
0.00284 88
0.002841 88
0.002842 89
0.002843 90
0.002844 87
0.002845 86
0.002846 86
0.002847 86
0.002848 85
0.002849 85
0.00285 86
0.002851 86
0.002852 85
0.002853 84
0.002854 86
0.002855 86
0.002856 85
0.002857 86
0.002858 86
0.002859 86
0.00286 88
0.002861 88
0.002862 89
0.002863 89
0.002864 89
0.002865 89
0.002866 88
0.002867 87
0.002868 87
0.002869 86
0.00287 86
0.002871 85
0.002872 86
0.002873 87
0.002874 89
0.002875 88
0.002876 90
0.002877 88
0.002878 88
0.002879 86
0.00288 86
0.002881 84
0.002882 84
0.002883 84
0.002884 83
0.002885 83
0.002886 82
0.002887 81
0.002888 81
0.002889 81
0.00289 81
0.002891 81
0.002892 81
0.002893 81
0.002894 80
0.002895 81
0.002896 82
0.002897 83
0.002898 83
0.002899 82
0.0029 83
0.002901 83
0.002902 82
0.002903 84
0.002904 84
0.002905 84
0.002906 84
0.002907 84
0.002908 83
0.002909 82
0.00291 85
0.002911 85
0.002912 84
0.002913 84
0.002914 84
0.002915 83
0.002916 82
0.002917 84
0.002918 84
0.002919 83
0.00292 84
0.002921 84
0.002922 84
0.002923 84
0.002924 84
0.002925 83
0.002926 82
0.002927 84
0.002928 84
0.002929 85
0.00293 84
0.002931 84
0.002932 85
0.002933 84
0.002934 85
0.002935 85
0.002936 86
0.002937 86
0.002938 87
0.002939 87
0.00294 85
0.002941 85
0.002942 86
0.002943 86
0.002944 86
0.002945 86
0.002946 86
0.002947 87
0.002948 86
0.002949 86
0.00295 86
0.002951 86
0.002952 85
0.002953 84
0.002954 84
0.002955 84
0.002956 84
0.002957 84
0.002958 84
0.002959 85
0.00296 82
0.002961 82
0.002962 82
0.002963 81
0.002964 81
0.002965 79
0.002966 78
0.002967 79
0.002968 78
0.002969 78
0.00297 77
0.002971 76
0.002972 77
0.002973 77
0.002974 78
0.002975 78
0.002976 78
0.002977 77
0.002978 76
0.002979 75
0.00298 75
0.002981 74
0.002982 73
0.002983 74
0.002984 75
0.002985 75
0.002986 77
0.002987 77
0.002988 78
0.002989 79
0.00299 80
0.002991 79
0.002992 78
0.002993 78
0.002994 78
0.002995 79
0.002996 79
0.002997 79
0.002998 80
0.002999 81
0.003 82
0.003001 81
0.003002 79
0.003003 78
0.003004 79
0.003005 78
0.003006 78
0.003007 79
0.003008 79
0.003009 80
0.00301 77
0.003011 78
0.003012 78
0.003013 76
0.003014 77
0.003015 76
0.003016 74
0.003017 74
0.003018 74
0.003019 75
0.00302 77
0.003021 77
0.003022 77
0.003023 76
0.003024 76
0.003025 76
0.003026 76
0.003027 76
0.003028 75
0.003029 74
0.00303 74
0.003031 74
0.003032 74
0.003033 74
0.003034 74
0.003035 74
0.003036 75
0.003037 74
0.003038 75
0.003039 75
0.00304 75
0.003041 75
0.003042 75
0.003043 75
0.003044 77
0.003045 77
0.003046 77
0.003047 77
0.003048 76
0.003049 76
0.00305 74
0.003051 74
0.003052 73
0.003053 72
0.003054 72
0.003055 73
0.003056 73
0.003057 73
0.003058 74
0.003059 73
0.00306 72
0.003061 70
0.003062 73
0.003063 73
0.003064 72
0.003065 72
0.003066 72
0.003067 73
0.003068 75
0.003069 76
0.00307 76
0.003071 77
0.003072 76
0.003073 76
0.003074 77
0.003075 76
0.003076 78
0.003077 79
0.003078 80
0.003079 81
0.00308 79
0.003081 79
0.003082 77
0.003083 76
0.003084 76
0.003085 76
0.003086 76
0.003087 76
0.003088 76
0.003089 75
0.00309 75
0.003091 75
0.003092 79
0.003093 79
0.003094 78
0.003095 77
0.003096 77
0.003097 77
0.003098 77
0.003099 77
0.0031 77
0.003101 76
0.003102 75
0.003103 76
0.003104 75
0.003105 75
0.003106 75
0.003107 76
0.003108 76
0.003109 76
0.00311 76
0.003111 76
0.003112 77
0.003113 77
0.003114 76
0.003115 76
0.003116 75
0.003117 74
0.003118 75
0.003119 77
0.00312 77
0.003121 78
0.003122 79
0.003123 78
0.003124 78
0.003125 76
0.003126 76
0.003127 76
0.003128 76
0.003129 78
0.00313 77
0.003131 77
0.003132 78
0.003133 78
0.003134 78
0.003135 78
0.003136 78
0.003137 79
0.003138 79
0.003139 80
0.00314 80
0.003141 80
0.003142 81
0.003143 81
0.003144 81
0.003145 81
0.003146 81
0.003147 81
0.003148 81
0.003149 81
0.00315 81
0.003151 80
0.003152 81
0.003153 81
0.003154 82
0.003155 83
0.003156 83
0.003157 84
0.003158 83
0.003159 84
0.00316 84
0.003161 86
0.003162 86
0.003163 86
0.003164 86
0.003165 83
0.003166 82
0.003167 82
0.003168 82
0.003169 82
0.00317 83
0.003171 83
0.003172 83
0.003173 81
0.003174 81
0.003175 80
0.003176 80
0.003177 80
0.003178 79
0.003179 79
0.00318 79
0.003181 79
0.003182 79
0.003183 78
0.003184 79
0.003185 79
0.003186 80
0.003187 79
0.003188 80
0.003189 80
0.00319 81
0.003191 82
0.003192 82
0.003193 81
0.003194 80
0.003195 79
0.003196 81
0.003197 81
0.003198 81
0.003199 80
0.0032 79
0.003201 77
0.003202 76
0.003203 76
0.003204 77
0.003205 77
0.003206 79
0.003207 78
0.003208 78
0.003209 78
0.00321 77
0.003211 77
0.003212 77
0.003213 76
0.003214 75
0.003215 73
0.003216 73
0.003217 73
0.003218 72
0.003219 72
0.00322 70
0.003221 69
0.003222 69
0.003223 70
0.003224 70
0.003225 72
0.003226 72
0.003227 73
0.003228 73
0.003229 73
0.00323 74
0.003231 73
0.003232 73
0.003233 74
0.003234 75
0.003235 75
0.003236 73
0.003237 75
0.003238 75
0.003239 75
0.00324 74
0.003241 76
0.003242 77
0.003243 77
0.003244 77
0.003245 79
0.003246 80
0.003247 80
0.003248 79
0.003249 79
0.00325 76
0.003251 76
0.003252 77
0.003253 77
0.003254 76
0.003255 76
0.003256 76
0.003257 76
0.003258 76
0.003259 76
0.00326 77
0.003261 76
0.003262 76
0.003263 75
0.003264 76
0.003265 77
0.003266 77
0.003267 76
0.003268 78
0.003269 78
0.00327 78
0.003271 78
0.003272 78
0.003273 77
0.003274 77
0.003275 78
0.003276 78
0.003277 76
0.003278 77
0.003279 76
0.00328 77
0.003281 77
0.003282 75
0.003283 76
0.003284 76
0.003285 76
0.003286 75
0.003287 75
0.003288 75
0.003289 73
0.00329 72
0.003291 72
0.003292 70
0.003293 70
0.003294 70
0.003295 67
0.003296 68
0.003297 67
0.003298 68
0.003299 68
0.0033 69
0.003301 69
0.003302 68
0.003303 67
0.003304 66
0.003305 65
0.003306 66
0.003307 66
0.003308 65
0.003309 65
0.00331 68
0.003311 67
0.003312 69
0.003313 68
0.003314 69
0.003315 69
0.003316 71
0.003317 70
0.003318 69
0.003319 70
0.00332 70
0.003321 70
0.003322 70
0.003323 70
0.003324 71
0.003325 72
0.003326 72
0.003327 73
0.003328 73
0.003329 73
0.00333 74
0.003331 74
0.003332 74
0.003333 74
0.003334 74
0.003335 74
0.003336 75
0.003337 74
0.003338 74
0.003339 76
0.00334 76
0.003341 75
0.003342 75
0.003343 75
0.003344 73
0.003345 74
0.003346 73
0.003347 73
0.003348 74
0.003349 75
0.00335 75
0.003351 76
0.003352 74
0.003353 75
0.003354 76
0.003355 76
0.003356 76
0.003357 76
0.003358 75
0.003359 75
0.00336 75
0.003361 76
0.003362 77
0.003363 78
0.003364 76
0.003365 75
0.003366 75
0.003367 76
0.003368 76
0.003369 78
0.00337 79
0.003371 79
0.003372 79
0.003373 80
0.003374 81
0.003375 82
0.003376 82
0.003377 82
0.003378 81
0.003379 82
0.00338 82
0.003381 83
0.003382 83
0.003383 82
0.003384 83
0.003385 83
0.003386 83
0.003387 82
0.003388 82
0.003389 82
0.00339 83
0.003391 83
0.003392 83
0.003393 82
0.003394 84
0.003395 87
0.003396 86
0.003397 86
0.003398 85
0.003399 87
0.0034 86
0.003401 86
0.003402 87
0.003403 87
0.003404 87
0.003405 87
0.003406 87
0.003407 87
0.003408 86
0.003409 85
0.00341 86
0.003411 86
0.003412 85
0.003413 85
0.003414 85
0.003415 86
0.003416 84
0.003417 84
0.003418 85
0.003419 83
0.00342 83
0.003421 83
0.003422 83
0.003423 83
0.003424 82
0.003425 83
0.003426 83
0.003427 84
0.003428 84
0.003429 83
0.00343 83
0.003431 83
0.003432 83
0.003433 83
0.003434 86
0.003435 86
0.003436 86
0.003437 85
0.003438 85
0.003439 84
0.00344 84
0.003441 84
0.003442 82
0.003443 82
0.003444 83
0.003445 81
0.003446 82
0.003447 83
0.003448 84
0.003449 84
0.00345 83
0.003451 84
0.003452 83
0.003453 83
0.003454 83
0.003455 83
0.003456 82
0.003457 81
0.003458 81
0.003459 82
0.00346 80
0.003461 81
0.003462 81
0.003463 79
0.003464 79
0.003465 78
0.003466 78
0.003467 78
0.003468 78
0.003469 77
0.00347 77
0.003471 77
0.003472 75
0.003473 74
0.003474 71
0.003475 71
0.003476 71
0.003477 70
0.003478 69
0.003479 69
0.00348 70
0.003481 71
0.003482 71
0.003483 71
0.003484 73
0.003485 73
0.003486 74
0.003487 74
0.003488 75
0.003489 75
0.00349 76
0.003491 76
0.003492 76
0.003493 76
0.003494 75
0.003495 75
0.003496 75
0.003497 75
0.003498 76
0.003499 76
0.0035 76
0.003501 76
0.003502 75
0.003503 73
0.003504 73
0.003505 73
0.003506 74
0.003507 74
0.003508 74
0.003509 74
0.00351 74
0.003511 73
0.003512 74
0.003513 74
0.003514 74
0.003515 74
0.003516 75
0.003517 73
0.003518 75
0.003519 74
0.00352 73
0.003521 73
0.003522 73
0.003523 71
0.003524 71
0.003525 71
0.003526 72
0.003527 72
0.003528 72
0.003529 72
0.00353 71
0.003531 71
0.003532 72
0.003533 72
0.003534 71
0.003535 71
0.003536 71
0.003537 72
0.003538 72
0.003539 73
0.00354 74
0.003541 74
0.003542 74
0.003543 74
0.003544 75
0.003545 73
0.003546 74
0.003547 75
0.003548 75
0.003549 73
0.00355 72
0.003551 73
0.003552 73
0.003553 74
0.003554 74
0.003555 74
0.003556 75
0.003557 75
0.003558 77
0.003559 77
0.00356 77
0.003561 75
0.003562 76
0.003563 76
0.003564 78
0.003565 78
0.003566 76
0.003567 77
0.003568 78
0.003569 77
0.00357 77
0.003571 75
0.003572 76
0.003573 76
0.003574 76
0.003575 77
0.003576 78
0.003577 78
0.003578 78
0.003579 78
0.00358 79
0.003581 80
0.003582 80
0.003583 79
0.003584 79
0.003585 78
0.003586 78
0.003587 77
0.003588 76
0.003589 76
0.00359 76
0.003591 76
0.003592 76
0.003593 76
0.003594 76
0.003595 76
0.003596 75
0.003597 75
0.003598 77
0.003599 77
0.0036 77
0.003601 76
0.003602 77
0.003603 77
0.003604 75
0.003605 73
0.003606 73
0.003607 72
0.003608 72
0.003609 71
0.00361 71
0.003611 71
0.003612 71
0.003613 72
0.003614 73
0.003615 74
0.003616 74
0.003617 74
0.003618 74
0.003619 74
0.00362 73
0.003621 73
0.003622 74
0.003623 73
0.003624 73
0.003625 73
0.003626 74
0.003627 74
0.003628 75
0.003629 75
0.00363 75
0.003631 74
0.003632 74
0.003633 75
0.003634 73
0.003635 75
0.003636 76
0.003637 78
0.003638 78
0.003639 78
0.00364 77
0.003641 77
0.003642 77
0.003643 76
0.003644 77
0.003645 78
0.003646 78
0.003647 78
0.003648 78
0.003649 78
0.00365 78
0.003651 79
0.003652 79
0.003653 80
0.003654 80
0.003655 78
0.003656 79
0.003657 79
0.003658 79
0.003659 79
0.00366 79
0.003661 80
0.003662 83
0.003663 83
0.003664 82
0.003665 80
0.003666 80
0.003667 80
0.003668 80
0.003669 80
0.00367 84
0.003671 83
0.003672 83
0.003673 83
0.003674 83
0.003675 83
0.003676 83
0.003677 81
0.003678 82
0.003679 83
0.00368 82
0.003681 84
0.003682 84
0.003683 86
0.003684 86
0.003685 90
0.003686 90
0.003687 91
0.003688 91
0.003689 91
0.00369 91
0.003691 91
0.003692 92
0.003693 92
0.003694 90
0.003695 90
0.003696 89
0.003697 90
0.003698 90
0.003699 91
0.0037 90
0.003701 89
0.003702 89
0.003703 92
0.003704 91
0.003705 91
0.003706 90
0.003707 90
0.003708 89
0.003709 89
0.00371 87
0.003711 87
0.003712 87
0.003713 87
0.003714 88
0.003715 87
0.003716 86
0.003717 85
0.003718 86
0.003719 86
0.00372 86
0.003721 86
0.003722 87
0.003723 87
0.003724 88
0.003725 88
0.003726 87
0.003727 87
0.003728 87
0.003729 86
0.00373 86
0.003731 86
0.003732 85
0.003733 84
0.003734 84
0.003735 85
0.003736 85
0.003737 85
0.003738 85
0.003739 85
0.00374 83
0.003741 83
0.003742 85
0.003743 85
0.003744 86
0.003745 86
0.003746 85
0.003747 84
0.003748 84
0.003749 85
0.00375 86
0.003751 87
0.003752 88
0.003753 86
0.003754 86
0.003755 86
0.003756 86
0.003757 87
0.003758 87
0.003759 87
0.00376 86
0.003761 85
0.003762 86
0.003763 86
0.003764 85
0.003765 84
0.003766 85
0.003767 86
0.003768 86
0.003769 85
0.00377 85
0.003771 85
0.003772 85
0.003773 85
0.003774 86
0.003775 86
0.003776 86
0.003777 86
0.003778 87
0.003779 88
0.00378 88
0.003781 88
0.003782 89
0.003783 88
0.003784 88
0.003785 88
0.003786 88
0.003787 88
0.003788 88
0.003789 89
0.00379 88
0.003791 88
0.003792 88
0.003793 87
0.003794 87
0.003795 89
0.003796 88
0.003797 87
0.003798 88
0.003799 87
0.0038 86
0.003801 86
0.003802 86
0.003803 87
0.003804 88
0.003805 89
0.003806 88
0.003807 87
0.003808 87
0.003809 87
0.00381 86
0.003811 85
0.003812 84
0.003813 82
0.003814 82
0.003815 82
0.003816 80
0.003817 80
0.003818 81
0.003819 81
0.00382 82
0.003821 82
0.003822 82
0.003823 82
0.003824 80
0.003825 79
0.003826 78
0.003827 77
0.003828 76
0.003829 75
0.00383 75
0.003831 74
0.003832 74
0.003833 74
0.003834 75
0.003835 75
0.003836 75
0.003837 75
0.003838 75
0.003839 74
0.00384 74
0.003841 75
0.003842 75
0.003843 75
0.003844 76
0.003845 77
0.003846 76
0.003847 76
0.003848 76
0.003849 76
0.00385 76
0.003851 74
0.003852 74
0.003853 74
0.003854 70
0.003855 70
0.003856 70
0.003857 68
0.003858 68
0.003859 68
0.00386 68
0.003861 68
0.003862 69
0.003863 69
0.003864 69
0.003865 67
0.003866 66
0.003867 68
0.003868 69
0.003869 69
0.00387 69
0.003871 69
0.003872 69
0.003873 69
0.003874 69
0.003875 69
0.003876 70
0.003877 69
0.003878 68
0.003879 68
0.00388 68
0.003881 68
0.003882 68
0.003883 67
0.003884 66
0.003885 66
0.003886 66
0.003887 65
0.003888 65
0.003889 66
0.00389 66
0.003891 67
0.003892 67
0.003893 67
0.003894 66
0.003895 65
0.003896 65
0.003897 65
0.003898 64
0.003899 65
0.0039 64
0.003901 62
0.003902 62
0.003903 61
0.003904 61
0.003905 62
0.003906 63
0.003907 63
0.003908 63
0.003909 64
0.00391 65
0.003911 64
0.003912 63
0.003913 63
0.003914 61
0.003915 63
0.003916 64
0.003917 66
0.003918 66
0.003919 67
0.00392 67
0.003921 67
0.003922 68
0.003923 66
0.003924 67
0.003925 68
0.003926 68
0.003927 69
0.003928 69
0.003929 68
0.00393 69
0.003931 69
0.003932 69
0.003933 69
0.003934 72
0.003935 72
0.003936 72
0.003937 71
0.003938 71
0.003939 71
0.00394 71
0.003941 71
0.003942 70
0.003943 70
0.003944 69
0.003945 69
0.003946 69
0.003947 70
0.003948 70
0.003949 70
0.00395 70
0.003951 70
0.003952 70
0.003953 71
0.003954 70
0.003955 71
0.003956 70
0.003957 71
0.003958 71
0.003959 71
0.00396 74
0.003961 76
0.003962 76
0.003963 75
0.003964 74
0.003965 74
0.003966 74
0.003967 74
0.003968 74
0.003969 73
0.00397 74
0.003971 73
0.003972 74
0.003973 74
0.003974 74
0.003975 73
0.003976 74
0.003977 73
0.003978 73
0.003979 74
0.00398 74
0.003981 75
0.003982 74
0.003983 74
0.003984 72
0.003985 72
0.003986 72
0.003987 73
0.003988 73
0.003989 73
0.00399 73
0.003991 73
0.003992 72
0.003993 72
0.003994 72
0.003995 73
0.003996 73
0.003997 73
0.003998 73
0.003999 72
0.004 72
0.004001 73
0.004002 74
0.004003 73
0.004004 75
0.004005 75
0.004006 75
0.004007 74
0.004008 75
0.004009 74
0.00401 74
0.004011 74
0.004012 75
0.004013 75
0.004014 75
0.004015 74
0.004016 75
0.004017 75
0.004018 75
0.004019 76
0.00402 76
0.004021 75
0.004022 75
0.004023 75
0.004024 76
0.004025 77
0.004026 76
0.004027 76
0.004028 76
0.004029 76
0.00403 76
0.004031 79
0.004032 81
0.004033 81
0.004034 82
0.004035 80
0.004036 80
0.004037 80
0.004038 81
0.004039 81
0.00404 80
0.004041 80
0.004042 79
0.004043 80
0.004044 80
0.004045 80
0.004046 80
0.004047 82
0.004048 81
0.004049 82
0.00405 81
0.004051 80
0.004052 79
0.004053 80
0.004054 80
0.004055 80
0.004056 80
0.004057 80
0.004058 82
0.004059 83
0.00406 84
0.004061 83
0.004062 83
0.004063 83
0.004064 82
0.004065 82
0.004066 82
0.004067 82
0.004068 82
0.004069 83
0.00407 83
0.004071 84
0.004072 84
0.004073 84
0.004074 83
0.004075 84
0.004076 85
0.004077 84
0.004078 84
0.004079 85
0.00408 85
0.004081 83
0.004082 83
0.004083 82
0.004084 83
0.004085 83
0.004086 82
0.004087 81
0.004088 80
0.004089 80
0.00409 84
0.004091 84
0.004092 84
0.004093 84
0.004094 84
0.004095 84
0.004096 83
0.004097 83
0.004098 83
0.004099 84
0.0041 82
0.004101 81
0.004102 81
0.004103 81
0.004104 80
0.004105 80
0.004106 82
0.004107 83
0.004108 83
0.004109 84
0.00411 84
0.004111 83
0.004112 82
0.004113 82
0.004114 83
0.004115 84
0.004116 82
0.004117 82
0.004118 81
0.004119 80
0.00412 81
0.004121 83
0.004122 82
0.004123 82
0.004124 82
0.004125 82
0.004126 82
0.004127 82
0.004128 82
0.004129 82
0.00413 83
0.004131 84
0.004132 84
0.004133 85
0.004134 84
0.004135 83
0.004136 84
0.004137 84
0.004138 84
0.004139 84
0.00414 86
0.004141 84
0.004142 84
0.004143 84
0.004144 85
0.004145 85
0.004146 86
0.004147 86
0.004148 86
0.004149 87
0.00415 86
0.004151 86
0.004152 86
0.004153 86
0.004154 86
0.004155 88
0.004156 88
0.004157 87
0.004158 87
0.004159 86
0.00416 86
0.004161 87
0.004162 87
0.004163 86
0.004164 86
0.004165 85
0.004166 85
0.004167 85
0.004168 87
0.004169 87
0.00417 87
0.004171 87
0.004172 87
0.004173 87
0.004174 87
0.004175 86
0.004176 86
0.004177 88
0.004178 88
0.004179 89
0.00418 88
0.004181 87
0.004182 87
0.004183 85
0.004184 85
0.004185 85
0.004186 85
0.004187 84
0.004188 86
0.004189 87
0.00419 88
0.004191 88
0.004192 90
0.004193 89
0.004194 89
0.004195 88
0.004196 89
0.004197 87
0.004198 86
0.004199 89
0.0042 89
0.004201 89
0.004202 91
0.004203 89
0.004204 89
0.004205 89
0.004206 87
0.004207 87
0.004208 88
0.004209 88
0.00421 89
0.004211 87
0.004212 84
0.004213 85
0.004214 86
0.004215 87
0.004216 87
0.004217 87
0.004218 86
0.004219 86
0.00422 86
0.004221 87
0.004222 88
0.004223 88
0.004224 89
0.004225 90
0.004226 89
0.004227 88
0.004228 87
0.004229 87
0.00423 88
0.004231 88
0.004232 89
0.004233 88
0.004234 87
0.004235 86
0.004236 85
0.004237 86
0.004238 86
0.004239 86
0.00424 86
0.004241 87
0.004242 87
0.004243 88
0.004244 88
0.004245 89
0.004246 89
0.004247 90
0.004248 90
0.004249 91
0.00425 90
0.004251 90
0.004252 90
0.004253 90
0.004254 90
0.004255 90
0.004256 91
0.004257 91
0.004258 92
0.004259 92
0.00426 91
0.004261 91
0.004262 90
0.004263 91
0.004264 92
0.004265 92
0.004266 94
0.004267 94
0.004268 94
0.004269 95
0.00427 95
0.004271 95
0.004272 96
0.004273 96
0.004274 96
0.004275 97
0.004276 96
0.004277 95
0.004278 95
0.004279 94
0.00428 94
0.004281 94
0.004282 94
0.004283 92
0.004284 91
0.004285 92
0.004286 93
0.004287 93
0.004288 93
0.004289 93
0.00429 93
0.004291 93
0.004292 94
0.004293 94
0.004294 94
0.004295 96
0.004296 95
0.004297 95
0.004298 94
0.004299 93
0.0043 93
0.004301 92
0.004302 92
0.004303 92
0.004304 90
0.004305 89
0.004306 89
0.004307 90
0.004308 90
0.004309 90
0.00431 91
0.004311 90
0.004312 88
0.004313 88
0.004314 89
0.004315 90
0.004316 91
0.004317 92
0.004318 92
0.004319 91
0.00432 89
0.004321 89
0.004322 89
0.004323 89
0.004324 90
0.004325 90
0.004326 89
0.004327 88
0.004328 86
0.004329 87
0.00433 86
0.004331 88
0.004332 88
0.004333 88
0.004334 87
0.004335 86
0.004336 88
0.004337 87
0.004338 87
0.004339 86
0.00434 86
0.004341 86
0.004342 85
0.004343 85
0.004344 84
0.004345 83
0.004346 82
0.004347 83
0.004348 83
0.004349 83
0.00435 83
0.004351 83
0.004352 83
0.004353 83
0.004354 83
0.004355 80
0.004356 79
0.004357 79
0.004358 79
0.004359 81
0.00436 81
0.004361 82
0.004362 81
0.004363 81
0.004364 81
0.004365 81
0.004366 81
0.004367 80
0.004368 80
0.004369 82
0.00437 81
0.004371 82
0.004372 82
0.004373 82
0.004374 82
0.004375 82
0.004376 83
0.004377 83
0.004378 81
0.004379 82
0.00438 83
0.004381 84
0.004382 83
0.004383 82
0.004384 82
0.004385 82
0.004386 81
0.004387 82
0.004388 81
0.004389 81
0.00439 81
0.004391 79
0.004392 79
0.004393 78
0.004394 78
0.004395 78
0.004396 77
0.004397 77
0.004398 77
0.004399 77
0.0044 79
0.004401 77
0.004402 76
0.004403 77
0.004404 77
0.004405 77
0.004406 77
0.004407 77
0.004408 77
0.004409 78
0.00441 76
0.004411 77
0.004412 77
0.004413 74
0.004414 73
0.004415 72
0.004416 71
0.004417 72
0.004418 71
0.004419 71
0.00442 71
0.004421 73
0.004422 74
0.004423 74
0.004424 75
0.004425 77
0.004426 77
0.004427 77
0.004428 76
0.004429 76
0.00443 77
0.004431 78
0.004432 78
0.004433 79
0.004434 79
0.004435 78
0.004436 81
0.004437 82
0.004438 83
0.004439 82
0.00444 83
0.004441 84
0.004442 84
0.004443 85
0.004444 85
0.004445 85
0.004446 84
0.004447 84
0.004448 85
0.004449 87
0.00445 87
0.004451 89
0.004452 89
0.004453 88
0.004454 88
0.004455 89
0.004456 90
0.004457 89
0.004458 88
0.004459 88
0.00446 89
0.004461 89
0.004462 89
0.004463 90
0.004464 89
0.004465 90
0.004466 91
0.004467 91
0.004468 91
0.004469 93
0.00447 92
0.004471 91
0.004472 90
0.004473 90
0.004474 91
0.004475 91
0.004476 91
0.004477 93
0.004478 92
0.004479 92
0.00448 92
0.004481 92
0.004482 91
0.004483 91
0.004484 91
0.004485 91
0.004486 89
0.004487 89
0.004488 89
0.004489 89
0.00449 89
0.004491 89
0.004492 90
0.004493 89
0.004494 89
0.004495 88
0.004496 88
0.004497 88
0.004498 88
0.004499 88
0.0045 87
0.004501 87
0.004502 88
0.004503 87
0.004504 88
0.004505 87
0.004506 87
0.004507 88
0.004508 90
0.004509 91
0.00451 91
0.004511 90
0.004512 90
0.004513 88
0.004514 87
0.004515 87
0.004516 86
0.004517 85
0.004518 84
0.004519 85
0.00452 84
0.004521 84
0.004522 82
0.004523 83
0.004524 84
0.004525 84
0.004526 85
0.004527 84
0.004528 84
0.004529 84
0.00453 84
0.004531 84
0.004532 84
0.004533 84
0.004534 84
0.004535 84
0.004536 84
0.004537 82
0.004538 85
0.004539 85
0.00454 85
0.004541 88
0.004542 87
0.004543 86
0.004544 86
0.004545 87
0.004546 87
0.004547 86
0.004548 86
0.004549 86
0.00455 85
0.004551 85
0.004552 85
0.004553 84
0.004554 85
0.004555 84
0.004556 84
0.004557 84
0.004558 84
0.004559 86
0.00456 86
0.004561 85
0.004562 84
0.004563 85
0.004564 86
0.004565 88
0.004566 88
0.004567 87
0.004568 88
0.004569 88
0.00457 87
0.004571 87
0.004572 87
0.004573 86
0.004574 86
0.004575 86
0.004576 86
0.004577 86
0.004578 87
0.004579 88
0.00458 88
0.004581 90
0.004582 89
0.004583 89
0.004584 91
0.004585 91
0.004586 92
0.004587 92
0.004588 91
0.004589 92
0.00459 92
0.004591 92
0.004592 92
0.004593 93
0.004594 93
0.004595 90
0.004596 91
0.004597 91
0.004598 92
0.004599 92
0.0046 95
0.004601 94
0.004602 94
0.004603 91
0.004604 91
0.004605 92
0.004606 94
0.004607 93
0.004608 93
0.004609 95
0.00461 97
0.004611 98
0.004612 99
0.004613 99
0.004614 99
0.004615 99
0.004616 98
0.004617 99
0.004618 98
0.004619 98
0.00462 97
0.004621 98
0.004622 98
0.004623 99
0.004624 99
0.004625 97
0.004626 97
0.004627 96
0.004628 95
0.004629 94
0.00463 94
0.004631 94
0.004632 95
0.004633 95
0.004634 94
0.004635 93
0.004636 95
0.004637 96
0.004638 96
0.004639 96
0.00464 96
0.004641 95
0.004642 96
0.004643 97
0.004644 97
0.004645 96
0.004646 97
0.004647 95
0.004648 93
0.004649 92
0.00465 93
0.004651 93
0.004652 91
0.004653 91
0.004654 90
0.004655 90
0.004656 91
0.004657 91
0.004658 91
0.004659 90
0.00466 90
0.004661 91
0.004662 90
0.004663 89
0.004664 90
0.004665 89
0.004666 89
0.004667 89
0.004668 89
0.004669 87
0.00467 87
0.004671 87
0.004672 87
0.004673 87
0.004674 87
0.004675 87
0.004676 87
0.004677 87
0.004678 86
0.004679 86
0.00468 86
0.004681 86
0.004682 86
0.004683 88
0.004684 88
0.004685 88
0.004686 87
0.004687 87
0.004688 86
0.004689 86
0.00469 85
0.004691 84
0.004692 85
0.004693 85
0.004694 85
0.004695 84
0.004696 86
0.004697 87
0.004698 88
0.004699 90
0.0047 89
0.004701 88
0.004702 88
0.004703 87
0.004704 89
0.004705 89
0.004706 89
0.004707 90
0.004708 91
0.004709 92
0.00471 92
0.004711 92
0.004712 91
0.004713 92
0.004714 92
0.004715 92
0.004716 92
0.004717 93
0.004718 92
0.004719 92
0.00472 91
0.004721 91
0.004722 91
0.004723 91
0.004724 92
0.004725 91
0.004726 90
0.004727 90
0.004728 90
0.004729 91
0.00473 91
0.004731 90
0.004732 90
0.004733 93
0.004734 94
0.004735 94
0.004736 95
0.004737 95
0.004738 94
0.004739 94
0.00474 96
0.004741 96
0.004742 97
0.004743 96
0.004744 96
0.004745 97
0.004746 98
0.004747 97
0.004748 98
0.004749 98
0.00475 100
0.004751 101
0.004752 99
0.004753 99
0.004754 98
0.004755 98
0.004756 97
0.004757 96
0.004758 96
0.004759 95
0.00476 96
0.004761 96
0.004762 97
0.004763 97
0.004764 96
0.004765 96
0.004766 96
0.004767 97
0.004768 97
0.004769 96
0.00477 96
0.004771 95
0.004772 94
0.004773 95
0.004774 95
0.004775 95
0.004776 95
0.004777 96
0.004778 98
0.004779 97
0.00478 96
0.004781 97
0.004782 98
0.004783 98
0.004784 99
0.004785 99
0.004786 100
0.004787 101
0.004788 101
0.004789 101
0.00479 100
0.004791 101
0.004792 101
0.004793 99
0.004794 99
0.004795 97
0.004796 97
0.004797 98
0.004798 98
0.004799 97
0.0048 98
0.004801 99
0.004802 98
0.004803 98
0.004804 98
0.004805 96
0.004806 96
0.004807 94
0.004808 94
0.004809 94
0.00481 95
0.004811 94
0.004812 93
0.004813 94
0.004814 93
0.004815 94
0.004816 94
0.004817 96
0.004818 97
0.004819 97
0.00482 98
0.004821 100
0.004822 100
0.004823 99
0.004824 98
0.004825 97
0.004826 98
0.004827 98
0.004828 98
0.004829 96
0.00483 96
0.004831 94
0.004832 93
0.004833 93
0.004834 94
0.004835 95
0.004836 95
0.004837 93
0.004838 93
0.004839 93
0.00484 92
0.004841 90
0.004842 90
0.004843 90
0.004844 89
0.004845 91
0.004846 90
0.004847 90
0.004848 88
0.004849 86
0.00485 86
0.004851 84
0.004852 84
0.004853 85
0.004854 84
0.004855 85
0.004856 86
0.004857 85
0.004858 84
0.004859 85
0.00486 83
0.004861 81
0.004862 81
0.004863 81
0.004864 81
0.004865 79
0.004866 78
0.004867 79
0.004868 79
0.004869 80
0.00487 79
0.004871 79
0.004872 79
0.004873 79
0.004874 79
0.004875 79
0.004876 78
0.004877 78
0.004878 78
0.004879 78
0.00488 77
0.004881 76
0.004882 78
0.004883 78
0.004884 78
0.004885 78
0.004886 79
0.004887 79
0.004888 79
0.004889 80
0.00489 81
0.004891 81
0.004892 82
0.004893 81
0.004894 82
0.004895 82
0.004896 83
0.004897 81
0.004898 81
0.004899 81
0.0049 80
0.004901 79
0.004902 79
0.004903 79
0.004904 78
0.004905 78
0.004906 78
0.004907 78
0.004908 80
0.004909 80
0.00491 81
0.004911 81
0.004912 81
0.004913 81
0.004914 80
0.004915 80
0.004916 81
0.004917 83
0.004918 83
0.004919 84
0.00492 85
0.004921 84
0.004922 86
0.004923 87
0.004924 87
0.004925 88
0.004926 86
0.004927 86
0.004928 86
0.004929 87
0.00493 88
0.004931 86
0.004932 86
0.004933 86
0.004934 87
0.004935 87
0.004936 87
0.004937 88
0.004938 88
0.004939 87
0.00494 87
0.004941 88
0.004942 89
0.004943 90
0.004944 90
0.004945 89
0.004946 90
0.004947 90
0.004948 89
0.004949 88
0.00495 88
0.004951 89
0.004952 90
0.004953 89
0.004954 89
0.004955 85
0.004956 85
0.004957 85
0.004958 85
0.004959 84
0.00496 85
0.004961 83
0.004962 83
0.004963 84
0.004964 84
0.004965 83
0.004966 83
0.004967 84
0.004968 85
0.004969 85
0.00497 85
0.004971 84
0.004972 85
0.004973 87
0.004974 87
0.004975 86
0.004976 86
0.004977 84
0.004978 84
0.004979 85
0.00498 85
0.004981 85
0.004982 85
0.004983 83
0.004984 82
0.004985 82
0.004986 81
0.004987 81
0.004988 81
0.004989 81
0.00499 80
0.004991 79
0.004992 79
0.004993 79
0.004994 80
0.004995 78
0.004996 78
0.004997 80
0.004998 80
0.004999 81
0.005 82
