0 6802
1e-06 6790
2e-06 6774
3e-06 6760
4e-06 6748
5e-06 6739
6e-06 6731
7e-06 6714
8e-06 6695
9e-06 6683
1e-05 6668
1.1e-05 6652
1.2e-05 6643
1.3e-05 6621
1.4e-05 6604
1.5e-05 6585
1.6e-05 6569
1.7e-05 6554
1.8e-05 6533
1.9e-05 6526
2e-05 6516
2.1e-05 6508
2.2e-05 6492
2.3e-05 6477
2.4e-05 6459
2.5e-05 6449
2.6e-05 6438
2.7e-05 6425
2.8e-05 6404
2.9e-05 6384
3e-05 6370
3.1e-05 6360
3.2e-05 6351
3.3e-05 6339
3.4e-05 6331
3.5e-05 6325
3.6e-05 6318
3.7e-05 6310
3.8e-05 6303
3.9e-05 6288
4e-05 6279
4.1e-05 6272
4.2e-05 6266
4.3e-05 6256
4.4e-05 6248
4.5e-05 6238
4.6e-05 6231
4.7e-05 6221
4.8e-05 6215
4.9e-05 6207
5e-05 6197
5.1e-05 6185
5.2e-05 6174
5.3e-05 6164
5.4e-05 6154
5.5e-05 6147
5.6e-05 6135
5.7e-05 6123
5.8e-05 6107
5.9e-05 6098
6e-05 6090
6.1e-05 6080
6.2e-05 6076
6.3e-05 6070
6.4e-05 6060
6.5e-05 6052
6.6e-05 6042
6.7e-05 6031
6.8e-05 6021
6.9e-05 6014
7e-05 6011
7.1e-05 6000
7.2e-05 5993
7.3e-05 5986
7.4e-05 5981
7.5e-05 5970
7.6e-05 5967
7.7e-05 5961
7.8e-05 5953
7.9e-05 5945
8e-05 5939
8.1e-05 5928
8.2e-05 5919
8.3e-05 5906
8.4e-05 5898
8.5e-05 5894
8.6e-05 5885
8.7e-05 5878
8.8e-05 5872
8.9e-05 5868
9e-05 5864
9.1e-05 5860
9.2e-05 5851
9.3e-05 5838
9.4e-05 5833
9.5e-05 5830
9.6e-05 5825
9.7e-05 5816
9.8e-05 5807
9.9e-05 5795
0.0001 5791
0.000101 5789
0.000102 5784
0.000103 5774
0.000104 5762
0.000105 5752
0.000106 5745
0.000107 5738
0.000108 5733
0.000109 5727
0.00011 5720
0.000111 5709
0.000112 5701
0.000113 5698
0.000114 5696
0.000115 5694
0.000116 5687
0.000117 5683
0.000118 5680
0.000119 5677
0.00012 5673
0.000121 5671
0.000122 5662
0.000123 5657
0.000124 5651
0.000125 5648
0.000126 5645
0.000127 5641
0.000128 5637
0.000129 5626
0.00013 5622
0.000131 5618
0.000132 5615
0.000133 5611
0.000134 5609
0.000135 5600
0.000136 5593
0.000137 5589
0.000138 5585
0.000139 5581
0.00014 5579
0.000141 5574
0.000142 5572
0.000143 5569
0.000144 5566
0.000145 5561
0.000146 5557
0.000147 5553
0.000148 5550
0.000149 5549
0.00015 5546
0.000151 5542
0.000152 5537
0.000153 5533
0.000154 5527
0.000155 5519
0.000156 5518
0.000157 5516
0.000158 5512
0.000159 5508
0.00016 5503
0.000161 5500
0.000162 5491
0.000163 5488
0.000164 5484
0.000165 5479
0.000166 5475
0.000167 5472
0.000168 5470
0.000169 5468
0.00017 5462
0.000171 5454
0.000172 5453
0.000173 5450
0.000174 5446
0.000175 5444
0.000176 5441
0.000177 5437
0.000178 5435
0.000179 5434
0.00018 5430
0.000181 5426
0.000182 5423
0.000183 5419
0.000184 5416
0.000185 5412
0.000186 5408
0.000187 5406
0.000188 5404
0.000189 5398
0.00019 5392
0.000191 5388
0.000192 5386
0.000193 5383
0.000194 5379
0.000195 5374
0.000196 5366
0.000197 5363
0.000198 5361
0.000199 5358
0.0002 5353
0.000201 5351
0.000202 5350
0.000203 5347
0.000204 5342
0.000205 5340
0.000206 5337
0.000207 5336
0.000208 5335
0.000209 5333
0.00021 5330
0.000211 5328
0.000212 5326
0.000213 5319
0.000214 5315
0.000215 5312
0.000216 5312
0.000217 5310
0.000218 5306
0.000219 5302
0.00022 5297
0.000221 5296
0.000222 5291
0.000223 5289
0.000224 5286
0.000225 5283
0.000226 5280
0.000227 5279
0.000228 5277
0.000229 5273
0.00023 5269
0.000231 5266
0.000232 5261
0.000233 5261
0.000234 5256
0.000235 5256
0.000236 5254
0.000237 5254
0.000238 5251
0.000239 5249
0.00024 5247
0.000241 5243
0.000242 5238
0.000243 5234
0.000244 5230
0.000245 5228
0.000246 5227
0.000247 5226
0.000248 5222
0.000249 5218
0.00025 5216
0.000251 5213
0.000252 5212
0.000253 5208
0.000254 5207
0.000255 5208
0.000256 5207
0.000257 5201
0.000258 5198
0.000259 5196
0.00026 5190
0.000261 5188
0.000262 5187
0.000263 5187
0.000264 5185
0.000265 5181
0.000266 5180
0.000267 5178
0.000268 5177
0.000269 5174
0.00027 5171
0.000271 5169
0.000272 5169
0.000273 5168
0.000274 5166
0.000275 5164
0.000276 5163
0.000277 5159
0.000278 5156
0.000279 5152
0.00028 5152
0.000281 5152
0.000282 5152
0.000283 5151
0.000284 5150
0.000285 5149
0.000286 5148
0.000287 5147
0.000288 5147
0.000289 5144
0.00029 5141
0.000291 5139
0.000292 5139
0.000293 5137
0.000294 5133
0.000295 5130
0.000296 5129
0.000297 5129
0.000298 5127
0.000299 5127
0.0003 5124
0.000301 5122
0.000302 5122
0.000303 5121
0.000304 5119
0.000305 5119
0.000306 5119
0.000307 5118
0.000308 5115
0.000309 5115
0.00031 5113
0.000311 5113
0.000312 5112
0.000313 5112
0.000314 5110
0.000315 5107
0.000316 5106
0.000317 5106
0.000318 5106
0.000319 5106
0.00032 5105
0.000321 5106
0.000322 5104
0.000323 5103
0.000324 5101
0.000325 5096
0.000326 5097
0.000327 5097
0.000328 5096
0.000329 5093
0.00033 5091
0.000331 5090
0.000332 5088
0.000333 5088
0.000334 5087
0.000335 5087
0.000336 5086
0.000337 5086
0.000338 5085
0.000339 5084
0.00034 5082
0.000341 5081
0.000342 5081
0.000343 5081
0.000344 5076
0.000345 5076
0.000346 5073
0.000347 5073
0.000348 5072
0.000349 5071
0.00035 5067
0.000351 5065
0.000352 5065
0.000353 5065
0.000354 5066
0.000355 5064
0.000356 5062
0.000357 5061
0.000358 5061
0.000359 5059
0.00036 5057
0.000361 5058
0.000362 5057
0.000363 5055
0.000364 5054
0.000365 5053
0.000366 5053
0.000367 5052
0.000368 5051
0.000369 5050
0.00037 5049
0.000371 5046
0.000372 5046
0.000373 5046
0.000374 5046
0.000375 5044
0.000376 5044
0.000377 5042
0.000378 5039
0.000379 5039
0.00038 5039
0.000381 5038
0.000382 5037
0.000383 5037
0.000384 5037
0.000385 5036
0.000386 5036
0.000387 5036
0.000388 5035
0.000389 5035
0.00039 5035
0.000391 5034
0.000392 5034
0.000393 5036
0.000394 5035
0.000395 5035
0.000396 5035
0.000397 5034
0.000398 5032
0.000399 5031
0.0004 5030
0.000401 5028
0.000402 5027
0.000403 5025
0.000404 5024
0.000405 5023
0.000406 5021
0.000407 5019
0.000408 5017
0.000409 5016
0.00041 5014
0.000411 5012
0.000412 5010
0.000413 5010
0.000414 5010
0.000415 5010
0.000416 5011
0.000417 5009
0.000418 5006
0.000419 5004
0.00042 5004
0.000421 5002
0.000422 5000
0.000423 5001
0.000424 5001
0.000425 5000
0.000426 5000
0.000427 4997
0.000428 4995
0.000429 4994
0.00043 4991
0.000431 4991
0.000432 4991
0.000433 4991
0.000434 4989
0.000435 4989
0.000436 4989
0.000437 4989
0.000438 4989
0.000439 4989
0.00044 4988
0.000441 4988
0.000442 4985
0.000443 4985
0.000444 4985
0.000445 4985
0.000446 4985
0.000447 4985
0.000448 4983
0.000449 4983
0.00045 4983
0.000451 4983
0.000452 4983
0.000453 4983
0.000454 4983
0.000455 4983
0.000456 4981
0.000457 4980
0.000458 4980
0.000459 4979
0.00046 4980
0.000461 4980
0.000462 4978
0.000463 4976
0.000464 4976
0.000465 4974
0.000466 4973
0.000467 4973
0.000468 4973
0.000469 4971
0.00047 4970
0.000471 4970
0.000472 4969
0.000473 4969
0.000474 4969
0.000475 4969
0.000476 4968
0.000477 4968
0.000478 4968
0.000479 4968
0.00048 4967
0.000481 4966
0.000482 4964
0.000483 4962
0.000484 4961
0.000485 4960
0.000486 4960
0.000487 4960
0.000488 4960
0.000489 4958
0.00049 4957
0.000491 4956
0.000492 4956
0.000493 4955
0.000494 4955
0.000495 4955
0.000496 4954
0.000497 4954
0.000498 4951
0.000499 4951
0.0005 4951
0.000501 4951
0.000502 4949
0.000503 4949
0.000504 4949
0.000505 4948
0.000506 4948
0.000507 4945
0.000508 4944
0.000509 4944
0.00051 4944
0.000511 4943
0.000512 4943
0.000513 4943
0.000514 4943
0.000515 4942
0.000516 4943
0.000517 4943
0.000518 4942
0.000519 4941
0.00052 4940
0.000521 4940
0.000522 4938
0.000523 4938
0.000524 4938
0.000525 4938
0.000526 4938
0.000527 4938
0.000528 4937
0.000529 4937
0.00053 4935
0.000531 4935
0.000532 4935
0.000533 4934
0.000534 4934
0.000535 4933
0.000536 4933
0.000537 4931
0.000538 4931
0.000539 4931
0.00054 4930
0.000541 4929
0.000542 4928
0.000543 4927
0.000544 4926
0.000545 4926
0.000546 4926
0.000547 4926
0.000548 4926
0.000549 4925
0.00055 4924
0.000551 4923
0.000552 4923
0.000553 4922
0.000554 4921
0.000555 4922
0.000556 4922
0.000557 4922
0.000558 4921
0.000559 4920
0.00056 4919
0.000561 4919
0.000562 4919
0.000563 4919
0.000564 4919
0.000565 4919
0.000566 4919
0.000567 4920
0.000568 4920
0.000569 4920
0.00057 4918
0.000571 4917
0.000572 4917
0.000573 4917
0.000574 4916
0.000575 4916
0.000576 4915
0.000577 4914
0.000578 4915
0.000579 4915
0.00058 4915
0.000581 4915
0.000582 4915
0.000583 4915
0.000584 4915
0.000585 4914
0.000586 4913
0.000587 4913
0.000588 4912
0.000589 4912
0.00059 4912
0.000591 4911
0.000592 4911
0.000593 4912
0.000594 4912
0.000595 4912
0.000596 4913
0.000597 4913
0.000598 4912
0.000599 4911
0.0006 4910
0.000601 4910
0.000602 4910
0.000603 4908
0.000604 4908
0.000605 4907
0.000606 4907
0.000607 4907
0.000608 4907
0.000609 4907
0.00061 4906
0.000611 4905
0.000612 4905
0.000613 4906
0.000614 4906
0.000615 4906
0.000616 4905
0.000617 4904
0.000618 4904
0.000619 4903
0.00062 4903
0.000621 4903
0.000622 4904
0.000623 4903
0.000624 4904
0.000625 4902
0.000626 4901
0.000627 4902
0.000628 4903
0.000629 4903
0.00063 4902
0.000631 4901
0.000632 4900
0.000633 4899
0.000634 4899
0.000635 4899
0.000636 4898
0.000637 4897
0.000638 4897
0.000639 4895
0.00064 4894
0.000641 4894
0.000642 4894
0.000643 4894
0.000644 4893
0.000645 4893
0.000646 4893
0.000647 4891
0.000648 4891
0.000649 4892
0.00065 4893
0.000651 4893
0.000652 4893
0.000653 4892
0.000654 4892
0.000655 4892
0.000656 4892
0.000657 4892
0.000658 4892
0.000659 4893
0.00066 4893
0.000661 4892
0.000662 4891
0.000663 4891
0.000664 4891
0.000665 4889
0.000666 4889
0.000667 4889
0.000668 4889
0.000669 4889
0.00067 4889
0.000671 4888
0.000672 4887
0.000673 4887
0.000674 4887
0.000675 4886
0.000676 4885
0.000677 4884
0.000678 4884
0.000679 4886
0.00068 4886
0.000681 4886
0.000682 4885
0.000683 4885
0.000684 4885
0.000685 4885
0.000686 4885
0.000687 4885
0.000688 4885
0.000689 4884
0.00069 4884
0.000691 4884
0.000692 4884
0.000693 4885
0.000694 4884
0.000695 4884
0.000696 4884
0.000697 4884
0.000698 4884
0.000699 4884
0.0007 4884
0.000701 4884
0.000702 4884
0.000703 4884
0.000704 4884
0.000705 4884
0.000706 4884
0.000707 4884
0.000708 4884
0.000709 4884
0.00071 4885
0.000711 4886
0.000712 4886
0.000713 4886
0.000714 4887
0.000715 4887
0.000716 4886
0.000717 4886
0.000718 4886
0.000719 4886
0.00072 4886
0.000721 4886
0.000722 4886
0.000723 4886
0.000724 4887
0.000725 4887
0.000726 4886
0.000727 4886
0.000728 4886
0.000729 4886
0.00073 4885
0.000731 4885
0.000732 4886
0.000733 4885
0.000734 4885
0.000735 4885
0.000736 4885
0.000737 4885
0.000738 4885
0.000739 4885
0.00074 4883
0.000741 4883
0.000742 4882
0.000743 4881
0.000744 4881
0.000745 4881
0.000746 4880
0.000747 4882
0.000748 4882
0.000749 4882
0.00075 4882
0.000751 4882
0.000752 4882
0.000753 4881
0.000754 4881
0.000755 4880
0.000756 4880
0.000757 4880
0.000758 4880
0.000759 4880
0.00076 4880
0.000761 4880
0.000762 4880
0.000763 4880
0.000764 4880
0.000765 4880
0.000766 4880
0.000767 4880
0.000768 4881
0.000769 4881
0.00077 4881
0.000771 4881
0.000772 4881
0.000773 4881
0.000774 4881
0.000775 4880
0.000776 4880
0.000777 4879
0.000778 4879
0.000779 4879
0.00078 4878
0.000781 4878
0.000782 4879
0.000783 4878
0.000784 4878
0.000785 4878
0.000786 4877
0.000787 4876
0.000788 4876
0.000789 4877
0.00079 4876
0.000791 4876
0.000792 4878
0.000793 4878
0.000794 4876
0.000795 4876
0.000796 4877
0.000797 4879
0.000798 4879
0.000799 4879
0.0008 4879
0.000801 4879
0.000802 4879
0.000803 4881
0.000804 4880
0.000805 4880
0.000806 4880
0.000807 4879
0.000808 4879
0.000809 4879
0.00081 4879
0.000811 4879
0.000812 4879
0.000813 4879
0.000814 4878
0.000815 4878
0.000816 4878
0.000817 4876
0.000818 4876
0.000819 4876
0.00082 4876
0.000821 4876
0.000822 4875
0.000823 4876
0.000824 4874
0.000825 4874
0.000826 4874
0.000827 4874
0.000828 4876
0.000829 4876
0.00083 4876
0.000831 4875
0.000832 4875
0.000833 4875
0.000834 4875
0.000835 4875
0.000836 4876
0.000837 4877
0.000838 4876
0.000839 4876
0.00084 4876
0.000841 4876
0.000842 4875
0.000843 4875
0.000844 4876
0.000845 4876
0.000846 4876
0.000847 4876
0.000848 4876
0.000849 4876
0.00085 4875
0.000851 4876
0.000852 4876
0.000853 4875
0.000854 4876
0.000855 4876
0.000856 4876
0.000857 4877
0.000858 4877
0.000859 4877
0.00086 4877
0.000861 4877
0.000862 4878
0.000863 4877
0.000864 4875
0.000865 4875
0.000866 4875
0.000867 4875
0.000868 4875
0.000869 4875
0.00087 4875
0.000871 4875
0.000872 4875
0.000873 4874
0.000874 4874
0.000875 4874
0.000876 4872
0.000877 4871
0.000878 4870
0.000879 4870
0.00088 4870
0.000881 4870
0.000882 4870
0.000883 4870
0.000884 4871
0.000885 4871
0.000886 4871
0.000887 4871
0.000888 4871
0.000889 4871
0.00089 4871
0.000891 4871
0.000892 4870
0.000893 4870
0.000894 4870
0.000895 4870
0.000896 4871
0.000897 4872
0.000898 4872
0.000899 4872
0.0009 4871
0.000901 4871
0.000902 4871
0.000903 4871
0.000904 4871
0.000905 4871
0.000906 4870
0.000907 4870
0.000908 4870
0.000909 4871
0.00091 4871
0.000911 4870
0.000912 4869
0.000913 4870
0.000914 4870
0.000915 4870
0.000916 4872
0.000917 4872
0.000918 4872
0.000919 4872
0.00092 4872
0.000921 4872
0.000922 4872
0.000923 4873
0.000924 4873
0.000925 4873
0.000926 4873
0.000927 4872
0.000928 4872
0.000929 4872
0.00093 4872
0.000931 4871
0.000932 4871
0.000933 4871
0.000934 4871
0.000935 4870
0.000936 4868
0.000937 4868
0.000938 4868
0.000939 4868
0.00094 4867
0.000941 4867
0.000942 4865
0.000943 4865
0.000944 4865
0.000945 4865
0.000946 4865
0.000947 4865
0.000948 4866
0.000949 4866
0.00095 4866
0.000951 4865
0.000952 4865
0.000953 4865
0.000954 4865
0.000955 4866
0.000956 4866
0.000957 4866
0.000958 4866
0.000959 4866
0.00096 4866
0.000961 4865
0.000962 4865
0.000963 4865
0.000964 4865
0.000965 4865
0.000966 4865
0.000967 4865
0.000968 4864
0.000969 4864
0.00097 4864
0.000971 4864
0.000972 4865
0.000973 4865
0.000974 4865
0.000975 4865
0.000976 4865
0.000977 4866
0.000978 4866
0.000979 4864
0.00098 4863
0.000981 4863
0.000982 4862
0.000983 4862
0.000984 4862
0.000985 4862
0.000986 4862
0.000987 4862
0.000988 4863
0.000989 4863
0.00099 4863
0.000991 4862
0.000992 4863
0.000993 4862
0.000994 4863
0.000995 4864
0.000996 4863
0.000997 4863
0.000998 4863
0.000999 4862
0.001 4862
0.001001 4862
0.001002 4862
0.001003 4863
0.001004 4863
0.001005 4862
0.001006 4862
0.001007 4861
0.001008 4861
0.001009 4861
0.00101 4861
0.001011 4861
0.001012 4862
0.001013 4861
0.001014 4861
0.001015 4861
0.001016 4861
0.001017 4861
0.001018 4861
0.001019 4861
0.00102 4861
0.001021 4861
0.001022 4861
0.001023 4861
0.001024 4860
0.001025 4860
0.001026 4861
0.001027 4861
0.001028 4860
0.001029 4861
0.00103 4861
0.001031 4861
0.001032 4861
0.001033 4861
0.001034 4862
0.001035 4862
0.001036 4862
0.001037 4862
0.001038 4862
0.001039 4862
0.00104 4862
0.001041 4862
0.001042 4862
0.001043 4862
0.001044 4862
0.001045 4862
0.001046 4861
0.001047 4859
0.001048 4859
0.001049 4859
0.00105 4859
0.001051 4861
0.001052 4861
0.001053 4861
0.001054 4862
0.001055 4862
0.001056 4862
0.001057 4862
0.001058 4862
0.001059 4862
0.00106 4862
0.001061 4862
0.001062 4861
0.001063 4861
0.001064 4861
0.001065 4861
0.001066 4861
0.001067 4860
0.001068 4860
0.001069 4859
0.00107 4859
0.001071 4859
0.001072 4859
0.001073 4859
0.001074 4859
0.001075 4859
0.001076 4859
0.001077 4859
0.001078 4859
0.001079 4859
0.00108 4860
0.001081 4861
0.001082 4862
0.001083 4861
0.001084 4861
0.001085 4862
0.001086 4862
0.001087 4862
0.001088 4862
0.001089 4862
0.00109 4861
0.001091 4861
0.001092 4861
0.001093 4862
0.001094 4862
0.001095 4861
0.001096 4861
0.001097 4860
0.001098 4861
0.001099 4861
0.0011 4861
0.001101 4861
0.001102 4861
0.001103 4861
0.001104 4861
0.001105 4862
0.001106 4862
0.001107 4862
0.001108 4862
0.001109 4862
0.00111 4861
0.001111 4861
0.001112 4861
0.001113 4861
0.001114 4861
0.001115 4861
0.001116 4861
0.001117 4860
0.001118 4860
0.001119 4860
0.00112 4861
0.001121 4861
0.001122 4860
0.001123 4860
0.001124 4860
0.001125 4860
0.001126 4861
0.001127 4861
0.001128 4861
0.001129 4861
0.00113 4861
0.001131 4860
0.001132 4859
0.001133 4859
0.001134 4859
0.001135 4860
0.001136 4860
0.001137 4860
0.001138 4860
0.001139 4860
0.00114 4860
0.001141 4860
0.001142 4860
0.001143 4860
0.001144 4860
0.001145 4860
0.001146 4860
0.001147 4860
0.001148 4860
0.001149 4860
0.00115 4860
0.001151 4860
0.001152 4860
0.001153 4859
0.001154 4859
0.001155 4859
0.001156 4859
0.001157 4860
0.001158 4861
0.001159 4861
0.00116 4861
0.001161 4862
0.001162 4862
0.001163 4862
0.001164 4862
0.001165 4862
0.001166 4862
0.001167 4863
0.001168 4862
0.001169 4862
0.00117 4862
0.001171 4862
0.001172 4862
0.001173 4862
0.001174 4862
0.001175 4862
0.001176 4863
0.001177 4863
0.001178 4862
0.001179 4862
0.00118 4862
0.001181 4862
0.001182 4862
0.001183 4862
0.001184 4862
0.001185 4862
0.001186 4862
0.001187 4861
0.001188 4861
0.001189 4862
0.00119 4862
0.001191 4861
0.001192 4862
0.001193 4862
0.001194 4863
0.001195 4863
0.001196 4863
0.001197 4863
0.001198 4863
0.001199 4863
0.0012 4863
0.001201 4863
0.001202 4863
0.001203 4864
0.001204 4864
0.001205 4863
0.001206 4863
0.001207 4863
0.001208 4863
0.001209 4863
0.00121 4863
0.001211 4862
0.001212 4863
0.001213 4863
0.001214 4863
0.001215 4863
0.001216 4863
0.001217 4864
0.001218 4865
0.001219 4863
0.00122 4864
0.001221 4864
0.001222 4864
0.001223 4864
0.001224 4866
0.001225 4868
0.001226 4869
0.001227 4868
0.001228 4868
0.001229 4868
0.00123 4867
0.001231 4867
0.001232 4867
0.001233 4867
0.001234 4867
0.001235 4867
0.001236 4867
0.001237 4867
0.001238 4867
0.001239 4866
0.00124 4865
0.001241 4865
0.001242 4865
0.001243 4864
0.001244 4864
0.001245 4865
0.001246 4865
0.001247 4865
0.001248 4865
0.001249 4865
0.00125 4865
0.001251 4865
0.001252 4865
0.001253 4865
0.001254 4865
0.001255 4865
0.001256 4864
0.001257 4865
0.001258 4864
0.001259 4864
0.00126 4864
0.001261 4864
0.001262 4865
0.001263 4865
0.001264 4865
0.001265 4865
0.001266 4865
0.001267 4865
0.001268 4866
0.001269 4866
0.00127 4866
0.001271 4866
0.001272 4865
0.001273 4864
0.001274 4864
0.001275 4864
0.001276 4864
0.001277 4865
0.001278 4865
0.001279 4865
0.00128 4864
0.001281 4864
0.001282 4864
0.001283 4864
0.001284 4865
0.001285 4865
0.001286 4865
0.001287 4865
0.001288 4865
0.001289 4865
0.00129 4866
0.001291 4866
0.001292 4866
0.001293 4865
0.001294 4865
0.001295 4865
0.001296 4865
0.001297 4865
0.001298 4864
0.001299 4863
0.0013 4863
0.001301 4863
0.001302 4863
0.001303 4863
0.001304 4863
0.001305 4863
0.001306 4863
0.001307 4863
0.001308 4863
0.001309 4864
0.00131 4864
0.001311 4864
0.001312 4864
0.001313 4865
0.001314 4865
0.001315 4865
0.001316 4865
0.001317 4866
0.001318 4866
0.001319 4866
0.00132 4866
0.001321 4866
0.001322 4866
0.001323 4866
0.001324 4866
0.001325 4866
0.001326 4866
0.001327 4866
0.001328 4865
0.001329 4865
0.00133 4865
0.001331 4865
0.001332 4864
0.001333 4864
0.001334 4864
0.001335 4864
0.001336 4864
0.001337 4864
0.001338 4865
0.001339 4864
0.00134 4864
0.001341 4865
0.001342 4865
0.001343 4865
0.001344 4865
0.001345 4865
0.001346 4865
0.001347 4865
0.001348 4865
0.001349 4865
0.00135 4865
0.001351 4865
0.001352 4865
0.001353 4864
0.001354 4864
0.001355 4864
0.001356 4865
0.001357 4865
0.001358 4865
0.001359 4865
0.00136 4864
0.001361 4864
0.001362 4863
0.001363 4863
0.001364 4863
0.001365 4863
0.001366 4863
0.001367 4863
0.001368 4863
0.001369 4864
0.00137 4864
0.001371 4864
0.001372 4864
0.001373 4864
0.001374 4866
0.001375 4866
0.001376 4866
0.001377 4865
0.001378 4865
0.001379 4865
0.00138 4865
0.001381 4866
0.001382 4866
0.001383 4866
0.001384 4866
0.001385 4866
0.001386 4866
0.001387 4866
0.001388 4866
0.001389 4867
0.00139 4866
0.001391 4866
0.001392 4866
0.001393 4866
0.001394 4867
0.001395 4867
0.001396 4867
0.001397 4866
0.001398 4866
0.001399 4866
0.0014 4866
0.001401 4866
0.001402 4865
0.001403 4865
0.001404 4865
0.001405 4864
0.001406 4864
0.001407 4864
0.001408 4864
0.001409 4864
0.00141 4864
0.001411 4864
0.001412 4864
0.001413 4865
0.001414 4865
0.001415 4865
0.001416 4864
0.001417 4864
0.001418 4865
0.001419 4865
0.00142 4865
0.001421 4865
0.001422 4863
0.001423 4863
0.001424 4863
0.001425 4863
0.001426 4863
0.001427 4863
0.001428 4863
0.001429 4864
0.00143 4863
0.001431 4862
0.001432 4862
0.001433 4862
0.001434 4862
0.001435 4860
0.001436 4860
0.001437 4861
0.001438 4861
0.001439 4861
0.00144 4862
0.001441 4862
0.001442 4862
0.001443 4862
0.001444 4863
0.001445 4863
0.001446 4863
0.001447 4863
0.001448 4864
0.001449 4864
0.00145 4864
0.001451 4865
0.001452 4866
0.001453 4866
0.001454 4866
0.001455 4866
0.001456 4866
0.001457 4865
0.001458 4866
0.001459 4866
0.00146 4866
0.001461 4866
0.001462 4866
0.001463 4866
0.001464 4865
0.001465 4865
0.001466 4866
0.001467 4866
0.001468 4866
0.001469 4865
0.00147 4865
0.001471 4865
0.001472 4865
0.001473 4865
0.001474 4865
0.001475 4865
0.001476 4866
0.001477 4866
0.001478 4867
0.001479 4867
0.00148 4867
0.001481 4866
0.001482 4866
0.001483 4865
0.001484 4865
0.001485 4865
0.001486 4865
0.001487 4866
0.001488 4867
0.001489 4867
0.00149 4867
0.001491 4866
0.001492 4866
0.001493 4866
0.001494 4867
0.001495 4867
0.001496 4866
0.001497 4867
0.001498 4868
0.001499 4867
0.0015 4867
0.001501 4867
0.001502 4867
0.001503 4867
0.001504 4868
0.001505 4867
0.001506 4868
0.001507 4868
0.001508 4868
0.001509 4867
0.00151 4867
0.001511 4868
0.001512 4868
0.001513 4868
0.001514 4868
0.001515 4867
0.001516 4867
0.001517 4868
0.001518 4868
0.001519 4868
0.00152 4868
0.001521 4868
0.001522 4869
0.001523 4869
0.001524 4870
0.001525 4870
0.001526 4870
0.001527 4871
0.001528 4871
0.001529 4871
0.00153 4871
0.001531 4871
0.001532 4872
0.001533 4872
0.001534 4872
0.001535 4872
0.001536 4872
0.001537 4872
0.001538 4871
0.001539 4871
0.00154 4871
0.001541 4871
0.001542 4871
0.001543 4871
0.001544 4870
0.001545 4870
0.001546 4871
0.001547 4871
0.001548 4871
0.001549 4871
0.00155 4871
0.001551 4871
0.001552 4872
0.001553 4872
0.001554 4872
0.001555 4872
0.001556 4872
0.001557 4873
0.001558 4872
0.001559 4873
0.00156 4873
0.001561 4873
0.001562 4873
0.001563 4873
0.001564 4872
0.001565 4872
0.001566 4872
0.001567 4872
0.001568 4872
0.001569 4871
0.00157 4871
0.001571 4871
0.001572 4871
0.001573 4871
0.001574 4874
0.001575 4874
0.001576 4873
0.001577 4873
0.001578 4873
0.001579 4873
0.00158 4873
0.001581 4873
0.001582 4873
0.001583 4873
0.001584 4873
0.001585 4874
0.001586 4873
0.001587 4873
0.001588 4873
0.001589 4873
0.00159 4873
0.001591 4873
0.001592 4873
0.001593 4871
0.001594 4871
0.001595 4871
0.001596 4872
0.001597 4872
0.001598 4872
0.001599 4871
0.0016 4871
0.001601 4872
0.001602 4871
0.001603 4870
0.001604 4870
0.001605 4870
0.001606 4870
0.001607 4870
0.001608 4870
0.001609 4868
0.00161 4868
0.001611 4868
0.001612 4868
0.001613 4868
0.001614 4866
0.001615 4866
0.001616 4867
0.001617 4867
0.001618 4867
0.001619 4868
0.00162 4868
0.001621 4867
0.001622 4868
0.001623 4868
0.001624 4868
0.001625 4868
0.001626 4868
0.001627 4869
0.001628 4869
0.001629 4869
0.00163 4870
0.001631 4870
0.001632 4870
0.001633 4870
0.001634 4870
0.001635 4871
0.001636 4871
0.001637 4871
0.001638 4871
0.001639 4870
0.00164 4870
0.001641 4870
0.001642 4870
0.001643 4870
0.001644 4870
0.001645 4870
0.001646 4870
0.001647 4870
0.001648 4870
0.001649 4870
0.00165 4870
0.001651 4870
0.001652 4870
0.001653 4870
0.001654 4871
0.001655 4872
0.001656 4872
0.001657 4873
0.001658 4872
0.001659 4872
0.00166 4872
0.001661 4871
0.001662 4871
0.001663 4871
0.001664 4871
0.001665 4871
0.001666 4872
0.001667 4872
0.001668 4872
0.001669 4873
0.00167 4873
0.001671 4873
0.001672 4873
0.001673 4874
0.001674 4874
0.001675 4874
0.001676 4874
0.001677 4873
0.001678 4873
0.001679 4873
0.00168 4873
0.001681 4873
0.001682 4873
0.001683 4873
0.001684 4873
0.001685 4873
0.001686 4873
0.001687 4873
0.001688 4873
0.001689 4871
0.00169 4870
0.001691 4870
0.001692 4870
0.001693 4869
0.001694 4869
0.001695 4869
0.001696 4869
0.001697 4869
0.001698 4869
0.001699 4869
0.0017 4869
0.001701 4870
0.001702 4870
0.001703 4870
0.001704 4870
0.001705 4870
0.001706 4870
0.001707 4870
0.001708 4870
0.001709 4869
0.00171 4869
0.001711 4869
0.001712 4869
0.001713 4869
0.001714 4869
0.001715 4869
0.001716 4870
0.001717 4870
0.001718 4870
0.001719 4869
0.00172 4868
0.001721 4868
0.001722 4867
0.001723 4867
0.001724 4867
0.001725 4869
0.001726 4868
0.001727 4868
0.001728 4868
0.001729 4868
0.00173 4868
0.001731 4867
0.001732 4867
0.001733 4867
0.001734 4866
0.001735 4866
0.001736 4866
0.001737 4865
0.001738 4865
0.001739 4865
0.00174 4866
0.001741 4866
0.001742 4865
0.001743 4865
0.001744 4865
0.001745 4865
0.001746 4865
0.001747 4865
0.001748 4865
0.001749 4863
0.00175 4863
0.001751 4864
0.001752 4864
0.001753 4864
0.001754 4865
0.001755 4865
0.001756 4865
0.001757 4865
0.001758 4865
0.001759 4865
0.00176 4865
0.001761 4865
0.001762 4865
0.001763 4865
0.001764 4866
0.001765 4867
0.001766 4867
0.001767 4867
0.001768 4867
0.001769 4867
0.00177 4868
0.001771 4867
0.001772 4867
0.001773 4867
0.001774 4867
0.001775 4867
0.001776 4867
0.001777 4867
0.001778 4867
0.001779 4867
0.00178 4866
0.001781 4866
0.001782 4865
0.001783 4865
0.001784 4865
0.001785 4864
0.001786 4864
0.001787 4864
0.001788 4864
0.001789 4864
0.00179 4864
0.001791 4864
0.001792 4864
0.001793 4863
0.001794 4863
0.001795 4863
0.001796 4863
0.001797 4863
0.001798 4864
0.001799 4864
0.0018 4864
0.001801 4864
0.001802 4864
0.001803 4864
0.001804 4864
0.001805 4862
0.001806 4861
0.001807 4860
0.001808 4860
0.001809 4860
0.00181 4861
0.001811 4861
0.001812 4861
0.001813 4861
0.001814 4861
0.001815 4860
0.001816 4860
0.001817 4861
0.001818 4862
0.001819 4862
0.00182 4862
0.001821 4862
0.001822 4862
0.001823 4863
0.001824 4863
0.001825 4863
0.001826 4863
0.001827 4863
0.001828 4863
0.001829 4863
0.00183 4863
0.001831 4863
0.001832 4863
0.001833 4863
0.001834 4863
0.001835 4863
0.001836 4863
0.001837 4863
0.001838 4863
0.001839 4863
0.00184 4864
0.001841 4865
0.001842 4865
0.001843 4865
0.001844 4864
0.001845 4864
0.001846 4864
0.001847 4864
0.001848 4864
0.001849 4864
0.00185 4864
0.001851 4864
0.001852 4864
0.001853 4864
0.001854 4865
0.001855 4865
0.001856 4865
0.001857 4865
0.001858 4866
0.001859 4866
0.00186 4866
0.001861 4866
0.001862 4866
0.001863 4866
0.001864 4866
0.001865 4866
0.001866 4866
0.001867 4866
0.001868 4865
0.001869 4865
0.00187 4865
0.001871 4865
0.001872 4865
0.001873 4865
0.001874 4865
0.001875 4864
0.001876 4864
0.001877 4865
0.001878 4865
0.001879 4865
0.00188 4865
0.001881 4865
0.001882 4865
0.001883 4865
0.001884 4865
0.001885 4865
0.001886 4865
0.001887 4864
0.001888 4864
0.001889 4864
0.00189 4864
0.001891 4864
0.001892 4864
0.001893 4864
0.001894 4865
0.001895 4865
0.001896 4865
0.001897 4865
0.001898 4864
0.001899 4864
0.0019 4865
0.001901 4865
0.001902 4865
0.001903 4865
0.001904 4865
0.001905 4865
0.001906 4865
0.001907 4865
0.001908 4865
0.001909 4865
0.00191 4865
0.001911 4865
0.001912 4865
0.001913 4863
0.001914 4864
0.001915 4864
0.001916 4864
0.001917 4864
0.001918 4864
0.001919 4864
0.00192 4863
0.001921 4863
0.001922 4863
0.001923 4863
0.001924 4863
0.001925 4863
0.001926 4862
0.001927 4862
0.001928 4862
0.001929 4863
0.00193 4863
0.001931 4863
0.001932 4863
0.001933 4863
0.001934 4862
0.001935 4863
0.001936 4863
0.001937 4863
0.001938 4863
0.001939 4863
0.00194 4863
0.001941 4863
0.001942 4863
0.001943 4863
0.001944 4863
0.001945 4862
0.001946 4864
0.001947 4864
0.001948 4864
0.001949 4864
0.00195 4865
0.001951 4865
0.001952 4865
0.001953 4865
0.001954 4865
0.001955 4866
0.001956 4866
0.001957 4866
0.001958 4866
0.001959 4866
0.00196 4866
0.001961 4867
0.001962 4867
0.001963 4867
0.001964 4867
0.001965 4868
0.001966 4868
0.001967 4869
0.001968 4869
0.001969 4870
0.00197 4870
0.001971 4870
0.001972 4870
0.001973 4870
0.001974 4871
0.001975 4870
0.001976 4870
0.001977 4870
0.001978 4869
0.001979 4869
0.00198 4870
0.001981 4870
0.001982 4870
0.001983 4871
0.001984 4871
0.001985 4871
0.001986 4871
0.001987 4871
0.001988 4869
0.001989 4869
0.00199 4869
0.001991 4869
0.001992 4870
0.001993 4870
0.001994 4870
0.001995 4870
0.001996 4870
0.001997 4870
0.001998 4870
0.001999 4870
0.002 4870
0.002001 4870
0.002002 4871
0.002003 4871
0.002004 4871
0.002005 4871
0.002006 4871
0.002007 4870
0.002008 4870
0.002009 4870
0.00201 4870
0.002011 4870
0.002012 4870
0.002013 4870
0.002014 4871
0.002015 4871
0.002016 4871
0.002017 4870
0.002018 4870
0.002019 4870
0.00202 4870
0.002021 4871
0.002022 4870
0.002023 4870
0.002024 4870
0.002025 4870
0.002026 4870
0.002027 4870
0.002028 4870
0.002029 4870
0.00203 4870
0.002031 4870
0.002032 4870
0.002033 4870
0.002034 4870
0.002035 4870
0.002036 4870
0.002037 4870
0.002038 4870
0.002039 4870
0.00204 4871
0.002041 4871
0.002042 4872
0.002043 4872
0.002044 4873
0.002045 4872
0.002046 4872
0.002047 4872
0.002048 4872
0.002049 4873
0.00205 4873
0.002051 4873
0.002052 4873
0.002053 4873
0.002054 4873
0.002055 4873
0.002056 4872
0.002057 4871
0.002058 4871
0.002059 4871
0.00206 4872
0.002061 4871
0.002062 4871
0.002063 4872
0.002064 4872
0.002065 4872
0.002066 4872
0.002067 4872
0.002068 4871
0.002069 4870
0.00207 4870
0.002071 4870
0.002072 4871
0.002073 4871
0.002074 4871
0.002075 4871
0.002076 4871
0.002077 4871
0.002078 4871
0.002079 4871
0.00208 4871
0.002081 4871
0.002082 4871
0.002083 4871
0.002084 4872
0.002085 4871
0.002086 4871
0.002087 4871
0.002088 4870
0.002089 4870
0.00209 4870
0.002091 4870
0.002092 4871
0.002093 4871
0.002094 4872
0.002095 4872
0.002096 4872
0.002097 4871
0.002098 4871
0.002099 4871
0.0021 4871
0.002101 4871
0.002102 4871
0.002103 4872
0.002104 4872
0.002105 4872
0.002106 4872
0.002107 4872
0.002108 4872
0.002109 4873
0.00211 4873
0.002111 4873
0.002112 4873
0.002113 4874
0.002114 4874
0.002115 4874
0.002116 4874
0.002117 4874
0.002118 4874
0.002119 4874
0.00212 4874
0.002121 4874
0.002122 4873
0.002123 4872
0.002124 4872
0.002125 4873
0.002126 4873
0.002127 4872
0.002128 4871
0.002129 4871
0.00213 4872
0.002131 4872
0.002132 4872
0.002133 4872
0.002134 4872
0.002135 4872
0.002136 4872
0.002137 4872
0.002138 4872
0.002139 4872
0.00214 4872
0.002141 4873
0.002142 4873
0.002143 4873
0.002144 4873
0.002145 4875
0.002146 4875
0.002147 4875
0.002148 4875
0.002149 4875
0.00215 4875
0.002151 4875
0.002152 4875
0.002153 4875
0.002154 4876
0.002155 4876
0.002156 4874
0.002157 4874
0.002158 4874
0.002159 4874
0.00216 4874
0.002161 4873
0.002162 4873
0.002163 4873
0.002164 4873
0.002165 4873
0.002166 4875
0.002167 4874
0.002168 4874
0.002169 4874
0.00217 4872
0.002171 4872
0.002172 4872
0.002173 4872
0.002174 4872
0.002175 4872
0.002176 4871
0.002177 4871
0.002178 4872
0.002179 4872
0.00218 4872
0.002181 4870
0.002182 4870
0.002183 4871
0.002184 4871
0.002185 4870
0.002186 4870
0.002187 4870
0.002188 4870
0.002189 4870
0.00219 4870
0.002191 4870
0.002192 4870
0.002193 4871
0.002194 4871
0.002195 4874
0.002196 4874
0.002197 4874
0.002198 4875
0.002199 4875
0.0022 4875
0.002201 4874
0.002202 4873
0.002203 4873
0.002204 4872
0.002205 4873
0.002206 4873
0.002207 4873
0.002208 4872
0.002209 4872
0.00221 4872
0.002211 4872
0.002212 4871
0.002213 4871
0.002214 4871
0.002215 4870
0.002216 4870
0.002217 4870
0.002218 4869
0.002219 4870
0.00222 4870
0.002221 4870
0.002222 4870
0.002223 4870
0.002224 4870
0.002225 4870
0.002226 4872
0.002227 4872
0.002228 4872
0.002229 4872
0.00223 4872
0.002231 4872
0.002232 4871
0.002233 4871
0.002234 4872
0.002235 4872
0.002236 4872
0.002237 4872
0.002238 4871
0.002239 4871
0.00224 4871
0.002241 4870
0.002242 4870
0.002243 4870
0.002244 4869
0.002245 4869
0.002246 4869
0.002247 4869
0.002248 4869
0.002249 4869
0.00225 4870
0.002251 4870
0.002252 4870
0.002253 4870
0.002254 4870
0.002255 4872
0.002256 4872
0.002257 4872
0.002258 4872
0.002259 4871
0.00226 4871
0.002261 4871
0.002262 4871
0.002263 4871
0.002264 4871
0.002265 4870
0.002266 4870
0.002267 4870
0.002268 4871
0.002269 4870
0.00227 4871
0.002271 4871
0.002272 4871
0.002273 4871
0.002274 4871
0.002275 4871
0.002276 4871
0.002277 4871
0.002278 4872
0.002279 4873
0.00228 4872
0.002281 4873
0.002282 4873
0.002283 4873
0.002284 4873
0.002285 4874
0.002286 4874
0.002287 4874
0.002288 4874
0.002289 4874
0.00229 4876
0.002291 4875
0.002292 4874
0.002293 4874
0.002294 4874
0.002295 4874
0.002296 4874
0.002297 4874
0.002298 4875
0.002299 4876
0.0023 4876
0.002301 4876
0.002302 4876
0.002303 4876
0.002304 4876
0.002305 4876
0.002306 4876
0.002307 4876
0.002308 4875
0.002309 4875
0.00231 4875
0.002311 4875
0.002312 4874
0.002313 4874
0.002314 4874
0.002315 4873
0.002316 4874
0.002317 4874
0.002318 4873
0.002319 4873
0.00232 4873
0.002321 4873
0.002322 4873
0.002323 4873
0.002324 4873
0.002325 4873
0.002326 4873
0.002327 4873
0.002328 4873
0.002329 4873
0.00233 4873
0.002331 4873
0.002332 4873
0.002333 4872
0.002334 4872
0.002335 4872
0.002336 4873
0.002337 4873
0.002338 4873
0.002339 4873
0.00234 4873
0.002341 4873
0.002342 4874
0.002343 4874
0.002344 4874
0.002345 4874
0.002346 4873
0.002347 4873
0.002348 4873
0.002349 4873
0.00235 4873
0.002351 4873
0.002352 4872
0.002353 4872
0.002354 4872
0.002355 4873
0.002356 4873
0.002357 4873
0.002358 4873
0.002359 4874
0.00236 4873
0.002361 4873
0.002362 4873
0.002363 4872
0.002364 4872
0.002365 4872
0.002366 4871
0.002367 4871
0.002368 4871
0.002369 4871
0.00237 4871
0.002371 4871
0.002372 4871
0.002373 4871
0.002374 4872
0.002375 4872
0.002376 4871
0.002377 4871
0.002378 4871
0.002379 4870
0.00238 4869
0.002381 4869
0.002382 4869
0.002383 4869
0.002384 4869
0.002385 4869
0.002386 4868
0.002387 4867
0.002388 4867
0.002389 4867
0.00239 4866
0.002391 4866
0.002392 4866
0.002393 4866
0.002394 4866
0.002395 4867
0.002396 4867
0.002397 4867
0.002398 4868
0.002399 4868
0.0024 4868
0.002401 4868
0.002402 4868
0.002403 4868
0.002404 4868
0.002405 4868
0.002406 4868
0.002407 4868
0.002408 4868
0.002409 4869
0.00241 4869
0.002411 4869
0.002412 4869
0.002413 4869
0.002414 4869
0.002415 4869
0.002416 4870
0.002417 4870
0.002418 4870
0.002419 4870
0.00242 4871
0.002421 4871
0.002422 4872
0.002423 4872
0.002424 4872
0.002425 4872
0.002426 4872
0.002427 4872
0.002428 4872
0.002429 4873
0.00243 4873
0.002431 4873
0.002432 4873
0.002433 4873
0.002434 4873
0.002435 4873
0.002436 4873
0.002437 4873
0.002438 4873
0.002439 4873
0.00244 4873
0.002441 4873
0.002442 4873
0.002443 4874
0.002444 4875
0.002445 4876
0.002446 4876
0.002447 4875
0.002448 4875
0.002449 4875
0.00245 4875
0.002451 4875
0.002452 4876
0.002453 4876
0.002454 4876
0.002455 4876
0.002456 4876
0.002457 4876
0.002458 4876
0.002459 4876
0.00246 4876
0.002461 4876
0.002462 4876
0.002463 4876
0.002464 4876
0.002465 4876
0.002466 4877
0.002467 4877
0.002468 4877
0.002469 4877
0.00247 4877
0.002471 4877
0.002472 4877
0.002473 4878
0.002474 4878
0.002475 4878
0.002476 4878
0.002477 4879
0.002478 4879
0.002479 4879
0.00248 4879
0.002481 4879
0.002482 4879
0.002483 4879
0.002484 4879
0.002485 4879
0.002486 4880
0.002487 4880
0.002488 4881
0.002489 4881
0.00249 4880
0.002491 4880
0.002492 4880
0.002493 4880
0.002494 4880
0.002495 4880
0.002496 4880
0.002497 4880
0.002498 4880
0.002499 4880
0.0025 4880
0.002501 4880
0.002502 4880
0.002503 4879
0.002504 4879
0.002505 4879
0.002506 4878
0.002507 4878
0.002508 4877
0.002509 4877
0.00251 4877
0.002511 4877
0.002512 4874
0.002513 4874
0.002514 4875
0.002515 4875
0.002516 4875
0.002517 4875
0.002518 4875
0.002519 4875
0.00252 4875
0.002521 4875
0.002522 4875
0.002523 4875
0.002524 4876
0.002525 4876
0.002526 4876
0.002527 4876
0.002528 4876
0.002529 4875
0.00253 4875
0.002531 4875
0.002532 4875
0.002533 4875
0.002534 4873
0.002535 4873
0.002536 4873
0.002537 4873
0.002538 4872
0.002539 4871
0.00254 4870
0.002541 4870
0.002542 4870
0.002543 4871
0.002544 4871
0.002545 4871
0.002546 4871
0.002547 4870
0.002548 4871
0.002549 4871
0.00255 4871
0.002551 4871
0.002552 4870
0.002553 4870
0.002554 4870
0.002555 4870
0.002556 4870
0.002557 4870
0.002558 4870
0.002559 4870
0.00256 4870
0.002561 4870
0.002562 4870
0.002563 4871
0.002564 4871
0.002565 4870
0.002566 4870
0.002567 4870
0.002568 4870
0.002569 4870
0.00257 4870
0.002571 4871
0.002572 4871
0.002573 4871
0.002574 4869
0.002575 4869
0.002576 4869
0.002577 4869
0.002578 4870
0.002579 4870
0.00258 4869
0.002581 4869
0.002582 4869
0.002583 4869
0.002584 4869
0.002585 4869
0.002586 4869
0.002587 4868
0.002588 4868
0.002589 4868
0.00259 4868
0.002591 4868
0.002592 4870
0.002593 4870
0.002594 4870
0.002595 4870
0.002596 4870
0.002597 4871
0.002598 4871
0.002599 4871
0.0026 4871
0.002601 4871
0.002602 4871
0.002603 4872
0.002604 4871
0.002605 4871
0.002606 4871
0.002607 4871
0.002608 4871
0.002609 4871
0.00261 4871
0.002611 4871
0.002612 4871
0.002613 4870
0.002614 4870
0.002615 4870
0.002616 4869
0.002617 4870
0.002618 4870
0.002619 4870
0.00262 4870
0.002621 4870
0.002622 4870
0.002623 4869
0.002624 4869
0.002625 4869
0.002626 4869
0.002627 4869
0.002628 4869
0.002629 4870
0.00263 4870
0.002631 4870
0.002632 4870
0.002633 4870
0.002634 4870
0.002635 4872
0.002636 4871
0.002637 4870
0.002638 4870
0.002639 4870
0.00264 4871
0.002641 4871
0.002642 4872
0.002643 4872
0.002644 4873
0.002645 4873
0.002646 4873
0.002647 4873
0.002648 4874
0.002649 4874
0.00265 4875
0.002651 4875
0.002652 4876
0.002653 4876
0.002654 4877
0.002655 4876
0.002656 4876
0.002657 4876
0.002658 4876
0.002659 4876
0.00266 4875
0.002661 4875
0.002662 4875
0.002663 4875
0.002664 4875
0.002665 4875
0.002666 4875
0.002667 4875
0.002668 4875
0.002669 4876
0.00267 4876
0.002671 4876
0.002672 4876
0.002673 4877
0.002674 4876
0.002675 4875
0.002676 4875
0.002677 4875
0.002678 4875
0.002679 4875
0.00268 4875
0.002681 4875
0.002682 4876
0.002683 4878
0.002684 4878
0.002685 4878
0.002686 4877
0.002687 4877
0.002688 4877
0.002689 4877
0.00269 4877
0.002691 4877
0.002692 4877
0.002693 4876
0.002694 4876
0.002695 4876
0.002696 4875
0.002697 4875
0.002698 4875
0.002699 4875
0.0027 4874
0.002701 4874
0.002702 4873
0.002703 4873
0.002704 4873
0.002705 4874
0.002706 4874
0.002707 4874
0.002708 4875
0.002709 4876
0.00271 4876
0.002711 4876
0.002712 4877
0.002713 4877
0.002714 4877
0.002715 4877
0.002716 4877
0.002717 4877
0.002718 4876
0.002719 4876
0.00272 4877
0.002721 4876
0.002722 4875
0.002723 4875
0.002724 4875
0.002725 4875
0.002726 4875
0.002727 4875
0.002728 4875
0.002729 4875
0.00273 4875
0.002731 4875
0.002732 4875
0.002733 4876
0.002734 4875
0.002735 4875
0.002736 4875
0.002737 4876
0.002738 4876
0.002739 4876
0.00274 4876
0.002741 4876
0.002742 4876
0.002743 4876
0.002744 4875
0.002745 4874
0.002746 4874
0.002747 4875
0.002748 4875
0.002749 4875
0.00275 4875
0.002751 4875
0.002752 4875
0.002753 4875
0.002754 4875
0.002755 4875
0.002756 4875
0.002757 4876
0.002758 4875
0.002759 4875
0.00276 4875
0.002761 4875
0.002762 4876
0.002763 4875
0.002764 4875
0.002765 4875
0.002766 4875
0.002767 4874
0.002768 4875
0.002769 4875
0.00277 4875
0.002771 4876
0.002772 4877
0.002773 4877
0.002774 4877
0.002775 4876
0.002776 4876
0.002777 4876
0.002778 4876
0.002779 4877
0.00278 4877
0.002781 4877
0.002782 4877
0.002783 4876
0.002784 4874
0.002785 4875
0.002786 4875
0.002787 4875
0.002788 4875
0.002789 4875
0.00279 4875
0.002791 4875
0.002792 4875
0.002793 4875
0.002794 4875
0.002795 4875
0.002796 4876
0.002797 4875
0.002798 4875
0.002799 4875
0.0028 4875
0.002801 4875
0.002802 4875
0.002803 4875
0.002804 4875
0.002805 4875
0.002806 4875
0.002807 4875
0.002808 4875
0.002809 4875
0.00281 4875
0.002811 4875
0.002812 4875
0.002813 4876
0.002814 4876
0.002815 4876
0.002816 4876
0.002817 4876
0.002818 4876
0.002819 4876
0.00282 4876
0.002821 4876
0.002822 4876
0.002823 4875
0.002824 4875
0.002825 4875
0.002826 4874
0.002827 4874
0.002828 4874
0.002829 4874
0.00283 4874
0.002831 4874
0.002832 4874
0.002833 4874
0.002834 4874
0.002835 4874
0.002836 4874
0.002837 4874
0.002838 4873
0.002839 4873
0.00284 4873
0.002841 4873
0.002842 4873
0.002843 4873
0.002844 4873
0.002845 4873
0.002846 4873
0.002847 4873
0.002848 4873
0.002849 4872
0.00285 4872
0.002851 4872
0.002852 4872
0.002853 4872
0.002854 4873
0.002855 4872
0.002856 4872
0.002857 4872
0.002858 4872
0.002859 4872
0.00286 4874
0.002861 4873
0.002862 4873
0.002863 4873
0.002864 4873
0.002865 4873
0.002866 4873
0.002867 4873
0.002868 4874
0.002869 4874
0.00287 4873
0.002871 4873
0.002872 4873
0.002873 4873
0.002874 4873
0.002875 4873
0.002876 4873
0.002877 4872
0.002878 4872
0.002879 4872
0.00288 4872
0.002881 4873
0.002882 4873
0.002883 4873
0.002884 4872
0.002885 4871
0.002886 4872
0.002887 4872
0.002888 4872
0.002889 4872
0.00289 4872
0.002891 4872
0.002892 4872
0.002893 4873
0.002894 4873
0.002895 4873
0.002896 4873
0.002897 4873
0.002898 4873
0.002899 4874
0.0029 4874
0.002901 4874
0.002902 4874
0.002903 4874
0.002904 4875
0.002905 4875
0.002906 4874
0.002907 4873
0.002908 4873
0.002909 4873
0.00291 4873
0.002911 4874
0.002912 4877
0.002913 4877
0.002914 4877
0.002915 4877
0.002916 4878
0.002917 4877
0.002918 4878
0.002919 4878
0.00292 4878
0.002921 4877
0.002922 4877
0.002923 4877
0.002924 4877
0.002925 4877
0.002926 4876
0.002927 4876
0.002928 4876
0.002929 4877
0.00293 4877
0.002931 4877
0.002932 4877
0.002933 4877
0.002934 4876
0.002935 4876
0.002936 4876
0.002937 4875
0.002938 4874
0.002939 4874
0.00294 4873
0.002941 4873
0.002942 4873
0.002943 4873
0.002944 4873
0.002945 4873
0.002946 4873
0.002947 4873
0.002948 4874
0.002949 4873
0.00295 4874
0.002951 4875
0.002952 4875
0.002953 4875
0.002954 4875
0.002955 4875
0.002956 4875
0.002957 4875
0.002958 4875
0.002959 4875
0.00296 4875
0.002961 4875
0.002962 4875
0.002963 4875
0.002964 4875
0.002965 4875
0.002966 4875
0.002967 4876
0.002968 4876
0.002969 4876
0.00297 4877
0.002971 4877
0.002972 4877
0.002973 4877
0.002974 4878
0.002975 4878
0.002976 4876
0.002977 4875
0.002978 4875
0.002979 4875
0.00298 4875
0.002981 4875
0.002982 4875
0.002983 4875
0.002984 4875
0.002985 4877
0.002986 4878
0.002987 4878
0.002988 4877
0.002989 4877
0.00299 4877
0.002991 4877
0.002992 4877
0.002993 4878
0.002994 4878
0.002995 4877
0.002996 4877
0.002997 4877
0.002998 4877
0.002999 4877
0.003 4877
0.003001 4878
0.003002 4878
0.003003 4878
0.003004 4878
0.003005 4878
0.003006 4878
0.003007 4878
0.003008 4878
0.003009 4878
0.00301 4877
0.003011 4876
0.003012 4876
0.003013 4876
0.003014 4876
0.003015 4876
0.003016 4876
0.003017 4876
0.003018 4877
0.003019 4877
0.00302 4877
0.003021 4877
0.003022 4878
0.003023 4879
0.003024 4879
0.003025 4878
0.003026 4878
0.003027 4878
0.003028 4878
0.003029 4878
0.00303 4878
0.003031 4878
0.003032 4878
0.003033 4878
0.003034 4878
0.003035 4877
0.003036 4877
0.003037 4877
0.003038 4876
0.003039 4876
0.00304 4875
0.003041 4875
0.003042 4875
0.003043 4876
0.003044 4877
0.003045 4877
0.003046 4877
0.003047 4877
0.003048 4877
0.003049 4877
0.00305 4877
0.003051 4877
0.003052 4878
0.003053 4877
0.003054 4877
0.003055 4877
0.003056 4877
0.003057 4877
0.003058 4877
0.003059 4877
0.00306 4877
0.003061 4878
0.003062 4879
0.003063 4879
0.003064 4879
0.003065 4878
0.003066 4878
0.003067 4878
0.003068 4878
0.003069 4877
0.00307 4877
0.003071 4877
0.003072 4875
0.003073 4874
0.003074 4874
0.003075 4874
0.003076 4874
0.003077 4874
0.003078 4874
0.003079 4874
0.00308 4874
0.003081 4874
0.003082 4874
0.003083 4875
0.003084 4875
0.003085 4874
0.003086 4874
0.003087 4874
0.003088 4874
0.003089 4874
0.00309 4874
0.003091 4874
0.003092 4873
0.003093 4873
0.003094 4873
0.003095 4873
0.003096 4873
0.003097 4873
0.003098 4873
0.003099 4873
0.0031 4873
0.003101 4875
0.003102 4875
0.003103 4875
0.003104 4875
0.003105 4875
0.003106 4875
0.003107 4875
0.003108 4875
0.003109 4875
0.00311 4875
0.003111 4875
0.003112 4875
0.003113 4875
0.003114 4875
0.003115 4875
0.003116 4876
0.003117 4876
0.003118 4877
0.003119 4877
0.00312 4878
0.003121 4878
0.003122 4878
0.003123 4877
0.003124 4877
0.003125 4877
0.003126 4876
0.003127 4876
0.003128 4876
0.003129 4876
0.00313 4876
0.003131 4876
0.003132 4876
0.003133 4877
0.003134 4875
0.003135 4875
0.003136 4875
0.003137 4875
0.003138 4875
0.003139 4874
0.00314 4874
0.003141 4874
0.003142 4874
0.003143 4874
0.003144 4874
0.003145 4875
0.003146 4875
0.003147 4875
0.003148 4875
0.003149 4875
0.00315 4875
0.003151 4875
0.003152 4875
0.003153 4876
0.003154 4875
0.003155 4875
0.003156 4875
0.003157 4875
0.003158 4875
0.003159 4875
0.00316 4875
0.003161 4875
0.003162 4875
0.003163 4875
0.003164 4875
0.003165 4876
0.003166 4876
0.003167 4876
0.003168 4877
0.003169 4877
0.00317 4877
0.003171 4877
0.003172 4877
0.003173 4877
0.003174 4877
0.003175 4877
0.003176 4877
0.003177 4877
0.003178 4877
0.003179 4876
0.00318 4875
0.003181 4875
0.003182 4875
0.003183 4875
0.003184 4876
0.003185 4876
0.003186 4876
0.003187 4876
0.003188 4876
0.003189 4877
0.00319 4877
0.003191 4877
0.003192 4877
0.003193 4877
0.003194 4876
0.003195 4876
0.003196 4876
0.003197 4876
0.003198 4876
0.003199 4875
0.0032 4875
0.003201 4874
0.003202 4874
0.003203 4874
0.003204 4874
0.003205 4874
0.003206 4874
0.003207 4876
0.003208 4876
0.003209 4875
0.00321 4877
0.003211 4877
0.003212 4877
0.003213 4877
0.003214 4877
0.003215 4877
0.003216 4877
0.003217 4877
0.003218 4877
0.003219 4877
0.00322 4876
0.003221 4876
0.003222 4876
0.003223 4876
0.003224 4875
0.003225 4875
0.003226 4874
0.003227 4874
0.003228 4873
0.003229 4874
0.00323 4874
0.003231 4874
0.003232 4874
0.003233 4874
0.003234 4874
0.003235 4874
0.003236 4874
0.003237 4875
0.003238 4875
0.003239 4875
0.00324 4875
0.003241 4875
0.003242 4875
0.003243 4875
0.003244 4876
0.003245 4876
0.003246 4876
0.003247 4875
0.003248 4874
0.003249 4874
0.00325 4874
0.003251 4875
0.003252 4875
0.003253 4875
0.003254 4875
0.003255 4875
0.003256 4875
0.003257 4875
0.003258 4875
0.003259 4874
0.00326 4875
0.003261 4875
0.003262 4875
0.003263 4875
0.003264 4875
0.003265 4875
0.003266 4876
0.003267 4876
0.003268 4876
0.003269 4876
0.00327 4876
0.003271 4876
0.003272 4876
0.003273 4876
0.003274 4876
0.003275 4876
0.003276 4876
0.003277 4876
0.003278 4876
0.003279 4876
0.00328 4876
0.003281 4876
0.003282 4876
0.003283 4876
0.003284 4876
0.003285 4876
0.003286 4875
0.003287 4875
0.003288 4875
0.003289 4875
0.00329 4875
0.003291 4875
0.003292 4875
0.003293 4875
0.003294 4875
0.003295 4874
0.003296 4874
0.003297 4874
0.003298 4874
0.003299 4874
0.0033 4874
0.003301 4874
0.003302 4874
0.003303 4874
0.003304 4874
0.003305 4874
0.003306 4874
0.003307 4874
0.003308 4874
0.003309 4874
0.00331 4874
0.003311 4873
0.003312 4873
0.003313 4874
0.003314 4874
0.003315 4874
0.003316 4874
0.003317 4874
0.003318 4874
0.003319 4874
0.00332 4874
0.003321 4874
0.003322 4874
0.003323 4874
0.003324 4874
0.003325 4874
0.003326 4874
0.003327 4874
0.003328 4874
0.003329 4873
0.00333 4873
0.003331 4873
0.003332 4873
0.003333 4873
0.003334 4872
0.003335 4872
0.003336 4872
0.003337 4872
0.003338 4872
0.003339 4873
0.00334 4873
0.003341 4873
0.003342 4873
0.003343 4873
0.003344 4873
0.003345 4873
0.003346 4873
0.003347 4873
0.003348 4872
0.003349 4872
0.00335 4872
0.003351 4873
0.003352 4873
0.003353 4873
0.003354 4873
0.003355 4873
0.003356 4873
0.003357 4873
0.003358 4873
0.003359 4873
0.00336 4873
0.003361 4873
0.003362 4873
0.003363 4873
0.003364 4873
0.003365 4873
0.003366 4874
0.003367 4874
0.003368 4874
0.003369 4873
0.00337 4873
0.003371 4873
0.003372 4872
0.003373 4872
0.003374 4872
0.003375 4872
0.003376 4872
0.003377 4872
0.003378 4873
0.003379 4873
0.00338 4873
0.003381 4873
0.003382 4873
0.003383 4872
0.003384 4872
0.003385 4872
0.003386 4873
0.003387 4873
0.003388 4873
0.003389 4874
0.00339 4874
0.003391 4874
0.003392 4874
0.003393 4874
0.003394 4874
0.003395 4874
0.003396 4874
0.003397 4874
0.003398 4874
0.003399 4874
0.0034 4875
0.003401 4875
0.003402 4875
0.003403 4875
0.003404 4875
0.003405 4875
0.003406 4875
0.003407 4875
0.003408 4875
0.003409 4876
0.00341 4876
0.003411 4877
0.003412 4876
0.003413 4876
0.003414 4876
0.003415 4876
0.003416 4876
0.003417 4876
0.003418 4876
0.003419 4875
0.00342 4875
0.003421 4875
0.003422 4875
0.003423 4875
0.003424 4875
0.003425 4875
0.003426 4876
0.003427 4875
0.003428 4876
0.003429 4876
0.00343 4876
0.003431 4878
0.003432 4878
0.003433 4878
0.003434 4878
0.003435 4878
0.003436 4878
0.003437 4878
0.003438 4877
0.003439 4877
0.00344 4877
0.003441 4876
0.003442 4876
0.003443 4874
0.003444 4874
0.003445 4874
0.003446 4874
0.003447 4874
0.003448 4875
0.003449 4875
0.00345 4876
0.003451 4876
0.003452 4876
0.003453 4876
0.003454 4875
0.003455 4876
0.003456 4876
0.003457 4877
0.003458 4877
0.003459 4877
0.00346 4877
0.003461 4877
0.003462 4877
0.003463 4876
0.003464 4877
0.003465 4877
0.003466 4877
0.003467 4876
0.003468 4875
0.003469 4874
0.00347 4874
0.003471 4873
0.003472 4872
0.003473 4872
0.003474 4872
0.003475 4871
0.003476 4871
0.003477 4871
0.003478 4872
0.003479 4872
0.00348 4871
0.003481 4871
0.003482 4872
0.003483 4872
0.003484 4872
0.003485 4872
0.003486 4872
0.003487 4872
0.003488 4872
0.003489 4872
0.00349 4872
0.003491 4871
0.003492 4871
0.003493 4871
0.003494 4871
0.003495 4871
0.003496 4871
0.003497 4871
0.003498 4871
0.003499 4871
0.0035 4871
0.003501 4871
0.003502 4871
0.003503 4870
0.003504 4869
0.003505 4867
0.003506 4867
0.003507 4867
0.003508 4866
0.003509 4865
0.00351 4867
0.003511 4867
0.003512 4867
0.003513 4868
0.003514 4868
0.003515 4868
0.003516 4868
0.003517 4868
0.003518 4869
0.003519 4869
0.00352 4869
0.003521 4869
0.003522 4869
0.003523 4869
0.003524 4868
0.003525 4868
0.003526 4868
0.003527 4868
0.003528 4868
0.003529 4868
0.00353 4866
0.003531 4866
0.003532 4866
0.003533 4867
0.003534 4867
0.003535 4867
0.003536 4867
0.003537 4867
0.003538 4867
0.003539 4867
0.00354 4866
0.003541 4866
0.003542 4866
0.003543 4866
0.003544 4866
0.003545 4866
0.003546 4866
0.003547 4865
0.003548 4865
0.003549 4865
0.00355 4865
0.003551 4865
0.003552 4865
0.003553 4865
0.003554 4865
0.003555 4865
0.003556 4865
0.003557 4865
0.003558 4865
0.003559 4865
0.00356 4865
0.003561 4865
0.003562 4865
0.003563 4865
0.003564 4865
0.003565 4864
0.003566 4864
0.003567 4864
0.003568 4864
0.003569 4864
0.00357 4864
0.003571 4864
0.003572 4864
0.003573 4865
0.003574 4866
0.003575 4866
0.003576 4866
0.003577 4865
0.003578 4865
0.003579 4865
0.00358 4865
0.003581 4865
0.003582 4865
0.003583 4865
0.003584 4865
0.003585 4865
0.003586 4865
0.003587 4866
0.003588 4866
0.003589 4867
0.00359 4866
0.003591 4866
0.003592 4866
0.003593 4866
0.003594 4867
0.003595 4868
0.003596 4868
0.003597 4868
0.003598 4868
0.003599 4868
0.0036 4868
0.003601 4869
0.003602 4869
0.003603 4869
0.003604 4869
0.003605 4869
0.003606 4869
0.003607 4870
0.003608 4871
0.003609 4872
0.00361 4872
0.003611 4872
0.003612 4872
0.003613 4872
0.003614 4873
0.003615 4872
0.003616 4872
0.003617 4872
0.003618 4872
0.003619 4872
0.00362 4872
0.003621 4872
0.003622 4872
0.003623 4871
0.003624 4871
0.003625 4871
0.003626 4871
0.003627 4871
0.003628 4872
0.003629 4872
0.00363 4873
0.003631 4873
0.003632 4873
0.003633 4873
0.003634 4872
0.003635 4872
0.003636 4873
0.003637 4873
0.003638 4873
0.003639 4874
0.00364 4874
0.003641 4874
0.003642 4874
0.003643 4875
0.003644 4875
0.003645 4876
0.003646 4876
0.003647 4877
0.003648 4877
0.003649 4877
0.00365 4876
0.003651 4876
0.003652 4876
0.003653 4876
0.003654 4876
0.003655 4876
0.003656 4876
0.003657 4875
0.003658 4875
0.003659 4875
0.00366 4875
0.003661 4875
0.003662 4875
0.003663 4875
0.003664 4875
0.003665 4876
0.003666 4876
0.003667 4876
0.003668 4876
0.003669 4876
0.00367 4875
0.003671 4874
0.003672 4874
0.003673 4874
0.003674 4874
0.003675 4875
0.003676 4875
0.003677 4875
0.003678 4875
0.003679 4875
0.00368 4875
0.003681 4875
0.003682 4875
0.003683 4875
0.003684 4875
0.003685 4875
0.003686 4875
0.003687 4875
0.003688 4875
0.003689 4875
0.00369 4875
0.003691 4875
0.003692 4875
0.003693 4875
0.003694 4876
0.003695 4876
0.003696 4875
0.003697 4875
0.003698 4875
0.003699 4876
0.0037 4877
0.003701 4877
0.003702 4877
0.003703 4877
0.003704 4876
0.003705 4876
0.003706 4876
0.003707 4876
0.003708 4877
0.003709 4877
0.00371 4876
0.003711 4876
0.003712 4876
0.003713 4876
0.003714 4876
0.003715 4877
0.003716 4878
0.003717 4878
0.003718 4879
0.003719 4879
0.00372 4878
0.003721 4878
0.003722 4878
0.003723 4878
0.003724 4878
0.003725 4878
0.003726 4879
0.003727 4880
0.003728 4880
0.003729 4880
0.00373 4880
0.003731 4880
0.003732 4880
0.003733 4881
0.003734 4881
0.003735 4881
0.003736 4881
0.003737 4880
0.003738 4880
0.003739 4880
0.00374 4880
0.003741 4880
0.003742 4880
0.003743 4880
0.003744 4880
0.003745 4880
0.003746 4880
0.003747 4880
0.003748 4880
0.003749 4879
0.00375 4878
0.003751 4878
0.003752 4878
0.003753 4878
0.003754 4878
0.003755 4878
0.003756 4878
0.003757 4877
0.003758 4877
0.003759 4877
0.00376 4877
0.003761 4877
0.003762 4877
0.003763 4878
0.003764 4876
0.003765 4876
0.003766 4876
0.003767 4876
0.003768 4876
0.003769 4876
0.00377 4876
0.003771 4875
0.003772 4875
0.003773 4875
0.003774 4875
0.003775 4874
0.003776 4874
0.003777 4874
0.003778 4874
0.003779 4874
0.00378 4874
0.003781 4874
0.003782 4874
0.003783 4874
0.003784 4874
0.003785 4874
0.003786 4874
0.003787 4874
0.003788 4874
0.003789 4874
0.00379 4875
0.003791 4875
0.003792 4875
0.003793 4875
0.003794 4875
0.003795 4875
0.003796 4875
0.003797 4875
0.003798 4875
0.003799 4875
0.0038 4875
0.003801 4875
0.003802 4875
0.003803 4875
0.003804 4875
0.003805 4875
0.003806 4875
0.003807 4874
0.003808 4874
0.003809 4874
0.00381 4873
0.003811 4873
0.003812 4873
0.003813 4873
0.003814 4873
0.003815 4873
0.003816 4873
0.003817 4872
0.003818 4872
0.003819 4872
0.00382 4872
0.003821 4872
0.003822 4872
0.003823 4873
0.003824 4873
0.003825 4873
0.003826 4873
0.003827 4873
0.003828 4873
0.003829 4873
0.00383 4873
0.003831 4872
0.003832 4872
0.003833 4872
0.003834 4872
0.003835 4872
0.003836 4872
0.003837 4872
0.003838 4872
0.003839 4872
0.00384 4872
0.003841 4872
0.003842 4872
0.003843 4873
0.003844 4873
0.003845 4872
0.003846 4872
0.003847 4872
0.003848 4872
0.003849 4872
0.00385 4873
0.003851 4873
0.003852 4874
0.003853 4874
0.003854 4875
0.003855 4875
0.003856 4875
0.003857 4875
0.003858 4875
0.003859 4874
0.00386 4874
0.003861 4874
0.003862 4874
0.003863 4874
0.003864 4874
0.003865 4873
0.003866 4873
0.003867 4873
0.003868 4873
0.003869 4873
0.00387 4873
0.003871 4872
0.003872 4871
0.003873 4870
0.003874 4870
0.003875 4870
0.003876 4870
0.003877 4870
0.003878 4870
0.003879 4870
0.00388 4870
0.003881 4870
0.003882 4870
0.003883 4870
0.003884 4870
0.003885 4870
0.003886 4870
0.003887 4870
0.003888 4870
0.003889 4870
0.00389 4870
0.003891 4870
0.003892 4870
0.003893 4870
0.003894 4870
0.003895 4870
0.003896 4870
0.003897 4870
0.003898 4870
0.003899 4870
0.0039 4870
0.003901 4870
0.003902 4870
0.003903 4870
0.003904 4869
0.003905 4869
0.003906 4869
0.003907 4869
0.003908 4870
0.003909 4870
0.00391 4871
0.003911 4871
0.003912 4871
0.003913 4871
0.003914 4871
0.003915 4870
0.003916 4869
0.003917 4869
0.003918 4870
0.003919 4870
0.00392 4870
0.003921 4870
0.003922 4870
0.003923 4871
0.003924 4871
0.003925 4871
0.003926 4871
0.003927 4871
0.003928 4871
0.003929 4872
0.00393 4873
0.003931 4874
0.003932 4874
0.003933 4874
0.003934 4873
0.003935 4873
0.003936 4873
0.003937 4873
0.003938 4873
0.003939 4872
0.00394 4872
0.003941 4873
0.003942 4873
0.003943 4873
0.003944 4872
0.003945 4872
0.003946 4872
0.003947 4872
0.003948 4872
0.003949 4873
0.00395 4873
0.003951 4873
0.003952 4873
0.003953 4873
0.003954 4873
0.003955 4873
0.003956 4873
0.003957 4873
0.003958 4873
0.003959 4873
0.00396 4874
0.003961 4874
0.003962 4874
0.003963 4874
0.003964 4874
0.003965 4872
0.003966 4872
0.003967 4872
0.003968 4872
0.003969 4873
0.00397 4873
0.003971 4872
0.003972 4873
0.003973 4873
0.003974 4873
0.003975 4873
0.003976 4873
0.003977 4873
0.003978 4873
0.003979 4872
0.00398 4872
0.003981 4871
0.003982 4871
0.003983 4871
0.003984 4872
0.003985 4872
0.003986 4872
0.003987 4872
0.003988 4872
0.003989 4872
0.00399 4872
0.003991 4872
0.003992 4872
0.003993 4872
0.003994 4871
0.003995 4871
0.003996 4870
0.003997 4871
0.003998 4872
0.003999 4873
0.004 4873
0.004001 4873
0.004002 4873
0.004003 4873
0.004004 4873
0.004005 4873
0.004006 4873
0.004007 4874
0.004008 4874
0.004009 4874
0.00401 4874
0.004011 4874
0.004012 4873
0.004013 4872
0.004014 4872
0.004015 4872
0.004016 4872
0.004017 4872
0.004018 4873
0.004019 4873
0.00402 4873
0.004021 4872
0.004022 4872
0.004023 4872
0.004024 4872
0.004025 4871
0.004026 4872
0.004027 4872
0.004028 4871
0.004029 4871
0.00403 4871
0.004031 4870
0.004032 4870
0.004033 4870
0.004034 4870
0.004035 4870
0.004036 4870
0.004037 4871
0.004038 4871
0.004039 4870
0.00404 4871
0.004041 4871
0.004042 4871
0.004043 4871
0.004044 4871
0.004045 4870
0.004046 4870
0.004047 4870
0.004048 4871
0.004049 4871
0.00405 4871
0.004051 4872
0.004052 4872
0.004053 4872
0.004054 4871
0.004055 4870
0.004056 4870
0.004057 4870
0.004058 4870
0.004059 4870
0.00406 4872
0.004061 4872
0.004062 4872
0.004063 4872
0.004064 4872
0.004065 4872
0.004066 4872
0.004067 4872
0.004068 4872
0.004069 4872
0.00407 4872
0.004071 4871
0.004072 4870
0.004073 4871
0.004074 4871
0.004075 4871
0.004076 4871
0.004077 4871
0.004078 4872
0.004079 4872
0.00408 4872
0.004081 4872
0.004082 4873
0.004083 4873
0.004084 4873
0.004085 4873
0.004086 4873
0.004087 4874
0.004088 4874
0.004089 4874
0.00409 4874
0.004091 4874
0.004092 4874
0.004093 4874
0.004094 4873
0.004095 4873
0.004096 4873
0.004097 4873
0.004098 4873
0.004099 4873
0.0041 4873
0.004101 4873
0.004102 4872
0.004103 4873
0.004104 4873
0.004105 4873
0.004106 4873
0.004107 4873
0.004108 4873
0.004109 4873
0.00411 4872
0.004111 4872
0.004112 4872
0.004113 4873
0.004114 4873
0.004115 4872
0.004116 4872
0.004117 4871
0.004118 4872
0.004119 4872
0.00412 4872
0.004121 4872
0.004122 4872
0.004123 4871
0.004124 4871
0.004125 4870
0.004126 4870
0.004127 4870
0.004128 4870
0.004129 4869
0.00413 4869
0.004131 4869
0.004132 4869
0.004133 4869
0.004134 4868
0.004135 4868
0.004136 4868
0.004137 4868
0.004138 4868
0.004139 4868
0.00414 4870
0.004141 4870
0.004142 4870
0.004143 4870
0.004144 4871
0.004145 4872
0.004146 4873
0.004147 4873
0.004148 4873
0.004149 4871
0.00415 4870
0.004151 4870
0.004152 4870
0.004153 4871
0.004154 4871
0.004155 4871
0.004156 4871
0.004157 4871
0.004158 4871
0.004159 4871
0.00416 4872
0.004161 4872
0.004162 4872
0.004163 4872
0.004164 4872
0.004165 4872
0.004166 4871
0.004167 4871
0.004168 4871
0.004169 4871
0.00417 4871
0.004171 4871
0.004172 4870
0.004173 4870
0.004174 4870
0.004175 4870
0.004176 4870
0.004177 4870
0.004178 4871
0.004179 4871
0.00418 4871
0.004181 4870
0.004182 4870
0.004183 4869
0.004184 4869
0.004185 4869
0.004186 4869
0.004187 4870
0.004188 4870
0.004189 4870
0.00419 4870
0.004191 4870
0.004192 4870
0.004193 4869
0.004194 4869
0.004195 4869
0.004196 4869
0.004197 4869
0.004198 4869
0.004199 4869
0.0042 4869
0.004201 4869
0.004202 4869
0.004203 4868
0.004204 4868
0.004205 4868
0.004206 4868
0.004207 4868
0.004208 4868
0.004209 4868
0.00421 4868
0.004211 4868
0.004212 4868
0.004213 4867
0.004214 4868
0.004215 4867
0.004216 4866
0.004217 4866
0.004218 4866
0.004219 4866
0.00422 4866
0.004221 4867
0.004222 4867
0.004223 4867
0.004224 4867
0.004225 4867
0.004226 4867
0.004227 4866
0.004228 4868
0.004229 4868
0.00423 4867
0.004231 4867
0.004232 4866
0.004233 4867
0.004234 4867
0.004235 4868
0.004236 4870
0.004237 4869
0.004238 4869
0.004239 4869
0.00424 4869
0.004241 4869
0.004242 4869
0.004243 4869
0.004244 4869
0.004245 4869
0.004246 4869
0.004247 4869
0.004248 4869
0.004249 4869
0.00425 4869
0.004251 4869
0.004252 4870
0.004253 4871
0.004254 4871
0.004255 4871
0.004256 4871
0.004257 4871
0.004258 4871
0.004259 4872
0.00426 4872
0.004261 4872
0.004262 4872
0.004263 4872
0.004264 4872
0.004265 4872
0.004266 4873
0.004267 4874
0.004268 4874
0.004269 4874
0.00427 4874
0.004271 4875
0.004272 4874
0.004273 4874
0.004274 4874
0.004275 4874
0.004276 4873
0.004277 4874
0.004278 4874
0.004279 4875
0.00428 4875
0.004281 4875
0.004282 4876
0.004283 4876
0.004284 4876
0.004285 4876
0.004286 4876
0.004287 4876
0.004288 4876
0.004289 4876
0.00429 4877
0.004291 4879
0.004292 4879
0.004293 4879
0.004294 4879
0.004295 4879
0.004296 4879
0.004297 4879
0.004298 4880
0.004299 4880
0.0043 4880
0.004301 4879
0.004302 4879
0.004303 4879
0.004304 4878
0.004305 4878
0.004306 4878
0.004307 4879
0.004308 4879
0.004309 4879
0.00431 4880
0.004311 4880
0.004312 4880
0.004313 4880
0.004314 4881
0.004315 4881
0.004316 4881
0.004317 4880
0.004318 4879
0.004319 4879
0.00432 4879
0.004321 4879
0.004322 4879
0.004323 4880
0.004324 4880
0.004325 4881
0.004326 4881
0.004327 4881
0.004328 4880
0.004329 4880
0.00433 4879
0.004331 4879
0.004332 4879
0.004333 4878
0.004334 4878
0.004335 4877
0.004336 4878
0.004337 4878
0.004338 4878
0.004339 4878
0.00434 4878
0.004341 4879
0.004342 4879
0.004343 4879
0.004344 4879
0.004345 4879
0.004346 4880
0.004347 4880
0.004348 4880
0.004349 4880
0.00435 4880
0.004351 4880
0.004352 4880
0.004353 4879
0.004354 4879
0.004355 4880
0.004356 4881
0.004357 4881
0.004358 4882
0.004359 4882
0.00436 4882
0.004361 4881
0.004362 4881
0.004363 4881
0.004364 4881
0.004365 4881
0.004366 4881
0.004367 4882
0.004368 4882
0.004369 4883
0.00437 4882
0.004371 4882
0.004372 4882
0.004373 4881
0.004374 4881
0.004375 4881
0.004376 4881
0.004377 4880
0.004378 4880
0.004379 4880
0.00438 4881
0.004381 4881
0.004382 4881
0.004383 4881
0.004384 4881
0.004385 4881
0.004386 4881
0.004387 4881
0.004388 4880
0.004389 4880
0.00439 4879
0.004391 4878
0.004392 4878
0.004393 4877
0.004394 4877
0.004395 4878
0.004396 4877
0.004397 4877
0.004398 4878
0.004399 4879
0.0044 4879
0.004401 4879
0.004402 4879
0.004403 4879
0.004404 4879
0.004405 4878
0.004406 4879
0.004407 4879
0.004408 4879
0.004409 4878
0.00441 4878
0.004411 4878
0.004412 4876
0.004413 4877
0.004414 4877
0.004415 4876
0.004416 4876
0.004417 4876
0.004418 4876
0.004419 4876
0.00442 4876
0.004421 4876
0.004422 4876
0.004423 4876
0.004424 4876
0.004425 4876
0.004426 4876
0.004427 4876
0.004428 4876
0.004429 4876
0.00443 4876
0.004431 4877
0.004432 4877
0.004433 4877
0.004434 4877
0.004435 4877
0.004436 4877
0.004437 4877
0.004438 4877
0.004439 4876
0.00444 4876
0.004441 4876
0.004442 4877
0.004443 4876
0.004444 4876
0.004445 4877
0.004446 4877
0.004447 4877
0.004448 4877
0.004449 4877
0.00445 4876
0.004451 4876
0.004452 4876
0.004453 4878
0.004454 4878
0.004455 4878
0.004456 4878
0.004457 4878
0.004458 4878
0.004459 4878
0.00446 4878
0.004461 4878
0.004462 4878
0.004463 4878
0.004464 4878
0.004465 4879
0.004466 4879
0.004467 4879
0.004468 4879
0.004469 4879
0.00447 4879
0.004471 4879
0.004472 4879
0.004473 4879
0.004474 4879
0.004475 4879
0.004476 4879
0.004477 4879
0.004478 4879
0.004479 4878
0.00448 4878
0.004481 4878
0.004482 4877
0.004483 4877
0.004484 4878
0.004485 4878
0.004486 4879
0.004487 4880
0.004488 4880
0.004489 4880
0.00449 4880
0.004491 4880
0.004492 4880
0.004493 4880
0.004494 4880
0.004495 4880
0.004496 4881
0.004497 4881
0.004498 4881
0.004499 4882
0.0045 4881
0.004501 4881
0.004502 4881
0.004503 4880
0.004504 4880
0.004505 4880
0.004506 4880
0.004507 4880
0.004508 4880
0.004509 4880
0.00451 4880
0.004511 4880
0.004512 4880
0.004513 4880
0.004514 4879
0.004515 4879
0.004516 4878
0.004517 4878
0.004518 4879
0.004519 4878
0.00452 4879
0.004521 4879
0.004522 4880
0.004523 4880
0.004524 4880
0.004525 4879
0.004526 4879
0.004527 4880
0.004528 4879
0.004529 4879
0.00453 4879
0.004531 4879
0.004532 4879
0.004533 4879
0.004534 4879
0.004535 4879
0.004536 4879
0.004537 4879
0.004538 4879
0.004539 4878
0.00454 4878
0.004541 4878
0.004542 4878
0.004543 4879
0.004544 4881
0.004545 4881
0.004546 4880
0.004547 4881
0.004548 4882
0.004549 4881
0.00455 4882
0.004551 4881
0.004552 4881
0.004553 4881
0.004554 4882
0.004555 4882
0.004556 4882
0.004557 4882
0.004558 4882
0.004559 4882
0.00456 4882
0.004561 4882
0.004562 4882
0.004563 4881
0.004564 4881
0.004565 4881
0.004566 4881
0.004567 4881
0.004568 4881
0.004569 4881
0.00457 4881
0.004571 4883
0.004572 4882
0.004573 4882
0.004574 4882
0.004575 4882
0.004576 4881
0.004577 4880
0.004578 4881
0.004579 4881
0.00458 4882
0.004581 4883
0.004582 4883
0.004583 4883
0.004584 4883
0.004585 4883
0.004586 4884
0.004587 4884
0.004588 4886
0.004589 4886
0.00459 4885
0.004591 4885
0.004592 4885
0.004593 4885
0.004594 4885
0.004595 4886
0.004596 4886
0.004597 4886
0.004598 4886
0.004599 4886
0.0046 4885
0.004601 4885
0.004602 4886
0.004603 4886
0.004604 4886
0.004605 4887
0.004606 4887
0.004607 4888
0.004608 4888
0.004609 4888
0.00461 4889
0.004611 4889
0.004612 4889
0.004613 4888
0.004614 4888
0.004615 4887
0.004616 4887
0.004617 4887
0.004618 4887
0.004619 4886
0.00462 4886
0.004621 4886
0.004622 4886
0.004623 4886
0.004624 4886
0.004625 4886
0.004626 4886
0.004627 4886
0.004628 4886
0.004629 4886
0.00463 4886
0.004631 4885
0.004632 4885
0.004633 4884
0.004634 4883
0.004635 4883
0.004636 4883
0.004637 4883
0.004638 4884
0.004639 4884
0.00464 4884
0.004641 4884
0.004642 4884
0.004643 4883
0.004644 4883
0.004645 4883
0.004646 4884
0.004647 4884
0.004648 4884
0.004649 4884
0.00465 4884
0.004651 4884
0.004652 4884
0.004653 4884
0.004654 4885
0.004655 4885
0.004656 4885
0.004657 4885
0.004658 4886
0.004659 4886
0.00466 4886
0.004661 4886
0.004662 4886
0.004663 4886
0.004664 4886
0.004665 4887
0.004666 4887
0.004667 4888
0.004668 4887
0.004669 4887
0.00467 4886
0.004671 4887
0.004672 4887
0.004673 4888
0.004674 4888
0.004675 4888
0.004676 4888
0.004677 4888
0.004678 4888
0.004679 4887
0.00468 4887
0.004681 4886
0.004682 4887
0.004683 4887
0.004684 4887
0.004685 4887
0.004686 4887
0.004687 4887
0.004688 4888
0.004689 4888
0.00469 4888
0.004691 4888
0.004692 4887
0.004693 4887
0.004694 4887
0.004695 4887
0.004696 4887
0.004697 4887
0.004698 4887
0.004699 4887
0.0047 4888
0.004701 4888
0.004702 4889
0.004703 4890
0.004704 4890
0.004705 4890
0.004706 4890
0.004707 4891
0.004708 4891
0.004709 4891
0.00471 4891
0.004711 4891
0.004712 4891
0.004713 4891
0.004714 4891
0.004715 4892
0.004716 4893
0.004717 4893
0.004718 4892
0.004719 4890
0.00472 4889
0.004721 4889
0.004722 4888
0.004723 4888
0.004724 4888
0.004725 4888
0.004726 4888
0.004727 4888
0.004728 4888
0.004729 4888
0.00473 4888
0.004731 4889
0.004732 4889
0.004733 4889
0.004734 4888
0.004735 4889
0.004736 4889
0.004737 4891
0.004738 4891
0.004739 4891
0.00474 4891
0.004741 4891
0.004742 4890
0.004743 4890
0.004744 4890
0.004745 4890
0.004746 4891
0.004747 4890
0.004748 4890
0.004749 4890
0.00475 4890
0.004751 4890
0.004752 4889
0.004753 4889
0.004754 4889
0.004755 4889
0.004756 4889
0.004757 4889
0.004758 4889
0.004759 4889
0.00476 4889
0.004761 4888
0.004762 4888
0.004763 4888
0.004764 4888
0.004765 4888
0.004766 4888
0.004767 4890
0.004768 4890
0.004769 4891
0.00477 4891
0.004771 4892
0.004772 4892
0.004773 4890
0.004774 4890
0.004775 4890
0.004776 4890
0.004777 4890
0.004778 4890
0.004779 4890
0.00478 4890
0.004781 4890
0.004782 4889
0.004783 4889
0.004784 4890
0.004785 4890
0.004786 4890
0.004787 4890
0.004788 4890
0.004789 4889
0.00479 4888
0.004791 4888
0.004792 4888
0.004793 4887
0.004794 4887
0.004795 4886
0.004796 4885
0.004797 4885
0.004798 4885
0.004799 4885
0.0048 4886
0.004801 4886
0.004802 4885
0.004803 4885
0.004804 4884
0.004805 4884
0.004806 4885
0.004807 4885
0.004808 4885
0.004809 4885
0.00481 4884
0.004811 4884
0.004812 4884
0.004813 4883
0.004814 4882
0.004815 4882
0.004816 4882
0.004817 4882
0.004818 4882
0.004819 4882
0.00482 4882
0.004821 4882
0.004822 4881
0.004823 4881
0.004824 4882
0.004825 4882
0.004826 4882
0.004827 4882
0.004828 4882
0.004829 4882
0.00483 4882
0.004831 4882
0.004832 4881
0.004833 4881
0.004834 4881
0.004835 4881
0.004836 4881
0.004837 4881
0.004838 4881
0.004839 4881
0.00484 4881
0.004841 4881
0.004842 4881
0.004843 4881
0.004844 4881
0.004845 4882
0.004846 4882
0.004847 4882
0.004848 4882
0.004849 4882
0.00485 4882
0.004851 4882
0.004852 4881
0.004853 4881
0.004854 4881
0.004855 4881
0.004856 4881
0.004857 4881
0.004858 4881
0.004859 4880
0.00486 4880
0.004861 4880
0.004862 4880
0.004863 4880
0.004864 4880
0.004865 4880
0.004866 4880
0.004867 4879
0.004868 4879
0.004869 4879
0.00487 4879
0.004871 4879
0.004872 4879
0.004873 4879
0.004874 4879
0.004875 4879
0.004876 4879
0.004877 4879
0.004878 4880
0.004879 4879
0.00488 4879
0.004881 4878
0.004882 4876
0.004883 4875
0.004884 4875
0.004885 4875
0.004886 4877
0.004887 4877
0.004888 4876
0.004889 4876
0.00489 4876
0.004891 4875
0.004892 4875
0.004893 4875
0.004894 4874
0.004895 4873
0.004896 4873
0.004897 4873
0.004898 4873
0.004899 4873
0.0049 4873
0.004901 4874
0.004902 4874
0.004903 4874
0.004904 4874
0.004905 4876
0.004906 4876
0.004907 4876
0.004908 4876
0.004909 4875
0.00491 4875
0.004911 4875
0.004912 4875
0.004913 4875
0.004914 4875
0.004915 4875
0.004916 4875
0.004917 4875
0.004918 4875
0.004919 4875
0.00492 4875
0.004921 4876
0.004922 4876
0.004923 4876
0.004924 4876
0.004925 4875
0.004926 4875
0.004927 4875
0.004928 4875
0.004929 4875
0.00493 4875
0.004931 4874
0.004932 4874
0.004933 4874
0.004934 4874
0.004935 4875
0.004936 4875
0.004937 4875
0.004938 4875
0.004939 4875
0.00494 4874
0.004941 4874
0.004942 4873
0.004943 4874
0.004944 4875
0.004945 4873
0.004946 4874
0.004947 4874
0.004948 4874
0.004949 4875
0.00495 4875
0.004951 4876
0.004952 4876
0.004953 4876
0.004954 4876
0.004955 4876
0.004956 4876
0.004957 4876
0.004958 4876
0.004959 4876
0.00496 4876
0.004961 4876
0.004962 4876
0.004963 4876
0.004964 4876
0.004965 4878
0.004966 4877
0.004967 4878
0.004968 4878
0.004969 4879
0.00497 4877
0.004971 4877
0.004972 4877
0.004973 4877
0.004974 4877
0.004975 4877
0.004976 4876
0.004977 4876
0.004978 4876
0.004979 4876
0.00498 4876
0.004981 4876
0.004982 4876
0.004983 4876
0.004984 4876
0.004985 4876
0.004986 4875
0.004987 4875
0.004988 4875
0.004989 4875
0.00499 4875
0.004991 4875
0.004992 4875
0.004993 4875
0.004994 4875
0.004995 4875
0.004996 4875
0.004997 4875
0.004998 4875
0.004999 4875
0.005 4875
