0 71
1e-06 71
2e-06 71
3e-06 71
4e-06 71
5e-06 73
6e-06 76
7e-06 76
8e-06 76
9e-06 77
1e-05 77
1.1e-05 79
1.2e-05 80
1.3e-05 81
1.4e-05 82
1.5e-05 82
1.6e-05 83
1.7e-05 83
1.8e-05 83
1.9e-05 83
2e-05 84
2.1e-05 84
2.2e-05 84
2.3e-05 84
2.4e-05 85
2.5e-05 85
2.6e-05 86
2.7e-05 86
2.8e-05 87
2.9e-05 87
3e-05 87
3.1e-05 87
3.2e-05 87
3.3e-05 89
3.4e-05 91
3.5e-05 92
3.6e-05 92
3.7e-05 92
3.8e-05 93
3.9e-05 93
4e-05 93
4.1e-05 93
4.2e-05 94
4.3e-05 94
4.4e-05 96
4.5e-05 98
4.6e-05 99
4.7e-05 99
4.8e-05 100
4.9e-05 101
5e-05 101
5.1e-05 101
5.2e-05 101
5.3e-05 101
5.4e-05 102
5.5e-05 102
5.6e-05 104
5.7e-05 104
5.8e-05 104
5.9e-05 104
6e-05 105
6.1e-05 105
6.2e-05 105
6.3e-05 105
6.4e-05 105
6.5e-05 106
6.6e-05 106
6.7e-05 106
6.8e-05 106
6.9e-05 106
7e-05 106
7.1e-05 106
7.2e-05 106
7.3e-05 106
7.4e-05 106
7.5e-05 107
7.6e-05 108
7.7e-05 109
7.8e-05 110
7.9e-05 110
8e-05 110
8.1e-05 111
8.2e-05 111
8.3e-05 113
8.4e-05 113
8.5e-05 114
8.6e-05 115
8.7e-05 116
8.8e-05 116
8.9e-05 116
9e-05 118
9.1e-05 118
9.2e-05 118
9.3e-05 118
9.4e-05 118
9.5e-05 118
9.6e-05 118
9.7e-05 119
9.8e-05 119
9.9e-05 119
0.0001 119
0.000101 119
0.000102 119
0.000103 119
0.000104 119
0.000105 119
0.000106 120
0.000107 120
0.000108 120
0.000109 121
0.00011 122
0.000111 122
0.000112 122
0.000113 122
0.000114 122
0.000115 122
0.000116 122
0.000117 122
0.000118 123
0.000119 123
0.00012 123
0.000121 124
0.000122 124
0.000123 125
0.000124 126
0.000125 126
0.000126 127
0.000127 128
0.000128 128
0.000129 128
0.00013 129
0.000131 129
0.000132 129
0.000133 129
0.000134 129
0.000135 129
0.000136 129
0.000137 129
0.000138 129
0.000139 129
0.00014 129
0.000141 129
0.000142 129
0.000143 129
0.000144 129
0.000145 129
0.000146 129
0.000147 130
0.000148 131
0.000149 131
0.00015 131
0.000151 131
0.000152 131
0.000153 131
0.000154 132
0.000155 133
0.000156 133
0.000157 133
0.000158 134
0.000159 134
0.00016 134
0.000161 134
0.000162 135
0.000163 135
0.000164 135
0.000165 136
0.000166 136
0.000167 136
0.000168 138
0.000169 138
0.00017 138
0.000171 138
0.000172 138
0.000173 138
0.000174 138
0.000175 138
0.000176 138
0.000177 138
0.000178 138
0.000179 138
0.00018 138
0.000181 138
0.000182 139
0.000183 140
0.000184 140
0.000185 143
0.000186 143
0.000187 143
0.000188 143
0.000189 143
0.00019 145
0.000191 145
0.000192 146
0.000193 147
0.000194 148
0.000195 149
0.000196 149
0.000197 149
0.000198 149
0.000199 149
0.0002 151
0.000201 151
0.000202 151
0.000203 152
0.000204 152
0.000205 152
0.000206 152
0.000207 152
0.000208 152
0.000209 153
0.00021 155
0.000211 155
0.000212 155
0.000213 156
0.000214 156
0.000215 156
0.000216 156
0.000217 156
0.000218 156
0.000219 156
0.00022 156
0.000221 156
0.000222 156
0.000223 156
0.000224 156
0.000225 156
0.000226 156
0.000227 156
0.000228 156
0.000229 156
0.00023 156
0.000231 156
0.000232 156
0.000233 156
0.000234 156
0.000235 156
0.000236 156
0.000237 156
0.000238 156
0.000239 156
0.00024 156
0.000241 156
0.000242 157
0.000243 157
0.000244 157
0.000245 157
0.000246 158
0.000247 158
0.000248 159
0.000249 159
0.00025 159
0.000251 159
0.000252 159
0.000253 159
0.000254 159
0.000255 159
0.000256 160
0.000257 160
0.000258 160
0.000259 160
0.00026 160
0.000261 160
0.000262 160
0.000263 160
0.000264 160
0.000265 160
0.000266 159
0.000267 159
0.000268 159
0.000269 159
0.00027 159
0.000271 159
0.000272 159
0.000273 159
0.000274 159
0.000275 159
0.000276 159
0.000277 159
0.000278 159
0.000279 159
0.00028 159
0.000281 159
0.000282 159
0.000283 160
0.000284 160
0.000285 160
0.000286 160
0.000287 160
0.000288 160
0.000289 160
0.00029 160
0.000291 160
0.000292 160
0.000293 160
0.000294 160
0.000295 160
0.000296 160
0.000297 160
0.000298 160
0.000299 160
0.0003 160
0.000301 160
0.000302 160
0.000303 160
0.000304 160
0.000305 160
0.000306 160
0.000307 160
0.000308 160
0.000309 161
0.00031 162
0.000311 162
0.000312 162
0.000313 162
0.000314 162
0.000315 162
0.000316 162
0.000317 161
0.000318 161
0.000319 161
0.00032 161
0.000321 161
0.000322 161
0.000323 161
0.000324 161
0.000325 161
0.000326 161
0.000327 161
0.000328 161
0.000329 161
0.00033 161
0.000331 161
0.000332 161
0.000333 161
0.000334 161
0.000335 161
0.000336 161
0.000337 160
0.000338 160
0.000339 160
0.00034 160
0.000341 160
0.000342 160
0.000343 160
0.000344 160
0.000345 160
0.000346 161
0.000347 161
0.000348 161
0.000349 161
0.00035 161
0.000351 161
0.000352 161
0.000353 161
0.000354 161
0.000355 161
0.000356 162
0.000357 162
0.000358 162
0.000359 162
0.00036 162
0.000361 161
0.000362 161
0.000363 161
0.000364 161
0.000365 161
0.000366 161
0.000367 162
0.000368 162
0.000369 162
0.00037 162
0.000371 163
0.000372 163
0.000373 163
0.000374 163
0.000375 163
0.000376 163
0.000377 163
0.000378 163
0.000379 163
0.00038 163
0.000381 163
0.000382 164
0.000383 164
0.000384 164
0.000385 164
0.000386 164
0.000387 164
0.000388 165
0.000389 166
0.00039 166
0.000391 166
0.000392 166
0.000393 166
0.000394 166
0.000395 166
0.000396 166
0.000397 166
0.000398 166
0.000399 167
0.0004 167
0.000401 167
0.000402 167
0.000403 167
0.000404 167
0.000405 167
0.000406 167
0.000407 167
0.000408 167
0.000409 167
0.00041 167
0.000411 167
0.000412 167
0.000413 167
0.000414 167
0.000415 167
0.000416 167
0.000417 167
0.000418 167
0.000419 167
0.00042 167
0.000421 167
0.000422 166
0.000423 166
0.000424 166
0.000425 166
0.000426 166
0.000427 166
0.000428 167
0.000429 167
0.00043 167
0.000431 167
0.000432 167
0.000433 167
0.000434 167
0.000435 167
0.000436 167
0.000437 167
0.000438 167
0.000439 167
0.00044 167
0.000441 167
0.000442 167
0.000443 167
0.000444 167
0.000445 167
0.000446 167
0.000447 167
0.000448 167
0.000449 167
0.00045 167
0.000451 168
0.000452 168
0.000453 168
0.000454 168
0.000455 168
0.000456 168
0.000457 168
0.000458 168
0.000459 168
0.00046 168
0.000461 168
0.000462 168
0.000463 168
0.000464 168
0.000465 168
0.000466 168
0.000467 168
0.000468 167
0.000469 167
0.00047 167
0.000471 167
0.000472 167
0.000473 167
0.000474 168
0.000475 168
0.000476 168
0.000477 168
0.000478 168
0.000479 168
0.00048 168
0.000481 169
0.000482 169
0.000483 169
0.000484 169
0.000485 169
0.000486 169
0.000487 169
0.000488 169
0.000489 169
0.00049 169
0.000491 168
0.000492 168
0.000493 168
0.000494 168
0.000495 168
0.000496 168
0.000497 168
0.000498 168
0.000499 168
0.0005 168
0.000501 168
0.000502 168
0.000503 168
0.000504 168
0.000505 168
0.000506 168
0.000507 168
0.000508 168
0.000509 168
0.00051 168
0.000511 168
0.000512 168
0.000513 168
0.000514 168
0.000515 168
0.000516 168
0.000517 168
0.000518 169
0.000519 169
0.00052 169
0.000521 169
0.000522 169
0.000523 169
0.000524 169
0.000525 169
0.000526 169
0.000527 169
0.000528 169
0.000529 169
0.00053 169
0.000531 169
0.000532 169
0.000533 169
0.000534 169
0.000535 169
0.000536 169
0.000537 169
0.000538 169
0.000539 169
0.00054 169
0.000541 169
0.000542 169
0.000543 170
0.000544 170
0.000545 170
0.000546 170
0.000547 170
0.000548 170
0.000549 171
0.00055 171
0.000551 171
0.000552 171
0.000553 171
0.000554 171
0.000555 171
0.000556 171
0.000557 171
0.000558 171
0.000559 171
0.00056 171
0.000561 171
0.000562 171
0.000563 171
0.000564 171
0.000565 171
0.000566 172
0.000567 172
0.000568 172
0.000569 172
0.00057 172
0.000571 172
0.000572 172
0.000573 172
0.000574 172
0.000575 172
0.000576 173
0.000577 173
0.000578 173
0.000579 173
0.00058 173
0.000581 173
0.000582 173
0.000583 173
0.000584 173
0.000585 173
0.000586 173
0.000587 173
0.000588 173
0.000589 173
0.00059 173
0.000591 173
0.000592 173
0.000593 173
0.000594 173
0.000595 173
0.000596 173
0.000597 173
0.000598 173
0.000599 173
0.0006 173
0.000601 173
0.000602 173
0.000603 173
0.000604 173
0.000605 173
0.000606 173
0.000607 173
0.000608 173
0.000609 173
0.00061 173
0.000611 174
0.000612 174
0.000613 174
0.000614 174
0.000615 174
0.000616 174
0.000617 174
0.000618 174
0.000619 174
0.00062 174
0.000621 174
0.000622 174
0.000623 174
0.000624 174
0.000625 174
0.000626 174
0.000627 174
0.000628 174
0.000629 174
0.00063 174
0.000631 174
0.000632 174
0.000633 174
0.000634 174
0.000635 174
0.000636 174
0.000637 174
0.000638 174
0.000639 174
0.00064 174
0.000641 174
0.000642 174
0.000643 174
0.000644 174
0.000645 174
0.000646 174
0.000647 174
0.000648 174
0.000649 174
0.00065 174
0.000651 174
0.000652 174
0.000653 174
0.000654 174
0.000655 174
0.000656 174
0.000657 175
0.000658 175
0.000659 175
0.00066 175
0.000661 175
0.000662 175
0.000663 175
0.000664 175
0.000665 175
0.000666 175
0.000667 175
0.000668 175
0.000669 175
0.00067 175
0.000671 175
0.000672 177
0.000673 177
0.000674 177
0.000675 177
0.000676 176
0.000677 176
0.000678 176
0.000679 176
0.00068 176
0.000681 176
0.000682 176
0.000683 176
0.000684 176
0.000685 176
0.000686 176
0.000687 176
0.000688 176
0.000689 176
0.00069 176
0.000691 176
0.000692 176
0.000693 176
0.000694 176
0.000695 176
0.000696 176
0.000697 176
0.000698 176
0.000699 176
0.0007 176
0.000701 176
0.000702 176
0.000703 176
0.000704 176
0.000705 176
0.000706 176
0.000707 176
0.000708 176
0.000709 176
0.00071 176
0.000711 176
0.000712 176
0.000713 176
0.000714 176
0.000715 176
0.000716 176
0.000717 176
0.000718 176
0.000719 176
0.00072 176
0.000721 176
0.000722 176
0.000723 176
0.000724 176
0.000725 176
0.000726 176
0.000727 176
0.000728 176
0.000729 176
0.00073 176
0.000731 176
0.000732 176
0.000733 176
0.000734 176
0.000735 176
0.000736 176
0.000737 176
0.000738 176
0.000739 176
0.00074 176
0.000741 176
0.000742 176
0.000743 176
0.000744 176
0.000745 176
0.000746 176
0.000747 176
0.000748 176
0.000749 176
0.00075 176
0.000751 176
0.000752 176
0.000753 176
0.000754 176
0.000755 176
0.000756 176
0.000757 176
0.000758 176
0.000759 176
0.00076 176
0.000761 176
0.000762 176
0.000763 176
0.000764 176
0.000765 176
0.000766 177
0.000767 177
0.000768 177
0.000769 177
0.00077 177
0.000771 177
0.000772 177
0.000773 177
0.000774 177
0.000775 177
0.000776 177
0.000777 177
0.000778 177
0.000779 177
0.00078 177
0.000781 177
0.000782 177
0.000783 177
0.000784 177
0.000785 177
0.000786 177
0.000787 177
0.000788 177
0.000789 176
0.00079 176
0.000791 176
0.000792 176
0.000793 176
0.000794 176
0.000795 176
0.000796 176
0.000797 176
0.000798 176
0.000799 176
0.0008 176
0.000801 176
0.000802 176
0.000803 176
0.000804 176
0.000805 176
0.000806 176
0.000807 176
0.000808 176
0.000809 176
0.00081 176
0.000811 176
0.000812 176
0.000813 176
0.000814 176
0.000815 176
0.000816 176
0.000817 176
0.000818 176
0.000819 176
0.00082 176
0.000821 176
0.000822 176
0.000823 176
0.000824 176
0.000825 176
0.000826 176
0.000827 176
0.000828 176
0.000829 176
0.00083 176
0.000831 176
0.000832 176
0.000833 176
0.000834 176
0.000835 176
0.000836 176
0.000837 176
0.000838 176
0.000839 176
0.00084 176
0.000841 176
0.000842 175
0.000843 175
0.000844 175
0.000845 175
0.000846 175
0.000847 175
0.000848 175
0.000849 175
0.00085 175
0.000851 175
0.000852 175
0.000853 175
0.000854 175
0.000855 175
0.000856 175
0.000857 175
0.000858 175
0.000859 175
0.00086 176
0.000861 176
0.000862 176
0.000863 176
0.000864 176
0.000865 176
0.000866 176
0.000867 176
0.000868 176
0.000869 176
0.00087 176
0.000871 176
0.000872 176
0.000873 177
0.000874 177
0.000875 177
0.000876 177
0.000877 177
0.000878 177
0.000879 177
0.00088 177
0.000881 177
0.000882 177
0.000883 177
0.000884 177
0.000885 177
0.000886 177
0.000887 177
0.000888 177
0.000889 177
0.00089 177
0.000891 177
0.000892 177
0.000893 177
0.000894 177
0.000895 177
0.000896 177
0.000897 177
0.000898 177
0.000899 177
0.0009 177
0.000901 177
0.000902 177
0.000903 177
0.000904 177
0.000905 177
0.000906 177
0.000907 177
0.000908 177
0.000909 177
0.00091 177
0.000911 177
0.000912 177
0.000913 177
0.000914 177
0.000915 177
0.000916 177
0.000917 177
0.000918 176
0.000919 176
0.00092 176
0.000921 176
0.000922 176
0.000923 176
0.000924 176
0.000925 176
0.000926 176
0.000927 176
0.000928 176
0.000929 176
0.00093 177
0.000931 177
0.000932 177
0.000933 177
0.000934 177
0.000935 177
0.000936 177
0.000937 177
0.000938 177
0.000939 177
0.00094 177
0.000941 177
0.000942 177
0.000943 177
0.000944 177
0.000945 177
0.000946 177
0.000947 177
0.000948 177
0.000949 177
0.00095 177
0.000951 177
0.000952 177
0.000953 177
0.000954 177
0.000955 177
0.000956 177
0.000957 177
0.000958 177
0.000959 177
0.00096 177
0.000961 177
0.000962 177
0.000963 177
0.000964 177
0.000965 177
0.000966 178
0.000967 178
0.000968 178
0.000969 179
0.00097 179
0.000971 179
0.000972 179
0.000973 179
0.000974 179
0.000975 179
0.000976 179
0.000977 179
0.000978 179
0.000979 179
0.00098 179
0.000981 179
0.000982 179
0.000983 179
0.000984 179
0.000985 179
0.000986 179
0.000987 179
0.000988 179
0.000989 179
0.00099 179
0.000991 179
0.000992 179
0.000993 179
0.000994 179
0.000995 179
0.000996 179
0.000997 179
0.000998 179
0.000999 179
0.001 179
0.001001 179
0.001002 179
0.001003 179
0.001004 179
0.001005 179
0.001006 179
0.001007 179
0.001008 179
0.001009 179
0.00101 179
0.001011 179
0.001012 179
0.001013 180
0.001014 180
0.001015 180
0.001016 180
0.001017 180
0.001018 180
0.001019 180
0.00102 180
0.001021 180
0.001022 180
0.001023 180
0.001024 180
0.001025 180
0.001026 180
0.001027 181
0.001028 181
0.001029 181
0.00103 181
0.001031 181
0.001032 181
0.001033 181
0.001034 181
0.001035 181
0.001036 181
0.001037 181
0.001038 181
0.001039 181
0.00104 181
0.001041 181
0.001042 181
0.001043 181
0.001044 181
0.001045 181
0.001046 181
0.001047 181
0.001048 181
0.001049 181
0.00105 181
0.001051 181
0.001052 181
0.001053 181
0.001054 181
0.001055 181
0.001056 181
0.001057 181
0.001058 181
0.001059 181
0.00106 181
0.001061 181
0.001062 181
0.001063 181
0.001064 181
0.001065 181
0.001066 181
0.001067 181
0.001068 181
0.001069 181
0.00107 181
0.001071 180
0.001072 180
0.001073 180
0.001074 180
0.001075 180
0.001076 180
0.001077 180
0.001078 180
0.001079 180
0.00108 180
0.001081 180
0.001082 180
0.001083 180
0.001084 180
0.001085 180
0.001086 180
0.001087 180
0.001088 180
0.001089 180
0.00109 180
0.001091 180
0.001092 180
0.001093 180
0.001094 180
0.001095 180
0.001096 180
0.001097 180
0.001098 180
0.001099 180
0.0011 180
0.001101 180
0.001102 180
0.001103 180
0.001104 180
0.001105 180
0.001106 180
0.001107 180
0.001108 180
0.001109 180
0.00111 180
0.001111 180
0.001112 181
0.001113 181
0.001114 181
0.001115 181
0.001116 181
0.001117 181
0.001118 181
0.001119 181
0.00112 181
0.001121 181
0.001122 181
0.001123 181
0.001124 181
0.001125 181
0.001126 181
0.001127 181
0.001128 181
0.001129 181
0.00113 181
0.001131 181
0.001132 181
0.001133 181
0.001134 181
0.001135 181
0.001136 181
0.001137 181
0.001138 181
0.001139 181
0.00114 181
0.001141 181
0.001142 181
0.001143 181
0.001144 181
0.001145 181
0.001146 181
0.001147 181
0.001148 181
0.001149 181
0.00115 181
0.001151 181
0.001152 181
0.001153 181
0.001154 181
0.001155 181
0.001156 181
0.001157 181
0.001158 181
0.001159 180
0.00116 180
0.001161 180
0.001162 180
0.001163 180
0.001164 180
0.001165 180
0.001166 180
0.001167 180
0.001168 180
0.001169 180
0.00117 180
0.001171 180
0.001172 180
0.001173 180
0.001174 180
0.001175 180
0.001176 180
0.001177 180
0.001178 180
0.001179 180
0.00118 180
0.001181 180
0.001182 180
0.001183 180
0.001184 180
0.001185 180
0.001186 180
0.001187 180
0.001188 180
0.001189 180
0.00119 180
0.001191 180
0.001192 180
0.001193 180
0.001194 180
0.001195 180
0.001196 180
0.001197 180
0.001198 180
0.001199 180
0.0012 180
0.001201 180
0.001202 180
0.001203 180
0.001204 180
0.001205 180
0.001206 180
0.001207 180
0.001208 180
0.001209 180
0.00121 180
0.001211 180
0.001212 180
0.001213 180
0.001214 180
0.001215 180
0.001216 180
0.001217 180
0.001218 180
0.001219 180
0.00122 180
0.001221 180
0.001222 180
0.001223 180
0.001224 180
0.001225 180
0.001226 180
0.001227 180
0.001228 180
0.001229 180
0.00123 180
0.001231 180
0.001232 180
0.001233 180
0.001234 180
0.001235 181
0.001236 181
0.001237 181
0.001238 181
0.001239 181
0.00124 181
0.001241 181
0.001242 181
0.001243 181
0.001244 181
0.001245 181
0.001246 181
0.001247 181
0.001248 181
0.001249 181
0.00125 181
0.001251 181
0.001252 181
0.001253 182
0.001254 182
0.001255 182
0.001256 182
0.001257 182
0.001258 182
0.001259 182
0.00126 182
0.001261 182
0.001262 182
0.001263 183
0.001264 183
0.001265 183
0.001266 183
0.001267 183
0.001268 183
0.001269 183
0.00127 183
0.001271 183
0.001272 183
0.001273 183
0.001274 183
0.001275 183
0.001276 183
0.001277 183
0.001278 183
0.001279 183
0.00128 183
0.001281 184
0.001282 184
0.001283 184
0.001284 184
0.001285 184
0.001286 184
0.001287 184
0.001288 184
0.001289 184
0.00129 184
0.001291 184
0.001292 184
0.001293 184
0.001294 184
0.001295 184
0.001296 184
0.001297 184
0.001298 184
0.001299 184
0.0013 184
0.001301 184
0.001302 184
0.001303 184
0.001304 184
0.001305 184
0.001306 184
0.001307 184
0.001308 184
0.001309 184
0.00131 184
0.001311 184
0.001312 184
0.001313 184
0.001314 184
0.001315 184
0.001316 184
0.001317 184
0.001318 184
0.001319 184
0.00132 184
0.001321 184
0.001322 184
0.001323 184
0.001324 184
0.001325 184
0.001326 184
0.001327 184
0.001328 184
0.001329 184
0.00133 184
0.001331 184
0.001332 184
0.001333 184
0.001334 184
0.001335 184
0.001336 184
0.001337 184
0.001338 184
0.001339 184
0.00134 184
0.001341 184
0.001342 184
0.001343 184
0.001344 184
0.001345 184
0.001346 184
0.001347 184
0.001348 184
0.001349 184
0.00135 184
0.001351 184
0.001352 184
0.001353 184
0.001354 184
0.001355 184
0.001356 184
0.001357 184
0.001358 184
0.001359 184
0.00136 184
0.001361 185
0.001362 185
0.001363 185
0.001364 185
0.001365 185
0.001366 185
0.001367 185
0.001368 185
0.001369 185
0.00137 185
0.001371 185
0.001372 185
0.001373 185
0.001374 185
0.001375 185
0.001376 185
0.001377 185
0.001378 185
0.001379 185
0.00138 185
0.001381 185
0.001382 185
0.001383 185
0.001384 185
0.001385 185
0.001386 185
0.001387 185
0.001388 185
0.001389 185
0.00139 185
0.001391 185
0.001392 185
0.001393 185
0.001394 185
0.001395 185
0.001396 185
0.001397 185
0.001398 185
0.001399 185
0.0014 185
0.001401 185
0.001402 185
0.001403 185
0.001404 185
0.001405 185
0.001406 185
0.001407 185
0.001408 185
0.001409 185
0.00141 185
0.001411 185
0.001412 185
0.001413 185
0.001414 185
0.001415 185
0.001416 185
0.001417 185
0.001418 185
0.001419 184
0.00142 184
0.001421 184
0.001422 184
0.001423 184
0.001424 184
0.001425 184
0.001426 184
0.001427 184
0.001428 184
0.001429 184
0.00143 184
0.001431 184
0.001432 184
0.001433 184
0.001434 184
0.001435 184
0.001436 184
0.001437 184
0.001438 184
0.001439 184
0.00144 184
0.001441 184
0.001442 184
0.001443 184
0.001444 184
0.001445 184
0.001446 184
0.001447 184
0.001448 184
0.001449 184
0.00145 184
0.001451 184
0.001452 184
0.001453 184
0.001454 184
0.001455 184
0.001456 184
0.001457 184
0.001458 184
0.001459 184
0.00146 184
0.001461 184
0.001462 184
0.001463 184
0.001464 184
0.001465 184
0.001466 184
0.001467 184
0.001468 184
0.001469 184
0.00147 184
0.001471 184
0.001472 184
0.001473 184
0.001474 184
0.001475 184
0.001476 184
0.001477 184
0.001478 184
0.001479 184
0.00148 184
0.001481 184
0.001482 184
0.001483 184
0.001484 184
0.001485 184
0.001486 184
0.001487 184
0.001488 184
0.001489 184
0.00149 184
0.001491 184
0.001492 184
0.001493 184
0.001494 184
0.001495 184
0.001496 184
0.001497 184
0.001498 184
0.001499 184
0.0015 184
0.001501 184
0.001502 184
0.001503 184
0.001504 184
0.001505 184
0.001506 184
0.001507 184
0.001508 184
0.001509 184
0.00151 184
0.001511 184
0.001512 184
0.001513 184
0.001514 184
0.001515 184
0.001516 184
0.001517 184
0.001518 184
0.001519 184
0.00152 184
0.001521 184
0.001522 184
0.001523 184
0.001524 184
0.001525 184
0.001526 184
0.001527 184
0.001528 184
0.001529 184
0.00153 184
0.001531 184
0.001532 184
0.001533 184
0.001534 184
0.001535 184
0.001536 184
0.001537 184
0.001538 184
0.001539 184
0.00154 184
0.001541 184
0.001542 184
0.001543 183
0.001544 183
0.001545 183
0.001546 183
0.001547 183
0.001548 183
0.001549 183
0.00155 183
0.001551 183
0.001552 183
0.001553 183
0.001554 183
0.001555 183
0.001556 183
0.001557 183
0.001558 183
0.001559 183
0.00156 183
0.001561 183
0.001562 183
0.001563 183
0.001564 183
0.001565 183
0.001566 183
0.001567 183
0.001568 183
0.001569 183
0.00157 183
0.001571 183
0.001572 183
0.001573 183
0.001574 183
0.001575 183
0.001576 183
0.001577 183
0.001578 183
0.001579 183
0.00158 183
0.001581 184
0.001582 184
0.001583 184
0.001584 184
0.001585 184
0.001586 184
0.001587 184
0.001588 184
0.001589 184
0.00159 184
0.001591 184
0.001592 184
0.001593 184
0.001594 184
0.001595 184
0.001596 184
0.001597 184
0.001598 184
0.001599 184
0.0016 184
0.001601 184
0.001602 184
0.001603 184
0.001604 184
0.001605 184
0.001606 184
0.001607 184
0.001608 184
0.001609 184
0.00161 184
0.001611 184
0.001612 184
0.001613 184
0.001614 184
0.001615 184
0.001616 183
0.001617 183
0.001618 183
0.001619 183
0.00162 183
0.001621 183
0.001622 183
0.001623 183
0.001624 183
0.001625 183
0.001626 183
0.001627 183
0.001628 183
0.001629 183
0.00163 183
0.001631 184
0.001632 184
0.001633 184
0.001634 184
0.001635 184
0.001636 184
0.001637 184
0.001638 184
0.001639 184
0.00164 184
0.001641 184
0.001642 184
0.001643 184
0.001644 184
0.001645 184
0.001646 184
0.001647 184
0.001648 184
0.001649 184
0.00165 184
0.001651 184
0.001652 184
0.001653 184
0.001654 184
0.001655 184
0.001656 184
0.001657 184
0.001658 184
0.001659 184
0.00166 184
0.001661 184
0.001662 184
0.001663 184
0.001664 184
0.001665 184
0.001666 184
0.001667 184
0.001668 184
0.001669 185
0.00167 185
0.001671 185
0.001672 185
0.001673 185
0.001674 185
0.001675 185
0.001676 185
0.001677 185
0.001678 185
0.001679 185
0.00168 186
0.001681 186
0.001682 186
0.001683 186
0.001684 186
0.001685 186
0.001686 186
0.001687 186
0.001688 186
0.001689 186
0.00169 186
0.001691 186
0.001692 186
0.001693 186
0.001694 186
0.001695 185
0.001696 184
0.001697 184
0.001698 184
0.001699 184
0.0017 184
0.001701 184
0.001702 184
0.001703 184
0.001704 184
0.001705 184
0.001706 184
0.001707 184
0.001708 184
0.001709 184
0.00171 184
0.001711 184
0.001712 184
0.001713 184
0.001714 184
0.001715 184
0.001716 184
0.001717 184
0.001718 184
0.001719 184
0.00172 184
0.001721 184
0.001722 184
0.001723 184
0.001724 184
0.001725 184
0.001726 184
0.001727 184
0.001728 184
0.001729 184
0.00173 184
0.001731 184
0.001732 184
0.001733 184
0.001734 184
0.001735 184
0.001736 184
0.001737 184
0.001738 184
0.001739 184
0.00174 184
0.001741 184
0.001742 184
0.001743 183
0.001744 183
0.001745 183
0.001746 183
0.001747 183
0.001748 183
0.001749 183
0.00175 183
0.001751 183
0.001752 183
0.001753 183
0.001754 183
0.001755 183
0.001756 183
0.001757 183
0.001758 183
0.001759 183
0.00176 183
0.001761 183
0.001762 183
0.001763 183
0.001764 183
0.001765 183
0.001766 183
0.001767 183
0.001768 183
0.001769 183
0.00177 183
0.001771 183
0.001772 183
0.001773 183
0.001774 183
0.001775 183
0.001776 183
0.001777 183
0.001778 183
0.001779 183
0.00178 183
0.001781 183
0.001782 183
0.001783 183
0.001784 183
0.001785 183
0.001786 183
0.001787 183
0.001788 183
0.001789 183
0.00179 183
0.001791 183
0.001792 183
0.001793 183
0.001794 183
0.001795 183
0.001796 183
0.001797 183
0.001798 183
0.001799 183
0.0018 183
0.001801 183
0.001802 183
0.001803 183
0.001804 183
0.001805 184
0.001806 184
0.001807 184
0.001808 184
0.001809 184
0.00181 184
0.001811 184
0.001812 184
0.001813 184
0.001814 184
0.001815 184
0.001816 184
0.001817 184
0.001818 184
0.001819 183
0.00182 183
0.001821 183
0.001822 183
0.001823 183
0.001824 183
0.001825 183
0.001826 183
0.001827 183
0.001828 183
0.001829 183
0.00183 183
0.001831 183
0.001832 183
0.001833 183
0.001834 183
0.001835 183
0.001836 183
0.001837 183
0.001838 183
0.001839 183
0.00184 183
0.001841 183
0.001842 183
0.001843 183
0.001844 183
0.001845 183
0.001846 183
0.001847 183
0.001848 183
0.001849 183
0.00185 183
0.001851 183
0.001852 183
0.001853 183
0.001854 183
0.001855 183
0.001856 183
0.001857 183
0.001858 183
0.001859 183
0.00186 183
0.001861 183
0.001862 183
0.001863 183
0.001864 183
0.001865 183
0.001866 183
0.001867 183
0.001868 183
0.001869 183
0.00187 183
0.001871 183
0.001872 183
0.001873 183
0.001874 183
0.001875 183
0.001876 183
0.001877 183
0.001878 183
0.001879 183
0.00188 184
0.001881 184
0.001882 184
0.001883 184
0.001884 184
0.001885 184
0.001886 184
0.001887 185
0.001888 185
0.001889 185
0.00189 185
0.001891 185
0.001892 184
0.001893 184
0.001894 184
0.001895 184
0.001896 183
0.001897 183
0.001898 183
0.001899 183
0.0019 183
0.001901 183
0.001902 183
0.001903 183
0.001904 183
0.001905 183
0.001906 183
0.001907 183
0.001908 182
0.001909 182
0.00191 182
0.001911 182
0.001912 182
0.001913 182
0.001914 182
0.001915 182
0.001916 182
0.001917 182
0.001918 182
0.001919 181
0.00192 181
0.001921 181
0.001922 181
0.001923 181
0.001924 181
0.001925 181
0.001926 181
0.001927 181
0.001928 181
0.001929 181
0.00193 181
0.001931 181
0.001932 181
0.001933 181
0.001934 181
0.001935 181
0.001936 181
0.001937 181
0.001938 181
0.001939 181
0.00194 181
0.001941 181
0.001942 181
0.001943 181
0.001944 181
0.001945 181
0.001946 181
0.001947 181
0.001948 181
0.001949 181
0.00195 181
0.001951 181
0.001952 181
0.001953 181
0.001954 181
0.001955 181
0.001956 181
0.001957 181
0.001958 181
0.001959 181
0.00196 181
0.001961 181
0.001962 182
0.001963 182
0.001964 182
0.001965 182
0.001966 182
0.001967 182
0.001968 182
0.001969 182
0.00197 182
0.001971 182
0.001972 182
0.001973 182
0.001974 182
0.001975 182
0.001976 182
0.001977 182
0.001978 182
0.001979 182
0.00198 182
0.001981 182
0.001982 182
0.001983 182
0.001984 182
0.001985 182
0.001986 182
0.001987 182
0.001988 182
0.001989 182
0.00199 182
0.001991 182
0.001992 182
0.001993 182
0.001994 181
0.001995 181
0.001996 181
0.001997 181
0.001998 181
0.001999 181
0.002 181
0.002001 181
0.002002 181
0.002003 181
0.002004 181
0.002005 181
0.002006 181
0.002007 181
0.002008 181
0.002009 181
0.00201 181
0.002011 181
0.002012 181
0.002013 181
0.002014 181
0.002015 181
0.002016 181
0.002017 181
0.002018 181
0.002019 181
0.00202 181
0.002021 181
0.002022 181
0.002023 181
0.002024 181
0.002025 181
0.002026 181
0.002027 181
0.002028 181
0.002029 181
0.00203 181
0.002031 182
0.002032 182
0.002033 182
0.002034 182
0.002035 182
0.002036 182
0.002037 182
0.002038 182
0.002039 182
0.00204 182
0.002041 182
0.002042 182
0.002043 182
0.002044 183
0.002045 183
0.002046 183
0.002047 183
0.002048 183
0.002049 183
0.00205 184
0.002051 184
0.002052 184
0.002053 184
0.002054 184
0.002055 184
0.002056 184
0.002057 184
0.002058 184
0.002059 184
0.00206 184
0.002061 184
0.002062 184
0.002063 184
0.002064 184
0.002065 184
0.002066 184
0.002067 184
0.002068 184
0.002069 184
0.00207 184
0.002071 184
0.002072 184
0.002073 184
0.002074 184
0.002075 184
0.002076 184
0.002077 184
0.002078 184
0.002079 184
0.00208 184
0.002081 184
0.002082 184
0.002083 184
0.002084 184
0.002085 184
0.002086 184
0.002087 184
0.002088 184
0.002089 184
0.00209 184
0.002091 184
0.002092 184
0.002093 184
0.002094 184
0.002095 184
0.002096 184
0.002097 184
0.002098 184
0.002099 184
0.0021 184
0.002101 184
0.002102 184
0.002103 184
0.002104 184
0.002105 184
0.002106 185
0.002107 185
0.002108 185
0.002109 185
0.00211 185
0.002111 185
0.002112 184
0.002113 184
0.002114 184
0.002115 184
0.002116 184
0.002117 184
0.002118 184
0.002119 184
0.00212 184
0.002121 184
0.002122 184
0.002123 184
0.002124 184
0.002125 184
0.002126 184
0.002127 184
0.002128 184
0.002129 184
0.00213 184
0.002131 184
0.002132 184
0.002133 184
0.002134 184
0.002135 184
0.002136 184
0.002137 184
0.002138 184
0.002139 184
0.00214 184
0.002141 184
0.002142 184
0.002143 184
0.002144 184
0.002145 184
0.002146 184
0.002147 184
0.002148 184
0.002149 184
0.00215 184
0.002151 184
0.002152 184
0.002153 184
0.002154 184
0.002155 184
0.002156 185
0.002157 185
0.002158 185
0.002159 185
0.00216 185
0.002161 185
0.002162 185
0.002163 185
0.002164 185
0.002165 185
0.002166 185
0.002167 185
0.002168 185
0.002169 185
0.00217 185
0.002171 185
0.002172 185
0.002173 185
0.002174 185
0.002175 185
0.002176 185
0.002177 185
0.002178 185
0.002179 185
0.00218 185
0.002181 185
0.002182 185
0.002183 185
0.002184 185
0.002185 185
0.002186 185
0.002187 185
0.002188 185
0.002189 185
0.00219 185
0.002191 185
0.002192 185
0.002193 185
0.002194 185
0.002195 185
0.002196 185
0.002197 185
0.002198 185
0.002199 185
0.0022 185
0.002201 184
0.002202 184
0.002203 184
0.002204 184
0.002205 184
0.002206 184
0.002207 184
0.002208 184
0.002209 184
0.00221 184
0.002211 184
0.002212 184
0.002213 184
0.002214 184
0.002215 184
0.002216 184
0.002217 184
0.002218 184
0.002219 184
0.00222 184
0.002221 184
0.002222 183
0.002223 183
0.002224 183
0.002225 183
0.002226 183
0.002227 183
0.002228 183
0.002229 183
0.00223 183
0.002231 183
0.002232 183
0.002233 183
0.002234 183
0.002235 183
0.002236 183
0.002237 183
0.002238 183
0.002239 183
0.00224 183
0.002241 183
0.002242 183
0.002243 183
0.002244 183
0.002245 183
0.002246 184
0.002247 184
0.002248 184
0.002249 184
0.00225 184
0.002251 184
0.002252 184
0.002253 184
0.002254 184
0.002255 184
0.002256 184
0.002257 184
0.002258 184
0.002259 184
0.00226 184
0.002261 184
0.002262 184
0.002263 184
0.002264 184
0.002265 184
0.002266 184
0.002267 184
0.002268 184
0.002269 184
0.00227 184
0.002271 184
0.002272 184
0.002273 184
0.002274 184
0.002275 184
0.002276 184
0.002277 184
0.002278 184
0.002279 184
0.00228 184
0.002281 184
0.002282 184
0.002283 184
0.002284 184
0.002285 184
0.002286 184
0.002287 184
0.002288 184
0.002289 184
0.00229 184
0.002291 184
0.002292 184
0.002293 184
0.002294 184
0.002295 184
0.002296 184
0.002297 184
0.002298 184
0.002299 184
0.0023 184
0.002301 184
0.002302 184
0.002303 184
0.002304 184
0.002305 185
0.002306 185
0.002307 185
0.002308 185
0.002309 185
0.00231 185
0.002311 185
0.002312 185
0.002313 185
0.002314 185
0.002315 185
0.002316 185
0.002317 185
0.002318 185
0.002319 185
0.00232 185
0.002321 185
0.002322 185
0.002323 185
0.002324 185
0.002325 185
0.002326 185
0.002327 185
0.002328 185
0.002329 185
0.00233 185
0.002331 185
0.002332 185
0.002333 185
0.002334 185
0.002335 185
0.002336 185
0.002337 185
0.002338 185
0.002339 185
0.00234 185
0.002341 185
0.002342 185
0.002343 185
0.002344 185
0.002345 185
0.002346 185
0.002347 185
0.002348 185
0.002349 185
0.00235 185
0.002351 185
0.002352 185
0.002353 185
0.002354 185
0.002355 185
0.002356 185
0.002357 185
0.002358 185
0.002359 185
0.00236 185
0.002361 184
0.002362 184
0.002363 184
0.002364 184
0.002365 183
0.002366 183
0.002367 183
0.002368 183
0.002369 183
0.00237 183
0.002371 183
0.002372 183
0.002373 183
0.002374 183
0.002375 183
0.002376 183
0.002377 183
0.002378 183
0.002379 183
0.00238 183
0.002381 183
0.002382 183
0.002383 183
0.002384 183
0.002385 183
0.002386 183
0.002387 183
0.002388 183
0.002389 183
0.00239 183
0.002391 183
0.002392 182
0.002393 182
0.002394 182
0.002395 182
0.002396 182
0.002397 182
0.002398 182
0.002399 182
0.0024 182
0.002401 182
0.002402 182
0.002403 182
0.002404 182
0.002405 182
0.002406 182
0.002407 182
0.002408 182
0.002409 182
0.00241 182
0.002411 182
0.002412 182
0.002413 182
0.002414 182
0.002415 182
0.002416 182
0.002417 182
0.002418 182
0.002419 182
0.00242 182
0.002421 182
0.002422 182
0.002423 182
0.002424 182
0.002425 182
0.002426 182
0.002427 182
0.002428 182
0.002429 182
0.00243 182
0.002431 182
0.002432 182
0.002433 182
0.002434 182
0.002435 182
0.002436 182
0.002437 182
0.002438 182
0.002439 182
0.00244 182
0.002441 182
0.002442 182
0.002443 182
0.002444 182
0.002445 182
0.002446 182
0.002447 182
0.002448 182
0.002449 182
0.00245 182
0.002451 182
0.002452 182
0.002453 182
0.002454 182
0.002455 182
0.002456 182
0.002457 182
0.002458 182
0.002459 182
0.00246 182
0.002461 182
0.002462 182
0.002463 182
0.002464 182
0.002465 182
0.002466 182
0.002467 182
0.002468 182
0.002469 182
0.00247 182
0.002471 182
0.002472 182
0.002473 182
0.002474 182
0.002475 182
0.002476 182
0.002477 182
0.002478 182
0.002479 182
0.00248 182
0.002481 182
0.002482 182
0.002483 181
0.002484 181
0.002485 181
0.002486 181
0.002487 181
0.002488 181
0.002489 181
0.00249 181
0.002491 181
0.002492 181
0.002493 181
0.002494 181
0.002495 181
0.002496 181
0.002497 181
0.002498 181
0.002499 181
0.0025 181
0.002501 181
0.002502 181
0.002503 181
0.002504 182
0.002505 182
0.002506 182
0.002507 182
0.002508 182
0.002509 182
0.00251 182
0.002511 182
0.002512 182
0.002513 182
0.002514 182
0.002515 182
0.002516 182
0.002517 182
0.002518 182
0.002519 182
0.00252 182
0.002521 182
0.002522 182
0.002523 182
0.002524 182
0.002525 182
0.002526 182
0.002527 182
0.002528 182
0.002529 182
0.00253 182
0.002531 182
0.002532 182
0.002533 182
0.002534 183
0.002535 183
0.002536 183
0.002537 183
0.002538 183
0.002539 183
0.00254 183
0.002541 183
0.002542 183
0.002543 183
0.002544 183
0.002545 183
0.002546 183
0.002547 183
0.002548 183
0.002549 183
0.00255 183
0.002551 183
0.002552 183
0.002553 183
0.002554 183
0.002555 183
0.002556 183
0.002557 183
0.002558 182
0.002559 182
0.00256 182
0.002561 182
0.002562 182
0.002563 182
0.002564 182
0.002565 182
0.002566 182
0.002567 182
0.002568 182
0.002569 182
0.00257 182
0.002571 182
0.002572 182
0.002573 182
0.002574 182
0.002575 182
0.002576 182
0.002577 182
0.002578 182
0.002579 182
0.00258 182
0.002581 182
0.002582 182
0.002583 182
0.002584 182
0.002585 182
0.002586 182
0.002587 182
0.002588 182
0.002589 182
0.00259 182
0.002591 182
0.002592 182
0.002593 182
0.002594 182
0.002595 182
0.002596 182
0.002597 182
0.002598 183
0.002599 183
0.0026 183
0.002601 183
0.002602 183
0.002603 183
0.002604 183
0.002605 183
0.002606 183
0.002607 183
0.002608 183
0.002609 183
0.00261 183
0.002611 184
0.002612 184
0.002613 184
0.002614 184
0.002615 184
0.002616 184
0.002617 184
0.002618 184
0.002619 184
0.00262 184
0.002621 184
0.002622 184
0.002623 184
0.002624 184
0.002625 184
0.002626 184
0.002627 184
0.002628 184
0.002629 184
0.00263 184
0.002631 184
0.002632 184
0.002633 184
0.002634 184
0.002635 184
0.002636 184
0.002637 184
0.002638 184
0.002639 184
0.00264 184
0.002641 184
0.002642 184
0.002643 184
0.002644 184
0.002645 184
0.002646 184
0.002647 184
0.002648 184
0.002649 184
0.00265 184
0.002651 184
0.002652 184
0.002653 184
0.002654 184
0.002655 184
0.002656 184
0.002657 184
0.002658 184
0.002659 184
0.00266 184
0.002661 184
0.002662 184
0.002663 184
0.002664 184
0.002665 184
0.002666 184
0.002667 184
0.002668 184
0.002669 184
0.00267 184
0.002671 184
0.002672 184
0.002673 185
0.002674 185
0.002675 185
0.002676 185
0.002677 185
0.002678 185
0.002679 185
0.00268 185
0.002681 185
0.002682 185
0.002683 185
0.002684 185
0.002685 185
0.002686 185
0.002687 185
0.002688 185
0.002689 186
0.00269 186
0.002691 186
0.002692 186
0.002693 186
0.002694 186
0.002695 186
0.002696 186
0.002697 186
0.002698 186
0.002699 185
0.0027 185
0.002701 185
0.002702 185
0.002703 185
0.002704 185
0.002705 185
0.002706 185
0.002707 185
0.002708 185
0.002709 185
0.00271 185
0.002711 185
0.002712 186
0.002713 186
0.002714 186
0.002715 186
0.002716 186
0.002717 186
0.002718 186
0.002719 186
0.00272 186
0.002721 186
0.002722 186
0.002723 186
0.002724 186
0.002725 185
0.002726 185
0.002727 185
0.002728 185
0.002729 185
0.00273 185
0.002731 185
0.002732 185
0.002733 185
0.002734 185
0.002735 185
0.002736 185
0.002737 185
0.002738 185
0.002739 185
0.00274 185
0.002741 185
0.002742 185
0.002743 185
0.002744 185
0.002745 185
0.002746 185
0.002747 185
0.002748 185
0.002749 185
0.00275 185
0.002751 185
0.002752 185
0.002753 185
0.002754 185
0.002755 185
0.002756 185
0.002757 185
0.002758 185
0.002759 184
0.00276 184
0.002761 184
0.002762 184
0.002763 184
0.002764 184
0.002765 184
0.002766 184
0.002767 184
0.002768 184
0.002769 184
0.00277 184
0.002771 184
0.002772 184
0.002773 184
0.002774 184
0.002775 184
0.002776 184
0.002777 184
0.002778 184
0.002779 184
0.00278 184
0.002781 184
0.002782 184
0.002783 184
0.002784 184
0.002785 184
0.002786 184
0.002787 184
0.002788 184
0.002789 184
0.00279 184
0.002791 184
0.002792 184
0.002793 184
0.002794 184
0.002795 184
0.002796 184
0.002797 185
0.002798 185
0.002799 185
0.0028 185
0.002801 185
0.002802 185
0.002803 185
0.002804 185
0.002805 185
0.002806 185
0.002807 185
0.002808 186
0.002809 186
0.00281 186
0.002811 186
0.002812 186
0.002813 186
0.002814 186
0.002815 186
0.002816 186
0.002817 186
0.002818 186
0.002819 185
0.00282 185
0.002821 185
0.002822 185
0.002823 185
0.002824 185
0.002825 185
0.002826 185
0.002827 185
0.002828 185
0.002829 185
0.00283 185
0.002831 185
0.002832 185
0.002833 185
0.002834 185
0.002835 185
0.002836 185
0.002837 185
0.002838 185
0.002839 185
0.00284 185
0.002841 185
0.002842 185
0.002843 185
0.002844 185
0.002845 185
0.002846 185
0.002847 185
0.002848 185
0.002849 185
0.00285 185
0.002851 185
0.002852 185
0.002853 185
0.002854 185
0.002855 185
0.002856 185
0.002857 185
0.002858 185
0.002859 185
0.00286 185
0.002861 185
0.002862 185
0.002863 185
0.002864 185
0.002865 185
0.002866 185
0.002867 185
0.002868 185
0.002869 184
0.00287 184
0.002871 184
0.002872 184
0.002873 184
0.002874 184
0.002875 184
0.002876 184
0.002877 184
0.002878 184
0.002879 184
0.00288 184
0.002881 184
0.002882 184
0.002883 184
0.002884 184
0.002885 184
0.002886 184
0.002887 185
0.002888 185
0.002889 185
0.00289 185
0.002891 185
0.002892 185
0.002893 185
0.002894 185
0.002895 185
0.002896 185
0.002897 185
0.002898 185
0.002899 185
0.0029 185
0.002901 184
0.002902 184
0.002903 185
0.002904 185
0.002905 185
0.002906 185
0.002907 185
0.002908 185
0.002909 185
0.00291 185
0.002911 185
0.002912 185
0.002913 185
0.002914 185
0.002915 185
0.002916 185
0.002917 185
0.002918 185
0.002919 185
0.00292 185
0.002921 185
0.002922 185
0.002923 185
0.002924 185
0.002925 185
0.002926 185
0.002927 185
0.002928 185
0.002929 185
0.00293 185
0.002931 185
0.002932 185
0.002933 185
0.002934 185
0.002935 185
0.002936 185
0.002937 185
0.002938 185
0.002939 185
0.00294 185
0.002941 185
0.002942 185
0.002943 185
0.002944 185
0.002945 185
0.002946 185
0.002947 185
0.002948 185
0.002949 185
0.00295 185
0.002951 185
0.002952 185
0.002953 185
0.002954 185
0.002955 185
0.002956 185
0.002957 185
0.002958 185
0.002959 185
0.00296 185
0.002961 185
0.002962 185
0.002963 184
0.002964 184
0.002965 184
0.002966 184
0.002967 184
0.002968 184
0.002969 184
0.00297 184
0.002971 184
0.002972 184
0.002973 184
0.002974 184
0.002975 184
0.002976 184
0.002977 184
0.002978 184
0.002979 184
0.00298 184
0.002981 184
0.002982 184
0.002983 184
0.002984 184
0.002985 184
0.002986 184
0.002987 184
0.002988 184
0.002989 184
0.00299 184
0.002991 184
0.002992 184
0.002993 184
0.002994 184
0.002995 184
0.002996 184
0.002997 184
0.002998 184
0.002999 184
0.003 184
0.003001 184
0.003002 184
0.003003 184
0.003004 184
0.003005 184
0.003006 184
0.003007 184
0.003008 184
0.003009 184
0.00301 184
0.003011 184
0.003012 184
0.003013 184
0.003014 184
0.003015 184
0.003016 184
0.003017 184
0.003018 184
0.003019 184
0.00302 184
0.003021 184
0.003022 183
0.003023 183
0.003024 183
0.003025 183
0.003026 183
0.003027 183
0.003028 183
0.003029 183
0.00303 183
0.003031 183
0.003032 183
0.003033 183
0.003034 183
0.003035 183
0.003036 183
0.003037 183
0.003038 183
0.003039 183
0.00304 183
0.003041 183
0.003042 183
0.003043 183
0.003044 184
0.003045 184
0.003046 184
0.003047 184
0.003048 184
0.003049 184
0.00305 185
0.003051 185
0.003052 185
0.003053 185
0.003054 185
0.003055 185
0.003056 185
0.003057 185
0.003058 185
0.003059 185
0.00306 185
0.003061 185
0.003062 185
0.003063 185
0.003064 185
0.003065 185
0.003066 185
0.003067 185
0.003068 185
0.003069 185
0.00307 185
0.003071 185
0.003072 185
0.003073 185
0.003074 185
0.003075 185
0.003076 185
0.003077 185
0.003078 185
0.003079 185
0.00308 185
0.003081 185
0.003082 185
0.003083 185
0.003084 185
0.003085 185
0.003086 185
0.003087 185
0.003088 185
0.003089 185
0.00309 185
0.003091 185
0.003092 185
0.003093 185
0.003094 185
0.003095 185
0.003096 185
0.003097 185
0.003098 185
0.003099 185
0.0031 185
0.003101 185
0.003102 185
0.003103 185
0.003104 185
0.003105 185
0.003106 185
0.003107 185
0.003108 185
0.003109 185
0.00311 185
0.003111 185
0.003112 185
0.003113 185
0.003114 185
0.003115 185
0.003116 185
0.003117 185
0.003118 185
0.003119 185
0.00312 185
0.003121 185
0.003122 185
0.003123 185
0.003124 185
0.003125 185
0.003126 185
0.003127 185
0.003128 185
0.003129 185
0.00313 185
0.003131 185
0.003132 185
0.003133 185
0.003134 185
0.003135 185
0.003136 185
0.003137 185
0.003138 185
0.003139 185
0.00314 185
0.003141 185
0.003142 185
0.003143 185
0.003144 185
0.003145 185
0.003146 185
0.003147 185
0.003148 185
0.003149 185
0.00315 185
0.003151 185
0.003152 185
0.003153 185
0.003154 185
0.003155 185
0.003156 185
0.003157 185
0.003158 185
0.003159 185
0.00316 185
0.003161 185
0.003162 185
0.003163 185
0.003164 185
0.003165 185
0.003166 185
0.003167 185
0.003168 185
0.003169 185
0.00317 185
0.003171 185
0.003172 185
0.003173 185
0.003174 185
0.003175 186
0.003176 186
0.003177 186
0.003178 186
0.003179 186
0.00318 186
0.003181 186
0.003182 187
0.003183 187
0.003184 187
0.003185 187
0.003186 187
0.003187 187
0.003188 187
0.003189 187
0.00319 187
0.003191 187
0.003192 187
0.003193 187
0.003194 187
0.003195 187
0.003196 187
0.003197 187
0.003198 187
0.003199 187
0.0032 187
0.003201 187
0.003202 187
0.003203 187
0.003204 187
0.003205 187
0.003206 187
0.003207 187
0.003208 187
0.003209 187
0.00321 187
0.003211 187
0.003212 187
0.003213 187
0.003214 187
0.003215 187
0.003216 187
0.003217 187
0.003218 187
0.003219 187
0.00322 187
0.003221 187
0.003222 187
0.003223 187
0.003224 187
0.003225 187
0.003226 187
0.003227 187
0.003228 187
0.003229 187
0.00323 187
0.003231 187
0.003232 187
0.003233 187
0.003234 187
0.003235 187
0.003236 186
0.003237 186
0.003238 186
0.003239 186
0.00324 186
0.003241 186
0.003242 186
0.003243 186
0.003244 186
0.003245 186
0.003246 186
0.003247 186
0.003248 185
0.003249 185
0.00325 185
0.003251 185
0.003252 185
0.003253 185
0.003254 185
0.003255 185
0.003256 185
0.003257 184
0.003258 184
0.003259 184
0.00326 184
0.003261 184
0.003262 184
0.003263 184
0.003264 184
0.003265 184
0.003266 184
0.003267 184
0.003268 184
0.003269 184
0.00327 184
0.003271 184
0.003272 184
0.003273 184
0.003274 184
0.003275 184
0.003276 184
0.003277 184
0.003278 184
0.003279 184
0.00328 184
0.003281 184
0.003282 184
0.003283 184
0.003284 184
0.003285 184
0.003286 184
0.003287 184
0.003288 184
0.003289 184
0.00329 185
0.003291 185
0.003292 185
0.003293 185
0.003294 185
0.003295 185
0.003296 185
0.003297 185
0.003298 185
0.003299 185
0.0033 185
0.003301 185
0.003302 185
0.003303 185
0.003304 185
0.003305 185
0.003306 186
0.003307 186
0.003308 186
0.003309 186
0.00331 186
0.003311 186
0.003312 186
0.003313 186
0.003314 186
0.003315 186
0.003316 186
0.003317 186
0.003318 186
0.003319 186
0.00332 186
0.003321 186
0.003322 186
0.003323 186
0.003324 186
0.003325 186
0.003326 186
0.003327 186
0.003328 186
0.003329 186
0.00333 186
0.003331 186
0.003332 186
0.003333 186
0.003334 186
0.003335 186
0.003336 186
0.003337 186
0.003338 186
0.003339 186
0.00334 186
0.003341 186
0.003342 186
0.003343 186
0.003344 186
0.003345 186
0.003346 186
0.003347 186
0.003348 186
0.003349 186
0.00335 186
0.003351 186
0.003352 186
0.003353 186
0.003354 186
0.003355 186
0.003356 186
0.003357 186
0.003358 186
0.003359 186
0.00336 186
0.003361 186
0.003362 186
0.003363 186
0.003364 186
0.003365 186
0.003366 186
0.003367 186
0.003368 186
0.003369 186
0.00337 186
0.003371 186
0.003372 186
0.003373 186
0.003374 186
0.003375 186
0.003376 186
0.003377 186
0.003378 186
0.003379 186
0.00338 186
0.003381 186
0.003382 186
0.003383 186
0.003384 186
0.003385 187
0.003386 187
0.003387 187
0.003388 187
0.003389 187
0.00339 187
0.003391 187
0.003392 187
0.003393 187
0.003394 187
0.003395 187
0.003396 188
0.003397 188
0.003398 188
0.003399 188
0.0034 188
0.003401 188
0.003402 188
0.003403 188
0.003404 188
0.003405 188
0.003406 188
0.003407 188
0.003408 188
0.003409 188
0.00341 188
0.003411 188
0.003412 188
0.003413 188
0.003414 188
0.003415 188
0.003416 188
0.003417 188
0.003418 188
0.003419 188
0.00342 188
0.003421 188
0.003422 188
0.003423 188
0.003424 188
0.003425 188
0.003426 188
0.003427 188
0.003428 188
0.003429 188
0.00343 188
0.003431 188
0.003432 188
0.003433 188
0.003434 188
0.003435 188
0.003436 188
0.003437 188
0.003438 188
0.003439 188
0.00344 188
0.003441 188
0.003442 188
0.003443 188
0.003444 188
0.003445 188
0.003446 188
0.003447 188
0.003448 188
0.003449 188
0.00345 188
0.003451 188
0.003452 188
0.003453 188
0.003454 188
0.003455 188
0.003456 188
0.003457 187
0.003458 187
0.003459 187
0.00346 187
0.003461 187
0.003462 187
0.003463 187
0.003464 187
0.003465 187
0.003466 187
0.003467 187
0.003468 187
0.003469 187
0.00347 187
0.003471 187
0.003472 187
0.003473 187
0.003474 187
0.003475 187
0.003476 187
0.003477 187
0.003478 187
0.003479 187
0.00348 187
0.003481 187
0.003482 187
0.003483 187
0.003484 187
0.003485 187
0.003486 187
0.003487 187
0.003488 187
0.003489 187
0.00349 187
0.003491 187
0.003492 187
0.003493 187
0.003494 187
0.003495 187
0.003496 187
0.003497 187
0.003498 187
0.003499 187
0.0035 187
0.003501 187
0.003502 187
0.003503 187
0.003504 187
0.003505 187
0.003506 187
0.003507 187
0.003508 187
0.003509 187
0.00351 187
0.003511 187
0.003512 187
0.003513 187
0.003514 187
0.003515 187
0.003516 187
0.003517 187
0.003518 187
0.003519 187
0.00352 187
0.003521 187
0.003522 187
0.003523 187
0.003524 187
0.003525 187
0.003526 187
0.003527 187
0.003528 187
0.003529 187
0.00353 187
0.003531 187
0.003532 187
0.003533 187
0.003534 187
0.003535 187
0.003536 187
0.003537 187
0.003538 187
0.003539 187
0.00354 187
0.003541 187
0.003542 187
0.003543 187
0.003544 187
0.003545 187
0.003546 187
0.003547 187
0.003548 187
0.003549 187
0.00355 186
0.003551 186
0.003552 186
0.003553 186
0.003554 186
0.003555 186
0.003556 186
0.003557 186
0.003558 186
0.003559 186
0.00356 186
0.003561 186
0.003562 186
0.003563 186
0.003564 186
0.003565 186
0.003566 186
0.003567 186
0.003568 186
0.003569 186
0.00357 186
0.003571 186
0.003572 186
0.003573 186
0.003574 186
0.003575 186
0.003576 186
0.003577 186
0.003578 186
0.003579 186
0.00358 186
0.003581 186
0.003582 186
0.003583 186
0.003584 186
0.003585 186
0.003586 186
0.003587 186
0.003588 186
0.003589 186
0.00359 186
0.003591 186
0.003592 186
0.003593 186
0.003594 186
0.003595 186
0.003596 186
0.003597 186
0.003598 186
0.003599 186
0.0036 186
0.003601 186
0.003602 186
0.003603 186
0.003604 186
0.003605 186
0.003606 186
0.003607 186
0.003608 186
0.003609 186
0.00361 186
0.003611 186
0.003612 187
0.003613 187
0.003614 187
0.003615 187
0.003616 187
0.003617 187
0.003618 187
0.003619 187
0.00362 187
0.003621 187
0.003622 187
0.003623 187
0.003624 187
0.003625 187
0.003626 187
0.003627 187
0.003628 187
0.003629 187
0.00363 187
0.003631 187
0.003632 187
0.003633 187
0.003634 187
0.003635 187
0.003636 187
0.003637 187
0.003638 187
0.003639 187
0.00364 187
0.003641 187
0.003642 187
0.003643 187
0.003644 187
0.003645 188
0.003646 189
0.003647 189
0.003648 189
0.003649 189
0.00365 189
0.003651 189
0.003652 189
0.003653 189
0.003654 189
0.003655 189
0.003656 189
0.003657 189
0.003658 189
0.003659 189
0.00366 189
0.003661 189
0.003662 188
0.003663 188
0.003664 188
0.003665 188
0.003666 188
0.003667 188
0.003668 188
0.003669 188
0.00367 188
0.003671 188
0.003672 188
0.003673 188
0.003674 188
0.003675 188
0.003676 188
0.003677 188
0.003678 188
0.003679 188
0.00368 188
0.003681 188
0.003682 188
0.003683 188
0.003684 188
0.003685 188
0.003686 188
0.003687 188
0.003688 188
0.003689 188
0.00369 188
0.003691 188
0.003692 188
0.003693 188
0.003694 188
0.003695 188
0.003696 189
0.003697 189
0.003698 189
0.003699 189
0.0037 189
0.003701 189
0.003702 189
0.003703 189
0.003704 189
0.003705 189
0.003706 189
0.003707 189
0.003708 189
0.003709 189
0.00371 189
0.003711 189
0.003712 189
0.003713 189
0.003714 189
0.003715 189
0.003716 189
0.003717 189
0.003718 189
0.003719 189
0.00372 189
0.003721 189
0.003722 189
0.003723 189
0.003724 189
0.003725 189
0.003726 189
0.003727 189
0.003728 189
0.003729 189
0.00373 189
0.003731 189
0.003732 189
0.003733 189
0.003734 189
0.003735 189
0.003736 189
0.003737 189
0.003738 189
0.003739 189
0.00374 189
0.003741 189
0.003742 189
0.003743 189
0.003744 189
0.003745 189
0.003746 189
0.003747 189
0.003748 189
0.003749 189
0.00375 189
0.003751 189
0.003752 189
0.003753 189
0.003754 189
0.003755 189
0.003756 189
0.003757 189
0.003758 189
0.003759 189
0.00376 189
0.003761 189
0.003762 189
0.003763 189
0.003764 189
0.003765 189
0.003766 189
0.003767 189
0.003768 189
0.003769 189
0.00377 189
0.003771 189
0.003772 189
0.003773 190
0.003774 190
0.003775 190
0.003776 190
0.003777 190
0.003778 190
0.003779 190
0.00378 190
0.003781 190
0.003782 190
0.003783 190
0.003784 190
0.003785 190
0.003786 190
0.003787 190
0.003788 190
0.003789 190
0.00379 190
0.003791 190
0.003792 190
0.003793 190
0.003794 190
0.003795 190
0.003796 190
0.003797 190
0.003798 190
0.003799 190
0.0038 190
0.003801 190
0.003802 190
0.003803 190
0.003804 190
0.003805 190
0.003806 190
0.003807 190
0.003808 190
0.003809 190
0.00381 190
0.003811 190
0.003812 190
0.003813 190
0.003814 190
0.003815 190
0.003816 190
0.003817 190
0.003818 190
0.003819 190
0.00382 190
0.003821 190
0.003822 190
0.003823 190
0.003824 190
0.003825 190
0.003826 190
0.003827 190
0.003828 190
0.003829 190
0.00383 190
0.003831 190
0.003832 190
0.003833 190
0.003834 190
0.003835 190
0.003836 190
0.003837 190
0.003838 190
0.003839 190
0.00384 190
0.003841 190
0.003842 190
0.003843 190
0.003844 190
0.003845 190
0.003846 190
0.003847 190
0.003848 190
0.003849 190
0.00385 190
0.003851 190
0.003852 190
0.003853 190
0.003854 190
0.003855 190
0.003856 190
0.003857 190
0.003858 190
0.003859 190
0.00386 190
0.003861 190
0.003862 190
0.003863 190
0.003864 190
0.003865 190
0.003866 190
0.003867 190
0.003868 190
0.003869 190
0.00387 190
0.003871 190
0.003872 190
0.003873 190
0.003874 190
0.003875 190
0.003876 190
0.003877 190
0.003878 190
0.003879 190
0.00388 190
0.003881 190
0.003882 190
0.003883 190
0.003884 190
0.003885 190
0.003886 190
0.003887 190
0.003888 190
0.003889 190
0.00389 190
0.003891 190
0.003892 190
0.003893 190
0.003894 190
0.003895 190
0.003896 190
0.003897 190
0.003898 190
0.003899 190
0.0039 190
0.003901 190
0.003902 190
0.003903 190
0.003904 190
0.003905 190
0.003906 190
0.003907 190
0.003908 190
0.003909 191
0.00391 191
0.003911 191
0.003912 191
0.003913 191
0.003914 191
0.003915 191
0.003916 191
0.003917 191
0.003918 191
0.003919 191
0.00392 191
0.003921 191
0.003922 191
0.003923 191
0.003924 191
0.003925 191
0.003926 191
0.003927 191
0.003928 191
0.003929 191
0.00393 191
0.003931 191
0.003932 191
0.003933 191
0.003934 191
0.003935 191
0.003936 191
0.003937 191
0.003938 191
0.003939 191
0.00394 191
0.003941 191
0.003942 191
0.003943 191
0.003944 191
0.003945 191
0.003946 191
0.003947 191
0.003948 191
0.003949 191
0.00395 191
0.003951 191
0.003952 191
0.003953 191
0.003954 191
0.003955 191
0.003956 191
0.003957 191
0.003958 191
0.003959 191
0.00396 191
0.003961 191
0.003962 191
0.003963 191
0.003964 191
0.003965 191
0.003966 191
0.003967 191
0.003968 191
0.003969 191
0.00397 191
0.003971 191
0.003972 191
0.003973 191
0.003974 191
0.003975 191
0.003976 191
0.003977 191
0.003978 192
0.003979 192
0.00398 192
0.003981 192
0.003982 192
0.003983 192
0.003984 191
0.003985 191
0.003986 191
0.003987 191
0.003988 191
0.003989 191
0.00399 191
0.003991 191
0.003992 191
0.003993 191
0.003994 191
0.003995 191
0.003996 191
0.003997 191
0.003998 191
0.003999 191
0.004 191
0.004001 191
0.004002 191
0.004003 191
0.004004 191
0.004005 191
0.004006 191
0.004007 191
0.004008 191
0.004009 191
0.00401 191
0.004011 191
0.004012 191
0.004013 191
0.004014 191
0.004015 191
0.004016 191
0.004017 192
0.004018 192
0.004019 192
0.00402 192
0.004021 192
0.004022 192
0.004023 192
0.004024 192
0.004025 192
0.004026 192
0.004027 192
0.004028 192
0.004029 192
0.00403 192
0.004031 192
0.004032 192
0.004033 192
0.004034 192
0.004035 192
0.004036 192
0.004037 192
0.004038 192
0.004039 192
0.00404 192
0.004041 192
0.004042 192
0.004043 192
0.004044 192
0.004045 192
0.004046 192
0.004047 192
0.004048 192
0.004049 192
0.00405 193
0.004051 193
0.004052 193
0.004053 193
0.004054 193
0.004055 193
0.004056 193
0.004057 193
0.004058 193
0.004059 193
0.00406 193
0.004061 193
0.004062 193
0.004063 193
0.004064 193
0.004065 193
0.004066 193
0.004067 193
0.004068 193
0.004069 193
0.00407 193
0.004071 193
0.004072 193
0.004073 193
0.004074 193
0.004075 193
0.004076 193
0.004077 193
0.004078 193
0.004079 193
0.00408 193
0.004081 193
0.004082 193
0.004083 192
0.004084 192
0.004085 192
0.004086 192
0.004087 192
0.004088 192
0.004089 192
0.00409 192
0.004091 192
0.004092 192
0.004093 192
0.004094 192
0.004095 192
0.004096 192
0.004097 192
0.004098 192
0.004099 192
0.0041 192
0.004101 192
0.004102 192
0.004103 192
0.004104 192
0.004105 192
0.004106 192
0.004107 192
0.004108 192
0.004109 192
0.00411 192
0.004111 192
0.004112 192
0.004113 192
0.004114 192
0.004115 192
0.004116 192
0.004117 192
0.004118 192
0.004119 192
0.00412 192
0.004121 192
0.004122 192
0.004123 192
0.004124 192
0.004125 192
0.004126 192
0.004127 192
0.004128 192
0.004129 192
0.00413 192
0.004131 192
0.004132 192
0.004133 192
0.004134 193
0.004135 193
0.004136 193
0.004137 193
0.004138 193
0.004139 193
0.00414 193
0.004141 193
0.004142 193
0.004143 193
0.004144 193
0.004145 193
0.004146 193
0.004147 193
0.004148 193
0.004149 193
0.00415 193
0.004151 193
0.004152 193
0.004153 193
0.004154 193
0.004155 193
0.004156 193
0.004157 193
0.004158 193
0.004159 193
0.00416 193
0.004161 193
0.004162 193
0.004163 193
0.004164 193
0.004165 193
0.004166 193
0.004167 193
0.004168 193
0.004169 193
0.00417 193
0.004171 193
0.004172 193
0.004173 193
0.004174 193
0.004175 193
0.004176 193
0.004177 193
0.004178 193
0.004179 193
0.00418 193
0.004181 193
0.004182 193
0.004183 193
0.004184 193
0.004185 193
0.004186 193
0.004187 193
0.004188 193
0.004189 193
0.00419 193
0.004191 193
0.004192 193
0.004193 193
0.004194 193
0.004195 193
0.004196 193
0.004197 192
0.004198 192
0.004199 192
0.0042 192
0.004201 192
0.004202 192
0.004203 192
0.004204 192
0.004205 192
0.004206 192
0.004207 192
0.004208 192
0.004209 192
0.00421 192
0.004211 192
0.004212 192
0.004213 192
0.004214 192
0.004215 192
0.004216 192
0.004217 192
0.004218 192
0.004219 192
0.00422 192
0.004221 192
0.004222 192
0.004223 192
0.004224 192
0.004225 192
0.004226 192
0.004227 192
0.004228 192
0.004229 192
0.00423 192
0.004231 192
0.004232 192
0.004233 192
0.004234 192
0.004235 192
0.004236 192
0.004237 192
0.004238 192
0.004239 192
0.00424 192
0.004241 192
0.004242 192
0.004243 192
0.004244 192
0.004245 192
0.004246 192
0.004247 192
0.004248 192
0.004249 192
0.00425 192
0.004251 192
0.004252 192
0.004253 192
0.004254 192
0.004255 192
0.004256 192
0.004257 192
0.004258 192
0.004259 192
0.00426 192
0.004261 192
0.004262 192
0.004263 192
0.004264 192
0.004265 192
0.004266 192
0.004267 192
0.004268 192
0.004269 192
0.00427 192
0.004271 192
0.004272 192
0.004273 192
0.004274 192
0.004275 192
0.004276 192
0.004277 192
0.004278 192
0.004279 192
0.00428 192
0.004281 192
0.004282 192
0.004283 192
0.004284 192
0.004285 192
0.004286 192
0.004287 192
0.004288 192
0.004289 192
0.00429 192
0.004291 192
0.004292 192
0.004293 192
0.004294 192
0.004295 192
0.004296 192
0.004297 192
0.004298 192
0.004299 192
0.0043 192
0.004301 192
0.004302 192
0.004303 192
0.004304 192
0.004305 192
0.004306 192
0.004307 192
0.004308 192
0.004309 192
0.00431 192
0.004311 192
0.004312 192
0.004313 192
0.004314 192
0.004315 192
0.004316 191
0.004317 191
0.004318 191
0.004319 191
0.00432 191
0.004321 191
0.004322 191
0.004323 191
0.004324 191
0.004325 191
0.004326 191
0.004327 191
0.004328 191
0.004329 191
0.00433 191
0.004331 191
0.004332 191
0.004333 191
0.004334 191
0.004335 191
0.004336 191
0.004337 191
0.004338 191
0.004339 191
0.00434 191
0.004341 191
0.004342 191
0.004343 191
0.004344 191
0.004345 191
0.004346 191
0.004347 191
0.004348 191
0.004349 191
0.00435 191
0.004351 191
0.004352 191
0.004353 191
0.004354 191
0.004355 191
0.004356 192
0.004357 192
0.004358 192
0.004359 192
0.00436 192
0.004361 192
0.004362 192
0.004363 192
0.004364 191
0.004365 191
0.004366 191
0.004367 191
0.004368 191
0.004369 191
0.00437 191
0.004371 191
0.004372 191
0.004373 191
0.004374 191
0.004375 191
0.004376 191
0.004377 191
0.004378 191
0.004379 191
0.00438 191
0.004381 191
0.004382 191
0.004383 191
0.004384 191
0.004385 190
0.004386 190
0.004387 190
0.004388 190
0.004389 190
0.00439 190
0.004391 190
0.004392 190
0.004393 190
0.004394 190
0.004395 190
0.004396 190
0.004397 190
0.004398 190
0.004399 190
0.0044 190
0.004401 190
0.004402 190
0.004403 190
0.004404 190
0.004405 190
0.004406 190
0.004407 190
0.004408 190
0.004409 190
0.00441 190
0.004411 190
0.004412 190
0.004413 190
0.004414 190
0.004415 190
0.004416 190
0.004417 190
0.004418 190
0.004419 190
0.00442 190
0.004421 190
0.004422 190
0.004423 190
0.004424 190
0.004425 190
0.004426 190
0.004427 190
0.004428 190
0.004429 190
0.00443 190
0.004431 190
0.004432 190
0.004433 190
0.004434 190
0.004435 190
0.004436 190
0.004437 190
0.004438 190
0.004439 190
0.00444 190
0.004441 190
0.004442 190
0.004443 190
0.004444 190
0.004445 190
0.004446 190
0.004447 190
0.004448 190
0.004449 190
0.00445 190
0.004451 190
0.004452 190
0.004453 190
0.004454 190
0.004455 190
0.004456 190
0.004457 190
0.004458 190
0.004459 190
0.00446 190
0.004461 190
0.004462 190
0.004463 190
0.004464 190
0.004465 190
0.004466 190
0.004467 190
0.004468 190
0.004469 190
0.00447 190
0.004471 190
0.004472 190
0.004473 190
0.004474 190
0.004475 190
0.004476 190
0.004477 190
0.004478 190
0.004479 190
0.00448 190
0.004481 190
0.004482 190
0.004483 190
0.004484 190
0.004485 190
0.004486 190
0.004487 190
0.004488 190
0.004489 190
0.00449 190
0.004491 190
0.004492 190
0.004493 190
0.004494 190
0.004495 190
0.004496 190
0.004497 190
0.004498 190
0.004499 190
0.0045 190
0.004501 190
0.004502 190
0.004503 190
0.004504 190
0.004505 190
0.004506 190
0.004507 190
0.004508 190
0.004509 189
0.00451 189
0.004511 189
0.004512 189
0.004513 189
0.004514 189
0.004515 189
0.004516 189
0.004517 189
0.004518 189
0.004519 189
0.00452 189
0.004521 189
0.004522 189
0.004523 189
0.004524 189
0.004525 189
0.004526 189
0.004527 189
0.004528 189
0.004529 189
0.00453 189
0.004531 189
0.004532 189
0.004533 189
0.004534 189
0.004535 189
0.004536 189
0.004537 189
0.004538 188
0.004539 187
0.00454 187
0.004541 187
0.004542 187
0.004543 187
0.004544 187
0.004545 187
0.004546 187
0.004547 187
0.004548 187
0.004549 187
0.00455 187
0.004551 187
0.004552 187
0.004553 187
0.004554 187
0.004555 187
0.004556 187
0.004557 187
0.004558 187
0.004559 187
0.00456 187
0.004561 187
0.004562 187
0.004563 187
0.004564 187
0.004565 187
0.004566 187
0.004567 187
0.004568 187
0.004569 187
0.00457 187
0.004571 187
0.004572 187
0.004573 187
0.004574 187
0.004575 187
0.004576 187
0.004577 187
0.004578 187
0.004579 187
0.00458 187
0.004581 187
0.004582 187
0.004583 186
0.004584 186
0.004585 186
0.004586 186
0.004587 186
0.004588 186
0.004589 186
0.00459 186
0.004591 186
0.004592 186
0.004593 186
0.004594 186
0.004595 186
0.004596 186
0.004597 186
0.004598 186
0.004599 186
0.0046 186
0.004601 186
0.004602 186
0.004603 186
0.004604 186
0.004605 186
0.004606 186
0.004607 186
0.004608 186
0.004609 186
0.00461 186
0.004611 186
0.004612 186
0.004613 186
0.004614 186
0.004615 186
0.004616 186
0.004617 186
0.004618 186
0.004619 186
0.00462 186
0.004621 186
0.004622 186
0.004623 186
0.004624 186
0.004625 186
0.004626 186
0.004627 186
0.004628 186
0.004629 186
0.00463 186
0.004631 186
0.004632 186
0.004633 186
0.004634 186
0.004635 186
0.004636 186
0.004637 186
0.004638 186
0.004639 186
0.00464 186
0.004641 186
0.004642 186
0.004643 186
0.004644 186
0.004645 186
0.004646 186
0.004647 186
0.004648 186
0.004649 186
0.00465 186
0.004651 186
0.004652 186
0.004653 186
0.004654 186
0.004655 186
0.004656 186
0.004657 186
0.004658 186
0.004659 186
0.00466 186
0.004661 186
0.004662 186
0.004663 186
0.004664 187
0.004665 187
0.004666 187
0.004667 187
0.004668 187
0.004669 187
0.00467 187
0.004671 187
0.004672 187
0.004673 187
0.004674 187
0.004675 187
0.004676 187
0.004677 186
0.004678 186
0.004679 186
0.00468 186
0.004681 186
0.004682 186
0.004683 186
0.004684 186
0.004685 186
0.004686 186
0.004687 186
0.004688 186
0.004689 186
0.00469 186
0.004691 186
0.004692 186
0.004693 186
0.004694 186
0.004695 186
0.004696 186
0.004697 186
0.004698 186
0.004699 186
0.0047 186
0.004701 186
0.004702 186
0.004703 186
0.004704 186
0.004705 186
0.004706 186
0.004707 186
0.004708 186
0.004709 186
0.00471 186
0.004711 186
0.004712 186
0.004713 186
0.004714 186
0.004715 186
0.004716 186
0.004717 186
0.004718 186
0.004719 186
0.00472 186
0.004721 186
0.004722 186
0.004723 186
0.004724 186
0.004725 186
0.004726 186
0.004727 186
0.004728 186
0.004729 186
0.00473 186
0.004731 186
0.004732 186
0.004733 186
0.004734 186
0.004735 186
0.004736 186
0.004737 186
0.004738 186
0.004739 186
0.00474 186
0.004741 186
0.004742 186
0.004743 186
0.004744 186
0.004745 186
0.004746 186
0.004747 186
0.004748 186
0.004749 186
0.00475 186
0.004751 186
0.004752 186
0.004753 186
0.004754 186
0.004755 186
0.004756 186
0.004757 186
0.004758 186
0.004759 186
0.00476 186
0.004761 186
0.004762 186
0.004763 186
0.004764 186
0.004765 186
0.004766 186
0.004767 186
0.004768 186
0.004769 186
0.00477 186
0.004771 186
0.004772 186
0.004773 186
0.004774 186
0.004775 186
0.004776 186
0.004777 186
0.004778 186
0.004779 186
0.00478 186
0.004781 185
0.004782 185
0.004783 185
0.004784 185
0.004785 185
0.004786 185
0.004787 185
0.004788 185
0.004789 185
0.00479 185
0.004791 185
0.004792 184
0.004793 184
0.004794 184
0.004795 184
0.004796 184
0.004797 184
0.004798 184
0.004799 184
0.0048 184
0.004801 184
0.004802 184
0.004803 184
0.004804 184
0.004805 184
0.004806 184
0.004807 184
0.004808 184
0.004809 184
0.00481 184
0.004811 184
0.004812 184
0.004813 184
0.004814 184
0.004815 185
0.004816 185
0.004817 185
0.004818 185
0.004819 185
0.00482 185
0.004821 185
0.004822 185
0.004823 185
0.004824 185
0.004825 185
0.004826 185
0.004827 185
0.004828 185
0.004829 185
0.00483 185
0.004831 185
0.004832 185
0.004833 185
0.004834 185
0.004835 185
0.004836 185
0.004837 185
0.004838 185
0.004839 185
0.00484 185
0.004841 185
0.004842 185
0.004843 185
0.004844 185
0.004845 185
0.004846 185
0.004847 185
0.004848 185
0.004849 185
0.00485 185
0.004851 185
0.004852 185
0.004853 185
0.004854 185
0.004855 185
0.004856 185
0.004857 185
0.004858 185
0.004859 185
0.00486 185
0.004861 185
0.004862 185
0.004863 185
0.004864 185
0.004865 185
0.004866 185
0.004867 185
0.004868 185
0.004869 185
0.00487 187
0.004871 187
0.004872 187
0.004873 187
0.004874 187
0.004875 187
0.004876 187
0.004877 187
0.004878 187
0.004879 187
0.00488 187
0.004881 187
0.004882 187
0.004883 187
0.004884 187
0.004885 187
0.004886 187
0.004887 187
0.004888 187
0.004889 187
0.00489 187
0.004891 187
0.004892 187
0.004893 187
0.004894 187
0.004895 187
0.004896 187
0.004897 187
0.004898 187
0.004899 187
0.0049 187
0.004901 187
0.004902 187
0.004903 187
0.004904 187
0.004905 187
0.004906 187
0.004907 186
0.004908 186
0.004909 186
0.00491 186
0.004911 186
0.004912 186
0.004913 186
0.004914 186
0.004915 186
0.004916 186
0.004917 186
0.004918 186
0.004919 185
0.00492 185
0.004921 185
0.004922 185
0.004923 185
0.004924 185
0.004925 185
0.004926 185
0.004927 185
0.004928 185
0.004929 185
0.00493 185
0.004931 185
0.004932 185
0.004933 185
0.004934 185
0.004935 185
0.004936 185
0.004937 185
0.004938 185
0.004939 185
0.00494 185
0.004941 185
0.004942 185
0.004943 185
0.004944 185
0.004945 185
0.004946 185
0.004947 185
0.004948 185
0.004949 185
0.00495 185
0.004951 185
0.004952 185
0.004953 185
0.004954 185
0.004955 185
0.004956 185
0.004957 185
0.004958 185
0.004959 185
0.00496 185
0.004961 185
0.004962 185
0.004963 185
0.004964 185
0.004965 185
0.004966 185
0.004967 185
0.004968 185
0.004969 185
0.00497 185
0.004971 185
0.004972 185
0.004973 185
0.004974 185
0.004975 185
0.004976 185
0.004977 185
0.004978 185
0.004979 185
0.00498 185
0.004981 185
0.004982 185
0.004983 185
0.004984 185
0.004985 185
0.004986 185
0.004987 185
0.004988 185
0.004989 185
0.00499 185
0.004991 185
0.004992 185
0.004993 185
0.004994 185
0.004995 185
0.004996 185
0.004997 185
0.004998 185
0.004999 185
0.005 185
