0 3306
1e-06 3317
2e-06 3326
3e-06 3333
4e-06 3334
5e-06 3343
6e-06 3355
7e-06 3367
8e-06 3375
9e-06 3381
1e-05 3393
1.1e-05 3401
1.2e-05 3406
1.3e-05 3417
1.4e-05 3431
1.5e-05 3427
1.6e-05 3434
1.7e-05 3446
1.8e-05 3463
1.9e-05 3471
2e-05 3478
2.1e-05 3492
2.2e-05 3504
2.3e-05 3517
2.4e-05 3525
2.5e-05 3535
2.6e-05 3544
2.7e-05 3550
2.8e-05 3552
2.9e-05 3557
3e-05 3560
3.1e-05 3565
3.2e-05 3575
3.3e-05 3582
3.4e-05 3590
3.5e-05 3607
3.6e-05 3618
3.7e-05 3624
3.8e-05 3632
3.9e-05 3639
4e-05 3647
4.1e-05 3653
4.2e-05 3657
4.3e-05 3663
4.4e-05 3670
4.5e-05 3675
4.6e-05 3682
4.7e-05 3695
4.8e-05 3703
4.9e-05 3710
5e-05 3715
5.1e-05 3722
5.2e-05 3731
5.3e-05 3736
5.4e-05 3740
5.5e-05 3744
5.6e-05 3752
5.7e-05 3755
5.8e-05 3758
5.9e-05 3756
6e-05 3763
6.1e-05 3766
6.2e-05 3774
6.3e-05 3779
6.4e-05 3788
6.5e-05 3801
6.6e-05 3812
6.7e-05 3812
6.8e-05 3815
6.9e-05 3820
7e-05 3823
7.1e-05 3825
7.2e-05 3821
7.3e-05 3824
7.4e-05 3829
7.5e-05 3830
7.6e-05 3843
7.7e-05 3847
7.8e-05 3857
7.9e-05 3861
8e-05 3862
8.1e-05 3868
8.2e-05 3871
8.3e-05 3874
8.4e-05 3881
8.5e-05 3887
8.6e-05 3889
8.7e-05 3893
8.8e-05 3897
8.9e-05 3905
9e-05 3906
9.1e-05 3907
9.2e-05 3913
9.3e-05 3916
9.4e-05 3917
9.5e-05 3919
9.6e-05 3920
9.7e-05 3922
9.8e-05 3925
9.9e-05 3930
0.0001 3932
0.000101 3935
0.000102 3936
0.000103 3939
0.000104 3941
0.000105 3945
0.000106 3948
0.000107 3952
0.000108 3956
0.000109 3962
0.00011 3961
0.000111 3966
0.000112 3973
0.000113 3976
0.000114 3978
0.000115 3982
0.000116 3988
0.000117 3994
0.000118 3998
0.000119 3999
0.00012 4000
0.000121 4002
0.000122 4003
0.000123 4003
0.000124 4007
0.000125 4011
0.000126 4011
0.000127 4014
0.000128 4013
0.000129 4015
0.00013 4019
0.000131 4022
0.000132 4023
0.000133 4028
0.000134 4026
0.000135 4028
0.000136 4028
0.000137 4027
0.000138 4027
0.000139 4027
0.00014 4027
0.000141 4035
0.000142 4036
0.000143 4036
0.000144 4040
0.000145 4045
0.000146 4049
0.000147 4056
0.000148 4062
0.000149 4063
0.00015 4065
0.000151 4070
0.000152 4071
0.000153 4072
0.000154 4075
0.000155 4079
0.000156 4080
0.000157 4083
0.000158 4088
0.000159 4089
0.00016 4090
0.000161 4093
0.000162 4095
0.000163 4098
0.000164 4099
0.000165 4101
0.000166 4103
0.000167 4103
0.000168 4104
0.000169 4107
0.00017 4112
0.000171 4108
0.000172 4109
0.000173 4113
0.000174 4119
0.000175 4121
0.000176 4121
0.000177 4120
0.000178 4122
0.000179 4125
0.00018 4127
0.000181 4125
0.000182 4131
0.000183 4132
0.000184 4136
0.000185 4138
0.000186 4139
0.000187 4141
0.000188 4145
0.000189 4145
0.00019 4146
0.000191 4146
0.000192 4149
0.000193 4148
0.000194 4151
0.000195 4151
0.000196 4156
0.000197 4157
0.000198 4158
0.000199 4158
0.0002 4160
0.000201 4159
0.000202 4163
0.000203 4164
0.000204 4167
0.000205 4167
0.000206 4169
0.000207 4172
0.000208 4175
0.000209 4179
0.00021 4178
0.000211 4177
0.000212 4178
0.000213 4179
0.000214 4177
0.000215 4182
0.000216 4182
0.000217 4184
0.000218 4188
0.000219 4186
0.00022 4184
0.000221 4185
0.000222 4185
0.000223 4186
0.000224 4187
0.000225 4186
0.000226 4185
0.000227 4185
0.000228 4190
0.000229 4189
0.00023 4191
0.000231 4193
0.000232 4192
0.000233 4195
0.000234 4196
0.000235 4192
0.000236 4191
0.000237 4193
0.000238 4194
0.000239 4192
0.00024 4195
0.000241 4195
0.000242 4199
0.000243 4199
0.000244 4197
0.000245 4199
0.000246 4200
0.000247 4200
0.000248 4198
0.000249 4198
0.00025 4197
0.000251 4197
0.000252 4199
0.000253 4200
0.000254 4201
0.000255 4204
0.000256 4204
0.000257 4203
0.000258 4204
0.000259 4205
0.00026 4206
0.000261 4206
0.000262 4205
0.000263 4207
0.000264 4206
0.000265 4206
0.000266 4207
0.000267 4210
0.000268 4214
0.000269 4213
0.00027 4214
0.000271 4216
0.000272 4218
0.000273 4221
0.000274 4222
0.000275 4223
0.000276 4223
0.000277 4224
0.000278 4226
0.000279 4229
0.00028 4231
0.000281 4233
0.000282 4234
0.000283 4233
0.000284 4234
0.000285 4233
0.000286 4234
0.000287 4234
0.000288 4232
0.000289 4229
0.00029 4230
0.000291 4231
0.000292 4231
0.000293 4230
0.000294 4232
0.000295 4232
0.000296 4233
0.000297 4233
0.000298 4232
0.000299 4229
0.0003 4230
0.000301 4231
0.000302 4229
0.000303 4232
0.000304 4234
0.000305 4234
0.000306 4238
0.000307 4238
0.000308 4235
0.000309 4234
0.00031 4235
0.000311 4232
0.000312 4234
0.000313 4235
0.000314 4235
0.000315 4235
0.000316 4238
0.000317 4242
0.000318 4241
0.000319 4243
0.00032 4241
0.000321 4245
0.000322 4244
0.000323 4244
0.000324 4244
0.000325 4242
0.000326 4244
0.000327 4245
0.000328 4248
0.000329 4250
0.00033 4250
0.000331 4252
0.000332 4252
0.000333 4250
0.000334 4251
0.000335 4251
0.000336 4252
0.000337 4251
0.000338 4251
0.000339 4253
0.00034 4254
0.000341 4253
0.000342 4254
0.000343 4255
0.000344 4255
0.000345 4255
0.000346 4256
0.000347 4255
0.000348 4256
0.000349 4257
0.00035 4258
0.000351 4259
0.000352 4259
0.000353 4259
0.000354 4261
0.000355 4261
0.000356 4261
0.000357 4261
0.000358 4261
0.000359 4262
0.00036 4261
0.000361 4260
0.000362 4258
0.000363 4259
0.000364 4261
0.000365 4262
0.000366 4263
0.000367 4263
0.000368 4263
0.000369 4259
0.00037 4259
0.000371 4260
0.000372 4260
0.000373 4261
0.000374 4262
0.000375 4262
0.000376 4263
0.000377 4262
0.000378 4261
0.000379 4261
0.00038 4260
0.000381 4261
0.000382 4263
0.000383 4262
0.000384 4263
0.000385 4264
0.000386 4264
0.000387 4263
0.000388 4265
0.000389 4266
0.00039 4265
0.000391 4264
0.000392 4263
0.000393 4264
0.000394 4264
0.000395 4264
0.000396 4264
0.000397 4264
0.000398 4265
0.000399 4265
0.0004 4267
0.000401 4266
0.000402 4265
0.000403 4267
0.000404 4267
0.000405 4269
0.000406 4269
0.000407 4268
0.000408 4267
0.000409 4266
0.00041 4268
0.000411 4268
0.000412 4268
0.000413 4268
0.000414 4268
0.000415 4268
0.000416 4267
0.000417 4266
0.000418 4268
0.000419 4268
0.00042 4267
0.000421 4268
0.000422 4271
0.000423 4271
0.000424 4271
0.000425 4271
0.000426 4270
0.000427 4271
0.000428 4270
0.000429 4272
0.00043 4273
0.000431 4273
0.000432 4272
0.000433 4272
0.000434 4274
0.000435 4274
0.000436 4274
0.000437 4274
0.000438 4275
0.000439 4275
0.00044 4275
0.000441 4275
0.000442 4276
0.000443 4275
0.000444 4275
0.000445 4275
0.000446 4275
0.000447 4274
0.000448 4273
0.000449 4272
0.00045 4273
0.000451 4274
0.000452 4274
0.000453 4274
0.000454 4275
0.000455 4275
0.000456 4275
0.000457 4275
0.000458 4275
0.000459 4273
0.00046 4274
0.000461 4273
0.000462 4272
0.000463 4273
0.000464 4273
0.000465 4274
0.000466 4274
0.000467 4276
0.000468 4276
0.000469 4277
0.00047 4277
0.000471 4278
0.000472 4279
0.000473 4280
0.000474 4280
0.000475 4280
0.000476 4282
0.000477 4280
0.000478 4280
0.000479 4283
0.00048 4282
0.000481 4285
0.000482 4286
0.000483 4285
0.000484 4285
0.000485 4284
0.000486 4285
0.000487 4286
0.000488 4288
0.000489 4288
0.00049 4287
0.000491 4288
0.000492 4288
0.000493 4287
0.000494 4287
0.000495 4287
0.000496 4291
0.000497 4291
0.000498 4291
0.000499 4290
0.0005 4291
0.000501 4292
0.000502 4292
0.000503 4291
0.000504 4292
0.000505 4292
0.000506 4292
0.000507 4292
0.000508 4292
0.000509 4292
0.00051 4293
0.000511 4292
0.000512 4290
0.000513 4291
0.000514 4290
0.000515 4291
0.000516 4292
0.000517 4291
0.000518 4291
0.000519 4290
0.00052 4291
0.000521 4291
0.000522 4291
0.000523 4291
0.000524 4291
0.000525 4290
0.000526 4291
0.000527 4291
0.000528 4291
0.000529 4291
0.00053 4291
0.000531 4291
0.000532 4291
0.000533 4292
0.000534 4292
0.000535 4292
0.000536 4293
0.000537 4294
0.000538 4294
0.000539 4295
0.00054 4295
0.000541 4294
0.000542 4294
0.000543 4295
0.000544 4297
0.000545 4297
0.000546 4297
0.000547 4297
0.000548 4296
0.000549 4297
0.00055 4297
0.000551 4296
0.000552 4296
0.000553 4296
0.000554 4296
0.000555 4296
0.000556 4296
0.000557 4296
0.000558 4297
0.000559 4297
0.00056 4296
0.000561 4297
0.000562 4296
0.000563 4295
0.000564 4296
0.000565 4296
0.000566 4296
0.000567 4296
0.000568 4295
0.000569 4297
0.00057 4296
0.000571 4295
0.000572 4296
0.000573 4296
0.000574 4296
0.000575 4297
0.000576 4297
0.000577 4299
0.000578 4299
0.000579 4300
0.00058 4299
0.000581 4299
0.000582 4299
0.000583 4300
0.000584 4300
0.000585 4297
0.000586 4299
0.000587 4300
0.000588 4300
0.000589 4300
0.00059 4299
0.000591 4301
0.000592 4301
0.000593 4299
0.000594 4299
0.000595 4299
0.000596 4299
0.000597 4298
0.000598 4297
0.000599 4297
0.0006 4298
0.000601 4298
0.000602 4298
0.000603 4299
0.000604 4297
0.000605 4298
0.000606 4298
0.000607 4299
0.000608 4299
0.000609 4299
0.00061 4298
0.000611 4298
0.000612 4298
0.000613 4298
0.000614 4298
0.000615 4297
0.000616 4297
0.000617 4297
0.000618 4297
0.000619 4295
0.00062 4296
0.000621 4296
0.000622 4295
0.000623 4294
0.000624 4292
0.000625 4292
0.000626 4293
0.000627 4294
0.000628 4294
0.000629 4295
0.00063 4295
0.000631 4296
0.000632 4295
0.000633 4294
0.000634 4295
0.000635 4296
0.000636 4295
0.000637 4296
0.000638 4296
0.000639 4295
0.00064 4296
0.000641 4297
0.000642 4296
0.000643 4296
0.000644 4296
0.000645 4297
0.000646 4297
0.000647 4297
0.000648 4296
0.000649 4296
0.00065 4297
0.000651 4298
0.000652 4297
0.000653 4298
0.000654 4298
0.000655 4297
0.000656 4296
0.000657 4296
0.000658 4296
0.000659 4295
0.00066 4295
0.000661 4295
0.000662 4295
0.000663 4296
0.000664 4298
0.000665 4299
0.000666 4299
0.000667 4299
0.000668 4299
0.000669 4300
0.00067 4299
0.000671 4299
0.000672 4299
0.000673 4299
0.000674 4301
0.000675 4303
0.000676 4302
0.000677 4303
0.000678 4304
0.000679 4305
0.00068 4305
0.000681 4305
0.000682 4305
0.000683 4305
0.000684 4305
0.000685 4305
0.000686 4303
0.000687 4303
0.000688 4303
0.000689 4303
0.00069 4303
0.000691 4303
0.000692 4303
0.000693 4304
0.000694 4304
0.000695 4304
0.000696 4304
0.000697 4304
0.000698 4305
0.000699 4306
0.0007 4306
0.000701 4305
0.000702 4305
0.000703 4303
0.000704 4303
0.000705 4303
0.000706 4303
0.000707 4303
0.000708 4302
0.000709 4299
0.00071 4298
0.000711 4298
0.000712 4299
0.000713 4298
0.000714 4299
0.000715 4298
0.000716 4298
0.000717 4297
0.000718 4297
0.000719 4297
0.00072 4297
0.000721 4297
0.000722 4297
0.000723 4296
0.000724 4296
0.000725 4296
0.000726 4296
0.000727 4296
0.000728 4297
0.000729 4297
0.00073 4297
0.000731 4297
0.000732 4297
0.000733 4297
0.000734 4295
0.000735 4296
0.000736 4296
0.000737 4297
0.000738 4297
0.000739 4297
0.00074 4298
0.000741 4298
0.000742 4297
0.000743 4297
0.000744 4297
0.000745 4298
0.000746 4298
0.000747 4298
0.000748 4298
0.000749 4299
0.00075 4299
0.000751 4299
0.000752 4299
0.000753 4299
0.000754 4299
0.000755 4300
0.000756 4299
0.000757 4300
0.000758 4300
0.000759 4300
0.00076 4299
0.000761 4300
0.000762 4300
0.000763 4301
0.000764 4300
0.000765 4300
0.000766 4300
0.000767 4300
0.000768 4300
0.000769 4300
0.00077 4300
0.000771 4300
0.000772 4299
0.000773 4298
0.000774 4296
0.000775 4296
0.000776 4296
0.000777 4296
0.000778 4296
0.000779 4296
0.00078 4296
0.000781 4296
0.000782 4296
0.000783 4297
0.000784 4297
0.000785 4297
0.000786 4297
0.000787 4297
0.000788 4296
0.000789 4296
0.00079 4298
0.000791 4297
0.000792 4296
0.000793 4296
0.000794 4296
0.000795 4295
0.000796 4296
0.000797 4296
0.000798 4295
0.000799 4295
0.0008 4296
0.000801 4296
0.000802 4296
0.000803 4297
0.000804 4297
0.000805 4297
0.000806 4298
0.000807 4298
0.000808 4298
0.000809 4298
0.00081 4297
0.000811 4297
0.000812 4297
0.000813 4297
0.000814 4297
0.000815 4296
0.000816 4297
0.000817 4297
0.000818 4298
0.000819 4298
0.00082 4296
0.000821 4295
0.000822 4295
0.000823 4294
0.000824 4294
0.000825 4294
0.000826 4293
0.000827 4293
0.000828 4293
0.000829 4293
0.00083 4292
0.000831 4291
0.000832 4291
0.000833 4291
0.000834 4291
0.000835 4290
0.000836 4290
0.000837 4290
0.000838 4290
0.000839 4290
0.00084 4290
0.000841 4291
0.000842 4291
0.000843 4290
0.000844 4291
0.000845 4291
0.000846 4291
0.000847 4291
0.000848 4291
0.000849 4291
0.00085 4291
0.000851 4291
0.000852 4292
0.000853 4292
0.000854 4292
0.000855 4290
0.000856 4291
0.000857 4289
0.000858 4289
0.000859 4289
0.00086 4288
0.000861 4288
0.000862 4288
0.000863 4289
0.000864 4290
0.000865 4290
0.000866 4290
0.000867 4289
0.000868 4289
0.000869 4289
0.00087 4288
0.000871 4288
0.000872 4287
0.000873 4289
0.000874 4289
0.000875 4289
0.000876 4289
0.000877 4289
0.000878 4289
0.000879 4289
0.00088 4290
0.000881 4291
0.000882 4291
0.000883 4291
0.000884 4291
0.000885 4291
0.000886 4291
0.000887 4293
0.000888 4292
0.000889 4291
0.00089 4291
0.000891 4291
0.000892 4290
0.000893 4290
0.000894 4289
0.000895 4288
0.000896 4289
0.000897 4288
0.000898 4288
0.000899 4288
0.0009 4288
0.000901 4288
0.000902 4288
0.000903 4288
0.000904 4288
0.000905 4288
0.000906 4287
0.000907 4287
0.000908 4287
0.000909 4287
0.00091 4287
0.000911 4287
0.000912 4287
0.000913 4287
0.000914 4286
0.000915 4286
0.000916 4286
0.000917 4284
0.000918 4284
0.000919 4285
0.00092 4285
0.000921 4285
0.000922 4285
0.000923 4285
0.000924 4285
0.000925 4285
0.000926 4284
0.000927 4283
0.000928 4284
0.000929 4284
0.00093 4283
0.000931 4283
0.000932 4284
0.000933 4283
0.000934 4283
0.000935 4283
0.000936 4283
0.000937 4282
0.000938 4282
0.000939 4281
0.00094 4281
0.000941 4281
0.000942 4280
0.000943 4278
0.000944 4278
0.000945 4278
0.000946 4278
0.000947 4278
0.000948 4278
0.000949 4278
0.00095 4278
0.000951 4276
0.000952 4276
0.000953 4277
0.000954 4277
0.000955 4277
0.000956 4277
0.000957 4276
0.000958 4276
0.000959 4276
0.00096 4276
0.000961 4276
0.000962 4278
0.000963 4278
0.000964 4278
0.000965 4278
0.000966 4278
0.000967 4278
0.000968 4278
0.000969 4278
0.00097 4278
0.000971 4276
0.000972 4277
0.000973 4277
0.000974 4277
0.000975 4277
0.000976 4277
0.000977 4277
0.000978 4277
0.000979 4277
0.00098 4277
0.000981 4277
0.000982 4276
0.000983 4276
0.000984 4276
0.000985 4276
0.000986 4276
0.000987 4276
0.000988 4277
0.000989 4276
0.00099 4275
0.000991 4276
0.000992 4276
0.000993 4276
0.000994 4276
0.000995 4276
0.000996 4276
0.000997 4276
0.000998 4276
0.000999 4277
0.001 4277
0.001001 4277
0.001002 4277
0.001003 4277
0.001004 4277
0.001005 4277
0.001006 4277
0.001007 4278
0.001008 4278
0.001009 4278
0.00101 4279
0.001011 4279
0.001012 4278
0.001013 4278
0.001014 4278
0.001015 4278
0.001016 4278
0.001017 4278
0.001018 4278
0.001019 4277
0.00102 4278
0.001021 4278
0.001022 4277
0.001023 4277
0.001024 4277
0.001025 4278
0.001026 4279
0.001027 4279
0.001028 4278
0.001029 4278
0.00103 4277
0.001031 4277
0.001032 4277
0.001033 4277
0.001034 4276
0.001035 4276
0.001036 4276
0.001037 4275
0.001038 4275
0.001039 4275
0.00104 4276
0.001041 4276
0.001042 4275
0.001043 4275
0.001044 4275
0.001045 4274
0.001046 4274
0.001047 4274
0.001048 4274
0.001049 4275
0.00105 4275
0.001051 4274
0.001052 4274
0.001053 4275
0.001054 4275
0.001055 4275
0.001056 4274
0.001057 4274
0.001058 4273
0.001059 4273
0.00106 4273
0.001061 4273
0.001062 4274
0.001063 4274
0.001064 4274
0.001065 4274
0.001066 4274
0.001067 4273
0.001068 4273
0.001069 4273
0.00107 4273
0.001071 4273
0.001072 4272
0.001073 4272
0.001074 4271
0.001075 4271
0.001076 4271
0.001077 4271
0.001078 4271
0.001079 4271
0.00108 4271
0.001081 4271
0.001082 4270
0.001083 4270
0.001084 4270
0.001085 4270
0.001086 4271
0.001087 4271
0.001088 4270
0.001089 4270
0.00109 4271
0.001091 4271
0.001092 4271
0.001093 4271
0.001094 4271
0.001095 4271
0.001096 4271
0.001097 4270
0.001098 4270
0.001099 4270
0.0011 4270
0.001101 4270
0.001102 4269
0.001103 4270
0.001104 4270
0.001105 4268
0.001106 4266
0.001107 4266
0.001108 4266
0.001109 4267
0.00111 4267
0.001111 4267
0.001112 4267
0.001113 4267
0.001114 4267
0.001115 4268
0.001116 4268
0.001117 4269
0.001118 4269
0.001119 4268
0.00112 4268
0.001121 4268
0.001122 4268
0.001123 4268
0.001124 4268
0.001125 4268
0.001126 4268
0.001127 4267
0.001128 4267
0.001129 4267
0.00113 4267
0.001131 4267
0.001132 4267
0.001133 4267
0.001134 4267
0.001135 4267
0.001136 4266
0.001137 4266
0.001138 4267
0.001139 4267
0.00114 4267
0.001141 4267
0.001142 4267
0.001143 4267
0.001144 4267
0.001145 4267
0.001146 4267
0.001147 4268
0.001148 4267
0.001149 4268
0.00115 4268
0.001151 4268
0.001152 4268
0.001153 4267
0.001154 4266
0.001155 4265
0.001156 4264
0.001157 4264
0.001158 4263
0.001159 4263
0.00116 4263
0.001161 4262
0.001162 4262
0.001163 4262
0.001164 4262
0.001165 4263
0.001166 4263
0.001167 4263
0.001168 4263
0.001169 4263
0.00117 4263
0.001171 4263
0.001172 4262
0.001173 4262
0.001174 4262
0.001175 4262
0.001176 4263
0.001177 4264
0.001178 4264
0.001179 4264
0.00118 4263
0.001181 4263
0.001182 4262
0.001183 4262
0.001184 4262
0.001185 4262
0.001186 4262
0.001187 4262
0.001188 4263
0.001189 4262
0.00119 4263
0.001191 4263
0.001192 4263
0.001193 4263
0.001194 4263
0.001195 4261
0.001196 4260
0.001197 4260
0.001198 4260
0.001199 4260
0.0012 4261
0.001201 4260
0.001202 4260
0.001203 4260
0.001204 4260
0.001205 4260
0.001206 4261
0.001207 4261
0.001208 4261
0.001209 4260
0.00121 4261
0.001211 4261
0.001212 4261
0.001213 4261
0.001214 4262
0.001215 4263
0.001216 4265
0.001217 4266
0.001218 4265
0.001219 4267
0.00122 4267
0.001221 4267
0.001222 4267
0.001223 4267
0.001224 4268
0.001225 4269
0.001226 4270
0.001227 4268
0.001228 4268
0.001229 4268
0.00123 4269
0.001231 4270
0.001232 4270
0.001233 4270
0.001234 4270
0.001235 4270
0.001236 4270
0.001237 4270
0.001238 4270
0.001239 4270
0.00124 4270
0.001241 4271
0.001242 4271
0.001243 4270
0.001244 4270
0.001245 4270
0.001246 4270
0.001247 4270
0.001248 4270
0.001249 4270
0.00125 4270
0.001251 4270
0.001252 4270
0.001253 4270
0.001254 4271
0.001255 4271
0.001256 4271
0.001257 4269
0.001258 4269
0.001259 4269
0.00126 4270
0.001261 4271
0.001262 4271
0.001263 4272
0.001264 4273
0.001265 4273
0.001266 4273
0.001267 4272
0.001268 4271
0.001269 4271
0.00127 4272
0.001271 4273
0.001272 4272
0.001273 4272
0.001274 4271
0.001275 4270
0.001276 4270
0.001277 4270
0.001278 4270
0.001279 4270
0.00128 4270
0.001281 4270
0.001282 4270
0.001283 4270
0.001284 4270
0.001285 4270
0.001286 4269
0.001287 4269
0.001288 4269
0.001289 4269
0.00129 4269
0.001291 4269
0.001292 4270
0.001293 4270
0.001294 4271
0.001295 4270
0.001296 4270
0.001297 4270
0.001298 4271
0.001299 4269
0.0013 4269
0.001301 4268
0.001302 4269
0.001303 4269
0.001304 4269
0.001305 4269
0.001306 4269
0.001307 4269
0.001308 4269
0.001309 4269
0.00131 4269
0.001311 4269
0.001312 4268
0.001313 4268
0.001314 4267
0.001315 4268
0.001316 4268
0.001317 4268
0.001318 4268
0.001319 4269
0.00132 4268
0.001321 4268
0.001322 4270
0.001323 4269
0.001324 4269
0.001325 4268
0.001326 4268
0.001327 4268
0.001328 4268
0.001329 4268
0.00133 4268
0.001331 4268
0.001332 4269
0.001333 4269
0.001334 4270
0.001335 4270
0.001336 4270
0.001337 4270
0.001338 4268
0.001339 4268
0.00134 4268
0.001341 4267
0.001342 4265
0.001343 4265
0.001344 4263
0.001345 4263
0.001346 4263
0.001347 4262
0.001348 4262
0.001349 4262
0.00135 4261
0.001351 4261
0.001352 4261
0.001353 4260
0.001354 4260
0.001355 4259
0.001356 4257
0.001357 4258
0.001358 4258
0.001359 4258
0.00136 4258
0.001361 4258
0.001362 4258
0.001363 4259
0.001364 4259
0.001365 4259
0.001366 4259
0.001367 4259
0.001368 4258
0.001369 4258
0.00137 4257
0.001371 4257
0.001372 4257
0.001373 4257
0.001374 4256
0.001375 4255
0.001376 4255
0.001377 4255
0.001378 4255
0.001379 4255
0.00138 4255
0.001381 4255
0.001382 4256
0.001383 4256
0.001384 4256
0.001385 4256
0.001386 4256
0.001387 4256
0.001388 4256
0.001389 4256
0.00139 4256
0.001391 4256
0.001392 4257
0.001393 4257
0.001394 4257
0.001395 4257
0.001396 4257
0.001397 4258
0.001398 4258
0.001399 4256
0.0014 4256
0.001401 4256
0.001402 4254
0.001403 4254
0.001404 4254
0.001405 4254
0.001406 4254
0.001407 4254
0.001408 4255
0.001409 4255
0.00141 4255
0.001411 4256
0.001412 4255
0.001413 4255
0.001414 4257
0.001415 4256
0.001416 4256
0.001417 4255
0.001418 4255
0.001419 4255
0.00142 4253
0.001421 4253
0.001422 4253
0.001423 4253
0.001424 4253
0.001425 4253
0.001426 4253
0.001427 4253
0.001428 4253
0.001429 4253
0.00143 4253
0.001431 4253
0.001432 4252
0.001433 4253
0.001434 4253
0.001435 4253
0.001436 4252
0.001437 4253
0.001438 4253
0.001439 4253
0.00144 4253
0.001441 4252
0.001442 4251
0.001443 4251
0.001444 4251
0.001445 4251
0.001446 4251
0.001447 4250
0.001448 4250
0.001449 4250
0.00145 4250
0.001451 4250
0.001452 4250
0.001453 4250
0.001454 4250
0.001455 4250
0.001456 4250
0.001457 4250
0.001458 4250
0.001459 4250
0.00146 4250
0.001461 4250
0.001462 4250
0.001463 4250
0.001464 4251
0.001465 4250
0.001466 4249
0.001467 4249
0.001468 4249
0.001469 4249
0.00147 4250
0.001471 4250
0.001472 4250
0.001473 4250
0.001474 4250
0.001475 4250
0.001476 4250
0.001477 4250
0.001478 4250
0.001479 4250
0.00148 4250
0.001481 4250
0.001482 4251
0.001483 4251
0.001484 4251
0.001485 4252
0.001486 4251
0.001487 4251
0.001488 4252
0.001489 4252
0.00149 4252
0.001491 4252
0.001492 4253
0.001493 4253
0.001494 4253
0.001495 4253
0.001496 4253
0.001497 4252
0.001498 4252
0.001499 4252
0.0015 4252
0.001501 4253
0.001502 4253
0.001503 4253
0.001504 4253
0.001505 4252
0.001506 4252
0.001507 4252
0.001508 4252
0.001509 4252
0.00151 4252
0.001511 4252
0.001512 4252
0.001513 4253
0.001514 4254
0.001515 4254
0.001516 4254
0.001517 4254
0.001518 4255
0.001519 4255
0.00152 4255
0.001521 4255
0.001522 4255
0.001523 4255
0.001524 4256
0.001525 4256
0.001526 4256
0.001527 4257
0.001528 4257
0.001529 4257
0.00153 4257
0.001531 4257
0.001532 4256
0.001533 4257
0.001534 4257
0.001535 4258
0.001536 4258
0.001537 4258
0.001538 4258
0.001539 4258
0.00154 4258
0.001541 4259
0.001542 4259
0.001543 4259
0.001544 4259
0.001545 4259
0.001546 4259
0.001547 4259
0.001548 4259
0.001549 4259
0.00155 4259
0.001551 4259
0.001552 4258
0.001553 4259
0.001554 4260
0.001555 4261
0.001556 4261
0.001557 4261
0.001558 4260
0.001559 4260
0.00156 4261
0.001561 4261
0.001562 4261
0.001563 4261
0.001564 4260
0.001565 4260
0.001566 4259
0.001567 4259
0.001568 4260
0.001569 4260
0.00157 4260
0.001571 4260
0.001572 4260
0.001573 4262
0.001574 4262
0.001575 4262
0.001576 4263
0.001577 4264
0.001578 4264
0.001579 4264
0.00158 4264
0.001581 4264
0.001582 4264
0.001583 4264
0.001584 4263
0.001585 4264
0.001586 4264
0.001587 4264
0.001588 4264
0.001589 4264
0.00159 4264
0.001591 4264
0.001592 4264
0.001593 4265
0.001594 4266
0.001595 4266
0.001596 4266
0.001597 4266
0.001598 4266
0.001599 4266
0.0016 4266
0.001601 4265
0.001602 4265
0.001603 4265
0.001604 4265
0.001605 4265
0.001606 4265
0.001607 4265
0.001608 4265
0.001609 4264
0.00161 4264
0.001611 4264
0.001612 4264
0.001613 4264
0.001614 4264
0.001615 4264
0.001616 4264
0.001617 4263
0.001618 4262
0.001619 4262
0.00162 4262
0.001621 4262
0.001622 4262
0.001623 4264
0.001624 4264
0.001625 4264
0.001626 4263
0.001627 4263
0.001628 4263
0.001629 4263
0.00163 4264
0.001631 4264
0.001632 4265
0.001633 4265
0.001634 4265
0.001635 4266
0.001636 4266
0.001637 4266
0.001638 4266
0.001639 4266
0.00164 4266
0.001641 4266
0.001642 4266
0.001643 4266
0.001644 4267
0.001645 4268
0.001646 4268
0.001647 4267
0.001648 4266
0.001649 4266
0.00165 4266
0.001651 4266
0.001652 4266
0.001653 4266
0.001654 4266
0.001655 4265
0.001656 4266
0.001657 4266
0.001658 4266
0.001659 4266
0.00166 4266
0.001661 4266
0.001662 4266
0.001663 4266
0.001664 4265
0.001665 4264
0.001666 4264
0.001667 4264
0.001668 4264
0.001669 4264
0.00167 4264
0.001671 4264
0.001672 4264
0.001673 4265
0.001674 4265
0.001675 4265
0.001676 4265
0.001677 4264
0.001678 4264
0.001679 4264
0.00168 4264
0.001681 4266
0.001682 4266
0.001683 4266
0.001684 4267
0.001685 4267
0.001686 4268
0.001687 4268
0.001688 4267
0.001689 4267
0.00169 4267
0.001691 4267
0.001692 4267
0.001693 4266
0.001694 4267
0.001695 4266
0.001696 4266
0.001697 4266
0.001698 4266
0.001699 4266
0.0017 4266
0.001701 4264
0.001702 4264
0.001703 4264
0.001704 4262
0.001705 4262
0.001706 4262
0.001707 4261
0.001708 4262
0.001709 4262
0.00171 4262
0.001711 4261
0.001712 4261
0.001713 4261
0.001714 4261
0.001715 4261
0.001716 4261
0.001717 4261
0.001718 4261
0.001719 4261
0.00172 4261
0.001721 4262
0.001722 4262
0.001723 4262
0.001724 4261
0.001725 4261
0.001726 4261
0.001727 4261
0.001728 4261
0.001729 4261
0.00173 4260
0.001731 4260
0.001732 4259
0.001733 4258
0.001734 4258
0.001735 4258
0.001736 4258
0.001737 4258
0.001738 4258
0.001739 4258
0.00174 4258
0.001741 4258
0.001742 4256
0.001743 4256
0.001744 4256
0.001745 4257
0.001746 4257
0.001747 4258
0.001748 4258
0.001749 4258
0.00175 4258
0.001751 4259
0.001752 4259
0.001753 4260
0.001754 4260
0.001755 4261
0.001756 4261
0.001757 4261
0.001758 4261
0.001759 4261
0.00176 4262
0.001761 4262
0.001762 4262
0.001763 4262
0.001764 4262
0.001765 4263
0.001766 4263
0.001767 4261
0.001768 4261
0.001769 4261
0.00177 4261
0.001771 4261
0.001772 4261
0.001773 4261
0.001774 4261
0.001775 4261
0.001776 4262
0.001777 4262
0.001778 4262
0.001779 4262
0.00178 4262
0.001781 4262
0.001782 4262
0.001783 4262
0.001784 4262
0.001785 4262
0.001786 4261
0.001787 4260
0.001788 4260
0.001789 4259
0.00179 4259
0.001791 4259
0.001792 4258
0.001793 4259
0.001794 4259
0.001795 4260
0.001796 4260
0.001797 4259
0.001798 4258
0.001799 4258
0.0018 4257
0.001801 4258
0.001802 4258
0.001803 4259
0.001804 4260
0.001805 4260
0.001806 4261
0.001807 4261
0.001808 4262
0.001809 4263
0.00181 4263
0.001811 4263
0.001812 4263
0.001813 4262
0.001814 4262
0.001815 4263
0.001816 4263
0.001817 4262
0.001818 4262
0.001819 4262
0.00182 4262
0.001821 4261
0.001822 4261
0.001823 4261
0.001824 4261
0.001825 4259
0.001826 4260
0.001827 4261
0.001828 4260
0.001829 4261
0.00183 4259
0.001831 4258
0.001832 4258
0.001833 4258
0.001834 4257
0.001835 4257
0.001836 4257
0.001837 4257
0.001838 4257
0.001839 4260
0.00184 4261
0.001841 4261
0.001842 4261
0.001843 4261
0.001844 4261
0.001845 4261
0.001846 4261
0.001847 4261
0.001848 4262
0.001849 4263
0.00185 4263
0.001851 4260
0.001852 4261
0.001853 4261
0.001854 4261
0.001855 4261
0.001856 4261
0.001857 4261
0.001858 4262
0.001859 4262
0.00186 4262
0.001861 4262
0.001862 4262
0.001863 4262
0.001864 4261
0.001865 4261
0.001866 4261
0.001867 4260
0.001868 4260
0.001869 4260
0.00187 4260
0.001871 4261
0.001872 4261
0.001873 4261
0.001874 4262
0.001875 4262
0.001876 4262
0.001877 4262
0.001878 4263
0.001879 4263
0.00188 4262
0.001881 4264
0.001882 4264
0.001883 4266
0.001884 4265
0.001885 4265
0.001886 4265
0.001887 4265
0.001888 4265
0.001889 4266
0.00189 4266
0.001891 4267
0.001892 4267
0.001893 4267
0.001894 4267
0.001895 4267
0.001896 4266
0.001897 4266
0.001898 4265
0.001899 4266
0.0019 4266
0.001901 4265
0.001902 4265
0.001903 4266
0.001904 4266
0.001905 4266
0.001906 4267
0.001907 4267
0.001908 4267
0.001909 4266
0.00191 4266
0.001911 4266
0.001912 4266
0.001913 4266
0.001914 4266
0.001915 4265
0.001916 4264
0.001917 4264
0.001918 4264
0.001919 4264
0.00192 4265
0.001921 4265
0.001922 4264
0.001923 4263
0.001924 4263
0.001925 4264
0.001926 4263
0.001927 4263
0.001928 4263
0.001929 4263
0.00193 4263
0.001931 4264
0.001932 4264
0.001933 4265
0.001934 4265
0.001935 4265
0.001936 4264
0.001937 4264
0.001938 4264
0.001939 4264
0.00194 4264
0.001941 4264
0.001942 4264
0.001943 4264
0.001944 4265
0.001945 4264
0.001946 4264
0.001947 4263
0.001948 4263
0.001949 4264
0.00195 4264
0.001951 4264
0.001952 4264
0.001953 4265
0.001954 4265
0.001955 4266
0.001956 4267
0.001957 4267
0.001958 4267
0.001959 4267
0.00196 4267
0.001961 4267
0.001962 4267
0.001963 4267
0.001964 4267
0.001965 4268
0.001966 4267
0.001967 4267
0.001968 4267
0.001969 4265
0.00197 4265
0.001971 4265
0.001972 4265
0.001973 4265
0.001974 4264
0.001975 4263
0.001976 4263
0.001977 4262
0.001978 4263
0.001979 4265
0.00198 4265
0.001981 4263
0.001982 4263
0.001983 4263
0.001984 4263
0.001985 4263
0.001986 4263
0.001987 4263
0.001988 4264
0.001989 4264
0.00199 4264
0.001991 4265
0.001992 4265
0.001993 4265
0.001994 4264
0.001995 4264
0.001996 4263
0.001997 4263
0.001998 4263
0.001999 4263
0.002 4263
0.002001 4263
0.002002 4264
0.002003 4264
0.002004 4265
0.002005 4266
0.002006 4266
0.002007 4265
0.002008 4264
0.002009 4264
0.00201 4264
0.002011 4264
0.002012 4265
0.002013 4265
0.002014 4264
0.002015 4264
0.002016 4264
0.002017 4264
0.002018 4264
0.002019 4265
0.00202 4265
0.002021 4263
0.002022 4262
0.002023 4262
0.002024 4262
0.002025 4262
0.002026 4262
0.002027 4262
0.002028 4261
0.002029 4260
0.00203 4261
0.002031 4261
0.002032 4261
0.002033 4261
0.002034 4261
0.002035 4261
0.002036 4261
0.002037 4261
0.002038 4260
0.002039 4260
0.00204 4260
0.002041 4260
0.002042 4260
0.002043 4260
0.002044 4260
0.002045 4258
0.002046 4258
0.002047 4258
0.002048 4258
0.002049 4258
0.00205 4258
0.002051 4258
0.002052 4258
0.002053 4257
0.002054 4256
0.002055 4256
0.002056 4256
0.002057 4255
0.002058 4255
0.002059 4256
0.00206 4257
0.002061 4257
0.002062 4258
0.002063 4258
0.002064 4258
0.002065 4258
0.002066 4258
0.002067 4258
0.002068 4259
0.002069 4257
0.00207 4256
0.002071 4256
0.002072 4256
0.002073 4254
0.002074 4254
0.002075 4254
0.002076 4254
0.002077 4254
0.002078 4254
0.002079 4253
0.00208 4253
0.002081 4253
0.002082 4251
0.002083 4251
0.002084 4251
0.002085 4251
0.002086 4250
0.002087 4250
0.002088 4249
0.002089 4248
0.00209 4248
0.002091 4249
0.002092 4249
0.002093 4248
0.002094 4248
0.002095 4248
0.002096 4247
0.002097 4247
0.002098 4247
0.002099 4246
0.0021 4246
0.002101 4246
0.002102 4248
0.002103 4249
0.002104 4248
0.002105 4248
0.002106 4247
0.002107 4248
0.002108 4248
0.002109 4248
0.00211 4248
0.002111 4247
0.002112 4247
0.002113 4248
0.002114 4248
0.002115 4248
0.002116 4248
0.002117 4248
0.002118 4248
0.002119 4249
0.00212 4248
0.002121 4247
0.002122 4248
0.002123 4247
0.002124 4247
0.002125 4247
0.002126 4246
0.002127 4246
0.002128 4246
0.002129 4246
0.00213 4245
0.002131 4245
0.002132 4245
0.002133 4243
0.002134 4243
0.002135 4242
0.002136 4241
0.002137 4241
0.002138 4241
0.002139 4241
0.00214 4241
0.002141 4242
0.002142 4242
0.002143 4242
0.002144 4242
0.002145 4242
0.002146 4242
0.002147 4242
0.002148 4243
0.002149 4243
0.00215 4244
0.002151 4243
0.002152 4243
0.002153 4243
0.002154 4244
0.002155 4244
0.002156 4244
0.002157 4244
0.002158 4244
0.002159 4244
0.00216 4244
0.002161 4244
0.002162 4244
0.002163 4244
0.002164 4244
0.002165 4244
0.002166 4244
0.002167 4243
0.002168 4243
0.002169 4243
0.00217 4243
0.002171 4243
0.002172 4243
0.002173 4243
0.002174 4243
0.002175 4242
0.002176 4242
0.002177 4242
0.002178 4242
0.002179 4242
0.00218 4242
0.002181 4242
0.002182 4241
0.002183 4241
0.002184 4241
0.002185 4241
0.002186 4242
0.002187 4242
0.002188 4242
0.002189 4242
0.00219 4241
0.002191 4242
0.002192 4243
0.002193 4243
0.002194 4243
0.002195 4243
0.002196 4243
0.002197 4242
0.002198 4242
0.002199 4242
0.0022 4242
0.002201 4242
0.002202 4242
0.002203 4242
0.002204 4241
0.002205 4241
0.002206 4241
0.002207 4241
0.002208 4241
0.002209 4241
0.00221 4241
0.002211 4241
0.002212 4241
0.002213 4242
0.002214 4241
0.002215 4241
0.002216 4241
0.002217 4241
0.002218 4241
0.002219 4241
0.00222 4241
0.002221 4241
0.002222 4241
0.002223 4240
0.002224 4239
0.002225 4239
0.002226 4238
0.002227 4239
0.002228 4239
0.002229 4239
0.00223 4239
0.002231 4239
0.002232 4240
0.002233 4241
0.002234 4240
0.002235 4240
0.002236 4241
0.002237 4242
0.002238 4242
0.002239 4241
0.00224 4241
0.002241 4241
0.002242 4241
0.002243 4241
0.002244 4242
0.002245 4242
0.002246 4242
0.002247 4242
0.002248 4243
0.002249 4243
0.00225 4243
0.002251 4243
0.002252 4241
0.002253 4241
0.002254 4242
0.002255 4243
0.002256 4243
0.002257 4243
0.002258 4244
0.002259 4244
0.00226 4245
0.002261 4245
0.002262 4245
0.002263 4245
0.002264 4246
0.002265 4246
0.002266 4246
0.002267 4246
0.002268 4246
0.002269 4246
0.00227 4246
0.002271 4246
0.002272 4246
0.002273 4246
0.002274 4247
0.002275 4247
0.002276 4247
0.002277 4247
0.002278 4247
0.002279 4247
0.00228 4247
0.002281 4247
0.002282 4248
0.002283 4248
0.002284 4246
0.002285 4246
0.002286 4246
0.002287 4246
0.002288 4246
0.002289 4246
0.00229 4245
0.002291 4245
0.002292 4246
0.002293 4246
0.002294 4245
0.002295 4244
0.002296 4244
0.002297 4244
0.002298 4242
0.002299 4241
0.0023 4241
0.002301 4241
0.002302 4241
0.002303 4241
0.002304 4241
0.002305 4241
0.002306 4241
0.002307 4241
0.002308 4240
0.002309 4239
0.00231 4239
0.002311 4239
0.002312 4239
0.002313 4238
0.002314 4238
0.002315 4238
0.002316 4238
0.002317 4239
0.002318 4238
0.002319 4239
0.00232 4239
0.002321 4239
0.002322 4239
0.002323 4240
0.002324 4239
0.002325 4239
0.002326 4238
0.002327 4240
0.002328 4240
0.002329 4240
0.00233 4241
0.002331 4241
0.002332 4241
0.002333 4241
0.002334 4242
0.002335 4242
0.002336 4242
0.002337 4241
0.002338 4241
0.002339 4241
0.00234 4241
0.002341 4241
0.002342 4240
0.002343 4240
0.002344 4239
0.002345 4240
0.002346 4240
0.002347 4240
0.002348 4238
0.002349 4238
0.00235 4239
0.002351 4239
0.002352 4237
0.002353 4237
0.002354 4238
0.002355 4238
0.002356 4238
0.002357 4238
0.002358 4239
0.002359 4239
0.00236 4240
0.002361 4240
0.002362 4241
0.002363 4241
0.002364 4241
0.002365 4240
0.002366 4240
0.002367 4240
0.002368 4240
0.002369 4239
0.00237 4239
0.002371 4239
0.002372 4239
0.002373 4239
0.002374 4239
0.002375 4239
0.002376 4239
0.002377 4239
0.002378 4238
0.002379 4237
0.00238 4237
0.002381 4237
0.002382 4236
0.002383 4237
0.002384 4236
0.002385 4237
0.002386 4238
0.002387 4238
0.002388 4238
0.002389 4238
0.00239 4238
0.002391 4238
0.002392 4238
0.002393 4238
0.002394 4238
0.002395 4237
0.002396 4237
0.002397 4236
0.002398 4235
0.002399 4235
0.0024 4235
0.002401 4235
0.002402 4235
0.002403 4235
0.002404 4235
0.002405 4235
0.002406 4235
0.002407 4235
0.002408 4235
0.002409 4235
0.00241 4236
0.002411 4236
0.002412 4237
0.002413 4236
0.002414 4236
0.002415 4237
0.002416 4237
0.002417 4236
0.002418 4236
0.002419 4236
0.00242 4236
0.002421 4236
0.002422 4235
0.002423 4235
0.002424 4235
0.002425 4236
0.002426 4236
0.002427 4236
0.002428 4236
0.002429 4235
0.00243 4235
0.002431 4235
0.002432 4235
0.002433 4235
0.002434 4235
0.002435 4235
0.002436 4236
0.002437 4236
0.002438 4235
0.002439 4235
0.00244 4235
0.002441 4235
0.002442 4235
0.002443 4235
0.002444 4235
0.002445 4235
0.002446 4236
0.002447 4236
0.002448 4236
0.002449 4236
0.00245 4235
0.002451 4235
0.002452 4235
0.002453 4236
0.002454 4237
0.002455 4235
0.002456 4235
0.002457 4236
0.002458 4236
0.002459 4236
0.00246 4236
0.002461 4236
0.002462 4237
0.002463 4237
0.002464 4237
0.002465 4237
0.002466 4238
0.002467 4239
0.002468 4239
0.002469 4240
0.00247 4242
0.002471 4242
0.002472 4242
0.002473 4242
0.002474 4242
0.002475 4242
0.002476 4242
0.002477 4242
0.002478 4243
0.002479 4243
0.00248 4243
0.002481 4242
0.002482 4243
0.002483 4243
0.002484 4245
0.002485 4244
0.002486 4245
0.002487 4245
0.002488 4245
0.002489 4246
0.00249 4245
0.002491 4245
0.002492 4244
0.002493 4244
0.002494 4245
0.002495 4244
0.002496 4245
0.002497 4245
0.002498 4245
0.002499 4245
0.0025 4245
0.002501 4247
0.002502 4248
0.002503 4248
0.002504 4248
0.002505 4247
0.002506 4247
0.002507 4247
0.002508 4248
0.002509 4248
0.00251 4250
0.002511 4249
0.002512 4249
0.002513 4249
0.002514 4249
0.002515 4249
0.002516 4249
0.002517 4248
0.002518 4248
0.002519 4249
0.00252 4249
0.002521 4249
0.002522 4249
0.002523 4249
0.002524 4249
0.002525 4249
0.002526 4249
0.002527 4249
0.002528 4249
0.002529 4249
0.00253 4248
0.002531 4248
0.002532 4249
0.002533 4250
0.002534 4250
0.002535 4251
0.002536 4253
0.002537 4253
0.002538 4253
0.002539 4253
0.00254 4253
0.002541 4253
0.002542 4253
0.002543 4253
0.002544 4253
0.002545 4253
0.002546 4253
0.002547 4254
0.002548 4254
0.002549 4254
0.00255 4254
0.002551 4254
0.002552 4254
0.002553 4253
0.002554 4253
0.002555 4251
0.002556 4251
0.002557 4251
0.002558 4250
0.002559 4250
0.00256 4250
0.002561 4250
0.002562 4250
0.002563 4250
0.002564 4250
0.002565 4250
0.002566 4249
0.002567 4249
0.002568 4248
0.002569 4248
0.00257 4248
0.002571 4248
0.002572 4248
0.002573 4248
0.002574 4248
0.002575 4248
0.002576 4248
0.002577 4248
0.002578 4248
0.002579 4248
0.00258 4249
0.002581 4251
0.002582 4251
0.002583 4251
0.002584 4252
0.002585 4253
0.002586 4254
0.002587 4253
0.002588 4253
0.002589 4253
0.00259 4252
0.002591 4252
0.002592 4252
0.002593 4251
0.002594 4253
0.002595 4254
0.002596 4256
0.002597 4256
0.002598 4256
0.002599 4256
0.0026 4256
0.002601 4257
0.002602 4257
0.002603 4256
0.002604 4256
0.002605 4256
0.002606 4255
0.002607 4255
0.002608 4255
0.002609 4255
0.00261 4255
0.002611 4255
0.002612 4255
0.002613 4255
0.002614 4255
0.002615 4254
0.002616 4255
0.002617 4255
0.002618 4255
0.002619 4256
0.00262 4255
0.002621 4255
0.002622 4255
0.002623 4255
0.002624 4255
0.002625 4255
0.002626 4255
0.002627 4255
0.002628 4254
0.002629 4254
0.00263 4254
0.002631 4255
0.002632 4257
0.002633 4257
0.002634 4257
0.002635 4257
0.002636 4257
0.002637 4257
0.002638 4257
0.002639 4257
0.00264 4257
0.002641 4257
0.002642 4257
0.002643 4257
0.002644 4257
0.002645 4258
0.002646 4257
0.002647 4257
0.002648 4257
0.002649 4258
0.00265 4258
0.002651 4258
0.002652 4258
0.002653 4257
0.002654 4257
0.002655 4257
0.002656 4257
0.002657 4257
0.002658 4256
0.002659 4257
0.00266 4257
0.002661 4256
0.002662 4256
0.002663 4256
0.002664 4256
0.002665 4255
0.002666 4255
0.002667 4256
0.002668 4256
0.002669 4257
0.00267 4256
0.002671 4256
0.002672 4256
0.002673 4257
0.002674 4257
0.002675 4257
0.002676 4257
0.002677 4257
0.002678 4257
0.002679 4255
0.00268 4255
0.002681 4254
0.002682 4254
0.002683 4254
0.002684 4254
0.002685 4253
0.002686 4253
0.002687 4252
0.002688 4251
0.002689 4249
0.00269 4249
0.002691 4247
0.002692 4247
0.002693 4247
0.002694 4247
0.002695 4247
0.002696 4247
0.002697 4247
0.002698 4247
0.002699 4247
0.0027 4247
0.002701 4247
0.002702 4247
0.002703 4247
0.002704 4247
0.002705 4248
0.002706 4248
0.002707 4249
0.002708 4250
0.002709 4250
0.00271 4250
0.002711 4250
0.002712 4250
0.002713 4250
0.002714 4250
0.002715 4250
0.002716 4250
0.002717 4251
0.002718 4251
0.002719 4251
0.00272 4251
0.002721 4251
0.002722 4252
0.002723 4252
0.002724 4253
0.002725 4253
0.002726 4253
0.002727 4253
0.002728 4252
0.002729 4252
0.00273 4252
0.002731 4250
0.002732 4250
0.002733 4249
0.002734 4249
0.002735 4249
0.002736 4250
0.002737 4250
0.002738 4250
0.002739 4251
0.00274 4251
0.002741 4252
0.002742 4252
0.002743 4253
0.002744 4253
0.002745 4253
0.002746 4253
0.002747 4254
0.002748 4254
0.002749 4254
0.00275 4254
0.002751 4255
0.002752 4254
0.002753 4253
0.002754 4252
0.002755 4252
0.002756 4252
0.002757 4252
0.002758 4251
0.002759 4252
0.00276 4252
0.002761 4252
0.002762 4253
0.002763 4253
0.002764 4253
0.002765 4254
0.002766 4254
0.002767 4254
0.002768 4254
0.002769 4254
0.00277 4254
0.002771 4255
0.002772 4255
0.002773 4254
0.002774 4254
0.002775 4253
0.002776 4253
0.002777 4253
0.002778 4252
0.002779 4252
0.00278 4251
0.002781 4251
0.002782 4251
0.002783 4252
0.002784 4251
0.002785 4252
0.002786 4252
0.002787 4252
0.002788 4252
0.002789 4252
0.00279 4252
0.002791 4252
0.002792 4253
0.002793 4252
0.002794 4252
0.002795 4252
0.002796 4253
0.002797 4253
0.002798 4253
0.002799 4252
0.0028 4250
0.002801 4251
0.002802 4251
0.002803 4251
0.002804 4249
0.002805 4249
0.002806 4249
0.002807 4249
0.002808 4248
0.002809 4249
0.00281 4249
0.002811 4249
0.002812 4249
0.002813 4250
0.002814 4249
0.002815 4249
0.002816 4250
0.002817 4250
0.002818 4248
0.002819 4248
0.00282 4248
0.002821 4248
0.002822 4248
0.002823 4248
0.002824 4249
0.002825 4251
0.002826 4251
0.002827 4250
0.002828 4250
0.002829 4250
0.00283 4250
0.002831 4250
0.002832 4251
0.002833 4251
0.002834 4250
0.002835 4249
0.002836 4247
0.002837 4247
0.002838 4246
0.002839 4246
0.00284 4246
0.002841 4245
0.002842 4244
0.002843 4244
0.002844 4243
0.002845 4243
0.002846 4243
0.002847 4241
0.002848 4242
0.002849 4242
0.00285 4244
0.002851 4244
0.002852 4245
0.002853 4245
0.002854 4245
0.002855 4245
0.002856 4244
0.002857 4244
0.002858 4244
0.002859 4244
0.00286 4245
0.002861 4245
0.002862 4245
0.002863 4244
0.002864 4244
0.002865 4245
0.002866 4247
0.002867 4247
0.002868 4247
0.002869 4248
0.00287 4248
0.002871 4247
0.002872 4248
0.002873 4248
0.002874 4248
0.002875 4248
0.002876 4248
0.002877 4248
0.002878 4248
0.002879 4249
0.00288 4249
0.002881 4249
0.002882 4249
0.002883 4249
0.002884 4249
0.002885 4249
0.002886 4249
0.002887 4249
0.002888 4249
0.002889 4249
0.00289 4249
0.002891 4248
0.002892 4248
0.002893 4248
0.002894 4248
0.002895 4248
0.002896 4247
0.002897 4247
0.002898 4247
0.002899 4246
0.0029 4246
0.002901 4246
0.002902 4248
0.002903 4248
0.002904 4247
0.002905 4248
0.002906 4248
0.002907 4248
0.002908 4248
0.002909 4248
0.00291 4248
0.002911 4249
0.002912 4249
0.002913 4249
0.002914 4248
0.002915 4248
0.002916 4247
0.002917 4247
0.002918 4247
0.002919 4247
0.00292 4246
0.002921 4246
0.002922 4246
0.002923 4247
0.002924 4247
0.002925 4247
0.002926 4247
0.002927 4248
0.002928 4248
0.002929 4248
0.00293 4248
0.002931 4248
0.002932 4248
0.002933 4248
0.002934 4248
0.002935 4248
0.002936 4247
0.002937 4247
0.002938 4247
0.002939 4247
0.00294 4247
0.002941 4247
0.002942 4247
0.002943 4247
0.002944 4247
0.002945 4247
0.002946 4249
0.002947 4248
0.002948 4249
0.002949 4249
0.00295 4249
0.002951 4249
0.002952 4249
0.002953 4249
0.002954 4249
0.002955 4249
0.002956 4249
0.002957 4250
0.002958 4250
0.002959 4250
0.00296 4250
0.002961 4250
0.002962 4249
0.002963 4249
0.002964 4249
0.002965 4248
0.002966 4248
0.002967 4247
0.002968 4247
0.002969 4247
0.00297 4247
0.002971 4248
0.002972 4248
0.002973 4248
0.002974 4248
0.002975 4247
0.002976 4248
0.002977 4247
0.002978 4247
0.002979 4247
0.00298 4247
0.002981 4247
0.002982 4247
0.002983 4246
0.002984 4246
0.002985 4246
0.002986 4247
0.002987 4247
0.002988 4247
0.002989 4247
0.00299 4247
0.002991 4247
0.002992 4246
0.002993 4246
0.002994 4246
0.002995 4246
0.002996 4246
0.002997 4246
0.002998 4246
0.002999 4246
0.003 4246
0.003001 4246
0.003002 4246
0.003003 4245
0.003004 4245
0.003005 4245
0.003006 4245
0.003007 4245
0.003008 4246
0.003009 4246
0.00301 4246
0.003011 4247
0.003012 4247
0.003013 4248
0.003014 4249
0.003015 4249
0.003016 4249
0.003017 4249
0.003018 4248
0.003019 4248
0.00302 4248
0.003021 4248
0.003022 4250
0.003023 4250
0.003024 4250
0.003025 4251
0.003026 4250
0.003027 4250
0.003028 4250
0.003029 4250
0.00303 4250
0.003031 4250
0.003032 4250
0.003033 4250
0.003034 4249
0.003035 4248
0.003036 4248
0.003037 4248
0.003038 4248
0.003039 4249
0.00304 4248
0.003041 4248
0.003042 4248
0.003043 4248
0.003044 4247
0.003045 4248
0.003046 4248
0.003047 4247
0.003048 4246
0.003049 4246
0.00305 4243
0.003051 4243
0.003052 4243
0.003053 4243
0.003054 4243
0.003055 4243
0.003056 4242
0.003057 4243
0.003058 4243
0.003059 4245
0.00306 4245
0.003061 4245
0.003062 4245
0.003063 4245
0.003064 4246
0.003065 4245
0.003066 4245
0.003067 4245
0.003068 4244
0.003069 4245
0.00307 4245
0.003071 4246
0.003072 4246
0.003073 4246
0.003074 4246
0.003075 4245
0.003076 4245
0.003077 4244
0.003078 4244
0.003079 4244
0.00308 4244
0.003081 4243
0.003082 4242
0.003083 4242
0.003084 4242
0.003085 4242
0.003086 4243
0.003087 4243
0.003088 4243
0.003089 4243
0.00309 4242
0.003091 4242
0.003092 4244
0.003093 4244
0.003094 4244
0.003095 4245
0.003096 4245
0.003097 4245
0.003098 4245
0.003099 4245
0.0031 4245
0.003101 4245
0.003102 4245
0.003103 4245
0.003104 4245
0.003105 4244
0.003106 4244
0.003107 4244
0.003108 4245
0.003109 4245
0.00311 4245
0.003111 4244
0.003112 4244
0.003113 4243
0.003114 4244
0.003115 4245
0.003116 4245
0.003117 4245
0.003118 4245
0.003119 4245
0.00312 4245
0.003121 4245
0.003122 4245
0.003123 4245
0.003124 4244
0.003125 4244
0.003126 4244
0.003127 4243
0.003128 4244
0.003129 4244
0.00313 4244
0.003131 4244
0.003132 4245
0.003133 4244
0.003134 4244
0.003135 4244
0.003136 4244
0.003137 4244
0.003138 4243
0.003139 4243
0.00314 4243
0.003141 4243
0.003142 4243
0.003143 4243
0.003144 4245
0.003145 4245
0.003146 4244
0.003147 4244
0.003148 4244
0.003149 4244
0.00315 4244
0.003151 4243
0.003152 4243
0.003153 4243
0.003154 4243
0.003155 4242
0.003156 4242
0.003157 4241
0.003158 4242
0.003159 4242
0.00316 4242
0.003161 4242
0.003162 4242
0.003163 4242
0.003164 4242
0.003165 4242
0.003166 4243
0.003167 4243
0.003168 4243
0.003169 4243
0.00317 4243
0.003171 4243
0.003172 4243
0.003173 4243
0.003174 4243
0.003175 4243
0.003176 4242
0.003177 4242
0.003178 4242
0.003179 4242
0.00318 4243
0.003181 4243
0.003182 4243
0.003183 4243
0.003184 4243
0.003185 4243
0.003186 4243
0.003187 4244
0.003188 4245
0.003189 4245
0.00319 4245
0.003191 4246
0.003192 4246
0.003193 4246
0.003194 4246
0.003195 4246
0.003196 4246
0.003197 4246
0.003198 4245
0.003199 4245
0.0032 4245
0.003201 4245
0.003202 4245
0.003203 4245
0.003204 4245
0.003205 4244
0.003206 4244
0.003207 4244
0.003208 4244
0.003209 4246
0.00321 4247
0.003211 4248
0.003212 4248
0.003213 4248
0.003214 4248
0.003215 4249
0.003216 4249
0.003217 4249
0.003218 4249
0.003219 4249
0.00322 4249
0.003221 4248
0.003222 4245
0.003223 4245
0.003224 4245
0.003225 4246
0.003226 4246
0.003227 4245
0.003228 4245
0.003229 4245
0.00323 4245
0.003231 4244
0.003232 4244
0.003233 4244
0.003234 4245
0.003235 4245
0.003236 4245
0.003237 4244
0.003238 4244
0.003239 4244
0.00324 4243
0.003241 4243
0.003242 4243
0.003243 4243
0.003244 4243
0.003245 4243
0.003246 4242
0.003247 4241
0.003248 4241
0.003249 4241
0.00325 4241
0.003251 4241
0.003252 4242
0.003253 4242
0.003254 4241
0.003255 4240
0.003256 4240
0.003257 4240
0.003258 4240
0.003259 4241
0.00326 4241
0.003261 4241
0.003262 4241
0.003263 4241
0.003264 4242
0.003265 4243
0.003266 4244
0.003267 4244
0.003268 4244
0.003269 4243
0.00327 4243
0.003271 4243
0.003272 4243
0.003273 4243
0.003274 4243
0.003275 4243
0.003276 4243
0.003277 4243
0.003278 4243
0.003279 4243
0.00328 4243
0.003281 4243
0.003282 4243
0.003283 4243
0.003284 4243
0.003285 4243
0.003286 4243
0.003287 4243
0.003288 4243
0.003289 4243
0.00329 4243
0.003291 4244
0.003292 4244
0.003293 4243
0.003294 4242
0.003295 4241
0.003296 4241
0.003297 4241
0.003298 4242
0.003299 4242
0.0033 4242
0.003301 4242
0.003302 4241
0.003303 4239
0.003304 4239
0.003305 4239
0.003306 4239
0.003307 4240
0.003308 4240
0.003309 4240
0.00331 4240
0.003311 4241
0.003312 4241
0.003313 4241
0.003314 4241
0.003315 4241
0.003316 4241
0.003317 4242
0.003318 4242
0.003319 4242
0.00332 4241
0.003321 4242
0.003322 4242
0.003323 4242
0.003324 4243
0.003325 4243
0.003326 4243
0.003327 4243
0.003328 4243
0.003329 4243
0.00333 4244
0.003331 4245
0.003332 4245
0.003333 4245
0.003334 4246
0.003335 4245
0.003336 4245
0.003337 4245
0.003338 4245
0.003339 4245
0.00334 4245
0.003341 4245
0.003342 4245
0.003343 4245
0.003344 4245
0.003345 4245
0.003346 4245
0.003347 4246
0.003348 4246
0.003349 4247
0.00335 4246
0.003351 4246
0.003352 4246
0.003353 4245
0.003354 4245
0.003355 4245
0.003356 4245
0.003357 4245
0.003358 4246
0.003359 4245
0.00336 4244
0.003361 4244
0.003362 4244
0.003363 4244
0.003364 4244
0.003365 4245
0.003366 4244
0.003367 4242
0.003368 4241
0.003369 4241
0.00337 4241
0.003371 4240
0.003372 4238
0.003373 4238
0.003374 4239
0.003375 4239
0.003376 4239
0.003377 4240
0.003378 4239
0.003379 4239
0.00338 4239
0.003381 4239
0.003382 4239
0.003383 4238
0.003384 4238
0.003385 4239
0.003386 4240
0.003387 4241
0.003388 4241
0.003389 4241
0.00339 4243
0.003391 4243
0.003392 4245
0.003393 4244
0.003394 4243
0.003395 4243
0.003396 4243
0.003397 4243
0.003398 4242
0.003399 4243
0.0034 4243
0.003401 4243
0.003402 4243
0.003403 4243
0.003404 4243
0.003405 4242
0.003406 4242
0.003407 4241
0.003408 4241
0.003409 4241
0.00341 4242
0.003411 4242
0.003412 4242
0.003413 4244
0.003414 4244
0.003415 4244
0.003416 4244
0.003417 4245
0.003418 4244
0.003419 4245
0.00342 4244
0.003421 4244
0.003422 4244
0.003423 4244
0.003424 4244
0.003425 4245
0.003426 4245
0.003427 4244
0.003428 4244
0.003429 4244
0.00343 4245
0.003431 4245
0.003432 4245
0.003433 4245
0.003434 4244
0.003435 4244
0.003436 4244
0.003437 4244
0.003438 4245
0.003439 4246
0.00344 4245
0.003441 4245
0.003442 4244
0.003443 4245
0.003444 4245
0.003445 4245
0.003446 4245
0.003447 4246
0.003448 4246
0.003449 4246
0.00345 4246
0.003451 4247
0.003452 4247
0.003453 4247
0.003454 4247
0.003455 4248
0.003456 4248
0.003457 4248
0.003458 4248
0.003459 4247
0.00346 4247
0.003461 4247
0.003462 4248
0.003463 4248
0.003464 4248
0.003465 4247
0.003466 4247
0.003467 4247
0.003468 4247
0.003469 4247
0.00347 4248
0.003471 4248
0.003472 4248
0.003473 4248
0.003474 4247
0.003475 4247
0.003476 4247
0.003477 4247
0.003478 4247
0.003479 4247
0.00348 4247
0.003481 4247
0.003482 4247
0.003483 4246
0.003484 4245
0.003485 4245
0.003486 4245
0.003487 4246
0.003488 4246
0.003489 4246
0.00349 4247
0.003491 4247
0.003492 4246
0.003493 4246
0.003494 4246
0.003495 4245
0.003496 4245
0.003497 4245
0.003498 4245
0.003499 4245
0.0035 4245
0.003501 4245
0.003502 4245
0.003503 4245
0.003504 4244
0.003505 4244
0.003506 4244
0.003507 4244
0.003508 4244
0.003509 4245
0.00351 4245
0.003511 4244
0.003512 4244
0.003513 4243
0.003514 4242
0.003515 4242
0.003516 4242
0.003517 4242
0.003518 4242
0.003519 4242
0.00352 4242
0.003521 4242
0.003522 4243
0.003523 4243
0.003524 4243
0.003525 4243
0.003526 4243
0.003527 4243
0.003528 4243
0.003529 4243
0.00353 4243
0.003531 4243
0.003532 4242
0.003533 4242
0.003534 4242
0.003535 4241
0.003536 4241
0.003537 4241
0.003538 4240
0.003539 4240
0.00354 4241
0.003541 4241
0.003542 4240
0.003543 4240
0.003544 4240
0.003545 4239
0.003546 4239
0.003547 4238
0.003548 4237
0.003549 4237
0.00355 4237
0.003551 4237
0.003552 4237
0.003553 4237
0.003554 4237
0.003555 4237
0.003556 4237
0.003557 4238
0.003558 4238
0.003559 4237
0.00356 4237
0.003561 4236
0.003562 4234
0.003563 4234
0.003564 4234
0.003565 4236
0.003566 4236
0.003567 4237
0.003568 4238
0.003569 4238
0.00357 4238
0.003571 4238
0.003572 4238
0.003573 4238
0.003574 4238
0.003575 4238
0.003576 4238
0.003577 4238
0.003578 4238
0.003579 4239
0.00358 4239
0.003581 4239
0.003582 4238
0.003583 4237
0.003584 4237
0.003585 4235
0.003586 4235
0.003587 4236
0.003588 4236
0.003589 4236
0.00359 4235
0.003591 4235
0.003592 4236
0.003593 4236
0.003594 4236
0.003595 4236
0.003596 4237
0.003597 4237
0.003598 4237
0.003599 4236
0.0036 4235
0.003601 4235
0.003602 4234
0.003603 4234
0.003604 4234
0.003605 4234
0.003606 4234
0.003607 4234
0.003608 4234
0.003609 4234
0.00361 4233
0.003611 4234
0.003612 4234
0.003613 4234
0.003614 4234
0.003615 4234
0.003616 4233
0.003617 4233
0.003618 4233
0.003619 4234
0.00362 4234
0.003621 4235
0.003622 4235
0.003623 4235
0.003624 4236
0.003625 4236
0.003626 4235
0.003627 4236
0.003628 4237
0.003629 4237
0.00363 4237
0.003631 4237
0.003632 4237
0.003633 4237
0.003634 4237
0.003635 4237
0.003636 4236
0.003637 4236
0.003638 4236
0.003639 4236
0.00364 4234
0.003641 4234
0.003642 4233
0.003643 4232
0.003644 4233
0.003645 4236
0.003646 4236
0.003647 4235
0.003648 4235
0.003649 4235
0.00365 4235
0.003651 4235
0.003652 4235
0.003653 4233
0.003654 4233
0.003655 4233
0.003656 4232
0.003657 4232
0.003658 4232
0.003659 4232
0.00366 4232
0.003661 4232
0.003662 4232
0.003663 4232
0.003664 4232
0.003665 4233
0.003666 4233
0.003667 4233
0.003668 4234
0.003669 4235
0.00367 4235
0.003671 4235
0.003672 4234
0.003673 4235
0.003674 4236
0.003675 4237
0.003676 4238
0.003677 4237
0.003678 4236
0.003679 4236
0.00368 4236
0.003681 4236
0.003682 4236
0.003683 4236
0.003684 4237
0.003685 4237
0.003686 4237
0.003687 4238
0.003688 4238
0.003689 4238
0.00369 4238
0.003691 4238
0.003692 4238
0.003693 4239
0.003694 4239
0.003695 4239
0.003696 4239
0.003697 4239
0.003698 4240
0.003699 4240
0.0037 4240
0.003701 4240
0.003702 4240
0.003703 4239
0.003704 4239
0.003705 4239
0.003706 4238
0.003707 4238
0.003708 4238
0.003709 4238
0.00371 4238
0.003711 4238
0.003712 4238
0.003713 4237
0.003714 4237
0.003715 4237
0.003716 4237
0.003717 4237
0.003718 4238
0.003719 4237
0.00372 4237
0.003721 4238
0.003722 4239
0.003723 4239
0.003724 4239
0.003725 4240
0.003726 4239
0.003727 4239
0.003728 4239
0.003729 4240
0.00373 4242
0.003731 4241
0.003732 4242
0.003733 4241
0.003734 4242
0.003735 4242
0.003736 4242
0.003737 4244
0.003738 4245
0.003739 4245
0.00374 4244
0.003741 4244
0.003742 4245
0.003743 4245
0.003744 4245
0.003745 4245
0.003746 4245
0.003747 4245
0.003748 4245
0.003749 4245
0.00375 4246
0.003751 4246
0.003752 4246
0.003753 4247
0.003754 4247
0.003755 4247
0.003756 4247
0.003757 4247
0.003758 4248
0.003759 4248
0.00376 4249
0.003761 4249
0.003762 4249
0.003763 4248
0.003764 4248
0.003765 4248
0.003766 4247
0.003767 4247
0.003768 4248
0.003769 4247
0.00377 4246
0.003771 4246
0.003772 4247
0.003773 4247
0.003774 4247
0.003775 4247
0.003776 4247
0.003777 4248
0.003778 4248
0.003779 4247
0.00378 4247
0.003781 4248
0.003782 4248
0.003783 4248
0.003784 4248
0.003785 4248
0.003786 4248
0.003787 4247
0.003788 4246
0.003789 4246
0.00379 4246
0.003791 4247
0.003792 4247
0.003793 4246
0.003794 4246
0.003795 4246
0.003796 4247
0.003797 4248
0.003798 4250
0.003799 4250
0.0038 4250
0.003801 4250
0.003802 4250
0.003803 4250
0.003804 4250
0.003805 4250
0.003806 4250
0.003807 4250
0.003808 4252
0.003809 4252
0.00381 4252
0.003811 4252
0.003812 4252
0.003813 4252
0.003814 4252
0.003815 4253
0.003816 4253
0.003817 4254
0.003818 4254
0.003819 4253
0.00382 4252
0.003821 4251
0.003822 4251
0.003823 4252
0.003824 4252
0.003825 4252
0.003826 4251
0.003827 4251
0.003828 4251
0.003829 4251
0.00383 4251
0.003831 4252
0.003832 4252
0.003833 4253
0.003834 4253
0.003835 4253
0.003836 4253
0.003837 4254
0.003838 4254
0.003839 4254
0.00384 4253
0.003841 4254
0.003842 4255
0.003843 4253
0.003844 4253
0.003845 4252
0.003846 4252
0.003847 4251
0.003848 4251
0.003849 4251
0.00385 4251
0.003851 4251
0.003852 4251
0.003853 4250
0.003854 4250
0.003855 4251
0.003856 4251
0.003857 4251
0.003858 4251
0.003859 4251
0.00386 4251
0.003861 4251
0.003862 4250
0.003863 4249
0.003864 4249
0.003865 4249
0.003866 4250
0.003867 4249
0.003868 4249
0.003869 4249
0.00387 4249
0.003871 4248
0.003872 4248
0.003873 4248
0.003874 4249
0.003875 4250
0.003876 4249
0.003877 4249
0.003878 4249
0.003879 4249
0.00388 4249
0.003881 4249
0.003882 4249
0.003883 4249
0.003884 4248
0.003885 4248
0.003886 4248
0.003887 4248
0.003888 4247
0.003889 4247
0.00389 4247
0.003891 4247
0.003892 4247
0.003893 4247
0.003894 4247
0.003895 4247
0.003896 4247
0.003897 4247
0.003898 4247
0.003899 4247
0.0039 4247
0.003901 4247
0.003902 4247
0.003903 4247
0.003904 4247
0.003905 4247
0.003906 4248
0.003907 4248
0.003908 4248
0.003909 4247
0.00391 4247
0.003911 4247
0.003912 4247
0.003913 4247
0.003914 4247
0.003915 4247
0.003916 4247
0.003917 4246
0.003918 4245
0.003919 4245
0.00392 4245
0.003921 4245
0.003922 4245
0.003923 4245
0.003924 4246
0.003925 4247
0.003926 4247
0.003927 4247
0.003928 4248
0.003929 4249
0.00393 4248
0.003931 4247
0.003932 4247
0.003933 4247
0.003934 4247
0.003935 4248
0.003936 4249
0.003937 4249
0.003938 4249
0.003939 4249
0.00394 4249
0.003941 4249
0.003942 4248
0.003943 4248
0.003944 4248
0.003945 4248
0.003946 4249
0.003947 4249
0.003948 4249
0.003949 4248
0.00395 4247
0.003951 4247
0.003952 4248
0.003953 4249
0.003954 4249
0.003955 4248
0.003956 4248
0.003957 4248
0.003958 4248
0.003959 4247
0.00396 4248
0.003961 4247
0.003962 4247
0.003963 4247
0.003964 4247
0.003965 4247
0.003966 4247
0.003967 4247
0.003968 4247
0.003969 4247
0.00397 4246
0.003971 4245
0.003972 4245
0.003973 4246
0.003974 4246
0.003975 4247
0.003976 4247
0.003977 4246
0.003978 4247
0.003979 4247
0.00398 4247
0.003981 4248
0.003982 4249
0.003983 4249
0.003984 4249
0.003985 4247
0.003986 4247
0.003987 4247
0.003988 4247
0.003989 4247
0.00399 4247
0.003991 4247
0.003992 4247
0.003993 4247
0.003994 4247
0.003995 4248
0.003996 4248
0.003997 4248
0.003998 4247
0.003999 4247
0.004 4248
0.004001 4248
0.004002 4247
0.004003 4247
0.004004 4247
0.004005 4247
0.004006 4247
0.004007 4247
0.004008 4247
0.004009 4247
0.00401 4247
0.004011 4247
0.004012 4246
0.004013 4247
0.004014 4246
0.004015 4246
0.004016 4246
0.004017 4246
0.004018 4246
0.004019 4245
0.00402 4245
0.004021 4246
0.004022 4246
0.004023 4246
0.004024 4246
0.004025 4246
0.004026 4246
0.004027 4245
0.004028 4246
0.004029 4247
0.00403 4247
0.004031 4247
0.004032 4246
0.004033 4247
0.004034 4247
0.004035 4247
0.004036 4246
0.004037 4246
0.004038 4246
0.004039 4246
0.00404 4246
0.004041 4246
0.004042 4246
0.004043 4246
0.004044 4246
0.004045 4246
0.004046 4246
0.004047 4245
0.004048 4243
0.004049 4244
0.00405 4244
0.004051 4244
0.004052 4244
0.004053 4245
0.004054 4244
0.004055 4244
0.004056 4244
0.004057 4244
0.004058 4244
0.004059 4244
0.00406 4244
0.004061 4244
0.004062 4244
0.004063 4244
0.004064 4244
0.004065 4246
0.004066 4246
0.004067 4246
0.004068 4246
0.004069 4246
0.00407 4246
0.004071 4245
0.004072 4245
0.004073 4246
0.004074 4246
0.004075 4247
0.004076 4247
0.004077 4247
0.004078 4249
0.004079 4249
0.00408 4249
0.004081 4249
0.004082 4250
0.004083 4250
0.004084 4250
0.004085 4251
0.004086 4251
0.004087 4251
0.004088 4251
0.004089 4252
0.00409 4252
0.004091 4252
0.004092 4252
0.004093 4252
0.004094 4253
0.004095 4253
0.004096 4253
0.004097 4253
0.004098 4254
0.004099 4254
0.0041 4254
0.004101 4256
0.004102 4255
0.004103 4254
0.004104 4254
0.004105 4254
0.004106 4254
0.004107 4256
0.004108 4256
0.004109 4256
0.00411 4256
0.004111 4256
0.004112 4256
0.004113 4257
0.004114 4258
0.004115 4258
0.004116 4258
0.004117 4258
0.004118 4258
0.004119 4258
0.00412 4260
0.004121 4261
0.004122 4261
0.004123 4261
0.004124 4261
0.004125 4261
0.004126 4261
0.004127 4261
0.004128 4261
0.004129 4261
0.00413 4261
0.004131 4261
0.004132 4261
0.004133 4261
0.004134 4261
0.004135 4260
0.004136 4260
0.004137 4259
0.004138 4259
0.004139 4259
0.00414 4260
0.004141 4261
0.004142 4261
0.004143 4261
0.004144 4261
0.004145 4260
0.004146 4260
0.004147 4259
0.004148 4258
0.004149 4258
0.00415 4259
0.004151 4259
0.004152 4260
0.004153 4261
0.004154 4260
0.004155 4263
0.004156 4263
0.004157 4264
0.004158 4264
0.004159 4265
0.00416 4265
0.004161 4265
0.004162 4265
0.004163 4266
0.004164 4267
0.004165 4267
0.004166 4268
0.004167 4268
0.004168 4268
0.004169 4268
0.00417 4266
0.004171 4266
0.004172 4266
0.004173 4266
0.004174 4266
0.004175 4266
0.004176 4266
0.004177 4265
0.004178 4264
0.004179 4264
0.00418 4264
0.004181 4265
0.004182 4266
0.004183 4266
0.004184 4266
0.004185 4266
0.004186 4266
0.004187 4268
0.004188 4269
0.004189 4269
0.00419 4267
0.004191 4267
0.004192 4267
0.004193 4266
0.004194 4266
0.004195 4266
0.004196 4266
0.004197 4266
0.004198 4266
0.004199 4266
0.0042 4266
0.004201 4266
0.004202 4265
0.004203 4265
0.004204 4265
0.004205 4266
0.004206 4266
0.004207 4266
0.004208 4266
0.004209 4266
0.00421 4267
0.004211 4268
0.004212 4268
0.004213 4268
0.004214 4268
0.004215 4268
0.004216 4268
0.004217 4268
0.004218 4268
0.004219 4267
0.00422 4267
0.004221 4268
0.004222 4268
0.004223 4268
0.004224 4268
0.004225 4267
0.004226 4267
0.004227 4267
0.004228 4267
0.004229 4267
0.00423 4267
0.004231 4267
0.004232 4267
0.004233 4268
0.004234 4267
0.004235 4267
0.004236 4267
0.004237 4267
0.004238 4266
0.004239 4266
0.00424 4267
0.004241 4267
0.004242 4267
0.004243 4267
0.004244 4266
0.004245 4265
0.004246 4265
0.004247 4266
0.004248 4265
0.004249 4265
0.00425 4266
0.004251 4266
0.004252 4265
0.004253 4265
0.004254 4265
0.004255 4265
0.004256 4265
0.004257 4266
0.004258 4266
0.004259 4266
0.00426 4265
0.004261 4265
0.004262 4265
0.004263 4264
0.004264 4263
0.004265 4264
0.004266 4264
0.004267 4264
0.004268 4264
0.004269 4264
0.00427 4264
0.004271 4264
0.004272 4265
0.004273 4265
0.004274 4265
0.004275 4265
0.004276 4265
0.004277 4265
0.004278 4266
0.004279 4266
0.00428 4266
0.004281 4266
0.004282 4266
0.004283 4266
0.004284 4266
0.004285 4265
0.004286 4264
0.004287 4265
0.004288 4265
0.004289 4264
0.00429 4264
0.004291 4264
0.004292 4263
0.004293 4264
0.004294 4265
0.004295 4265
0.004296 4265
0.004297 4265
0.004298 4265
0.004299 4264
0.0043 4264
0.004301 4265
0.004302 4268
0.004303 4268
0.004304 4268
0.004305 4268
0.004306 4269
0.004307 4269
0.004308 4269
0.004309 4269
0.00431 4269
0.004311 4268
0.004312 4269
0.004313 4270
0.004314 4271
0.004315 4271
0.004316 4271
0.004317 4270
0.004318 4270
0.004319 4270
0.00432 4269
0.004321 4269
0.004322 4269
0.004323 4269
0.004324 4271
0.004325 4271
0.004326 4273
0.004327 4273
0.004328 4274
0.004329 4274
0.00433 4274
0.004331 4274
0.004332 4274
0.004333 4273
0.004334 4273
0.004335 4272
0.004336 4272
0.004337 4274
0.004338 4273
0.004339 4274
0.00434 4274
0.004341 4274
0.004342 4274
0.004343 4274
0.004344 4274
0.004345 4274
0.004346 4273
0.004347 4273
0.004348 4273
0.004349 4273
0.00435 4272
0.004351 4272
0.004352 4272
0.004353 4271
0.004354 4271
0.004355 4270
0.004356 4270
0.004357 4270
0.004358 4270
0.004359 4270
0.00436 4271
0.004361 4271
0.004362 4272
0.004363 4272
0.004364 4272
0.004365 4270
0.004366 4271
0.004367 4269
0.004368 4269
0.004369 4270
0.00437 4270
0.004371 4270
0.004372 4268
0.004373 4268
0.004374 4266
0.004375 4266
0.004376 4266
0.004377 4266
0.004378 4266
0.004379 4266
0.00438 4267
0.004381 4266
0.004382 4266
0.004383 4266
0.004384 4267
0.004385 4268
0.004386 4268
0.004387 4269
0.004388 4268
0.004389 4268
0.00439 4267
0.004391 4266
0.004392 4266
0.004393 4266
0.004394 4265
0.004395 4265
0.004396 4265
0.004397 4265
0.004398 4265
0.004399 4265
0.0044 4265
0.004401 4265
0.004402 4266
0.004403 4266
0.004404 4267
0.004405 4267
0.004406 4266
0.004407 4265
0.004408 4265
0.004409 4265
0.00441 4265
0.004411 4264
0.004412 4264
0.004413 4264
0.004414 4265
0.004415 4265
0.004416 4264
0.004417 4263
0.004418 4263
0.004419 4263
0.00442 4263
0.004421 4261
0.004422 4260
0.004423 4260
0.004424 4261
0.004425 4261
0.004426 4261
0.004427 4260
0.004428 4259
0.004429 4259
0.00443 4259
0.004431 4258
0.004432 4258
0.004433 4259
0.004434 4258
0.004435 4258
0.004436 4258
0.004437 4259
0.004438 4259
0.004439 4259
0.00444 4259
0.004441 4259
0.004442 4259
0.004443 4259
0.004444 4259
0.004445 4259
0.004446 4259
0.004447 4259
0.004448 4259
0.004449 4259
0.00445 4258
0.004451 4258
0.004452 4257
0.004453 4257
0.004454 4257
0.004455 4257
0.004456 4256
0.004457 4256
0.004458 4256
0.004459 4256
0.00446 4255
0.004461 4255
0.004462 4255
0.004463 4255
0.004464 4256
0.004465 4256
0.004466 4257
0.004467 4258
0.004468 4257
0.004469 4257
0.00447 4257
0.004471 4257
0.004472 4257
0.004473 4257
0.004474 4257
0.004475 4256
0.004476 4256
0.004477 4257
0.004478 4257
0.004479 4256
0.00448 4256
0.004481 4256
0.004482 4255
0.004483 4255
0.004484 4254
0.004485 4255
0.004486 4255
0.004487 4257
0.004488 4257
0.004489 4258
0.00449 4258
0.004491 4258
0.004492 4258
0.004493 4258
0.004494 4257
0.004495 4257
0.004496 4257
0.004497 4257
0.004498 4257
0.004499 4256
0.0045 4257
0.004501 4257
0.004502 4258
0.004503 4259
0.004504 4259
0.004505 4260
0.004506 4260
0.004507 4260
0.004508 4258
0.004509 4258
0.00451 4258
0.004511 4258
0.004512 4258
0.004513 4259
0.004514 4259
0.004515 4259
0.004516 4259
0.004517 4259
0.004518 4258
0.004519 4258
0.00452 4258
0.004521 4258
0.004522 4258
0.004523 4258
0.004524 4258
0.004525 4257
0.004526 4257
0.004527 4256
0.004528 4257
0.004529 4256
0.00453 4255
0.004531 4256
0.004532 4255
0.004533 4254
0.004534 4253
0.004535 4254
0.004536 4254
0.004537 4254
0.004538 4254
0.004539 4255
0.00454 4256
0.004541 4255
0.004542 4255
0.004543 4255
0.004544 4254
0.004545 4254
0.004546 4254
0.004547 4254
0.004548 4254
0.004549 4254
0.00455 4253
0.004551 4253
0.004552 4253
0.004553 4253
0.004554 4254
0.004555 4254
0.004556 4253
0.004557 4253
0.004558 4253
0.004559 4252
0.00456 4252
0.004561 4252
0.004562 4251
0.004563 4251
0.004564 4251
0.004565 4251
0.004566 4251
0.004567 4250
0.004568 4250
0.004569 4249
0.00457 4248
0.004571 4249
0.004572 4248
0.004573 4248
0.004574 4249
0.004575 4249
0.004576 4249
0.004577 4249
0.004578 4249
0.004579 4249
0.00458 4250
0.004581 4251
0.004582 4251
0.004583 4250
0.004584 4249
0.004585 4248
0.004586 4247
0.004587 4247
0.004588 4247
0.004589 4247
0.00459 4247
0.004591 4247
0.004592 4247
0.004593 4246
0.004594 4246
0.004595 4246
0.004596 4246
0.004597 4246
0.004598 4245
0.004599 4246
0.0046 4246
0.004601 4247
0.004602 4246
0.004603 4246
0.004604 4247
0.004605 4247
0.004606 4247
0.004607 4247
0.004608 4247
0.004609 4246
0.00461 4246
0.004611 4246
0.004612 4246
0.004613 4246
0.004614 4246
0.004615 4246
0.004616 4246
0.004617 4246
0.004618 4246
0.004619 4246
0.00462 4246
0.004621 4246
0.004622 4245
0.004623 4245
0.004624 4245
0.004625 4244
0.004626 4245
0.004627 4245
0.004628 4245
0.004629 4245
0.00463 4245
0.004631 4245
0.004632 4246
0.004633 4246
0.004634 4246
0.004635 4247
0.004636 4247
0.004637 4247
0.004638 4247
0.004639 4247
0.00464 4247
0.004641 4247
0.004642 4247
0.004643 4246
0.004644 4246
0.004645 4246
0.004646 4247
0.004647 4247
0.004648 4248
0.004649 4247
0.00465 4247
0.004651 4246
0.004652 4246
0.004653 4246
0.004654 4246
0.004655 4246
0.004656 4247
0.004657 4247
0.004658 4247
0.004659 4247
0.00466 4247
0.004661 4246
0.004662 4246
0.004663 4246
0.004664 4246
0.004665 4244
0.004666 4244
0.004667 4244
0.004668 4245
0.004669 4246
0.00467 4247
0.004671 4246
0.004672 4246
0.004673 4246
0.004674 4246
0.004675 4245
0.004676 4245
0.004677 4245
0.004678 4245
0.004679 4245
0.00468 4245
0.004681 4244
0.004682 4244
0.004683 4244
0.004684 4244
0.004685 4244
0.004686 4245
0.004687 4244
0.004688 4245
0.004689 4244
0.00469 4244
0.004691 4244
0.004692 4243
0.004693 4242
0.004694 4243
0.004695 4242
0.004696 4242
0.004697 4243
0.004698 4243
0.004699 4243
0.0047 4243
0.004701 4243
0.004702 4243
0.004703 4243
0.004704 4244
0.004705 4244
0.004706 4243
0.004707 4243
0.004708 4243
0.004709 4243
0.00471 4243
0.004711 4243
0.004712 4244
0.004713 4246
0.004714 4247
0.004715 4246
0.004716 4245
0.004717 4245
0.004718 4245
0.004719 4245
0.00472 4244
0.004721 4245
0.004722 4245
0.004723 4245
0.004724 4245
0.004725 4246
0.004726 4246
0.004727 4246
0.004728 4246
0.004729 4245
0.00473 4244
0.004731 4244
0.004732 4244
0.004733 4244
0.004734 4245
0.004735 4245
0.004736 4246
0.004737 4246
0.004738 4245
0.004739 4245
0.00474 4245
0.004741 4245
0.004742 4245
0.004743 4244
0.004744 4244
0.004745 4244
0.004746 4243
0.004747 4242
0.004748 4242
0.004749 4243
0.00475 4244
0.004751 4245
0.004752 4246
0.004753 4246
0.004754 4246
0.004755 4246
0.004756 4245
0.004757 4245
0.004758 4245
0.004759 4244
0.00476 4243
0.004761 4243
0.004762 4242
0.004763 4243
0.004764 4243
0.004765 4242
0.004766 4241
0.004767 4242
0.004768 4242
0.004769 4242
0.00477 4242
0.004771 4243
0.004772 4242
0.004773 4242
0.004774 4241
0.004775 4240
0.004776 4241
0.004777 4241
0.004778 4241
0.004779 4241
0.00478 4241
0.004781 4242
0.004782 4241
0.004783 4240
0.004784 4239
0.004785 4239
0.004786 4239
0.004787 4239
0.004788 4239
0.004789 4238
0.00479 4238
0.004791 4237
0.004792 4237
0.004793 4239
0.004794 4239
0.004795 4240
0.004796 4240
0.004797 4240
0.004798 4240
0.004799 4240
0.0048 4240
0.004801 4240
0.004802 4240
0.004803 4240
0.004804 4240
0.004805 4240
0.004806 4241
0.004807 4240
0.004808 4240
0.004809 4240
0.00481 4240
0.004811 4240
0.004812 4241
0.004813 4240
0.004814 4240
0.004815 4240
0.004816 4240
0.004817 4240
0.004818 4240
0.004819 4240
0.00482 4240
0.004821 4240
0.004822 4240
0.004823 4240
0.004824 4240
0.004825 4240
0.004826 4240
0.004827 4241
0.004828 4241
0.004829 4240
0.00483 4240
0.004831 4239
0.004832 4239
0.004833 4238
0.004834 4238
0.004835 4238
0.004836 4238
0.004837 4239
0.004838 4239
0.004839 4239
0.00484 4239
0.004841 4238
0.004842 4238
0.004843 4238
0.004844 4238
0.004845 4238
0.004846 4238
0.004847 4238
0.004848 4238
0.004849 4239
0.00485 4239
0.004851 4240
0.004852 4241
0.004853 4241
0.004854 4241
0.004855 4241
0.004856 4241
0.004857 4242
0.004858 4242
0.004859 4242
0.00486 4243
0.004861 4243
0.004862 4245
0.004863 4245
0.004864 4245
0.004865 4245
0.004866 4246
0.004867 4246
0.004868 4245
0.004869 4245
0.00487 4245
0.004871 4244
0.004872 4244
0.004873 4244
0.004874 4244
0.004875 4244
0.004876 4243
0.004877 4243
0.004878 4243
0.004879 4243
0.00488 4243
0.004881 4245
0.004882 4245
0.004883 4248
0.004884 4248
0.004885 4248
0.004886 4248
0.004887 4246
0.004888 4246
0.004889 4246
0.00489 4246
0.004891 4246
0.004892 4246
0.004893 4247
0.004894 4247
0.004895 4247
0.004896 4247
0.004897 4247
0.004898 4247
0.004899 4248
0.0049 4248
0.004901 4248
0.004902 4249
0.004903 4249
0.004904 4249
0.004905 4248
0.004906 4248
0.004907 4248
0.004908 4248
0.004909 4248
0.00491 4248
0.004911 4248
0.004912 4248
0.004913 4248
0.004914 4249
0.004915 4250
0.004916 4249
0.004917 4249
0.004918 4249
0.004919 4248
0.00492 4248
0.004921 4248
0.004922 4248
0.004923 4247
0.004924 4248
0.004925 4248
0.004926 4248
0.004927 4250
0.004928 4249
0.004929 4249
0.00493 4248
0.004931 4248
0.004932 4248
0.004933 4248
0.004934 4247
0.004935 4247
0.004936 4247
0.004937 4247
0.004938 4247
0.004939 4248
0.00494 4248
0.004941 4248
0.004942 4249
0.004943 4248
0.004944 4248
0.004945 4248
0.004946 4248
0.004947 4247
0.004948 4247
0.004949 4247
0.00495 4247
0.004951 4247
0.004952 4247
0.004953 4247
0.004954 4247
0.004955 4247
0.004956 4248
0.004957 4248
0.004958 4248
0.004959 4248
0.00496 4248
0.004961 4248
0.004962 4248
0.004963 4248
0.004964 4248
0.004965 4248
0.004966 4248
0.004967 4248
0.004968 4247
0.004969 4247
0.00497 4246
0.004971 4246
0.004972 4246
0.004973 4247
0.004974 4247
0.004975 4248
0.004976 4248
0.004977 4248
0.004978 4250
0.004979 4250
0.00498 4250
0.004981 4252
0.004982 4252
0.004983 4252
0.004984 4253
0.004985 4253
0.004986 4253
0.004987 4254
0.004988 4253
0.004989 4253
0.00499 4253
0.004991 4253
0.004992 4252
0.004993 4252
0.004994 4252
0.004995 4253
0.004996 4253
0.004997 4252
0.004998 4252
0.004999 4251
0.005 4252
