0 401
1e-06 405
2e-06 410
3e-06 415
4e-06 419
5e-06 421
6e-06 425
7e-06 428
8e-06 432
9e-06 436
1e-05 439
1.1e-05 441
1.2e-05 442
1.3e-05 446
1.4e-05 447
1.5e-05 451
1.6e-05 455
1.7e-05 457
1.8e-05 462
1.9e-05 463
2e-05 465
2.1e-05 469
2.2e-05 469
2.3e-05 469
2.4e-05 471
2.5e-05 471
2.6e-05 472
2.7e-05 473
2.8e-05 476
2.9e-05 483
3e-05 487
3.1e-05 487
3.2e-05 492
3.3e-05 494
3.4e-05 496
3.5e-05 497
3.6e-05 502
3.7e-05 504
3.8e-05 505
3.9e-05 505
4e-05 506
4.1e-05 507
4.2e-05 507
4.3e-05 508
4.4e-05 511
4.5e-05 513
4.6e-05 516
4.7e-05 521
4.8e-05 525
4.9e-05 528
5e-05 528
5.1e-05 532
5.2e-05 534
5.3e-05 536
5.4e-05 538
5.5e-05 542
5.6e-05 543
5.7e-05 545
5.8e-05 546
5.9e-05 546
6e-05 550
6.1e-05 554
6.2e-05 554
6.3e-05 555
6.4e-05 557
6.5e-05 559
6.6e-05 563
6.7e-05 564
6.8e-05 567
6.9e-05 568
7e-05 569
7.1e-05 569
7.2e-05 571
7.3e-05 572
7.4e-05 572
7.5e-05 572
7.6e-05 573
7.7e-05 574
7.8e-05 578
7.9e-05 581
8e-05 584
8.1e-05 586
8.2e-05 588
8.3e-05 593
8.4e-05 596
8.5e-05 599
8.6e-05 601
8.7e-05 604
8.8e-05 607
8.9e-05 612
9e-05 617
9.1e-05 619
9.2e-05 620
9.3e-05 621
9.4e-05 622
9.5e-05 623
9.6e-05 627
9.7e-05 627
9.8e-05 628
9.9e-05 628
0.0001 629
0.000101 633
0.000102 633
0.000103 633
0.000104 639
0.000105 644
0.000106 648
0.000107 649
0.000108 651
0.000109 653
0.00011 655
0.000111 658
0.000112 660
0.000113 661
0.000114 664
0.000115 666
0.000116 668
0.000117 669
0.000118 671
0.000119 672
0.00012 673
0.000121 674
0.000122 677
0.000123 679
0.000124 679
0.000125 682
0.000126 684
0.000127 686
0.000128 687
0.000129 687
0.00013 688
0.000131 692
0.000132 694
0.000133 697
0.000134 697
0.000135 699
0.000136 701
0.000137 702
0.000138 702
0.000139 705
0.00014 706
0.000141 708
0.000142 709
0.000143 710
0.000144 710
0.000145 711
0.000146 712
0.000147 713
0.000148 714
0.000149 715
0.00015 717
0.000151 720
0.000152 721
0.000153 724
0.000154 726
0.000155 727
0.000156 727
0.000157 730
0.000158 732
0.000159 733
0.00016 734
0.000161 735
0.000162 736
0.000163 737
0.000164 739
0.000165 741
0.000166 742
0.000167 745
0.000168 747
0.000169 750
0.00017 750
0.000171 751
0.000172 754
0.000173 754
0.000174 755
0.000175 755
0.000176 755
0.000177 759
0.000178 759
0.000179 760
0.00018 760
0.000181 760
0.000182 761
0.000183 762
0.000184 763
0.000185 764
0.000186 765
0.000187 765
0.000188 765
0.000189 767
0.00019 769
0.000191 771
0.000192 772
0.000193 774
0.000194 775
0.000195 777
0.000196 777
0.000197 777
0.000198 779
0.000199 780
0.0002 783
0.000201 785
0.000202 786
0.000203 788
0.000204 790
0.000205 792
0.000206 792
0.000207 793
0.000208 794
0.000209 795
0.00021 796
0.000211 795
0.000212 795
0.000213 794
0.000214 795
0.000215 795
0.000216 795
0.000217 796
0.000218 797
0.000219 797
0.00022 799
0.000221 799
0.000222 800
0.000223 800
0.000224 800
0.000225 802
0.000226 803
0.000227 803
0.000228 805
0.000229 808
0.00023 808
0.000231 810
0.000232 810
0.000233 810
0.000234 811
0.000235 812
0.000236 813
0.000237 814
0.000238 813
0.000239 815
0.00024 816
0.000241 818
0.000242 818
0.000243 818
0.000244 819
0.000245 819
0.000246 822
0.000247 826
0.000248 827
0.000249 829
0.00025 830
0.000251 832
0.000252 836
0.000253 836
0.000254 837
0.000255 837
0.000256 839
0.000257 839
0.000258 839
0.000259 840
0.00026 841
0.000261 842
0.000262 843
0.000263 843
0.000264 844
0.000265 845
0.000266 844
0.000267 845
0.000268 847
0.000269 848
0.00027 848
0.000271 848
0.000272 849
0.000273 852
0.000274 852
0.000275 854
0.000276 855
0.000277 855
0.000278 856
0.000279 856
0.00028 856
0.000281 858
0.000282 858
0.000283 859
0.000284 859
0.000285 860
0.000286 860
0.000287 860
0.000288 860
0.000289 860
0.00029 861
0.000291 862
0.000292 862
0.000293 863
0.000294 864
0.000295 865
0.000296 866
0.000297 866
0.000298 868
0.000299 870
0.0003 871
0.000301 871
0.000302 875
0.000303 875
0.000304 877
0.000305 879
0.000306 879
0.000307 879
0.000308 879
0.000309 879
0.00031 879
0.000311 879
0.000312 879
0.000313 879
0.000314 881
0.000315 880
0.000316 880
0.000317 880
0.000318 880
0.000319 881
0.00032 881
0.000321 881
0.000322 881
0.000323 882
0.000324 883
0.000325 883
0.000326 883
0.000327 883
0.000328 884
0.000329 885
0.00033 886
0.000331 887
0.000332 888
0.000333 890
0.000334 891
0.000335 891
0.000336 891
0.000337 892
0.000338 892
0.000339 894
0.00034 894
0.000341 894
0.000342 894
0.000343 895
0.000344 896
0.000345 897
0.000346 897
0.000347 898
0.000348 898
0.000349 899
0.00035 899
0.000351 900
0.000352 901
0.000353 902
0.000354 903
0.000355 904
0.000356 904
0.000357 906
0.000358 907
0.000359 907
0.00036 907
0.000361 907
0.000362 908
0.000363 908
0.000364 909
0.000365 909
0.000366 909
0.000367 908
0.000368 908
0.000369 909
0.00037 909
0.000371 909
0.000372 910
0.000373 912
0.000374 913
0.000375 913
0.000376 913
0.000377 913
0.000378 913
0.000379 914
0.00038 913
0.000381 912
0.000382 912
0.000383 914
0.000384 914
0.000385 914
0.000386 914
0.000387 914
0.000388 914
0.000389 914
0.00039 915
0.000391 914
0.000392 914
0.000393 914
0.000394 914
0.000395 914
0.000396 914
0.000397 914
0.000398 914
0.000399 914
0.0004 914
0.000401 914
0.000402 914
0.000403 915
0.000404 915
0.000405 915
0.000406 915
0.000407 916
0.000408 916
0.000409 916
0.00041 916
0.000411 917
0.000412 916
0.000413 916
0.000414 916
0.000415 919
0.000416 918
0.000417 918
0.000418 918
0.000419 919
0.00042 919
0.000421 919
0.000422 918
0.000423 919
0.000424 921
0.000425 923
0.000426 923
0.000427 923
0.000428 923
0.000429 923
0.00043 923
0.000431 923
0.000432 923
0.000433 922
0.000434 922
0.000435 922
0.000436 922
0.000437 922
0.000438 922
0.000439 922
0.00044 922
0.000441 922
0.000442 921
0.000443 921
0.000444 920
0.000445 920
0.000446 920
0.000447 920
0.000448 920
0.000449 920
0.00045 921
0.000451 921
0.000452 921
0.000453 921
0.000454 922
0.000455 922
0.000456 922
0.000457 922
0.000458 922
0.000459 922
0.00046 922
0.000461 922
0.000462 923
0.000463 923
0.000464 922
0.000465 922
0.000466 922
0.000467 921
0.000468 921
0.000469 921
0.00047 922
0.000471 922
0.000472 922
0.000473 923
0.000474 925
0.000475 925
0.000476 925
0.000477 924
0.000478 924
0.000479 925
0.00048 925
0.000481 925
0.000482 925
0.000483 925
0.000484 925
0.000485 925
0.000486 926
0.000487 926
0.000488 926
0.000489 927
0.00049 927
0.000491 927
0.000492 927
0.000493 927
0.000494 928
0.000495 929
0.000496 929
0.000497 929
0.000498 929
0.000499 929
0.0005 931
0.000501 931
0.000502 932
0.000503 932
0.000504 932
0.000505 932
0.000506 932
0.000507 933
0.000508 933
0.000509 933
0.00051 933
0.000511 933
0.000512 933
0.000513 933
0.000514 933
0.000515 933
0.000516 933
0.000517 934
0.000518 934
0.000519 934
0.00052 934
0.000521 934
0.000522 934
0.000523 935
0.000524 935
0.000525 935
0.000526 935
0.000527 935
0.000528 935
0.000529 935
0.00053 935
0.000531 935
0.000532 935
0.000533 935
0.000534 935
0.000535 935
0.000536 935
0.000537 935
0.000538 935
0.000539 935
0.00054 935
0.000541 935
0.000542 934
0.000543 935
0.000544 935
0.000545 935
0.000546 936
0.000547 936
0.000548 936
0.000549 937
0.00055 937
0.000551 937
0.000552 937
0.000553 937
0.000554 937
0.000555 937
0.000556 937
0.000557 937
0.000558 937
0.000559 937
0.00056 936
0.000561 936
0.000562 936
0.000563 936
0.000564 936
0.000565 936
0.000566 936
0.000567 936
0.000568 938
0.000569 938
0.00057 938
0.000571 938
0.000572 938
0.000573 938
0.000574 938
0.000575 938
0.000576 939
0.000577 941
0.000578 941
0.000579 941
0.00058 941
0.000581 941
0.000582 941
0.000583 941
0.000584 941
0.000585 941
0.000586 941
0.000587 942
0.000588 942
0.000589 942
0.00059 942
0.000591 942
0.000592 942
0.000593 941
0.000594 942
0.000595 943
0.000596 943
0.000597 943
0.000598 943
0.000599 942
0.0006 942
0.000601 942
0.000602 942
0.000603 942
0.000604 942
0.000605 942
0.000606 942
0.000607 942
0.000608 942
0.000609 943
0.00061 943
0.000611 943
0.000612 943
0.000613 943
0.000614 943
0.000615 943
0.000616 943
0.000617 943
0.000618 944
0.000619 945
0.00062 945
0.000621 945
0.000622 945
0.000623 945
0.000624 945
0.000625 945
0.000626 945
0.000627 945
0.000628 945
0.000629 945
0.00063 945
0.000631 945
0.000632 945
0.000633 945
0.000634 945
0.000635 944
0.000636 943
0.000637 943
0.000638 943
0.000639 943
0.00064 944
0.000641 944
0.000642 944
0.000643 944
0.000644 944
0.000645 944
0.000646 943
0.000647 943
0.000648 944
0.000649 944
0.00065 944
0.000651 944
0.000652 944
0.000653 944
0.000654 944
0.000655 943
0.000656 943
0.000657 943
0.000658 943
0.000659 943
0.00066 942
0.000661 942
0.000662 941
0.000663 942
0.000664 942
0.000665 942
0.000666 942
0.000667 942
0.000668 942
0.000669 942
0.00067 943
0.000671 944
0.000672 944
0.000673 944
0.000674 944
0.000675 944
0.000676 944
0.000677 944
0.000678 944
0.000679 944
0.00068 945
0.000681 945
0.000682 945
0.000683 945
0.000684 945
0.000685 945
0.000686 945
0.000687 945
0.000688 945
0.000689 945
0.00069 945
0.000691 945
0.000692 945
0.000693 946
0.000694 946
0.000695 946
0.000696 946
0.000697 946
0.000698 946
0.000699 946
0.0007 947
0.000701 947
0.000702 947
0.000703 947
0.000704 947
0.000705 947
0.000706 947
0.000707 947
0.000708 947
0.000709 948
0.00071 948
0.000711 948
0.000712 948
0.000713 948
0.000714 948
0.000715 948
0.000716 948
0.000717 948
0.000718 948
0.000719 948
0.00072 948
0.000721 948
0.000722 949
0.000723 949
0.000724 949
0.000725 949
0.000726 949
0.000727 949
0.000728 948
0.000729 948
0.00073 948
0.000731 948
0.000732 949
0.000733 949
0.000734 948
0.000735 948
0.000736 948
0.000737 948
0.000738 948
0.000739 948
0.00074 948
0.000741 948
0.000742 948
0.000743 948
0.000744 948
0.000745 948
0.000746 948
0.000747 948
0.000748 947
0.000749 947
0.00075 947
0.000751 948
0.000752 948
0.000753 948
0.000754 948
0.000755 949
0.000756 949
0.000757 949
0.000758 949
0.000759 949
0.00076 949
0.000761 949
0.000762 949
0.000763 949
0.000764 949
0.000765 949
0.000766 949
0.000767 949
0.000768 949
0.000769 949
0.00077 949
0.000771 949
0.000772 949
0.000773 949
0.000774 948
0.000775 948
0.000776 948
0.000777 948
0.000778 948
0.000779 948
0.00078 948
0.000781 948
0.000782 948
0.000783 948
0.000784 948
0.000785 948
0.000786 948
0.000787 948
0.000788 948
0.000789 948
0.00079 948
0.000791 948
0.000792 948
0.000793 948
0.000794 948
0.000795 948
0.000796 948
0.000797 948
0.000798 948
0.000799 948
0.0008 948
0.000801 947
0.000802 947
0.000803 947
0.000804 947
0.000805 948
0.000806 948
0.000807 948
0.000808 948
0.000809 948
0.00081 947
0.000811 947
0.000812 947
0.000813 946
0.000814 946
0.000815 946
0.000816 946
0.000817 947
0.000818 947
0.000819 947
0.00082 947
0.000821 947
0.000822 947
0.000823 947
0.000824 946
0.000825 946
0.000826 946
0.000827 946
0.000828 946
0.000829 946
0.00083 946
0.000831 946
0.000832 946
0.000833 946
0.000834 946
0.000835 946
0.000836 946
0.000837 947
0.000838 947
0.000839 947
0.00084 947
0.000841 947
0.000842 947
0.000843 947
0.000844 947
0.000845 947
0.000846 947
0.000847 947
0.000848 948
0.000849 948
0.00085 948
0.000851 948
0.000852 947
0.000853 947
0.000854 946
0.000855 946
0.000856 946
0.000857 946
0.000858 946
0.000859 946
0.00086 946
0.000861 946
0.000862 946
0.000863 946
0.000864 946
0.000865 946
0.000866 946
0.000867 946
0.000868 946
0.000869 946
0.00087 946
0.000871 946
0.000872 946
0.000873 946
0.000874 947
0.000875 947
0.000876 947
0.000877 947
0.000878 947
0.000879 947
0.00088 947
0.000881 947
0.000882 947
0.000883 946
0.000884 946
0.000885 946
0.000886 946
0.000887 946
0.000888 946
0.000889 946
0.00089 946
0.000891 945
0.000892 945
0.000893 945
0.000894 945
0.000895 945
0.000896 945
0.000897 945
0.000898 946
0.000899 946
0.0009 946
0.000901 946
0.000902 946
0.000903 946
0.000904 946
0.000905 947
0.000906 947
0.000907 948
0.000908 948
0.000909 948
0.00091 948
0.000911 949
0.000912 949
0.000913 949
0.000914 949
0.000915 949
0.000916 948
0.000917 948
0.000918 948
0.000919 948
0.00092 948
0.000921 948
0.000922 948
0.000923 948
0.000924 948
0.000925 948
0.000926 948
0.000927 948
0.000928 948
0.000929 948
0.00093 949
0.000931 949
0.000932 949
0.000933 949
0.000934 949
0.000935 949
0.000936 949
0.000937 949
0.000938 949
0.000939 949
0.00094 949
0.000941 950
0.000942 950
0.000943 950
0.000944 950
0.000945 950
0.000946 949
0.000947 949
0.000948 949
0.000949 949
0.00095 949
0.000951 949
0.000952 949
0.000953 949
0.000954 949
0.000955 949
0.000956 949
0.000957 950
0.000958 950
0.000959 950
0.00096 949
0.000961 948
0.000962 948
0.000963 948
0.000964 948
0.000965 948
0.000966 948
0.000967 948
0.000968 948
0.000969 948
0.00097 948
0.000971 948
0.000972 948
0.000973 948
0.000974 948
0.000975 948
0.000976 948
0.000977 948
0.000978 948
0.000979 948
0.00098 948
0.000981 948
0.000982 948
0.000983 948
0.000984 948
0.000985 948
0.000986 948
0.000987 948
0.000988 948
0.000989 948
0.00099 948
0.000991 948
0.000992 949
0.000993 949
0.000994 951
0.000995 951
0.000996 950
0.000997 950
0.000998 950
0.000999 950
0.001 950
0.001001 950
0.001002 950
0.001003 950
0.001004 950
0.001005 950
0.001006 950
0.001007 950
0.001008 950
0.001009 950
0.00101 950
0.001011 950
0.001012 950
0.001013 950
0.001014 950
0.001015 949
0.001016 949
0.001017 949
0.001018 949
0.001019 949
0.00102 949
0.001021 950
0.001022 950
0.001023 950
0.001024 950
0.001025 950
0.001026 950
0.001027 949
0.001028 949
0.001029 949
0.00103 949
0.001031 949
0.001032 949
0.001033 949
0.001034 949
0.001035 949
0.001036 949
0.001037 949
0.001038 949
0.001039 949
0.00104 949
0.001041 949
0.001042 949
0.001043 948
0.001044 948
0.001045 948
0.001046 948
0.001047 948
0.001048 948
0.001049 948
0.00105 948
0.001051 949
0.001052 949
0.001053 951
0.001054 952
0.001055 952
0.001056 952
0.001057 952
0.001058 952
0.001059 953
0.00106 953
0.001061 953
0.001062 953
0.001063 952
0.001064 952
0.001065 952
0.001066 952
0.001067 952
0.001068 950
0.001069 950
0.00107 950
0.001071 950
0.001072 950
0.001073 950
0.001074 950
0.001075 950
0.001076 950
0.001077 950
0.001078 950
0.001079 950
0.00108 950
0.001081 950
0.001082 950
0.001083 950
0.001084 950
0.001085 950
0.001086 950
0.001087 950
0.001088 950
0.001089 950
0.00109 951
0.001091 951
0.001092 951
0.001093 951
0.001094 951
0.001095 951
0.001096 951
0.001097 951
0.001098 951
0.001099 951
0.0011 951
0.001101 952
0.001102 951
0.001103 951
0.001104 951
0.001105 951
0.001106 951
0.001107 951
0.001108 950
0.001109 950
0.00111 950
0.001111 950
0.001112 950
0.001113 950
0.001114 950
0.001115 950
0.001116 950
0.001117 950
0.001118 950
0.001119 950
0.00112 950
0.001121 950
0.001122 950
0.001123 950
0.001124 950
0.001125 950
0.001126 950
0.001127 950
0.001128 950
0.001129 950
0.00113 950
0.001131 950
0.001132 949
0.001133 949
0.001134 949
0.001135 948
0.001136 948
0.001137 948
0.001138 948
0.001139 948
0.00114 948
0.001141 949
0.001142 949
0.001143 949
0.001144 949
0.001145 949
0.001146 949
0.001147 951
0.001148 951
0.001149 951
0.00115 951
0.001151 951
0.001152 951
0.001153 951
0.001154 951
0.001155 951
0.001156 951
0.001157 951
0.001158 951
0.001159 951
0.00116 951
0.001161 951
0.001162 952
0.001163 952
0.001164 952
0.001165 952
0.001166 952
0.001167 952
0.001168 952
0.001169 952
0.00117 951
0.001171 951
0.001172 951
0.001173 949
0.001174 948
0.001175 948
0.001176 948
0.001177 948
0.001178 948
0.001179 948
0.00118 948
0.001181 948
0.001182 948
0.001183 948
0.001184 948
0.001185 948
0.001186 948
0.001187 948
0.001188 947
0.001189 947
0.00119 948
0.001191 949
0.001192 949
0.001193 949
0.001194 950
0.001195 950
0.001196 950
0.001197 950
0.001198 950
0.001199 950
0.0012 950
0.001201 950
0.001202 952
0.001203 952
0.001204 952
0.001205 952
0.001206 952
0.001207 952
0.001208 952
0.001209 952
0.00121 952
0.001211 952
0.001212 952
0.001213 952
0.001214 952
0.001215 952
0.001216 952
0.001217 952
0.001218 952
0.001219 951
0.00122 951
0.001221 952
0.001222 952
0.001223 952
0.001224 952
0.001225 952
0.001226 952
0.001227 952
0.001228 952
0.001229 952
0.00123 952
0.001231 953
0.001232 953
0.001233 953
0.001234 953
0.001235 953
0.001236 953
0.001237 953
0.001238 953
0.001239 953
0.00124 953
0.001241 953
0.001242 953
0.001243 953
0.001244 953
0.001245 953
0.001246 953
0.001247 953
0.001248 953
0.001249 953
0.00125 953
0.001251 954
0.001252 954
0.001253 954
0.001254 954
0.001255 954
0.001256 954
0.001257 954
0.001258 954
0.001259 954
0.00126 954
0.001261 954
0.001262 954
0.001263 954
0.001264 954
0.001265 954
0.001266 954
0.001267 954
0.001268 954
0.001269 954
0.00127 954
0.001271 954
0.001272 954
0.001273 954
0.001274 954
0.001275 954
0.001276 954
0.001277 953
0.001278 952
0.001279 952
0.00128 952
0.001281 952
0.001282 952
0.001283 952
0.001284 952
0.001285 952
0.001286 952
0.001287 952
0.001288 952
0.001289 952
0.00129 953
0.001291 953
0.001292 953
0.001293 953
0.001294 953
0.001295 953
0.001296 953
0.001297 953
0.001298 953
0.001299 953
0.0013 953
0.001301 953
0.001302 953
0.001303 953
0.001304 953
0.001305 953
0.001306 953
0.001307 953
0.001308 953
0.001309 954
0.00131 954
0.001311 954
0.001312 954
0.001313 954
0.001314 954
0.001315 954
0.001316 954
0.001317 954
0.001318 954
0.001319 954
0.00132 955
0.001321 955
0.001322 955
0.001323 955
0.001324 955
0.001325 955
0.001326 956
0.001327 955
0.001328 955
0.001329 955
0.00133 955
0.001331 955
0.001332 956
0.001333 956
0.001334 956
0.001335 956
0.001336 956
0.001337 956
0.001338 956
0.001339 956
0.00134 956
0.001341 956
0.001342 956
0.001343 956
0.001344 956
0.001345 956
0.001346 956
0.001347 956
0.001348 956
0.001349 956
0.00135 956
0.001351 956
0.001352 957
0.001353 957
0.001354 957
0.001355 957
0.001356 957
0.001357 957
0.001358 957
0.001359 957
0.00136 957
0.001361 957
0.001362 957
0.001363 957
0.001364 957
0.001365 957
0.001366 957
0.001367 957
0.001368 957
0.001369 957
0.00137 957
0.001371 958
0.001372 958
0.001373 958
0.001374 958
0.001375 958
0.001376 958
0.001377 958
0.001378 958
0.001379 958
0.00138 958
0.001381 958
0.001382 958
0.001383 958
0.001384 958
0.001385 958
0.001386 958
0.001387 958
0.001388 958
0.001389 958
0.00139 958
0.001391 958
0.001392 958
0.001393 958
0.001394 958
0.001395 958
0.001396 958
0.001397 958
0.001398 958
0.001399 957
0.0014 957
0.001401 957
0.001402 957
0.001403 957
0.001404 957
0.001405 957
0.001406 957
0.001407 957
0.001408 957
0.001409 957
0.00141 957
0.001411 957
0.001412 957
0.001413 957
0.001414 957
0.001415 957
0.001416 957
0.001417 957
0.001418 957
0.001419 957
0.00142 957
0.001421 957
0.001422 957
0.001423 957
0.001424 957
0.001425 958
0.001426 958
0.001427 958
0.001428 958
0.001429 959
0.00143 959
0.001431 959
0.001432 959
0.001433 959
0.001434 959
0.001435 959
0.001436 959
0.001437 959
0.001438 959
0.001439 960
0.00144 961
0.001441 961
0.001442 961
0.001443 960
0.001444 960
0.001445 960
0.001446 960
0.001447 960
0.001448 960
0.001449 960
0.00145 960
0.001451 959
0.001452 959
0.001453 959
0.001454 959
0.001455 959
0.001456 959
0.001457 959
0.001458 959
0.001459 960
0.00146 960
0.001461 960
0.001462 960
0.001463 960
0.001464 960
0.001465 960
0.001466 960
0.001467 960
0.001468 960
0.001469 960
0.00147 961
0.001471 961
0.001472 961
0.001473 961
0.001474 962
0.001475 962
0.001476 962
0.001477 962
0.001478 962
0.001479 962
0.00148 961
0.001481 961
0.001482 961
0.001483 961
0.001484 961
0.001485 961
0.001486 961
0.001487 961
0.001488 961
0.001489 961
0.00149 962
0.001491 962
0.001492 962
0.001493 962
0.001494 962
0.001495 962
0.001496 962
0.001497 962
0.001498 962
0.001499 962
0.0015 962
0.001501 962
0.001502 962
0.001503 962
0.001504 962
0.001505 962
0.001506 962
0.001507 962
0.001508 962
0.001509 962
0.00151 964
0.001511 964
0.001512 964
0.001513 964
0.001514 964
0.001515 964
0.001516 964
0.001517 964
0.001518 964
0.001519 964
0.00152 964
0.001521 963
0.001522 963
0.001523 963
0.001524 963
0.001525 963
0.001526 963
0.001527 963
0.001528 963
0.001529 963
0.00153 963
0.001531 963
0.001532 963
0.001533 963
0.001534 964
0.001535 964
0.001536 964
0.001537 964
0.001538 964
0.001539 964
0.00154 964
0.001541 964
0.001542 964
0.001543 964
0.001544 964
0.001545 964
0.001546 964
0.001547 964
0.001548 964
0.001549 964
0.00155 964
0.001551 964
0.001552 964
0.001553 964
0.001554 963
0.001555 963
0.001556 963
0.001557 963
0.001558 963
0.001559 963
0.00156 963
0.001561 963
0.001562 963
0.001563 963
0.001564 962
0.001565 962
0.001566 962
0.001567 962
0.001568 962
0.001569 962
0.00157 962
0.001571 962
0.001572 962
0.001573 962
0.001574 961
0.001575 961
0.001576 960
0.001577 960
0.001578 960
0.001579 960
0.00158 960
0.001581 959
0.001582 959
0.001583 959
0.001584 959
0.001585 959
0.001586 959
0.001587 959
0.001588 959
0.001589 959
0.00159 959
0.001591 959
0.001592 959
0.001593 958
0.001594 957
0.001595 957
0.001596 957
0.001597 957
0.001598 957
0.001599 957
0.0016 957
0.001601 957
0.001602 957
0.001603 957
0.001604 957
0.001605 957
0.001606 957
0.001607 956
0.001608 956
0.001609 956
0.00161 956
0.001611 956
0.001612 956
0.001613 956
0.001614 956
0.001615 956
0.001616 956
0.001617 956
0.001618 956
0.001619 956
0.00162 956
0.001621 956
0.001622 956
0.001623 955
0.001624 956
0.001625 956
0.001626 956
0.001627 956
0.001628 956
0.001629 956
0.00163 955
0.001631 955
0.001632 955
0.001633 955
0.001634 955
0.001635 955
0.001636 955
0.001637 955
0.001638 955
0.001639 955
0.00164 955
0.001641 956
0.001642 955
0.001643 955
0.001644 955
0.001645 955
0.001646 955
0.001647 955
0.001648 956
0.001649 956
0.00165 956
0.001651 956
0.001652 955
0.001653 955
0.001654 954
0.001655 954
0.001656 954
0.001657 954
0.001658 954
0.001659 954
0.00166 954
0.001661 954
0.001662 954
0.001663 954
0.001664 954
0.001665 954
0.001666 954
0.001667 954
0.001668 954
0.001669 953
0.00167 953
0.001671 953
0.001672 953
0.001673 953
0.001674 953
0.001675 953
0.001676 952
0.001677 952
0.001678 952
0.001679 952
0.00168 952
0.001681 952
0.001682 950
0.001683 950
0.001684 949
0.001685 949
0.001686 949
0.001687 949
0.001688 949
0.001689 949
0.00169 949
0.001691 949
0.001692 949
0.001693 949
0.001694 949
0.001695 949
0.001696 949
0.001697 949
0.001698 949
0.001699 949
0.0017 949
0.001701 949
0.001702 949
0.001703 949
0.001704 949
0.001705 949
0.001706 949
0.001707 949
0.001708 949
0.001709 948
0.00171 948
0.001711 948
0.001712 948
0.001713 948
0.001714 948
0.001715 948
0.001716 948
0.001717 948
0.001718 948
0.001719 948
0.00172 949
0.001721 949
0.001722 949
0.001723 948
0.001724 948
0.001725 948
0.001726 948
0.001727 948
0.001728 948
0.001729 948
0.00173 948
0.001731 948
0.001732 949
0.001733 949
0.001734 949
0.001735 949
0.001736 949
0.001737 949
0.001738 948
0.001739 948
0.00174 948
0.001741 948
0.001742 948
0.001743 948
0.001744 948
0.001745 948
0.001746 948
0.001747 948
0.001748 948
0.001749 949
0.00175 949
0.001751 949
0.001752 949
0.001753 950
0.001754 950
0.001755 950
0.001756 950
0.001757 950
0.001758 950
0.001759 950
0.00176 950
0.001761 950
0.001762 950
0.001763 949
0.001764 949
0.001765 949
0.001766 949
0.001767 950
0.001768 950
0.001769 949
0.00177 949
0.001771 949
0.001772 950
0.001773 950
0.001774 949
0.001775 949
0.001776 949
0.001777 949
0.001778 949
0.001779 949
0.00178 949
0.001781 949
0.001782 949
0.001783 949
0.001784 949
0.001785 949
0.001786 949
0.001787 949
0.001788 949
0.001789 949
0.00179 949
0.001791 948
0.001792 948
0.001793 948
0.001794 948
0.001795 948
0.001796 949
0.001797 949
0.001798 950
0.001799 951
0.0018 951
0.001801 951
0.001802 951
0.001803 951
0.001804 951
0.001805 951
0.001806 952
0.001807 952
0.001808 952
0.001809 952
0.00181 952
0.001811 952
0.001812 952
0.001813 952
0.001814 952
0.001815 952
0.001816 952
0.001817 952
0.001818 952
0.001819 952
0.00182 952
0.001821 952
0.001822 953
0.001823 953
0.001824 953
0.001825 953
0.001826 953
0.001827 953
0.001828 953
0.001829 953
0.00183 953
0.001831 953
0.001832 953
0.001833 954
0.001834 953
0.001835 953
0.001836 953
0.001837 953
0.001838 953
0.001839 953
0.00184 953
0.001841 953
0.001842 952
0.001843 952
0.001844 952
0.001845 952
0.001846 952
0.001847 952
0.001848 953
0.001849 953
0.00185 952
0.001851 952
0.001852 952
0.001853 952
0.001854 952
0.001855 952
0.001856 952
0.001857 952
0.001858 952
0.001859 952
0.00186 952
0.001861 952
0.001862 952
0.001863 952
0.001864 952
0.001865 952
0.001866 952
0.001867 951
0.001868 951
0.001869 951
0.00187 951
0.001871 951
0.001872 951
0.001873 951
0.001874 951
0.001875 950
0.001876 950
0.001877 950
0.001878 950
0.001879 950
0.00188 950
0.001881 951
0.001882 951
0.001883 951
0.001884 951
0.001885 951
0.001886 951
0.001887 951
0.001888 951
0.001889 951
0.00189 951
0.001891 951
0.001892 951
0.001893 951
0.001894 952
0.001895 952
0.001896 952
0.001897 953
0.001898 952
0.001899 952
0.0019 952
0.001901 954
0.001902 954
0.001903 954
0.001904 954
0.001905 954
0.001906 954
0.001907 954
0.001908 954
0.001909 954
0.00191 954
0.001911 956
0.001912 956
0.001913 956
0.001914 956
0.001915 956
0.001916 956
0.001917 956
0.001918 956
0.001919 958
0.00192 958
0.001921 958
0.001922 958
0.001923 957
0.001924 956
0.001925 957
0.001926 957
0.001927 958
0.001928 958
0.001929 958
0.00193 958
0.001931 958
0.001932 958
0.001933 958
0.001934 958
0.001935 958
0.001936 958
0.001937 958
0.001938 958
0.001939 958
0.00194 956
0.001941 956
0.001942 956
0.001943 956
0.001944 957
0.001945 958
0.001946 958
0.001947 958
0.001948 958
0.001949 958
0.00195 958
0.001951 958
0.001952 957
0.001953 957
0.001954 957
0.001955 957
0.001956 957
0.001957 957
0.001958 957
0.001959 957
0.00196 957
0.001961 957
0.001962 957
0.001963 957
0.001964 957
0.001965 957
0.001966 957
0.001967 957
0.001968 957
0.001969 958
0.00197 958
0.001971 958
0.001972 958
0.001973 958
0.001974 958
0.001975 958
0.001976 958
0.001977 958
0.001978 959
0.001979 959
0.00198 959
0.001981 959
0.001982 959
0.001983 959
0.001984 959
0.001985 959
0.001986 959
0.001987 959
0.001988 959
0.001989 959
0.00199 959
0.001991 959
0.001992 959
0.001993 959
0.001994 959
0.001995 959
0.001996 959
0.001997 959
0.001998 959
0.001999 958
0.002 959
0.002001 959
0.002002 959
0.002003 959
0.002004 959
0.002005 960
0.002006 960
0.002007 959
0.002008 959
0.002009 959
0.00201 960
0.002011 960
0.002012 960
0.002013 960
0.002014 960
0.002015 960
0.002016 960
0.002017 960
0.002018 960
0.002019 960
0.00202 960
0.002021 960
0.002022 961
0.002023 960
0.002024 960
0.002025 960
0.002026 960
0.002027 960
0.002028 960
0.002029 960
0.00203 960
0.002031 960
0.002032 961
0.002033 961
0.002034 961
0.002035 961
0.002036 961
0.002037 961
0.002038 961
0.002039 962
0.00204 962
0.002041 962
0.002042 962
0.002043 963
0.002044 963
0.002045 963
0.002046 963
0.002047 964
0.002048 964
0.002049 964
0.00205 964
0.002051 964
0.002052 964
0.002053 963
0.002054 963
0.002055 962
0.002056 963
0.002057 963
0.002058 963
0.002059 962
0.00206 962
0.002061 962
0.002062 962
0.002063 962
0.002064 962
0.002065 962
0.002066 963
0.002067 963
0.002068 963
0.002069 963
0.00207 963
0.002071 964
0.002072 964
0.002073 964
0.002074 964
0.002075 964
0.002076 964
0.002077 964
0.002078 963
0.002079 963
0.00208 963
0.002081 962
0.002082 961
0.002083 961
0.002084 961
0.002085 961
0.002086 961
0.002087 962
0.002088 962
0.002089 962
0.00209 962
0.002091 963
0.002092 963
0.002093 963
0.002094 963
0.002095 963
0.002096 963
0.002097 963
0.002098 964
0.002099 963
0.0021 963
0.002101 963
0.002102 963
0.002103 963
0.002104 963
0.002105 963
0.002106 963
0.002107 963
0.002108 963
0.002109 963
0.00211 963
0.002111 963
0.002112 963
0.002113 963
0.002114 963
0.002115 963
0.002116 963
0.002117 963
0.002118 962
0.002119 962
0.00212 962
0.002121 962
0.002122 962
0.002123 962
0.002124 962
0.002125 962
0.002126 962
0.002127 962
0.002128 963
0.002129 963
0.00213 963
0.002131 963
0.002132 963
0.002133 963
0.002134 964
0.002135 964
0.002136 964
0.002137 964
0.002138 964
0.002139 964
0.00214 964
0.002141 964
0.002142 964
0.002143 964
0.002144 965
0.002145 966
0.002146 967
0.002147 968
0.002148 968
0.002149 969
0.00215 969
0.002151 969
0.002152 969
0.002153 969
0.002154 969
0.002155 969
0.002156 969
0.002157 969
0.002158 969
0.002159 969
0.00216 969
0.002161 969
0.002162 969
0.002163 969
0.002164 969
0.002165 969
0.002166 969
0.002167 969
0.002168 969
0.002169 969
0.00217 969
0.002171 969
0.002172 969
0.002173 969
0.002174 969
0.002175 969
0.002176 969
0.002177 970
0.002178 970
0.002179 969
0.00218 967
0.002181 967
0.002182 967
0.002183 967
0.002184 967
0.002185 967
0.002186 967
0.002187 967
0.002188 967
0.002189 967
0.00219 968
0.002191 968
0.002192 967
0.002193 967
0.002194 968
0.002195 968
0.002196 968
0.002197 969
0.002198 969
0.002199 969
0.0022 969
0.002201 969
0.002202 970
0.002203 970
0.002204 970
0.002205 970
0.002206 970
0.002207 970
0.002208 971
0.002209 971
0.00221 971
0.002211 971
0.002212 970
0.002213 970
0.002214 970
0.002215 970
0.002216 971
0.002217 971
0.002218 971
0.002219 971
0.00222 970
0.002221 969
0.002222 969
0.002223 969
0.002224 968
0.002225 968
0.002226 968
0.002227 968
0.002228 969
0.002229 969
0.00223 969
0.002231 969
0.002232 969
0.002233 969
0.002234 969
0.002235 968
0.002236 967
0.002237 967
0.002238 967
0.002239 967
0.00224 967
0.002241 967
0.002242 967
0.002243 967
0.002244 967
0.002245 967
0.002246 967
0.002247 967
0.002248 967
0.002249 967
0.00225 966
0.002251 966
0.002252 966
0.002253 966
0.002254 966
0.002255 966
0.002256 966
0.002257 965
0.002258 965
0.002259 965
0.00226 965
0.002261 965
0.002262 965
0.002263 964
0.002264 964
0.002265 964
0.002266 964
0.002267 964
0.002268 964
0.002269 964
0.00227 964
0.002271 963
0.002272 963
0.002273 963
0.002274 963
0.002275 963
0.002276 963
0.002277 963
0.002278 963
0.002279 964
0.00228 964
0.002281 964
0.002282 964
0.002283 964
0.002284 964
0.002285 964
0.002286 964
0.002287 964
0.002288 964
0.002289 964
0.00229 964
0.002291 965
0.002292 965
0.002293 965
0.002294 965
0.002295 965
0.002296 965
0.002297 965
0.002298 965
0.002299 965
0.0023 966
0.002301 966
0.002302 966
0.002303 966
0.002304 966
0.002305 966
0.002306 966
0.002307 966
0.002308 966
0.002309 966
0.00231 966
0.002311 966
0.002312 965
0.002313 965
0.002314 964
0.002315 964
0.002316 964
0.002317 964
0.002318 964
0.002319 964
0.00232 964
0.002321 964
0.002322 964
0.002323 964
0.002324 964
0.002325 964
0.002326 965
0.002327 965
0.002328 965
0.002329 965
0.00233 965
0.002331 966
0.002332 965
0.002333 965
0.002334 965
0.002335 965
0.002336 965
0.002337 965
0.002338 965
0.002339 965
0.00234 965
0.002341 965
0.002342 965
0.002343 965
0.002344 965
0.002345 964
0.002346 964
0.002347 964
0.002348 964
0.002349 964
0.00235 964
0.002351 964
0.002352 964
0.002353 964
0.002354 964
0.002355 963
0.002356 963
0.002357 963
0.002358 963
0.002359 963
0.00236 963
0.002361 963
0.002362 963
0.002363 963
0.002364 963
0.002365 963
0.002366 963
0.002367 963
0.002368 963
0.002369 963
0.00237 963
0.002371 963
0.002372 963
0.002373 963
0.002374 962
0.002375 963
0.002376 963
0.002377 963
0.002378 963
0.002379 963
0.00238 963
0.002381 963
0.002382 963
0.002383 963
0.002384 963
0.002385 963
0.002386 963
0.002387 963
0.002388 963
0.002389 963
0.00239 964
0.002391 964
0.002392 964
0.002393 963
0.002394 963
0.002395 963
0.002396 963
0.002397 963
0.002398 963
0.002399 963
0.0024 962
0.002401 962
0.002402 963
0.002403 963
0.002404 963
0.002405 963
0.002406 963
0.002407 963
0.002408 963
0.002409 963
0.00241 962
0.002411 962
0.002412 962
0.002413 962
0.002414 962
0.002415 962
0.002416 962
0.002417 962
0.002418 962
0.002419 962
0.00242 962
0.002421 962
0.002422 962
0.002423 962
0.002424 962
0.002425 962
0.002426 962
0.002427 962
0.002428 962
0.002429 962
0.00243 962
0.002431 962
0.002432 962
0.002433 962
0.002434 962
0.002435 962
0.002436 962
0.002437 962
0.002438 962
0.002439 963
0.00244 963
0.002441 963
0.002442 963
0.002443 962
0.002444 962
0.002445 962
0.002446 962
0.002447 963
0.002448 963
0.002449 963
0.00245 963
0.002451 963
0.002452 964
0.002453 963
0.002454 963
0.002455 963
0.002456 963
0.002457 963
0.002458 964
0.002459 964
0.00246 964
0.002461 964
0.002462 964
0.002463 964
0.002464 964
0.002465 964
0.002466 964
0.002467 964
0.002468 964
0.002469 964
0.00247 964
0.002471 964
0.002472 964
0.002473 964
0.002474 964
0.002475 964
0.002476 964
0.002477 964
0.002478 964
0.002479 965
0.00248 965
0.002481 965
0.002482 965
0.002483 965
0.002484 965
0.002485 965
0.002486 965
0.002487 965
0.002488 965
0.002489 965
0.00249 965
0.002491 965
0.002492 965
0.002493 965
0.002494 966
0.002495 965
0.002496 965
0.002497 965
0.002498 965
0.002499 965
0.0025 965
0.002501 966
0.002502 966
0.002503 966
0.002504 966
0.002505 965
0.002506 965
0.002507 965
0.002508 965
0.002509 965
0.00251 965
0.002511 965
0.002512 965
0.002513 965
0.002514 965
0.002515 964
0.002516 964
0.002517 964
0.002518 964
0.002519 964
0.00252 965
0.002521 965
0.002522 965
0.002523 965
0.002524 965
0.002525 965
0.002526 965
0.002527 965
0.002528 965
0.002529 965
0.00253 965
0.002531 965
0.002532 965
0.002533 965
0.002534 966
0.002535 966
0.002536 966
0.002537 966
0.002538 966
0.002539 967
0.00254 967
0.002541 967
0.002542 968
0.002543 968
0.002544 968
0.002545 968
0.002546 968
0.002547 968
0.002548 969
0.002549 969
0.00255 969
0.002551 968
0.002552 968
0.002553 968
0.002554 968
0.002555 968
0.002556 968
0.002557 968
0.002558 968
0.002559 968
0.00256 968
0.002561 968
0.002562 968
0.002563 967
0.002564 968
0.002565 968
0.002566 968
0.002567 968
0.002568 968
0.002569 968
0.00257 969
0.002571 969
0.002572 969
0.002573 969
0.002574 969
0.002575 969
0.002576 970
0.002577 970
0.002578 970
0.002579 970
0.00258 970
0.002581 970
0.002582 970
0.002583 970
0.002584 970
0.002585 970
0.002586 970
0.002587 969
0.002588 969
0.002589 969
0.00259 969
0.002591 969
0.002592 969
0.002593 969
0.002594 969
0.002595 969
0.002596 969
0.002597 968
0.002598 968
0.002599 968
0.0026 968
0.002601 969
0.002602 969
0.002603 969
0.002604 970
0.002605 970
0.002606 970
0.002607 970
0.002608 970
0.002609 971
0.00261 971
0.002611 971
0.002612 971
0.002613 972
0.002614 972
0.002615 972
0.002616 972
0.002617 972
0.002618 972
0.002619 972
0.00262 972
0.002621 972
0.002622 972
0.002623 972
0.002624 972
0.002625 972
0.002626 972
0.002627 972
0.002628 973
0.002629 973
0.00263 973
0.002631 973
0.002632 973
0.002633 973
0.002634 973
0.002635 973
0.002636 973
0.002637 973
0.002638 973
0.002639 972
0.00264 972
0.002641 972
0.002642 972
0.002643 972
0.002644 972
0.002645 972
0.002646 972
0.002647 972
0.002648 972
0.002649 973
0.00265 973
0.002651 973
0.002652 973
0.002653 972
0.002654 972
0.002655 972
0.002656 972
0.002657 972
0.002658 972
0.002659 972
0.00266 972
0.002661 972
0.002662 972
0.002663 972
0.002664 972
0.002665 972
0.002666 972
0.002667 972
0.002668 972
0.002669 972
0.00267 972
0.002671 972
0.002672 972
0.002673 972
0.002674 972
0.002675 972
0.002676 972
0.002677 972
0.002678 972
0.002679 972
0.00268 972
0.002681 971
0.002682 971
0.002683 971
0.002684 971
0.002685 971
0.002686 971
0.002687 971
0.002688 971
0.002689 971
0.00269 971
0.002691 971
0.002692 971
0.002693 970
0.002694 970
0.002695 970
0.002696 970
0.002697 970
0.002698 970
0.002699 970
0.0027 969
0.002701 969
0.002702 969
0.002703 969
0.002704 969
0.002705 969
0.002706 968
0.002707 968
0.002708 968
0.002709 968
0.00271 968
0.002711 968
0.002712 968
0.002713 968
0.002714 969
0.002715 969
0.002716 969
0.002717 969
0.002718 970
0.002719 970
0.00272 971
0.002721 971
0.002722 971
0.002723 971
0.002724 971
0.002725 971
0.002726 971
0.002727 971
0.002728 970
0.002729 970
0.00273 970
0.002731 970
0.002732 970
0.002733 970
0.002734 970
0.002735 970
0.002736 970
0.002737 970
0.002738 970
0.002739 970
0.00274 970
0.002741 970
0.002742 970
0.002743 970
0.002744 970
0.002745 970
0.002746 970
0.002747 971
0.002748 971
0.002749 971
0.00275 971
0.002751 971
0.002752 971
0.002753 971
0.002754 970
0.002755 970
0.002756 970
0.002757 970
0.002758 970
0.002759 970
0.00276 970
0.002761 971
0.002762 971
0.002763 971
0.002764 971
0.002765 971
0.002766 971
0.002767 971
0.002768 971
0.002769 971
0.00277 972
0.002771 972
0.002772 971
0.002773 971
0.002774 971
0.002775 971
0.002776 971
0.002777 971
0.002778 971
0.002779 971
0.00278 971
0.002781 971
0.002782 971
0.002783 971
0.002784 971
0.002785 971
0.002786 971
0.002787 971
0.002788 971
0.002789 971
0.00279 971
0.002791 971
0.002792 970
0.002793 970
0.002794 969
0.002795 970
0.002796 970
0.002797 970
0.002798 970
0.002799 970
0.0028 970
0.002801 970
0.002802 970
0.002803 970
0.002804 970
0.002805 970
0.002806 970
0.002807 970
0.002808 970
0.002809 970
0.00281 970
0.002811 970
0.002812 970
0.002813 971
0.002814 971
0.002815 971
0.002816 971
0.002817 971
0.002818 971
0.002819 971
0.00282 972
0.002821 972
0.002822 973
0.002823 973
0.002824 973
0.002825 973
0.002826 973
0.002827 973
0.002828 972
0.002829 973
0.00283 973
0.002831 973
0.002832 974
0.002833 974
0.002834 974
0.002835 974
0.002836 973
0.002837 973
0.002838 973
0.002839 973
0.00284 973
0.002841 973
0.002842 973
0.002843 973
0.002844 973
0.002845 973
0.002846 972
0.002847 972
0.002848 972
0.002849 972
0.00285 972
0.002851 972
0.002852 972
0.002853 973
0.002854 972
0.002855 972
0.002856 972
0.002857 972
0.002858 972
0.002859 972
0.00286 972
0.002861 972
0.002862 973
0.002863 973
0.002864 973
0.002865 973
0.002866 973
0.002867 973
0.002868 973
0.002869 974
0.00287 974
0.002871 974
0.002872 974
0.002873 974
0.002874 974
0.002875 973
0.002876 973
0.002877 973
0.002878 973
0.002879 973
0.00288 973
0.002881 973
0.002882 973
0.002883 973
0.002884 973
0.002885 973
0.002886 973
0.002887 973
0.002888 973
0.002889 973
0.00289 973
0.002891 974
0.002892 974
0.002893 975
0.002894 975
0.002895 975
0.002896 975
0.002897 975
0.002898 975
0.002899 975
0.0029 975
0.002901 975
0.002902 975
0.002903 975
0.002904 975
0.002905 975
0.002906 975
0.002907 975
0.002908 975
0.002909 975
0.00291 975
0.002911 975
0.002912 975
0.002913 975
0.002914 975
0.002915 975
0.002916 975
0.002917 975
0.002918 975
0.002919 975
0.00292 975
0.002921 975
0.002922 975
0.002923 975
0.002924 975
0.002925 975
0.002926 975
0.002927 975
0.002928 975
0.002929 975
0.00293 975
0.002931 975
0.002932 975
0.002933 975
0.002934 974
0.002935 974
0.002936 974
0.002937 974
0.002938 974
0.002939 974
0.00294 974
0.002941 974
0.002942 974
0.002943 974
0.002944 974
0.002945 974
0.002946 974
0.002947 974
0.002948 974
0.002949 974
0.00295 974
0.002951 974
0.002952 974
0.002953 974
0.002954 974
0.002955 975
0.002956 975
0.002957 976
0.002958 976
0.002959 976
0.00296 977
0.002961 978
0.002962 978
0.002963 979
0.002964 979
0.002965 979
0.002966 979
0.002967 979
0.002968 979
0.002969 979
0.00297 979
0.002971 979
0.002972 979
0.002973 979
0.002974 979
0.002975 979
0.002976 979
0.002977 979
0.002978 979
0.002979 979
0.00298 977
0.002981 977
0.002982 978
0.002983 978
0.002984 978
0.002985 978
0.002986 978
0.002987 978
0.002988 978
0.002989 978
0.00299 978
0.002991 978
0.002992 978
0.002993 978
0.002994 978
0.002995 978
0.002996 978
0.002997 978
0.002998 978
0.002999 978
0.003 978
0.003001 978
0.003002 979
0.003003 979
0.003004 979
0.003005 979
0.003006 979
0.003007 978
0.003008 978
0.003009 978
0.00301 978
0.003011 978
0.003012 978
0.003013 978
0.003014 978
0.003015 978
0.003016 978
0.003017 978
0.003018 978
0.003019 979
0.00302 979
0.003021 979
0.003022 978
0.003023 978
0.003024 978
0.003025 978
0.003026 978
0.003027 978
0.003028 978
0.003029 978
0.00303 978
0.003031 978
0.003032 977
0.003033 977
0.003034 977
0.003035 977
0.003036 977
0.003037 977
0.003038 976
0.003039 976
0.00304 975
0.003041 975
0.003042 975
0.003043 975
0.003044 975
0.003045 975
0.003046 975
0.003047 975
0.003048 975
0.003049 975
0.00305 975
0.003051 975
0.003052 975
0.003053 975
0.003054 975
0.003055 975
0.003056 975
0.003057 975
0.003058 975
0.003059 975
0.00306 975
0.003061 975
0.003062 975
0.003063 974
0.003064 974
0.003065 974
0.003066 974
0.003067 974
0.003068 974
0.003069 973
0.00307 973
0.003071 972
0.003072 972
0.003073 972
0.003074 972
0.003075 972
0.003076 972
0.003077 972
0.003078 971
0.003079 971
0.00308 971
0.003081 971
0.003082 971
0.003083 971
0.003084 971
0.003085 971
0.003086 971
0.003087 971
0.003088 971
0.003089 971
0.00309 971
0.003091 971
0.003092 971
0.003093 971
0.003094 971
0.003095 972
0.003096 971
0.003097 971
0.003098 971
0.003099 971
0.0031 971
0.003101 971
0.003102 971
0.003103 971
0.003104 972
0.003105 972
0.003106 972
0.003107 972
0.003108 972
0.003109 972
0.00311 973
0.003111 973
0.003112 973
0.003113 972
0.003114 972
0.003115 972
0.003116 972
0.003117 972
0.003118 972
0.003119 972
0.00312 973
0.003121 973
0.003122 973
0.003123 973
0.003124 973
0.003125 973
0.003126 973
0.003127 973
0.003128 973
0.003129 973
0.00313 973
0.003131 973
0.003132 973
0.003133 973
0.003134 974
0.003135 974
0.003136 974
0.003137 974
0.003138 974
0.003139 974
0.00314 974
0.003141 974
0.003142 974
0.003143 974
0.003144 974
0.003145 974
0.003146 974
0.003147 974
0.003148 974
0.003149 974
0.00315 974
0.003151 974
0.003152 974
0.003153 974
0.003154 974
0.003155 974
0.003156 974
0.003157 974
0.003158 974
0.003159 974
0.00316 974
0.003161 973
0.003162 973
0.003163 973
0.003164 973
0.003165 973
0.003166 973
0.003167 973
0.003168 973
0.003169 973
0.00317 973
0.003171 973
0.003172 973
0.003173 972
0.003174 972
0.003175 972
0.003176 972
0.003177 972
0.003178 972
0.003179 972
0.00318 972
0.003181 972
0.003182 971
0.003183 971
0.003184 971
0.003185 971
0.003186 971
0.003187 971
0.003188 971
0.003189 971
0.00319 971
0.003191 971
0.003192 972
0.003193 972
0.003194 972
0.003195 972
0.003196 972
0.003197 972
0.003198 972
0.003199 972
0.0032 972
0.003201 972
0.003202 971
0.003203 971
0.003204 971
0.003205 969
0.003206 969
0.003207 969
0.003208 969
0.003209 969
0.00321 969
0.003211 969
0.003212 969
0.003213 969
0.003214 969
0.003215 969
0.003216 969
0.003217 969
0.003218 969
0.003219 969
0.00322 968
0.003221 968
0.003222 968
0.003223 968
0.003224 967
0.003225 967
0.003226 967
0.003227 967
0.003228 967
0.003229 967
0.00323 968
0.003231 968
0.003232 968
0.003233 968
0.003234 968
0.003235 968
0.003236 968
0.003237 968
0.003238 968
0.003239 968
0.00324 968
0.003241 968
0.003242 968
0.003243 968
0.003244 968
0.003245 969
0.003246 969
0.003247 969
0.003248 969
0.003249 969
0.00325 969
0.003251 969
0.003252 969
0.003253 969
0.003254 969
0.003255 969
0.003256 969
0.003257 969
0.003258 969
0.003259 969
0.00326 969
0.003261 969
0.003262 969
0.003263 969
0.003264 969
0.003265 969
0.003266 969
0.003267 969
0.003268 969
0.003269 969
0.00327 969
0.003271 969
0.003272 969
0.003273 969
0.003274 970
0.003275 970
0.003276 970
0.003277 970
0.003278 970
0.003279 970
0.00328 970
0.003281 970
0.003282 970
0.003283 970
0.003284 970
0.003285 970
0.003286 970
0.003287 970
0.003288 970
0.003289 969
0.00329 969
0.003291 969
0.003292 969
0.003293 970
0.003294 970
0.003295 971
0.003296 971
0.003297 971
0.003298 971
0.003299 971
0.0033 971
0.003301 971
0.003302 971
0.003303 971
0.003304 971
0.003305 971
0.003306 970
0.003307 969
0.003308 969
0.003309 969
0.00331 969
0.003311 969
0.003312 968
0.003313 968
0.003314 968
0.003315 968
0.003316 967
0.003317 967
0.003318 967
0.003319 967
0.00332 967
0.003321 967
0.003322 967
0.003323 967
0.003324 967
0.003325 967
0.003326 967
0.003327 967
0.003328 967
0.003329 967
0.00333 967
0.003331 967
0.003332 967
0.003333 967
0.003334 967
0.003335 967
0.003336 967
0.003337 967
0.003338 967
0.003339 966
0.00334 966
0.003341 965
0.003342 965
0.003343 965
0.003344 965
0.003345 965
0.003346 965
0.003347 965
0.003348 965
0.003349 964
0.00335 964
0.003351 964
0.003352 964
0.003353 964
0.003354 964
0.003355 964
0.003356 964
0.003357 964
0.003358 964
0.003359 964
0.00336 964
0.003361 964
0.003362 965
0.003363 965
0.003364 966
0.003365 966
0.003366 966
0.003367 965
0.003368 964
0.003369 964
0.00337 964
0.003371 964
0.003372 964
0.003373 964
0.003374 964
0.003375 964
0.003376 964
0.003377 964
0.003378 964
0.003379 964
0.00338 964
0.003381 964
0.003382 964
0.003383 964
0.003384 964
0.003385 964
0.003386 964
0.003387 964
0.003388 964
0.003389 964
0.00339 964
0.003391 964
0.003392 964
0.003393 964
0.003394 964
0.003395 964
0.003396 964
0.003397 965
0.003398 965
0.003399 966
0.0034 966
0.003401 966
0.003402 966
0.003403 966
0.003404 966
0.003405 966
0.003406 966
0.003407 967
0.003408 967
0.003409 967
0.00341 967
0.003411 967
0.003412 967
0.003413 967
0.003414 967
0.003415 967
0.003416 967
0.003417 967
0.003418 967
0.003419 967
0.00342 967
0.003421 967
0.003422 967
0.003423 967
0.003424 968
0.003425 968
0.003426 968
0.003427 968
0.003428 968
0.003429 968
0.00343 968
0.003431 968
0.003432 968
0.003433 968
0.003434 968
0.003435 968
0.003436 968
0.003437 968
0.003438 968
0.003439 969
0.00344 969
0.003441 969
0.003442 969
0.003443 969
0.003444 969
0.003445 969
0.003446 969
0.003447 969
0.003448 969
0.003449 969
0.00345 969
0.003451 969
0.003452 969
0.003453 969
0.003454 969
0.003455 969
0.003456 969
0.003457 969
0.003458 969
0.003459 969
0.00346 968
0.003461 968
0.003462 969
0.003463 969
0.003464 969
0.003465 969
0.003466 969
0.003467 969
0.003468 969
0.003469 970
0.00347 970
0.003471 970
0.003472 971
0.003473 971
0.003474 971
0.003475 971
0.003476 971
0.003477 971
0.003478 971
0.003479 971
0.00348 970
0.003481 970
0.003482 970
0.003483 970
0.003484 970
0.003485 970
0.003486 971
0.003487 971
0.003488 971
0.003489 971
0.00349 971
0.003491 971
0.003492 971
0.003493 971
0.003494 972
0.003495 972
0.003496 972
0.003497 972
0.003498 972
0.003499 972
0.0035 972
0.003501 972
0.003502 972
0.003503 972
0.003504 972
0.003505 971
0.003506 971
0.003507 971
0.003508 971
0.003509 971
0.00351 971
0.003511 971
0.003512 971
0.003513 971
0.003514 971
0.003515 971
0.003516 971
0.003517 971
0.003518 971
0.003519 972
0.00352 972
0.003521 972
0.003522 972
0.003523 972
0.003524 972
0.003525 972
0.003526 972
0.003527 972
0.003528 972
0.003529 972
0.00353 972
0.003531 972
0.003532 972
0.003533 972
0.003534 972
0.003535 972
0.003536 972
0.003537 972
0.003538 972
0.003539 972
0.00354 972
0.003541 972
0.003542 972
0.003543 971
0.003544 971
0.003545 972
0.003546 971
0.003547 971
0.003548 971
0.003549 971
0.00355 971
0.003551 971
0.003552 972
0.003553 972
0.003554 971
0.003555 971
0.003556 971
0.003557 971
0.003558 971
0.003559 971
0.00356 971
0.003561 970
0.003562 970
0.003563 972
0.003564 972
0.003565 972
0.003566 972
0.003567 971
0.003568 971
0.003569 971
0.00357 972
0.003571 972
0.003572 972
0.003573 972
0.003574 972
0.003575 972
0.003576 972
0.003577 971
0.003578 971
0.003579 971
0.00358 970
0.003581 970
0.003582 969
0.003583 968
0.003584 968
0.003585 968
0.003586 968
0.003587 969
0.003588 969
0.003589 970
0.00359 970
0.003591 970
0.003592 970
0.003593 970
0.003594 970
0.003595 970
0.003596 969
0.003597 969
0.003598 969
0.003599 969
0.0036 969
0.003601 969
0.003602 969
0.003603 969
0.003604 969
0.003605 971
0.003606 972
0.003607 971
0.003608 971
0.003609 971
0.00361 971
0.003611 971
0.003612 972
0.003613 972
0.003614 972
0.003615 972
0.003616 972
0.003617 972
0.003618 971
0.003619 971
0.00362 971
0.003621 971
0.003622 971
0.003623 971
0.003624 971
0.003625 971
0.003626 972
0.003627 972
0.003628 972
0.003629 972
0.00363 972
0.003631 972
0.003632 972
0.003633 971
0.003634 971
0.003635 971
0.003636 971
0.003637 971
0.003638 972
0.003639 972
0.00364 972
0.003641 973
0.003642 973
0.003643 973
0.003644 973
0.003645 973
0.003646 973
0.003647 973
0.003648 973
0.003649 973
0.00365 973
0.003651 973
0.003652 973
0.003653 973
0.003654 972
0.003655 972
0.003656 972
0.003657 972
0.003658 971
0.003659 971
0.00366 971
0.003661 971
0.003662 971
0.003663 971
0.003664 971
0.003665 971
0.003666 971
0.003667 971
0.003668 971
0.003669 971
0.00367 971
0.003671 971
0.003672 971
0.003673 971
0.003674 971
0.003675 971
0.003676 971
0.003677 971
0.003678 972
0.003679 972
0.00368 972
0.003681 972
0.003682 972
0.003683 972
0.003684 972
0.003685 972
0.003686 972
0.003687 972
0.003688 973
0.003689 974
0.00369 974
0.003691 974
0.003692 974
0.003693 974
0.003694 974
0.003695 974
0.003696 974
0.003697 974
0.003698 974
0.003699 974
0.0037 974
0.003701 974
0.003702 974
0.003703 974
0.003704 974
0.003705 974
0.003706 974
0.003707 975
0.003708 975
0.003709 975
0.00371 975
0.003711 975
0.003712 975
0.003713 975
0.003714 975
0.003715 976
0.003716 976
0.003717 976
0.003718 976
0.003719 976
0.00372 976
0.003721 976
0.003722 976
0.003723 975
0.003724 975
0.003725 975
0.003726 975
0.003727 975
0.003728 975
0.003729 975
0.00373 975
0.003731 975
0.003732 975
0.003733 975
0.003734 975
0.003735 975
0.003736 975
0.003737 975
0.003738 975
0.003739 974
0.00374 974
0.003741 975
0.003742 975
0.003743 975
0.003744 975
0.003745 975
0.003746 975
0.003747 975
0.003748 975
0.003749 975
0.00375 975
0.003751 975
0.003752 975
0.003753 975
0.003754 975
0.003755 975
0.003756 975
0.003757 975
0.003758 975
0.003759 975
0.00376 975
0.003761 975
0.003762 974
0.003763 974
0.003764 974
0.003765 974
0.003766 974
0.003767 974
0.003768 974
0.003769 974
0.00377 974
0.003771 975
0.003772 975
0.003773 975
0.003774 975
0.003775 975
0.003776 975
0.003777 974
0.003778 974
0.003779 974
0.00378 974
0.003781 974
0.003782 974
0.003783 974
0.003784 974
0.003785 974
0.003786 975
0.003787 975
0.003788 975
0.003789 975
0.00379 975
0.003791 975
0.003792 975
0.003793 975
0.003794 975
0.003795 975
0.003796 975
0.003797 975
0.003798 975
0.003799 975
0.0038 977
0.003801 977
0.003802 977
0.003803 977
0.003804 977
0.003805 977
0.003806 977
0.003807 978
0.003808 978
0.003809 978
0.00381 978
0.003811 978
0.003812 978
0.003813 978
0.003814 979
0.003815 979
0.003816 979
0.003817 979
0.003818 979
0.003819 979
0.00382 979
0.003821 979
0.003822 979
0.003823 979
0.003824 979
0.003825 979
0.003826 979
0.003827 978
0.003828 978
0.003829 977
0.00383 977
0.003831 977
0.003832 977
0.003833 976
0.003834 976
0.003835 976
0.003836 976
0.003837 976
0.003838 976
0.003839 976
0.00384 975
0.003841 975
0.003842 974
0.003843 974
0.003844 974
0.003845 973
0.003846 973
0.003847 973
0.003848 973
0.003849 973
0.00385 973
0.003851 973
0.003852 972
0.003853 972
0.003854 972
0.003855 972
0.003856 972
0.003857 972
0.003858 972
0.003859 972
0.00386 972
0.003861 972
0.003862 972
0.003863 972
0.003864 972
0.003865 971
0.003866 971
0.003867 971
0.003868 971
0.003869 971
0.00387 971
0.003871 971
0.003872 971
0.003873 971
0.003874 971
0.003875 971
0.003876 971
0.003877 971
0.003878 971
0.003879 971
0.00388 971
0.003881 971
0.003882 971
0.003883 970
0.003884 970
0.003885 970
0.003886 970
0.003887 970
0.003888 970
0.003889 970
0.00389 970
0.003891 970
0.003892 970
0.003893 970
0.003894 971
0.003895 971
0.003896 971
0.003897 971
0.003898 970
0.003899 970
0.0039 970
0.003901 970
0.003902 970
0.003903 970
0.003904 970
0.003905 970
0.003906 969
0.003907 969
0.003908 969
0.003909 969
0.00391 969
0.003911 969
0.003912 969
0.003913 969
0.003914 969
0.003915 969
0.003916 969
0.003917 969
0.003918 969
0.003919 969
0.00392 969
0.003921 969
0.003922 970
0.003923 970
0.003924 970
0.003925 970
0.003926 970
0.003927 970
0.003928 970
0.003929 970
0.00393 970
0.003931 970
0.003932 970
0.003933 969
0.003934 969
0.003935 969
0.003936 969
0.003937 969
0.003938 969
0.003939 969
0.00394 969
0.003941 969
0.003942 969
0.003943 969
0.003944 969
0.003945 968
0.003946 968
0.003947 968
0.003948 969
0.003949 970
0.00395 970
0.003951 970
0.003952 970
0.003953 970
0.003954 970
0.003955 970
0.003956 970
0.003957 970
0.003958 970
0.003959 970
0.00396 970
0.003961 970
0.003962 970
0.003963 970
0.003964 970
0.003965 970
0.003966 971
0.003967 971
0.003968 971
0.003969 971
0.00397 971
0.003971 971
0.003972 971
0.003973 972
0.003974 972
0.003975 971
0.003976 971
0.003977 971
0.003978 971
0.003979 971
0.00398 971
0.003981 971
0.003982 970
0.003983 970
0.003984 970
0.003985 970
0.003986 970
0.003987 970
0.003988 970
0.003989 970
0.00399 970
0.003991 970
0.003992 970
0.003993 970
0.003994 970
0.003995 970
0.003996 970
0.003997 972
0.003998 972
0.003999 972
0.004 971
0.004001 971
0.004002 971
0.004003 971
0.004004 971
0.004005 971
0.004006 971
0.004007 971
0.004008 971
0.004009 971
0.00401 971
0.004011 971
0.004012 971
0.004013 971
0.004014 971
0.004015 971
0.004016 971
0.004017 971
0.004018 970
0.004019 970
0.00402 970
0.004021 970
0.004022 970
0.004023 970
0.004024 970
0.004025 970
0.004026 970
0.004027 970
0.004028 970
0.004029 970
0.00403 970
0.004031 970
0.004032 970
0.004033 970
0.004034 969
0.004035 969
0.004036 969
0.004037 970
0.004038 970
0.004039 970
0.00404 970
0.004041 970
0.004042 970
0.004043 970
0.004044 970
0.004045 970
0.004046 970
0.004047 970
0.004048 970
0.004049 969
0.00405 969
0.004051 969
0.004052 969
0.004053 969
0.004054 969
0.004055 969
0.004056 969
0.004057 969
0.004058 969
0.004059 969
0.00406 969
0.004061 969
0.004062 969
0.004063 968
0.004064 968
0.004065 968
0.004066 968
0.004067 968
0.004068 968
0.004069 968
0.00407 968
0.004071 968
0.004072 968
0.004073 968
0.004074 968
0.004075 968
0.004076 968
0.004077 968
0.004078 967
0.004079 967
0.00408 968
0.004081 968
0.004082 968
0.004083 968
0.004084 969
0.004085 969
0.004086 969
0.004087 968
0.004088 968
0.004089 968
0.00409 968
0.004091 968
0.004092 968
0.004093 968
0.004094 968
0.004095 968
0.004096 968
0.004097 968
0.004098 968
0.004099 968
0.0041 968
0.004101 968
0.004102 967
0.004103 967
0.004104 967
0.004105 967
0.004106 967
0.004107 967
0.004108 967
0.004109 967
0.00411 967
0.004111 967
0.004112 967
0.004113 967
0.004114 967
0.004115 967
0.004116 967
0.004117 966
0.004118 966
0.004119 966
0.00412 966
0.004121 966
0.004122 966
0.004123 966
0.004124 966
0.004125 966
0.004126 967
0.004127 967
0.004128 967
0.004129 967
0.00413 967
0.004131 967
0.004132 967
0.004133 967
0.004134 967
0.004135 967
0.004136 967
0.004137 967
0.004138 967
0.004139 967
0.00414 967
0.004141 968
0.004142 968
0.004143 968
0.004144 968
0.004145 968
0.004146 968
0.004147 968
0.004148 968
0.004149 968
0.00415 968
0.004151 968
0.004152 969
0.004153 969
0.004154 969
0.004155 969
0.004156 969
0.004157 969
0.004158 969
0.004159 968
0.00416 967
0.004161 968
0.004162 968
0.004163 968
0.004164 968
0.004165 968
0.004166 968
0.004167 968
0.004168 968
0.004169 968
0.00417 968
0.004171 969
0.004172 969
0.004173 968
0.004174 968
0.004175 968
0.004176 968
0.004177 967
0.004178 967
0.004179 969
0.00418 969
0.004181 969
0.004182 968
0.004183 968
0.004184 969
0.004185 969
0.004186 969
0.004187 969
0.004188 969
0.004189 969
0.00419 969
0.004191 969
0.004192 969
0.004193 969
0.004194 970
0.004195 970
0.004196 970
0.004197 970
0.004198 970
0.004199 970
0.0042 970
0.004201 970
0.004202 970
0.004203 970
0.004204 970
0.004205 969
0.004206 969
0.004207 969
0.004208 969
0.004209 969
0.00421 969
0.004211 969
0.004212 969
0.004213 969
0.004214 969
0.004215 969
0.004216 970
0.004217 970
0.004218 970
0.004219 970
0.00422 970
0.004221 970
0.004222 970
0.004223 970
0.004224 970
0.004225 970
0.004226 970
0.004227 970
0.004228 970
0.004229 970
0.00423 970
0.004231 970
0.004232 970
0.004233 970
0.004234 970
0.004235 970
0.004236 970
0.004237 970
0.004238 969
0.004239 968
0.00424 968
0.004241 968
0.004242 968
0.004243 968
0.004244 968
0.004245 968
0.004246 968
0.004247 968
0.004248 968
0.004249 968
0.00425 968
0.004251 968
0.004252 968
0.004253 968
0.004254 968
0.004255 968
0.004256 968
0.004257 968
0.004258 968
0.004259 968
0.00426 968
0.004261 968
0.004262 968
0.004263 968
0.004264 968
0.004265 968
0.004266 968
0.004267 968
0.004268 968
0.004269 968
0.00427 968
0.004271 968
0.004272 968
0.004273 968
0.004274 968
0.004275 968
0.004276 968
0.004277 968
0.004278 968
0.004279 968
0.00428 968
0.004281 968
0.004282 968
0.004283 968
0.004284 968
0.004285 968
0.004286 968
0.004287 968
0.004288 968
0.004289 968
0.00429 968
0.004291 968
0.004292 968
0.004293 968
0.004294 968
0.004295 968
0.004296 968
0.004297 968
0.004298 968
0.004299 967
0.0043 967
0.004301 967
0.004302 967
0.004303 967
0.004304 967
0.004305 967
0.004306 967
0.004307 966
0.004308 966
0.004309 966
0.00431 966
0.004311 966
0.004312 966
0.004313 966
0.004314 966
0.004315 966
0.004316 966
0.004317 965
0.004318 966
0.004319 965
0.00432 964
0.004321 964
0.004322 963
0.004323 963
0.004324 963
0.004325 963
0.004326 963
0.004327 963
0.004328 963
0.004329 963
0.00433 963
0.004331 963
0.004332 963
0.004333 963
0.004334 963
0.004335 962
0.004336 962
0.004337 962
0.004338 962
0.004339 962
0.00434 962
0.004341 962
0.004342 962
0.004343 962
0.004344 962
0.004345 963
0.004346 963
0.004347 963
0.004348 963
0.004349 963
0.00435 963
0.004351 963
0.004352 963
0.004353 962
0.004354 962
0.004355 962
0.004356 962
0.004357 962
0.004358 962
0.004359 962
0.00436 962
0.004361 962
0.004362 962
0.004363 962
0.004364 961
0.004365 961
0.004366 961
0.004367 961
0.004368 961
0.004369 961
0.00437 961
0.004371 961
0.004372 961
0.004373 961
0.004374 961
0.004375 961
0.004376 961
0.004377 961
0.004378 961
0.004379 961
0.00438 962
0.004381 962
0.004382 962
0.004383 962
0.004384 961
0.004385 961
0.004386 961
0.004387 962
0.004388 962
0.004389 962
0.00439 962
0.004391 962
0.004392 962
0.004393 962
0.004394 962
0.004395 962
0.004396 962
0.004397 962
0.004398 962
0.004399 962
0.0044 962
0.004401 962
0.004402 961
0.004403 961
0.004404 961
0.004405 961
0.004406 961
0.004407 961
0.004408 961
0.004409 961
0.00441 961
0.004411 961
0.004412 960
0.004413 960
0.004414 960
0.004415 960
0.004416 960
0.004417 960
0.004418 960
0.004419 960
0.00442 960
0.004421 961
0.004422 961
0.004423 961
0.004424 961
0.004425 961
0.004426 961
0.004427 961
0.004428 961
0.004429 961
0.00443 961
0.004431 961
0.004432 962
0.004433 962
0.004434 962
0.004435 962
0.004436 962
0.004437 962
0.004438 962
0.004439 962
0.00444 962
0.004441 963
0.004442 963
0.004443 963
0.004444 963
0.004445 962
0.004446 962
0.004447 962
0.004448 962
0.004449 963
0.00445 962
0.004451 962
0.004452 962
0.004453 962
0.004454 962
0.004455 962
0.004456 962
0.004457 962
0.004458 961
0.004459 961
0.00446 961
0.004461 961
0.004462 961
0.004463 962
0.004464 962
0.004465 962
0.004466 962
0.004467 962
0.004468 962
0.004469 962
0.00447 962
0.004471 962
0.004472 961
0.004473 961
0.004474 961
0.004475 961
0.004476 961
0.004477 961
0.004478 961
0.004479 961
0.00448 960
0.004481 960
0.004482 960
0.004483 960
0.004484 960
0.004485 960
0.004486 960
0.004487 961
0.004488 961
0.004489 961
0.00449 959
0.004491 959
0.004492 959
0.004493 959
0.004494 959
0.004495 959
0.004496 959
0.004497 959
0.004498 959
0.004499 959
0.0045 959
0.004501 959
0.004502 959
0.004503 959
0.004504 959
0.004505 959
0.004506 959
0.004507 959
0.004508 959
0.004509 959
0.00451 958
0.004511 958
0.004512 958
0.004513 958
0.004514 957
0.004515 957
0.004516 957
0.004517 957
0.004518 957
0.004519 958
0.00452 958
0.004521 958
0.004522 958
0.004523 958
0.004524 958
0.004525 958
0.004526 958
0.004527 958
0.004528 958
0.004529 958
0.00453 958
0.004531 958
0.004532 958
0.004533 958
0.004534 958
0.004535 959
0.004536 959
0.004537 959
0.004538 959
0.004539 959
0.00454 959
0.004541 959
0.004542 959
0.004543 959
0.004544 959
0.004545 959
0.004546 959
0.004547 959
0.004548 959
0.004549 959
0.00455 959
0.004551 959
0.004552 958
0.004553 958
0.004554 958
0.004555 958
0.004556 957
0.004557 957
0.004558 957
0.004559 957
0.00456 957
0.004561 957
0.004562 957
0.004563 957
0.004564 957
0.004565 957
0.004566 957
0.004567 957
0.004568 957
0.004569 958
0.00457 958
0.004571 958
0.004572 958
0.004573 958
0.004574 958
0.004575 958
0.004576 958
0.004577 958
0.004578 958
0.004579 958
0.00458 958
0.004581 958
0.004582 958
0.004583 958
0.004584 958
0.004585 958
0.004586 958
0.004587 958
0.004588 958
0.004589 958
0.00459 958
0.004591 958
0.004592 958
0.004593 958
0.004594 956
0.004595 956
0.004596 956
0.004597 956
0.004598 956
0.004599 956
0.0046 956
0.004601 956
0.004602 956
0.004603 956
0.004604 956
0.004605 956
0.004606 956
0.004607 956
0.004608 956
0.004609 956
0.00461 956
0.004611 956
0.004612 956
0.004613 956
0.004614 956
0.004615 956
0.004616 956
0.004617 956
0.004618 956
0.004619 956
0.00462 956
0.004621 956
0.004622 957
0.004623 957
0.004624 957
0.004625 957
0.004626 957
0.004627 957
0.004628 957
0.004629 957
0.00463 957
0.004631 957
0.004632 957
0.004633 957
0.004634 958
0.004635 958
0.004636 958
0.004637 957
0.004638 958
0.004639 958
0.00464 958
0.004641 959
0.004642 959
0.004643 959
0.004644 959
0.004645 959
0.004646 959
0.004647 959
0.004648 960
0.004649 960
0.00465 960
0.004651 960
0.004652 960
0.004653 960
0.004654 960
0.004655 960
0.004656 960
0.004657 960
0.004658 960
0.004659 960
0.00466 960
0.004661 960
0.004662 960
0.004663 960
0.004664 960
0.004665 960
0.004666 960
0.004667 960
0.004668 960
0.004669 959
0.00467 958
0.004671 958
0.004672 958
0.004673 958
0.004674 958
0.004675 958
0.004676 959
0.004677 959
0.004678 959
0.004679 959
0.00468 959
0.004681 959
0.004682 959
0.004683 959
0.004684 959
0.004685 959
0.004686 959
0.004687 959
0.004688 959
0.004689 959
0.00469 959
0.004691 959
0.004692 959
0.004693 959
0.004694 958
0.004695 958
0.004696 958
0.004697 958
0.004698 958
0.004699 958
0.0047 958
0.004701 958
0.004702 958
0.004703 958
0.004704 958
0.004705 958
0.004706 958
0.004707 958
0.004708 958
0.004709 958
0.00471 958
0.004711 958
0.004712 958
0.004713 958
0.004714 958
0.004715 957
0.004716 957
0.004717 957
0.004718 957
0.004719 956
0.00472 956
0.004721 956
0.004722 956
0.004723 956
0.004724 956
0.004725 956
0.004726 956
0.004727 956
0.004728 956
0.004729 956
0.00473 956
0.004731 956
0.004732 956
0.004733 956
0.004734 956
0.004735 956
0.004736 956
0.004737 956
0.004738 956
0.004739 956
0.00474 956
0.004741 957
0.004742 957
0.004743 956
0.004744 956
0.004745 956
0.004746 956
0.004747 956
0.004748 956
0.004749 957
0.00475 957
0.004751 957
0.004752 957
0.004753 958
0.004754 958
0.004755 958
0.004756 958
0.004757 958
0.004758 958
0.004759 958
0.00476 958
0.004761 958
0.004762 958
0.004763 958
0.004764 958
0.004765 958
0.004766 958
0.004767 957
0.004768 957
0.004769 957
0.00477 957
0.004771 957
0.004772 957
0.004773 957
0.004774 957
0.004775 957
0.004776 957
0.004777 957
0.004778 957
0.004779 957
0.00478 956
0.004781 956
0.004782 956
0.004783 955
0.004784 955
0.004785 955
0.004786 955
0.004787 955
0.004788 955
0.004789 955
0.00479 955
0.004791 955
0.004792 955
0.004793 954
0.004794 954
0.004795 953
0.004796 953
0.004797 953
0.004798 953
0.004799 953
0.0048 953
0.004801 953
0.004802 953
0.004803 953
0.004804 953
0.004805 953
0.004806 953
0.004807 953
0.004808 953
0.004809 953
0.00481 953
0.004811 953
0.004812 951
0.004813 951
0.004814 950
0.004815 950
0.004816 950
0.004817 950
0.004818 950
0.004819 950
0.00482 950
0.004821 950
0.004822 950
0.004823 950
0.004824 950
0.004825 950
0.004826 950
0.004827 950
0.004828 950
0.004829 950
0.00483 951
0.004831 951
0.004832 951
0.004833 951
0.004834 951
0.004835 951
0.004836 951
0.004837 951
0.004838 951
0.004839 951
0.00484 951
0.004841 951
0.004842 951
0.004843 951
0.004844 951
0.004845 951
0.004846 951
0.004847 951
0.004848 951
0.004849 951
0.00485 951
0.004851 951
0.004852 951
0.004853 951
0.004854 950
0.004855 951
0.004856 952
0.004857 952
0.004858 952
0.004859 952
0.00486 952
0.004861 952
0.004862 952
0.004863 952
0.004864 952
0.004865 953
0.004866 954
0.004867 954
0.004868 954
0.004869 954
0.00487 954
0.004871 953
0.004872 952
0.004873 952
0.004874 952
0.004875 952
0.004876 952
0.004877 952
0.004878 952
0.004879 953
0.00488 953
0.004881 953
0.004882 953
0.004883 953
0.004884 953
0.004885 953
0.004886 953
0.004887 952
0.004888 952
0.004889 951
0.00489 951
0.004891 951
0.004892 952
0.004893 952
0.004894 952
0.004895 952
0.004896 952
0.004897 952
0.004898 952
0.004899 952
0.0049 952
0.004901 952
0.004902 952
0.004903 952
0.004904 952
0.004905 952
0.004906 951
0.004907 951
0.004908 951
0.004909 951
0.00491 951
0.004911 951
0.004912 951
0.004913 951
0.004914 951
0.004915 951
0.004916 951
0.004917 950
0.004918 950
0.004919 950
0.00492 950
0.004921 950
0.004922 950
0.004923 950
0.004924 949
0.004925 949
0.004926 949
0.004927 949
0.004928 949
0.004929 949
0.00493 949
0.004931 949
0.004932 949
0.004933 949
0.004934 949
0.004935 949
0.004936 949
0.004937 949
0.004938 949
0.004939 949
0.00494 949
0.004941 949
0.004942 949
0.004943 949
0.004944 949
0.004945 949
0.004946 949
0.004947 949
0.004948 949
0.004949 949
0.00495 949
0.004951 949
0.004952 948
0.004953 948
0.004954 948
0.004955 948
0.004956 948
0.004957 948
0.004958 948
0.004959 948
0.00496 949
0.004961 949
0.004962 949
0.004963 949
0.004964 949
0.004965 949
0.004966 949
0.004967 949
0.004968 949
0.004969 949
0.00497 949
0.004971 949
0.004972 949
0.004973 949
0.004974 949
0.004975 949
0.004976 949
0.004977 949
0.004978 949
0.004979 949
0.00498 949
0.004981 949
0.004982 950
0.004983 950
0.004984 951
0.004985 951
0.004986 952
0.004987 952
0.004988 952
0.004989 952
0.00499 952
0.004991 953
0.004992 953
0.004993 954
0.004994 953
0.004995 953
0.004996 953
0.004997 953
0.004998 954
0.004999 955
0.005 954
