0 3306
1e-06 3305
2e-06 3315
3e-06 3321
4e-06 3331
5e-06 3339
6e-06 3350
7e-06 3355
8e-06 3370
9e-06 3377
1e-05 3387
1.1e-05 3399
1.2e-05 3411
1.3e-05 3416
1.4e-05 3424
1.5e-05 3428
1.6e-05 3438
1.7e-05 3448
1.8e-05 3458
1.9e-05 3466
2e-05 3476
2.1e-05 3483
2.2e-05 3487
2.3e-05 3505
2.4e-05 3506
2.5e-05 3514
2.6e-05 3518
2.7e-05 3522
2.8e-05 3528
2.9e-05 3538
3e-05 3550
3.1e-05 3557
3.2e-05 3564
3.3e-05 3569
3.4e-05 3576
3.5e-05 3583
3.6e-05 3583
3.7e-05 3588
3.8e-05 3595
3.9e-05 3604
4e-05 3609
4.1e-05 3617
4.2e-05 3627
4.3e-05 3625
4.4e-05 3630
4.5e-05 3636
4.6e-05 3640
4.7e-05 3646
4.8e-05 3652
4.9e-05 3654
5e-05 3669
5.1e-05 3673
5.2e-05 3679
5.3e-05 3686
5.4e-05 3688
5.5e-05 3696
5.6e-05 3690
5.7e-05 3694
5.8e-05 3708
5.9e-05 3709
6e-05 3713
6.1e-05 3713
6.2e-05 3715
6.3e-05 3714
6.4e-05 3716
6.5e-05 3715
6.6e-05 3719
6.7e-05 3723
6.8e-05 3725
6.9e-05 3732
7e-05 3737
7.1e-05 3747
7.2e-05 3754
7.3e-05 3758
7.4e-05 3763
7.5e-05 3764
7.6e-05 3768
7.7e-05 3772
7.8e-05 3783
7.9e-05 3785
8e-05 3788
8.1e-05 3790
8.2e-05 3792
8.3e-05 3794
8.4e-05 3800
8.5e-05 3803
8.6e-05 3807
8.7e-05 3815
8.8e-05 3823
8.9e-05 3828
9e-05 3832
9.1e-05 3843
9.2e-05 3848
9.3e-05 3850
9.4e-05 3858
9.5e-05 3870
9.6e-05 3880
9.7e-05 3885
9.8e-05 3887
9.9e-05 3891
0.0001 3895
0.000101 3896
0.000102 3906
0.000103 3913
0.000104 3916
0.000105 3919
0.000106 3920
0.000107 3920
0.000108 3926
0.000109 3930
0.00011 3930
0.000111 3930
0.000112 3933
0.000113 3930
0.000114 3935
0.000115 3934
0.000116 3938
0.000117 3943
0.000118 3948
0.000119 3949
0.00012 3949
0.000121 3951
0.000122 3953
0.000123 3957
0.000124 3963
0.000125 3968
0.000126 3974
0.000127 3977
0.000128 3979
0.000129 3979
0.00013 3984
0.000131 3991
0.000132 3994
0.000133 3994
0.000134 3998
0.000135 4000
0.000136 4006
0.000137 4010
0.000138 4015
0.000139 4018
0.00014 4020
0.000141 4021
0.000142 4026
0.000143 4031
0.000144 4033
0.000145 4036
0.000146 4036
0.000147 4041
0.000148 4044
0.000149 4048
0.00015 4056
0.000151 4056
0.000152 4060
0.000153 4064
0.000154 4064
0.000155 4067
0.000156 4072
0.000157 4076
0.000158 4076
0.000159 4076
0.00016 4075
0.000161 4080
0.000162 4084
0.000163 4087
0.000164 4088
0.000165 4090
0.000166 4087
0.000167 4087
0.000168 4093
0.000169 4096
0.00017 4097
0.000171 4097
0.000172 4096
0.000173 4097
0.000174 4096
0.000175 4104
0.000176 4105
0.000177 4111
0.000178 4115
0.000179 4114
0.00018 4114
0.000181 4116
0.000182 4115
0.000183 4118
0.000184 4121
0.000185 4121
0.000186 4122
0.000187 4122
0.000188 4122
0.000189 4124
0.00019 4125
0.000191 4127
0.000192 4130
0.000193 4131
0.000194 4131
0.000195 4131
0.000196 4131
0.000197 4132
0.000198 4134
0.000199 4137
0.0002 4142
0.000201 4139
0.000202 4141
0.000203 4143
0.000204 4147
0.000205 4149
0.000206 4150
0.000207 4152
0.000208 4154
0.000209 4153
0.00021 4155
0.000211 4158
0.000212 4162
0.000213 4159
0.000214 4158
0.000215 4158
0.000216 4160
0.000217 4159
0.000218 4159
0.000219 4162
0.00022 4162
0.000221 4165
0.000222 4167
0.000223 4166
0.000224 4161
0.000225 4161
0.000226 4162
0.000227 4163
0.000228 4165
0.000229 4166
0.00023 4167
0.000231 4165
0.000232 4164
0.000233 4166
0.000234 4167
0.000235 4171
0.000236 4174
0.000237 4173
0.000238 4173
0.000239 4174
0.00024 4174
0.000241 4172
0.000242 4173
0.000243 4172
0.000244 4173
0.000245 4175
0.000246 4175
0.000247 4175
0.000248 4177
0.000249 4180
0.00025 4181
0.000251 4183
0.000252 4183
0.000253 4184
0.000254 4183
0.000255 4184
0.000256 4184
0.000257 4185
0.000258 4187
0.000259 4189
0.00026 4191
0.000261 4191
0.000262 4192
0.000263 4193
0.000264 4195
0.000265 4198
0.000266 4197
0.000267 4197
0.000268 4197
0.000269 4197
0.00027 4197
0.000271 4197
0.000272 4197
0.000273 4200
0.000274 4203
0.000275 4205
0.000276 4202
0.000277 4202
0.000278 4201
0.000279 4201
0.00028 4201
0.000281 4201
0.000282 4201
0.000283 4201
0.000284 4200
0.000285 4199
0.000286 4198
0.000287 4197
0.000288 4195
0.000289 4194
0.00029 4195
0.000291 4195
0.000292 4195
0.000293 4197
0.000294 4200
0.000295 4202
0.000296 4201
0.000297 4201
0.000298 4203
0.000299 4205
0.0003 4207
0.000301 4207
0.000302 4205
0.000303 4203
0.000304 4204
0.000305 4203
0.000306 4204
0.000307 4206
0.000308 4206
0.000309 4205
0.00031 4205
0.000311 4207
0.000312 4205
0.000313 4205
0.000314 4205
0.000315 4205
0.000316 4205
0.000317 4204
0.000318 4207
0.000319 4208
0.00032 4209
0.000321 4209
0.000322 4212
0.000323 4214
0.000324 4215
0.000325 4218
0.000326 4219
0.000327 4219
0.000328 4220
0.000329 4221
0.00033 4222
0.000331 4222
0.000332 4222
0.000333 4221
0.000334 4224
0.000335 4226
0.000336 4226
0.000337 4225
0.000338 4225
0.000339 4228
0.00034 4227
0.000341 4227
0.000342 4227
0.000343 4230
0.000344 4230
0.000345 4231
0.000346 4234
0.000347 4235
0.000348 4236
0.000349 4235
0.00035 4236
0.000351 4236
0.000352 4236
0.000353 4236
0.000354 4237
0.000355 4236
0.000356 4236
0.000357 4235
0.000358 4234
0.000359 4232
0.00036 4234
0.000361 4236
0.000362 4237
0.000363 4236
0.000364 4235
0.000365 4235
0.000366 4238
0.000367 4239
0.000368 4238
0.000369 4238
0.00037 4239
0.000371 4240
0.000372 4241
0.000373 4240
0.000374 4240
0.000375 4240
0.000376 4243
0.000377 4243
0.000378 4243
0.000379 4244
0.00038 4244
0.000381 4245
0.000382 4245
0.000383 4245
0.000384 4247
0.000385 4247
0.000386 4248
0.000387 4249
0.000388 4250
0.000389 4251
0.00039 4254
0.000391 4252
0.000392 4253
0.000393 4252
0.000394 4252
0.000395 4250
0.000396 4252
0.000397 4252
0.000398 4252
0.000399 4253
0.0004 4253
0.000401 4254
0.000402 4256
0.000403 4255
0.000404 4254
0.000405 4255
0.000406 4253
0.000407 4252
0.000408 4254
0.000409 4254
0.00041 4254
0.000411 4253
0.000412 4253
0.000413 4255
0.000414 4256
0.000415 4256
0.000416 4256
0.000417 4256
0.000418 4257
0.000419 4257
0.00042 4257
0.000421 4259
0.000422 4258
0.000423 4259
0.000424 4256
0.000425 4256
0.000426 4254
0.000427 4254
0.000428 4254
0.000429 4254
0.00043 4254
0.000431 4255
0.000432 4256
0.000433 4257
0.000434 4260
0.000435 4262
0.000436 4259
0.000437 4261
0.000438 4261
0.000439 4261
0.00044 4262
0.000441 4260
0.000442 4262
0.000443 4261
0.000444 4261
0.000445 4262
0.000446 4262
0.000447 4262
0.000448 4264
0.000449 4264
0.00045 4262
0.000451 4264
0.000452 4262
0.000453 4263
0.000454 4263
0.000455 4262
0.000456 4262
0.000457 4261
0.000458 4261
0.000459 4260
0.00046 4259
0.000461 4261
0.000462 4261
0.000463 4261
0.000464 4260
0.000465 4260
0.000466 4261
0.000467 4262
0.000468 4261
0.000469 4261
0.00047 4263
0.000471 4263
0.000472 4261
0.000473 4262
0.000474 4263
0.000475 4262
0.000476 4263
0.000477 4264
0.000478 4266
0.000479 4267
0.00048 4267
0.000481 4268
0.000482 4268
0.000483 4268
0.000484 4269
0.000485 4269
0.000486 4269
0.000487 4269
0.000488 4269
0.000489 4269
0.00049 4269
0.000491 4270
0.000492 4270
0.000493 4271
0.000494 4271
0.000495 4271
0.000496 4272
0.000497 4272
0.000498 4274
0.000499 4274
0.0005 4274
0.000501 4274
0.000502 4274
0.000503 4277
0.000504 4277
0.000505 4276
0.000506 4276
0.000507 4276
0.000508 4277
0.000509 4278
0.00051 4278
0.000511 4278
0.000512 4278
0.000513 4279
0.000514 4280
0.000515 4281
0.000516 4282
0.000517 4282
0.000518 4282
0.000519 4282
0.00052 4283
0.000521 4284
0.000522 4284
0.000523 4285
0.000524 4285
0.000525 4285
0.000526 4285
0.000527 4285
0.000528 4286
0.000529 4286
0.00053 4286
0.000531 4288
0.000532 4289
0.000533 4289
0.000534 4289
0.000535 4288
0.000536 4288
0.000537 4289
0.000538 4289
0.000539 4289
0.00054 4289
0.000541 4289
0.000542 4289
0.000543 4288
0.000544 4289
0.000545 4289
0.000546 4291
0.000547 4290
0.000548 4292
0.000549 4292
0.00055 4291
0.000551 4291
0.000552 4290
0.000553 4291
0.000554 4290
0.000555 4288
0.000556 4290
0.000557 4290
0.000558 4290
0.000559 4289
0.00056 4289
0.000561 4290
0.000562 4288
0.000563 4288
0.000564 4288
0.000565 4289
0.000566 4289
0.000567 4289
0.000568 4288
0.000569 4288
0.00057 4288
0.000571 4288
0.000572 4288
0.000573 4289
0.000574 4287
0.000575 4288
0.000576 4288
0.000577 4288
0.000578 4289
0.000579 4288
0.00058 4288
0.000581 4289
0.000582 4290
0.000583 4291
0.000584 4291
0.000585 4290
0.000586 4292
0.000587 4292
0.000588 4292
0.000589 4293
0.00059 4293
0.000591 4293
0.000592 4293
0.000593 4293
0.000594 4294
0.000595 4294
0.000596 4294
0.000597 4294
0.000598 4295
0.000599 4294
0.0006 4295
0.000601 4295
0.000602 4295
0.000603 4297
0.000604 4298
0.000605 4298
0.000606 4298
0.000607 4298
0.000608 4299
0.000609 4298
0.00061 4298
0.000611 4297
0.000612 4298
0.000613 4297
0.000614 4297
0.000615 4297
0.000616 4297
0.000617 4298
0.000618 4298
0.000619 4298
0.00062 4298
0.000621 4297
0.000622 4299
0.000623 4299
0.000624 4299
0.000625 4299
0.000626 4300
0.000627 4300
0.000628 4302
0.000629 4303
0.00063 4304
0.000631 4303
0.000632 4304
0.000633 4305
0.000634 4304
0.000635 4304
0.000636 4304
0.000637 4304
0.000638 4305
0.000639 4306
0.00064 4306
0.000641 4306
0.000642 4307
0.000643 4308
0.000644 4307
0.000645 4307
0.000646 4309
0.000647 4309
0.000648 4309
0.000649 4309
0.00065 4310
0.000651 4310
0.000652 4310
0.000653 4309
0.000654 4308
0.000655 4306
0.000656 4306
0.000657 4305
0.000658 4304
0.000659 4303
0.00066 4303
0.000661 4303
0.000662 4304
0.000663 4306
0.000664 4308
0.000665 4308
0.000666 4308
0.000667 4309
0.000668 4309
0.000669 4311
0.00067 4311
0.000671 4310
0.000672 4310
0.000673 4310
0.000674 4310
0.000675 4310
0.000676 4310
0.000677 4309
0.000678 4308
0.000679 4306
0.00068 4306
0.000681 4307
0.000682 4306
0.000683 4306
0.000684 4306
0.000685 4307
0.000686 4306
0.000687 4306
0.000688 4306
0.000689 4307
0.00069 4307
0.000691 4307
0.000692 4306
0.000693 4306
0.000694 4306
0.000695 4306
0.000696 4306
0.000697 4306
0.000698 4307
0.000699 4307
0.0007 4307
0.000701 4307
0.000702 4308
0.000703 4308
0.000704 4308
0.000705 4308
0.000706 4309
0.000707 4309
0.000708 4309
0.000709 4311
0.00071 4311
0.000711 4311
0.000712 4311
0.000713 4310
0.000714 4310
0.000715 4309
0.000716 4309
0.000717 4309
0.000718 4309
0.000719 4309
0.00072 4308
0.000721 4308
0.000722 4308
0.000723 4310
0.000724 4311
0.000725 4311
0.000726 4309
0.000727 4308
0.000728 4308
0.000729 4308
0.00073 4307
0.000731 4308
0.000732 4307
0.000733 4307
0.000734 4308
0.000735 4308
0.000736 4307
0.000737 4308
0.000738 4308
0.000739 4308
0.00074 4308
0.000741 4307
0.000742 4307
0.000743 4307
0.000744 4307
0.000745 4307
0.000746 4307
0.000747 4307
0.000748 4307
0.000749 4307
0.00075 4306
0.000751 4306
0.000752 4306
0.000753 4306
0.000754 4306
0.000755 4307
0.000756 4307
0.000757 4308
0.000758 4307
0.000759 4307
0.00076 4307
0.000761 4307
0.000762 4307
0.000763 4306
0.000764 4306
0.000765 4306
0.000766 4306
0.000767 4306
0.000768 4306
0.000769 4306
0.00077 4307
0.000771 4308
0.000772 4308
0.000773 4308
0.000774 4308
0.000775 4307
0.000776 4307
0.000777 4307
0.000778 4308
0.000779 4308
0.00078 4308
0.000781 4307
0.000782 4307
0.000783 4306
0.000784 4306
0.000785 4306
0.000786 4307
0.000787 4307
0.000788 4307
0.000789 4307
0.00079 4308
0.000791 4309
0.000792 4309
0.000793 4309
0.000794 4310
0.000795 4309
0.000796 4309
0.000797 4309
0.000798 4309
0.000799 4306
0.0008 4306
0.000801 4306
0.000802 4305
0.000803 4304
0.000804 4304
0.000805 4305
0.000806 4306
0.000807 4308
0.000808 4308
0.000809 4308
0.00081 4306
0.000811 4306
0.000812 4306
0.000813 4306
0.000814 4306
0.000815 4306
0.000816 4306
0.000817 4306
0.000818 4306
0.000819 4306
0.00082 4307
0.000821 4306
0.000822 4306
0.000823 4306
0.000824 4306
0.000825 4306
0.000826 4306
0.000827 4305
0.000828 4307
0.000829 4306
0.00083 4306
0.000831 4306
0.000832 4306
0.000833 4306
0.000834 4306
0.000835 4306
0.000836 4306
0.000837 4306
0.000838 4305
0.000839 4306
0.00084 4306
0.000841 4307
0.000842 4308
0.000843 4308
0.000844 4307
0.000845 4307
0.000846 4307
0.000847 4306
0.000848 4305
0.000849 4305
0.00085 4305
0.000851 4305
0.000852 4304
0.000853 4304
0.000854 4304
0.000855 4304
0.000856 4304
0.000857 4304
0.000858 4304
0.000859 4303
0.00086 4304
0.000861 4304
0.000862 4303
0.000863 4303
0.000864 4303
0.000865 4304
0.000866 4304
0.000867 4305
0.000868 4305
0.000869 4306
0.00087 4306
0.000871 4305
0.000872 4305
0.000873 4306
0.000874 4306
0.000875 4307
0.000876 4307
0.000877 4307
0.000878 4308
0.000879 4309
0.00088 4310
0.000881 4310
0.000882 4311
0.000883 4312
0.000884 4312
0.000885 4311
0.000886 4311
0.000887 4311
0.000888 4311
0.000889 4311
0.00089 4312
0.000891 4312
0.000892 4312
0.000893 4312
0.000894 4313
0.000895 4313
0.000896 4312
0.000897 4313
0.000898 4313
0.000899 4313
0.0009 4313
0.000901 4313
0.000902 4313
0.000903 4313
0.000904 4314
0.000905 4314
0.000906 4314
0.000907 4315
0.000908 4316
0.000909 4316
0.00091 4316
0.000911 4316
0.000912 4316
0.000913 4316
0.000914 4317
0.000915 4317
0.000916 4318
0.000917 4317
0.000918 4317
0.000919 4316
0.00092 4316
0.000921 4314
0.000922 4314
0.000923 4314
0.000924 4315
0.000925 4316
0.000926 4316
0.000927 4316
0.000928 4316
0.000929 4316
0.00093 4316
0.000931 4316
0.000932 4316
0.000933 4314
0.000934 4314
0.000935 4314
0.000936 4314
0.000937 4313
0.000938 4314
0.000939 4314
0.00094 4316
0.000941 4315
0.000942 4315
0.000943 4315
0.000944 4315
0.000945 4315
0.000946 4314
0.000947 4314
0.000948 4314
0.000949 4315
0.00095 4315
0.000951 4315
0.000952 4314
0.000953 4314
0.000954 4314
0.000955 4314
0.000956 4314
0.000957 4314
0.000958 4315
0.000959 4315
0.00096 4315
0.000961 4315
0.000962 4315
0.000963 4314
0.000964 4314
0.000965 4314
0.000966 4314
0.000967 4314
0.000968 4314
0.000969 4315
0.00097 4315
0.000971 4316
0.000972 4317
0.000973 4315
0.000974 4315
0.000975 4314
0.000976 4314
0.000977 4312
0.000978 4313
0.000979 4312
0.00098 4312
0.000981 4312
0.000982 4312
0.000983 4312
0.000984 4312
0.000985 4313
0.000986 4311
0.000987 4310
0.000988 4310
0.000989 4311
0.00099 4312
0.000991 4312
0.000992 4313
0.000993 4314
0.000994 4314
0.000995 4313
0.000996 4313
0.000997 4312
0.000998 4311
0.000999 4311
0.001 4310
0.001001 4310
0.001002 4309
0.001003 4308
0.001004 4308
0.001005 4308
0.001006 4309
0.001007 4309
0.001008 4309
0.001009 4309
0.00101 4309
0.001011 4309
0.001012 4310
0.001013 4310
0.001014 4310
0.001015 4310
0.001016 4310
0.001017 4310
0.001018 4312
0.001019 4312
0.00102 4309
0.001021 4308
0.001022 4308
0.001023 4309
0.001024 4309
0.001025 4310
0.001026 4310
0.001027 4310
0.001028 4309
0.001029 4309
0.00103 4309
0.001031 4311
0.001032 4311
0.001033 4311
0.001034 4310
0.001035 4310
0.001036 4309
0.001037 4309
0.001038 4309
0.001039 4309
0.00104 4308
0.001041 4309
0.001042 4308
0.001043 4308
0.001044 4308
0.001045 4307
0.001046 4308
0.001047 4307
0.001048 4307
0.001049 4307
0.00105 4308
0.001051 4308
0.001052 4308
0.001053 4308
0.001054 4307
0.001055 4307
0.001056 4307
0.001057 4307
0.001058 4308
0.001059 4308
0.00106 4308
0.001061 4308
0.001062 4307
0.001063 4307
0.001064 4307
0.001065 4308
0.001066 4307
0.001067 4307
0.001068 4307
0.001069 4307
0.00107 4307
0.001071 4308
0.001072 4309
0.001073 4309
0.001074 4309
0.001075 4310
0.001076 4310
0.001077 4311
0.001078 4311
0.001079 4311
0.00108 4310
0.001081 4309
0.001082 4309
0.001083 4309
0.001084 4309
0.001085 4308
0.001086 4308
0.001087 4308
0.001088 4308
0.001089 4308
0.00109 4308
0.001091 4308
0.001092 4308
0.001093 4308
0.001094 4308
0.001095 4305
0.001096 4305
0.001097 4305
0.001098 4305
0.001099 4305
0.0011 4306
0.001101 4306
0.001102 4306
0.001103 4306
0.001104 4306
0.001105 4306
0.001106 4306
0.001107 4305
0.001108 4305
0.001109 4306
0.00111 4305
0.001111 4307
0.001112 4307
0.001113 4307
0.001114 4307
0.001115 4306
0.001116 4307
0.001117 4308
0.001118 4308
0.001119 4307
0.00112 4307
0.001121 4307
0.001122 4307
0.001123 4306
0.001124 4306
0.001125 4305
0.001126 4306
0.001127 4305
0.001128 4305
0.001129 4305
0.00113 4306
0.001131 4305
0.001132 4305
0.001133 4305
0.001134 4305
0.001135 4305
0.001136 4303
0.001137 4303
0.001138 4302
0.001139 4302
0.00114 4302
0.001141 4303
0.001142 4302
0.001143 4302
0.001144 4302
0.001145 4301
0.001146 4303
0.001147 4303
0.001148 4303
0.001149 4302
0.00115 4302
0.001151 4302
0.001152 4302
0.001153 4303
0.001154 4302
0.001155 4301
0.001156 4301
0.001157 4301
0.001158 4301
0.001159 4301
0.00116 4302
0.001161 4302
0.001162 4302
0.001163 4302
0.001164 4302
0.001165 4303
0.001166 4303
0.001167 4302
0.001168 4302
0.001169 4302
0.00117 4301
0.001171 4301
0.001172 4302
0.001173 4300
0.001174 4299
0.001175 4299
0.001176 4297
0.001177 4298
0.001178 4298
0.001179 4298
0.00118 4298
0.001181 4298
0.001182 4300
0.001183 4299
0.001184 4299
0.001185 4299
0.001186 4299
0.001187 4299
0.001188 4299
0.001189 4298
0.00119 4298
0.001191 4299
0.001192 4300
0.001193 4301
0.001194 4301
0.001195 4302
0.001196 4302
0.001197 4302
0.001198 4302
0.001199 4302
0.0012 4303
0.001201 4302
0.001202 4303
0.001203 4302
0.001204 4302
0.001205 4302
0.001206 4301
0.001207 4301
0.001208 4302
0.001209 4302
0.00121 4302
0.001211 4302
0.001212 4303
0.001213 4304
0.001214 4303
0.001215 4303
0.001216 4303
0.001217 4303
0.001218 4302
0.001219 4303
0.00122 4303
0.001221 4302
0.001222 4302
0.001223 4302
0.001224 4302
0.001225 4302
0.001226 4302
0.001227 4302
0.001228 4302
0.001229 4303
0.00123 4303
0.001231 4304
0.001232 4304
0.001233 4305
0.001234 4306
0.001235 4306
0.001236 4306
0.001237 4306
0.001238 4306
0.001239 4306
0.00124 4306
0.001241 4305
0.001242 4305
0.001243 4304
0.001244 4306
0.001245 4306
0.001246 4306
0.001247 4306
0.001248 4306
0.001249 4307
0.00125 4307
0.001251 4307
0.001252 4306
0.001253 4306
0.001254 4306
0.001255 4305
0.001256 4305
0.001257 4305
0.001258 4305
0.001259 4304
0.00126 4304
0.001261 4304
0.001262 4304
0.001263 4303
0.001264 4303
0.001265 4303
0.001266 4303
0.001267 4303
0.001268 4305
0.001269 4305
0.00127 4304
0.001271 4303
0.001272 4303
0.001273 4304
0.001274 4304
0.001275 4304
0.001276 4304
0.001277 4304
0.001278 4305
0.001279 4305
0.00128 4305
0.001281 4305
0.001282 4306
0.001283 4306
0.001284 4306
0.001285 4305
0.001286 4305
0.001287 4305
0.001288 4305
0.001289 4305
0.00129 4305
0.001291 4306
0.001292 4306
0.001293 4306
0.001294 4306
0.001295 4307
0.001296 4309
0.001297 4309
0.001298 4309
0.001299 4309
0.0013 4308
0.001301 4307
0.001302 4307
0.001303 4308
0.001304 4308
0.001305 4308
0.001306 4308
0.001307 4308
0.001308 4307
0.001309 4305
0.00131 4305
0.001311 4305
0.001312 4305
0.001313 4304
0.001314 4304
0.001315 4303
0.001316 4303
0.001317 4303
0.001318 4303
0.001319 4302
0.00132 4302
0.001321 4302
0.001322 4303
0.001323 4304
0.001324 4305
0.001325 4305
0.001326 4306
0.001327 4306
0.001328 4306
0.001329 4306
0.00133 4307
0.001331 4308
0.001332 4308
0.001333 4308
0.001334 4308
0.001335 4307
0.001336 4307
0.001337 4308
0.001338 4308
0.001339 4308
0.00134 4309
0.001341 4307
0.001342 4308
0.001343 4307
0.001344 4307
0.001345 4307
0.001346 4306
0.001347 4306
0.001348 4306
0.001349 4306
0.00135 4306
0.001351 4306
0.001352 4306
0.001353 4306
0.001354 4306
0.001355 4306
0.001356 4306
0.001357 4306
0.001358 4306
0.001359 4306
0.00136 4306
0.001361 4306
0.001362 4305
0.001363 4306
0.001364 4306
0.001365 4306
0.001366 4306
0.001367 4305
0.001368 4305
0.001369 4306
0.00137 4306
0.001371 4308
0.001372 4308
0.001373 4308
0.001374 4308
0.001375 4308
0.001376 4308
0.001377 4307
0.001378 4307
0.001379 4307
0.00138 4307
0.001381 4308
0.001382 4308
0.001383 4308
0.001384 4307
0.001385 4307
0.001386 4309
0.001387 4309
0.001388 4309
0.001389 4308
0.00139 4308
0.001391 4308
0.001392 4308
0.001393 4308
0.001394 4309
0.001395 4309
0.001396 4310
0.001397 4310
0.001398 4309
0.001399 4310
0.0014 4311
0.001401 4311
0.001402 4311
0.001403 4311
0.001404 4310
0.001405 4310
0.001406 4310
0.001407 4310
0.001408 4310
0.001409 4310
0.00141 4310
0.001411 4310
0.001412 4309
0.001413 4309
0.001414 4309
0.001415 4309
0.001416 4308
0.001417 4307
0.001418 4307
0.001419 4306
0.00142 4305
0.001421 4305
0.001422 4305
0.001423 4304
0.001424 4304
0.001425 4304
0.001426 4303
0.001427 4303
0.001428 4303
0.001429 4303
0.00143 4304
0.001431 4305
0.001432 4304
0.001433 4305
0.001434 4305
0.001435 4305
0.001436 4305
0.001437 4303
0.001438 4303
0.001439 4303
0.00144 4303
0.001441 4303
0.001442 4303
0.001443 4303
0.001444 4303
0.001445 4304
0.001446 4304
0.001447 4304
0.001448 4304
0.001449 4305
0.00145 4305
0.001451 4305
0.001452 4304
0.001453 4304
0.001454 4303
0.001455 4303
0.001456 4304
0.001457 4304
0.001458 4303
0.001459 4303
0.00146 4302
0.001461 4301
0.001462 4301
0.001463 4301
0.001464 4301
0.001465 4301
0.001466 4301
0.001467 4301
0.001468 4301
0.001469 4301
0.00147 4301
0.001471 4301
0.001472 4301
0.001473 4300
0.001474 4301
0.001475 4301
0.001476 4300
0.001477 4300
0.001478 4300
0.001479 4298
0.00148 4298
0.001481 4299
0.001482 4299
0.001483 4299
0.001484 4299
0.001485 4297
0.001486 4297
0.001487 4297
0.001488 4297
0.001489 4297
0.00149 4296
0.001491 4296
0.001492 4296
0.001493 4297
0.001494 4297
0.001495 4297
0.001496 4297
0.001497 4298
0.001498 4299
0.001499 4299
0.0015 4299
0.001501 4299
0.001502 4298
0.001503 4298
0.001504 4298
0.001505 4298
0.001506 4297
0.001507 4297
0.001508 4296
0.001509 4296
0.00151 4296
0.001511 4295
0.001512 4296
0.001513 4295
0.001514 4295
0.001515 4295
0.001516 4295
0.001517 4295
0.001518 4295
0.001519 4295
0.00152 4295
0.001521 4295
0.001522 4295
0.001523 4295
0.001524 4294
0.001525 4294
0.001526 4293
0.001527 4293
0.001528 4292
0.001529 4293
0.00153 4292
0.001531 4292
0.001532 4292
0.001533 4292
0.001534 4292
0.001535 4292
0.001536 4292
0.001537 4292
0.001538 4292
0.001539 4292
0.00154 4291
0.001541 4292
0.001542 4292
0.001543 4292
0.001544 4290
0.001545 4290
0.001546 4290
0.001547 4290
0.001548 4290
0.001549 4290
0.00155 4291
0.001551 4292
0.001552 4291
0.001553 4290
0.001554 4290
0.001555 4290
0.001556 4291
0.001557 4291
0.001558 4291
0.001559 4291
0.00156 4291
0.001561 4290
0.001562 4290
0.001563 4289
0.001564 4287
0.001565 4287
0.001566 4288
0.001567 4288
0.001568 4288
0.001569 4288
0.00157 4287
0.001571 4287
0.001572 4286
0.001573 4286
0.001574 4285
0.001575 4285
0.001576 4284
0.001577 4283
0.001578 4283
0.001579 4283
0.00158 4283
0.001581 4283
0.001582 4283
0.001583 4284
0.001584 4284
0.001585 4284
0.001586 4284
0.001587 4283
0.001588 4283
0.001589 4282
0.00159 4283
0.001591 4282
0.001592 4283
0.001593 4283
0.001594 4283
0.001595 4282
0.001596 4282
0.001597 4281
0.001598 4280
0.001599 4280
0.0016 4280
0.001601 4281
0.001602 4281
0.001603 4280
0.001604 4280
0.001605 4280
0.001606 4280
0.001607 4280
0.001608 4280
0.001609 4281
0.00161 4281
0.001611 4281
0.001612 4281
0.001613 4281
0.001614 4281
0.001615 4280
0.001616 4280
0.001617 4280
0.001618 4280
0.001619 4279
0.00162 4278
0.001621 4278
0.001622 4277
0.001623 4277
0.001624 4276
0.001625 4276
0.001626 4278
0.001627 4279
0.001628 4279
0.001629 4279
0.00163 4279
0.001631 4279
0.001632 4280
0.001633 4280
0.001634 4280
0.001635 4280
0.001636 4280
0.001637 4280
0.001638 4280
0.001639 4280
0.00164 4280
0.001641 4280
0.001642 4280
0.001643 4280
0.001644 4280
0.001645 4280
0.001646 4280
0.001647 4280
0.001648 4280
0.001649 4280
0.00165 4279
0.001651 4279
0.001652 4279
0.001653 4279
0.001654 4279
0.001655 4279
0.001656 4278
0.001657 4279
0.001658 4279
0.001659 4280
0.00166 4279
0.001661 4280
0.001662 4281
0.001663 4280
0.001664 4279
0.001665 4279
0.001666 4278
0.001667 4278
0.001668 4277
0.001669 4277
0.00167 4277
0.001671 4276
0.001672 4276
0.001673 4276
0.001674 4277
0.001675 4276
0.001676 4276
0.001677 4276
0.001678 4276
0.001679 4276
0.00168 4276
0.001681 4276
0.001682 4276
0.001683 4276
0.001684 4276
0.001685 4276
0.001686 4276
0.001687 4276
0.001688 4274
0.001689 4274
0.00169 4274
0.001691 4273
0.001692 4273
0.001693 4273
0.001694 4272
0.001695 4271
0.001696 4269
0.001697 4269
0.001698 4268
0.001699 4268
0.0017 4268
0.001701 4268
0.001702 4267
0.001703 4268
0.001704 4268
0.001705 4268
0.001706 4268
0.001707 4268
0.001708 4268
0.001709 4268
0.00171 4268
0.001711 4268
0.001712 4267
0.001713 4267
0.001714 4268
0.001715 4268
0.001716 4268
0.001717 4266
0.001718 4266
0.001719 4266
0.00172 4267
0.001721 4267
0.001722 4267
0.001723 4267
0.001724 4268
0.001725 4269
0.001726 4269
0.001727 4269
0.001728 4269
0.001729 4270
0.00173 4271
0.001731 4271
0.001732 4271
0.001733 4271
0.001734 4269
0.001735 4270
0.001736 4271
0.001737 4271
0.001738 4270
0.001739 4269
0.00174 4269
0.001741 4269
0.001742 4269
0.001743 4269
0.001744 4269
0.001745 4269
0.001746 4269
0.001747 4269
0.001748 4268
0.001749 4268
0.00175 4268
0.001751 4268
0.001752 4268
0.001753 4267
0.001754 4268
0.001755 4269
0.001756 4268
0.001757 4269
0.001758 4268
0.001759 4268
0.00176 4268
0.001761 4268
0.001762 4266
0.001763 4267
0.001764 4267
0.001765 4268
0.001766 4268
0.001767 4268
0.001768 4268
0.001769 4268
0.00177 4268
0.001771 4268
0.001772 4268
0.001773 4269
0.001774 4270
0.001775 4270
0.001776 4270
0.001777 4271
0.001778 4271
0.001779 4271
0.00178 4271
0.001781 4271
0.001782 4271
0.001783 4271
0.001784 4272
0.001785 4272
0.001786 4271
0.001787 4271
0.001788 4272
0.001789 4272
0.00179 4272
0.001791 4272
0.001792 4272
0.001793 4272
0.001794 4272
0.001795 4272
0.001796 4273
0.001797 4273
0.001798 4273
0.001799 4275
0.0018 4275
0.001801 4275
0.001802 4273
0.001803 4273
0.001804 4273
0.001805 4273
0.001806 4274
0.001807 4274
0.001808 4275
0.001809 4276
0.00181 4274
0.001811 4275
0.001812 4275
0.001813 4275
0.001814 4273
0.001815 4274
0.001816 4274
0.001817 4275
0.001818 4276
0.001819 4276
0.00182 4276
0.001821 4276
0.001822 4276
0.001823 4274
0.001824 4274
0.001825 4274
0.001826 4274
0.001827 4274
0.001828 4275
0.001829 4275
0.00183 4275
0.001831 4275
0.001832 4275
0.001833 4275
0.001834 4275
0.001835 4275
0.001836 4275
0.001837 4275
0.001838 4274
0.001839 4274
0.00184 4273
0.001841 4272
0.001842 4272
0.001843 4271
0.001844 4269
0.001845 4269
0.001846 4269
0.001847 4266
0.001848 4265
0.001849 4264
0.00185 4264
0.001851 4264
0.001852 4264
0.001853 4264
0.001854 4264
0.001855 4264
0.001856 4264
0.001857 4264
0.001858 4264
0.001859 4265
0.00186 4264
0.001861 4262
0.001862 4261
0.001863 4261
0.001864 4261
0.001865 4261
0.001866 4262
0.001867 4262
0.001868 4262
0.001869 4262
0.00187 4260
0.001871 4259
0.001872 4260
0.001873 4260
0.001874 4260
0.001875 4260
0.001876 4260
0.001877 4260
0.001878 4260
0.001879 4260
0.00188 4260
0.001881 4260
0.001882 4261
0.001883 4261
0.001884 4260
0.001885 4260
0.001886 4260
0.001887 4260
0.001888 4260
0.001889 4261
0.00189 4261
0.001891 4261
0.001892 4261
0.001893 4261
0.001894 4263
0.001895 4265
0.001896 4266
0.001897 4266
0.001898 4266
0.001899 4265
0.0019 4264
0.001901 4264
0.001902 4265
0.001903 4264
0.001904 4264
0.001905 4264
0.001906 4262
0.001907 4262
0.001908 4262
0.001909 4262
0.00191 4262
0.001911 4262
0.001912 4262
0.001913 4263
0.001914 4264
0.001915 4264
0.001916 4263
0.001917 4263
0.001918 4263
0.001919 4263
0.00192 4263
0.001921 4262
0.001922 4262
0.001923 4262
0.001924 4262
0.001925 4261
0.001926 4261
0.001927 4262
0.001928 4262
0.001929 4262
0.00193 4262
0.001931 4262
0.001932 4263
0.001933 4263
0.001934 4263
0.001935 4262
0.001936 4261
0.001937 4262
0.001938 4262
0.001939 4262
0.00194 4263
0.001941 4262
0.001942 4263
0.001943 4262
0.001944 4262
0.001945 4262
0.001946 4263
0.001947 4263
0.001948 4263
0.001949 4263
0.00195 4265
0.001951 4266
0.001952 4266
0.001953 4266
0.001954 4267
0.001955 4267
0.001956 4267
0.001957 4267
0.001958 4267
0.001959 4267
0.00196 4267
0.001961 4265
0.001962 4264
0.001963 4264
0.001964 4266
0.001965 4266
0.001966 4268
0.001967 4269
0.001968 4270
0.001969 4269
0.00197 4268
0.001971 4268
0.001972 4268
0.001973 4270
0.001974 4270
0.001975 4271
0.001976 4270
0.001977 4271
0.001978 4272
0.001979 4272
0.00198 4272
0.001981 4272
0.001982 4272
0.001983 4273
0.001984 4273
0.001985 4274
0.001986 4272
0.001987 4272
0.001988 4270
0.001989 4270
0.00199 4270
0.001991 4270
0.001992 4271
0.001993 4271
0.001994 4270
0.001995 4269
0.001996 4269
0.001997 4269
0.001998 4269
0.001999 4269
0.002 4269
0.002001 4269
0.002002 4269
0.002003 4269
0.002004 4269
0.002005 4269
0.002006 4268
0.002007 4268
0.002008 4268
0.002009 4267
0.00201 4267
0.002011 4267
0.002012 4268
0.002013 4268
0.002014 4269
0.002015 4269
0.002016 4268
0.002017 4268
0.002018 4269
0.002019 4269
0.00202 4269
0.002021 4268
0.002022 4268
0.002023 4267
0.002024 4267
0.002025 4267
0.002026 4266
0.002027 4266
0.002028 4265
0.002029 4265
0.00203 4265
0.002031 4265
0.002032 4264
0.002033 4265
0.002034 4265
0.002035 4264
0.002036 4264
0.002037 4265
0.002038 4265
0.002039 4265
0.00204 4264
0.002041 4264
0.002042 4264
0.002043 4265
0.002044 4263
0.002045 4263
0.002046 4263
0.002047 4264
0.002048 4264
0.002049 4264
0.00205 4263
0.002051 4263
0.002052 4264
0.002053 4264
0.002054 4264
0.002055 4264
0.002056 4264
0.002057 4265
0.002058 4265
0.002059 4265
0.00206 4265
0.002061 4266
0.002062 4266
0.002063 4266
0.002064 4266
0.002065 4266
0.002066 4265
0.002067 4265
0.002068 4265
0.002069 4266
0.00207 4266
0.002071 4266
0.002072 4266
0.002073 4266
0.002074 4265
0.002075 4267
0.002076 4267
0.002077 4268
0.002078 4269
0.002079 4269
0.00208 4271
0.002081 4271
0.002082 4271
0.002083 4271
0.002084 4271
0.002085 4271
0.002086 4271
0.002087 4272
0.002088 4273
0.002089 4273
0.00209 4273
0.002091 4274
0.002092 4274
0.002093 4275
0.002094 4276
0.002095 4276
0.002096 4275
0.002097 4275
0.002098 4275
0.002099 4275
0.0021 4275
0.002101 4274
0.002102 4273
0.002103 4274
0.002104 4274
0.002105 4274
0.002106 4274
0.002107 4274
0.002108 4273
0.002109 4273
0.00211 4274
0.002111 4275
0.002112 4274
0.002113 4274
0.002114 4274
0.002115 4274
0.002116 4274
0.002117 4274
0.002118 4274
0.002119 4274
0.00212 4273
0.002121 4272
0.002122 4272
0.002123 4271
0.002124 4271
0.002125 4270
0.002126 4270
0.002127 4271
0.002128 4271
0.002129 4271
0.00213 4270
0.002131 4270
0.002132 4269
0.002133 4269
0.002134 4269
0.002135 4268
0.002136 4268
0.002137 4268
0.002138 4268
0.002139 4268
0.00214 4268
0.002141 4268
0.002142 4268
0.002143 4268
0.002144 4268
0.002145 4268
0.002146 4268
0.002147 4269
0.002148 4269
0.002149 4269
0.00215 4269
0.002151 4269
0.002152 4269
0.002153 4269
0.002154 4269
0.002155 4269
0.002156 4269
0.002157 4269
0.002158 4270
0.002159 4271
0.00216 4273
0.002161 4271
0.002162 4271
0.002163 4271
0.002164 4271
0.002165 4272
0.002166 4272
0.002167 4272
0.002168 4272
0.002169 4272
0.00217 4272
0.002171 4272
0.002172 4272
0.002173 4272
0.002174 4272
0.002175 4272
0.002176 4272
0.002177 4272
0.002178 4272
0.002179 4272
0.00218 4272
0.002181 4271
0.002182 4270
0.002183 4271
0.002184 4271
0.002185 4271
0.002186 4271
0.002187 4271
0.002188 4271
0.002189 4271
0.00219 4271
0.002191 4270
0.002192 4271
0.002193 4269
0.002194 4269
0.002195 4269
0.002196 4269
0.002197 4269
0.002198 4269
0.002199 4269
0.0022 4269
0.002201 4270
0.002202 4270
0.002203 4270
0.002204 4271
0.002205 4272
0.002206 4272
0.002207 4272
0.002208 4272
0.002209 4272
0.00221 4272
0.002211 4273
0.002212 4273
0.002213 4273
0.002214 4272
0.002215 4272
0.002216 4271
0.002217 4271
0.002218 4269
0.002219 4268
0.00222 4268
0.002221 4267
0.002222 4267
0.002223 4267
0.002224 4266
0.002225 4267
0.002226 4267
0.002227 4266
0.002228 4265
0.002229 4265
0.00223 4265
0.002231 4265
0.002232 4265
0.002233 4265
0.002234 4266
0.002235 4267
0.002236 4268
0.002237 4268
0.002238 4268
0.002239 4267
0.00224 4267
0.002241 4267
0.002242 4267
0.002243 4266
0.002244 4267
0.002245 4266
0.002246 4265
0.002247 4264
0.002248 4262
0.002249 4263
0.00225 4263
0.002251 4264
0.002252 4265
0.002253 4266
0.002254 4267
0.002255 4268
0.002256 4267
0.002257 4266
0.002258 4266
0.002259 4267
0.00226 4267
0.002261 4267
0.002262 4268
0.002263 4268
0.002264 4269
0.002265 4268
0.002266 4266
0.002267 4266
0.002268 4266
0.002269 4264
0.00227 4263
0.002271 4264
0.002272 4264
0.002273 4263
0.002274 4262
0.002275 4261
0.002276 4260
0.002277 4260
0.002278 4259
0.002279 4258
0.00228 4258
0.002281 4258
0.002282 4258
0.002283 4258
0.002284 4257
0.002285 4256
0.002286 4256
0.002287 4256
0.002288 4256
0.002289 4256
0.00229 4256
0.002291 4257
0.002292 4257
0.002293 4257
0.002294 4258
0.002295 4258
0.002296 4259
0.002297 4260
0.002298 4259
0.002299 4259
0.0023 4259
0.002301 4259
0.002302 4259
0.002303 4259
0.002304 4259
0.002305 4259
0.002306 4259
0.002307 4258
0.002308 4258
0.002309 4258
0.00231 4258
0.002311 4258
0.002312 4258
0.002313 4258
0.002314 4258
0.002315 4257
0.002316 4257
0.002317 4257
0.002318 4257
0.002319 4257
0.00232 4257
0.002321 4257
0.002322 4257
0.002323 4258
0.002324 4258
0.002325 4258
0.002326 4259
0.002327 4258
0.002328 4258
0.002329 4257
0.00233 4257
0.002331 4257
0.002332 4256
0.002333 4256
0.002334 4256
0.002335 4256
0.002336 4256
0.002337 4256
0.002338 4255
0.002339 4256
0.00234 4254
0.002341 4254
0.002342 4254
0.002343 4253
0.002344 4252
0.002345 4253
0.002346 4252
0.002347 4252
0.002348 4252
0.002349 4251
0.00235 4250
0.002351 4250
0.002352 4250
0.002353 4251
0.002354 4250
0.002355 4251
0.002356 4251
0.002357 4251
0.002358 4251
0.002359 4251
0.00236 4251
0.002361 4250
0.002362 4250
0.002363 4251
0.002364 4251
0.002365 4250
0.002366 4251
0.002367 4251
0.002368 4251
0.002369 4251
0.00237 4251
0.002371 4251
0.002372 4251
0.002373 4251
0.002374 4251
0.002375 4252
0.002376 4252
0.002377 4252
0.002378 4252
0.002379 4252
0.00238 4251
0.002381 4251
0.002382 4253
0.002383 4254
0.002384 4254
0.002385 4254
0.002386 4254
0.002387 4254
0.002388 4254
0.002389 4254
0.00239 4254
0.002391 4254
0.002392 4255
0.002393 4255
0.002394 4255
0.002395 4255
0.002396 4255
0.002397 4255
0.002398 4256
0.002399 4256
0.0024 4257
0.002401 4257
0.002402 4257
0.002403 4257
0.002404 4258
0.002405 4259
0.002406 4260
0.002407 4260
0.002408 4260
0.002409 4260
0.00241 4261
0.002411 4261
0.002412 4261
0.002413 4260
0.002414 4260
0.002415 4259
0.002416 4258
0.002417 4257
0.002418 4256
0.002419 4255
0.00242 4255
0.002421 4254
0.002422 4254
0.002423 4254
0.002424 4255
0.002425 4256
0.002426 4255
0.002427 4254
0.002428 4254
0.002429 4254
0.00243 4254
0.002431 4253
0.002432 4253
0.002433 4253
0.002434 4254
0.002435 4256
0.002436 4256
0.002437 4256
0.002438 4256
0.002439 4256
0.00244 4256
0.002441 4256
0.002442 4256
0.002443 4256
0.002444 4256
0.002445 4255
0.002446 4255
0.002447 4255
0.002448 4255
0.002449 4255
0.00245 4254
0.002451 4255
0.002452 4255
0.002453 4255
0.002454 4255
0.002455 4255
0.002456 4255
0.002457 4256
0.002458 4256
0.002459 4255
0.00246 4255
0.002461 4255
0.002462 4256
0.002463 4256
0.002464 4256
0.002465 4256
0.002466 4255
0.002467 4255
0.002468 4255
0.002469 4255
0.00247 4255
0.002471 4255
0.002472 4255
0.002473 4255
0.002474 4255
0.002475 4255
0.002476 4254
0.002477 4254
0.002478 4254
0.002479 4254
0.00248 4254
0.002481 4254
0.002482 4254
0.002483 4254
0.002484 4254
0.002485 4254
0.002486 4254
0.002487 4252
0.002488 4252
0.002489 4254
0.00249 4253
0.002491 4253
0.002492 4253
0.002493 4253
0.002494 4253
0.002495 4252
0.002496 4252
0.002497 4252
0.002498 4252
0.002499 4250
0.0025 4250
0.002501 4250
0.002502 4249
0.002503 4249
0.002504 4250
0.002505 4250
0.002506 4248
0.002507 4248
0.002508 4248
0.002509 4248
0.00251 4248
0.002511 4249
0.002512 4249
0.002513 4250
0.002514 4250
0.002515 4250
0.002516 4250
0.002517 4249
0.002518 4250
0.002519 4250
0.00252 4250
0.002521 4252
0.002522 4252
0.002523 4252
0.002524 4251
0.002525 4253
0.002526 4253
0.002527 4253
0.002528 4253
0.002529 4252
0.00253 4252
0.002531 4251
0.002532 4251
0.002533 4252
0.002534 4251
0.002535 4251
0.002536 4251
0.002537 4251
0.002538 4252
0.002539 4252
0.00254 4252
0.002541 4252
0.002542 4252
0.002543 4253
0.002544 4253
0.002545 4253
0.002546 4253
0.002547 4253
0.002548 4253
0.002549 4253
0.00255 4253
0.002551 4254
0.002552 4253
0.002553 4251
0.002554 4251
0.002555 4252
0.002556 4252
0.002557 4252
0.002558 4252
0.002559 4252
0.00256 4252
0.002561 4252
0.002562 4252
0.002563 4251
0.002564 4251
0.002565 4251
0.002566 4249
0.002567 4249
0.002568 4249
0.002569 4249
0.00257 4249
0.002571 4248
0.002572 4249
0.002573 4249
0.002574 4249
0.002575 4248
0.002576 4248
0.002577 4248
0.002578 4248
0.002579 4247
0.00258 4247
0.002581 4246
0.002582 4246
0.002583 4246
0.002584 4246
0.002585 4246
0.002586 4246
0.002587 4246
0.002588 4246
0.002589 4246
0.00259 4246
0.002591 4246
0.002592 4246
0.002593 4246
0.002594 4246
0.002595 4246
0.002596 4246
0.002597 4246
0.002598 4245
0.002599 4245
0.0026 4245
0.002601 4245
0.002602 4244
0.002603 4244
0.002604 4246
0.002605 4246
0.002606 4246
0.002607 4246
0.002608 4245
0.002609 4245
0.00261 4245
0.002611 4245
0.002612 4244
0.002613 4244
0.002614 4244
0.002615 4244
0.002616 4244
0.002617 4244
0.002618 4244
0.002619 4245
0.00262 4245
0.002621 4244
0.002622 4243
0.002623 4243
0.002624 4242
0.002625 4242
0.002626 4241
0.002627 4240
0.002628 4240
0.002629 4239
0.00263 4239
0.002631 4240
0.002632 4240
0.002633 4240
0.002634 4240
0.002635 4238
0.002636 4238
0.002637 4238
0.002638 4238
0.002639 4237
0.00264 4237
0.002641 4237
0.002642 4236
0.002643 4237
0.002644 4237
0.002645 4236
0.002646 4235
0.002647 4235
0.002648 4234
0.002649 4234
0.00265 4234
0.002651 4234
0.002652 4234
0.002653 4234
0.002654 4233
0.002655 4232
0.002656 4232
0.002657 4231
0.002658 4231
0.002659 4230
0.00266 4230
0.002661 4230
0.002662 4230
0.002663 4229
0.002664 4229
0.002665 4229
0.002666 4229
0.002667 4228
0.002668 4227
0.002669 4226
0.00267 4225
0.002671 4228
0.002672 4228
0.002673 4227
0.002674 4227
0.002675 4226
0.002676 4226
0.002677 4225
0.002678 4225
0.002679 4225
0.00268 4226
0.002681 4225
0.002682 4226
0.002683 4226
0.002684 4226
0.002685 4226
0.002686 4226
0.002687 4227
0.002688 4226
0.002689 4226
0.00269 4226
0.002691 4226
0.002692 4227
0.002693 4227
0.002694 4227
0.002695 4227
0.002696 4227
0.002697 4227
0.002698 4227
0.002699 4227
0.0027 4227
0.002701 4227
0.002702 4226
0.002703 4227
0.002704 4227
0.002705 4227
0.002706 4227
0.002707 4227
0.002708 4227
0.002709 4227
0.00271 4227
0.002711 4227
0.002712 4227
0.002713 4226
0.002714 4226
0.002715 4226
0.002716 4226
0.002717 4226
0.002718 4226
0.002719 4226
0.00272 4226
0.002721 4226
0.002722 4226
0.002723 4226
0.002724 4226
0.002725 4226
0.002726 4227
0.002727 4228
0.002728 4228
0.002729 4228
0.00273 4228
0.002731 4228
0.002732 4229
0.002733 4230
0.002734 4230
0.002735 4230
0.002736 4229
0.002737 4229
0.002738 4229
0.002739 4229
0.00274 4229
0.002741 4229
0.002742 4229
0.002743 4230
0.002744 4230
0.002745 4230
0.002746 4230
0.002747 4230
0.002748 4230
0.002749 4230
0.00275 4230
0.002751 4229
0.002752 4229
0.002753 4229
0.002754 4228
0.002755 4229
0.002756 4229
0.002757 4229
0.002758 4228
0.002759 4227
0.00276 4225
0.002761 4225
0.002762 4225
0.002763 4226
0.002764 4226
0.002765 4226
0.002766 4226
0.002767 4226
0.002768 4226
0.002769 4225
0.00277 4224
0.002771 4224
0.002772 4223
0.002773 4223
0.002774 4223
0.002775 4223
0.002776 4223
0.002777 4223
0.002778 4223
0.002779 4223
0.00278 4224
0.002781 4224
0.002782 4225
0.002783 4225
0.002784 4224
0.002785 4224
0.002786 4224
0.002787 4224
0.002788 4224
0.002789 4224
0.00279 4223
0.002791 4223
0.002792 4223
0.002793 4223
0.002794 4223
0.002795 4222
0.002796 4222
0.002797 4221
0.002798 4222
0.002799 4222
0.0028 4222
0.002801 4222
0.002802 4222
0.002803 4222
0.002804 4221
0.002805 4221
0.002806 4221
0.002807 4221
0.002808 4222
0.002809 4222
0.00281 4220
0.002811 4220
0.002812 4220
0.002813 4221
0.002814 4221
0.002815 4221
0.002816 4221
0.002817 4221
0.002818 4220
0.002819 4221
0.00282 4221
0.002821 4221
0.002822 4221
0.002823 4220
0.002824 4220
0.002825 4220
0.002826 4221
0.002827 4221
0.002828 4221
0.002829 4221
0.00283 4221
0.002831 4221
0.002832 4221
0.002833 4222
0.002834 4223
0.002835 4222
0.002836 4223
0.002837 4223
0.002838 4223
0.002839 4223
0.00284 4223
0.002841 4222
0.002842 4223
0.002843 4223
0.002844 4223
0.002845 4224
0.002846 4223
0.002847 4224
0.002848 4223
0.002849 4223
0.00285 4223
0.002851 4222
0.002852 4222
0.002853 4222
0.002854 4222
0.002855 4221
0.002856 4221
0.002857 4221
0.002858 4221
0.002859 4221
0.00286 4221
0.002861 4221
0.002862 4222
0.002863 4222
0.002864 4221
0.002865 4222
0.002866 4223
0.002867 4223
0.002868 4223
0.002869 4223
0.00287 4223
0.002871 4224
0.002872 4224
0.002873 4225
0.002874 4225
0.002875 4225
0.002876 4227
0.002877 4227
0.002878 4227
0.002879 4227
0.00288 4227
0.002881 4227
0.002882 4226
0.002883 4226
0.002884 4226
0.002885 4226
0.002886 4225
0.002887 4224
0.002888 4224
0.002889 4224
0.00289 4223
0.002891 4223
0.002892 4223
0.002893 4222
0.002894 4222
0.002895 4222
0.002896 4222
0.002897 4222
0.002898 4222
0.002899 4222
0.0029 4222
0.002901 4222
0.002902 4222
0.002903 4222
0.002904 4222
0.002905 4222
0.002906 4223
0.002907 4223
0.002908 4222
0.002909 4222
0.00291 4221
0.002911 4221
0.002912 4221
0.002913 4220
0.002914 4220
0.002915 4220
0.002916 4220
0.002917 4220
0.002918 4220
0.002919 4220
0.00292 4219
0.002921 4219
0.002922 4219
0.002923 4220
0.002924 4220
0.002925 4219
0.002926 4218
0.002927 4217
0.002928 4217
0.002929 4217
0.00293 4216
0.002931 4216
0.002932 4215
0.002933 4215
0.002934 4214
0.002935 4215
0.002936 4215
0.002937 4216
0.002938 4216
0.002939 4216
0.00294 4217
0.002941 4217
0.002942 4217
0.002943 4217
0.002944 4218
0.002945 4219
0.002946 4220
0.002947 4221
0.002948 4221
0.002949 4219
0.00295 4219
0.002951 4219
0.002952 4219
0.002953 4219
0.002954 4218
0.002955 4217
0.002956 4216
0.002957 4216
0.002958 4215
0.002959 4215
0.00296 4214
0.002961 4213
0.002962 4213
0.002963 4213
0.002964 4213
0.002965 4212
0.002966 4212
0.002967 4211
0.002968 4211
0.002969 4211
0.00297 4212
0.002971 4212
0.002972 4211
0.002973 4210
0.002974 4209
0.002975 4208
0.002976 4208
0.002977 4208
0.002978 4209
0.002979 4207
0.00298 4207
0.002981 4207
0.002982 4208
0.002983 4209
0.002984 4209
0.002985 4208
0.002986 4209
0.002987 4209
0.002988 4209
0.002989 4207
0.00299 4206
0.002991 4205
0.002992 4205
0.002993 4205
0.002994 4204
0.002995 4204
0.002996 4204
0.002997 4204
0.002998 4203
0.002999 4203
0.003 4204
0.003001 4204
0.003002 4203
0.003003 4203
0.003004 4203
0.003005 4203
0.003006 4203
0.003007 4203
0.003008 4204
0.003009 4204
0.00301 4204
0.003011 4205
0.003012 4205
0.003013 4205
0.003014 4205
0.003015 4206
0.003016 4206
0.003017 4206
0.003018 4206
0.003019 4207
0.00302 4208
0.003021 4208
0.003022 4209
0.003023 4209
0.003024 4208
0.003025 4208
0.003026 4208
0.003027 4207
0.003028 4208
0.003029 4209
0.00303 4209
0.003031 4209
0.003032 4208
0.003033 4206
0.003034 4206
0.003035 4206
0.003036 4207
0.003037 4207
0.003038 4207
0.003039 4207
0.00304 4206
0.003041 4206
0.003042 4206
0.003043 4205
0.003044 4205
0.003045 4205
0.003046 4205
0.003047 4205
0.003048 4204
0.003049 4205
0.00305 4205
0.003051 4206
0.003052 4206
0.003053 4206
0.003054 4206
0.003055 4206
0.003056 4206
0.003057 4206
0.003058 4206
0.003059 4208
0.00306 4209
0.003061 4208
0.003062 4207
0.003063 4207
0.003064 4207
0.003065 4206
0.003066 4206
0.003067 4207
0.003068 4207
0.003069 4207
0.00307 4207
0.003071 4208
0.003072 4208
0.003073 4208
0.003074 4209
0.003075 4210
0.003076 4210
0.003077 4210
0.003078 4210
0.003079 4210
0.00308 4210
0.003081 4210
0.003082 4210
0.003083 4210
0.003084 4212
0.003085 4212
0.003086 4212
0.003087 4210
0.003088 4210
0.003089 4210
0.00309 4210
0.003091 4210
0.003092 4210
0.003093 4211
0.003094 4211
0.003095 4211
0.003096 4212
0.003097 4212
0.003098 4213
0.003099 4213
0.0031 4213
0.003101 4213
0.003102 4214
0.003103 4214
0.003104 4214
0.003105 4213
0.003106 4213
0.003107 4213
0.003108 4211
0.003109 4212
0.00311 4211
0.003111 4210
0.003112 4210
0.003113 4210
0.003114 4210
0.003115 4210
0.003116 4209
0.003117 4207
0.003118 4207
0.003119 4207
0.00312 4207
0.003121 4206
0.003122 4205
0.003123 4205
0.003124 4205
0.003125 4205
0.003126 4206
0.003127 4206
0.003128 4207
0.003129 4207
0.00313 4207
0.003131 4207
0.003132 4208
0.003133 4209
0.003134 4209
0.003135 4209
0.003136 4209
0.003137 4208
0.003138 4208
0.003139 4208
0.00314 4208
0.003141 4208
0.003142 4208
0.003143 4209
0.003144 4209
0.003145 4209
0.003146 4208
0.003147 4209
0.003148 4209
0.003149 4209
0.00315 4210
0.003151 4208
0.003152 4208
0.003153 4209
0.003154 4209
0.003155 4209
0.003156 4210
0.003157 4210
0.003158 4210
0.003159 4210
0.00316 4211
0.003161 4211
0.003162 4211
0.003163 4212
0.003164 4212
0.003165 4211
0.003166 4211
0.003167 4211
0.003168 4212
0.003169 4212
0.00317 4213
0.003171 4213
0.003172 4212
0.003173 4213
0.003174 4213
0.003175 4213
0.003176 4212
0.003177 4211
0.003178 4212
0.003179 4212
0.00318 4212
0.003181 4213
0.003182 4212
0.003183 4211
0.003184 4211
0.003185 4211
0.003186 4212
0.003187 4212
0.003188 4212
0.003189 4212
0.00319 4212
0.003191 4212
0.003192 4211
0.003193 4212
0.003194 4213
0.003195 4213
0.003196 4212
0.003197 4212
0.003198 4211
0.003199 4211
0.0032 4213
0.003201 4213
0.003202 4213
0.003203 4213
0.003204 4213
0.003205 4214
0.003206 4211
0.003207 4211
0.003208 4211
0.003209 4211
0.00321 4211
0.003211 4211
0.003212 4211
0.003213 4211
0.003214 4211
0.003215 4211
0.003216 4211
0.003217 4211
0.003218 4211
0.003219 4211
0.00322 4212
0.003221 4212
0.003222 4212
0.003223 4212
0.003224 4212
0.003225 4212
0.003226 4212
0.003227 4212
0.003228 4213
0.003229 4213
0.00323 4213
0.003231 4215
0.003232 4216
0.003233 4216
0.003234 4216
0.003235 4215
0.003236 4215
0.003237 4215
0.003238 4216
0.003239 4216
0.00324 4216
0.003241 4216
0.003242 4216
0.003243 4215
0.003244 4215
0.003245 4215
0.003246 4216
0.003247 4216
0.003248 4215
0.003249 4214
0.00325 4214
0.003251 4215
0.003252 4215
0.003253 4215
0.003254 4214
0.003255 4213
0.003256 4213
0.003257 4214
0.003258 4216
0.003259 4215
0.00326 4215
0.003261 4214
0.003262 4214
0.003263 4214
0.003264 4214
0.003265 4214
0.003266 4214
0.003267 4214
0.003268 4214
0.003269 4214
0.00327 4214
0.003271 4214
0.003272 4215
0.003273 4215
0.003274 4215
0.003275 4215
0.003276 4215
0.003277 4214
0.003278 4214
0.003279 4212
0.00328 4213
0.003281 4213
0.003282 4213
0.003283 4213
0.003284 4213
0.003285 4213
0.003286 4214
0.003287 4214
0.003288 4213
0.003289 4214
0.00329 4214
0.003291 4214
0.003292 4215
0.003293 4215
0.003294 4215
0.003295 4215
0.003296 4215
0.003297 4215
0.003298 4214
0.003299 4214
0.0033 4214
0.003301 4214
0.003302 4214
0.003303 4216
0.003304 4216
0.003305 4216
0.003306 4217
0.003307 4217
0.003308 4218
0.003309 4218
0.00331 4218
0.003311 4219
0.003312 4219
0.003313 4216
0.003314 4216
0.003315 4216
0.003316 4216
0.003317 4216
0.003318 4217
0.003319 4218
0.00332 4220
0.003321 4221
0.003322 4220
0.003323 4221
0.003324 4222
0.003325 4221
0.003326 4221
0.003327 4221
0.003328 4221
0.003329 4221
0.00333 4221
0.003331 4221
0.003332 4221
0.003333 4221
0.003334 4223
0.003335 4223
0.003336 4223
0.003337 4224
0.003338 4224
0.003339 4224
0.00334 4224
0.003341 4225
0.003342 4225
0.003343 4224
0.003344 4224
0.003345 4223
0.003346 4223
0.003347 4224
0.003348 4223
0.003349 4223
0.00335 4223
0.003351 4223
0.003352 4224
0.003353 4224
0.003354 4223
0.003355 4223
0.003356 4223
0.003357 4223
0.003358 4223
0.003359 4225
0.00336 4225
0.003361 4225
0.003362 4224
0.003363 4224
0.003364 4224
0.003365 4225
0.003366 4225
0.003367 4225
0.003368 4224
0.003369 4224
0.00337 4225
0.003371 4226
0.003372 4225
0.003373 4225
0.003374 4225
0.003375 4225
0.003376 4224
0.003377 4225
0.003378 4225
0.003379 4226
0.00338 4225
0.003381 4225
0.003382 4225
0.003383 4225
0.003384 4225
0.003385 4226
0.003386 4226
0.003387 4226
0.003388 4227
0.003389 4227
0.00339 4227
0.003391 4227
0.003392 4227
0.003393 4227
0.003394 4227
0.003395 4227
0.003396 4228
0.003397 4228
0.003398 4229
0.003399 4229
0.0034 4228
0.003401 4229
0.003402 4229
0.003403 4229
0.003404 4229
0.003405 4229
0.003406 4228
0.003407 4228
0.003408 4228
0.003409 4228
0.00341 4227
0.003411 4226
0.003412 4226
0.003413 4226
0.003414 4226
0.003415 4226
0.003416 4225
0.003417 4225
0.003418 4225
0.003419 4225
0.00342 4225
0.003421 4225
0.003422 4225
0.003423 4225
0.003424 4225
0.003425 4225
0.003426 4225
0.003427 4225
0.003428 4226
0.003429 4226
0.00343 4226
0.003431 4226
0.003432 4226
0.003433 4227
0.003434 4227
0.003435 4227
0.003436 4227
0.003437 4227
0.003438 4227
0.003439 4226
0.00344 4226
0.003441 4227
0.003442 4226
0.003443 4226
0.003444 4225
0.003445 4225
0.003446 4225
0.003447 4227
0.003448 4227
0.003449 4226
0.00345 4226
0.003451 4225
0.003452 4225
0.003453 4225
0.003454 4225
0.003455 4226
0.003456 4226
0.003457 4226
0.003458 4226
0.003459 4226
0.00346 4225
0.003461 4225
0.003462 4225
0.003463 4224
0.003464 4224
0.003465 4225
0.003466 4225
0.003467 4225
0.003468 4225
0.003469 4225
0.00347 4225
0.003471 4224
0.003472 4224
0.003473 4224
0.003474 4224
0.003475 4224
0.003476 4224
0.003477 4224
0.003478 4224
0.003479 4224
0.00348 4223
0.003481 4223
0.003482 4223
0.003483 4222
0.003484 4221
0.003485 4221
0.003486 4221
0.003487 4220
0.003488 4220
0.003489 4219
0.00349 4219
0.003491 4218
0.003492 4217
0.003493 4217
0.003494 4217
0.003495 4217
0.003496 4218
0.003497 4218
0.003498 4218
0.003499 4217
0.0035 4218
0.003501 4218
0.003502 4217
0.003503 4217
0.003504 4219
0.003505 4219
0.003506 4219
0.003507 4219
0.003508 4219
0.003509 4218
0.00351 4218
0.003511 4219
0.003512 4218
0.003513 4218
0.003514 4220
0.003515 4220
0.003516 4220
0.003517 4221
0.003518 4221
0.003519 4219
0.00352 4221
0.003521 4221
0.003522 4221
0.003523 4221
0.003524 4221
0.003525 4223
0.003526 4223
0.003527 4223
0.003528 4223
0.003529 4224
0.00353 4226
0.003531 4226
0.003532 4225
0.003533 4225
0.003534 4225
0.003535 4225
0.003536 4225
0.003537 4225
0.003538 4225
0.003539 4224
0.00354 4225
0.003541 4225
0.003542 4225
0.003543 4225
0.003544 4225
0.003545 4225
0.003546 4225
0.003547 4225
0.003548 4225
0.003549 4225
0.00355 4225
0.003551 4225
0.003552 4225
0.003553 4225
0.003554 4225
0.003555 4225
0.003556 4224
0.003557 4224
0.003558 4224
0.003559 4224
0.00356 4223
0.003561 4223
0.003562 4223
0.003563 4223
0.003564 4223
0.003565 4222
0.003566 4222
0.003567 4222
0.003568 4223
0.003569 4223
0.00357 4223
0.003571 4223
0.003572 4223
0.003573 4223
0.003574 4223
0.003575 4223
0.003576 4223
0.003577 4223
0.003578 4223
0.003579 4223
0.00358 4222
0.003581 4222
0.003582 4222
0.003583 4222
0.003584 4223
0.003585 4222
0.003586 4221
0.003587 4221
0.003588 4221
0.003589 4222
0.00359 4222
0.003591 4222
0.003592 4222
0.003593 4221
0.003594 4221
0.003595 4221
0.003596 4222
0.003597 4223
0.003598 4223
0.003599 4223
0.0036 4223
0.003601 4224
0.003602 4224
0.003603 4224
0.003604 4224
0.003605 4224
0.003606 4224
0.003607 4225
0.003608 4225
0.003609 4225
0.00361 4225
0.003611 4225
0.003612 4225
0.003613 4225
0.003614 4225
0.003615 4225
0.003616 4225
0.003617 4226
0.003618 4226
0.003619 4227
0.00362 4227
0.003621 4227
0.003622 4228
0.003623 4229
0.003624 4228
0.003625 4229
0.003626 4229
0.003627 4229
0.003628 4230
0.003629 4229
0.00363 4229
0.003631 4229
0.003632 4229
0.003633 4229
0.003634 4229
0.003635 4227
0.003636 4228
0.003637 4227
0.003638 4227
0.003639 4228
0.00364 4228
0.003641 4228
0.003642 4228
0.003643 4227
0.003644 4228
0.003645 4227
0.003646 4227
0.003647 4227
0.003648 4227
0.003649 4227
0.00365 4227
0.003651 4227
0.003652 4226
0.003653 4226
0.003654 4225
0.003655 4225
0.003656 4225
0.003657 4224
0.003658 4224
0.003659 4223
0.00366 4223
0.003661 4224
0.003662 4225
0.003663 4225
0.003664 4225
0.003665 4226
0.003666 4226
0.003667 4226
0.003668 4226
0.003669 4225
0.00367 4225
0.003671 4224
0.003672 4224
0.003673 4224
0.003674 4224
0.003675 4224
0.003676 4224
0.003677 4224
0.003678 4223
0.003679 4223
0.00368 4223
0.003681 4223
0.003682 4223
0.003683 4222
0.003684 4222
0.003685 4222
0.003686 4222
0.003687 4223
0.003688 4223
0.003689 4223
0.00369 4223
0.003691 4222
0.003692 4222
0.003693 4223
0.003694 4223
0.003695 4222
0.003696 4223
0.003697 4224
0.003698 4225
0.003699 4226
0.0037 4225
0.003701 4225
0.003702 4225
0.003703 4226
0.003704 4226
0.003705 4227
0.003706 4227
0.003707 4226
0.003708 4227
0.003709 4227
0.00371 4227
0.003711 4227
0.003712 4227
0.003713 4228
0.003714 4228
0.003715 4228
0.003716 4228
0.003717 4227
0.003718 4227
0.003719 4228
0.00372 4228
0.003721 4228
0.003722 4228
0.003723 4228
0.003724 4227
0.003725 4227
0.003726 4228
0.003727 4229
0.003728 4229
0.003729 4229
0.00373 4228
0.003731 4228
0.003732 4228
0.003733 4228
0.003734 4229
0.003735 4230
0.003736 4230
0.003737 4230
0.003738 4230
0.003739 4230
0.00374 4231
0.003741 4229
0.003742 4229
0.003743 4229
0.003744 4229
0.003745 4228
0.003746 4227
0.003747 4227
0.003748 4227
0.003749 4227
0.00375 4226
0.003751 4226
0.003752 4226
0.003753 4226
0.003754 4226
0.003755 4226
0.003756 4226
0.003757 4227
0.003758 4226
0.003759 4226
0.00376 4225
0.003761 4225
0.003762 4225
0.003763 4224
0.003764 4225
0.003765 4225
0.003766 4224
0.003767 4224
0.003768 4224
0.003769 4224
0.00377 4224
0.003771 4224
0.003772 4223
0.003773 4223
0.003774 4223
0.003775 4223
0.003776 4224
0.003777 4223
0.003778 4223
0.003779 4222
0.00378 4223
0.003781 4222
0.003782 4222
0.003783 4221
0.003784 4221
0.003785 4221
0.003786 4221
0.003787 4221
0.003788 4221
0.003789 4221
0.00379 4222
0.003791 4221
0.003792 4221
0.003793 4220
0.003794 4220
0.003795 4220
0.003796 4219
0.003797 4218
0.003798 4217
0.003799 4218
0.0038 4218
0.003801 4217
0.003802 4217
0.003803 4217
0.003804 4217
0.003805 4217
0.003806 4218
0.003807 4217
0.003808 4217
0.003809 4218
0.00381 4219
0.003811 4219
0.003812 4219
0.003813 4219
0.003814 4219
0.003815 4219
0.003816 4220
0.003817 4220
0.003818 4219
0.003819 4219
0.00382 4219
0.003821 4219
0.003822 4219
0.003823 4220
0.003824 4220
0.003825 4220
0.003826 4220
0.003827 4220
0.003828 4219
0.003829 4219
0.00383 4219
0.003831 4219
0.003832 4219
0.003833 4219
0.003834 4219
0.003835 4219
0.003836 4219
0.003837 4219
0.003838 4219
0.003839 4219
0.00384 4219
0.003841 4219
0.003842 4219
0.003843 4219
0.003844 4218
0.003845 4218
0.003846 4217
0.003847 4217
0.003848 4216
0.003849 4215
0.00385 4214
0.003851 4214
0.003852 4214
0.003853 4214
0.003854 4214
0.003855 4214
0.003856 4214
0.003857 4214
0.003858 4214
0.003859 4215
0.00386 4215
0.003861 4215
0.003862 4214
0.003863 4213
0.003864 4213
0.003865 4214
0.003866 4214
0.003867 4213
0.003868 4215
0.003869 4216
0.00387 4215
0.003871 4214
0.003872 4214
0.003873 4214
0.003874 4214
0.003875 4214
0.003876 4214
0.003877 4213
0.003878 4213
0.003879 4214
0.00388 4214
0.003881 4214
0.003882 4214
0.003883 4215
0.003884 4215
0.003885 4215
0.003886 4216
0.003887 4216
0.003888 4216
0.003889 4216
0.00389 4217
0.003891 4217
0.003892 4216
0.003893 4216
0.003894 4216
0.003895 4216
0.003896 4216
0.003897 4216
0.003898 4216
0.003899 4216
0.0039 4216
0.003901 4216
0.003902 4215
0.003903 4215
0.003904 4216
0.003905 4216
0.003906 4216
0.003907 4216
0.003908 4216
0.003909 4216
0.00391 4216
0.003911 4216
0.003912 4214
0.003913 4214
0.003914 4214
0.003915 4214
0.003916 4214
0.003917 4215
0.003918 4215
0.003919 4215
0.00392 4214
0.003921 4214
0.003922 4215
0.003923 4215
0.003924 4215
0.003925 4215
0.003926 4216
0.003927 4216
0.003928 4216
0.003929 4216
0.00393 4217
0.003931 4216
0.003932 4215
0.003933 4216
0.003934 4217
0.003935 4217
0.003936 4217
0.003937 4216
0.003938 4216
0.003939 4216
0.00394 4215
0.003941 4215
0.003942 4216
0.003943 4216
0.003944 4216
0.003945 4215
0.003946 4215
0.003947 4217
0.003948 4217
0.003949 4217
0.00395 4219
0.003951 4220
0.003952 4221
0.003953 4220
0.003954 4220
0.003955 4220
0.003956 4220
0.003957 4221
0.003958 4221
0.003959 4221
0.00396 4221
0.003961 4221
0.003962 4222
0.003963 4222
0.003964 4221
0.003965 4221
0.003966 4221
0.003967 4222
0.003968 4223
0.003969 4222
0.00397 4222
0.003971 4223
0.003972 4224
0.003973 4224
0.003974 4224
0.003975 4224
0.003976 4224
0.003977 4225
0.003978 4225
0.003979 4226
0.00398 4226
0.003981 4226
0.003982 4225
0.003983 4225
0.003984 4225
0.003985 4225
0.003986 4224
0.003987 4223
0.003988 4222
0.003989 4222
0.00399 4221
0.003991 4221
0.003992 4221
0.003993 4221
0.003994 4221
0.003995 4221
0.003996 4220
0.003997 4219
0.003998 4219
0.003999 4219
0.004 4220
0.004001 4221
0.004002 4222
0.004003 4221
0.004004 4222
0.004005 4222
0.004006 4222
0.004007 4222
0.004008 4222
0.004009 4222
0.00401 4224
0.004011 4226
0.004012 4226
0.004013 4225
0.004014 4225
0.004015 4225
0.004016 4224
0.004017 4224
0.004018 4224
0.004019 4224
0.00402 4225
0.004021 4226
0.004022 4224
0.004023 4224
0.004024 4224
0.004025 4224
0.004026 4224
0.004027 4224
0.004028 4225
0.004029 4226
0.00403 4226
0.004031 4226
0.004032 4225
0.004033 4225
0.004034 4225
0.004035 4225
0.004036 4224
0.004037 4224
0.004038 4224
0.004039 4224
0.00404 4224
0.004041 4223
0.004042 4223
0.004043 4223
0.004044 4223
0.004045 4223
0.004046 4223
0.004047 4224
0.004048 4223
0.004049 4223
0.00405 4223
0.004051 4224
0.004052 4224
0.004053 4224
0.004054 4224
0.004055 4225
0.004056 4225
0.004057 4224
0.004058 4224
0.004059 4225
0.00406 4225
0.004061 4225
0.004062 4225
0.004063 4225
0.004064 4224
0.004065 4223
0.004066 4223
0.004067 4223
0.004068 4224
0.004069 4224
0.00407 4224
0.004071 4224
0.004072 4223
0.004073 4223
0.004074 4223
0.004075 4223
0.004076 4223
0.004077 4223
0.004078 4224
0.004079 4224
0.00408 4224
0.004081 4224
0.004082 4224
0.004083 4223
0.004084 4222
0.004085 4223
0.004086 4223
0.004087 4223
0.004088 4223
0.004089 4223
0.00409 4223
0.004091 4222
0.004092 4222
0.004093 4222
0.004094 4222
0.004095 4222
0.004096 4222
0.004097 4223
0.004098 4222
0.004099 4222
0.0041 4222
0.004101 4222
0.004102 4222
0.004103 4223
0.004104 4222
0.004105 4222
0.004106 4222
0.004107 4221
0.004108 4221
0.004109 4221
0.00411 4222
0.004111 4223
0.004112 4223
0.004113 4223
0.004114 4223
0.004115 4225
0.004116 4225
0.004117 4225
0.004118 4225
0.004119 4225
0.00412 4226
0.004121 4226
0.004122 4227
0.004123 4226
0.004124 4226
0.004125 4226
0.004126 4225
0.004127 4225
0.004128 4225
0.004129 4225
0.00413 4225
0.004131 4225
0.004132 4224
0.004133 4224
0.004134 4224
0.004135 4225
0.004136 4225
0.004137 4224
0.004138 4224
0.004139 4224
0.00414 4224
0.004141 4225
0.004142 4225
0.004143 4226
0.004144 4226
0.004145 4226
0.004146 4226
0.004147 4226
0.004148 4227
0.004149 4227
0.00415 4227
0.004151 4226
0.004152 4226
0.004153 4225
0.004154 4225
0.004155 4225
0.004156 4225
0.004157 4224
0.004158 4224
0.004159 4224
0.00416 4224
0.004161 4224
0.004162 4223
0.004163 4223
0.004164 4222
0.004165 4223
0.004166 4223
0.004167 4223
0.004168 4223
0.004169 4222
0.00417 4222
0.004171 4221
0.004172 4222
0.004173 4222
0.004174 4222
0.004175 4222
0.004176 4222
0.004177 4222
0.004178 4224
0.004179 4223
0.00418 4223
0.004181 4223
0.004182 4223
0.004183 4223
0.004184 4223
0.004185 4224
0.004186 4223
0.004187 4224
0.004188 4224
0.004189 4224
0.00419 4224
0.004191 4225
0.004192 4225
0.004193 4224
0.004194 4223
0.004195 4223
0.004196 4223
0.004197 4223
0.004198 4223
0.004199 4224
0.0042 4224
0.004201 4222
0.004202 4223
0.004203 4223
0.004204 4224
0.004205 4225
0.004206 4224
0.004207 4225
0.004208 4225
0.004209 4225
0.00421 4225
0.004211 4225
0.004212 4225
0.004213 4225
0.004214 4225
0.004215 4225
0.004216 4225
0.004217 4225
0.004218 4225
0.004219 4226
0.00422 4225
0.004221 4225
0.004222 4225
0.004223 4224
0.004224 4224
0.004225 4224
0.004226 4223
0.004227 4223
0.004228 4223
0.004229 4223
0.00423 4224
0.004231 4225
0.004232 4224
0.004233 4224
0.004234 4223
0.004235 4223
0.004236 4223
0.004237 4223
0.004238 4224
0.004239 4223
0.00424 4224
0.004241 4224
0.004242 4224
0.004243 4225
0.004244 4226
0.004245 4226
0.004246 4227
0.004247 4227
0.004248 4226
0.004249 4225
0.00425 4224
0.004251 4224
0.004252 4224
0.004253 4224
0.004254 4224
0.004255 4223
0.004256 4223
0.004257 4223
0.004258 4223
0.004259 4224
0.00426 4224
0.004261 4225
0.004262 4225
0.004263 4225
0.004264 4225
0.004265 4225
0.004266 4225
0.004267 4226
0.004268 4226
0.004269 4226
0.00427 4226
0.004271 4226
0.004272 4227
0.004273 4227
0.004274 4227
0.004275 4227
0.004276 4228
0.004277 4229
0.004278 4230
0.004279 4230
0.00428 4231
0.004281 4231
0.004282 4230
0.004283 4229
0.004284 4228
0.004285 4228
0.004286 4227
0.004287 4227
0.004288 4225
0.004289 4225
0.00429 4225
0.004291 4225
0.004292 4225
0.004293 4225
0.004294 4225
0.004295 4225
0.004296 4225
0.004297 4224
0.004298 4224
0.004299 4224
0.0043 4224
0.004301 4224
0.004302 4225
0.004303 4224
0.004304 4224
0.004305 4224
0.004306 4223
0.004307 4223
0.004308 4222
0.004309 4223
0.00431 4223
0.004311 4223
0.004312 4224
0.004313 4223
0.004314 4223
0.004315 4223
0.004316 4223
0.004317 4223
0.004318 4223
0.004319 4222
0.00432 4224
0.004321 4224
0.004322 4224
0.004323 4224
0.004324 4224
0.004325 4223
0.004326 4222
0.004327 4222
0.004328 4222
0.004329 4222
0.00433 4222
0.004331 4222
0.004332 4223
0.004333 4224
0.004334 4224
0.004335 4224
0.004336 4223
0.004337 4222
0.004338 4221
0.004339 4221
0.00434 4221
0.004341 4221
0.004342 4221
0.004343 4221
0.004344 4221
0.004345 4221
0.004346 4221
0.004347 4220
0.004348 4219
0.004349 4219
0.00435 4219
0.004351 4219
0.004352 4219
0.004353 4219
0.004354 4219
0.004355 4219
0.004356 4219
0.004357 4219
0.004358 4219
0.004359 4219
0.00436 4219
0.004361 4219
0.004362 4218
0.004363 4218
0.004364 4218
0.004365 4218
0.004366 4218
0.004367 4218
0.004368 4218
0.004369 4218
0.00437 4218
0.004371 4217
0.004372 4218
0.004373 4219
0.004374 4219
0.004375 4220
0.004376 4220
0.004377 4220
0.004378 4220
0.004379 4220
0.00438 4220
0.004381 4220
0.004382 4220
0.004383 4220
0.004384 4219
0.004385 4216
0.004386 4216
0.004387 4217
0.004388 4218
0.004389 4216
0.00439 4215
0.004391 4215
0.004392 4216
0.004393 4217
0.004394 4218
0.004395 4218
0.004396 4218
0.004397 4217
0.004398 4219
0.004399 4217
0.0044 4217
0.004401 4217
0.004402 4217
0.004403 4216
0.004404 4216
0.004405 4216
0.004406 4215
0.004407 4213
0.004408 4212
0.004409 4212
0.00441 4214
0.004411 4214
0.004412 4213
0.004413 4214
0.004414 4214
0.004415 4214
0.004416 4213
0.004417 4211
0.004418 4211
0.004419 4212
0.00442 4213
0.004421 4213
0.004422 4213
0.004423 4213
0.004424 4213
0.004425 4213
0.004426 4212
0.004427 4212
0.004428 4212
0.004429 4212
0.00443 4212
0.004431 4213
0.004432 4213
0.004433 4213
0.004434 4213
0.004435 4213
0.004436 4213
0.004437 4213
0.004438 4212
0.004439 4211
0.00444 4211
0.004441 4210
0.004442 4210
0.004443 4211
0.004444 4211
0.004445 4211
0.004446 4210
0.004447 4210
0.004448 4210
0.004449 4210
0.00445 4210
0.004451 4211
0.004452 4211
0.004453 4211
0.004454 4211
0.004455 4211
0.004456 4211
0.004457 4210
0.004458 4210
0.004459 4210
0.00446 4210
0.004461 4210
0.004462 4209
0.004463 4209
0.004464 4209
0.004465 4207
0.004466 4208
0.004467 4209
0.004468 4209
0.004469 4209
0.00447 4208
0.004471 4208
0.004472 4208
0.004473 4210
0.004474 4209
0.004475 4209
0.004476 4209
0.004477 4208
0.004478 4209
0.004479 4209
0.00448 4207
0.004481 4207
0.004482 4207
0.004483 4208
0.004484 4208
0.004485 4208
0.004486 4208
0.004487 4209
0.004488 4209
0.004489 4209
0.00449 4209
0.004491 4209
0.004492 4209
0.004493 4209
0.004494 4209
0.004495 4209
0.004496 4209
0.004497 4210
0.004498 4209
0.004499 4207
0.0045 4207
0.004501 4207
0.004502 4207
0.004503 4207
0.004504 4208
0.004505 4209
0.004506 4209
0.004507 4209
0.004508 4209
0.004509 4210
0.00451 4209
0.004511 4208
0.004512 4208
0.004513 4207
0.004514 4206
0.004515 4206
0.004516 4206
0.004517 4207
0.004518 4207
0.004519 4207
0.00452 4206
0.004521 4206
0.004522 4207
0.004523 4207
0.004524 4207
0.004525 4207
0.004526 4207
0.004527 4207
0.004528 4207
0.004529 4207
0.00453 4208
0.004531 4208
0.004532 4208
0.004533 4207
0.004534 4208
0.004535 4208
0.004536 4210
0.004537 4210
0.004538 4209
0.004539 4209
0.00454 4209
0.004541 4209
0.004542 4208
0.004543 4209
0.004544 4209
0.004545 4210
0.004546 4210
0.004547 4210
0.004548 4210
0.004549 4210
0.00455 4210
0.004551 4210
0.004552 4210
0.004553 4210
0.004554 4210
0.004555 4212
0.004556 4212
0.004557 4210
0.004558 4211
0.004559 4211
0.00456 4209
0.004561 4209
0.004562 4209
0.004563 4208
0.004564 4209
0.004565 4209
0.004566 4209
0.004567 4209
0.004568 4209
0.004569 4209
0.00457 4210
0.004571 4210
0.004572 4210
0.004573 4210
0.004574 4211
0.004575 4211
0.004576 4211
0.004577 4212
0.004578 4212
0.004579 4212
0.00458 4213
0.004581 4213
0.004582 4212
0.004583 4212
0.004584 4212
0.004585 4212
0.004586 4212
0.004587 4211
0.004588 4211
0.004589 4211
0.00459 4211
0.004591 4211
0.004592 4211
0.004593 4211
0.004594 4211
0.004595 4211
0.004596 4211
0.004597 4211
0.004598 4211
0.004599 4211
0.0046 4211
0.004601 4211
0.004602 4211
0.004603 4211
0.004604 4211
0.004605 4211
0.004606 4210
0.004607 4211
0.004608 4210
0.004609 4210
0.00461 4210
0.004611 4209
0.004612 4209
0.004613 4209
0.004614 4209
0.004615 4209
0.004616 4208
0.004617 4208
0.004618 4207
0.004619 4207
0.00462 4206
0.004621 4206
0.004622 4206
0.004623 4206
0.004624 4206
0.004625 4206
0.004626 4205
0.004627 4205
0.004628 4204
0.004629 4204
0.00463 4204
0.004631 4204
0.004632 4204
0.004633 4204
0.004634 4203
0.004635 4204
0.004636 4204
0.004637 4204
0.004638 4203
0.004639 4203
0.00464 4204
0.004641 4204
0.004642 4204
0.004643 4204
0.004644 4204
0.004645 4204
0.004646 4204
0.004647 4205
0.004648 4205
0.004649 4205
0.00465 4205
0.004651 4205
0.004652 4205
0.004653 4205
0.004654 4206
0.004655 4206
0.004656 4207
0.004657 4207
0.004658 4207
0.004659 4207
0.00466 4208
0.004661 4209
0.004662 4209
0.004663 4209
0.004664 4209
0.004665 4209
0.004666 4209
0.004667 4209
0.004668 4209
0.004669 4209
0.00467 4209
0.004671 4209
0.004672 4208
0.004673 4206
0.004674 4207
0.004675 4207
0.004676 4207
0.004677 4207
0.004678 4206
0.004679 4206
0.00468 4206
0.004681 4206
0.004682 4207
0.004683 4207
0.004684 4207
0.004685 4207
0.004686 4207
0.004687 4207
0.004688 4207
0.004689 4207
0.00469 4208
0.004691 4207
0.004692 4207
0.004693 4207
0.004694 4208
0.004695 4208
0.004696 4207
0.004697 4207
0.004698 4207
0.004699 4206
0.0047 4206
0.004701 4206
0.004702 4206
0.004703 4205
0.004704 4205
0.004705 4205
0.004706 4205
0.004707 4206
0.004708 4205
0.004709 4205
0.00471 4205
0.004711 4205
0.004712 4205
0.004713 4205
0.004714 4206
0.004715 4206
0.004716 4206
0.004717 4206
0.004718 4207
0.004719 4207
0.00472 4207
0.004721 4207
0.004722 4207
0.004723 4207
0.004724 4207
0.004725 4207
0.004726 4207
0.004727 4207
0.004728 4205
0.004729 4205
0.00473 4205
0.004731 4206
0.004732 4207
0.004733 4207
0.004734 4207
0.004735 4207
0.004736 4207
0.004737 4207
0.004738 4207
0.004739 4207
0.00474 4207
0.004741 4206
0.004742 4205
0.004743 4205
0.004744 4205
0.004745 4205
0.004746 4205
0.004747 4205
0.004748 4206
0.004749 4206
0.00475 4206
0.004751 4206
0.004752 4207
0.004753 4207
0.004754 4208
0.004755 4207
0.004756 4207
0.004757 4207
0.004758 4207
0.004759 4208
0.00476 4208
0.004761 4208
0.004762 4209
0.004763 4209
0.004764 4209
0.004765 4209
0.004766 4209
0.004767 4208
0.004768 4207
0.004769 4207
0.00477 4207
0.004771 4206
0.004772 4206
0.004773 4207
0.004774 4208
0.004775 4208
0.004776 4208
0.004777 4208
0.004778 4208
0.004779 4208
0.00478 4208
0.004781 4208
0.004782 4209
0.004783 4209
0.004784 4209
0.004785 4209
0.004786 4210
0.004787 4210
0.004788 4210
0.004789 4210
0.00479 4210
0.004791 4209
0.004792 4209
0.004793 4209
0.004794 4209
0.004795 4208
0.004796 4209
0.004797 4209
0.004798 4209
0.004799 4209
0.0048 4210
0.004801 4210
0.004802 4210
0.004803 4210
0.004804 4210
0.004805 4210
0.004806 4210
0.004807 4210
0.004808 4209
0.004809 4208
0.00481 4209
0.004811 4209
0.004812 4208
0.004813 4208
0.004814 4208
0.004815 4208
0.004816 4208
0.004817 4208
0.004818 4208
0.004819 4207
0.00482 4207
0.004821 4208
0.004822 4208
0.004823 4208
0.004824 4208
0.004825 4209
0.004826 4209
0.004827 4209
0.004828 4209
0.004829 4209
0.00483 4210
0.004831 4211
0.004832 4209
0.004833 4209
0.004834 4210
0.004835 4210
0.004836 4208
0.004837 4208
0.004838 4207
0.004839 4207
0.00484 4207
0.004841 4206
0.004842 4207
0.004843 4206
0.004844 4205
0.004845 4206
0.004846 4206
0.004847 4206
0.004848 4207
0.004849 4207
0.00485 4207
0.004851 4207
0.004852 4207
0.004853 4208
0.004854 4209
0.004855 4210
0.004856 4210
0.004857 4210
0.004858 4210
0.004859 4211
0.00486 4212
0.004861 4211
0.004862 4211
0.004863 4211
0.004864 4211
0.004865 4211
0.004866 4211
0.004867 4211
0.004868 4211
0.004869 4211
0.00487 4210
0.004871 4210
0.004872 4210
0.004873 4210
0.004874 4210
0.004875 4210
0.004876 4210
0.004877 4210
0.004878 4210
0.004879 4210
0.00488 4210
0.004881 4211
0.004882 4210
0.004883 4210
0.004884 4210
0.004885 4209
0.004886 4210
0.004887 4211
0.004888 4212
0.004889 4213
0.00489 4213
0.004891 4215
0.004892 4215
0.004893 4214
0.004894 4214
0.004895 4214
0.004896 4215
0.004897 4215
0.004898 4215
0.004899 4215
0.0049 4215
0.004901 4215
0.004902 4215
0.004903 4215
0.004904 4215
0.004905 4215
0.004906 4215
0.004907 4215
0.004908 4215
0.004909 4215
0.00491 4215
0.004911 4215
0.004912 4215
0.004913 4215
0.004914 4215
0.004915 4215
0.004916 4215
0.004917 4214
0.004918 4214
0.004919 4214
0.00492 4214
0.004921 4214
0.004922 4214
0.004923 4215
0.004924 4215
0.004925 4215
0.004926 4214
0.004927 4214
0.004928 4214
0.004929 4214
0.00493 4215
0.004931 4215
0.004932 4214
0.004933 4215
0.004934 4215
0.004935 4214
0.004936 4213
0.004937 4214
0.004938 4213
0.004939 4214
0.00494 4213
0.004941 4212
0.004942 4212
0.004943 4213
0.004944 4213
0.004945 4213
0.004946 4213
0.004947 4213
0.004948 4213
0.004949 4214
0.00495 4214
0.004951 4213
0.004952 4213
0.004953 4213
0.004954 4214
0.004955 4215
0.004956 4215
0.004957 4215
0.004958 4215
0.004959 4215
0.00496 4214
0.004961 4214
0.004962 4214
0.004963 4213
0.004964 4213
0.004965 4213
0.004966 4214
0.004967 4214
0.004968 4215
0.004969 4215
0.00497 4215
0.004971 4215
0.004972 4215
0.004973 4214
0.004974 4214
0.004975 4214
0.004976 4214
0.004977 4214
0.004978 4213
0.004979 4213
0.00498 4213
0.004981 4212
0.004982 4212
0.004983 4212
0.004984 4212
0.004985 4212
0.004986 4212
0.004987 4212
0.004988 4212
0.004989 4212
0.00499 4212
0.004991 4212
0.004992 4211
0.004993 4212
0.004994 4211
0.004995 4211
0.004996 4211
0.004997 4212
0.004998 4212
0.004999 4213
0.005 4213
