0 591
1e-06 593
2e-06 595
3e-06 597
4e-06 601
5e-06 603
6e-06 605
7e-06 606
8e-06 608
9e-06 610
1e-05 612
1.1e-05 612
1.2e-05 612
1.3e-05 613
1.4e-05 614
1.5e-05 615
1.6e-05 619
1.7e-05 620
1.8e-05 626
1.9e-05 629
2e-05 631
2.1e-05 634
2.2e-05 637
2.3e-05 641
2.4e-05 642
2.5e-05 643
2.6e-05 644
2.7e-05 646
2.8e-05 652
2.9e-05 654
3e-05 657
3.1e-05 658
3.2e-05 660
3.3e-05 661
3.4e-05 664
3.5e-05 665
3.6e-05 667
3.7e-05 670
3.8e-05 670
3.9e-05 670
4e-05 672
4.1e-05 670
4.2e-05 671
4.3e-05 671
4.4e-05 671
4.5e-05 672
4.6e-05 672
4.7e-05 677
4.8e-05 677
4.9e-05 680
5e-05 680
5.1e-05 682
5.2e-05 684
5.3e-05 685
5.4e-05 685
5.5e-05 685
5.6e-05 686
5.7e-05 687
5.8e-05 690
5.9e-05 691
6e-05 691
6.1e-05 696
6.2e-05 694
6.3e-05 696
6.4e-05 696
6.5e-05 696
6.6e-05 697
6.7e-05 699
6.8e-05 703
6.9e-05 705
7e-05 707
7.1e-05 707
7.2e-05 710
7.3e-05 711
7.4e-05 713
7.5e-05 715
7.6e-05 716
7.7e-05 722
7.8e-05 725
7.9e-05 727
8e-05 728
8.1e-05 730
8.2e-05 735
8.3e-05 736
8.4e-05 736
8.5e-05 739
8.6e-05 739
8.7e-05 741
8.8e-05 744
8.9e-05 742
9e-05 744
9.1e-05 743
9.2e-05 744
9.3e-05 745
9.4e-05 745
9.5e-05 748
9.6e-05 750
9.7e-05 754
9.8e-05 754
9.9e-05 753
0.0001 754
0.000101 756
0.000102 756
0.000103 756
0.000104 757
0.000105 758
0.000106 759
0.000107 759
0.000108 759
0.000109 759
0.00011 759
0.000111 759
0.000112 760
0.000113 760
0.000114 761
0.000115 761
0.000116 761
0.000117 761
0.000118 760
0.000119 763
0.00012 764
0.000121 767
0.000122 770
0.000123 772
0.000124 771
0.000125 771
0.000126 771
0.000127 772
0.000128 777
0.000129 776
0.00013 776
0.000131 775
0.000132 776
0.000133 779
0.000134 778
0.000135 778
0.000136 781
0.000137 783
0.000138 783
0.000139 784
0.00014 784
0.000141 785
0.000142 786
0.000143 786
0.000144 786
0.000145 785
0.000146 787
0.000147 787
0.000148 789
0.000149 789
0.00015 789
0.000151 789
0.000152 789
0.000153 789
0.000154 788
0.000155 788
0.000156 787
0.000157 787
0.000158 788
0.000159 788
0.00016 789
0.000161 789
0.000162 792
0.000163 795
0.000164 795
0.000165 796
0.000166 795
0.000167 795
0.000168 796
0.000169 797
0.00017 798
0.000171 797
0.000172 797
0.000173 799
0.000174 799
0.000175 800
0.000176 803
0.000177 805
0.000178 806
0.000179 808
0.00018 808
0.000181 809
0.000182 808
0.000183 809
0.000184 810
0.000185 809
0.000186 810
0.000187 810
0.000188 810
0.000189 810
0.00019 811
0.000191 813
0.000192 813
0.000193 813
0.000194 813
0.000195 812
0.000196 812
0.000197 812
0.000198 816
0.000199 817
0.0002 818
0.000201 818
0.000202 818
0.000203 817
0.000204 816
0.000205 816
0.000206 818
0.000207 818
0.000208 818
0.000209 817
0.00021 817
0.000211 815
0.000212 816
0.000213 816
0.000214 816
0.000215 815
0.000216 817
0.000217 818
0.000218 819
0.000219 821
0.00022 821
0.000221 823
0.000222 824
0.000223 824
0.000224 825
0.000225 825
0.000226 829
0.000227 829
0.000228 830
0.000229 830
0.00023 831
0.000231 831
0.000232 831
0.000233 831
0.000234 832
0.000235 833
0.000236 832
0.000237 833
0.000238 833
0.000239 833
0.00024 833
0.000241 832
0.000242 831
0.000243 831
0.000244 831
0.000245 832
0.000246 832
0.000247 833
0.000248 834
0.000249 834
0.00025 834
0.000251 834
0.000252 833
0.000253 833
0.000254 833
0.000255 834
0.000256 835
0.000257 835
0.000258 835
0.000259 835
0.00026 835
0.000261 836
0.000262 836
0.000263 837
0.000264 838
0.000265 838
0.000266 838
0.000267 838
0.000268 839
0.000269 839
0.00027 840
0.000271 840
0.000272 840
0.000273 839
0.000274 839
0.000275 839
0.000276 839
0.000277 839
0.000278 840
0.000279 840
0.00028 841
0.000281 841
0.000282 842
0.000283 843
0.000284 843
0.000285 844
0.000286 844
0.000287 844
0.000288 844
0.000289 844
0.00029 844
0.000291 845
0.000292 845
0.000293 845
0.000294 845
0.000295 845
0.000296 845
0.000297 846
0.000298 846
0.000299 844
0.0003 846
0.000301 846
0.000302 846
0.000303 847
0.000304 847
0.000305 847
0.000306 847
0.000307 848
0.000308 848
0.000309 848
0.00031 848
0.000311 850
0.000312 850
0.000313 850
0.000314 850
0.000315 850
0.000316 848
0.000317 850
0.000318 850
0.000319 850
0.00032 851
0.000321 853
0.000322 853
0.000323 853
0.000324 853
0.000325 852
0.000326 853
0.000327 853
0.000328 853
0.000329 853
0.00033 853
0.000331 852
0.000332 852
0.000333 851
0.000334 850
0.000335 850
0.000336 850
0.000337 851
0.000338 852
0.000339 853
0.00034 855
0.000341 855
0.000342 855
0.000343 855
0.000344 855
0.000345 855
0.000346 855
0.000347 855
0.000348 855
0.000349 855
0.00035 855
0.000351 855
0.000352 856
0.000353 856
0.000354 855
0.000355 854
0.000356 854
0.000357 854
0.000358 854
0.000359 854
0.00036 855
0.000361 855
0.000362 855
0.000363 856
0.000364 857
0.000365 857
0.000366 857
0.000367 858
0.000368 858
0.000369 858
0.00037 858
0.000371 856
0.000372 856
0.000373 856
0.000374 856
0.000375 857
0.000376 857
0.000377 857
0.000378 859
0.000379 859
0.00038 859
0.000381 859
0.000382 859
0.000383 860
0.000384 861
0.000385 861
0.000386 861
0.000387 862
0.000388 863
0.000389 863
0.00039 863
0.000391 863
0.000392 862
0.000393 862
0.000394 862
0.000395 863
0.000396 863
0.000397 863
0.000398 863
0.000399 863
0.0004 864
0.000401 864
0.000402 864
0.000403 864
0.000404 864
0.000405 864
0.000406 864
0.000407 864
0.000408 865
0.000409 864
0.00041 864
0.000411 864
0.000412 864
0.000413 864
0.000414 865
0.000415 865
0.000416 865
0.000417 866
0.000418 866
0.000419 866
0.00042 866
0.000421 866
0.000422 866
0.000423 866
0.000424 866
0.000425 866
0.000426 867
0.000427 867
0.000428 867
0.000429 867
0.00043 867
0.000431 867
0.000432 867
0.000433 867
0.000434 867
0.000435 868
0.000436 868
0.000437 868
0.000438 866
0.000439 866
0.00044 867
0.000441 867
0.000442 868
0.000443 868
0.000444 868
0.000445 867
0.000446 866
0.000447 866
0.000448 866
0.000449 866
0.00045 865
0.000451 866
0.000452 868
0.000453 868
0.000454 868
0.000455 868
0.000456 868
0.000457 868
0.000458 868
0.000459 868
0.00046 868
0.000461 868
0.000462 868
0.000463 868
0.000464 869
0.000465 869
0.000466 869
0.000467 869
0.000468 869
0.000469 872
0.00047 872
0.000471 872
0.000472 871
0.000473 871
0.000474 871
0.000475 870
0.000476 870
0.000477 870
0.000478 870
0.000479 870
0.00048 870
0.000481 870
0.000482 870
0.000483 870
0.000484 870
0.000485 870
0.000486 869
0.000487 869
0.000488 869
0.000489 869
0.00049 869
0.000491 869
0.000492 869
0.000493 870
0.000494 870
0.000495 869
0.000496 869
0.000497 869
0.000498 869
0.000499 869
0.0005 869
0.000501 869
0.000502 869
0.000503 869
0.000504 869
0.000505 869
0.000506 869
0.000507 868
0.000508 868
0.000509 868
0.00051 868
0.000511 868
0.000512 868
0.000513 868
0.000514 868
0.000515 868
0.000516 868
0.000517 868
0.000518 868
0.000519 868
0.00052 868
0.000521 868
0.000522 868
0.000523 868
0.000524 868
0.000525 868
0.000526 868
0.000527 866
0.000528 866
0.000529 866
0.00053 866
0.000531 866
0.000532 866
0.000533 866
0.000534 866
0.000535 866
0.000536 866
0.000537 866
0.000538 866
0.000539 866
0.00054 865
0.000541 865
0.000542 865
0.000543 865
0.000544 865
0.000545 865
0.000546 867
0.000547 867
0.000548 867
0.000549 868
0.00055 868
0.000551 868
0.000552 868
0.000553 869
0.000554 869
0.000555 869
0.000556 869
0.000557 869
0.000558 869
0.000559 870
0.00056 870
0.000561 869
0.000562 869
0.000563 869
0.000564 869
0.000565 869
0.000566 868
0.000567 868
0.000568 869
0.000569 869
0.00057 869
0.000571 869
0.000572 869
0.000573 869
0.000574 870
0.000575 870
0.000576 870
0.000577 870
0.000578 870
0.000579 870
0.00058 870
0.000581 870
0.000582 870
0.000583 870
0.000584 870
0.000585 870
0.000586 870
0.000587 870
0.000588 871
0.000589 870
0.00059 870
0.000591 870
0.000592 870
0.000593 870
0.000594 870
0.000595 870
0.000596 871
0.000597 871
0.000598 871
0.000599 872
0.0006 873
0.000601 873
0.000602 873
0.000603 873
0.000604 873
0.000605 873
0.000606 873
0.000607 873
0.000608 873
0.000609 873
0.00061 873
0.000611 873
0.000612 873
0.000613 873
0.000614 873
0.000615 873
0.000616 873
0.000617 873
0.000618 874
0.000619 874
0.00062 874
0.000621 874
0.000622 874
0.000623 874
0.000624 874
0.000625 874
0.000626 874
0.000627 874
0.000628 874
0.000629 874
0.00063 874
0.000631 874
0.000632 874
0.000633 875
0.000634 875
0.000635 876
0.000636 875
0.000637 876
0.000638 876
0.000639 876
0.00064 876
0.000641 876
0.000642 876
0.000643 876
0.000644 876
0.000645 876
0.000646 876
0.000647 876
0.000648 876
0.000649 876
0.00065 875
0.000651 875
0.000652 875
0.000653 875
0.000654 875
0.000655 875
0.000656 874
0.000657 874
0.000658 874
0.000659 874
0.00066 874
0.000661 874
0.000662 874
0.000663 873
0.000664 873
0.000665 873
0.000666 873
0.000667 873
0.000668 873
0.000669 872
0.00067 872
0.000671 872
0.000672 872
0.000673 872
0.000674 872
0.000675 872
0.000676 872
0.000677 872
0.000678 873
0.000679 873
0.00068 873
0.000681 873
0.000682 873
0.000683 873
0.000684 873
0.000685 873
0.000686 873
0.000687 873
0.000688 873
0.000689 873
0.00069 873
0.000691 873
0.000692 873
0.000693 873
0.000694 873
0.000695 874
0.000696 873
0.000697 873
0.000698 873
0.000699 873
0.0007 873
0.000701 873
0.000702 873
0.000703 874
0.000704 874
0.000705 874
0.000706 874
0.000707 874
0.000708 875
0.000709 875
0.00071 875
0.000711 875
0.000712 876
0.000713 876
0.000714 876
0.000715 875
0.000716 875
0.000717 875
0.000718 875
0.000719 875
0.00072 875
0.000721 875
0.000722 875
0.000723 875
0.000724 875
0.000725 877
0.000726 878
0.000727 878
0.000728 878
0.000729 878
0.00073 878
0.000731 878
0.000732 878
0.000733 878
0.000734 878
0.000735 878
0.000736 878
0.000737 878
0.000738 878
0.000739 878
0.00074 878
0.000741 878
0.000742 878
0.000743 878
0.000744 878
0.000745 878
0.000746 878
0.000747 878
0.000748 878
0.000749 878
0.00075 878
0.000751 878
0.000752 878
0.000753 878
0.000754 878
0.000755 878
0.000756 878
0.000757 878
0.000758 878
0.000759 878
0.00076 878
0.000761 878
0.000762 878
0.000763 878
0.000764 878
0.000765 878
0.000766 878
0.000767 878
0.000768 878
0.000769 878
0.00077 878
0.000771 878
0.000772 878
0.000773 878
0.000774 878
0.000775 878
0.000776 878
0.000777 878
0.000778 877
0.000779 877
0.00078 877
0.000781 877
0.000782 877
0.000783 877
0.000784 877
0.000785 877
0.000786 878
0.000787 878
0.000788 878
0.000789 878
0.00079 878
0.000791 878
0.000792 878
0.000793 878
0.000794 878
0.000795 878
0.000796 878
0.000797 878
0.000798 878
0.000799 878
0.0008 878
0.000801 878
0.000802 878
0.000803 878
0.000804 878
0.000805 878
0.000806 878
0.000807 878
0.000808 878
0.000809 878
0.00081 878
0.000811 878
0.000812 878
0.000813 878
0.000814 878
0.000815 878
0.000816 878
0.000817 878
0.000818 878
0.000819 878
0.00082 878
0.000821 878
0.000822 878
0.000823 878
0.000824 878
0.000825 878
0.000826 878
0.000827 878
0.000828 878
0.000829 877
0.00083 877
0.000831 877
0.000832 877
0.000833 877
0.000834 877
0.000835 877
0.000836 877
0.000837 877
0.000838 877
0.000839 877
0.00084 876
0.000841 876
0.000842 876
0.000843 876
0.000844 876
0.000845 877
0.000846 877
0.000847 877
0.000848 877
0.000849 877
0.00085 878
0.000851 878
0.000852 878
0.000853 878
0.000854 878
0.000855 878
0.000856 878
0.000857 878
0.000858 878
0.000859 878
0.00086 878
0.000861 878
0.000862 878
0.000863 878
0.000864 879
0.000865 879
0.000866 879
0.000867 879
0.000868 879
0.000869 880
0.00087 880
0.000871 879
0.000872 879
0.000873 879
0.000874 879
0.000875 879
0.000876 879
0.000877 879
0.000878 879
0.000879 879
0.00088 879
0.000881 879
0.000882 879
0.000883 879
0.000884 879
0.000885 879
0.000886 879
0.000887 879
0.000888 879
0.000889 879
0.00089 879
0.000891 879
0.000892 879
0.000893 879
0.000894 879
0.000895 879
0.000896 879
0.000897 879
0.000898 879
0.000899 879
0.0009 879
0.000901 879
0.000902 879
0.000903 879
0.000904 879
0.000905 879
0.000906 879
0.000907 879
0.000908 879
0.000909 878
0.00091 878
0.000911 878
0.000912 878
0.000913 878
0.000914 878
0.000915 878
0.000916 878
0.000917 878
0.000918 878
0.000919 878
0.00092 878
0.000921 878
0.000922 878
0.000923 878
0.000924 878
0.000925 878
0.000926 879
0.000927 878
0.000928 878
0.000929 878
0.00093 878
0.000931 878
0.000932 878
0.000933 877
0.000934 877
0.000935 878
0.000936 878
0.000937 878
0.000938 877
0.000939 877
0.00094 877
0.000941 877
0.000942 877
0.000943 877
0.000944 877
0.000945 877
0.000946 878
0.000947 878
0.000948 879
0.000949 879
0.00095 879
0.000951 879
0.000952 879
0.000953 879
0.000954 878
0.000955 878
0.000956 878
0.000957 878
0.000958 878
0.000959 878
0.00096 878
0.000961 878
0.000962 878
0.000963 878
0.000964 878
0.000965 878
0.000966 878
0.000967 879
0.000968 879
0.000969 879
0.00097 879
0.000971 879
0.000972 880
0.000973 880
0.000974 880
0.000975 880
0.000976 880
0.000977 880
0.000978 880
0.000979 880
0.00098 879
0.000981 879
0.000982 879
0.000983 879
0.000984 879
0.000985 879
0.000986 879
0.000987 879
0.000988 879
0.000989 879
0.00099 879
0.000991 879
0.000992 879
0.000993 879
0.000994 879
0.000995 879
0.000996 879
0.000997 879
0.000998 879
0.000999 879
0.001 879
0.001001 879
0.001002 879
0.001003 879
0.001004 879
0.001005 879
0.001006 879
0.001007 879
0.001008 879
0.001009 879
0.00101 879
0.001011 879
0.001012 879
0.001013 879
0.001014 879
0.001015 879
0.001016 879
0.001017 879
0.001018 879
0.001019 879
0.00102 880
0.001021 880
0.001022 880
0.001023 880
0.001024 880
0.001025 880
0.001026 880
0.001027 880
0.001028 880
0.001029 880
0.00103 880
0.001031 880
0.001032 881
0.001033 881
0.001034 881
0.001035 881
0.001036 881
0.001037 881
0.001038 881
0.001039 881
0.00104 881
0.001041 881
0.001042 881
0.001043 881
0.001044 881
0.001045 881
0.001046 881
0.001047 881
0.001048 881
0.001049 881
0.00105 881
0.001051 881
0.001052 881
0.001053 881
0.001054 881
0.001055 881
0.001056 881
0.001057 881
0.001058 881
0.001059 881
0.00106 881
0.001061 881
0.001062 881
0.001063 881
0.001064 881
0.001065 881
0.001066 881
0.001067 881
0.001068 881
0.001069 881
0.00107 881
0.001071 882
0.001072 883
0.001073 883
0.001074 883
0.001075 883
0.001076 883
0.001077 883
0.001078 883
0.001079 883
0.00108 883
0.001081 883
0.001082 883
0.001083 883
0.001084 883
0.001085 884
0.001086 884
0.001087 884
0.001088 883
0.001089 883
0.00109 883
0.001091 883
0.001092 883
0.001093 883
0.001094 883
0.001095 883
0.001096 883
0.001097 883
0.001098 883
0.001099 884
0.0011 884
0.001101 884
0.001102 884
0.001103 884
0.001104 884
0.001105 884
0.001106 884
0.001107 884
0.001108 884
0.001109 884
0.00111 884
0.001111 884
0.001112 884
0.001113 884
0.001114 884
0.001115 885
0.001116 885
0.001117 885
0.001118 885
0.001119 885
0.00112 885
0.001121 885
0.001122 885
0.001123 885
0.001124 885
0.001125 885
0.001126 885
0.001127 885
0.001128 885
0.001129 885
0.00113 885
0.001131 885
0.001132 885
0.001133 885
0.001134 885
0.001135 885
0.001136 885
0.001137 885
0.001138 885
0.001139 885
0.00114 885
0.001141 885
0.001142 885
0.001143 885
0.001144 885
0.001145 885
0.001146 885
0.001147 885
0.001148 885
0.001149 885
0.00115 885
0.001151 885
0.001152 885
0.001153 885
0.001154 885
0.001155 885
0.001156 885
0.001157 885
0.001158 884
0.001159 884
0.00116 884
0.001161 884
0.001162 883
0.001163 883
0.001164 883
0.001165 883
0.001166 883
0.001167 883
0.001168 883
0.001169 883
0.00117 883
0.001171 883
0.001172 883
0.001173 883
0.001174 883
0.001175 882
0.001176 882
0.001177 882
0.001178 882
0.001179 882
0.00118 882
0.001181 882
0.001182 882
0.001183 881
0.001184 881
0.001185 880
0.001186 880
0.001187 880
0.001188 880
0.001189 880
0.00119 880
0.001191 880
0.001192 880
0.001193 880
0.001194 880
0.001195 880
0.001196 880
0.001197 880
0.001198 880
0.001199 880
0.0012 880
0.001201 880
0.001202 880
0.001203 880
0.001204 880
0.001205 880
0.001206 880
0.001207 880
0.001208 880
0.001209 880
0.00121 880
0.001211 880
0.001212 880
0.001213 880
0.001214 880
0.001215 880
0.001216 880
0.001217 880
0.001218 880
0.001219 880
0.00122 880
0.001221 880
0.001222 880
0.001223 880
0.001224 880
0.001225 880
0.001226 880
0.001227 879
0.001228 879
0.001229 879
0.00123 879
0.001231 879
0.001232 879
0.001233 880
0.001234 880
0.001235 880
0.001236 881
0.001237 881
0.001238 881
0.001239 881
0.00124 881
0.001241 881
0.001242 881
0.001243 881
0.001244 881
0.001245 881
0.001246 881
0.001247 881
0.001248 881
0.001249 881
0.00125 881
0.001251 881
0.001252 881
0.001253 881
0.001254 881
0.001255 881
0.001256 881
0.001257 881
0.001258 881
0.001259 881
0.00126 881
0.001261 881
0.001262 881
0.001263 881
0.001264 881
0.001265 881
0.001266 881
0.001267 881
0.001268 881
0.001269 882
0.00127 882
0.001271 883
0.001272 883
0.001273 883
0.001274 883
0.001275 883
0.001276 884
0.001277 884
0.001278 884
0.001279 884
0.00128 884
0.001281 884
0.001282 884
0.001283 884
0.001284 884
0.001285 884
0.001286 884
0.001287 884
0.001288 884
0.001289 884
0.00129 884
0.001291 884
0.001292 884
0.001293 884
0.001294 884
0.001295 884
0.001296 884
0.001297 884
0.001298 885
0.001299 885
0.0013 885
0.001301 885
0.001302 885
0.001303 886
0.001304 886
0.001305 886
0.001306 887
0.001307 887
0.001308 887
0.001309 887
0.00131 887
0.001311 887
0.001312 887
0.001313 887
0.001314 887
0.001315 887
0.001316 887
0.001317 887
0.001318 887
0.001319 887
0.00132 889
0.001321 889
0.001322 889
0.001323 889
0.001324 889
0.001325 889
0.001326 889
0.001327 888
0.001328 888
0.001329 888
0.00133 888
0.001331 888
0.001332 888
0.001333 888
0.001334 888
0.001335 888
0.001336 887
0.001337 887
0.001338 887
0.001339 886
0.00134 886
0.001341 886
0.001342 886
0.001343 886
0.001344 886
0.001345 885
0.001346 885
0.001347 885
0.001348 885
0.001349 885
0.00135 885
0.001351 885
0.001352 885
0.001353 885
0.001354 885
0.001355 885
0.001356 885
0.001357 885
0.001358 885
0.001359 885
0.00136 885
0.001361 885
0.001362 885
0.001363 884
0.001364 884
0.001365 884
0.001366 884
0.001367 884
0.001368 884
0.001369 884
0.00137 884
0.001371 884
0.001372 884
0.001373 884
0.001374 884
0.001375 883
0.001376 883
0.001377 883
0.001378 883
0.001379 883
0.00138 883
0.001381 883
0.001382 883
0.001383 883
0.001384 883
0.001385 883
0.001386 883
0.001387 883
0.001388 883
0.001389 883
0.00139 883
0.001391 882
0.001392 882
0.001393 882
0.001394 882
0.001395 882
0.001396 882
0.001397 883
0.001398 883
0.001399 883
0.0014 883
0.001401 883
0.001402 883
0.001403 884
0.001404 884
0.001405 884
0.001406 884
0.001407 884
0.001408 885
0.001409 885
0.00141 885
0.001411 885
0.001412 885
0.001413 885
0.001414 885
0.001415 885
0.001416 885
0.001417 885
0.001418 885
0.001419 885
0.00142 886
0.001421 886
0.001422 885
0.001423 885
0.001424 885
0.001425 885
0.001426 885
0.001427 885
0.001428 885
0.001429 885
0.00143 885
0.001431 885
0.001432 885
0.001433 885
0.001434 885
0.001435 885
0.001436 885
0.001437 885
0.001438 885
0.001439 885
0.00144 885
0.001441 885
0.001442 885
0.001443 885
0.001444 885
0.001445 885
0.001446 885
0.001447 885
0.001448 885
0.001449 885
0.00145 885
0.001451 885
0.001452 885
0.001453 885
0.001454 885
0.001455 885
0.001456 885
0.001457 885
0.001458 885
0.001459 884
0.00146 884
0.001461 884
0.001462 884
0.001463 884
0.001464 884
0.001465 884
0.001466 884
0.001467 884
0.001468 884
0.001469 884
0.00147 884
0.001471 884
0.001472 884
0.001473 884
0.001474 884
0.001475 884
0.001476 884
0.001477 884
0.001478 884
0.001479 884
0.00148 884
0.001481 884
0.001482 884
0.001483 884
0.001484 884
0.001485 884
0.001486 884
0.001487 884
0.001488 884
0.001489 884
0.00149 883
0.001491 883
0.001492 883
0.001493 883
0.001494 883
0.001495 883
0.001496 883
0.001497 883
0.001498 883
0.001499 883
0.0015 884
0.001501 884
0.001502 884
0.001503 884
0.001504 884
0.001505 884
0.001506 884
0.001507 884
0.001508 884
0.001509 884
0.00151 884
0.001511 884
0.001512 884
0.001513 884
0.001514 884
0.001515 884
0.001516 884
0.001517 884
0.001518 884
0.001519 884
0.00152 884
0.001521 884
0.001522 884
0.001523 884
0.001524 884
0.001525 884
0.001526 884
0.001527 884
0.001528 884
0.001529 885
0.00153 885
0.001531 885
0.001532 885
0.001533 885
0.001534 885
0.001535 885
0.001536 885
0.001537 885
0.001538 885
0.001539 885
0.00154 885
0.001541 885
0.001542 885
0.001543 885
0.001544 885
0.001545 885
0.001546 885
0.001547 885
0.001548 885
0.001549 885
0.00155 885
0.001551 885
0.001552 885
0.001553 885
0.001554 885
0.001555 885
0.001556 885
0.001557 885
0.001558 885
0.001559 885
0.00156 885
0.001561 885
0.001562 885
0.001563 885
0.001564 885
0.001565 886
0.001566 885
0.001567 885
0.001568 885
0.001569 885
0.00157 885
0.001571 885
0.001572 885
0.001573 885
0.001574 885
0.001575 885
0.001576 885
0.001577 885
0.001578 885
0.001579 885
0.00158 885
0.001581 885
0.001582 885
0.001583 885
0.001584 885
0.001585 885
0.001586 885
0.001587 885
0.001588 885
0.001589 885
0.00159 885
0.001591 886
0.001592 886
0.001593 886
0.001594 886
0.001595 886
0.001596 886
0.001597 886
0.001598 886
0.001599 886
0.0016 886
0.001601 886
0.001602 886
0.001603 886
0.001604 886
0.001605 886
0.001606 885
0.001607 885
0.001608 885
0.001609 885
0.00161 885
0.001611 885
0.001612 885
0.001613 885
0.001614 885
0.001615 885
0.001616 886
0.001617 885
0.001618 885
0.001619 886
0.00162 886
0.001621 886
0.001622 886
0.001623 886
0.001624 886
0.001625 886
0.001626 886
0.001627 886
0.001628 886
0.001629 886
0.00163 886
0.001631 886
0.001632 886
0.001633 886
0.001634 886
0.001635 886
0.001636 886
0.001637 886
0.001638 886
0.001639 885
0.00164 885
0.001641 885
0.001642 885
0.001643 885
0.001644 885
0.001645 885
0.001646 885
0.001647 885
0.001648 885
0.001649 885
0.00165 885
0.001651 885
0.001652 885
0.001653 885
0.001654 885
0.001655 885
0.001656 885
0.001657 885
0.001658 885
0.001659 885
0.00166 885
0.001661 886
0.001662 886
0.001663 886
0.001664 886
0.001665 886
0.001666 886
0.001667 886
0.001668 886
0.001669 886
0.00167 886
0.001671 886
0.001672 886
0.001673 886
0.001674 886
0.001675 886
0.001676 886
0.001677 886
0.001678 886
0.001679 886
0.00168 886
0.001681 886
0.001682 886
0.001683 887
0.001684 887
0.001685 887
0.001686 886
0.001687 886
0.001688 886
0.001689 886
0.00169 886
0.001691 886
0.001692 886
0.001693 886
0.001694 886
0.001695 886
0.001696 886
0.001697 886
0.001698 886
0.001699 886
0.0017 887
0.001701 887
0.001702 887
0.001703 886
0.001704 886
0.001705 886
0.001706 886
0.001707 885
0.001708 885
0.001709 884
0.00171 884
0.001711 884
0.001712 884
0.001713 884
0.001714 884
0.001715 884
0.001716 884
0.001717 884
0.001718 884
0.001719 884
0.00172 884
0.001721 885
0.001722 885
0.001723 885
0.001724 885
0.001725 885
0.001726 885
0.001727 885
0.001728 885
0.001729 885
0.00173 885
0.001731 885
0.001732 885
0.001733 885
0.001734 885
0.001735 885
0.001736 885
0.001737 885
0.001738 885
0.001739 885
0.00174 885
0.001741 885
0.001742 885
0.001743 884
0.001744 883
0.001745 883
0.001746 883
0.001747 883
0.001748 883
0.001749 883
0.00175 883
0.001751 883
0.001752 883
0.001753 883
0.001754 883
0.001755 883
0.001756 884
0.001757 884
0.001758 884
0.001759 884
0.00176 884
0.001761 884
0.001762 884
0.001763 884
0.001764 884
0.001765 884
0.001766 884
0.001767 884
0.001768 883
0.001769 883
0.00177 883
0.001771 883
0.001772 883
0.001773 883
0.001774 883
0.001775 882
0.001776 882
0.001777 882
0.001778 882
0.001779 882
0.00178 882
0.001781 882
0.001782 882
0.001783 882
0.001784 882
0.001785 882
0.001786 882
0.001787 882
0.001788 881
0.001789 881
0.00179 881
0.001791 881
0.001792 881
0.001793 881
0.001794 881
0.001795 881
0.001796 881
0.001797 881
0.001798 881
0.001799 881
0.0018 881
0.001801 881
0.001802 881
0.001803 880
0.001804 880
0.001805 880
0.001806 880
0.001807 880
0.001808 880
0.001809 880
0.00181 880
0.001811 880
0.001812 880
0.001813 881
0.001814 881
0.001815 881
0.001816 881
0.001817 881
0.001818 881
0.001819 881
0.00182 881
0.001821 881
0.001822 881
0.001823 881
0.001824 882
0.001825 882
0.001826 882
0.001827 882
0.001828 882
0.001829 883
0.00183 883
0.001831 883
0.001832 883
0.001833 883
0.001834 883
0.001835 883
0.001836 883
0.001837 883
0.001838 883
0.001839 883
0.00184 883
0.001841 883
0.001842 883
0.001843 883
0.001844 883
0.001845 884
0.001846 884
0.001847 884
0.001848 884
0.001849 884
0.00185 884
0.001851 884
0.001852 884
0.001853 884
0.001854 884
0.001855 884
0.001856 884
0.001857 885
0.001858 885
0.001859 885
0.00186 885
0.001861 885
0.001862 886
0.001863 886
0.001864 886
0.001865 886
0.001866 886
0.001867 886
0.001868 886
0.001869 886
0.00187 886
0.001871 886
0.001872 886
0.001873 886
0.001874 886
0.001875 886
0.001876 886
0.001877 886
0.001878 886
0.001879 886
0.00188 886
0.001881 886
0.001882 886
0.001883 886
0.001884 886
0.001885 886
0.001886 885
0.001887 884
0.001888 884
0.001889 884
0.00189 884
0.001891 884
0.001892 884
0.001893 884
0.001894 884
0.001895 884
0.001896 884
0.001897 884
0.001898 883
0.001899 883
0.0019 885
0.001901 885
0.001902 884
0.001903 884
0.001904 884
0.001905 884
0.001906 884
0.001907 884
0.001908 884
0.001909 884
0.00191 884
0.001911 884
0.001912 884
0.001913 884
0.001914 884
0.001915 884
0.001916 884
0.001917 884
0.001918 884
0.001919 883
0.00192 883
0.001921 883
0.001922 883
0.001923 883
0.001924 882
0.001925 882
0.001926 883
0.001927 883
0.001928 883
0.001929 882
0.00193 882
0.001931 882
0.001932 882
0.001933 882
0.001934 882
0.001935 882
0.001936 881
0.001937 881
0.001938 882
0.001939 882
0.00194 882
0.001941 882
0.001942 882
0.001943 882
0.001944 882
0.001945 882
0.001946 882
0.001947 882
0.001948 882
0.001949 882
0.00195 882
0.001951 882
0.001952 882
0.001953 882
0.001954 882
0.001955 882
0.001956 882
0.001957 882
0.001958 882
0.001959 882
0.00196 882
0.001961 882
0.001962 883
0.001963 883
0.001964 883
0.001965 883
0.001966 883
0.001967 883
0.001968 883
0.001969 883
0.00197 883
0.001971 883
0.001972 883
0.001973 883
0.001974 883
0.001975 883
0.001976 884
0.001977 884
0.001978 885
0.001979 885
0.00198 885
0.001981 885
0.001982 885
0.001983 885
0.001984 884
0.001985 884
0.001986 884
0.001987 884
0.001988 884
0.001989 885
0.00199 885
0.001991 885
0.001992 885
0.001993 885
0.001994 885
0.001995 885
0.001996 885
0.001997 885
0.001998 885
0.001999 885
0.002 885
0.002001 885
0.002002 885
0.002003 886
0.002004 886
0.002005 886
0.002006 886
0.002007 886
0.002008 886
0.002009 886
0.00201 886
0.002011 886
0.002012 886
0.002013 886
0.002014 886
0.002015 886
0.002016 886
0.002017 886
0.002018 886
0.002019 887
0.00202 887
0.002021 887
0.002022 887
0.002023 887
0.002024 887
0.002025 887
0.002026 887
0.002027 887
0.002028 887
0.002029 887
0.00203 887
0.002031 887
0.002032 887
0.002033 887
0.002034 887
0.002035 887
0.002036 887
0.002037 887
0.002038 888
0.002039 888
0.00204 889
0.002041 889
0.002042 889
0.002043 889
0.002044 889
0.002045 889
0.002046 889
0.002047 889
0.002048 888
0.002049 888
0.00205 887
0.002051 887
0.002052 887
0.002053 887
0.002054 887
0.002055 887
0.002056 888
0.002057 888
0.002058 888
0.002059 888
0.00206 888
0.002061 888
0.002062 888
0.002063 888
0.002064 888
0.002065 888
0.002066 888
0.002067 888
0.002068 888
0.002069 888
0.00207 888
0.002071 888
0.002072 887
0.002073 887
0.002074 887
0.002075 887
0.002076 887
0.002077 887
0.002078 887
0.002079 887
0.00208 887
0.002081 886
0.002082 886
0.002083 886
0.002084 886
0.002085 886
0.002086 886
0.002087 886
0.002088 885
0.002089 885
0.00209 885
0.002091 885
0.002092 885
0.002093 885
0.002094 885
0.002095 885
0.002096 885
0.002097 885
0.002098 885
0.002099 886
0.0021 886
0.002101 886
0.002102 886
0.002103 886
0.002104 886
0.002105 886
0.002106 886
0.002107 886
0.002108 886
0.002109 886
0.00211 886
0.002111 886
0.002112 886
0.002113 887
0.002114 886
0.002115 885
0.002116 885
0.002117 886
0.002118 886
0.002119 886
0.00212 886
0.002121 886
0.002122 886
0.002123 886
0.002124 886
0.002125 885
0.002126 885
0.002127 885
0.002128 885
0.002129 884
0.00213 884
0.002131 884
0.002132 884
0.002133 884
0.002134 884
0.002135 884
0.002136 883
0.002137 883
0.002138 882
0.002139 881
0.00214 881
0.002141 881
0.002142 881
0.002143 881
0.002144 881
0.002145 881
0.002146 881
0.002147 881
0.002148 881
0.002149 881
0.00215 881
0.002151 881
0.002152 881
0.002153 881
0.002154 881
0.002155 881
0.002156 881
0.002157 881
0.002158 881
0.002159 881
0.00216 881
0.002161 881
0.002162 881
0.002163 881
0.002164 881
0.002165 881
0.002166 881
0.002167 881
0.002168 880
0.002169 880
0.00217 880
0.002171 880
0.002172 880
0.002173 880
0.002174 880
0.002175 881
0.002176 881
0.002177 881
0.002178 881
0.002179 881
0.00218 881
0.002181 881
0.002182 881
0.002183 881
0.002184 881
0.002185 881
0.002186 881
0.002187 881
0.002188 881
0.002189 881
0.00219 881
0.002191 881
0.002192 881
0.002193 881
0.002194 881
0.002195 881
0.002196 881
0.002197 882
0.002198 882
0.002199 882
0.0022 882
0.002201 882
0.002202 882
0.002203 882
0.002204 882
0.002205 882
0.002206 882
0.002207 882
0.002208 882
0.002209 883
0.00221 883
0.002211 883
0.002212 883
0.002213 883
0.002214 883
0.002215 883
0.002216 883
0.002217 883
0.002218 883
0.002219 883
0.00222 883
0.002221 883
0.002222 883
0.002223 883
0.002224 883
0.002225 883
0.002226 883
0.002227 883
0.002228 882
0.002229 882
0.00223 882
0.002231 882
0.002232 882
0.002233 882
0.002234 882
0.002235 882
0.002236 882
0.002237 882
0.002238 882
0.002239 882
0.00224 882
0.002241 882
0.002242 882
0.002243 882
0.002244 882
0.002245 882
0.002246 882
0.002247 883
0.002248 883
0.002249 883
0.00225 884
0.002251 884
0.002252 884
0.002253 884
0.002254 883
0.002255 883
0.002256 882
0.002257 882
0.002258 882
0.002259 882
0.00226 882
0.002261 882
0.002262 882
0.002263 882
0.002264 882
0.002265 881
0.002266 881
0.002267 881
0.002268 881
0.002269 881
0.00227 881
0.002271 881
0.002272 881
0.002273 881
0.002274 881
0.002275 882
0.002276 882
0.002277 882
0.002278 882
0.002279 880
0.00228 880
0.002281 881
0.002282 881
0.002283 881
0.002284 881
0.002285 881
0.002286 881
0.002287 881
0.002288 881
0.002289 881
0.00229 881
0.002291 881
0.002292 881
0.002293 881
0.002294 882
0.002295 882
0.002296 882
0.002297 881
0.002298 881
0.002299 881
0.0023 881
0.002301 881
0.002302 882
0.002303 882
0.002304 882
0.002305 882
0.002306 882
0.002307 882
0.002308 882
0.002309 882
0.00231 883
0.002311 883
0.002312 883
0.002313 883
0.002314 883
0.002315 883
0.002316 883
0.002317 883
0.002318 883
0.002319 883
0.00232 883
0.002321 883
0.002322 883
0.002323 883
0.002324 883
0.002325 883
0.002326 883
0.002327 883
0.002328 883
0.002329 883
0.00233 883
0.002331 883
0.002332 883
0.002333 883
0.002334 883
0.002335 883
0.002336 883
0.002337 883
0.002338 883
0.002339 883
0.00234 884
0.002341 884
0.002342 884
0.002343 884
0.002344 885
0.002345 885
0.002346 885
0.002347 885
0.002348 885
0.002349 885
0.00235 885
0.002351 884
0.002352 884
0.002353 884
0.002354 884
0.002355 884
0.002356 884
0.002357 884
0.002358 884
0.002359 884
0.00236 884
0.002361 884
0.002362 884
0.002363 884
0.002364 884
0.002365 884
0.002366 884
0.002367 884
0.002368 884
0.002369 884
0.00237 884
0.002371 884
0.002372 884
0.002373 884
0.002374 884
0.002375 884
0.002376 884
0.002377 884
0.002378 884
0.002379 884
0.00238 883
0.002381 884
0.002382 884
0.002383 884
0.002384 884
0.002385 884
0.002386 884
0.002387 884
0.002388 884
0.002389 884
0.00239 884
0.002391 884
0.002392 884
0.002393 884
0.002394 884
0.002395 884
0.002396 884
0.002397 884
0.002398 884
0.002399 884
0.0024 884
0.002401 884
0.002402 884
0.002403 884
0.002404 884
0.002405 884
0.002406 884
0.002407 884
0.002408 884
0.002409 884
0.00241 884
0.002411 884
0.002412 884
0.002413 884
0.002414 884
0.002415 883
0.002416 882
0.002417 882
0.002418 883
0.002419 883
0.00242 883
0.002421 883
0.002422 883
0.002423 883
0.002424 883
0.002425 883
0.002426 883
0.002427 883
0.002428 883
0.002429 883
0.00243 883
0.002431 883
0.002432 883
0.002433 883
0.002434 883
0.002435 883
0.002436 883
0.002437 883
0.002438 883
0.002439 883
0.00244 883
0.002441 883
0.002442 883
0.002443 883
0.002444 883
0.002445 883
0.002446 882
0.002447 882
0.002448 883
0.002449 883
0.00245 883
0.002451 883
0.002452 883
0.002453 883
0.002454 883
0.002455 883
0.002456 884
0.002457 884
0.002458 884
0.002459 884
0.00246 884
0.002461 884
0.002462 884
0.002463 884
0.002464 884
0.002465 884
0.002466 884
0.002467 884
0.002468 884
0.002469 885
0.00247 885
0.002471 885
0.002472 884
0.002473 884
0.002474 884
0.002475 884
0.002476 884
0.002477 884
0.002478 884
0.002479 884
0.00248 884
0.002481 884
0.002482 884
0.002483 884
0.002484 884
0.002485 885
0.002486 886
0.002487 886
0.002488 886
0.002489 886
0.00249 886
0.002491 886
0.002492 886
0.002493 886
0.002494 886
0.002495 886
0.002496 886
0.002497 886
0.002498 886
0.002499 886
0.0025 885
0.002501 885
0.002502 885
0.002503 885
0.002504 885
0.002505 885
0.002506 885
0.002507 886
0.002508 886
0.002509 886
0.00251 886
0.002511 886
0.002512 886
0.002513 886
0.002514 886
0.002515 887
0.002516 887
0.002517 887
0.002518 887
0.002519 887
0.00252 887
0.002521 887
0.002522 887
0.002523 887
0.002524 887
0.002525 887
0.002526 887
0.002527 887
0.002528 887
0.002529 887
0.00253 887
0.002531 887
0.002532 887
0.002533 887
0.002534 887
0.002535 887
0.002536 887
0.002537 887
0.002538 887
0.002539 887
0.00254 887
0.002541 887
0.002542 887
0.002543 887
0.002544 887
0.002545 887
0.002546 887
0.002547 887
0.002548 887
0.002549 887
0.00255 887
0.002551 886
0.002552 886
0.002553 886
0.002554 886
0.002555 886
0.002556 886
0.002557 886
0.002558 886
0.002559 886
0.00256 886
0.002561 884
0.002562 884
0.002563 884
0.002564 884
0.002565 884
0.002566 884
0.002567 885
0.002568 885
0.002569 885
0.00257 885
0.002571 885
0.002572 885
0.002573 885
0.002574 885
0.002575 885
0.002576 885
0.002577 885
0.002578 885
0.002579 885
0.00258 885
0.002581 885
0.002582 885
0.002583 885
0.002584 885
0.002585 885
0.002586 885
0.002587 885
0.002588 885
0.002589 885
0.00259 885
0.002591 885
0.002592 885
0.002593 885
0.002594 885
0.002595 885
0.002596 885
0.002597 885
0.002598 885
0.002599 885
0.0026 884
0.002601 884
0.002602 884
0.002603 884
0.002604 884
0.002605 883
0.002606 883
0.002607 884
0.002608 884
0.002609 884
0.00261 884
0.002611 884
0.002612 884
0.002613 884
0.002614 884
0.002615 884
0.002616 885
0.002617 885
0.002618 885
0.002619 885
0.00262 883
0.002621 883
0.002622 883
0.002623 882
0.002624 882
0.002625 883
0.002626 883
0.002627 882
0.002628 882
0.002629 882
0.00263 882
0.002631 882
0.002632 882
0.002633 881
0.002634 881
0.002635 881
0.002636 881
0.002637 881
0.002638 881
0.002639 881
0.00264 881
0.002641 881
0.002642 881
0.002643 881
0.002644 881
0.002645 881
0.002646 881
0.002647 881
0.002648 881
0.002649 881
0.00265 881
0.002651 882
0.002652 882
0.002653 882
0.002654 882
0.002655 882
0.002656 882
0.002657 882
0.002658 882
0.002659 882
0.00266 882
0.002661 883
0.002662 882
0.002663 882
0.002664 882
0.002665 882
0.002666 882
0.002667 882
0.002668 882
0.002669 882
0.00267 882
0.002671 882
0.002672 882
0.002673 882
0.002674 882
0.002675 882
0.002676 883
0.002677 883
0.002678 883
0.002679 883
0.00268 883
0.002681 883
0.002682 883
0.002683 883
0.002684 883
0.002685 883
0.002686 883
0.002687 883
0.002688 883
0.002689 883
0.00269 883
0.002691 883
0.002692 883
0.002693 883
0.002694 883
0.002695 883
0.002696 883
0.002697 883
0.002698 883
0.002699 883
0.0027 883
0.002701 883
0.002702 883
0.002703 883
0.002704 883
0.002705 883
0.002706 883
0.002707 883
0.002708 883
0.002709 883
0.00271 883
0.002711 883
0.002712 883
0.002713 883
0.002714 884
0.002715 884
0.002716 884
0.002717 884
0.002718 884
0.002719 884
0.00272 884
0.002721 884
0.002722 884
0.002723 885
0.002724 884
0.002725 884
0.002726 884
0.002727 884
0.002728 884
0.002729 884
0.00273 884
0.002731 884
0.002732 884
0.002733 884
0.002734 884
0.002735 884
0.002736 884
0.002737 884
0.002738 884
0.002739 884
0.00274 884
0.002741 884
0.002742 884
0.002743 884
0.002744 883
0.002745 883
0.002746 883
0.002747 884
0.002748 884
0.002749 884
0.00275 884
0.002751 884
0.002752 884
0.002753 884
0.002754 884
0.002755 884
0.002756 884
0.002757 884
0.002758 883
0.002759 883
0.00276 883
0.002761 883
0.002762 883
0.002763 883
0.002764 883
0.002765 883
0.002766 883
0.002767 884
0.002768 884
0.002769 884
0.00277 885
0.002771 885
0.002772 885
0.002773 885
0.002774 885
0.002775 885
0.002776 885
0.002777 885
0.002778 885
0.002779 884
0.00278 884
0.002781 884
0.002782 885
0.002783 885
0.002784 885
0.002785 885
0.002786 885
0.002787 885
0.002788 885
0.002789 885
0.00279 885
0.002791 885
0.002792 885
0.002793 884
0.002794 884
0.002795 884
0.002796 884
0.002797 884
0.002798 885
0.002799 884
0.0028 884
0.002801 884
0.002802 884
0.002803 884
0.002804 884
0.002805 885
0.002806 885
0.002807 885
0.002808 885
0.002809 885
0.00281 885
0.002811 885
0.002812 885
0.002813 885
0.002814 885
0.002815 885
0.002816 885
0.002817 885
0.002818 885
0.002819 885
0.00282 884
0.002821 884
0.002822 884
0.002823 884
0.002824 884
0.002825 884
0.002826 884
0.002827 885
0.002828 885
0.002829 885
0.00283 885
0.002831 885
0.002832 886
0.002833 886
0.002834 886
0.002835 886
0.002836 886
0.002837 886
0.002838 885
0.002839 885
0.00284 885
0.002841 885
0.002842 885
0.002843 885
0.002844 885
0.002845 886
0.002846 887
0.002847 887
0.002848 887
0.002849 886
0.00285 886
0.002851 886
0.002852 886
0.002853 886
0.002854 886
0.002855 886
0.002856 886
0.002857 886
0.002858 886
0.002859 886
0.00286 886
0.002861 886
0.002862 886
0.002863 886
0.002864 885
0.002865 885
0.002866 885
0.002867 885
0.002868 885
0.002869 885
0.00287 885
0.002871 885
0.002872 886
0.002873 886
0.002874 886
0.002875 886
0.002876 886
0.002877 886
0.002878 885
0.002879 885
0.00288 884
0.002881 884
0.002882 884
0.002883 884
0.002884 884
0.002885 884
0.002886 884
0.002887 883
0.002888 883
0.002889 883
0.00289 883
0.002891 883
0.002892 882
0.002893 882
0.002894 882
0.002895 882
0.002896 882
0.002897 882
0.002898 883
0.002899 883
0.0029 883
0.002901 883
0.002902 883
0.002903 884
0.002904 884
0.002905 884
0.002906 884
0.002907 883
0.002908 883
0.002909 883
0.00291 883
0.002911 883
0.002912 883
0.002913 883
0.002914 883
0.002915 883
0.002916 883
0.002917 883
0.002918 883
0.002919 883
0.00292 883
0.002921 883
0.002922 883
0.002923 883
0.002924 883
0.002925 884
0.002926 884
0.002927 884
0.002928 884
0.002929 884
0.00293 885
0.002931 885
0.002932 885
0.002933 885
0.002934 885
0.002935 885
0.002936 885
0.002937 884
0.002938 884
0.002939 884
0.00294 884
0.002941 884
0.002942 884
0.002943 884
0.002944 884
0.002945 884
0.002946 884
0.002947 884
0.002948 884
0.002949 884
0.00295 884
0.002951 884
0.002952 884
0.002953 884
0.002954 884
0.002955 884
0.002956 884
0.002957 884
0.002958 884
0.002959 884
0.00296 884
0.002961 884
0.002962 884
0.002963 884
0.002964 884
0.002965 884
0.002966 884
0.002967 883
0.002968 883
0.002969 883
0.00297 883
0.002971 883
0.002972 883
0.002973 883
0.002974 883
0.002975 884
0.002976 884
0.002977 884
0.002978 884
0.002979 884
0.00298 884
0.002981 884
0.002982 884
0.002983 884
0.002984 884
0.002985 884
0.002986 884
0.002987 884
0.002988 883
0.002989 883
0.00299 883
0.002991 883
0.002992 883
0.002993 883
0.002994 883
0.002995 883
0.002996 883
0.002997 883
0.002998 883
0.002999 882
0.003 882
0.003001 883
0.003002 883
0.003003 883
0.003004 883
0.003005 883
0.003006 883
0.003007 883
0.003008 883
0.003009 882
0.00301 882
0.003011 882
0.003012 882
0.003013 882
0.003014 882
0.003015 882
0.003016 882
0.003017 882
0.003018 882
0.003019 882
0.00302 882
0.003021 882
0.003022 881
0.003023 881
0.003024 881
0.003025 881
0.003026 882
0.003027 882
0.003028 882
0.003029 882
0.00303 882
0.003031 882
0.003032 882
0.003033 882
0.003034 882
0.003035 882
0.003036 882
0.003037 882
0.003038 882
0.003039 882
0.00304 882
0.003041 882
0.003042 882
0.003043 883
0.003044 883
0.003045 883
0.003046 883
0.003047 883
0.003048 883
0.003049 883
0.00305 883
0.003051 883
0.003052 883
0.003053 883
0.003054 883
0.003055 883
0.003056 883
0.003057 883
0.003058 883
0.003059 883
0.00306 883
0.003061 883
0.003062 883
0.003063 883
0.003064 883
0.003065 883
0.003066 883
0.003067 883
0.003068 883
0.003069 883
0.00307 883
0.003071 883
0.003072 883
0.003073 882
0.003074 882
0.003075 882
0.003076 882
0.003077 882
0.003078 882
0.003079 882
0.00308 882
0.003081 880
0.003082 880
0.003083 880
0.003084 879
0.003085 879
0.003086 879
0.003087 879
0.003088 879
0.003089 879
0.00309 879
0.003091 879
0.003092 879
0.003093 879
0.003094 879
0.003095 879
0.003096 879
0.003097 879
0.003098 879
0.003099 879
0.0031 879
0.003101 879
0.003102 879
0.003103 879
0.003104 879
0.003105 879
0.003106 879
0.003107 879
0.003108 879
0.003109 879
0.00311 879
0.003111 879
0.003112 879
0.003113 879
0.003114 879
0.003115 879
0.003116 879
0.003117 878
0.003118 878
0.003119 878
0.00312 878
0.003121 878
0.003122 878
0.003123 879
0.003124 879
0.003125 879
0.003126 879
0.003127 879
0.003128 879
0.003129 879
0.00313 879
0.003131 878
0.003132 878
0.003133 878
0.003134 878
0.003135 877
0.003136 878
0.003137 878
0.003138 878
0.003139 878
0.00314 878
0.003141 878
0.003142 878
0.003143 878
0.003144 879
0.003145 879
0.003146 879
0.003147 879
0.003148 879
0.003149 879
0.00315 879
0.003151 879
0.003152 879
0.003153 879
0.003154 879
0.003155 879
0.003156 879
0.003157 879
0.003158 879
0.003159 878
0.00316 878
0.003161 878
0.003162 878
0.003163 878
0.003164 878
0.003165 878
0.003166 878
0.003167 878
0.003168 878
0.003169 878
0.00317 878
0.003171 878
0.003172 878
0.003173 877
0.003174 877
0.003175 877
0.003176 877
0.003177 877
0.003178 877
0.003179 877
0.00318 877
0.003181 877
0.003182 877
0.003183 877
0.003184 877
0.003185 877
0.003186 877
0.003187 877
0.003188 877
0.003189 878
0.00319 878
0.003191 878
0.003192 878
0.003193 878
0.003194 878
0.003195 877
0.003196 877
0.003197 877
0.003198 877
0.003199 877
0.0032 877
0.003201 878
0.003202 878
0.003203 878
0.003204 878
0.003205 878
0.003206 878
0.003207 878
0.003208 878
0.003209 878
0.00321 878
0.003211 878
0.003212 878
0.003213 878
0.003214 878
0.003215 879
0.003216 879
0.003217 878
0.003218 878
0.003219 877
0.00322 877
0.003221 877
0.003222 877
0.003223 877
0.003224 877
0.003225 877
0.003226 877
0.003227 877
0.003228 877
0.003229 877
0.00323 877
0.003231 877
0.003232 877
0.003233 877
0.003234 877
0.003235 877
0.003236 877
0.003237 877
0.003238 877
0.003239 877
0.00324 877
0.003241 877
0.003242 877
0.003243 877
0.003244 877
0.003245 877
0.003246 877
0.003247 877
0.003248 877
0.003249 877
0.00325 877
0.003251 877
0.003252 877
0.003253 877
0.003254 877
0.003255 877
0.003256 877
0.003257 876
0.003258 876
0.003259 876
0.00326 876
0.003261 876
0.003262 876
0.003263 876
0.003264 876
0.003265 876
0.003266 876
0.003267 876
0.003268 876
0.003269 876
0.00327 875
0.003271 875
0.003272 875
0.003273 875
0.003274 874
0.003275 874
0.003276 874
0.003277 874
0.003278 874
0.003279 874
0.00328 874
0.003281 874
0.003282 874
0.003283 874
0.003284 874
0.003285 874
0.003286 874
0.003287 874
0.003288 874
0.003289 874
0.00329 874
0.003291 874
0.003292 873
0.003293 873
0.003294 873
0.003295 873
0.003296 873
0.003297 873
0.003298 874
0.003299 874
0.0033 874
0.003301 874
0.003302 874
0.003303 874
0.003304 875
0.003305 874
0.003306 874
0.003307 874
0.003308 874
0.003309 874
0.00331 874
0.003311 874
0.003312 874
0.003313 874
0.003314 875
0.003315 875
0.003316 876
0.003317 876
0.003318 876
0.003319 876
0.00332 876
0.003321 876
0.003322 876
0.003323 876
0.003324 876
0.003325 876
0.003326 876
0.003327 876
0.003328 876
0.003329 876
0.00333 876
0.003331 876
0.003332 876
0.003333 876
0.003334 876
0.003335 876
0.003336 875
0.003337 875
0.003338 875
0.003339 875
0.00334 875
0.003341 875
0.003342 875
0.003343 875
0.003344 875
0.003345 875
0.003346 875
0.003347 875
0.003348 875
0.003349 875
0.00335 875
0.003351 875
0.003352 875
0.003353 875
0.003354 875
0.003355 875
0.003356 875
0.003357 875
0.003358 875
0.003359 875
0.00336 875
0.003361 874
0.003362 874
0.003363 874
0.003364 873
0.003365 873
0.003366 873
0.003367 873
0.003368 873
0.003369 873
0.00337 873
0.003371 873
0.003372 873
0.003373 873
0.003374 873
0.003375 873
0.003376 873
0.003377 873
0.003378 873
0.003379 873
0.00338 873
0.003381 872
0.003382 872
0.003383 872
0.003384 872
0.003385 872
0.003386 872
0.003387 872
0.003388 872
0.003389 872
0.00339 872
0.003391 872
0.003392 872
0.003393 872
0.003394 872
0.003395 872
0.003396 872
0.003397 872
0.003398 872
0.003399 871
0.0034 871
0.003401 871
0.003402 871
0.003403 871
0.003404 871
0.003405 871
0.003406 871
0.003407 871
0.003408 871
0.003409 871
0.00341 871
0.003411 871
0.003412 871
0.003413 871
0.003414 871
0.003415 871
0.003416 871
0.003417 871
0.003418 871
0.003419 871
0.00342 872
0.003421 872
0.003422 872
0.003423 872
0.003424 872
0.003425 872
0.003426 872
0.003427 872
0.003428 872
0.003429 872
0.00343 872
0.003431 872
0.003432 872
0.003433 872
0.003434 873
0.003435 873
0.003436 873
0.003437 873
0.003438 873
0.003439 873
0.00344 873
0.003441 873
0.003442 873
0.003443 873
0.003444 873
0.003445 873
0.003446 873
0.003447 873
0.003448 874
0.003449 873
0.00345 873
0.003451 873
0.003452 873
0.003453 873
0.003454 873
0.003455 873
0.003456 874
0.003457 874
0.003458 874
0.003459 875
0.00346 875
0.003461 875
0.003462 875
0.003463 875
0.003464 875
0.003465 875
0.003466 875
0.003467 875
0.003468 875
0.003469 875
0.00347 875
0.003471 875
0.003472 875
0.003473 875
0.003474 875
0.003475 875
0.003476 875
0.003477 876
0.003478 876
0.003479 876
0.00348 876
0.003481 876
0.003482 876
0.003483 876
0.003484 876
0.003485 876
0.003486 876
0.003487 876
0.003488 876
0.003489 876
0.00349 876
0.003491 876
0.003492 876
0.003493 876
0.003494 876
0.003495 876
0.003496 876
0.003497 876
0.003498 876
0.003499 877
0.0035 877
0.003501 876
0.003502 876
0.003503 876
0.003504 876
0.003505 876
0.003506 876
0.003507 876
0.003508 876
0.003509 876
0.00351 877
0.003511 877
0.003512 877
0.003513 878
0.003514 878
0.003515 878
0.003516 878
0.003517 878
0.003518 878
0.003519 878
0.00352 878
0.003521 878
0.003522 878
0.003523 878
0.003524 878
0.003525 878
0.003526 878
0.003527 878
0.003528 878
0.003529 878
0.00353 878
0.003531 878
0.003532 878
0.003533 878
0.003534 878
0.003535 878
0.003536 878
0.003537 878
0.003538 878
0.003539 879
0.00354 880
0.003541 880
0.003542 879
0.003543 879
0.003544 879
0.003545 879
0.003546 879
0.003547 879
0.003548 879
0.003549 878
0.00355 878
0.003551 878
0.003552 878
0.003553 878
0.003554 878
0.003555 878
0.003556 879
0.003557 879
0.003558 879
0.003559 879
0.00356 879
0.003561 879
0.003562 879
0.003563 878
0.003564 878
0.003565 878
0.003566 878
0.003567 878
0.003568 878
0.003569 878
0.00357 878
0.003571 878
0.003572 878
0.003573 878
0.003574 878
0.003575 878
0.003576 878
0.003577 878
0.003578 878
0.003579 879
0.00358 879
0.003581 879
0.003582 879
0.003583 879
0.003584 879
0.003585 879
0.003586 879
0.003587 879
0.003588 879
0.003589 879
0.00359 880
0.003591 880
0.003592 880
0.003593 880
0.003594 880
0.003595 880
0.003596 880
0.003597 880
0.003598 880
0.003599 880
0.0036 880
0.003601 881
0.003602 881
0.003603 881
0.003604 881
0.003605 881
0.003606 881
0.003607 881
0.003608 881
0.003609 881
0.00361 881
0.003611 881
0.003612 881
0.003613 882
0.003614 882
0.003615 882
0.003616 882
0.003617 881
0.003618 881
0.003619 881
0.00362 881
0.003621 881
0.003622 880
0.003623 880
0.003624 880
0.003625 880
0.003626 880
0.003627 881
0.003628 881
0.003629 881
0.00363 881
0.003631 881
0.003632 881
0.003633 881
0.003634 880
0.003635 880
0.003636 880
0.003637 880
0.003638 880
0.003639 880
0.00364 880
0.003641 880
0.003642 880
0.003643 880
0.003644 880
0.003645 880
0.003646 880
0.003647 880
0.003648 880
0.003649 879
0.00365 878
0.003651 878
0.003652 878
0.003653 878
0.003654 878
0.003655 878
0.003656 878
0.003657 878
0.003658 878
0.003659 878
0.00366 878
0.003661 878
0.003662 878
0.003663 878
0.003664 878
0.003665 878
0.003666 878
0.003667 878
0.003668 878
0.003669 878
0.00367 878
0.003671 878
0.003672 878
0.003673 878
0.003674 878
0.003675 878
0.003676 878
0.003677 878
0.003678 878
0.003679 878
0.00368 878
0.003681 878
0.003682 878
0.003683 878
0.003684 878
0.003685 878
0.003686 877
0.003687 877
0.003688 877
0.003689 877
0.00369 877
0.003691 877
0.003692 877
0.003693 877
0.003694 877
0.003695 877
0.003696 877
0.003697 877
0.003698 877
0.003699 877
0.0037 877
0.003701 877
0.003702 877
0.003703 877
0.003704 877
0.003705 877
0.003706 877
0.003707 877
0.003708 877
0.003709 877
0.00371 877
0.003711 877
0.003712 877
0.003713 878
0.003714 878
0.003715 878
0.003716 878
0.003717 878
0.003718 878
0.003719 878
0.00372 880
0.003721 879
0.003722 879
0.003723 879
0.003724 879
0.003725 880
0.003726 880
0.003727 880
0.003728 880
0.003729 880
0.00373 880
0.003731 880
0.003732 880
0.003733 880
0.003734 880
0.003735 880
0.003736 880
0.003737 881
0.003738 881
0.003739 881
0.00374 881
0.003741 881
0.003742 881
0.003743 881
0.003744 881
0.003745 881
0.003746 881
0.003747 881
0.003748 881
0.003749 881
0.00375 882
0.003751 882
0.003752 882
0.003753 882
0.003754 882
0.003755 882
0.003756 881
0.003757 881
0.003758 881
0.003759 881
0.00376 882
0.003761 881
0.003762 881
0.003763 882
0.003764 882
0.003765 882
0.003766 882
0.003767 882
0.003768 882
0.003769 882
0.00377 882
0.003771 882
0.003772 882
0.003773 882
0.003774 883
0.003775 883
0.003776 883
0.003777 883
0.003778 883
0.003779 883
0.00378 883
0.003781 884
0.003782 884
0.003783 883
0.003784 882
0.003785 882
0.003786 882
0.003787 882
0.003788 882
0.003789 882
0.00379 882
0.003791 882
0.003792 882
0.003793 882
0.003794 882
0.003795 882
0.003796 882
0.003797 882
0.003798 882
0.003799 882
0.0038 882
0.003801 882
0.003802 882
0.003803 881
0.003804 881
0.003805 881
0.003806 881
0.003807 881
0.003808 881
0.003809 880
0.00381 880
0.003811 880
0.003812 880
0.003813 880
0.003814 880
0.003815 880
0.003816 880
0.003817 880
0.003818 880
0.003819 880
0.00382 880
0.003821 879
0.003822 879
0.003823 879
0.003824 879
0.003825 879
0.003826 879
0.003827 879
0.003828 879
0.003829 879
0.00383 879
0.003831 880
0.003832 880
0.003833 880
0.003834 880
0.003835 880
0.003836 880
0.003837 880
0.003838 880
0.003839 880
0.00384 880
0.003841 880
0.003842 880
0.003843 880
0.003844 880
0.003845 881
0.003846 881
0.003847 881
0.003848 881
0.003849 880
0.00385 880
0.003851 880
0.003852 880
0.003853 880
0.003854 880
0.003855 880
0.003856 880
0.003857 881
0.003858 881
0.003859 881
0.00386 881
0.003861 881
0.003862 881
0.003863 881
0.003864 881
0.003865 881
0.003866 882
0.003867 882
0.003868 882
0.003869 882
0.00387 882
0.003871 882
0.003872 882
0.003873 882
0.003874 882
0.003875 882
0.003876 882
0.003877 883
0.003878 883
0.003879 882
0.00388 882
0.003881 882
0.003882 882
0.003883 883
0.003884 883
0.003885 882
0.003886 882
0.003887 881
0.003888 881
0.003889 881
0.00389 881
0.003891 881
0.003892 881
0.003893 881
0.003894 881
0.003895 882
0.003896 882
0.003897 882
0.003898 882
0.003899 882
0.0039 882
0.003901 882
0.003902 882
0.003903 882
0.003904 882
0.003905 882
0.003906 882
0.003907 882
0.003908 882
0.003909 882
0.00391 882
0.003911 882
0.003912 882
0.003913 882
0.003914 882
0.003915 882
0.003916 882
0.003917 882
0.003918 882
0.003919 882
0.00392 882
0.003921 882
0.003922 882
0.003923 882
0.003924 882
0.003925 882
0.003926 882
0.003927 882
0.003928 882
0.003929 882
0.00393 882
0.003931 882
0.003932 882
0.003933 882
0.003934 882
0.003935 882
0.003936 882
0.003937 882
0.003938 882
0.003939 881
0.00394 881
0.003941 881
0.003942 881
0.003943 881
0.003944 881
0.003945 880
0.003946 880
0.003947 880
0.003948 880
0.003949 879
0.00395 880
0.003951 880
0.003952 880
0.003953 881
0.003954 881
0.003955 881
0.003956 880
0.003957 880
0.003958 880
0.003959 880
0.00396 880
0.003961 880
0.003962 880
0.003963 880
0.003964 880
0.003965 880
0.003966 880
0.003967 880
0.003968 880
0.003969 880
0.00397 880
0.003971 880
0.003972 880
0.003973 880
0.003974 879
0.003975 879
0.003976 879
0.003977 879
0.003978 879
0.003979 879
0.00398 879
0.003981 879
0.003982 879
0.003983 879
0.003984 880
0.003985 880
0.003986 880
0.003987 880
0.003988 880
0.003989 879
0.00399 879
0.003991 879
0.003992 879
0.003993 879
0.003994 879
0.003995 879
0.003996 879
0.003997 878
0.003998 879
0.003999 879
0.004 879
0.004001 879
0.004002 879
0.004003 879
0.004004 879
0.004005 879
0.004006 879
0.004007 879
0.004008 879
0.004009 879
0.00401 879
0.004011 879
0.004012 879
0.004013 879
0.004014 879
0.004015 878
0.004016 878
0.004017 878
0.004018 878
0.004019 878
0.00402 877
0.004021 877
0.004022 877
0.004023 877
0.004024 877
0.004025 877
0.004026 876
0.004027 876
0.004028 876
0.004029 876
0.00403 876
0.004031 876
0.004032 876
0.004033 876
0.004034 876
0.004035 876
0.004036 876
0.004037 876
0.004038 875
0.004039 875
0.00404 875
0.004041 875
0.004042 875
0.004043 875
0.004044 875
0.004045 875
0.004046 875
0.004047 875
0.004048 875
0.004049 875
0.00405 875
0.004051 875
0.004052 875
0.004053 875
0.004054 874
0.004055 874
0.004056 874
0.004057 875
0.004058 875
0.004059 875
0.00406 875
0.004061 875
0.004062 875
0.004063 875
0.004064 875
0.004065 875
0.004066 875
0.004067 875
0.004068 875
0.004069 875
0.00407 875
0.004071 875
0.004072 875
0.004073 876
0.004074 876
0.004075 877
0.004076 876
0.004077 876
0.004078 876
0.004079 876
0.00408 876
0.004081 876
0.004082 876
0.004083 875
0.004084 875
0.004085 875
0.004086 875
0.004087 875
0.004088 874
0.004089 874
0.00409 874
0.004091 874
0.004092 874
0.004093 874
0.004094 874
0.004095 874
0.004096 874
0.004097 874
0.004098 874
0.004099 874
0.0041 874
0.004101 874
0.004102 874
0.004103 874
0.004104 874
0.004105 875
0.004106 875
0.004107 876
0.004108 876
0.004109 876
0.00411 876
0.004111 876
0.004112 876
0.004113 876
0.004114 876
0.004115 876
0.004116 876
0.004117 876
0.004118 878
0.004119 878
0.00412 878
0.004121 878
0.004122 878
0.004123 878
0.004124 878
0.004125 878
0.004126 878
0.004127 878
0.004128 878
0.004129 878
0.00413 878
0.004131 878
0.004132 878
0.004133 878
0.004134 878
0.004135 878
0.004136 878
0.004137 878
0.004138 878
0.004139 878
0.00414 878
0.004141 878
0.004142 878
0.004143 878
0.004144 878
0.004145 878
0.004146 877
0.004147 877
0.004148 877
0.004149 877
0.00415 877
0.004151 876
0.004152 875
0.004153 875
0.004154 875
0.004155 875
0.004156 875
0.004157 875
0.004158 875
0.004159 875
0.00416 875
0.004161 874
0.004162 874
0.004163 874
0.004164 874
0.004165 874
0.004166 874
0.004167 874
0.004168 874
0.004169 874
0.00417 875
0.004171 875
0.004172 875
0.004173 875
0.004174 875
0.004175 875
0.004176 875
0.004177 875
0.004178 874
0.004179 874
0.00418 874
0.004181 874
0.004182 875
0.004183 875
0.004184 875
0.004185 876
0.004186 876
0.004187 876
0.004188 876
0.004189 876
0.00419 876
0.004191 876
0.004192 876
0.004193 876
0.004194 876
0.004195 876
0.004196 876
0.004197 876
0.004198 876
0.004199 876
0.0042 876
0.004201 876
0.004202 876
0.004203 876
0.004204 876
0.004205 875
0.004206 875
0.004207 875
0.004208 876
0.004209 876
0.00421 875
0.004211 875
0.004212 875
0.004213 875
0.004214 875
0.004215 875
0.004216 875
0.004217 875
0.004218 875
0.004219 875
0.00422 875
0.004221 875
0.004222 875
0.004223 875
0.004224 875
0.004225 876
0.004226 875
0.004227 875
0.004228 875
0.004229 875
0.00423 875
0.004231 875
0.004232 875
0.004233 875
0.004234 875
0.004235 875
0.004236 875
0.004237 875
0.004238 875
0.004239 875
0.00424 875
0.004241 875
0.004242 875
0.004243 875
0.004244 875
0.004245 875
0.004246 876
0.004247 876
0.004248 876
0.004249 877
0.00425 877
0.004251 877
0.004252 877
0.004253 877
0.004254 877
0.004255 877
0.004256 877
0.004257 877
0.004258 876
0.004259 874
0.00426 873
0.004261 873
0.004262 873
0.004263 872
0.004264 872
0.004265 872
0.004266 872
0.004267 872
0.004268 872
0.004269 872
0.00427 872
0.004271 872
0.004272 872
0.004273 872
0.004274 872
0.004275 872
0.004276 872
0.004277 872
0.004278 872
0.004279 872
0.00428 872
0.004281 872
0.004282 872
0.004283 872
0.004284 872
0.004285 872
0.004286 872
0.004287 872
0.004288 872
0.004289 872
0.00429 872
0.004291 872
0.004292 872
0.004293 873
0.004294 872
0.004295 872
0.004296 872
0.004297 872
0.004298 872
0.004299 872
0.0043 872
0.004301 872
0.004302 873
0.004303 873
0.004304 873
0.004305 873
0.004306 873
0.004307 873
0.004308 872
0.004309 872
0.00431 872
0.004311 872
0.004312 871
0.004313 871
0.004314 872
0.004315 872
0.004316 872
0.004317 872
0.004318 872
0.004319 872
0.00432 872
0.004321 872
0.004322 872
0.004323 872
0.004324 872
0.004325 872
0.004326 872
0.004327 872
0.004328 872
0.004329 872
0.00433 872
0.004331 872
0.004332 871
0.004333 871
0.004334 871
0.004335 871
0.004336 869
0.004337 869
0.004338 869
0.004339 869
0.00434 869
0.004341 870
0.004342 870
0.004343 870
0.004344 870
0.004345 870
0.004346 870
0.004347 870
0.004348 870
0.004349 870
0.00435 869
0.004351 869
0.004352 869
0.004353 869
0.004354 869
0.004355 869
0.004356 869
0.004357 869
0.004358 868
0.004359 868
0.00436 868
0.004361 868
0.004362 868
0.004363 868
0.004364 868
0.004365 869
0.004366 869
0.004367 869
0.004368 869
0.004369 869
0.00437 869
0.004371 869
0.004372 869
0.004373 870
0.004374 870
0.004375 870
0.004376 870
0.004377 870
0.004378 870
0.004379 870
0.00438 870
0.004381 870
0.004382 870
0.004383 870
0.004384 870
0.004385 870
0.004386 870
0.004387 870
0.004388 870
0.004389 870
0.00439 870
0.004391 870
0.004392 870
0.004393 870
0.004394 870
0.004395 870
0.004396 870
0.004397 870
0.004398 870
0.004399 870
0.0044 870
0.004401 870
0.004402 870
0.004403 870
0.004404 870
0.004405 870
0.004406 870
0.004407 870
0.004408 870
0.004409 870
0.00441 870
0.004411 870
0.004412 870
0.004413 870
0.004414 870
0.004415 870
0.004416 870
0.004417 870
0.004418 870
0.004419 869
0.00442 869
0.004421 869
0.004422 869
0.004423 869
0.004424 868
0.004425 868
0.004426 868
0.004427 868
0.004428 868
0.004429 868
0.00443 868
0.004431 868
0.004432 868
0.004433 869
0.004434 869
0.004435 869
0.004436 869
0.004437 869
0.004438 868
0.004439 868
0.00444 868
0.004441 868
0.004442 868
0.004443 868
0.004444 868
0.004445 868
0.004446 868
0.004447 868
0.004448 868
0.004449 868
0.00445 868
0.004451 868
0.004452 868
0.004453 868
0.004454 868
0.004455 868
0.004456 868
0.004457 867
0.004458 867
0.004459 867
0.00446 867
0.004461 867
0.004462 867
0.004463 867
0.004464 867
0.004465 867
0.004466 867
0.004467 867
0.004468 867
0.004469 867
0.00447 867
0.004471 867
0.004472 867
0.004473 867
0.004474 867
0.004475 867
0.004476 867
0.004477 867
0.004478 867
0.004479 867
0.00448 867
0.004481 866
0.004482 866
0.004483 866
0.004484 866
0.004485 866
0.004486 866
0.004487 866
0.004488 866
0.004489 866
0.00449 866
0.004491 866
0.004492 866
0.004493 866
0.004494 866
0.004495 866
0.004496 866
0.004497 865
0.004498 865
0.004499 865
0.0045 865
0.004501 865
0.004502 865
0.004503 865
0.004504 865
0.004505 865
0.004506 865
0.004507 865
0.004508 865
0.004509 865
0.00451 865
0.004511 865
0.004512 865
0.004513 865
0.004514 865
0.004515 865
0.004516 865
0.004517 865
0.004518 864
0.004519 864
0.00452 864
0.004521 864
0.004522 864
0.004523 864
0.004524 864
0.004525 864
0.004526 864
0.004527 864
0.004528 864
0.004529 864
0.00453 864
0.004531 864
0.004532 865
0.004533 865
0.004534 865
0.004535 865
0.004536 865
0.004537 866
0.004538 866
0.004539 866
0.00454 865
0.004541 865
0.004542 864
0.004543 864
0.004544 864
0.004545 864
0.004546 864
0.004547 864
0.004548 863
0.004549 863
0.00455 863
0.004551 863
0.004552 862
0.004553 862
0.004554 863
0.004555 863
0.004556 863
0.004557 863
0.004558 863
0.004559 863
0.00456 863
0.004561 863
0.004562 863
0.004563 863
0.004564 863
0.004565 863
0.004566 863
0.004567 863
0.004568 862
0.004569 861
0.00457 861
0.004571 861
0.004572 861
0.004573 861
0.004574 860
0.004575 860
0.004576 860
0.004577 860
0.004578 860
0.004579 860
0.00458 861
0.004581 861
0.004582 861
0.004583 861
0.004584 861
0.004585 860
0.004586 860
0.004587 860
0.004588 861
0.004589 861
0.00459 861
0.004591 861
0.004592 861
0.004593 861
0.004594 860
0.004595 860
0.004596 859
0.004597 859
0.004598 859
0.004599 859
0.0046 859
0.004601 859
0.004602 859
0.004603 859
0.004604 860
0.004605 860
0.004606 860
0.004607 860
0.004608 860
0.004609 860
0.00461 860
0.004611 860
0.004612 860
0.004613 860
0.004614 860
0.004615 860
0.004616 860
0.004617 860
0.004618 860
0.004619 860
0.00462 860
0.004621 860
0.004622 860
0.004623 860
0.004624 860
0.004625 860
0.004626 860
0.004627 860
0.004628 860
0.004629 860
0.00463 860
0.004631 860
0.004632 860
0.004633 860
0.004634 860
0.004635 860
0.004636 860
0.004637 860
0.004638 860
0.004639 860
0.00464 860
0.004641 860
0.004642 860
0.004643 860
0.004644 860
0.004645 860
0.004646 860
0.004647 860
0.004648 860
0.004649 860
0.00465 860
0.004651 860
0.004652 860
0.004653 859
0.004654 859
0.004655 859
0.004656 859
0.004657 859
0.004658 860
0.004659 860
0.00466 860
0.004661 860
0.004662 860
0.004663 860
0.004664 860
0.004665 860
0.004666 860
0.004667 860
0.004668 860
0.004669 860
0.00467 860
0.004671 861
0.004672 861
0.004673 861
0.004674 861
0.004675 861
0.004676 861
0.004677 861
0.004678 861
0.004679 861
0.00468 861
0.004681 861
0.004682 860
0.004683 860
0.004684 860
0.004685 860
0.004686 859
0.004687 859
0.004688 859
0.004689 860
0.00469 860
0.004691 860
0.004692 860
0.004693 859
0.004694 859
0.004695 859
0.004696 859
0.004697 859
0.004698 859
0.004699 859
0.0047 859
0.004701 859
0.004702 859
0.004703 858
0.004704 858
0.004705 858
0.004706 858
0.004707 858
0.004708 858
0.004709 858
0.00471 858
0.004711 858
0.004712 858
0.004713 858
0.004714 858
0.004715 858
0.004716 858
0.004717 858
0.004718 858
0.004719 858
0.00472 858
0.004721 858
0.004722 858
0.004723 858
0.004724 858
0.004725 858
0.004726 858
0.004727 858
0.004728 858
0.004729 858
0.00473 858
0.004731 858
0.004732 858
0.004733 858
0.004734 858
0.004735 858
0.004736 858
0.004737 858
0.004738 858
0.004739 858
0.00474 858
0.004741 858
0.004742 858
0.004743 858
0.004744 857
0.004745 857
0.004746 857
0.004747 857
0.004748 857
0.004749 857
0.00475 856
0.004751 856
0.004752 856
0.004753 856
0.004754 856
0.004755 856
0.004756 856
0.004757 856
0.004758 856
0.004759 856
0.00476 856
0.004761 856
0.004762 856
0.004763 856
0.004764 856
0.004765 856
0.004766 856
0.004767 856
0.004768 856
0.004769 856
0.00477 856
0.004771 856
0.004772 856
0.004773 856
0.004774 856
0.004775 856
0.004776 856
0.004777 856
0.004778 856
0.004779 856
0.00478 856
0.004781 856
0.004782 856
0.004783 856
0.004784 857
0.004785 857
0.004786 857
0.004787 857
0.004788 857
0.004789 857
0.00479 857
0.004791 857
0.004792 858
0.004793 858
0.004794 858
0.004795 858
0.004796 858
0.004797 858
0.004798 858
0.004799 858
0.0048 858
0.004801 858
0.004802 858
0.004803 858
0.004804 858
0.004805 858
0.004806 858
0.004807 858
0.004808 858
0.004809 858
0.00481 858
0.004811 858
0.004812 858
0.004813 858
0.004814 858
0.004815 858
0.004816 858
0.004817 858
0.004818 858
0.004819 858
0.00482 858
0.004821 858
0.004822 857
0.004823 857
0.004824 857
0.004825 857
0.004826 857
0.004827 857
0.004828 857
0.004829 857
0.00483 857
0.004831 857
0.004832 857
0.004833 857
0.004834 857
0.004835 857
0.004836 857
0.004837 857
0.004838 857
0.004839 857
0.00484 857
0.004841 857
0.004842 857
0.004843 857
0.004844 857
0.004845 857
0.004846 857
0.004847 857
0.004848 857
0.004849 856
0.00485 856
0.004851 856
0.004852 856
0.004853 855
0.004854 855
0.004855 855
0.004856 855
0.004857 855
0.004858 855
0.004859 855
0.00486 855
0.004861 855
0.004862 856
0.004863 856
0.004864 856
0.004865 856
0.004866 856
0.004867 856
0.004868 856
0.004869 856
0.00487 856
0.004871 857
0.004872 857
0.004873 857
0.004874 857
0.004875 857
0.004876 857
0.004877 857
0.004878 857
0.004879 857
0.00488 857
0.004881 858
0.004882 858
0.004883 857
0.004884 857
0.004885 857
0.004886 857
0.004887 856
0.004888 856
0.004889 856
0.00489 856
0.004891 856
0.004892 856
0.004893 857
0.004894 857
0.004895 857
0.004896 857
0.004897 858
0.004898 858
0.004899 858
0.0049 858
0.004901 858
0.004902 858
0.004903 858
0.004904 858
0.004905 858
0.004906 858
0.004907 858
0.004908 858
0.004909 858
0.00491 858
0.004911 858
0.004912 858
0.004913 858
0.004914 858
0.004915 858
0.004916 858
0.004917 858
0.004918 858
0.004919 858
0.00492 858
0.004921 858
0.004922 858
0.004923 858
0.004924 858
0.004925 858
0.004926 858
0.004927 858
0.004928 858
0.004929 858
0.00493 858
0.004931 858
0.004932 858
0.004933 858
0.004934 858
0.004935 858
0.004936 858
0.004937 858
0.004938 858
0.004939 858
0.00494 858
0.004941 858
0.004942 858
0.004943 857
0.004944 857
0.004945 857
0.004946 857
0.004947 857
0.004948 857
0.004949 858
0.00495 858
0.004951 858
0.004952 858
0.004953 858
0.004954 858
0.004955 858
0.004956 858
0.004957 858
0.004958 858
0.004959 858
0.00496 858
0.004961 858
0.004962 858
0.004963 858
0.004964 858
0.004965 858
0.004966 858
0.004967 858
0.004968 858
0.004969 858
0.00497 859
0.004971 858
0.004972 858
0.004973 858
0.004974 858
0.004975 858
0.004976 858
0.004977 858
0.004978 858
0.004979 858
0.00498 858
0.004981 858
0.004982 858
0.004983 858
0.004984 858
0.004985 858
0.004986 858
0.004987 858
0.004988 858
0.004989 857
0.00499 857
0.004991 857
0.004992 857
0.004993 857
0.004994 857
0.004995 857
0.004996 857
0.004997 857
0.004998 857
0.004999 857
0.005 857
