0 1217
1e-06 1216
2e-06 1217
3e-06 1215
4e-06 1215
5e-06 1214
6e-06 1211
7e-06 1211
8e-06 1209
9e-06 1208
1e-05 1206
1.1e-05 1205
1.2e-05 1205
1.3e-05 1204
1.4e-05 1204
1.5e-05 1200
1.6e-05 1200
1.7e-05 1197
1.8e-05 1193
1.9e-05 1192
2e-05 1191
2.1e-05 1191
2.2e-05 1191
2.3e-05 1188
2.4e-05 1186
2.5e-05 1183
2.6e-05 1179
2.7e-05 1177
2.8e-05 1175
2.9e-05 1174
3e-05 1170
3.1e-05 1169
3.2e-05 1170
3.3e-05 1170
3.4e-05 1169
3.5e-05 1168
3.6e-05 1164
3.7e-05 1164
3.8e-05 1164
3.9e-05 1162
4e-05 1159
4.1e-05 1156
4.2e-05 1155
4.3e-05 1154
4.4e-05 1155
4.5e-05 1156
4.6e-05 1157
4.7e-05 1155
4.8e-05 1153
4.9e-05 1150
5e-05 1149
5.1e-05 1147
5.2e-05 1146
5.3e-05 1145
5.4e-05 1144
5.5e-05 1144
5.6e-05 1145
5.7e-05 1141
5.8e-05 1140
5.9e-05 1141
6e-05 1140
6.1e-05 1136
6.2e-05 1134
6.3e-05 1135
6.4e-05 1134
6.5e-05 1133
6.6e-05 1134
6.7e-05 1135
6.8e-05 1136
6.9e-05 1135
7e-05 1135
7.1e-05 1133
7.2e-05 1133
7.3e-05 1128
7.4e-05 1127
7.5e-05 1126
7.6e-05 1125
7.7e-05 1122
7.8e-05 1122
7.9e-05 1121
8e-05 1121
8.1e-05 1120
8.2e-05 1118
8.3e-05 1117
8.4e-05 1118
8.5e-05 1118
8.6e-05 1117
8.7e-05 1115
8.8e-05 1116
8.9e-05 1115
9e-05 1114
9.1e-05 1113
9.2e-05 1113
9.3e-05 1113
9.4e-05 1112
9.5e-05 1107
9.6e-05 1106
9.7e-05 1106
9.8e-05 1104
9.9e-05 1104
0.0001 1103
0.000101 1103
0.000102 1101
0.000103 1100
0.000104 1100
0.000105 1100
0.000106 1099
0.000107 1098
0.000108 1096
0.000109 1095
0.00011 1094
0.000111 1092
0.000112 1091
0.000113 1091
0.000114 1090
0.000115 1090
0.000116 1088
0.000117 1088
0.000118 1084
0.000119 1084
0.00012 1084
0.000121 1081
0.000122 1081
0.000123 1081
0.000124 1077
0.000125 1076
0.000126 1076
0.000127 1076
0.000128 1075
0.000129 1074
0.00013 1073
0.000131 1072
0.000132 1071
0.000133 1070
0.000134 1070
0.000135 1067
0.000136 1067
0.000137 1067
0.000138 1066
0.000139 1064
0.00014 1062
0.000141 1060
0.000142 1059
0.000143 1059
0.000144 1057
0.000145 1058
0.000146 1057
0.000147 1056
0.000148 1056
0.000149 1055
0.00015 1054
0.000151 1054
0.000152 1053
0.000153 1051
0.000154 1050
0.000155 1050
0.000156 1050
0.000157 1050
0.000158 1049
0.000159 1049
0.00016 1050
0.000161 1050
0.000162 1049
0.000163 1050
0.000164 1050
0.000165 1050
0.000166 1049
0.000167 1049
0.000168 1049
0.000169 1048
0.00017 1048
0.000171 1048
0.000172 1048
0.000173 1048
0.000174 1048
0.000175 1047
0.000176 1047
0.000177 1043
0.000178 1042
0.000179 1042
0.00018 1041
0.000181 1039
0.000182 1038
0.000183 1038
0.000184 1037
0.000185 1036
0.000186 1034
0.000187 1034
0.000188 1037
0.000189 1035
0.00019 1034
0.000191 1033
0.000192 1033
0.000193 1033
0.000194 1033
0.000195 1033
0.000196 1034
0.000197 1034
0.000198 1033
0.000199 1031
0.0002 1029
0.000201 1028
0.000202 1028
0.000203 1028
0.000204 1028
0.000205 1029
0.000206 1030
0.000207 1031
0.000208 1031
0.000209 1030
0.00021 1030
0.000211 1029
0.000212 1029
0.000213 1029
0.000214 1027
0.000215 1027
0.000216 1027
0.000217 1026
0.000218 1026
0.000219 1025
0.00022 1025
0.000221 1024
0.000222 1024
0.000223 1025
0.000224 1025
0.000225 1025
0.000226 1024
0.000227 1023
0.000228 1022
0.000229 1020
0.00023 1019
0.000231 1019
0.000232 1018
0.000233 1017
0.000234 1014
0.000235 1014
0.000236 1014
0.000237 1015
0.000238 1015
0.000239 1014
0.00024 1014
0.000241 1013
0.000242 1012
0.000243 1012
0.000244 1012
0.000245 1012
0.000246 1013
0.000247 1012
0.000248 1013
0.000249 1013
0.00025 1013
0.000251 1013
0.000252 1013
0.000253 1013
0.000254 1013
0.000255 1013
0.000256 1013
0.000257 1013
0.000258 1013
0.000259 1013
0.00026 1013
0.000261 1013
0.000262 1013
0.000263 1013
0.000264 1012
0.000265 1011
0.000266 1010
0.000267 1010
0.000268 1010
0.000269 1010
0.00027 1010
0.000271 1009
0.000272 1009
0.000273 1008
0.000274 1008
0.000275 1008
0.000276 1008
0.000277 1008
0.000278 1008
0.000279 1008
0.00028 1008
0.000281 1007
0.000282 1007
0.000283 1005
0.000284 1005
0.000285 1005
0.000286 1005
0.000287 1005
0.000288 1005
0.000289 1004
0.00029 1004
0.000291 1005
0.000292 1005
0.000293 1004
0.000294 1004
0.000295 1004
0.000296 1004
0.000297 1005
0.000298 1005
0.000299 1005
0.0003 1006
0.000301 1006
0.000302 1006
0.000303 1005
0.000304 1005
0.000305 1005
0.000306 1005
0.000307 1004
0.000308 1004
0.000309 1003
0.00031 1002
0.000311 1002
0.000312 1002
0.000313 1002
0.000314 1002
0.000315 1002
0.000316 1002
0.000317 1002
0.000318 1002
0.000319 1002
0.00032 1002
0.000321 1002
0.000322 1002
0.000323 1002
0.000324 1002
0.000325 1002
0.000326 1002
0.000327 1002
0.000328 1002
0.000329 1000
0.00033 999
0.000331 999
0.000332 999
0.000333 999
0.000334 999
0.000335 999
0.000336 999
0.000337 999
0.000338 999
0.000339 1000
0.00034 1000
0.000341 999
0.000342 999
0.000343 999
0.000344 999
0.000345 999
0.000346 999
0.000347 999
0.000348 999
0.000349 999
0.00035 999
0.000351 998
0.000352 998
0.000353 998
0.000354 998
0.000355 998
0.000356 997
0.000357 997
0.000358 998
0.000359 997
0.00036 997
0.000361 997
0.000362 997
0.000363 998
0.000364 998
0.000365 998
0.000366 998
0.000367 998
0.000368 998
0.000369 998
0.00037 999
0.000371 999
0.000372 999
0.000373 999
0.000374 999
0.000375 999
0.000376 999
0.000377 999
0.000378 999
0.000379 999
0.00038 998
0.000381 998
0.000382 998
0.000383 998
0.000384 998
0.000385 998
0.000386 998
0.000387 997
0.000388 997
0.000389 997
0.00039 996
0.000391 996
0.000392 996
0.000393 997
0.000394 997
0.000395 998
0.000396 998
0.000397 998
0.000398 998
0.000399 998
0.0004 998
0.000401 997
0.000402 997
0.000403 997
0.000404 998
0.000405 998
0.000406 998
0.000407 998
0.000408 998
0.000409 998
0.00041 998
0.000411 996
0.000412 996
0.000413 996
0.000414 996
0.000415 996
0.000416 995
0.000417 995
0.000418 994
0.000419 994
0.00042 994
0.000421 994
0.000422 994
0.000423 994
0.000424 994
0.000425 994
0.000426 994
0.000427 992
0.000428 991
0.000429 991
0.00043 991
0.000431 991
0.000432 991
0.000433 992
0.000434 992
0.000435 992
0.000436 992
0.000437 992
0.000438 992
0.000439 991
0.00044 991
0.000441 991
0.000442 991
0.000443 991
0.000444 991
0.000445 991
0.000446 991
0.000447 990
0.000448 991
0.000449 991
0.00045 991
0.000451 990
0.000452 991
0.000453 991
0.000454 992
0.000455 992
0.000456 992
0.000457 992
0.000458 992
0.000459 992
0.00046 992
0.000461 991
0.000462 991
0.000463 991
0.000464 991
0.000465 991
0.000466 991
0.000467 991
0.000468 991
0.000469 991
0.00047 991
0.000471 991
0.000472 991
0.000473 991
0.000474 991
0.000475 991
0.000476 991
0.000477 991
0.000478 991
0.000479 990
0.00048 990
0.000481 990
0.000482 989
0.000483 988
0.000484 988
0.000485 987
0.000486 987
0.000487 986
0.000488 985
0.000489 985
0.00049 985
0.000491 985
0.000492 985
0.000493 984
0.000494 984
0.000495 984
0.000496 984
0.000497 983
0.000498 983
0.000499 983
0.0005 983
0.000501 982
0.000502 981
0.000503 981
0.000504 979
0.000505 978
0.000506 977
0.000507 977
0.000508 976
0.000509 975
0.00051 975
0.000511 975
0.000512 975
0.000513 975
0.000514 974
0.000515 974
0.000516 974
0.000517 974
0.000518 974
0.000519 974
0.00052 973
0.000521 973
0.000522 973
0.000523 972
0.000524 971
0.000525 971
0.000526 971
0.000527 971
0.000528 971
0.000529 971
0.00053 972
0.000531 972
0.000532 972
0.000533 971
0.000534 971
0.000535 971
0.000536 970
0.000537 970
0.000538 970
0.000539 970
0.00054 970
0.000541 970
0.000542 970
0.000543 970
0.000544 970
0.000545 970
0.000546 970
0.000547 970
0.000548 970
0.000549 970
0.00055 970
0.000551 969
0.000552 969
0.000553 969
0.000554 969
0.000555 969
0.000556 969
0.000557 969
0.000558 969
0.000559 969
0.00056 969
0.000561 969
0.000562 969
0.000563 969
0.000564 968
0.000565 968
0.000566 968
0.000567 968
0.000568 968
0.000569 968
0.00057 968
0.000571 968
0.000572 968
0.000573 967
0.000574 967
0.000575 966
0.000576 966
0.000577 966
0.000578 966
0.000579 965
0.00058 965
0.000581 965
0.000582 965
0.000583 965
0.000584 965
0.000585 965
0.000586 965
0.000587 964
0.000588 964
0.000589 964
0.00059 964
0.000591 964
0.000592 963
0.000593 963
0.000594 963
0.000595 963
0.000596 964
0.000597 964
0.000598 964
0.000599 964
0.0006 965
0.000601 965
0.000602 964
0.000603 964
0.000604 964
0.000605 964
0.000606 964
0.000607 963
0.000608 963
0.000609 963
0.00061 963
0.000611 963
0.000612 964
0.000613 964
0.000614 964
0.000615 964
0.000616 964
0.000617 964
0.000618 963
0.000619 963
0.00062 963
0.000621 963
0.000622 963
0.000623 963
0.000624 963
0.000625 963
0.000626 963
0.000627 963
0.000628 963
0.000629 963
0.00063 963
0.000631 963
0.000632 963
0.000633 963
0.000634 963
0.000635 963
0.000636 963
0.000637 963
0.000638 963
0.000639 963
0.00064 963
0.000641 963
0.000642 963
0.000643 963
0.000644 963
0.000645 963
0.000646 963
0.000647 963
0.000648 963
0.000649 964
0.00065 964
0.000651 964
0.000652 964
0.000653 964
0.000654 964
0.000655 964
0.000656 964
0.000657 964
0.000658 964
0.000659 964
0.00066 964
0.000661 964
0.000662 964
0.000663 964
0.000664 964
0.000665 964
0.000666 964
0.000667 964
0.000668 964
0.000669 964
0.00067 964
0.000671 964
0.000672 963
0.000673 963
0.000674 963
0.000675 963
0.000676 963
0.000677 962
0.000678 962
0.000679 962
0.00068 962
0.000681 961
0.000682 961
0.000683 960
0.000684 960
0.000685 960
0.000686 960
0.000687 960
0.000688 960
0.000689 960
0.00069 960
0.000691 960
0.000692 960
0.000693 960
0.000694 960
0.000695 960
0.000696 960
0.000697 960
0.000698 960
0.000699 959
0.0007 959
0.000701 959
0.000702 959
0.000703 959
0.000704 959
0.000705 958
0.000706 958
0.000707 959
0.000708 959
0.000709 959
0.00071 959
0.000711 959
0.000712 959
0.000713 959
0.000714 959
0.000715 959
0.000716 959
0.000717 959
0.000718 959
0.000719 959
0.00072 959
0.000721 959
0.000722 959
0.000723 959
0.000724 959
0.000725 959
0.000726 959
0.000727 959
0.000728 959
0.000729 959
0.00073 960
0.000731 959
0.000732 959
0.000733 959
0.000734 959
0.000735 959
0.000736 959
0.000737 959
0.000738 959
0.000739 959
0.00074 959
0.000741 959
0.000742 959
0.000743 959
0.000744 959
0.000745 959
0.000746 959
0.000747 959
0.000748 959
0.000749 959
0.00075 959
0.000751 959
0.000752 959
0.000753 958
0.000754 958
0.000755 958
0.000756 958
0.000757 958
0.000758 958
0.000759 958
0.00076 958
0.000761 958
0.000762 958
0.000763 958
0.000764 958
0.000765 958
0.000766 958
0.000767 958
0.000768 958
0.000769 958
0.00077 958
0.000771 958
0.000772 958
0.000773 958
0.000774 958
0.000775 958
0.000776 958
0.000777 958
0.000778 958
0.000779 958
0.00078 958
0.000781 958
0.000782 958
0.000783 958
0.000784 958
0.000785 958
0.000786 958
0.000787 958
0.000788 958
0.000789 958
0.00079 958
0.000791 957
0.000792 957
0.000793 958
0.000794 958
0.000795 959
0.000796 959
0.000797 959
0.000798 959
0.000799 959
0.0008 959
0.000801 959
0.000802 959
0.000803 959
0.000804 959
0.000805 959
0.000806 959
0.000807 959
0.000808 959
0.000809 959
0.00081 959
0.000811 959
0.000812 959
0.000813 959
0.000814 959
0.000815 958
0.000816 958
0.000817 958
0.000818 959
0.000819 959
0.00082 959
0.000821 959
0.000822 959
0.000823 959
0.000824 959
0.000825 959
0.000826 959
0.000827 959
0.000828 959
0.000829 959
0.00083 960
0.000831 960
0.000832 960
0.000833 960
0.000834 960
0.000835 961
0.000836 961
0.000837 961
0.000838 961
0.000839 961
0.00084 961
0.000841 961
0.000842 961
0.000843 961
0.000844 961
0.000845 961
0.000846 961
0.000847 961
0.000848 961
0.000849 961
0.00085 961
0.000851 961
0.000852 961
0.000853 961
0.000854 961
0.000855 961
0.000856 962
0.000857 962
0.000858 962
0.000859 962
0.00086 962
0.000861 962
0.000862 962
0.000863 962
0.000864 962
0.000865 962
0.000866 962
0.000867 962
0.000868 962
0.000869 962
0.00087 962
0.000871 962
0.000872 962
0.000873 962
0.000874 962
0.000875 962
0.000876 962
0.000877 962
0.000878 962
0.000879 962
0.00088 963
0.000881 963
0.000882 963
0.000883 963
0.000884 963
0.000885 963
0.000886 963
0.000887 964
0.000888 964
0.000889 963
0.00089 963
0.000891 963
0.000892 963
0.000893 963
0.000894 963
0.000895 963
0.000896 963
0.000897 963
0.000898 963
0.000899 963
0.0009 963
0.000901 963
0.000902 963
0.000903 963
0.000904 963
0.000905 963
0.000906 963
0.000907 963
0.000908 963
0.000909 963
0.00091 963
0.000911 963
0.000912 963
0.000913 963
0.000914 963
0.000915 963
0.000916 962
0.000917 962
0.000918 962
0.000919 962
0.00092 962
0.000921 961
0.000922 961
0.000923 961
0.000924 961
0.000925 961
0.000926 961
0.000927 961
0.000928 961
0.000929 961
0.00093 961
0.000931 961
0.000932 961
0.000933 961
0.000934 961
0.000935 961
0.000936 961
0.000937 961
0.000938 961
0.000939 961
0.00094 961
0.000941 961
0.000942 961
0.000943 961
0.000944 961
0.000945 961
0.000946 961
0.000947 961
0.000948 961
0.000949 961
0.00095 961
0.000951 961
0.000952 961
0.000953 961
0.000954 961
0.000955 961
0.000956 962
0.000957 962
0.000958 962
0.000959 962
0.00096 962
0.000961 962
0.000962 962
0.000963 962
0.000964 962
0.000965 962
0.000966 962
0.000967 962
0.000968 962
0.000969 962
0.00097 962
0.000971 962
0.000972 962
0.000973 962
0.000974 962
0.000975 962
0.000976 962
0.000977 962
0.000978 962
0.000979 962
0.00098 962
0.000981 962
0.000982 962
0.000983 962
0.000984 962
0.000985 962
0.000986 962
0.000987 962
0.000988 962
0.000989 962
0.00099 962
0.000991 962
0.000992 962
0.000993 962
0.000994 962
0.000995 962
0.000996 962
0.000997 961
0.000998 961
0.000999 961
0.001 962
0.001001 961
0.001002 961
0.001003 961
0.001004 961
0.001005 961
0.001006 961
0.001007 961
0.001008 961
0.001009 961
0.00101 961
0.001011 961
0.001012 961
0.001013 961
0.001014 961
0.001015 961
0.001016 961
0.001017 961
0.001018 961
0.001019 961
0.00102 961
0.001021 961
0.001022 962
0.001023 962
0.001024 962
0.001025 962
0.001026 962
0.001027 962
0.001028 962
0.001029 962
0.00103 962
0.001031 962
0.001032 962
0.001033 962
0.001034 962
0.001035 962
0.001036 962
0.001037 961
0.001038 960
0.001039 960
0.00104 960
0.001041 960
0.001042 960
0.001043 960
0.001044 960
0.001045 960
0.001046 960
0.001047 960
0.001048 960
0.001049 960
0.00105 960
0.001051 960
0.001052 960
0.001053 960
0.001054 960
0.001055 960
0.001056 960
0.001057 960
0.001058 960
0.001059 960
0.00106 960
0.001061 960
0.001062 960
0.001063 960
0.001064 960
0.001065 960
0.001066 960
0.001067 960
0.001068 960
0.001069 960
0.00107 960
0.001071 960
0.001072 959
0.001073 959
0.001074 959
0.001075 959
0.001076 959
0.001077 959
0.001078 959
0.001079 959
0.00108 959
0.001081 959
0.001082 958
0.001083 958
0.001084 958
0.001085 958
0.001086 958
0.001087 958
0.001088 958
0.001089 958
0.00109 958
0.001091 958
0.001092 958
0.001093 958
0.001094 957
0.001095 957
0.001096 957
0.001097 958
0.001098 958
0.001099 958
0.0011 958
0.001101 958
0.001102 958
0.001103 958
0.001104 959
0.001105 959
0.001106 959
0.001107 959
0.001108 959
0.001109 959
0.00111 959
0.001111 959
0.001112 959
0.001113 959
0.001114 959
0.001115 959
0.001116 959
0.001117 959
0.001118 959
0.001119 959
0.00112 959
0.001121 959
0.001122 959
0.001123 959
0.001124 959
0.001125 959
0.001126 959
0.001127 959
0.001128 959
0.001129 959
0.00113 959
0.001131 959
0.001132 959
0.001133 959
0.001134 959
0.001135 959
0.001136 959
0.001137 959
0.001138 959
0.001139 959
0.00114 959
0.001141 959
0.001142 959
0.001143 959
0.001144 959
0.001145 959
0.001146 959
0.001147 959
0.001148 959
0.001149 959
0.00115 959
0.001151 958
0.001152 958
0.001153 958
0.001154 957
0.001155 957
0.001156 957
0.001157 957
0.001158 957
0.001159 957
0.00116 957
0.001161 957
0.001162 957
0.001163 957
0.001164 957
0.001165 957
0.001166 957
0.001167 957
0.001168 957
0.001169 957
0.00117 957
0.001171 957
0.001172 957
0.001173 957
0.001174 957
0.001175 957
0.001176 957
0.001177 957
0.001178 957
0.001179 957
0.00118 957
0.001181 957
0.001182 957
0.001183 957
0.001184 957
0.001185 957
0.001186 956
0.001187 956
0.001188 956
0.001189 956
0.00119 956
0.001191 956
0.001192 956
0.001193 956
0.001194 956
0.001195 956
0.001196 956
0.001197 956
0.001198 956
0.001199 956
0.0012 956
0.001201 957
0.001202 957
0.001203 957
0.001204 957
0.001205 957
0.001206 957
0.001207 957
0.001208 957
0.001209 957
0.00121 958
0.001211 958
0.001212 958
0.001213 958
0.001214 958
0.001215 958
0.001216 958
0.001217 958
0.001218 958
0.001219 958
0.00122 958
0.001221 958
0.001222 958
0.001223 958
0.001224 958
0.001225 958
0.001226 959
0.001227 959
0.001228 959
0.001229 959
0.00123 960
0.001231 961
0.001232 961
0.001233 961
0.001234 961
0.001235 960
0.001236 960
0.001237 960
0.001238 960
0.001239 960
0.00124 960
0.001241 960
0.001242 960
0.001243 960
0.001244 960
0.001245 960
0.001246 960
0.001247 960
0.001248 960
0.001249 959
0.00125 959
0.001251 959
0.001252 959
0.001253 959
0.001254 958
0.001255 958
0.001256 958
0.001257 958
0.001258 958
0.001259 958
0.00126 958
0.001261 957
0.001262 957
0.001263 957
0.001264 956
0.001265 956
0.001266 956
0.001267 956
0.001268 956
0.001269 956
0.00127 956
0.001271 956
0.001272 956
0.001273 956
0.001274 956
0.001275 956
0.001276 956
0.001277 956
0.001278 955
0.001279 955
0.00128 955
0.001281 955
0.001282 955
0.001283 955
0.001284 955
0.001285 955
0.001286 955
0.001287 955
0.001288 955
0.001289 955
0.00129 955
0.001291 955
0.001292 955
0.001293 955
0.001294 955
0.001295 955
0.001296 955
0.001297 955
0.001298 955
0.001299 955
0.0013 955
0.001301 955
0.001302 955
0.001303 955
0.001304 955
0.001305 955
0.001306 955
0.001307 955
0.001308 955
0.001309 955
0.00131 954
0.001311 954
0.001312 954
0.001313 954
0.001314 954
0.001315 954
0.001316 954
0.001317 954
0.001318 954
0.001319 954
0.00132 954
0.001321 954
0.001322 954
0.001323 954
0.001324 954
0.001325 954
0.001326 954
0.001327 954
0.001328 954
0.001329 954
0.00133 954
0.001331 954
0.001332 954
0.001333 954
0.001334 954
0.001335 954
0.001336 954
0.001337 954
0.001338 954
0.001339 954
0.00134 954
0.001341 954
0.001342 954
0.001343 954
0.001344 954
0.001345 954
0.001346 954
0.001347 954
0.001348 954
0.001349 954
0.00135 953
0.001351 953
0.001352 953
0.001353 953
0.001354 953
0.001355 953
0.001356 953
0.001357 954
0.001358 954
0.001359 954
0.00136 954
0.001361 955
0.001362 955
0.001363 955
0.001364 955
0.001365 955
0.001366 955
0.001367 955
0.001368 955
0.001369 956
0.00137 956
0.001371 956
0.001372 956
0.001373 956
0.001374 956
0.001375 956
0.001376 956
0.001377 956
0.001378 956
0.001379 956
0.00138 956
0.001381 956
0.001382 956
0.001383 956
0.001384 956
0.001385 956
0.001386 956
0.001387 956
0.001388 956
0.001389 956
0.00139 956
0.001391 956
0.001392 956
0.001393 956
0.001394 956
0.001395 956
0.001396 956
0.001397 956
0.001398 956
0.001399 956
0.0014 956
0.001401 956
0.001402 956
0.001403 956
0.001404 956
0.001405 956
0.001406 956
0.001407 956
0.001408 956
0.001409 956
0.00141 956
0.001411 956
0.001412 956
0.001413 956
0.001414 956
0.001415 956
0.001416 956
0.001417 956
0.001418 956
0.001419 956
0.00142 956
0.001421 956
0.001422 956
0.001423 956
0.001424 956
0.001425 956
0.001426 956
0.001427 956
0.001428 956
0.001429 956
0.00143 956
0.001431 956
0.001432 956
0.001433 957
0.001434 957
0.001435 957
0.001436 957
0.001437 957
0.001438 957
0.001439 957
0.00144 957
0.001441 957
0.001442 957
0.001443 957
0.001444 957
0.001445 957
0.001446 957
0.001447 957
0.001448 957
0.001449 957
0.00145 957
0.001451 957
0.001452 957
0.001453 957
0.001454 957
0.001455 957
0.001456 957
0.001457 957
0.001458 957
0.001459 957
0.00146 957
0.001461 957
0.001462 957
0.001463 957
0.001464 957
0.001465 957
0.001466 957
0.001467 957
0.001468 957
0.001469 957
0.00147 957
0.001471 957
0.001472 957
0.001473 957
0.001474 957
0.001475 957
0.001476 957
0.001477 957
0.001478 956
0.001479 956
0.00148 956
0.001481 956
0.001482 956
0.001483 956
0.001484 956
0.001485 956
0.001486 956
0.001487 956
0.001488 956
0.001489 956
0.00149 956
0.001491 956
0.001492 956
0.001493 956
0.001494 956
0.001495 956
0.001496 955
0.001497 955
0.001498 955
0.001499 955
0.0015 955
0.001501 955
0.001502 955
0.001503 954
0.001504 954
0.001505 954
0.001506 954
0.001507 954
0.001508 954
0.001509 954
0.00151 954
0.001511 954
0.001512 954
0.001513 954
0.001514 954
0.001515 954
0.001516 954
0.001517 955
0.001518 955
0.001519 955
0.00152 955
0.001521 955
0.001522 955
0.001523 955
0.001524 955
0.001525 955
0.001526 955
0.001527 955
0.001528 955
0.001529 955
0.00153 955
0.001531 955
0.001532 955
0.001533 955
0.001534 955
0.001535 955
0.001536 955
0.001537 955
0.001538 955
0.001539 955
0.00154 955
0.001541 955
0.001542 955
0.001543 955
0.001544 955
0.001545 955
0.001546 955
0.001547 955
0.001548 955
0.001549 955
0.00155 955
0.001551 955
0.001552 955
0.001553 955
0.001554 955
0.001555 955
0.001556 955
0.001557 955
0.001558 955
0.001559 955
0.00156 955
0.001561 955
0.001562 955
0.001563 955
0.001564 954
0.001565 953
0.001566 953
0.001567 953
0.001568 953
0.001569 953
0.00157 953
0.001571 953
0.001572 953
0.001573 953
0.001574 953
0.001575 953
0.001576 953
0.001577 953
0.001578 953
0.001579 952
0.00158 952
0.001581 952
0.001582 952
0.001583 952
0.001584 952
0.001585 952
0.001586 952
0.001587 952
0.001588 952
0.001589 952
0.00159 952
0.001591 952
0.001592 952
0.001593 952
0.001594 952
0.001595 952
0.001596 952
0.001597 952
0.001598 952
0.001599 952
0.0016 952
0.001601 952
0.001602 952
0.001603 952
0.001604 952
0.001605 952
0.001606 952
0.001607 952
0.001608 952
0.001609 952
0.00161 952
0.001611 952
0.001612 952
0.001613 952
0.001614 952
0.001615 952
0.001616 952
0.001617 952
0.001618 952
0.001619 952
0.00162 952
0.001621 952
0.001622 952
0.001623 952
0.001624 953
0.001625 953
0.001626 953
0.001627 953
0.001628 953
0.001629 953
0.00163 953
0.001631 953
0.001632 953
0.001633 953
0.001634 953
0.001635 953
0.001636 953
0.001637 953
0.001638 952
0.001639 952
0.00164 952
0.001641 952
0.001642 952
0.001643 952
0.001644 952
0.001645 952
0.001646 952
0.001647 952
0.001648 952
0.001649 952
0.00165 952
0.001651 952
0.001652 952
0.001653 952
0.001654 952
0.001655 952
0.001656 952
0.001657 952
0.001658 952
0.001659 952
0.00166 952
0.001661 952
0.001662 952
0.001663 952
0.001664 952
0.001665 952
0.001666 951
0.001667 951
0.001668 951
0.001669 951
0.00167 951
0.001671 951
0.001672 951
0.001673 951
0.001674 951
0.001675 951
0.001676 951
0.001677 951
0.001678 951
0.001679 950
0.00168 950
0.001681 950
0.001682 950
0.001683 950
0.001684 950
0.001685 950
0.001686 950
0.001687 950
0.001688 950
0.001689 950
0.00169 950
0.001691 950
0.001692 951
0.001693 952
0.001694 952
0.001695 952
0.001696 952
0.001697 952
0.001698 952
0.001699 952
0.0017 952
0.001701 952
0.001702 952
0.001703 953
0.001704 953
0.001705 953
0.001706 953
0.001707 953
0.001708 953
0.001709 952
0.00171 952
0.001711 952
0.001712 952
0.001713 952
0.001714 952
0.001715 952
0.001716 952
0.001717 951
0.001718 951
0.001719 951
0.00172 951
0.001721 951
0.001722 951
0.001723 951
0.001724 951
0.001725 951
0.001726 951
0.001727 951
0.001728 951
0.001729 951
0.00173 951
0.001731 951
0.001732 951
0.001733 951
0.001734 951
0.001735 951
0.001736 951
0.001737 951
0.001738 951
0.001739 951
0.00174 950
0.001741 950
0.001742 951
0.001743 951
0.001744 950
0.001745 950
0.001746 950
0.001747 949
0.001748 949
0.001749 949
0.00175 949
0.001751 949
0.001752 949
0.001753 949
0.001754 949
0.001755 949
0.001756 949
0.001757 949
0.001758 949
0.001759 949
0.00176 949
0.001761 949
0.001762 949
0.001763 949
0.001764 949
0.001765 949
0.001766 949
0.001767 950
0.001768 950
0.001769 950
0.00177 950
0.001771 950
0.001772 950
0.001773 950
0.001774 950
0.001775 950
0.001776 950
0.001777 950
0.001778 950
0.001779 950
0.00178 950
0.001781 951
0.001782 951
0.001783 951
0.001784 951
0.001785 951
0.001786 950
0.001787 950
0.001788 950
0.001789 950
0.00179 950
0.001791 950
0.001792 950
0.001793 950
0.001794 950
0.001795 950
0.001796 950
0.001797 950
0.001798 950
0.001799 950
0.0018 950
0.001801 950
0.001802 950
0.001803 950
0.001804 950
0.001805 950
0.001806 950
0.001807 950
0.001808 950
0.001809 950
0.00181 950
0.001811 950
0.001812 950
0.001813 950
0.001814 950
0.001815 950
0.001816 950
0.001817 950
0.001818 950
0.001819 950
0.00182 950
0.001821 950
0.001822 950
0.001823 950
0.001824 950
0.001825 950
0.001826 950
0.001827 950
0.001828 950
0.001829 950
0.00183 950
0.001831 949
0.001832 949
0.001833 949
0.001834 949
0.001835 949
0.001836 949
0.001837 949
0.001838 949
0.001839 949
0.00184 949
0.001841 949
0.001842 949
0.001843 949
0.001844 949
0.001845 949
0.001846 949
0.001847 949
0.001848 949
0.001849 948
0.00185 948
0.001851 948
0.001852 948
0.001853 948
0.001854 948
0.001855 947
0.001856 947
0.001857 947
0.001858 947
0.001859 947
0.00186 947
0.001861 947
0.001862 947
0.001863 947
0.001864 947
0.001865 947
0.001866 947
0.001867 947
0.001868 946
0.001869 946
0.00187 946
0.001871 946
0.001872 946
0.001873 946
0.001874 946
0.001875 946
0.001876 946
0.001877 946
0.001878 946
0.001879 946
0.00188 946
0.001881 946
0.001882 946
0.001883 946
0.001884 946
0.001885 946
0.001886 946
0.001887 946
0.001888 946
0.001889 946
0.00189 946
0.001891 946
0.001892 946
0.001893 946
0.001894 946
0.001895 946
0.001896 946
0.001897 946
0.001898 946
0.001899 946
0.0019 946
0.001901 946
0.001902 946
0.001903 946
0.001904 946
0.001905 946
0.001906 946
0.001907 946
0.001908 946
0.001909 946
0.00191 946
0.001911 946
0.001912 946
0.001913 946
0.001914 946
0.001915 946
0.001916 946
0.001917 946
0.001918 946
0.001919 946
0.00192 946
0.001921 946
0.001922 946
0.001923 946
0.001924 946
0.001925 946
0.001926 946
0.001927 946
0.001928 946
0.001929 946
0.00193 946
0.001931 945
0.001932 945
0.001933 945
0.001934 945
0.001935 945
0.001936 945
0.001937 945
0.001938 945
0.001939 945
0.00194 945
0.001941 945
0.001942 945
0.001943 945
0.001944 945
0.001945 945
0.001946 945
0.001947 945
0.001948 945
0.001949 945
0.00195 945
0.001951 945
0.001952 945
0.001953 945
0.001954 945
0.001955 945
0.001956 945
0.001957 945
0.001958 945
0.001959 945
0.00196 945
0.001961 945
0.001962 945
0.001963 945
0.001964 945
0.001965 945
0.001966 945
0.001967 945
0.001968 945
0.001969 945
0.00197 945
0.001971 945
0.001972 945
0.001973 945
0.001974 945
0.001975 945
0.001976 945
0.001977 945
0.001978 945
0.001979 945
0.00198 945
0.001981 945
0.001982 945
0.001983 945
0.001984 945
0.001985 945
0.001986 945
0.001987 945
0.001988 945
0.001989 945
0.00199 945
0.001991 944
0.001992 944
0.001993 945
0.001994 945
0.001995 945
0.001996 945
0.001997 946
0.001998 946
0.001999 946
0.002 946
0.002001 946
0.002002 946
0.002003 946
0.002004 946
0.002005 946
0.002006 946
0.002007 946
0.002008 946
0.002009 946
0.00201 946
0.002011 946
0.002012 946
0.002013 946
0.002014 946
0.002015 946
0.002016 946
0.002017 946
0.002018 946
0.002019 946
0.00202 946
0.002021 946
0.002022 946
0.002023 946
0.002024 946
0.002025 946
0.002026 946
0.002027 946
0.002028 946
0.002029 946
0.00203 946
0.002031 946
0.002032 946
0.002033 946
0.002034 946
0.002035 946
0.002036 946
0.002037 946
0.002038 945
0.002039 945
0.00204 945
0.002041 945
0.002042 945
0.002043 945
0.002044 945
0.002045 945
0.002046 945
0.002047 945
0.002048 945
0.002049 945
0.00205 945
0.002051 945
0.002052 945
0.002053 945
0.002054 946
0.002055 946
0.002056 946
0.002057 946
0.002058 946
0.002059 946
0.00206 947
0.002061 947
0.002062 947
0.002063 947
0.002064 947
0.002065 947
0.002066 947
0.002067 947
0.002068 947
0.002069 947
0.00207 947
0.002071 947
0.002072 947
0.002073 947
0.002074 947
0.002075 947
0.002076 947
0.002077 947
0.002078 947
0.002079 947
0.00208 947
0.002081 947
0.002082 947
0.002083 947
0.002084 947
0.002085 947
0.002086 947
0.002087 947
0.002088 947
0.002089 947
0.00209 947
0.002091 947
0.002092 947
0.002093 947
0.002094 947
0.002095 947
0.002096 947
0.002097 947
0.002098 947
0.002099 947
0.0021 947
0.002101 947
0.002102 947
0.002103 947
0.002104 947
0.002105 947
0.002106 947
0.002107 947
0.002108 947
0.002109 947
0.00211 947
0.002111 947
0.002112 947
0.002113 947
0.002114 947
0.002115 947
0.002116 947
0.002117 947
0.002118 947
0.002119 948
0.00212 948
0.002121 947
0.002122 947
0.002123 946
0.002124 946
0.002125 946
0.002126 946
0.002127 946
0.002128 946
0.002129 946
0.00213 946
0.002131 946
0.002132 946
0.002133 946
0.002134 946
0.002135 947
0.002136 947
0.002137 947
0.002138 947
0.002139 947
0.00214 947
0.002141 947
0.002142 947
0.002143 947
0.002144 947
0.002145 947
0.002146 947
0.002147 947
0.002148 947
0.002149 946
0.00215 945
0.002151 945
0.002152 945
0.002153 945
0.002154 945
0.002155 945
0.002156 945
0.002157 945
0.002158 944
0.002159 944
0.00216 944
0.002161 944
0.002162 944
0.002163 944
0.002164 944
0.002165 944
0.002166 944
0.002167 944
0.002168 944
0.002169 944
0.00217 944
0.002171 944
0.002172 944
0.002173 944
0.002174 944
0.002175 944
0.002176 944
0.002177 944
0.002178 944
0.002179 944
0.00218 944
0.002181 944
0.002182 944
0.002183 944
0.002184 944
0.002185 944
0.002186 944
0.002187 944
0.002188 944
0.002189 944
0.00219 944
0.002191 944
0.002192 944
0.002193 943
0.002194 943
0.002195 943
0.002196 943
0.002197 943
0.002198 943
0.002199 943
0.0022 942
0.002201 942
0.002202 942
0.002203 942
0.002204 942
0.002205 942
0.002206 942
0.002207 942
0.002208 942
0.002209 941
0.00221 941
0.002211 941
0.002212 941
0.002213 941
0.002214 941
0.002215 941
0.002216 941
0.002217 941
0.002218 940
0.002219 940
0.00222 940
0.002221 941
0.002222 941
0.002223 941
0.002224 941
0.002225 941
0.002226 941
0.002227 940
0.002228 940
0.002229 940
0.00223 940
0.002231 940
0.002232 940
0.002233 940
0.002234 940
0.002235 940
0.002236 940
0.002237 940
0.002238 941
0.002239 941
0.00224 941
0.002241 941
0.002242 940
0.002243 940
0.002244 940
0.002245 940
0.002246 940
0.002247 940
0.002248 940
0.002249 940
0.00225 940
0.002251 940
0.002252 940
0.002253 940
0.002254 941
0.002255 941
0.002256 941
0.002257 941
0.002258 941
0.002259 941
0.00226 941
0.002261 941
0.002262 941
0.002263 941
0.002264 941
0.002265 941
0.002266 941
0.002267 941
0.002268 942
0.002269 942
0.00227 942
0.002271 942
0.002272 942
0.002273 942
0.002274 942
0.002275 942
0.002276 942
0.002277 942
0.002278 942
0.002279 942
0.00228 942
0.002281 942
0.002282 942
0.002283 942
0.002284 942
0.002285 942
0.002286 942
0.002287 942
0.002288 942
0.002289 942
0.00229 943
0.002291 943
0.002292 943
0.002293 943
0.002294 943
0.002295 942
0.002296 942
0.002297 942
0.002298 942
0.002299 942
0.0023 942
0.002301 942
0.002302 940
0.002303 940
0.002304 940
0.002305 940
0.002306 940
0.002307 940
0.002308 940
0.002309 940
0.00231 940
0.002311 940
0.002312 941
0.002313 941
0.002314 941
0.002315 941
0.002316 941
0.002317 941
0.002318 941
0.002319 941
0.00232 941
0.002321 941
0.002322 941
0.002323 941
0.002324 941
0.002325 941
0.002326 941
0.002327 941
0.002328 941
0.002329 941
0.00233 941
0.002331 941
0.002332 941
0.002333 941
0.002334 941
0.002335 940
0.002336 940
0.002337 940
0.002338 940
0.002339 940
0.00234 940
0.002341 940
0.002342 940
0.002343 941
0.002344 941
0.002345 941
0.002346 941
0.002347 941
0.002348 941
0.002349 941
0.00235 941
0.002351 941
0.002352 941
0.002353 941
0.002354 941
0.002355 941
0.002356 941
0.002357 942
0.002358 942
0.002359 942
0.00236 942
0.002361 942
0.002362 942
0.002363 942
0.002364 942
0.002365 942
0.002366 942
0.002367 942
0.002368 942
0.002369 942
0.00237 942
0.002371 942
0.002372 942
0.002373 942
0.002374 942
0.002375 942
0.002376 942
0.002377 942
0.002378 942
0.002379 942
0.00238 943
0.002381 942
0.002382 942
0.002383 942
0.002384 942
0.002385 942
0.002386 942
0.002387 942
0.002388 942
0.002389 942
0.00239 942
0.002391 942
0.002392 942
0.002393 942
0.002394 942
0.002395 940
0.002396 940
0.002397 940
0.002398 940
0.002399 940
0.0024 940
0.002401 940
0.002402 939
0.002403 939
0.002404 939
0.002405 940
0.002406 941
0.002407 941
0.002408 941
0.002409 941
0.00241 941
0.002411 941
0.002412 941
0.002413 941
0.002414 940
0.002415 940
0.002416 940
0.002417 940
0.002418 940
0.002419 940
0.00242 940
0.002421 940
0.002422 940
0.002423 940
0.002424 940
0.002425 940
0.002426 940
0.002427 940
0.002428 939
0.002429 939
0.00243 939
0.002431 939
0.002432 939
0.002433 939
0.002434 939
0.002435 939
0.002436 939
0.002437 939
0.002438 939
0.002439 939
0.00244 939
0.002441 939
0.002442 939
0.002443 939
0.002444 940
0.002445 940
0.002446 940
0.002447 940
0.002448 940
0.002449 940
0.00245 940
0.002451 940
0.002452 940
0.002453 940
0.002454 940
0.002455 940
0.002456 940
0.002457 940
0.002458 940
0.002459 940
0.00246 940
0.002461 940
0.002462 940
0.002463 940
0.002464 941
0.002465 941
0.002466 941
0.002467 941
0.002468 941
0.002469 941
0.00247 941
0.002471 941
0.002472 941
0.002473 941
0.002474 941
0.002475 941
0.002476 941
0.002477 941
0.002478 941
0.002479 941
0.00248 941
0.002481 941
0.002482 941
0.002483 941
0.002484 941
0.002485 941
0.002486 941
0.002487 941
0.002488 941
0.002489 941
0.00249 941
0.002491 940
0.002492 940
0.002493 940
0.002494 940
0.002495 940
0.002496 940
0.002497 940
0.002498 940
0.002499 940
0.0025 940
0.002501 940
0.002502 940
0.002503 940
0.002504 940
0.002505 940
0.002506 940
0.002507 940
0.002508 940
0.002509 940
0.00251 940
0.002511 940
0.002512 940
0.002513 940
0.002514 940
0.002515 940
0.002516 940
0.002517 940
0.002518 940
0.002519 940
0.00252 940
0.002521 940
0.002522 940
0.002523 940
0.002524 940
0.002525 940
0.002526 940
0.002527 940
0.002528 940
0.002529 940
0.00253 940
0.002531 940
0.002532 940
0.002533 940
0.002534 940
0.002535 939
0.002536 939
0.002537 939
0.002538 939
0.002539 939
0.00254 939
0.002541 939
0.002542 939
0.002543 939
0.002544 939
0.002545 939
0.002546 939
0.002547 939
0.002548 939
0.002549 939
0.00255 939
0.002551 939
0.002552 939
0.002553 939
0.002554 939
0.002555 939
0.002556 939
0.002557 939
0.002558 939
0.002559 939
0.00256 939
0.002561 939
0.002562 939
0.002563 939
0.002564 939
0.002565 938
0.002566 938
0.002567 938
0.002568 938
0.002569 938
0.00257 938
0.002571 938
0.002572 938
0.002573 938
0.002574 938
0.002575 938
0.002576 938
0.002577 938
0.002578 938
0.002579 938
0.00258 938
0.002581 938
0.002582 938
0.002583 938
0.002584 938
0.002585 938
0.002586 938
0.002587 938
0.002588 938
0.002589 938
0.00259 938
0.002591 938
0.002592 938
0.002593 938
0.002594 938
0.002595 939
0.002596 939
0.002597 939
0.002598 939
0.002599 939
0.0026 939
0.002601 939
0.002602 939
0.002603 939
0.002604 939
0.002605 939
0.002606 939
0.002607 939
0.002608 938
0.002609 938
0.00261 938
0.002611 938
0.002612 938
0.002613 938
0.002614 938
0.002615 938
0.002616 938
0.002617 938
0.002618 938
0.002619 938
0.00262 938
0.002621 939
0.002622 939
0.002623 939
0.002624 939
0.002625 939
0.002626 939
0.002627 939
0.002628 939
0.002629 939
0.00263 939
0.002631 939
0.002632 939
0.002633 939
0.002634 939
0.002635 939
0.002636 939
0.002637 938
0.002638 938
0.002639 938
0.00264 938
0.002641 938
0.002642 938
0.002643 938
0.002644 938
0.002645 938
0.002646 938
0.002647 938
0.002648 938
0.002649 938
0.00265 938
0.002651 937
0.002652 937
0.002653 937
0.002654 937
0.002655 937
0.002656 938
0.002657 938
0.002658 938
0.002659 938
0.00266 938
0.002661 938
0.002662 938
0.002663 938
0.002664 938
0.002665 938
0.002666 938
0.002667 940
0.002668 940
0.002669 940
0.00267 940
0.002671 940
0.002672 940
0.002673 940
0.002674 940
0.002675 940
0.002676 940
0.002677 940
0.002678 940
0.002679 940
0.00268 940
0.002681 940
0.002682 940
0.002683 940
0.002684 940
0.002685 940
0.002686 940
0.002687 940
0.002688 940
0.002689 940
0.00269 940
0.002691 940
0.002692 940
0.002693 940
0.002694 940
0.002695 940
0.002696 940
0.002697 940
0.002698 940
0.002699 941
0.0027 941
0.002701 941
0.002702 941
0.002703 941
0.002704 941
0.002705 941
0.002706 941
0.002707 942
0.002708 942
0.002709 942
0.00271 942
0.002711 942
0.002712 942
0.002713 942
0.002714 942
0.002715 942
0.002716 942
0.002717 942
0.002718 942
0.002719 942
0.00272 942
0.002721 942
0.002722 942
0.002723 942
0.002724 942
0.002725 942
0.002726 942
0.002727 942
0.002728 942
0.002729 942
0.00273 942
0.002731 942
0.002732 942
0.002733 942
0.002734 942
0.002735 942
0.002736 942
0.002737 942
0.002738 942
0.002739 942
0.00274 942
0.002741 942
0.002742 942
0.002743 942
0.002744 942
0.002745 942
0.002746 942
0.002747 942
0.002748 942
0.002749 941
0.00275 941
0.002751 941
0.002752 941
0.002753 941
0.002754 941
0.002755 941
0.002756 941
0.002757 941
0.002758 941
0.002759 941
0.00276 942
0.002761 942
0.002762 942
0.002763 942
0.002764 942
0.002765 942
0.002766 942
0.002767 942
0.002768 942
0.002769 942
0.00277 942
0.002771 942
0.002772 942
0.002773 942
0.002774 942
0.002775 942
0.002776 942
0.002777 943
0.002778 943
0.002779 943
0.00278 943
0.002781 943
0.002782 943
0.002783 943
0.002784 943
0.002785 943
0.002786 943
0.002787 943
0.002788 943
0.002789 943
0.00279 944
0.002791 944
0.002792 944
0.002793 944
0.002794 944
0.002795 944
0.002796 944
0.002797 945
0.002798 945
0.002799 946
0.0028 946
0.002801 946
0.002802 946
0.002803 947
0.002804 947
0.002805 947
0.002806 947
0.002807 947
0.002808 947
0.002809 947
0.00281 947
0.002811 947
0.002812 947
0.002813 946
0.002814 946
0.002815 946
0.002816 946
0.002817 946
0.002818 946
0.002819 946
0.00282 946
0.002821 946
0.002822 946
0.002823 946
0.002824 946
0.002825 946
0.002826 946
0.002827 946
0.002828 946
0.002829 946
0.00283 946
0.002831 946
0.002832 946
0.002833 947
0.002834 947
0.002835 947
0.002836 947
0.002837 947
0.002838 947
0.002839 948
0.00284 948
0.002841 948
0.002842 948
0.002843 948
0.002844 948
0.002845 948
0.002846 948
0.002847 948
0.002848 948
0.002849 948
0.00285 949
0.002851 949
0.002852 949
0.002853 949
0.002854 949
0.002855 949
0.002856 949
0.002857 949
0.002858 949
0.002859 949
0.00286 949
0.002861 949
0.002862 949
0.002863 950
0.002864 949
0.002865 949
0.002866 949
0.002867 949
0.002868 949
0.002869 949
0.00287 950
0.002871 950
0.002872 950
0.002873 950
0.002874 950
0.002875 950
0.002876 950
0.002877 950
0.002878 950
0.002879 950
0.00288 950
0.002881 950
0.002882 950
0.002883 950
0.002884 950
0.002885 950
0.002886 950
0.002887 950
0.002888 950
0.002889 950
0.00289 950
0.002891 950
0.002892 950
0.002893 950
0.002894 950
0.002895 950
0.002896 950
0.002897 950
0.002898 950
0.002899 950
0.0029 950
0.002901 950
0.002902 950
0.002903 950
0.002904 950
0.002905 950
0.002906 950
0.002907 950
0.002908 950
0.002909 950
0.00291 950
0.002911 950
0.002912 950
0.002913 950
0.002914 950
0.002915 950
0.002916 950
0.002917 950
0.002918 950
0.002919 950
0.00292 950
0.002921 950
0.002922 950
0.002923 950
0.002924 950
0.002925 950
0.002926 950
0.002927 950
0.002928 950
0.002929 950
0.00293 950
0.002931 950
0.002932 950
0.002933 950
0.002934 950
0.002935 951
0.002936 951
0.002937 951
0.002938 951
0.002939 951
0.00294 951
0.002941 951
0.002942 952
0.002943 952
0.002944 952
0.002945 952
0.002946 952
0.002947 952
0.002948 952
0.002949 952
0.00295 952
0.002951 952
0.002952 952
0.002953 952
0.002954 952
0.002955 952
0.002956 952
0.002957 952
0.002958 952
0.002959 952
0.00296 952
0.002961 952
0.002962 952
0.002963 952
0.002964 952
0.002965 952
0.002966 952
0.002967 952
0.002968 952
0.002969 952
0.00297 952
0.002971 952
0.002972 953
0.002973 953
0.002974 953
0.002975 953
0.002976 953
0.002977 953
0.002978 953
0.002979 953
0.00298 953
0.002981 953
0.002982 953
0.002983 953
0.002984 953
0.002985 952
0.002986 951
0.002987 951
0.002988 951
0.002989 951
0.00299 951
0.002991 951
0.002992 951
0.002993 951
0.002994 951
0.002995 951
0.002996 951
0.002997 951
0.002998 951
0.002999 951
0.003 951
0.003001 951
0.003002 951
0.003003 951
0.003004 951
0.003005 951
0.003006 951
0.003007 951
0.003008 951
0.003009 951
0.00301 951
0.003011 951
0.003012 951
0.003013 951
0.003014 950
0.003015 950
0.003016 950
0.003017 950
0.003018 950
0.003019 950
0.00302 949
0.003021 949
0.003022 949
0.003023 949
0.003024 949
0.003025 949
0.003026 948
0.003027 948
0.003028 948
0.003029 948
0.00303 948
0.003031 948
0.003032 948
0.003033 948
0.003034 948
0.003035 948
0.003036 948
0.003037 948
0.003038 948
0.003039 948
0.00304 948
0.003041 948
0.003042 948
0.003043 948
0.003044 948
0.003045 948
0.003046 948
0.003047 948
0.003048 948
0.003049 948
0.00305 948
0.003051 948
0.003052 948
0.003053 949
0.003054 949
0.003055 948
0.003056 949
0.003057 949
0.003058 949
0.003059 949
0.00306 950
0.003061 950
0.003062 950
0.003063 949
0.003064 949
0.003065 949
0.003066 949
0.003067 949
0.003068 949
0.003069 949
0.00307 949
0.003071 949
0.003072 949
0.003073 949
0.003074 949
0.003075 949
0.003076 949
0.003077 948
0.003078 948
0.003079 947
0.00308 947
0.003081 947
0.003082 947
0.003083 947
0.003084 947
0.003085 947
0.003086 947
0.003087 947
0.003088 947
0.003089 947
0.00309 947
0.003091 947
0.003092 947
0.003093 947
0.003094 947
0.003095 947
0.003096 947
0.003097 947
0.003098 947
0.003099 947
0.0031 947
0.003101 947
0.003102 947
0.003103 947
0.003104 947
0.003105 947
0.003106 947
0.003107 947
0.003108 947
0.003109 947
0.00311 947
0.003111 947
0.003112 947
0.003113 947
0.003114 947
0.003115 947
0.003116 947
0.003117 947
0.003118 947
0.003119 947
0.00312 947
0.003121 947
0.003122 947
0.003123 947
0.003124 947
0.003125 947
0.003126 947
0.003127 947
0.003128 947
0.003129 947
0.00313 947
0.003131 947
0.003132 947
0.003133 947
0.003134 947
0.003135 948
0.003136 948
0.003137 948
0.003138 948
0.003139 948
0.00314 948
0.003141 948
0.003142 948
0.003143 948
0.003144 948
0.003145 948
0.003146 948
0.003147 948
0.003148 948
0.003149 948
0.00315 949
0.003151 949
0.003152 949
0.003153 949
0.003154 949
0.003155 949
0.003156 949
0.003157 949
0.003158 949
0.003159 949
0.00316 949
0.003161 949
0.003162 949
0.003163 949
0.003164 949
0.003165 949
0.003166 949
0.003167 949
0.003168 949
0.003169 949
0.00317 949
0.003171 949
0.003172 949
0.003173 949
0.003174 949
0.003175 949
0.003176 949
0.003177 949
0.003178 949
0.003179 949
0.00318 949
0.003181 949
0.003182 949
0.003183 949
0.003184 949
0.003185 949
0.003186 949
0.003187 949
0.003188 949
0.003189 949
0.00319 949
0.003191 949
0.003192 949
0.003193 949
0.003194 949
0.003195 949
0.003196 949
0.003197 949
0.003198 949
0.003199 949
0.0032 948
0.003201 948
0.003202 948
0.003203 948
0.003204 948
0.003205 948
0.003206 948
0.003207 948
0.003208 948
0.003209 948
0.00321 948
0.003211 948
0.003212 948
0.003213 948
0.003214 948
0.003215 948
0.003216 948
0.003217 948
0.003218 948
0.003219 948
0.00322 948
0.003221 948
0.003222 948
0.003223 948
0.003224 948
0.003225 948
0.003226 949
0.003227 949
0.003228 949
0.003229 949
0.00323 948
0.003231 948
0.003232 948
0.003233 949
0.003234 949
0.003235 949
0.003236 949
0.003237 949
0.003238 949
0.003239 949
0.00324 949
0.003241 949
0.003242 949
0.003243 949
0.003244 949
0.003245 949
0.003246 949
0.003247 949
0.003248 950
0.003249 950
0.00325 950
0.003251 950
0.003252 950
0.003253 950
0.003254 950
0.003255 950
0.003256 951
0.003257 951
0.003258 951
0.003259 951
0.00326 951
0.003261 951
0.003262 951
0.003263 951
0.003264 951
0.003265 951
0.003266 951
0.003267 951
0.003268 951
0.003269 951
0.00327 951
0.003271 951
0.003272 951
0.003273 952
0.003274 952
0.003275 952
0.003276 952
0.003277 952
0.003278 952
0.003279 952
0.00328 953
0.003281 953
0.003282 954
0.003283 954
0.003284 954
0.003285 955
0.003286 955
0.003287 955
0.003288 955
0.003289 955
0.00329 955
0.003291 955
0.003292 955
0.003293 955
0.003294 955
0.003295 955
0.003296 955
0.003297 955
0.003298 956
0.003299 955
0.0033 955
0.003301 955
0.003302 955
0.003303 955
0.003304 955
0.003305 955
0.003306 955
0.003307 955
0.003308 955
0.003309 955
0.00331 955
0.003311 955
0.003312 955
0.003313 955
0.003314 955
0.003315 955
0.003316 955
0.003317 955
0.003318 955
0.003319 955
0.00332 955
0.003321 955
0.003322 955
0.003323 954
0.003324 954
0.003325 954
0.003326 954
0.003327 954
0.003328 954
0.003329 954
0.00333 954
0.003331 954
0.003332 954
0.003333 954
0.003334 954
0.003335 954
0.003336 954
0.003337 954
0.003338 954
0.003339 954
0.00334 954
0.003341 954
0.003342 954
0.003343 954
0.003344 954
0.003345 954
0.003346 954
0.003347 954
0.003348 954
0.003349 954
0.00335 954
0.003351 954
0.003352 954
0.003353 954
0.003354 954
0.003355 954
0.003356 954
0.003357 954
0.003358 954
0.003359 954
0.00336 954
0.003361 954
0.003362 955
0.003363 955
0.003364 955
0.003365 955
0.003366 955
0.003367 955
0.003368 955
0.003369 955
0.00337 956
0.003371 956
0.003372 956
0.003373 956
0.003374 956
0.003375 956
0.003376 956
0.003377 956
0.003378 956
0.003379 956
0.00338 956
0.003381 956
0.003382 956
0.003383 956
0.003384 956
0.003385 956
0.003386 956
0.003387 956
0.003388 956
0.003389 956
0.00339 956
0.003391 956
0.003392 956
0.003393 956
0.003394 956
0.003395 956
0.003396 956
0.003397 956
0.003398 956
0.003399 956
0.0034 956
0.003401 956
0.003402 956
0.003403 956
0.003404 956
0.003405 956
0.003406 956
0.003407 956
0.003408 956
0.003409 956
0.00341 956
0.003411 956
0.003412 956
0.003413 956
0.003414 956
0.003415 956
0.003416 956
0.003417 956
0.003418 956
0.003419 956
0.00342 956
0.003421 956
0.003422 956
0.003423 956
0.003424 956
0.003425 956
0.003426 956
0.003427 956
0.003428 956
0.003429 956
0.00343 956
0.003431 956
0.003432 956
0.003433 955
0.003434 955
0.003435 955
0.003436 954
0.003437 954
0.003438 954
0.003439 954
0.00344 954
0.003441 955
0.003442 955
0.003443 955
0.003444 955
0.003445 955
0.003446 955
0.003447 955
0.003448 955
0.003449 955
0.00345 955
0.003451 954
0.003452 954
0.003453 954
0.003454 954
0.003455 954
0.003456 954
0.003457 954
0.003458 954
0.003459 954
0.00346 954
0.003461 954
0.003462 954
0.003463 954
0.003464 954
0.003465 954
0.003466 954
0.003467 954
0.003468 954
0.003469 954
0.00347 954
0.003471 954
0.003472 954
0.003473 954
0.003474 954
0.003475 954
0.003476 954
0.003477 954
0.003478 953
0.003479 954
0.00348 954
0.003481 954
0.003482 954
0.003483 954
0.003484 955
0.003485 955
0.003486 955
0.003487 955
0.003488 955
0.003489 955
0.00349 955
0.003491 955
0.003492 955
0.003493 955
0.003494 955
0.003495 955
0.003496 955
0.003497 955
0.003498 955
0.003499 956
0.0035 956
0.003501 956
0.003502 955
0.003503 955
0.003504 955
0.003505 955
0.003506 955
0.003507 955
0.003508 955
0.003509 955
0.00351 955
0.003511 955
0.003512 955
0.003513 955
0.003514 955
0.003515 955
0.003516 954
0.003517 954
0.003518 954
0.003519 955
0.00352 955
0.003521 955
0.003522 955
0.003523 955
0.003524 955
0.003525 955
0.003526 955
0.003527 955
0.003528 955
0.003529 955
0.00353 955
0.003531 955
0.003532 955
0.003533 955
0.003534 955
0.003535 955
0.003536 955
0.003537 955
0.003538 955
0.003539 955
0.00354 955
0.003541 955
0.003542 955
0.003543 955
0.003544 955
0.003545 955
0.003546 955
0.003547 955
0.003548 955
0.003549 955
0.00355 955
0.003551 955
0.003552 956
0.003553 956
0.003554 956
0.003555 956
0.003556 956
0.003557 956
0.003558 956
0.003559 956
0.00356 955
0.003561 955
0.003562 955
0.003563 955
0.003564 955
0.003565 955
0.003566 955
0.003567 955
0.003568 955
0.003569 955
0.00357 955
0.003571 955
0.003572 955
0.003573 955
0.003574 955
0.003575 955
0.003576 955
0.003577 955
0.003578 955
0.003579 955
0.00358 955
0.003581 955
0.003582 955
0.003583 955
0.003584 957
0.003585 957
0.003586 957
0.003587 957
0.003588 956
0.003589 956
0.00359 956
0.003591 956
0.003592 956
0.003593 956
0.003594 956
0.003595 956
0.003596 956
0.003597 956
0.003598 956
0.003599 956
0.0036 956
0.003601 956
0.003602 956
0.003603 956
0.003604 956
0.003605 956
0.003606 956
0.003607 956
0.003608 956
0.003609 956
0.00361 956
0.003611 956
0.003612 956
0.003613 956
0.003614 956
0.003615 956
0.003616 956
0.003617 956
0.003618 956
0.003619 956
0.00362 957
0.003621 957
0.003622 957
0.003623 957
0.003624 957
0.003625 957
0.003626 957
0.003627 957
0.003628 957
0.003629 957
0.00363 957
0.003631 957
0.003632 957
0.003633 957
0.003634 957
0.003635 957
0.003636 957
0.003637 957
0.003638 957
0.003639 958
0.00364 958
0.003641 958
0.003642 958
0.003643 958
0.003644 958
0.003645 958
0.003646 958
0.003647 958
0.003648 958
0.003649 958
0.00365 958
0.003651 958
0.003652 958
0.003653 958
0.003654 958
0.003655 957
0.003656 957
0.003657 957
0.003658 957
0.003659 957
0.00366 957
0.003661 957
0.003662 957
0.003663 957
0.003664 957
0.003665 957
0.003666 957
0.003667 957
0.003668 957
0.003669 957
0.00367 957
0.003671 957
0.003672 957
0.003673 957
0.003674 957
0.003675 957
0.003676 957
0.003677 957
0.003678 958
0.003679 958
0.00368 958
0.003681 958
0.003682 958
0.003683 958
0.003684 958
0.003685 958
0.003686 958
0.003687 958
0.003688 958
0.003689 958
0.00369 958
0.003691 958
0.003692 958
0.003693 958
0.003694 958
0.003695 958
0.003696 958
0.003697 958
0.003698 958
0.003699 958
0.0037 958
0.003701 958
0.003702 958
0.003703 958
0.003704 958
0.003705 958
0.003706 958
0.003707 958
0.003708 958
0.003709 958
0.00371 958
0.003711 958
0.003712 958
0.003713 958
0.003714 958
0.003715 958
0.003716 958
0.003717 958
0.003718 958
0.003719 958
0.00372 960
0.003721 961
0.003722 960
0.003723 960
0.003724 960
0.003725 960
0.003726 960
0.003727 961
0.003728 961
0.003729 961
0.00373 961
0.003731 961
0.003732 961
0.003733 961
0.003734 961
0.003735 960
0.003736 959
0.003737 959
0.003738 959
0.003739 958
0.00374 958
0.003741 958
0.003742 958
0.003743 958
0.003744 958
0.003745 958
0.003746 958
0.003747 957
0.003748 957
0.003749 957
0.00375 957
0.003751 957
0.003752 957
0.003753 957
0.003754 957
0.003755 957
0.003756 957
0.003757 957
0.003758 958
0.003759 958
0.00376 958
0.003761 958
0.003762 958
0.003763 958
0.003764 958
0.003765 958
0.003766 958
0.003767 957
0.003768 957
0.003769 957
0.00377 957
0.003771 957
0.003772 957
0.003773 957
0.003774 957
0.003775 957
0.003776 957
0.003777 956
0.003778 956
0.003779 956
0.00378 956
0.003781 956
0.003782 956
0.003783 955
0.003784 955
0.003785 955
0.003786 955
0.003787 955
0.003788 955
0.003789 955
0.00379 955
0.003791 955
0.003792 955
0.003793 954
0.003794 954
0.003795 954
0.003796 954
0.003797 954
0.003798 954
0.003799 954
0.0038 952
0.003801 952
0.003802 952
0.003803 952
0.003804 952
0.003805 952
0.003806 952
0.003807 952
0.003808 952
0.003809 952
0.00381 952
0.003811 952
0.003812 952
0.003813 952
0.003814 952
0.003815 952
0.003816 952
0.003817 952
0.003818 952
0.003819 952
0.00382 952
0.003821 952
0.003822 952
0.003823 952
0.003824 952
0.003825 952
0.003826 952
0.003827 952
0.003828 952
0.003829 952
0.00383 952
0.003831 951
0.003832 952
0.003833 952
0.003834 952
0.003835 952
0.003836 952
0.003837 952
0.003838 952
0.003839 952
0.00384 952
0.003841 952
0.003842 952
0.003843 952
0.003844 951
0.003845 951
0.003846 951
0.003847 951
0.003848 951
0.003849 950
0.00385 950
0.003851 950
0.003852 950
0.003853 950
0.003854 950
0.003855 950
0.003856 950
0.003857 950
0.003858 950
0.003859 950
0.00386 950
0.003861 950
0.003862 950
0.003863 950
0.003864 950
0.003865 950
0.003866 950
0.003867 951
0.003868 951
0.003869 951
0.00387 951
0.003871 951
0.003872 951
0.003873 951
0.003874 951
0.003875 951
0.003876 951
0.003877 951
0.003878 951
0.003879 951
0.00388 951
0.003881 950
0.003882 950
0.003883 950
0.003884 950
0.003885 950
0.003886 950
0.003887 950
0.003888 950
0.003889 950
0.00389 950
0.003891 950
0.003892 950
0.003893 950
0.003894 951
0.003895 952
0.003896 952
0.003897 952
0.003898 951
0.003899 951
0.0039 951
0.003901 951
0.003902 951
0.003903 951
0.003904 951
0.003905 951
0.003906 951
0.003907 951
0.003908 951
0.003909 951
0.00391 951
0.003911 951
0.003912 951
0.003913 951
0.003914 951
0.003915 951
0.003916 951
0.003917 951
0.003918 951
0.003919 951
0.00392 951
0.003921 951
0.003922 951
0.003923 951
0.003924 951
0.003925 951
0.003926 951
0.003927 951
0.003928 951
0.003929 951
0.00393 951
0.003931 951
0.003932 951
0.003933 951
0.003934 951
0.003935 951
0.003936 951
0.003937 951
0.003938 951
0.003939 950
0.00394 950
0.003941 950
0.003942 950
0.003943 950
0.003944 950
0.003945 950
0.003946 950
0.003947 950
0.003948 950
0.003949 950
0.00395 950
0.003951 950
0.003952 950
0.003953 951
0.003954 951
0.003955 951
0.003956 951
0.003957 951
0.003958 952
0.003959 952
0.00396 952
0.003961 952
0.003962 952
0.003963 952
0.003964 952
0.003965 952
0.003966 952
0.003967 952
0.003968 952
0.003969 952
0.00397 952
0.003971 952
0.003972 952
0.003973 952
0.003974 952
0.003975 952
0.003976 952
0.003977 952
0.003978 952
0.003979 952
0.00398 952
0.003981 952
0.003982 952
0.003983 953
0.003984 953
0.003985 953
0.003986 953
0.003987 953
0.003988 953
0.003989 953
0.00399 952
0.003991 952
0.003992 952
0.003993 952
0.003994 952
0.003995 952
0.003996 952
0.003997 952
0.003998 952
0.003999 952
0.004 952
0.004001 952
0.004002 952
0.004003 951
0.004004 951
0.004005 951
0.004006 951
0.004007 951
0.004008 951
0.004009 951
0.00401 951
0.004011 951
0.004012 951
0.004013 951
0.004014 951
0.004015 951
0.004016 950
0.004017 951
0.004018 951
0.004019 952
0.00402 952
0.004021 952
0.004022 952
0.004023 952
0.004024 952
0.004025 952
0.004026 952
0.004027 952
0.004028 952
0.004029 952
0.00403 952
0.004031 952
0.004032 952
0.004033 952
0.004034 952
0.004035 952
0.004036 952
0.004037 952
0.004038 952
0.004039 952
0.00404 952
0.004041 952
0.004042 952
0.004043 952
0.004044 952
0.004045 952
0.004046 952
0.004047 952
0.004048 952
0.004049 952
0.00405 951
0.004051 951
0.004052 951
0.004053 951
0.004054 950
0.004055 950
0.004056 950
0.004057 950
0.004058 950
0.004059 950
0.00406 950
0.004061 950
0.004062 950
0.004063 950
0.004064 950
0.004065 950
0.004066 950
0.004067 950
0.004068 950
0.004069 950
0.00407 950
0.004071 950
0.004072 950
0.004073 950
0.004074 950
0.004075 950
0.004076 950
0.004077 950
0.004078 950
0.004079 950
0.00408 950
0.004081 950
0.004082 950
0.004083 950
0.004084 950
0.004085 950
0.004086 950
0.004087 950
0.004088 950
0.004089 950
0.00409 950
0.004091 950
0.004092 950
0.004093 950
0.004094 950
0.004095 950
0.004096 950
0.004097 950
0.004098 950
0.004099 950
0.0041 950
0.004101 950
0.004102 950
0.004103 950
0.004104 950
0.004105 950
0.004106 950
0.004107 950
0.004108 950
0.004109 950
0.00411 950
0.004111 950
0.004112 950
0.004113 950
0.004114 950
0.004115 950
0.004116 950
0.004117 950
0.004118 950
0.004119 950
0.00412 948
0.004121 948
0.004122 948
0.004123 949
0.004124 949
0.004125 949
0.004126 949
0.004127 949
0.004128 949
0.004129 949
0.00413 949
0.004131 949
0.004132 949
0.004133 949
0.004134 949
0.004135 949
0.004136 949
0.004137 949
0.004138 949
0.004139 949
0.00414 949
0.004141 949
0.004142 949
0.004143 949
0.004144 949
0.004145 949
0.004146 949
0.004147 949
0.004148 949
0.004149 949
0.00415 949
0.004151 949
0.004152 949
0.004153 949
0.004154 949
0.004155 949
0.004156 949
0.004157 949
0.004158 949
0.004159 949
0.00416 949
0.004161 949
0.004162 949
0.004163 949
0.004164 949
0.004165 949
0.004166 949
0.004167 949
0.004168 949
0.004169 949
0.00417 949
0.004171 949
0.004172 949
0.004173 949
0.004174 949
0.004175 949
0.004176 949
0.004177 949
0.004178 949
0.004179 949
0.00418 949
0.004181 949
0.004182 949
0.004183 949
0.004184 949
0.004185 949
0.004186 949
0.004187 949
0.004188 949
0.004189 949
0.00419 949
0.004191 949
0.004192 949
0.004193 949
0.004194 948
0.004195 948
0.004196 948
0.004197 948
0.004198 948
0.004199 948
0.0042 948
0.004201 948
0.004202 948
0.004203 948
0.004204 948
0.004205 948
0.004206 948
0.004207 948
0.004208 946
0.004209 946
0.00421 946
0.004211 946
0.004212 946
0.004213 946
0.004214 946
0.004215 946
0.004216 946
0.004217 946
0.004218 946
0.004219 946
0.00422 946
0.004221 947
0.004222 947
0.004223 947
0.004224 947
0.004225 947
0.004226 947
0.004227 947
0.004228 947
0.004229 947
0.00423 947
0.004231 947
0.004232 947
0.004233 947
0.004234 947
0.004235 947
0.004236 947
0.004237 947
0.004238 947
0.004239 947
0.00424 947
0.004241 947
0.004242 947
0.004243 947
0.004244 947
0.004245 947
0.004246 947
0.004247 947
0.004248 947
0.004249 947
0.00425 947
0.004251 947
0.004252 947
0.004253 947
0.004254 947
0.004255 947
0.004256 947
0.004257 947
0.004258 947
0.004259 947
0.00426 947
0.004261 947
0.004262 947
0.004263 947
0.004264 947
0.004265 947
0.004266 947
0.004267 947
0.004268 947
0.004269 948
0.00427 949
0.004271 949
0.004272 949
0.004273 948
0.004274 948
0.004275 948
0.004276 948
0.004277 948
0.004278 948
0.004279 948
0.00428 948
0.004281 948
0.004282 948
0.004283 948
0.004284 948
0.004285 948
0.004286 948
0.004287 948
0.004288 948
0.004289 948
0.00429 948
0.004291 948
0.004292 948
0.004293 949
0.004294 949
0.004295 949
0.004296 949
0.004297 949
0.004298 948
0.004299 949
0.0043 949
0.004301 949
0.004302 949
0.004303 949
0.004304 949
0.004305 949
0.004306 949
0.004307 949
0.004308 949
0.004309 949
0.00431 949
0.004311 949
0.004312 949
0.004313 949
0.004314 949
0.004315 949
0.004316 949
0.004317 949
0.004318 950
0.004319 950
0.00432 950
0.004321 950
0.004322 950
0.004323 950
0.004324 950
0.004325 950
0.004326 950
0.004327 950
0.004328 950
0.004329 950
0.00433 949
0.004331 949
0.004332 949
0.004333 949
0.004334 949
0.004335 949
0.004336 949
0.004337 949
0.004338 949
0.004339 949
0.00434 949
0.004341 949
0.004342 949
0.004343 949
0.004344 949
0.004345 950
0.004346 950
0.004347 950
0.004348 950
0.004349 950
0.00435 950
0.004351 950
0.004352 950
0.004353 950
0.004354 950
0.004355 950
0.004356 950
0.004357 950
0.004358 950
0.004359 950
0.00436 950
0.004361 950
0.004362 950
0.004363 950
0.004364 950
0.004365 949
0.004366 949
0.004367 949
0.004368 949
0.004369 949
0.00437 949
0.004371 949
0.004372 949
0.004373 949
0.004374 949
0.004375 949
0.004376 949
0.004377 949
0.004378 949
0.004379 949
0.00438 949
0.004381 949
0.004382 949
0.004383 949
0.004384 949
0.004385 949
0.004386 949
0.004387 949
0.004388 949
0.004389 949
0.00439 949
0.004391 949
0.004392 948
0.004393 948
0.004394 948
0.004395 948
0.004396 948
0.004397 948
0.004398 948
0.004399 948
0.0044 948
0.004401 948
0.004402 948
0.004403 948
0.004404 948
0.004405 948
0.004406 948
0.004407 948
0.004408 948
0.004409 948
0.00441 948
0.004411 948
0.004412 948
0.004413 948
0.004414 948
0.004415 948
0.004416 948
0.004417 947
0.004418 947
0.004419 947
0.00442 947
0.004421 947
0.004422 947
0.004423 947
0.004424 947
0.004425 947
0.004426 947
0.004427 947
0.004428 947
0.004429 947
0.00443 947
0.004431 947
0.004432 947
0.004433 947
0.004434 947
0.004435 947
0.004436 947
0.004437 947
0.004438 947
0.004439 947
0.00444 947
0.004441 947
0.004442 947
0.004443 947
0.004444 947
0.004445 947
0.004446 947
0.004447 947
0.004448 947
0.004449 948
0.00445 948
0.004451 949
0.004452 949
0.004453 949
0.004454 949
0.004455 949
0.004456 949
0.004457 949
0.004458 949
0.004459 949
0.00446 949
0.004461 949
0.004462 949
0.004463 949
0.004464 949
0.004465 949
0.004466 949
0.004467 949
0.004468 949
0.004469 949
0.00447 949
0.004471 950
0.004472 951
0.004473 952
0.004474 952
0.004475 952
0.004476 952
0.004477 952
0.004478 952
0.004479 953
0.00448 953
0.004481 953
0.004482 953
0.004483 953
0.004484 953
0.004485 953
0.004486 953
0.004487 953
0.004488 953
0.004489 953
0.00449 953
0.004491 953
0.004492 953
0.004493 953
0.004494 953
0.004495 953
0.004496 953
0.004497 953
0.004498 953
0.004499 954
0.0045 954
0.004501 954
0.004502 954
0.004503 954
0.004504 954
0.004505 954
0.004506 954
0.004507 954
0.004508 954
0.004509 954
0.00451 954
0.004511 954
0.004512 955
0.004513 955
0.004514 957
0.004515 957
0.004516 957
0.004517 957
0.004518 957
0.004519 957
0.00452 957
0.004521 957
0.004522 957
0.004523 957
0.004524 957
0.004525 957
0.004526 957
0.004527 957
0.004528 957
0.004529 957
0.00453 957
0.004531 957
0.004532 957
0.004533 956
0.004534 956
0.004535 956
0.004536 956
0.004537 956
0.004538 956
0.004539 957
0.00454 957
0.004541 957
0.004542 957
0.004543 957
0.004544 958
0.004545 958
0.004546 958
0.004547 958
0.004548 958
0.004549 958
0.00455 958
0.004551 958
0.004552 958
0.004553 958
0.004554 958
0.004555 958
0.004556 958
0.004557 958
0.004558 958
0.004559 958
0.00456 958
0.004561 958
0.004562 958
0.004563 958
0.004564 957
0.004565 957
0.004566 957
0.004567 957
0.004568 957
0.004569 957
0.00457 957
0.004571 958
0.004572 958
0.004573 958
0.004574 958
0.004575 958
0.004576 959
0.004577 959
0.004578 959
0.004579 959
0.00458 959
0.004581 959
0.004582 959
0.004583 960
0.004584 960
0.004585 960
0.004586 960
0.004587 960
0.004588 960
0.004589 960
0.00459 960
0.004591 960
0.004592 960
0.004593 960
0.004594 960
0.004595 960
0.004596 960
0.004597 960
0.004598 960
0.004599 960
0.0046 960
0.004601 960
0.004602 960
0.004603 960
0.004604 960
0.004605 959
0.004606 959
0.004607 959
0.004608 959
0.004609 959
0.00461 959
0.004611 959
0.004612 959
0.004613 959
0.004614 959
0.004615 959
0.004616 959
0.004617 959
0.004618 959
0.004619 959
0.00462 959
0.004621 959
0.004622 959
0.004623 959
0.004624 959
0.004625 959
0.004626 959
0.004627 959
0.004628 959
0.004629 959
0.00463 959
0.004631 959
0.004632 959
0.004633 959
0.004634 959
0.004635 959
0.004636 959
0.004637 959
0.004638 959
0.004639 959
0.00464 959
0.004641 959
0.004642 959
0.004643 959
0.004644 959
0.004645 959
0.004646 959
0.004647 959
0.004648 959
0.004649 959
0.00465 959
0.004651 959
0.004652 959
0.004653 959
0.004654 959
0.004655 959
0.004656 959
0.004657 959
0.004658 959
0.004659 959
0.00466 959
0.004661 959
0.004662 959
0.004663 959
0.004664 959
0.004665 959
0.004666 959
0.004667 959
0.004668 959
0.004669 959
0.00467 959
0.004671 959
0.004672 959
0.004673 959
0.004674 959
0.004675 959
0.004676 959
0.004677 959
0.004678 959
0.004679 959
0.00468 959
0.004681 959
0.004682 959
0.004683 959
0.004684 959
0.004685 959
0.004686 959
0.004687 959
0.004688 959
0.004689 960
0.00469 960
0.004691 960
0.004692 960
0.004693 960
0.004694 959
0.004695 959
0.004696 959
0.004697 959
0.004698 960
0.004699 960
0.0047 960
0.004701 960
0.004702 960
0.004703 960
0.004704 960
0.004705 960
0.004706 960
0.004707 960
0.004708 959
0.004709 959
0.00471 959
0.004711 959
0.004712 959
0.004713 959
0.004714 959
0.004715 959
0.004716 959
0.004717 959
0.004718 959
0.004719 959
0.00472 959
0.004721 959
0.004722 959
0.004723 959
0.004724 960
0.004725 960
0.004726 960
0.004727 960
0.004728 960
0.004729 960
0.00473 960
0.004731 960
0.004732 960
0.004733 960
0.004734 960
0.004735 960
0.004736 960
0.004737 960
0.004738 960
0.004739 960
0.00474 959
0.004741 959
0.004742 959
0.004743 959
0.004744 959
0.004745 959
0.004746 959
0.004747 959
0.004748 959
0.004749 959
0.00475 959
0.004751 959
0.004752 959
0.004753 959
0.004754 959
0.004755 958
0.004756 958
0.004757 958
0.004758 958
0.004759 958
0.00476 958
0.004761 958
0.004762 958
0.004763 958
0.004764 958
0.004765 958
0.004766 957
0.004767 957
0.004768 957
0.004769 957
0.00477 957
0.004771 958
0.004772 958
0.004773 958
0.004774 958
0.004775 959
0.004776 959
0.004777 959
0.004778 959
0.004779 959
0.00478 959
0.004781 959
0.004782 959
0.004783 958
0.004784 958
0.004785 958
0.004786 958
0.004787 958
0.004788 958
0.004789 958
0.00479 958
0.004791 958
0.004792 958
0.004793 958
0.004794 958
0.004795 958
0.004796 958
0.004797 958
0.004798 958
0.004799 958
0.0048 958
0.004801 958
0.004802 958
0.004803 958
0.004804 958
0.004805 958
0.004806 958
0.004807 958
0.004808 957
0.004809 957
0.00481 957
0.004811 957
0.004812 957
0.004813 957
0.004814 957
0.004815 957
0.004816 957
0.004817 957
0.004818 957
0.004819 957
0.00482 956
0.004821 956
0.004822 956
0.004823 957
0.004824 957
0.004825 957
0.004826 957
0.004827 957
0.004828 957
0.004829 957
0.00483 957
0.004831 957
0.004832 957
0.004833 957
0.004834 958
0.004835 958
0.004836 958
0.004837 958
0.004838 958
0.004839 958
0.00484 958
0.004841 958
0.004842 958
0.004843 957
0.004844 957
0.004845 957
0.004846 957
0.004847 957
0.004848 957
0.004849 957
0.00485 957
0.004851 957
0.004852 957
0.004853 957
0.004854 957
0.004855 957
0.004856 957
0.004857 957
0.004858 957
0.004859 957
0.00486 957
0.004861 957
0.004862 957
0.004863 957
0.004864 957
0.004865 957
0.004866 957
0.004867 957
0.004868 957
0.004869 957
0.00487 957
0.004871 957
0.004872 957
0.004873 957
0.004874 957
0.004875 957
0.004876 957
0.004877 957
0.004878 957
0.004879 957
0.00488 957
0.004881 957
0.004882 957
0.004883 957
0.004884 957
0.004885 957
0.004886 957
0.004887 957
0.004888 957
0.004889 957
0.00489 957
0.004891 957
0.004892 957
0.004893 957
0.004894 957
0.004895 957
0.004896 957
0.004897 957
0.004898 957
0.004899 957
0.0049 957
0.004901 957
0.004902 957
0.004903 957
0.004904 957
0.004905 957
0.004906 957
0.004907 957
0.004908 957
0.004909 957
0.00491 958
0.004911 958
0.004912 958
0.004913 958
0.004914 958
0.004915 958
0.004916 958
0.004917 958
0.004918 958
0.004919 958
0.00492 958
0.004921 958
0.004922 958
0.004923 958
0.004924 958
0.004925 958
0.004926 958
0.004927 958
0.004928 958
0.004929 958
0.00493 958
0.004931 958
0.004932 958
0.004933 958
0.004934 958
0.004935 958
0.004936 958
0.004937 958
0.004938 958
0.004939 958
0.00494 958
0.004941 958
0.004942 958
0.004943 958
0.004944 958
0.004945 958
0.004946 957
0.004947 957
0.004948 957
0.004949 957
0.00495 955
0.004951 956
0.004952 956
0.004953 956
0.004954 956
0.004955 956
0.004956 956
0.004957 956
0.004958 956
0.004959 956
0.00496 956
0.004961 956
0.004962 956
0.004963 956
0.004964 956
0.004965 956
0.004966 956
0.004967 956
0.004968 956
0.004969 956
0.00497 956
0.004971 956
0.004972 956
0.004973 956
0.004974 956
0.004975 956
0.004976 956
0.004977 956
0.004978 956
0.004979 956
0.00498 956
0.004981 956
0.004982 956
0.004983 956
0.004984 956
0.004985 956
0.004986 956
0.004987 956
0.004988 956
0.004989 956
0.00499 955
0.004991 955
0.004992 954
0.004993 954
0.004994 954
0.004995 954
0.004996 954
0.004997 954
0.004998 954
0.004999 954
0.005 954
