0 1217
1e-06 1215
2e-06 1215
3e-06 1216
4e-06 1214
5e-06 1214
6e-06 1214
7e-06 1210
8e-06 1209
9e-06 1205
1e-05 1203
1.1e-05 1197
1.2e-05 1192
1.3e-05 1191
1.4e-05 1189
1.5e-05 1189
1.6e-05 1187
1.7e-05 1183
1.8e-05 1182
1.9e-05 1181
2e-05 1180
2.1e-05 1180
2.2e-05 1180
2.3e-05 1181
2.4e-05 1178
2.5e-05 1178
2.6e-05 1175
2.7e-05 1174
2.8e-05 1173
2.9e-05 1169
3e-05 1169
3.1e-05 1169
3.2e-05 1167
3.3e-05 1167
3.4e-05 1164
3.5e-05 1161
3.6e-05 1160
3.7e-05 1159
3.8e-05 1159
3.9e-05 1156
4e-05 1154
4.1e-05 1151
4.2e-05 1149
4.3e-05 1149
4.4e-05 1148
4.5e-05 1147
4.6e-05 1145
4.7e-05 1143
4.8e-05 1142
4.9e-05 1140
5e-05 1139
5.1e-05 1141
5.2e-05 1140
5.3e-05 1140
5.4e-05 1139
5.5e-05 1139
5.6e-05 1139
5.7e-05 1137
5.8e-05 1138
5.9e-05 1138
6e-05 1139
6.1e-05 1139
6.2e-05 1140
6.3e-05 1139
6.4e-05 1138
6.5e-05 1137
6.6e-05 1137
6.7e-05 1136
6.8e-05 1134
6.9e-05 1134
7e-05 1132
7.1e-05 1132
7.2e-05 1131
7.3e-05 1128
7.4e-05 1128
7.5e-05 1129
7.6e-05 1128
7.7e-05 1128
7.8e-05 1128
7.9e-05 1126
8e-05 1125
8.1e-05 1125
8.2e-05 1126
8.3e-05 1125
8.4e-05 1125
8.5e-05 1125
8.6e-05 1123
8.7e-05 1122
8.8e-05 1121
8.9e-05 1119
9e-05 1115
9.1e-05 1116
9.2e-05 1115
9.3e-05 1115
9.4e-05 1115
9.5e-05 1114
9.6e-05 1115
9.7e-05 1112
9.8e-05 1110
9.9e-05 1108
0.0001 1108
0.000101 1108
0.000102 1106
0.000103 1106
0.000104 1106
0.000105 1105
0.000106 1104
0.000107 1101
0.000108 1098
0.000109 1097
0.00011 1097
0.000111 1097
0.000112 1095
0.000113 1096
0.000114 1096
0.000115 1096
0.000116 1096
0.000117 1095
0.000118 1093
0.000119 1090
0.00012 1090
0.000121 1089
0.000122 1089
0.000123 1089
0.000124 1088
0.000125 1088
0.000126 1089
0.000127 1089
0.000128 1089
0.000129 1088
0.00013 1086
0.000131 1084
0.000132 1083
0.000133 1082
0.000134 1080
0.000135 1080
0.000136 1080
0.000137 1079
0.000138 1078
0.000139 1078
0.00014 1078
0.000141 1077
0.000142 1077
0.000143 1077
0.000144 1076
0.000145 1075
0.000146 1074
0.000147 1072
0.000148 1069
0.000149 1068
0.00015 1068
0.000151 1068
0.000152 1065
0.000153 1065
0.000154 1065
0.000155 1065
0.000156 1065
0.000157 1061
0.000158 1061
0.000159 1061
0.00016 1056
0.000161 1056
0.000162 1056
0.000163 1055
0.000164 1055
0.000165 1056
0.000166 1055
0.000167 1053
0.000168 1054
0.000169 1053
0.00017 1051
0.000171 1051
0.000172 1051
0.000173 1050
0.000174 1049
0.000175 1049
0.000176 1049
0.000177 1049
0.000178 1051
0.000179 1051
0.00018 1051
0.000181 1050
0.000182 1050
0.000183 1050
0.000184 1050
0.000185 1049
0.000186 1049
0.000187 1049
0.000188 1049
0.000189 1049
0.00019 1049
0.000191 1048
0.000192 1047
0.000193 1046
0.000194 1045
0.000195 1045
0.000196 1045
0.000197 1044
0.000198 1044
0.000199 1044
0.0002 1042
0.000201 1042
0.000202 1042
0.000203 1041
0.000204 1041
0.000205 1041
0.000206 1040
0.000207 1040
0.000208 1039
0.000209 1038
0.00021 1038
0.000211 1037
0.000212 1036
0.000213 1035
0.000214 1035
0.000215 1035
0.000216 1035
0.000217 1036
0.000218 1035
0.000219 1032
0.00022 1032
0.000221 1030
0.000222 1029
0.000223 1028
0.000224 1028
0.000225 1028
0.000226 1028
0.000227 1027
0.000228 1027
0.000229 1027
0.00023 1025
0.000231 1025
0.000232 1025
0.000233 1025
0.000234 1025
0.000235 1024
0.000236 1024
0.000237 1023
0.000238 1023
0.000239 1023
0.00024 1023
0.000241 1022
0.000242 1022
0.000243 1022
0.000244 1022
0.000245 1022
0.000246 1022
0.000247 1022
0.000248 1022
0.000249 1021
0.00025 1021
0.000251 1020
0.000252 1020
0.000253 1021
0.000254 1021
0.000255 1021
0.000256 1021
0.000257 1022
0.000258 1022
0.000259 1022
0.00026 1021
0.000261 1021
0.000262 1021
0.000263 1021
0.000264 1021
0.000265 1021
0.000266 1021
0.000267 1022
0.000268 1022
0.000269 1022
0.00027 1022
0.000271 1022
0.000272 1022
0.000273 1020
0.000274 1018
0.000275 1016
0.000276 1015
0.000277 1015
0.000278 1015
0.000279 1014
0.00028 1015
0.000281 1014
0.000282 1014
0.000283 1014
0.000284 1014
0.000285 1014
0.000286 1014
0.000287 1014
0.000288 1013
0.000289 1013
0.00029 1013
0.000291 1011
0.000292 1011
0.000293 1011
0.000294 1011
0.000295 1012
0.000296 1012
0.000297 1012
0.000298 1010
0.000299 1010
0.0003 1010
0.000301 1010
0.000302 1009
0.000303 1008
0.000304 1008
0.000305 1008
0.000306 1008
0.000307 1008
0.000308 1006
0.000309 1006
0.00031 1006
0.000311 1006
0.000312 1007
0.000313 1007
0.000314 1007
0.000315 1007
0.000316 1006
0.000317 1006
0.000318 1006
0.000319 1006
0.00032 1006
0.000321 1005
0.000322 1005
0.000323 1004
0.000324 1004
0.000325 1003
0.000326 1001
0.000327 1001
0.000328 1001
0.000329 1002
0.00033 1002
0.000331 1002
0.000332 1002
0.000333 1001
0.000334 1000
0.000335 1000
0.000336 1000
0.000337 1000
0.000338 1000
0.000339 1000
0.00034 1000
0.000341 1000
0.000342 1000
0.000343 1000
0.000344 999
0.000345 998
0.000346 998
0.000347 998
0.000348 998
0.000349 998
0.00035 996
0.000351 996
0.000352 996
0.000353 996
0.000354 996
0.000355 996
0.000356 996
0.000357 995
0.000358 995
0.000359 995
0.00036 995
0.000361 995
0.000362 994
0.000363 994
0.000364 995
0.000365 995
0.000366 996
0.000367 996
0.000368 996
0.000369 996
0.00037 996
0.000371 995
0.000372 994
0.000373 994
0.000374 993
0.000375 993
0.000376 992
0.000377 991
0.000378 990
0.000379 990
0.00038 990
0.000381 990
0.000382 990
0.000383 990
0.000384 990
0.000385 990
0.000386 990
0.000387 990
0.000388 990
0.000389 990
0.00039 990
0.000391 990
0.000392 990
0.000393 990
0.000394 989
0.000395 990
0.000396 990
0.000397 990
0.000398 990
0.000399 990
0.0004 990
0.000401 991
0.000402 991
0.000403 990
0.000404 990
0.000405 990
0.000406 990
0.000407 989
0.000408 989
0.000409 989
0.00041 988
0.000411 988
0.000412 988
0.000413 988
0.000414 988
0.000415 988
0.000416 988
0.000417 988
0.000418 988
0.000419 988
0.00042 987
0.000421 987
0.000422 987
0.000423 988
0.000424 988
0.000425 988
0.000426 988
0.000427 987
0.000428 987
0.000429 987
0.00043 987
0.000431 987
0.000432 987
0.000433 987
0.000434 987
0.000435 987
0.000436 987
0.000437 987
0.000438 987
0.000439 987
0.00044 987
0.000441 987
0.000442 987
0.000443 987
0.000444 987
0.000445 987
0.000446 987
0.000447 987
0.000448 987
0.000449 986
0.00045 986
0.000451 986
0.000452 986
0.000453 986
0.000454 986
0.000455 985
0.000456 986
0.000457 986
0.000458 986
0.000459 985
0.00046 985
0.000461 985
0.000462 985
0.000463 984
0.000464 984
0.000465 984
0.000466 984
0.000467 984
0.000468 984
0.000469 984
0.00047 984
0.000471 984
0.000472 984
0.000473 984
0.000474 984
0.000475 984
0.000476 984
0.000477 984
0.000478 984
0.000479 984
0.00048 984
0.000481 984
0.000482 984
0.000483 984
0.000484 985
0.000485 985
0.000486 985
0.000487 985
0.000488 985
0.000489 985
0.00049 985
0.000491 985
0.000492 985
0.000493 985
0.000494 984
0.000495 984
0.000496 984
0.000497 984
0.000498 984
0.000499 984
0.0005 982
0.000501 982
0.000502 982
0.000503 982
0.000504 982
0.000505 982
0.000506 982
0.000507 982
0.000508 982
0.000509 982
0.00051 983
0.000511 983
0.000512 984
0.000513 984
0.000514 984
0.000515 984
0.000516 984
0.000517 984
0.000518 983
0.000519 983
0.00052 983
0.000521 983
0.000522 983
0.000523 983
0.000524 982
0.000525 982
0.000526 982
0.000527 981
0.000528 981
0.000529 981
0.00053 981
0.000531 981
0.000532 981
0.000533 982
0.000534 982
0.000535 982
0.000536 982
0.000537 982
0.000538 982
0.000539 982
0.00054 983
0.000541 983
0.000542 983
0.000543 983
0.000544 983
0.000545 983
0.000546 983
0.000547 983
0.000548 983
0.000549 983
0.00055 983
0.000551 983
0.000552 983
0.000553 983
0.000554 983
0.000555 983
0.000556 983
0.000557 983
0.000558 983
0.000559 983
0.00056 983
0.000561 983
0.000562 984
0.000563 984
0.000564 984
0.000565 984
0.000566 984
0.000567 984
0.000568 984
0.000569 983
0.00057 983
0.000571 982
0.000572 982
0.000573 983
0.000574 983
0.000575 983
0.000576 983
0.000577 983
0.000578 983
0.000579 983
0.00058 983
0.000581 983
0.000582 983
0.000583 983
0.000584 983
0.000585 983
0.000586 983
0.000587 983
0.000588 983
0.000589 983
0.00059 983
0.000591 983
0.000592 983
0.000593 983
0.000594 983
0.000595 983
0.000596 983
0.000597 984
0.000598 984
0.000599 984
0.0006 984
0.000601 984
0.000602 984
0.000603 984
0.000604 984
0.000605 984
0.000606 984
0.000607 984
0.000608 984
0.000609 984
0.00061 984
0.000611 984
0.000612 985
0.000613 985
0.000614 985
0.000615 985
0.000616 984
0.000617 984
0.000618 984
0.000619 984
0.00062 984
0.000621 984
0.000622 984
0.000623 984
0.000624 984
0.000625 984
0.000626 984
0.000627 984
0.000628 984
0.000629 984
0.00063 984
0.000631 984
0.000632 984
0.000633 984
0.000634 984
0.000635 984
0.000636 984
0.000637 984
0.000638 984
0.000639 984
0.00064 984
0.000641 984
0.000642 984
0.000643 984
0.000644 984
0.000645 985
0.000646 985
0.000647 985
0.000648 985
0.000649 985
0.00065 985
0.000651 985
0.000652 985
0.000653 985
0.000654 986
0.000655 986
0.000656 985
0.000657 985
0.000658 985
0.000659 985
0.00066 985
0.000661 985
0.000662 985
0.000663 985
0.000664 985
0.000665 985
0.000666 984
0.000667 984
0.000668 984
0.000669 984
0.00067 984
0.000671 984
0.000672 984
0.000673 984
0.000674 984
0.000675 984
0.000676 984
0.000677 984
0.000678 984
0.000679 984
0.00068 984
0.000681 984
0.000682 983
0.000683 982
0.000684 982
0.000685 982
0.000686 982
0.000687 982
0.000688 982
0.000689 982
0.00069 982
0.000691 982
0.000692 982
0.000693 982
0.000694 982
0.000695 982
0.000696 982
0.000697 982
0.000698 982
0.000699 982
0.0007 982
0.000701 982
0.000702 982
0.000703 982
0.000704 982
0.000705 982
0.000706 982
0.000707 982
0.000708 982
0.000709 982
0.00071 981
0.000711 981
0.000712 981
0.000713 980
0.000714 980
0.000715 980
0.000716 980
0.000717 980
0.000718 979
0.000719 979
0.00072 979
0.000721 979
0.000722 979
0.000723 979
0.000724 979
0.000725 980
0.000726 980
0.000727 980
0.000728 980
0.000729 980
0.00073 981
0.000731 981
0.000732 981
0.000733 981
0.000734 981
0.000735 981
0.000736 981
0.000737 981
0.000738 981
0.000739 981
0.00074 981
0.000741 981
0.000742 981
0.000743 981
0.000744 981
0.000745 981
0.000746 981
0.000747 981
0.000748 981
0.000749 981
0.00075 981
0.000751 981
0.000752 981
0.000753 981
0.000754 981
0.000755 981
0.000756 981
0.000757 981
0.000758 981
0.000759 981
0.00076 981
0.000761 981
0.000762 981
0.000763 981
0.000764 980
0.000765 980
0.000766 980
0.000767 980
0.000768 980
0.000769 980
0.00077 980
0.000771 980
0.000772 980
0.000773 980
0.000774 980
0.000775 980
0.000776 980
0.000777 980
0.000778 980
0.000779 980
0.00078 980
0.000781 980
0.000782 979
0.000783 979
0.000784 979
0.000785 979
0.000786 980
0.000787 980
0.000788 980
0.000789 980
0.00079 978
0.000791 977
0.000792 977
0.000793 977
0.000794 977
0.000795 977
0.000796 977
0.000797 977
0.000798 977
0.000799 976
0.0008 976
0.000801 976
0.000802 976
0.000803 976
0.000804 976
0.000805 976
0.000806 976
0.000807 976
0.000808 976
0.000809 976
0.00081 976
0.000811 976
0.000812 976
0.000813 976
0.000814 976
0.000815 976
0.000816 976
0.000817 976
0.000818 976
0.000819 976
0.00082 976
0.000821 976
0.000822 976
0.000823 976
0.000824 976
0.000825 976
0.000826 976
0.000827 976
0.000828 976
0.000829 976
0.00083 976
0.000831 975
0.000832 975
0.000833 975
0.000834 975
0.000835 975
0.000836 975
0.000837 975
0.000838 975
0.000839 975
0.00084 975
0.000841 975
0.000842 975
0.000843 975
0.000844 975
0.000845 975
0.000846 975
0.000847 975
0.000848 975
0.000849 975
0.00085 975
0.000851 975
0.000852 975
0.000853 975
0.000854 975
0.000855 975
0.000856 975
0.000857 976
0.000858 976
0.000859 976
0.00086 976
0.000861 976
0.000862 976
0.000863 976
0.000864 976
0.000865 976
0.000866 976
0.000867 976
0.000868 976
0.000869 976
0.00087 977
0.000871 977
0.000872 977
0.000873 977
0.000874 977
0.000875 977
0.000876 978
0.000877 978
0.000878 979
0.000879 979
0.00088 980
0.000881 980
0.000882 980
0.000883 980
0.000884 980
0.000885 980
0.000886 980
0.000887 980
0.000888 980
0.000889 979
0.00089 979
0.000891 979
0.000892 979
0.000893 979
0.000894 979
0.000895 979
0.000896 979
0.000897 979
0.000898 979
0.000899 979
0.0009 979
0.000901 979
0.000902 979
0.000903 979
0.000904 979
0.000905 979
0.000906 979
0.000907 979
0.000908 979
0.000909 979
0.00091 979
0.000911 980
0.000912 980
0.000913 980
0.000914 980
0.000915 980
0.000916 980
0.000917 980
0.000918 980
0.000919 980
0.00092 980
0.000921 980
0.000922 980
0.000923 980
0.000924 981
0.000925 982
0.000926 982
0.000927 982
0.000928 982
0.000929 982
0.00093 982
0.000931 982
0.000932 982
0.000933 983
0.000934 983
0.000935 983
0.000936 983
0.000937 983
0.000938 983
0.000939 983
0.00094 983
0.000941 983
0.000942 983
0.000943 983
0.000944 983
0.000945 983
0.000946 983
0.000947 983
0.000948 983
0.000949 983
0.00095 983
0.000951 983
0.000952 983
0.000953 983
0.000954 983
0.000955 983
0.000956 983
0.000957 983
0.000958 983
0.000959 983
0.00096 983
0.000961 983
0.000962 983
0.000963 983
0.000964 983
0.000965 982
0.000966 982
0.000967 982
0.000968 982
0.000969 982
0.00097 982
0.000971 982
0.000972 982
0.000973 982
0.000974 982
0.000975 982
0.000976 982
0.000977 982
0.000978 982
0.000979 982
0.00098 982
0.000981 982
0.000982 982
0.000983 982
0.000984 982
0.000985 982
0.000986 982
0.000987 982
0.000988 982
0.000989 982
0.00099 982
0.000991 982
0.000992 982
0.000993 982
0.000994 982
0.000995 982
0.000996 982
0.000997 982
0.000998 983
0.000999 983
0.001 983
0.001001 983
0.001002 983
0.001003 983
0.001004 983
0.001005 983
0.001006 983
0.001007 983
0.001008 983
0.001009 983
0.00101 983
0.001011 984
0.001012 984
0.001013 984
0.001014 984
0.001015 984
0.001016 984
0.001017 984
0.001018 984
0.001019 984
0.00102 984
0.001021 984
0.001022 984
0.001023 984
0.001024 983
0.001025 983
0.001026 983
0.001027 983
0.001028 983
0.001029 983
0.00103 983
0.001031 983
0.001032 983
0.001033 983
0.001034 983
0.001035 983
0.001036 984
0.001037 984
0.001038 984
0.001039 984
0.00104 984
0.001041 984
0.001042 984
0.001043 984
0.001044 984
0.001045 984
0.001046 984
0.001047 984
0.001048 984
0.001049 984
0.00105 984
0.001051 984
0.001052 984
0.001053 984
0.001054 984
0.001055 984
0.001056 984
0.001057 984
0.001058 984
0.001059 984
0.00106 984
0.001061 984
0.001062 983
0.001063 983
0.001064 983
0.001065 983
0.001066 983
0.001067 983
0.001068 983
0.001069 983
0.00107 983
0.001071 982
0.001072 982
0.001073 982
0.001074 982
0.001075 982
0.001076 982
0.001077 982
0.001078 982
0.001079 982
0.00108 982
0.001081 982
0.001082 982
0.001083 982
0.001084 982
0.001085 982
0.001086 982
0.001087 981
0.001088 981
0.001089 981
0.00109 981
0.001091 981
0.001092 981
0.001093 981
0.001094 981
0.001095 981
0.001096 981
0.001097 981
0.001098 980
0.001099 980
0.0011 979
0.001101 979
0.001102 979
0.001103 979
0.001104 979
0.001105 979
0.001106 978
0.001107 978
0.001108 978
0.001109 977
0.00111 977
0.001111 977
0.001112 977
0.001113 977
0.001114 977
0.001115 977
0.001116 977
0.001117 977
0.001118 977
0.001119 977
0.00112 977
0.001121 977
0.001122 977
0.001123 977
0.001124 977
0.001125 977
0.001126 977
0.001127 977
0.001128 977
0.001129 977
0.00113 977
0.001131 977
0.001132 977
0.001133 977
0.001134 977
0.001135 977
0.001136 977
0.001137 977
0.001138 977
0.001139 977
0.00114 977
0.001141 977
0.001142 977
0.001143 977
0.001144 977
0.001145 977
0.001146 977
0.001147 978
0.001148 978
0.001149 978
0.00115 978
0.001151 978
0.001152 978
0.001153 978
0.001154 978
0.001155 978
0.001156 978
0.001157 978
0.001158 978
0.001159 978
0.00116 978
0.001161 978
0.001162 978
0.001163 978
0.001164 978
0.001165 977
0.001166 977
0.001167 977
0.001168 977
0.001169 978
0.00117 978
0.001171 978
0.001172 978
0.001173 978
0.001174 978
0.001175 978
0.001176 978
0.001177 978
0.001178 978
0.001179 978
0.00118 978
0.001181 978
0.001182 978
0.001183 978
0.001184 978
0.001185 978
0.001186 978
0.001187 978
0.001188 978
0.001189 978
0.00119 978
0.001191 978
0.001192 978
0.001193 978
0.001194 978
0.001195 978
0.001196 978
0.001197 978
0.001198 978
0.001199 978
0.0012 978
0.001201 978
0.001202 978
0.001203 978
0.001204 978
0.001205 978
0.001206 978
0.001207 978
0.001208 979
0.001209 979
0.00121 979
0.001211 979
0.001212 979
0.001213 979
0.001214 979
0.001215 978
0.001216 978
0.001217 978
0.001218 978
0.001219 978
0.00122 978
0.001221 978
0.001222 978
0.001223 978
0.001224 978
0.001225 978
0.001226 978
0.001227 978
0.001228 977
0.001229 976
0.00123 976
0.001231 976
0.001232 976
0.001233 976
0.001234 976
0.001235 976
0.001236 976
0.001237 976
0.001238 976
0.001239 976
0.00124 976
0.001241 977
0.001242 977
0.001243 977
0.001244 977
0.001245 977
0.001246 977
0.001247 977
0.001248 977
0.001249 976
0.00125 976
0.001251 976
0.001252 976
0.001253 976
0.001254 976
0.001255 976
0.001256 976
0.001257 976
0.001258 976
0.001259 976
0.00126 976
0.001261 976
0.001262 976
0.001263 976
0.001264 976
0.001265 976
0.001266 976
0.001267 976
0.001268 976
0.001269 976
0.00127 976
0.001271 976
0.001272 976
0.001273 976
0.001274 976
0.001275 976
0.001276 976
0.001277 976
0.001278 976
0.001279 976
0.00128 976
0.001281 976
0.001282 976
0.001283 976
0.001284 976
0.001285 976
0.001286 976
0.001287 976
0.001288 975
0.001289 975
0.00129 975
0.001291 975
0.001292 975
0.001293 975
0.001294 975
0.001295 975
0.001296 975
0.001297 975
0.001298 975
0.001299 975
0.0013 975
0.001301 975
0.001302 975
0.001303 975
0.001304 975
0.001305 975
0.001306 975
0.001307 975
0.001308 975
0.001309 975
0.00131 975
0.001311 974
0.001312 974
0.001313 973
0.001314 973
0.001315 973
0.001316 973
0.001317 973
0.001318 973
0.001319 973
0.00132 973
0.001321 973
0.001322 973
0.001323 972
0.001324 972
0.001325 973
0.001326 973
0.001327 973
0.001328 973
0.001329 973
0.00133 973
0.001331 973
0.001332 973
0.001333 974
0.001334 974
0.001335 974
0.001336 974
0.001337 974
0.001338 974
0.001339 974
0.00134 974
0.001341 974
0.001342 974
0.001343 974
0.001344 974
0.001345 974
0.001346 974
0.001347 975
0.001348 975
0.001349 975
0.00135 975
0.001351 975
0.001352 975
0.001353 975
0.001354 975
0.001355 975
0.001356 974
0.001357 974
0.001358 975
0.001359 975
0.00136 976
0.001361 976
0.001362 976
0.001363 976
0.001364 976
0.001365 976
0.001366 976
0.001367 976
0.001368 976
0.001369 976
0.00137 976
0.001371 976
0.001372 976
0.001373 976
0.001374 976
0.001375 976
0.001376 976
0.001377 976
0.001378 976
0.001379 976
0.00138 976
0.001381 976
0.001382 976
0.001383 976
0.001384 976
0.001385 976
0.001386 976
0.001387 977
0.001388 977
0.001389 977
0.00139 977
0.001391 977
0.001392 977
0.001393 977
0.001394 977
0.001395 977
0.001396 977
0.001397 977
0.001398 977
0.001399 977
0.0014 978
0.001401 978
0.001402 978
0.001403 978
0.001404 979
0.001405 979
0.001406 979
0.001407 979
0.001408 979
0.001409 979
0.00141 979
0.001411 979
0.001412 979
0.001413 979
0.001414 979
0.001415 979
0.001416 979
0.001417 979
0.001418 979
0.001419 979
0.00142 979
0.001421 980
0.001422 980
0.001423 981
0.001424 981
0.001425 981
0.001426 981
0.001427 981
0.001428 981
0.001429 981
0.00143 981
0.001431 981
0.001432 981
0.001433 981
0.001434 981
0.001435 981
0.001436 981
0.001437 981
0.001438 981
0.001439 981
0.00144 981
0.001441 981
0.001442 981
0.001443 981
0.001444 981
0.001445 980
0.001446 980
0.001447 980
0.001448 980
0.001449 980
0.00145 980
0.001451 980
0.001452 981
0.001453 981
0.001454 981
0.001455 981
0.001456 981
0.001457 981
0.001458 981
0.001459 981
0.00146 981
0.001461 981
0.001462 981
0.001463 981
0.001464 981
0.001465 981
0.001466 980
0.001467 980
0.001468 980
0.001469 980
0.00147 980
0.001471 980
0.001472 981
0.001473 982
0.001474 982
0.001475 982
0.001476 982
0.001477 982
0.001478 982
0.001479 982
0.00148 982
0.001481 982
0.001482 982
0.001483 982
0.001484 982
0.001485 983
0.001486 983
0.001487 983
0.001488 983
0.001489 983
0.00149 983
0.001491 983
0.001492 984
0.001493 984
0.001494 984
0.001495 984
0.001496 984
0.001497 984
0.001498 984
0.001499 984
0.0015 984
0.001501 984
0.001502 984
0.001503 984
0.001504 985
0.001505 985
0.001506 985
0.001507 985
0.001508 985
0.001509 985
0.00151 985
0.001511 985
0.001512 985
0.001513 985
0.001514 986
0.001515 986
0.001516 986
0.001517 986
0.001518 986
0.001519 986
0.00152 986
0.001521 986
0.001522 986
0.001523 986
0.001524 986
0.001525 986
0.001526 986
0.001527 986
0.001528 986
0.001529 986
0.00153 986
0.001531 986
0.001532 986
0.001533 986
0.001534 986
0.001535 986
0.001536 986
0.001537 986
0.001538 986
0.001539 986
0.00154 985
0.001541 984
0.001542 984
0.001543 984
0.001544 984
0.001545 984
0.001546 983
0.001547 983
0.001548 983
0.001549 983
0.00155 983
0.001551 983
0.001552 983
0.001553 983
0.001554 983
0.001555 983
0.001556 983
0.001557 983
0.001558 983
0.001559 983
0.00156 983
0.001561 983
0.001562 983
0.001563 983
0.001564 983
0.001565 983
0.001566 982
0.001567 982
0.001568 982
0.001569 982
0.00157 982
0.001571 982
0.001572 982
0.001573 982
0.001574 982
0.001575 982
0.001576 982
0.001577 982
0.001578 982
0.001579 982
0.00158 982
0.001581 982
0.001582 982
0.001583 982
0.001584 982
0.001585 982
0.001586 982
0.001587 982
0.001588 982
0.001589 982
0.00159 982
0.001591 982
0.001592 982
0.001593 982
0.001594 982
0.001595 982
0.001596 982
0.001597 982
0.001598 982
0.001599 982
0.0016 982
0.001601 982
0.001602 981
0.001603 982
0.001604 982
0.001605 982
0.001606 982
0.001607 982
0.001608 982
0.001609 982
0.00161 982
0.001611 982
0.001612 982
0.001613 982
0.001614 982
0.001615 983
0.001616 983
0.001617 984
0.001618 984
0.001619 984
0.00162 984
0.001621 984
0.001622 984
0.001623 984
0.001624 984
0.001625 984
0.001626 984
0.001627 984
0.001628 984
0.001629 985
0.00163 985
0.001631 985
0.001632 985
0.001633 985
0.001634 985
0.001635 985
0.001636 985
0.001637 985
0.001638 985
0.001639 985
0.00164 985
0.001641 985
0.001642 985
0.001643 985
0.001644 985
0.001645 985
0.001646 985
0.001647 985
0.001648 985
0.001649 985
0.00165 985
0.001651 985
0.001652 985
0.001653 985
0.001654 985
0.001655 985
0.001656 985
0.001657 985
0.001658 985
0.001659 985
0.00166 985
0.001661 985
0.001662 985
0.001663 985
0.001664 985
0.001665 985
0.001666 985
0.001667 985
0.001668 985
0.001669 985
0.00167 985
0.001671 985
0.001672 985
0.001673 985
0.001674 985
0.001675 985
0.001676 985
0.001677 985
0.001678 985
0.001679 985
0.00168 985
0.001681 985
0.001682 985
0.001683 985
0.001684 985
0.001685 985
0.001686 985
0.001687 985
0.001688 985
0.001689 985
0.00169 985
0.001691 985
0.001692 985
0.001693 985
0.001694 985
0.001695 985
0.001696 985
0.001697 985
0.001698 985
0.001699 985
0.0017 985
0.001701 985
0.001702 985
0.001703 985
0.001704 985
0.001705 985
0.001706 985
0.001707 985
0.001708 985
0.001709 985
0.00171 985
0.001711 985
0.001712 985
0.001713 985
0.001714 985
0.001715 985
0.001716 985
0.001717 985
0.001718 985
0.001719 985
0.00172 985
0.001721 985
0.001722 985
0.001723 984
0.001724 984
0.001725 984
0.001726 984
0.001727 985
0.001728 985
0.001729 985
0.00173 985
0.001731 985
0.001732 985
0.001733 985
0.001734 985
0.001735 985
0.001736 985
0.001737 985
0.001738 985
0.001739 985
0.00174 985
0.001741 985
0.001742 985
0.001743 985
0.001744 985
0.001745 985
0.001746 985
0.001747 985
0.001748 985
0.001749 985
0.00175 985
0.001751 985
0.001752 985
0.001753 985
0.001754 985
0.001755 985
0.001756 985
0.001757 985
0.001758 985
0.001759 985
0.00176 985
0.001761 985
0.001762 985
0.001763 985
0.001764 985
0.001765 985
0.001766 985
0.001767 985
0.001768 985
0.001769 985
0.00177 984
0.001771 984
0.001772 984
0.001773 984
0.001774 985
0.001775 985
0.001776 985
0.001777 985
0.001778 985
0.001779 985
0.00178 985
0.001781 985
0.001782 985
0.001783 985
0.001784 986
0.001785 986
0.001786 986
0.001787 986
0.001788 986
0.001789 986
0.00179 986
0.001791 986
0.001792 986
0.001793 986
0.001794 987
0.001795 987
0.001796 987
0.001797 987
0.001798 987
0.001799 987
0.0018 987
0.001801 987
0.001802 987
0.001803 987
0.001804 987
0.001805 987
0.001806 987
0.001807 987
0.001808 987
0.001809 987
0.00181 987
0.001811 987
0.001812 987
0.001813 987
0.001814 987
0.001815 987
0.001816 987
0.001817 987
0.001818 986
0.001819 986
0.00182 986
0.001821 986
0.001822 986
0.001823 986
0.001824 986
0.001825 986
0.001826 986
0.001827 986
0.001828 986
0.001829 986
0.00183 986
0.001831 986
0.001832 986
0.001833 986
0.001834 986
0.001835 985
0.001836 985
0.001837 985
0.001838 985
0.001839 985
0.00184 985
0.001841 985
0.001842 985
0.001843 985
0.001844 985
0.001845 985
0.001846 985
0.001847 985
0.001848 985
0.001849 985
0.00185 986
0.001851 986
0.001852 986
0.001853 986
0.001854 986
0.001855 986
0.001856 986
0.001857 987
0.001858 987
0.001859 987
0.00186 987
0.001861 987
0.001862 987
0.001863 987
0.001864 987
0.001865 987
0.001866 987
0.001867 987
0.001868 987
0.001869 987
0.00187 987
0.001871 987
0.001872 987
0.001873 987
0.001874 987
0.001875 987
0.001876 987
0.001877 987
0.001878 987
0.001879 987
0.00188 987
0.001881 987
0.001882 987
0.001883 987
0.001884 987
0.001885 987
0.001886 987
0.001887 986
0.001888 986
0.001889 986
0.00189 986
0.001891 986
0.001892 985
0.001893 985
0.001894 985
0.001895 985
0.001896 985
0.001897 985
0.001898 985
0.001899 985
0.0019 985
0.001901 985
0.001902 985
0.001903 985
0.001904 985
0.001905 985
0.001906 985
0.001907 985
0.001908 985
0.001909 985
0.00191 985
0.001911 985
0.001912 985
0.001913 985
0.001914 985
0.001915 985
0.001916 986
0.001917 986
0.001918 986
0.001919 986
0.00192 986
0.001921 986
0.001922 986
0.001923 986
0.001924 986
0.001925 985
0.001926 985
0.001927 985
0.001928 985
0.001929 985
0.00193 985
0.001931 985
0.001932 985
0.001933 985
0.001934 985
0.001935 985
0.001936 985
0.001937 985
0.001938 985
0.001939 985
0.00194 985
0.001941 985
0.001942 985
0.001943 985
0.001944 985
0.001945 985
0.001946 985
0.001947 985
0.001948 985
0.001949 985
0.00195 985
0.001951 985
0.001952 985
0.001953 986
0.001954 986
0.001955 986
0.001956 986
0.001957 986
0.001958 986
0.001959 986
0.00196 986
0.001961 986
0.001962 985
0.001963 985
0.001964 985
0.001965 985
0.001966 985
0.001967 985
0.001968 985
0.001969 985
0.00197 985
0.001971 985
0.001972 985
0.001973 985
0.001974 985
0.001975 985
0.001976 985
0.001977 985
0.001978 985
0.001979 985
0.00198 985
0.001981 985
0.001982 985
0.001983 985
0.001984 985
0.001985 985
0.001986 985
0.001987 985
0.001988 985
0.001989 985
0.00199 985
0.001991 985
0.001992 985
0.001993 985
0.001994 985
0.001995 985
0.001996 985
0.001997 985
0.001998 985
0.001999 985
0.002 985
0.002001 985
0.002002 985
0.002003 985
0.002004 985
0.002005 986
0.002006 986
0.002007 986
0.002008 986
0.002009 986
0.00201 986
0.002011 986
0.002012 986
0.002013 986
0.002014 986
0.002015 986
0.002016 986
0.002017 986
0.002018 986
0.002019 986
0.00202 986
0.002021 986
0.002022 986
0.002023 986
0.002024 986
0.002025 986
0.002026 986
0.002027 986
0.002028 986
0.002029 986
0.00203 987
0.002031 988
0.002032 988
0.002033 988
0.002034 988
0.002035 988
0.002036 988
0.002037 988
0.002038 989
0.002039 989
0.00204 989
0.002041 989
0.002042 990
0.002043 990
0.002044 990
0.002045 990
0.002046 990
0.002047 990
0.002048 990
0.002049 990
0.00205 990
0.002051 990
0.002052 990
0.002053 989
0.002054 989
0.002055 989
0.002056 989
0.002057 989
0.002058 989
0.002059 989
0.00206 989
0.002061 989
0.002062 990
0.002063 990
0.002064 990
0.002065 990
0.002066 990
0.002067 990
0.002068 990
0.002069 990
0.00207 990
0.002071 990
0.002072 990
0.002073 990
0.002074 990
0.002075 990
0.002076 990
0.002077 990
0.002078 989
0.002079 989
0.00208 989
0.002081 989
0.002082 989
0.002083 989
0.002084 989
0.002085 989
0.002086 989
0.002087 989
0.002088 989
0.002089 989
0.00209 989
0.002091 989
0.002092 989
0.002093 989
0.002094 989
0.002095 989
0.002096 989
0.002097 989
0.002098 989
0.002099 989
0.0021 989
0.002101 989
0.002102 989
0.002103 989
0.002104 989
0.002105 989
0.002106 989
0.002107 989
0.002108 988
0.002109 988
0.00211 987
0.002111 987
0.002112 987
0.002113 987
0.002114 987
0.002115 987
0.002116 987
0.002117 987
0.002118 987
0.002119 987
0.00212 987
0.002121 987
0.002122 987
0.002123 986
0.002124 986
0.002125 986
0.002126 986
0.002127 986
0.002128 986
0.002129 986
0.00213 986
0.002131 986
0.002132 986
0.002133 986
0.002134 986
0.002135 986
0.002136 986
0.002137 986
0.002138 986
0.002139 986
0.00214 986
0.002141 986
0.002142 985
0.002143 985
0.002144 985
0.002145 985
0.002146 985
0.002147 985
0.002148 985
0.002149 985
0.00215 985
0.002151 985
0.002152 984
0.002153 984
0.002154 984
0.002155 984
0.002156 984
0.002157 984
0.002158 984
0.002159 984
0.00216 984
0.002161 984
0.002162 984
0.002163 984
0.002164 983
0.002165 983
0.002166 983
0.002167 983
0.002168 983
0.002169 983
0.00217 983
0.002171 983
0.002172 983
0.002173 983
0.002174 983
0.002175 983
0.002176 983
0.002177 983
0.002178 983
0.002179 983
0.00218 983
0.002181 983
0.002182 983
0.002183 983
0.002184 983
0.002185 983
0.002186 983
0.002187 983
0.002188 983
0.002189 983
0.00219 983
0.002191 983
0.002192 983
0.002193 983
0.002194 983
0.002195 983
0.002196 983
0.002197 983
0.002198 983
0.002199 983
0.0022 983
0.002201 983
0.002202 983
0.002203 983
0.002204 983
0.002205 983
0.002206 983
0.002207 983
0.002208 983
0.002209 983
0.00221 983
0.002211 983
0.002212 983
0.002213 983
0.002214 983
0.002215 983
0.002216 983
0.002217 983
0.002218 983
0.002219 983
0.00222 983
0.002221 983
0.002222 983
0.002223 983
0.002224 983
0.002225 983
0.002226 983
0.002227 983
0.002228 983
0.002229 983
0.00223 983
0.002231 982
0.002232 982
0.002233 982
0.002234 982
0.002235 982
0.002236 982
0.002237 982
0.002238 982
0.002239 982
0.00224 982
0.002241 982
0.002242 982
0.002243 982
0.002244 982
0.002245 982
0.002246 983
0.002247 983
0.002248 983
0.002249 983
0.00225 983
0.002251 983
0.002252 983
0.002253 983
0.002254 983
0.002255 983
0.002256 983
0.002257 983
0.002258 983
0.002259 983
0.00226 983
0.002261 983
0.002262 983
0.002263 983
0.002264 983
0.002265 983
0.002266 983
0.002267 983
0.002268 983
0.002269 983
0.00227 983
0.002271 983
0.002272 984
0.002273 984
0.002274 984
0.002275 984
0.002276 984
0.002277 984
0.002278 984
0.002279 984
0.00228 984
0.002281 984
0.002282 984
0.002283 984
0.002284 984
0.002285 984
0.002286 984
0.002287 984
0.002288 984
0.002289 984
0.00229 984
0.002291 984
0.002292 984
0.002293 985
0.002294 985
0.002295 985
0.002296 985
0.002297 985
0.002298 985
0.002299 985
0.0023 985
0.002301 985
0.002302 985
0.002303 985
0.002304 985
0.002305 985
0.002306 985
0.002307 985
0.002308 985
0.002309 985
0.00231 985
0.002311 985
0.002312 985
0.002313 985
0.002314 985
0.002315 985
0.002316 987
0.002317 987
0.002318 987
0.002319 987
0.00232 987
0.002321 987
0.002322 987
0.002323 987
0.002324 987
0.002325 987
0.002326 987
0.002327 987
0.002328 987
0.002329 987
0.00233 987
0.002331 987
0.002332 987
0.002333 987
0.002334 987
0.002335 987
0.002336 987
0.002337 987
0.002338 987
0.002339 987
0.00234 987
0.002341 987
0.002342 987
0.002343 987
0.002344 987
0.002345 986
0.002346 986
0.002347 986
0.002348 986
0.002349 986
0.00235 986
0.002351 986
0.002352 986
0.002353 986
0.002354 986
0.002355 985
0.002356 985
0.002357 985
0.002358 985
0.002359 985
0.00236 984
0.002361 984
0.002362 984
0.002363 984
0.002364 984
0.002365 984
0.002366 984
0.002367 984
0.002368 984
0.002369 984
0.00237 984
0.002371 985
0.002372 985
0.002373 985
0.002374 985
0.002375 986
0.002376 986
0.002377 985
0.002378 985
0.002379 985
0.00238 985
0.002381 985
0.002382 985
0.002383 985
0.002384 985
0.002385 985
0.002386 985
0.002387 985
0.002388 985
0.002389 985
0.00239 985
0.002391 985
0.002392 985
0.002393 985
0.002394 985
0.002395 985
0.002396 985
0.002397 985
0.002398 985
0.002399 985
0.0024 985
0.002401 985
0.002402 985
0.002403 985
0.002404 985
0.002405 985
0.002406 985
0.002407 985
0.002408 985
0.002409 985
0.00241 985
0.002411 985
0.002412 985
0.002413 985
0.002414 985
0.002415 985
0.002416 984
0.002417 984
0.002418 984
0.002419 984
0.00242 984
0.002421 984
0.002422 984
0.002423 984
0.002424 984
0.002425 984
0.002426 984
0.002427 983
0.002428 983
0.002429 983
0.00243 983
0.002431 983
0.002432 983
0.002433 983
0.002434 983
0.002435 983
0.002436 983
0.002437 983
0.002438 983
0.002439 983
0.00244 983
0.002441 983
0.002442 983
0.002443 983
0.002444 983
0.002445 983
0.002446 983
0.002447 982
0.002448 982
0.002449 982
0.00245 983
0.002451 983
0.002452 984
0.002453 984
0.002454 984
0.002455 984
0.002456 984
0.002457 984
0.002458 983
0.002459 983
0.00246 983
0.002461 983
0.002462 984
0.002463 984
0.002464 984
0.002465 984
0.002466 984
0.002467 984
0.002468 985
0.002469 985
0.00247 986
0.002471 986
0.002472 986
0.002473 986
0.002474 986
0.002475 986
0.002476 986
0.002477 986
0.002478 986
0.002479 986
0.00248 986
0.002481 986
0.002482 986
0.002483 986
0.002484 986
0.002485 986
0.002486 986
0.002487 986
0.002488 986
0.002489 986
0.00249 986
0.002491 987
0.002492 987
0.002493 988
0.002494 988
0.002495 988
0.002496 988
0.002497 988
0.002498 988
0.002499 988
0.0025 988
0.002501 988
0.002502 988
0.002503 988
0.002504 988
0.002505 988
0.002506 988
0.002507 988
0.002508 988
0.002509 988
0.00251 988
0.002511 988
0.002512 988
0.002513 988
0.002514 988
0.002515 989
0.002516 989
0.002517 989
0.002518 989
0.002519 989
0.00252 989
0.002521 989
0.002522 989
0.002523 989
0.002524 989
0.002525 989
0.002526 989
0.002527 989
0.002528 989
0.002529 989
0.00253 989
0.002531 989
0.002532 989
0.002533 989
0.002534 989
0.002535 989
0.002536 989
0.002537 989
0.002538 990
0.002539 990
0.00254 990
0.002541 990
0.002542 990
0.002543 990
0.002544 990
0.002545 990
0.002546 990
0.002547 990
0.002548 990
0.002549 990
0.00255 990
0.002551 990
0.002552 990
0.002553 990
0.002554 990
0.002555 990
0.002556 990
0.002557 990
0.002558 990
0.002559 990
0.00256 989
0.002561 988
0.002562 988
0.002563 988
0.002564 988
0.002565 988
0.002566 988
0.002567 988
0.002568 988
0.002569 988
0.00257 987
0.002571 987
0.002572 987
0.002573 987
0.002574 987
0.002575 987
0.002576 987
0.002577 987
0.002578 987
0.002579 987
0.00258 987
0.002581 987
0.002582 987
0.002583 987
0.002584 987
0.002585 987
0.002586 987
0.002587 987
0.002588 987
0.002589 987
0.00259 987
0.002591 987
0.002592 987
0.002593 987
0.002594 987
0.002595 987
0.002596 987
0.002597 987
0.002598 987
0.002599 987
0.0026 987
0.002601 988
0.002602 988
0.002603 988
0.002604 988
0.002605 988
0.002606 988
0.002607 988
0.002608 988
0.002609 988
0.00261 988
0.002611 988
0.002612 988
0.002613 988
0.002614 988
0.002615 988
0.002616 988
0.002617 988
0.002618 988
0.002619 988
0.00262 988
0.002621 988
0.002622 988
0.002623 988
0.002624 989
0.002625 989
0.002626 989
0.002627 989
0.002628 989
0.002629 989
0.00263 989
0.002631 989
0.002632 989
0.002633 989
0.002634 989
0.002635 989
0.002636 989
0.002637 990
0.002638 990
0.002639 990
0.00264 990
0.002641 990
0.002642 990
0.002643 990
0.002644 990
0.002645 990
0.002646 991
0.002647 991
0.002648 991
0.002649 991
0.00265 991
0.002651 991
0.002652 991
0.002653 991
0.002654 991
0.002655 991
0.002656 991
0.002657 992
0.002658 992
0.002659 992
0.00266 992
0.002661 992
0.002662 992
0.002663 992
0.002664 992
0.002665 992
0.002666 992
0.002667 992
0.002668 992
0.002669 992
0.00267 992
0.002671 992
0.002672 992
0.002673 992
0.002674 992
0.002675 992
0.002676 992
0.002677 993
0.002678 993
0.002679 993
0.00268 993
0.002681 993
0.002682 993
0.002683 993
0.002684 993
0.002685 993
0.002686 993
0.002687 993
0.002688 993
0.002689 993
0.00269 993
0.002691 994
0.002692 994
0.002693 994
0.002694 994
0.002695 994
0.002696 994
0.002697 994
0.002698 994
0.002699 994
0.0027 994
0.002701 994
0.002702 994
0.002703 995
0.002704 995
0.002705 995
0.002706 995
0.002707 995
0.002708 994
0.002709 994
0.00271 994
0.002711 994
0.002712 994
0.002713 993
0.002714 993
0.002715 993
0.002716 993
0.002717 993
0.002718 993
0.002719 993
0.00272 993
0.002721 993
0.002722 993
0.002723 993
0.002724 993
0.002725 993
0.002726 993
0.002727 993
0.002728 993
0.002729 993
0.00273 993
0.002731 993
0.002732 993
0.002733 993
0.002734 993
0.002735 993
0.002736 992
0.002737 992
0.002738 992
0.002739 992
0.00274 992
0.002741 992
0.002742 991
0.002743 992
0.002744 992
0.002745 992
0.002746 992
0.002747 992
0.002748 992
0.002749 993
0.00275 993
0.002751 993
0.002752 993
0.002753 993
0.002754 993
0.002755 993
0.002756 993
0.002757 993
0.002758 993
0.002759 993
0.00276 993
0.002761 993
0.002762 993
0.002763 993
0.002764 993
0.002765 993
0.002766 993
0.002767 993
0.002768 993
0.002769 993
0.00277 993
0.002771 993
0.002772 993
0.002773 993
0.002774 993
0.002775 993
0.002776 993
0.002777 993
0.002778 993
0.002779 993
0.00278 993
0.002781 994
0.002782 994
0.002783 994
0.002784 994
0.002785 994
0.002786 994
0.002787 994
0.002788 994
0.002789 994
0.00279 994
0.002791 995
0.002792 995
0.002793 995
0.002794 995
0.002795 995
0.002796 995
0.002797 995
0.002798 995
0.002799 995
0.0028 994
0.002801 994
0.002802 994
0.002803 994
0.002804 994
0.002805 994
0.002806 994
0.002807 994
0.002808 994
0.002809 994
0.00281 994
0.002811 994
0.002812 994
0.002813 994
0.002814 994
0.002815 994
0.002816 994
0.002817 994
0.002818 994
0.002819 994
0.00282 993
0.002821 993
0.002822 993
0.002823 993
0.002824 993
0.002825 993
0.002826 993
0.002827 993
0.002828 993
0.002829 993
0.00283 993
0.002831 993
0.002832 993
0.002833 993
0.002834 993
0.002835 993
0.002836 993
0.002837 994
0.002838 994
0.002839 994
0.00284 994
0.002841 994
0.002842 994
0.002843 994
0.002844 994
0.002845 994
0.002846 994
0.002847 995
0.002848 995
0.002849 996
0.00285 996
0.002851 996
0.002852 996
0.002853 996
0.002854 996
0.002855 996
0.002856 996
0.002857 996
0.002858 996
0.002859 997
0.00286 997
0.002861 997
0.002862 997
0.002863 996
0.002864 996
0.002865 996
0.002866 996
0.002867 996
0.002868 996
0.002869 996
0.00287 996
0.002871 995
0.002872 995
0.002873 995
0.002874 995
0.002875 994
0.002876 994
0.002877 994
0.002878 994
0.002879 994
0.00288 994
0.002881 994
0.002882 993
0.002883 993
0.002884 993
0.002885 993
0.002886 993
0.002887 993
0.002888 993
0.002889 993
0.00289 993
0.002891 993
0.002892 993
0.002893 993
0.002894 993
0.002895 993
0.002896 993
0.002897 993
0.002898 993
0.002899 993
0.0029 993
0.002901 993
0.002902 993
0.002903 993
0.002904 992
0.002905 991
0.002906 991
0.002907 991
0.002908 991
0.002909 991
0.00291 991
0.002911 991
0.002912 991
0.002913 991
0.002914 991
0.002915 990
0.002916 990
0.002917 990
0.002918 990
0.002919 990
0.00292 990
0.002921 990
0.002922 989
0.002923 989
0.002924 989
0.002925 989
0.002926 989
0.002927 989
0.002928 989
0.002929 989
0.00293 989
0.002931 989
0.002932 989
0.002933 989
0.002934 989
0.002935 989
0.002936 989
0.002937 989
0.002938 989
0.002939 989
0.00294 989
0.002941 989
0.002942 989
0.002943 989
0.002944 989
0.002945 989
0.002946 989
0.002947 989
0.002948 989
0.002949 989
0.00295 989
0.002951 989
0.002952 989
0.002953 989
0.002954 989
0.002955 989
0.002956 989
0.002957 989
0.002958 989
0.002959 990
0.00296 990
0.002961 990
0.002962 990
0.002963 990
0.002964 990
0.002965 990
0.002966 990
0.002967 990
0.002968 990
0.002969 990
0.00297 990
0.002971 990
0.002972 990
0.002973 990
0.002974 990
0.002975 990
0.002976 990
0.002977 990
0.002978 990
0.002979 992
0.00298 992
0.002981 992
0.002982 992
0.002983 992
0.002984 992
0.002985 992
0.002986 992
0.002987 992
0.002988 992
0.002989 992
0.00299 992
0.002991 992
0.002992 992
0.002993 991
0.002994 991
0.002995 991
0.002996 991
0.002997 991
0.002998 991
0.002999 991
0.003 992
0.003001 992
0.003002 992
0.003003 991
0.003004 991
0.003005 991
0.003006 991
0.003007 991
0.003008 991
0.003009 991
0.00301 991
0.003011 991
0.003012 991
0.003013 991
0.003014 991
0.003015 991
0.003016 991
0.003017 991
0.003018 992
0.003019 992
0.00302 992
0.003021 992
0.003022 992
0.003023 992
0.003024 992
0.003025 992
0.003026 992
0.003027 992
0.003028 992
0.003029 992
0.00303 992
0.003031 992
0.003032 992
0.003033 991
0.003034 991
0.003035 991
0.003036 991
0.003037 991
0.003038 991
0.003039 991
0.00304 991
0.003041 991
0.003042 991
0.003043 991
0.003044 991
0.003045 991
0.003046 991
0.003047 991
0.003048 991
0.003049 991
0.00305 991
0.003051 991
0.003052 991
0.003053 991
0.003054 991
0.003055 991
0.003056 991
0.003057 991
0.003058 991
0.003059 991
0.00306 991
0.003061 991
0.003062 991
0.003063 991
0.003064 991
0.003065 991
0.003066 991
0.003067 991
0.003068 991
0.003069 991
0.00307 991
0.003071 991
0.003072 991
0.003073 991
0.003074 991
0.003075 991
0.003076 991
0.003077 991
0.003078 991
0.003079 991
0.00308 991
0.003081 991
0.003082 991
0.003083 991
0.003084 990
0.003085 990
0.003086 990
0.003087 990
0.003088 990
0.003089 990
0.00309 990
0.003091 990
0.003092 990
0.003093 990
0.003094 990
0.003095 990
0.003096 990
0.003097 990
0.003098 990
0.003099 990
0.0031 990
0.003101 990
0.003102 990
0.003103 990
0.003104 990
0.003105 990
0.003106 990
0.003107 990
0.003108 990
0.003109 990
0.00311 990
0.003111 990
0.003112 990
0.003113 989
0.003114 989
0.003115 989
0.003116 989
0.003117 989
0.003118 989
0.003119 989
0.00312 989
0.003121 989
0.003122 988
0.003123 988
0.003124 987
0.003125 987
0.003126 987
0.003127 987
0.003128 987
0.003129 987
0.00313 986
0.003131 986
0.003132 986
0.003133 986
0.003134 986
0.003135 985
0.003136 985
0.003137 985
0.003138 985
0.003139 985
0.00314 984
0.003141 984
0.003142 984
0.003143 983
0.003144 983
0.003145 983
0.003146 983
0.003147 983
0.003148 983
0.003149 983
0.00315 983
0.003151 983
0.003152 983
0.003153 983
0.003154 983
0.003155 983
0.003156 983
0.003157 983
0.003158 983
0.003159 983
0.00316 983
0.003161 983
0.003162 983
0.003163 983
0.003164 983
0.003165 983
0.003166 983
0.003167 983
0.003168 983
0.003169 983
0.00317 983
0.003171 983
0.003172 983
0.003173 983
0.003174 984
0.003175 984
0.003176 984
0.003177 984
0.003178 984
0.003179 984
0.00318 984
0.003181 984
0.003182 984
0.003183 984
0.003184 984
0.003185 984
0.003186 985
0.003187 985
0.003188 985
0.003189 985
0.00319 985
0.003191 985
0.003192 985
0.003193 985
0.003194 985
0.003195 984
0.003196 984
0.003197 984
0.003198 984
0.003199 984
0.0032 984
0.003201 984
0.003202 984
0.003203 984
0.003204 984
0.003205 984
0.003206 984
0.003207 984
0.003208 984
0.003209 984
0.00321 984
0.003211 985
0.003212 985
0.003213 985
0.003214 985
0.003215 985
0.003216 985
0.003217 985
0.003218 985
0.003219 985
0.00322 985
0.003221 985
0.003222 985
0.003223 985
0.003224 985
0.003225 985
0.003226 985
0.003227 985
0.003228 985
0.003229 985
0.00323 985
0.003231 985
0.003232 985
0.003233 985
0.003234 985
0.003235 985
0.003236 985
0.003237 985
0.003238 985
0.003239 986
0.00324 986
0.003241 986
0.003242 986
0.003243 986
0.003244 986
0.003245 987
0.003246 987
0.003247 987
0.003248 987
0.003249 987
0.00325 987
0.003251 987
0.003252 987
0.003253 987
0.003254 987
0.003255 987
0.003256 987
0.003257 987
0.003258 987
0.003259 987
0.00326 987
0.003261 987
0.003262 987
0.003263 987
0.003264 987
0.003265 987
0.003266 987
0.003267 987
0.003268 988
0.003269 988
0.00327 988
0.003271 988
0.003272 988
0.003273 988
0.003274 988
0.003275 988
0.003276 988
0.003277 988
0.003278 988
0.003279 988
0.00328 988
0.003281 988
0.003282 988
0.003283 988
0.003284 988
0.003285 989
0.003286 989
0.003287 989
0.003288 989
0.003289 989
0.00329 989
0.003291 989
0.003292 989
0.003293 989
0.003294 989
0.003295 989
0.003296 989
0.003297 989
0.003298 989
0.003299 990
0.0033 990
0.003301 990
0.003302 990
0.003303 991
0.003304 991
0.003305 991
0.003306 991
0.003307 991
0.003308 991
0.003309 991
0.00331 991
0.003311 991
0.003312 992
0.003313 992
0.003314 992
0.003315 992
0.003316 992
0.003317 992
0.003318 992
0.003319 992
0.00332 992
0.003321 992
0.003322 992
0.003323 991
0.003324 991
0.003325 991
0.003326 991
0.003327 991
0.003328 991
0.003329 991
0.00333 991
0.003331 991
0.003332 991
0.003333 991
0.003334 992
0.003335 992
0.003336 992
0.003337 992
0.003338 992
0.003339 992
0.00334 992
0.003341 993
0.003342 993
0.003343 993
0.003344 993
0.003345 993
0.003346 993
0.003347 993
0.003348 993
0.003349 993
0.00335 993
0.003351 994
0.003352 993
0.003353 993
0.003354 993
0.003355 993
0.003356 993
0.003357 993
0.003358 993
0.003359 993
0.00336 993
0.003361 993
0.003362 993
0.003363 992
0.003364 992
0.003365 992
0.003366 992
0.003367 992
0.003368 992
0.003369 992
0.00337 992
0.003371 993
0.003372 993
0.003373 993
0.003374 993
0.003375 993
0.003376 993
0.003377 993
0.003378 993
0.003379 994
0.00338 994
0.003381 994
0.003382 994
0.003383 994
0.003384 994
0.003385 994
0.003386 994
0.003387 994
0.003388 994
0.003389 994
0.00339 994
0.003391 994
0.003392 994
0.003393 994
0.003394 994
0.003395 994
0.003396 994
0.003397 994
0.003398 994
0.003399 994
0.0034 994
0.003401 994
0.003402 994
0.003403 994
0.003404 994
0.003405 994
0.003406 994
0.003407 994
0.003408 994
0.003409 994
0.00341 994
0.003411 994
0.003412 994
0.003413 994
0.003414 994
0.003415 994
0.003416 994
0.003417 994
0.003418 994
0.003419 994
0.00342 994
0.003421 994
0.003422 994
0.003423 994
0.003424 994
0.003425 994
0.003426 994
0.003427 994
0.003428 994
0.003429 994
0.00343 994
0.003431 994
0.003432 994
0.003433 994
0.003434 994
0.003435 994
0.003436 994
0.003437 994
0.003438 994
0.003439 994
0.00344 994
0.003441 994
0.003442 994
0.003443 994
0.003444 994
0.003445 994
0.003446 994
0.003447 993
0.003448 993
0.003449 993
0.00345 993
0.003451 993
0.003452 993
0.003453 993
0.003454 993
0.003455 994
0.003456 994
0.003457 994
0.003458 993
0.003459 993
0.00346 993
0.003461 993
0.003462 993
0.003463 993
0.003464 993
0.003465 992
0.003466 992
0.003467 992
0.003468 991
0.003469 991
0.00347 991
0.003471 991
0.003472 991
0.003473 991
0.003474 991
0.003475 991
0.003476 991
0.003477 991
0.003478 992
0.003479 992
0.00348 992
0.003481 992
0.003482 992
0.003483 992
0.003484 992
0.003485 992
0.003486 992
0.003487 992
0.003488 992
0.003489 992
0.00349 992
0.003491 992
0.003492 992
0.003493 991
0.003494 991
0.003495 991
0.003496 991
0.003497 991
0.003498 991
0.003499 991
0.0035 991
0.003501 991
0.003502 991
0.003503 991
0.003504 991
0.003505 991
0.003506 991
0.003507 991
0.003508 991
0.003509 990
0.00351 990
0.003511 990
0.003512 990
0.003513 990
0.003514 990
0.003515 990
0.003516 990
0.003517 990
0.003518 990
0.003519 990
0.00352 990
0.003521 990
0.003522 990
0.003523 990
0.003524 990
0.003525 990
0.003526 990
0.003527 990
0.003528 990
0.003529 990
0.00353 990
0.003531 990
0.003532 990
0.003533 990
0.003534 990
0.003535 990
0.003536 990
0.003537 990
0.003538 990
0.003539 990
0.00354 989
0.003541 989
0.003542 989
0.003543 989
0.003544 989
0.003545 989
0.003546 990
0.003547 990
0.003548 990
0.003549 990
0.00355 990
0.003551 990
0.003552 990
0.003553 990
0.003554 990
0.003555 990
0.003556 990
0.003557 990
0.003558 990
0.003559 990
0.00356 990
0.003561 990
0.003562 990
0.003563 990
0.003564 990
0.003565 990
0.003566 990
0.003567 990
0.003568 990
0.003569 990
0.00357 990
0.003571 990
0.003572 990
0.003573 990
0.003574 990
0.003575 990
0.003576 990
0.003577 990
0.003578 990
0.003579 990
0.00358 990
0.003581 990
0.003582 990
0.003583 990
0.003584 990
0.003585 990
0.003586 990
0.003587 990
0.003588 990
0.003589 990
0.00359 990
0.003591 990
0.003592 990
0.003593 990
0.003594 990
0.003595 990
0.003596 990
0.003597 991
0.003598 991
0.003599 991
0.0036 991
0.003601 991
0.003602 991
0.003603 991
0.003604 991
0.003605 991
0.003606 991
0.003607 991
0.003608 991
0.003609 991
0.00361 991
0.003611 992
0.003612 992
0.003613 992
0.003614 992
0.003615 992
0.003616 992
0.003617 992
0.003618 992
0.003619 992
0.00362 992
0.003621 991
0.003622 991
0.003623 991
0.003624 991
0.003625 991
0.003626 991
0.003627 991
0.003628 991
0.003629 991
0.00363 991
0.003631 991
0.003632 991
0.003633 991
0.003634 991
0.003635 991
0.003636 991
0.003637 991
0.003638 991
0.003639 991
0.00364 992
0.003641 992
0.003642 993
0.003643 993
0.003644 993
0.003645 993
0.003646 993
0.003647 993
0.003648 993
0.003649 993
0.00365 993
0.003651 993
0.003652 993
0.003653 993
0.003654 993
0.003655 993
0.003656 993
0.003657 993
0.003658 993
0.003659 993
0.00366 993
0.003661 993
0.003662 993
0.003663 993
0.003664 993
0.003665 993
0.003666 993
0.003667 993
0.003668 993
0.003669 993
0.00367 993
0.003671 993
0.003672 993
0.003673 993
0.003674 993
0.003675 993
0.003676 993
0.003677 993
0.003678 993
0.003679 993
0.00368 993
0.003681 993
0.003682 993
0.003683 993
0.003684 993
0.003685 993
0.003686 993
0.003687 993
0.003688 993
0.003689 993
0.00369 993
0.003691 993
0.003692 994
0.003693 994
0.003694 994
0.003695 994
0.003696 994
0.003697 994
0.003698 994
0.003699 994
0.0037 994
0.003701 994
0.003702 994
0.003703 994
0.003704 994
0.003705 993
0.003706 993
0.003707 993
0.003708 993
0.003709 993
0.00371 994
0.003711 994
0.003712 994
0.003713 994
0.003714 994
0.003715 994
0.003716 994
0.003717 993
0.003718 993
0.003719 993
0.00372 993
0.003721 993
0.003722 993
0.003723 993
0.003724 993
0.003725 993
0.003726 993
0.003727 993
0.003728 993
0.003729 993
0.00373 993
0.003731 993
0.003732 992
0.003733 992
0.003734 992
0.003735 992
0.003736 992
0.003737 992
0.003738 992
0.003739 992
0.00374 992
0.003741 992
0.003742 992
0.003743 992
0.003744 992
0.003745 992
0.003746 992
0.003747 992
0.003748 992
0.003749 993
0.00375 992
0.003751 992
0.003752 992
0.003753 992
0.003754 992
0.003755 992
0.003756 992
0.003757 992
0.003758 992
0.003759 992
0.00376 992
0.003761 992
0.003762 992
0.003763 992
0.003764 992
0.003765 992
0.003766 992
0.003767 992
0.003768 992
0.003769 992
0.00377 993
0.003771 993
0.003772 993
0.003773 993
0.003774 993
0.003775 993
0.003776 993
0.003777 993
0.003778 993
0.003779 993
0.00378 993
0.003781 993
0.003782 993
0.003783 993
0.003784 993
0.003785 993
0.003786 993
0.003787 993
0.003788 993
0.003789 993
0.00379 994
0.003791 994
0.003792 994
0.003793 994
0.003794 994
0.003795 994
0.003796 994
0.003797 994
0.003798 994
0.003799 994
0.0038 994
0.003801 994
0.003802 995
0.003803 995
0.003804 994
0.003805 994
0.003806 994
0.003807 993
0.003808 993
0.003809 993
0.00381 993
0.003811 993
0.003812 993
0.003813 992
0.003814 992
0.003815 992
0.003816 992
0.003817 992
0.003818 992
0.003819 992
0.00382 992
0.003821 992
0.003822 992
0.003823 992
0.003824 992
0.003825 992
0.003826 992
0.003827 992
0.003828 992
0.003829 992
0.00383 992
0.003831 992
0.003832 992
0.003833 992
0.003834 992
0.003835 992
0.003836 992
0.003837 992
0.003838 992
0.003839 992
0.00384 992
0.003841 992
0.003842 992
0.003843 992
0.003844 992
0.003845 992
0.003846 992
0.003847 992
0.003848 992
0.003849 992
0.00385 992
0.003851 992
0.003852 992
0.003853 992
0.003854 992
0.003855 992
0.003856 992
0.003857 992
0.003858 992
0.003859 992
0.00386 992
0.003861 992
0.003862 992
0.003863 992
0.003864 992
0.003865 992
0.003866 993
0.003867 993
0.003868 993
0.003869 993
0.00387 994
0.003871 994
0.003872 994
0.003873 994
0.003874 994
0.003875 994
0.003876 994
0.003877 994
0.003878 994
0.003879 994
0.00388 994
0.003881 994
0.003882 994
0.003883 994
0.003884 994
0.003885 994
0.003886 994
0.003887 994
0.003888 994
0.003889 994
0.00389 994
0.003891 994
0.003892 994
0.003893 994
0.003894 994
0.003895 994
0.003896 994
0.003897 994
0.003898 994
0.003899 994
0.0039 994
0.003901 994
0.003902 993
0.003903 993
0.003904 993
0.003905 993
0.003906 993
0.003907 993
0.003908 993
0.003909 993
0.00391 993
0.003911 993
0.003912 993
0.003913 993
0.003914 993
0.003915 993
0.003916 993
0.003917 993
0.003918 993
0.003919 993
0.00392 993
0.003921 993
0.003922 993
0.003923 993
0.003924 993
0.003925 993
0.003926 993
0.003927 993
0.003928 993
0.003929 993
0.00393 993
0.003931 993
0.003932 993
0.003933 993
0.003934 993
0.003935 992
0.003936 992
0.003937 992
0.003938 992
0.003939 992
0.00394 992
0.003941 992
0.003942 992
0.003943 992
0.003944 992
0.003945 992
0.003946 992
0.003947 992
0.003948 992
0.003949 992
0.00395 993
0.003951 993
0.003952 993
0.003953 993
0.003954 992
0.003955 992
0.003956 992
0.003957 992
0.003958 992
0.003959 992
0.00396 992
0.003961 992
0.003962 992
0.003963 992
0.003964 992
0.003965 992
0.003966 992
0.003967 993
0.003968 993
0.003969 993
0.00397 993
0.003971 993
0.003972 993
0.003973 993
0.003974 993
0.003975 993
0.003976 993
0.003977 993
0.003978 993
0.003979 993
0.00398 993
0.003981 993
0.003982 993
0.003983 993
0.003984 993
0.003985 993
0.003986 993
0.003987 993
0.003988 993
0.003989 993
0.00399 993
0.003991 994
0.003992 994
0.003993 994
0.003994 994
0.003995 994
0.003996 994
0.003997 994
0.003998 993
0.003999 993
0.004 993
0.004001 993
0.004002 993
0.004003 993
0.004004 993
0.004005 993
0.004006 993
0.004007 992
0.004008 993
0.004009 993
0.00401 993
0.004011 993
0.004012 993
0.004013 993
0.004014 993
0.004015 993
0.004016 993
0.004017 993
0.004018 993
0.004019 993
0.00402 993
0.004021 993
0.004022 993
0.004023 993
0.004024 993
0.004025 993
0.004026 993
0.004027 993
0.004028 993
0.004029 993
0.00403 993
0.004031 993
0.004032 993
0.004033 993
0.004034 993
0.004035 993
0.004036 993
0.004037 994
0.004038 994
0.004039 994
0.00404 994
0.004041 994
0.004042 994
0.004043 994
0.004044 994
0.004045 994
0.004046 994
0.004047 994
0.004048 994
0.004049 994
0.00405 994
0.004051 994
0.004052 994
0.004053 994
0.004054 994
0.004055 994
0.004056 993
0.004057 994
0.004058 994
0.004059 994
0.00406 994
0.004061 993
0.004062 993
0.004063 993
0.004064 993
0.004065 993
0.004066 993
0.004067 993
0.004068 993
0.004069 993
0.00407 993
0.004071 993
0.004072 993
0.004073 993
0.004074 993
0.004075 993
0.004076 993
0.004077 993
0.004078 993
0.004079 994
0.00408 994
0.004081 994
0.004082 994
0.004083 994
0.004084 994
0.004085 995
0.004086 995
0.004087 995
0.004088 995
0.004089 995
0.00409 995
0.004091 995
0.004092 995
0.004093 995
0.004094 995
0.004095 995
0.004096 995
0.004097 995
0.004098 995
0.004099 995
0.0041 995
0.004101 995
0.004102 995
0.004103 995
0.004104 995
0.004105 995
0.004106 995
0.004107 995
0.004108 995
0.004109 995
0.00411 995
0.004111 995
0.004112 995
0.004113 995
0.004114 996
0.004115 996
0.004116 996
0.004117 996
0.004118 996
0.004119 996
0.00412 996
0.004121 996
0.004122 996
0.004123 996
0.004124 996
0.004125 996
0.004126 996
0.004127 996
0.004128 996
0.004129 996
0.00413 996
0.004131 996
0.004132 995
0.004133 995
0.004134 995
0.004135 995
0.004136 995
0.004137 995
0.004138 995
0.004139 995
0.00414 995
0.004141 995
0.004142 995
0.004143 995
0.004144 995
0.004145 995
0.004146 995
0.004147 995
0.004148 995
0.004149 995
0.00415 995
0.004151 995
0.004152 996
0.004153 996
0.004154 996
0.004155 996
0.004156 996
0.004157 996
0.004158 996
0.004159 996
0.00416 997
0.004161 997
0.004162 997
0.004163 997
0.004164 997
0.004165 997
0.004166 997
0.004167 997
0.004168 997
0.004169 997
0.00417 997
0.004171 997
0.004172 997
0.004173 997
0.004174 997
0.004175 997
0.004176 997
0.004177 997
0.004178 997
0.004179 997
0.00418 997
0.004181 997
0.004182 997
0.004183 997
0.004184 997
0.004185 997
0.004186 997
0.004187 997
0.004188 997
0.004189 997
0.00419 997
0.004191 997
0.004192 997
0.004193 997
0.004194 997
0.004195 997
0.004196 997
0.004197 997
0.004198 997
0.004199 997
0.0042 996
0.004201 996
0.004202 996
0.004203 996
0.004204 996
0.004205 996
0.004206 996
0.004207 996
0.004208 996
0.004209 996
0.00421 996
0.004211 996
0.004212 996
0.004213 995
0.004214 995
0.004215 995
0.004216 995
0.004217 995
0.004218 995
0.004219 995
0.00422 995
0.004221 995
0.004222 995
0.004223 995
0.004224 995
0.004225 996
0.004226 996
0.004227 996
0.004228 997
0.004229 997
0.00423 997
0.004231 997
0.004232 997
0.004233 997
0.004234 997
0.004235 997
0.004236 997
0.004237 997
0.004238 997
0.004239 997
0.00424 998
0.004241 999
0.004242 999
0.004243 999
0.004244 999
0.004245 999
0.004246 999
0.004247 999
0.004248 999
0.004249 999
0.00425 999
0.004251 999
0.004252 999
0.004253 999
0.004254 999
0.004255 999
0.004256 999
0.004257 999
0.004258 999
0.004259 999
0.00426 999
0.004261 999
0.004262 999
0.004263 999
0.004264 999
0.004265 999
0.004266 999
0.004267 999
0.004268 999
0.004269 999
0.00427 999
0.004271 999
0.004272 999
0.004273 999
0.004274 999
0.004275 999
0.004276 999
0.004277 999
0.004278 999
0.004279 1000
0.00428 1000
0.004281 1000
0.004282 1000
0.004283 1000
0.004284 1000
0.004285 1001
0.004286 1001
0.004287 1001
0.004288 1001
0.004289 1001
0.00429 1001
0.004291 1001
0.004292 1001
0.004293 1002
0.004294 1001
0.004295 1001
0.004296 1001
0.004297 1001
0.004298 1001
0.004299 1001
0.0043 1001
0.004301 1001
0.004302 1001
0.004303 1001
0.004304 1001
0.004305 1001
0.004306 1000
0.004307 1000
0.004308 1000
0.004309 1000
0.00431 1000
0.004311 999
0.004312 999
0.004313 999
0.004314 998
0.004315 998
0.004316 998
0.004317 998
0.004318 998
0.004319 998
0.00432 998
0.004321 998
0.004322 998
0.004323 999
0.004324 998
0.004325 998
0.004326 998
0.004327 998
0.004328 998
0.004329 998
0.00433 998
0.004331 998
0.004332 998
0.004333 998
0.004334 998
0.004335 998
0.004336 998
0.004337 998
0.004338 998
0.004339 998
0.00434 998
0.004341 999
0.004342 999
0.004343 999
0.004344 999
0.004345 999
0.004346 999
0.004347 999
0.004348 999
0.004349 999
0.00435 999
0.004351 999
0.004352 999
0.004353 999
0.004354 999
0.004355 999
0.004356 999
0.004357 999
0.004358 999
0.004359 999
0.00436 999
0.004361 999
0.004362 999
0.004363 999
0.004364 999
0.004365 999
0.004366 999
0.004367 999
0.004368 999
0.004369 1000
0.00437 1000
0.004371 1000
0.004372 1000
0.004373 1000
0.004374 1000
0.004375 999
0.004376 999
0.004377 999
0.004378 999
0.004379 999
0.00438 999
0.004381 999
0.004382 999
0.004383 999
0.004384 999
0.004385 999
0.004386 999
0.004387 999
0.004388 999
0.004389 998
0.00439 998
0.004391 999
0.004392 999
0.004393 999
0.004394 999
0.004395 999
0.004396 999
0.004397 999
0.004398 999
0.004399 999
0.0044 999
0.004401 999
0.004402 999
0.004403 999
0.004404 999
0.004405 999
0.004406 998
0.004407 998
0.004408 998
0.004409 998
0.00441 998
0.004411 998
0.004412 999
0.004413 999
0.004414 999
0.004415 999
0.004416 999
0.004417 999
0.004418 999
0.004419 999
0.00442 999
0.004421 999
0.004422 999
0.004423 999
0.004424 999
0.004425 999
0.004426 999
0.004427 999
0.004428 999
0.004429 999
0.00443 999
0.004431 999
0.004432 999
0.004433 999
0.004434 999
0.004435 999
0.004436 999
0.004437 999
0.004438 999
0.004439 999
0.00444 999
0.004441 999
0.004442 999
0.004443 999
0.004444 999
0.004445 999
0.004446 999
0.004447 999
0.004448 999
0.004449 999
0.00445 999
0.004451 999
0.004452 999
0.004453 999
0.004454 999
0.004455 999
0.004456 999
0.004457 999
0.004458 999
0.004459 999
0.00446 998
0.004461 998
0.004462 998
0.004463 998
0.004464 998
0.004465 998
0.004466 998
0.004467 998
0.004468 998
0.004469 998
0.00447 998
0.004471 998
0.004472 998
0.004473 998
0.004474 998
0.004475 998
0.004476 998
0.004477 998
0.004478 997
0.004479 997
0.00448 997
0.004481 997
0.004482 997
0.004483 997
0.004484 997
0.004485 997
0.004486 997
0.004487 997
0.004488 997
0.004489 997
0.00449 997
0.004491 997
0.004492 997
0.004493 997
0.004494 997
0.004495 997
0.004496 997
0.004497 997
0.004498 997
0.004499 997
0.0045 997
0.004501 997
0.004502 997
0.004503 997
0.004504 997
0.004505 997
0.004506 997
0.004507 997
0.004508 997
0.004509 997
0.00451 997
0.004511 997
0.004512 997
0.004513 997
0.004514 997
0.004515 997
0.004516 997
0.004517 997
0.004518 997
0.004519 998
0.00452 998
0.004521 998
0.004522 998
0.004523 998
0.004524 998
0.004525 998
0.004526 998
0.004527 998
0.004528 998
0.004529 998
0.00453 998
0.004531 998
0.004532 998
0.004533 998
0.004534 998
0.004535 998
0.004536 998
0.004537 999
0.004538 999
0.004539 999
0.00454 999
0.004541 999
0.004542 999
0.004543 999
0.004544 999
0.004545 999
0.004546 999
0.004547 999
0.004548 999
0.004549 999
0.00455 999
0.004551 999
0.004552 999
0.004553 999
0.004554 999
0.004555 999
0.004556 999
0.004557 999
0.004558 999
0.004559 999
0.00456 999
0.004561 999
0.004562 999
0.004563 999
0.004564 999
0.004565 999
0.004566 999
0.004567 999
0.004568 999
0.004569 999
0.00457 999
0.004571 999
0.004572 999
0.004573 999
0.004574 999
0.004575 999
0.004576 999
0.004577 999
0.004578 999
0.004579 999
0.00458 999
0.004581 999
0.004582 999
0.004583 999
0.004584 999
0.004585 999
0.004586 999
0.004587 999
0.004588 999
0.004589 999
0.00459 999
0.004591 999
0.004592 999
0.004593 999
0.004594 999
0.004595 999
0.004596 999
0.004597 999
0.004598 999
0.004599 999
0.0046 999
0.004601 999
0.004602 999
0.004603 999
0.004604 999
0.004605 999
0.004606 999
0.004607 999
0.004608 999
0.004609 999
0.00461 999
0.004611 999
0.004612 999
0.004613 999
0.004614 999
0.004615 999
0.004616 999
0.004617 999
0.004618 999
0.004619 999
0.00462 999
0.004621 999
0.004622 999
0.004623 999
0.004624 1000
0.004625 1000
0.004626 1000
0.004627 1000
0.004628 1000
0.004629 1000
0.00463 1000
0.004631 1000
0.004632 1000
0.004633 1000
0.004634 1000
0.004635 1000
0.004636 999
0.004637 999
0.004638 999
0.004639 999
0.00464 999
0.004641 999
0.004642 999
0.004643 999
0.004644 999
0.004645 999
0.004646 999
0.004647 999
0.004648 999
0.004649 999
0.00465 999
0.004651 999
0.004652 999
0.004653 999
0.004654 999
0.004655 999
0.004656 999
0.004657 999
0.004658 999
0.004659 999
0.00466 999
0.004661 999
0.004662 999
0.004663 999
0.004664 999
0.004665 999
0.004666 998
0.004667 998
0.004668 998
0.004669 998
0.00467 998
0.004671 998
0.004672 998
0.004673 998
0.004674 998
0.004675 998
0.004676 998
0.004677 998
0.004678 998
0.004679 998
0.00468 998
0.004681 998
0.004682 998
0.004683 999
0.004684 999
0.004685 999
0.004686 999
0.004687 999
0.004688 999
0.004689 999
0.00469 999
0.004691 999
0.004692 999
0.004693 999
0.004694 999
0.004695 999
0.004696 999
0.004697 999
0.004698 999
0.004699 999
0.0047 999
0.004701 999
0.004702 998
0.004703 998
0.004704 998
0.004705 998
0.004706 998
0.004707 998
0.004708 998
0.004709 998
0.00471 998
0.004711 998
0.004712 998
0.004713 998
0.004714 998
0.004715 998
0.004716 998
0.004717 998
0.004718 998
0.004719 998
0.00472 998
0.004721 999
0.004722 999
0.004723 999
0.004724 999
0.004725 999
0.004726 999
0.004727 999
0.004728 999
0.004729 999
0.00473 999
0.004731 999
0.004732 999
0.004733 999
0.004734 999
0.004735 999
0.004736 999
0.004737 999
0.004738 999
0.004739 999
0.00474 999
0.004741 999
0.004742 999
0.004743 999
0.004744 999
0.004745 999
0.004746 999
0.004747 999
0.004748 999
0.004749 999
0.00475 999
0.004751 999
0.004752 999
0.004753 999
0.004754 999
0.004755 999
0.004756 999
0.004757 999
0.004758 999
0.004759 1000
0.00476 1000
0.004761 1000
0.004762 1000
0.004763 1000
0.004764 1000
0.004765 1001
0.004766 1001
0.004767 1001
0.004768 1001
0.004769 1001
0.00477 1001
0.004771 1001
0.004772 1001
0.004773 1000
0.004774 1000
0.004775 1000
0.004776 1000
0.004777 1000
0.004778 1000
0.004779 1000
0.00478 1000
0.004781 1000
0.004782 1000
0.004783 1000
0.004784 999
0.004785 999
0.004786 999
0.004787 999
0.004788 999
0.004789 999
0.00479 999
0.004791 999
0.004792 999
0.004793 999
0.004794 999
0.004795 999
0.004796 999
0.004797 999
0.004798 999
0.004799 999
0.0048 999
0.004801 999
0.004802 999
0.004803 999
0.004804 999
0.004805 999
0.004806 1000
0.004807 1000
0.004808 1000
0.004809 1000
0.00481 1000
0.004811 1000
0.004812 999
0.004813 999
0.004814 999
0.004815 999
0.004816 999
0.004817 999
0.004818 999
0.004819 999
0.00482 1000
0.004821 1000
0.004822 1000
0.004823 1000
0.004824 1001
0.004825 1001
0.004826 1001
0.004827 1001
0.004828 1001
0.004829 1001
0.00483 1001
0.004831 1001
0.004832 1001
0.004833 1001
0.004834 1001
0.004835 1001
0.004836 1001
0.004837 1001
0.004838 1001
0.004839 1001
0.00484 1001
0.004841 1001
0.004842 1002
0.004843 1002
0.004844 1002
0.004845 1002
0.004846 1002
0.004847 1002
0.004848 1003
0.004849 1003
0.00485 1003
0.004851 1003
0.004852 1003
0.004853 1003
0.004854 1003
0.004855 1002
0.004856 1002
0.004857 1002
0.004858 1002
0.004859 1003
0.00486 1003
0.004861 1003
0.004862 1003
0.004863 1003
0.004864 1003
0.004865 1003
0.004866 1004
0.004867 1004
0.004868 1004
0.004869 1004
0.00487 1004
0.004871 1004
0.004872 1004
0.004873 1004
0.004874 1004
0.004875 1004
0.004876 1004
0.004877 1004
0.004878 1004
0.004879 1004
0.00488 1005
0.004881 1005
0.004882 1005
0.004883 1005
0.004884 1005
0.004885 1005
0.004886 1005
0.004887 1005
0.004888 1005
0.004889 1005
0.00489 1005
0.004891 1004
0.004892 1004
0.004893 1004
0.004894 1004
0.004895 1004
0.004896 1004
0.004897 1004
0.004898 1004
0.004899 1005
0.0049 1005
0.004901 1005
0.004902 1005
0.004903 1005
0.004904 1005
0.004905 1005
0.004906 1005
0.004907 1005
0.004908 1005
0.004909 1005
0.00491 1005
0.004911 1005
0.004912 1005
0.004913 1005
0.004914 1005
0.004915 1005
0.004916 1005
0.004917 1006
0.004918 1006
0.004919 1006
0.00492 1006
0.004921 1005
0.004922 1005
0.004923 1005
0.004924 1005
0.004925 1005
0.004926 1005
0.004927 1005
0.004928 1005
0.004929 1005
0.00493 1005
0.004931 1005
0.004932 1005
0.004933 1005
0.004934 1005
0.004935 1005
0.004936 1005
0.004937 1005
0.004938 1005
0.004939 1005
0.00494 1005
0.004941 1005
0.004942 1005
0.004943 1005
0.004944 1005
0.004945 1005
0.004946 1005
0.004947 1005
0.004948 1005
0.004949 1005
0.00495 1005
0.004951 1005
0.004952 1005
0.004953 1005
0.004954 1005
0.004955 1005
0.004956 1005
0.004957 1005
0.004958 1005
0.004959 1005
0.00496 1005
0.004961 1005
0.004962 1005
0.004963 1005
0.004964 1005
0.004965 1005
0.004966 1005
0.004967 1005
0.004968 1005
0.004969 1005
0.00497 1005
0.004971 1005
0.004972 1005
0.004973 1005
0.004974 1005
0.004975 1005
0.004976 1005
0.004977 1005
0.004978 1005
0.004979 1004
0.00498 1004
0.004981 1004
0.004982 1004
0.004983 1004
0.004984 1004
0.004985 1004
0.004986 1004
0.004987 1003
0.004988 1003
0.004989 1003
0.00499 1003
0.004991 1003
0.004992 1004
0.004993 1004
0.004994 1005
0.004995 1005
0.004996 1005
0.004997 1005
0.004998 1005
0.004999 1004
0.005 1004
