0 339
1e-06 345
2e-06 346
3e-06 349
4e-06 351
5e-06 352
6e-06 353
7e-06 357
8e-06 360
9e-06 362
1e-05 364
1.1e-05 368
1.2e-05 371
1.3e-05 372
1.4e-05 374
1.5e-05 375
1.6e-05 376
1.7e-05 379
1.8e-05 381
1.9e-05 383
2e-05 386
2.1e-05 390
2.2e-05 393
2.3e-05 396
2.4e-05 396
2.5e-05 399
2.6e-05 401
2.7e-05 403
2.8e-05 405
2.9e-05 408
3e-05 410
3.1e-05 412
3.2e-05 414
3.3e-05 418
3.4e-05 420
3.5e-05 422
3.6e-05 425
3.7e-05 429
3.8e-05 431
3.9e-05 432
4e-05 434
4.1e-05 434
4.2e-05 436
4.3e-05 437
4.4e-05 441
4.5e-05 443
4.6e-05 444
4.7e-05 446
4.8e-05 450
4.9e-05 452
5e-05 452
5.1e-05 452
5.2e-05 457
5.3e-05 459
5.4e-05 462
5.5e-05 463
5.6e-05 466
5.7e-05 467
5.8e-05 467
5.9e-05 468
6e-05 470
6.1e-05 473
6.2e-05 475
6.3e-05 476
6.4e-05 481
6.5e-05 484
6.6e-05 486
6.7e-05 488
6.8e-05 491
6.9e-05 492
7e-05 493
7.1e-05 498
7.2e-05 499
7.3e-05 502
7.4e-05 507
7.5e-05 510
7.6e-05 512
7.7e-05 515
7.8e-05 518
7.9e-05 519
8e-05 521
8.1e-05 523
8.2e-05 526
8.3e-05 526
8.4e-05 528
8.5e-05 528
8.6e-05 530
8.7e-05 533
8.8e-05 535
8.9e-05 535
9e-05 535
9.1e-05 539
9.2e-05 539
9.3e-05 540
9.4e-05 542
9.5e-05 544
9.6e-05 545
9.7e-05 547
9.8e-05 550
9.9e-05 557
0.0001 559
0.000101 560
0.000102 562
0.000103 563
0.000104 565
0.000105 566
0.000106 566
0.000107 567
0.000108 570
0.000109 571
0.00011 571
0.000111 573
0.000112 576
0.000113 577
0.000114 579
0.000115 580
0.000116 581
0.000117 582
0.000118 584
0.000119 585
0.00012 586
0.000121 590
0.000122 592
0.000123 594
0.000124 597
0.000125 597
0.000126 598
0.000127 598
0.000128 599
0.000129 602
0.00013 602
0.000131 603
0.000132 605
0.000133 608
0.000134 609
0.000135 611
0.000136 612
0.000137 613
0.000138 616
0.000139 617
0.00014 618
0.000141 620
0.000142 619
0.000143 619
0.000144 619
0.000145 622
0.000146 622
0.000147 622
0.000148 623
0.000149 626
0.00015 630
0.000151 630
0.000152 631
0.000153 634
0.000154 635
0.000155 637
0.000156 637
0.000157 638
0.000158 639
0.000159 640
0.00016 643
0.000161 644
0.000162 645
0.000163 647
0.000164 648
0.000165 648
0.000166 648
0.000167 648
0.000168 651
0.000169 652
0.00017 656
0.000171 657
0.000172 657
0.000173 661
0.000174 663
0.000175 664
0.000176 665
0.000177 669
0.000178 669
0.000179 668
0.00018 667
0.000181 669
0.000182 669
0.000183 670
0.000184 673
0.000185 674
0.000186 674
0.000187 675
0.000188 675
0.000189 676
0.00019 676
0.000191 676
0.000192 677
0.000193 678
0.000194 677
0.000195 678
0.000196 679
0.000197 680
0.000198 680
0.000199 680
0.0002 680
0.000201 680
0.000202 681
0.000203 683
0.000204 683
0.000205 684
0.000206 684
0.000207 684
0.000208 686
0.000209 687
0.00021 687
0.000211 689
0.000212 689
0.000213 689
0.000214 690
0.000215 690
0.000216 690
0.000217 691
0.000218 693
0.000219 695
0.00022 696
0.000221 697
0.000222 697
0.000223 699
0.000224 700
0.000225 700
0.000226 700
0.000227 701
0.000228 701
0.000229 703
0.00023 703
0.000231 703
0.000232 705
0.000233 705
0.000234 707
0.000235 707
0.000236 706
0.000237 706
0.000238 708
0.000239 711
0.00024 712
0.000241 713
0.000242 714
0.000243 716
0.000244 717
0.000245 719
0.000246 719
0.000247 719
0.000248 719
0.000249 719
0.00025 719
0.000251 719
0.000252 722
0.000253 725
0.000254 726
0.000255 726
0.000256 727
0.000257 727
0.000258 728
0.000259 728
0.00026 729
0.000261 731
0.000262 731
0.000263 732
0.000264 732
0.000265 731
0.000266 731
0.000267 734
0.000268 735
0.000269 737
0.00027 738
0.000271 739
0.000272 739
0.000273 741
0.000274 741
0.000275 741
0.000276 742
0.000277 742
0.000278 743
0.000279 745
0.00028 748
0.000281 748
0.000282 749
0.000283 750
0.000284 749
0.000285 749
0.000286 749
0.000287 749
0.000288 749
0.000289 749
0.00029 749
0.000291 750
0.000292 751
0.000293 751
0.000294 754
0.000295 757
0.000296 757
0.000297 758
0.000298 759
0.000299 759
0.0003 759
0.000301 759
0.000302 758
0.000303 758
0.000304 758
0.000305 759
0.000306 759
0.000307 760
0.000308 761
0.000309 763
0.00031 763
0.000311 763
0.000312 763
0.000313 763
0.000314 764
0.000315 766
0.000316 767
0.000317 766
0.000318 767
0.000319 767
0.00032 768
0.000321 770
0.000322 770
0.000323 770
0.000324 771
0.000325 771
0.000326 771
0.000327 771
0.000328 771
0.000329 771
0.00033 771
0.000331 771
0.000332 773
0.000333 773
0.000334 773
0.000335 774
0.000336 775
0.000337 775
0.000338 775
0.000339 777
0.00034 777
0.000341 778
0.000342 777
0.000343 778
0.000344 778
0.000345 779
0.000346 780
0.000347 780
0.000348 781
0.000349 782
0.00035 782
0.000351 782
0.000352 782
0.000353 782
0.000354 782
0.000355 783
0.000356 783
0.000357 783
0.000358 783
0.000359 783
0.00036 783
0.000361 783
0.000362 783
0.000363 783
0.000364 784
0.000365 784
0.000366 784
0.000367 784
0.000368 784
0.000369 784
0.00037 784
0.000371 784
0.000372 784
0.000373 786
0.000374 786
0.000375 786
0.000376 786
0.000377 786
0.000378 786
0.000379 787
0.00038 787
0.000381 787
0.000382 787
0.000383 787
0.000384 787
0.000385 788
0.000386 788
0.000387 789
0.000388 789
0.000389 789
0.00039 789
0.000391 789
0.000392 789
0.000393 790
0.000394 791
0.000395 791
0.000396 792
0.000397 792
0.000398 793
0.000399 793
0.0004 793
0.000401 794
0.000402 795
0.000403 795
0.000404 795
0.000405 796
0.000406 797
0.000407 798
0.000408 800
0.000409 800
0.00041 801
0.000411 801
0.000412 801
0.000413 802
0.000414 802
0.000415 803
0.000416 803
0.000417 803
0.000418 803
0.000419 803
0.00042 803
0.000421 804
0.000422 803
0.000423 803
0.000424 803
0.000425 804
0.000426 804
0.000427 805
0.000428 805
0.000429 805
0.00043 806
0.000431 808
0.000432 809
0.000433 809
0.000434 809
0.000435 809
0.000436 809
0.000437 809
0.000438 809
0.000439 809
0.00044 809
0.000441 810
0.000442 810
0.000443 810
0.000444 811
0.000445 811
0.000446 811
0.000447 811
0.000448 811
0.000449 811
0.00045 811
0.000451 811
0.000452 810
0.000453 810
0.000454 810
0.000455 810
0.000456 809
0.000457 810
0.000458 810
0.000459 810
0.00046 810
0.000461 810
0.000462 810
0.000463 810
0.000464 810
0.000465 810
0.000466 811
0.000467 811
0.000468 811
0.000469 812
0.00047 813
0.000471 813
0.000472 813
0.000473 814
0.000474 814
0.000475 815
0.000476 813
0.000477 813
0.000478 813
0.000479 813
0.00048 813
0.000481 813
0.000482 813
0.000483 813
0.000484 813
0.000485 814
0.000486 814
0.000487 814
0.000488 815
0.000489 815
0.00049 815
0.000491 815
0.000492 815
0.000493 815
0.000494 816
0.000495 816
0.000496 816
0.000497 816
0.000498 816
0.000499 816
0.0005 816
0.000501 816
0.000502 818
0.000503 818
0.000504 818
0.000505 818
0.000506 818
0.000507 818
0.000508 818
0.000509 818
0.00051 818
0.000511 818
0.000512 818
0.000513 817
0.000514 817
0.000515 817
0.000516 817
0.000517 817
0.000518 817
0.000519 817
0.00052 817
0.000521 817
0.000522 817
0.000523 817
0.000524 817
0.000525 818
0.000526 818
0.000527 818
0.000528 818
0.000529 818
0.00053 818
0.000531 818
0.000532 818
0.000533 818
0.000534 818
0.000535 819
0.000536 819
0.000537 820
0.000538 820
0.000539 820
0.00054 821
0.000541 821
0.000542 821
0.000543 822
0.000544 822
0.000545 823
0.000546 823
0.000547 823
0.000548 822
0.000549 822
0.00055 822
0.000551 823
0.000552 823
0.000553 823
0.000554 823
0.000555 823
0.000556 823
0.000557 823
0.000558 823
0.000559 823
0.00056 823
0.000561 823
0.000562 823
0.000563 823
0.000564 823
0.000565 823
0.000566 823
0.000567 823
0.000568 823
0.000569 823
0.00057 823
0.000571 823
0.000572 823
0.000573 823
0.000574 823
0.000575 823
0.000576 823
0.000577 823
0.000578 824
0.000579 824
0.00058 824
0.000581 824
0.000582 824
0.000583 824
0.000584 825
0.000585 825
0.000586 825
0.000587 825
0.000588 824
0.000589 825
0.00059 825
0.000591 825
0.000592 825
0.000593 824
0.000594 823
0.000595 823
0.000596 823
0.000597 823
0.000598 823
0.000599 823
0.0006 824
0.000601 824
0.000602 824
0.000603 824
0.000604 824
0.000605 824
0.000606 824
0.000607 824
0.000608 824
0.000609 824
0.00061 826
0.000611 826
0.000612 826
0.000613 826
0.000614 826
0.000615 825
0.000616 824
0.000617 824
0.000618 824
0.000619 824
0.00062 824
0.000621 823
0.000622 823
0.000623 824
0.000624 824
0.000625 824
0.000626 824
0.000627 824
0.000628 824
0.000629 824
0.00063 824
0.000631 824
0.000632 825
0.000633 825
0.000634 825
0.000635 825
0.000636 826
0.000637 826
0.000638 826
0.000639 826
0.00064 827
0.000641 827
0.000642 827
0.000643 827
0.000644 827
0.000645 827
0.000646 827
0.000647 828
0.000648 829
0.000649 829
0.00065 829
0.000651 830
0.000652 830
0.000653 830
0.000654 830
0.000655 831
0.000656 831
0.000657 831
0.000658 831
0.000659 831
0.00066 831
0.000661 831
0.000662 831
0.000663 831
0.000664 830
0.000665 830
0.000666 830
0.000667 831
0.000668 831
0.000669 831
0.00067 831
0.000671 830
0.000672 830
0.000673 830
0.000674 830
0.000675 830
0.000676 830
0.000677 830
0.000678 830
0.000679 829
0.00068 829
0.000681 829
0.000682 829
0.000683 829
0.000684 829
0.000685 829
0.000686 829
0.000687 829
0.000688 827
0.000689 827
0.00069 827
0.000691 828
0.000692 828
0.000693 828
0.000694 829
0.000695 829
0.000696 829
0.000697 829
0.000698 830
0.000699 830
0.0007 830
0.000701 830
0.000702 830
0.000703 830
0.000704 830
0.000705 830
0.000706 831
0.000707 831
0.000708 831
0.000709 831
0.00071 831
0.000711 831
0.000712 832
0.000713 833
0.000714 833
0.000715 834
0.000716 834
0.000717 834
0.000718 834
0.000719 834
0.00072 834
0.000721 834
0.000722 834
0.000723 834
0.000724 834
0.000725 834
0.000726 834
0.000727 834
0.000728 834
0.000729 834
0.00073 835
0.000731 835
0.000732 834
0.000733 834
0.000734 834
0.000735 834
0.000736 834
0.000737 833
0.000738 833
0.000739 833
0.00074 834
0.000741 834
0.000742 834
0.000743 834
0.000744 834
0.000745 834
0.000746 834
0.000747 833
0.000748 834
0.000749 834
0.00075 834
0.000751 835
0.000752 835
0.000753 835
0.000754 835
0.000755 835
0.000756 835
0.000757 835
0.000758 835
0.000759 835
0.00076 835
0.000761 835
0.000762 835
0.000763 835
0.000764 835
0.000765 835
0.000766 834
0.000767 834
0.000768 834
0.000769 834
0.00077 834
0.000771 834
0.000772 834
0.000773 835
0.000774 835
0.000775 835
0.000776 835
0.000777 835
0.000778 835
0.000779 835
0.00078 835
0.000781 834
0.000782 834
0.000783 834
0.000784 835
0.000785 835
0.000786 835
0.000787 835
0.000788 836
0.000789 836
0.00079 836
0.000791 836
0.000792 836
0.000793 836
0.000794 836
0.000795 836
0.000796 836
0.000797 835
0.000798 835
0.000799 836
0.0008 836
0.000801 836
0.000802 836
0.000803 836
0.000804 836
0.000805 836
0.000806 837
0.000807 837
0.000808 838
0.000809 838
0.00081 838
0.000811 838
0.000812 838
0.000813 839
0.000814 839
0.000815 839
0.000816 838
0.000817 838
0.000818 838
0.000819 838
0.00082 838
0.000821 838
0.000822 838
0.000823 838
0.000824 838
0.000825 838
0.000826 838
0.000827 838
0.000828 838
0.000829 838
0.00083 838
0.000831 838
0.000832 838
0.000833 838
0.000834 837
0.000835 837
0.000836 837
0.000837 838
0.000838 839
0.000839 839
0.00084 839
0.000841 839
0.000842 839
0.000843 839
0.000844 839
0.000845 838
0.000846 838
0.000847 838
0.000848 838
0.000849 838
0.00085 839
0.000851 839
0.000852 839
0.000853 838
0.000854 838
0.000855 838
0.000856 838
0.000857 838
0.000858 838
0.000859 838
0.00086 838
0.000861 839
0.000862 839
0.000863 839
0.000864 839
0.000865 839
0.000866 839
0.000867 839
0.000868 839
0.000869 839
0.00087 839
0.000871 840
0.000872 840
0.000873 840
0.000874 840
0.000875 840
0.000876 840
0.000877 840
0.000878 840
0.000879 840
0.00088 840
0.000881 840
0.000882 840
0.000883 840
0.000884 840
0.000885 840
0.000886 840
0.000887 839
0.000888 839
0.000889 839
0.00089 839
0.000891 839
0.000892 839
0.000893 839
0.000894 839
0.000895 839
0.000896 839
0.000897 838
0.000898 838
0.000899 838
0.0009 838
0.000901 839
0.000902 840
0.000903 840
0.000904 840
0.000905 840
0.000906 840
0.000907 840
0.000908 839
0.000909 839
0.00091 839
0.000911 839
0.000912 839
0.000913 839
0.000914 839
0.000915 839
0.000916 840
0.000917 840
0.000918 840
0.000919 840
0.00092 840
0.000921 840
0.000922 840
0.000923 840
0.000924 840
0.000925 841
0.000926 841
0.000927 841
0.000928 841
0.000929 842
0.00093 842
0.000931 842
0.000932 842
0.000933 842
0.000934 842
0.000935 842
0.000936 842
0.000937 842
0.000938 842
0.000939 842
0.00094 842
0.000941 843
0.000942 844
0.000943 844
0.000944 844
0.000945 844
0.000946 844
0.000947 844
0.000948 844
0.000949 844
0.00095 844
0.000951 844
0.000952 844
0.000953 844
0.000954 844
0.000955 844
0.000956 844
0.000957 844
0.000958 844
0.000959 844
0.00096 844
0.000961 844
0.000962 844
0.000963 844
0.000964 844
0.000965 845
0.000966 845
0.000967 845
0.000968 845
0.000969 845
0.00097 845
0.000971 845
0.000972 845
0.000973 845
0.000974 845
0.000975 845
0.000976 845
0.000977 845
0.000978 845
0.000979 846
0.00098 846
0.000981 845
0.000982 845
0.000983 845
0.000984 845
0.000985 845
0.000986 845
0.000987 846
0.000988 846
0.000989 846
0.00099 846
0.000991 846
0.000992 846
0.000993 846
0.000994 846
0.000995 847
0.000996 848
0.000997 848
0.000998 848
0.000999 848
0.001 847
0.001001 847
0.001002 848
0.001003 848
0.001004 847
0.001005 846
0.001006 846
0.001007 846
0.001008 846
0.001009 846
0.00101 846
0.001011 846
0.001012 846
0.001013 846
0.001014 846
0.001015 846
0.001016 846
0.001017 846
0.001018 846
0.001019 846
0.00102 846
0.001021 846
0.001022 846
0.001023 846
0.001024 846
0.001025 846
0.001026 847
0.001027 848
0.001028 848
0.001029 848
0.00103 848
0.001031 848
0.001032 848
0.001033 848
0.001034 848
0.001035 848
0.001036 848
0.001037 848
0.001038 848
0.001039 848
0.00104 848
0.001041 848
0.001042 848
0.001043 848
0.001044 848
0.001045 848
0.001046 849
0.001047 849
0.001048 849
0.001049 849
0.00105 849
0.001051 849
0.001052 849
0.001053 849
0.001054 849
0.001055 849
0.001056 849
0.001057 849
0.001058 849
0.001059 849
0.00106 849
0.001061 849
0.001062 849
0.001063 849
0.001064 849
0.001065 850
0.001066 850
0.001067 849
0.001068 849
0.001069 849
0.00107 849
0.001071 849
0.001072 849
0.001073 849
0.001074 848
0.001075 848
0.001076 848
0.001077 848
0.001078 848
0.001079 848
0.00108 848
0.001081 848
0.001082 848
0.001083 848
0.001084 848
0.001085 848
0.001086 848
0.001087 848
0.001088 848
0.001089 848
0.00109 848
0.001091 848
0.001092 848
0.001093 848
0.001094 848
0.001095 848
0.001096 848
0.001097 848
0.001098 848
0.001099 848
0.0011 848
0.001101 848
0.001102 848
0.001103 849
0.001104 849
0.001105 848
0.001106 848
0.001107 848
0.001108 848
0.001109 848
0.00111 848
0.001111 848
0.001112 848
0.001113 848
0.001114 848
0.001115 848
0.001116 849
0.001117 849
0.001118 849
0.001119 849
0.00112 849
0.001121 849
0.001122 850
0.001123 850
0.001124 850
0.001125 849
0.001126 849
0.001127 849
0.001128 849
0.001129 849
0.00113 849
0.001131 849
0.001132 849
0.001133 849
0.001134 849
0.001135 849
0.001136 849
0.001137 850
0.001138 850
0.001139 850
0.00114 850
0.001141 850
0.001142 850
0.001143 850
0.001144 851
0.001145 851
0.001146 850
0.001147 850
0.001148 850
0.001149 850
0.00115 850
0.001151 850
0.001152 851
0.001153 851
0.001154 851
0.001155 851
0.001156 851
0.001157 851
0.001158 851
0.001159 851
0.00116 851
0.001161 851
0.001162 851
0.001163 851
0.001164 851
0.001165 851
0.001166 851
0.001167 851
0.001168 851
0.001169 851
0.00117 851
0.001171 851
0.001172 851
0.001173 851
0.001174 851
0.001175 851
0.001176 851
0.001177 851
0.001178 850
0.001179 849
0.00118 849
0.001181 849
0.001182 849
0.001183 849
0.001184 849
0.001185 849
0.001186 849
0.001187 849
0.001188 849
0.001189 849
0.00119 849
0.001191 849
0.001192 849
0.001193 849
0.001194 849
0.001195 849
0.001196 849
0.001197 849
0.001198 849
0.001199 849
0.0012 849
0.001201 849
0.001202 849
0.001203 849
0.001204 849
0.001205 849
0.001206 849
0.001207 849
0.001208 849
0.001209 849
0.00121 849
0.001211 849
0.001212 849
0.001213 849
0.001214 849
0.001215 849
0.001216 849
0.001217 849
0.001218 849
0.001219 849
0.00122 848
0.001221 848
0.001222 848
0.001223 848
0.001224 848
0.001225 848
0.001226 848
0.001227 848
0.001228 848
0.001229 848
0.00123 848
0.001231 848
0.001232 848
0.001233 848
0.001234 847
0.001235 847
0.001236 847
0.001237 847
0.001238 847
0.001239 846
0.00124 847
0.001241 847
0.001242 847
0.001243 847
0.001244 847
0.001245 847
0.001246 847
0.001247 847
0.001248 847
0.001249 847
0.00125 847
0.001251 846
0.001252 846
0.001253 846
0.001254 846
0.001255 846
0.001256 846
0.001257 847
0.001258 847
0.001259 847
0.00126 847
0.001261 847
0.001262 848
0.001263 848
0.001264 848
0.001265 848
0.001266 848
0.001267 848
0.001268 848
0.001269 848
0.00127 849
0.001271 849
0.001272 849
0.001273 849
0.001274 849
0.001275 849
0.001276 849
0.001277 849
0.001278 849
0.001279 849
0.00128 849
0.001281 848
0.001282 848
0.001283 848
0.001284 848
0.001285 848
0.001286 848
0.001287 848
0.001288 848
0.001289 848
0.00129 848
0.001291 848
0.001292 848
0.001293 848
0.001294 848
0.001295 847
0.001296 847
0.001297 847
0.001298 847
0.001299 847
0.0013 847
0.001301 847
0.001302 847
0.001303 847
0.001304 847
0.001305 847
0.001306 847
0.001307 847
0.001308 847
0.001309 847
0.00131 846
0.001311 846
0.001312 846
0.001313 846
0.001314 846
0.001315 847
0.001316 847
0.001317 847
0.001318 847
0.001319 847
0.00132 847
0.001321 847
0.001322 847
0.001323 847
0.001324 847
0.001325 847
0.001326 847
0.001327 847
0.001328 847
0.001329 847
0.00133 847
0.001331 847
0.001332 847
0.001333 847
0.001334 847
0.001335 847
0.001336 846
0.001337 846
0.001338 847
0.001339 847
0.00134 847
0.001341 847
0.001342 847
0.001343 847
0.001344 847
0.001345 847
0.001346 847
0.001347 847
0.001348 847
0.001349 847
0.00135 847
0.001351 847
0.001352 847
0.001353 847
0.001354 847
0.001355 847
0.001356 847
0.001357 847
0.001358 847
0.001359 847
0.00136 847
0.001361 847
0.001362 847
0.001363 848
0.001364 848
0.001365 847
0.001366 847
0.001367 847
0.001368 847
0.001369 847
0.00137 847
0.001371 847
0.001372 847
0.001373 847
0.001374 847
0.001375 847
0.001376 847
0.001377 847
0.001378 847
0.001379 847
0.00138 847
0.001381 847
0.001382 847
0.001383 847
0.001384 847
0.001385 848
0.001386 848
0.001387 848
0.001388 848
0.001389 848
0.00139 849
0.001391 849
0.001392 849
0.001393 849
0.001394 849
0.001395 850
0.001396 850
0.001397 850
0.001398 850
0.001399 850
0.0014 850
0.001401 850
0.001402 850
0.001403 850
0.001404 850
0.001405 850
0.001406 850
0.001407 850
0.001408 850
0.001409 850
0.00141 850
0.001411 850
0.001412 851
0.001413 850
0.001414 850
0.001415 849
0.001416 849
0.001417 849
0.001418 849
0.001419 849
0.00142 849
0.001421 849
0.001422 849
0.001423 849
0.001424 848
0.001425 848
0.001426 848
0.001427 848
0.001428 848
0.001429 848
0.00143 848
0.001431 848
0.001432 848
0.001433 848
0.001434 848
0.001435 848
0.001436 848
0.001437 848
0.001438 848
0.001439 848
0.00144 849
0.001441 849
0.001442 849
0.001443 849
0.001444 849
0.001445 849
0.001446 849
0.001447 849
0.001448 849
0.001449 849
0.00145 849
0.001451 849
0.001452 849
0.001453 849
0.001454 849
0.001455 849
0.001456 849
0.001457 849
0.001458 849
0.001459 849
0.00146 849
0.001461 849
0.001462 848
0.001463 847
0.001464 847
0.001465 847
0.001466 847
0.001467 847
0.001468 847
0.001469 847
0.00147 847
0.001471 846
0.001472 846
0.001473 846
0.001474 846
0.001475 846
0.001476 847
0.001477 847
0.001478 847
0.001479 847
0.00148 847
0.001481 847
0.001482 847
0.001483 847
0.001484 847
0.001485 847
0.001486 847
0.001487 847
0.001488 847
0.001489 847
0.00149 847
0.001491 847
0.001492 847
0.001493 847
0.001494 847
0.001495 847
0.001496 847
0.001497 847
0.001498 847
0.001499 847
0.0015 847
0.001501 847
0.001502 847
0.001503 847
0.001504 847
0.001505 847
0.001506 847
0.001507 846
0.001508 846
0.001509 846
0.00151 846
0.001511 846
0.001512 846
0.001513 846
0.001514 846
0.001515 846
0.001516 847
0.001517 847
0.001518 847
0.001519 847
0.00152 847
0.001521 847
0.001522 847
0.001523 847
0.001524 847
0.001525 848
0.001526 848
0.001527 848
0.001528 848
0.001529 848
0.00153 848
0.001531 848
0.001532 848
0.001533 848
0.001534 848
0.001535 848
0.001536 849
0.001537 849
0.001538 851
0.001539 851
0.00154 851
0.001541 851
0.001542 851
0.001543 851
0.001544 851
0.001545 851
0.001546 851
0.001547 851
0.001548 851
0.001549 852
0.00155 852
0.001551 852
0.001552 853
0.001553 853
0.001554 853
0.001555 853
0.001556 853
0.001557 853
0.001558 853
0.001559 853
0.00156 853
0.001561 853
0.001562 853
0.001563 853
0.001564 853
0.001565 853
0.001566 853
0.001567 853
0.001568 853
0.001569 853
0.00157 853
0.001571 853
0.001572 853
0.001573 853
0.001574 854
0.001575 854
0.001576 854
0.001577 854
0.001578 854
0.001579 854
0.00158 854
0.001581 854
0.001582 854
0.001583 854
0.001584 854
0.001585 854
0.001586 854
0.001587 854
0.001588 854
0.001589 854
0.00159 854
0.001591 854
0.001592 854
0.001593 854
0.001594 854
0.001595 854
0.001596 854
0.001597 855
0.001598 855
0.001599 855
0.0016 854
0.001601 854
0.001602 854
0.001603 854
0.001604 854
0.001605 854
0.001606 854
0.001607 854
0.001608 854
0.001609 854
0.00161 854
0.001611 853
0.001612 853
0.001613 853
0.001614 853
0.001615 853
0.001616 853
0.001617 853
0.001618 853
0.001619 853
0.00162 853
0.001621 853
0.001622 853
0.001623 853
0.001624 853
0.001625 853
0.001626 853
0.001627 853
0.001628 853
0.001629 853
0.00163 853
0.001631 853
0.001632 853
0.001633 853
0.001634 854
0.001635 854
0.001636 855
0.001637 855
0.001638 855
0.001639 856
0.00164 856
0.001641 856
0.001642 856
0.001643 857
0.001644 857
0.001645 857
0.001646 857
0.001647 857
0.001648 857
0.001649 857
0.00165 857
0.001651 857
0.001652 856
0.001653 856
0.001654 856
0.001655 856
0.001656 856
0.001657 856
0.001658 856
0.001659 856
0.00166 856
0.001661 856
0.001662 856
0.001663 856
0.001664 856
0.001665 856
0.001666 856
0.001667 856
0.001668 856
0.001669 856
0.00167 856
0.001671 856
0.001672 856
0.001673 855
0.001674 855
0.001675 855
0.001676 855
0.001677 855
0.001678 855
0.001679 855
0.00168 855
0.001681 855
0.001682 855
0.001683 855
0.001684 855
0.001685 855
0.001686 854
0.001687 854
0.001688 854
0.001689 854
0.00169 854
0.001691 855
0.001692 855
0.001693 855
0.001694 855
0.001695 856
0.001696 856
0.001697 856
0.001698 856
0.001699 856
0.0017 856
0.001701 856
0.001702 856
0.001703 856
0.001704 856
0.001705 856
0.001706 856
0.001707 855
0.001708 855
0.001709 855
0.00171 855
0.001711 855
0.001712 855
0.001713 855
0.001714 855
0.001715 855
0.001716 855
0.001717 855
0.001718 855
0.001719 855
0.00172 855
0.001721 855
0.001722 855
0.001723 855
0.001724 854
0.001725 854
0.001726 854
0.001727 854
0.001728 854
0.001729 854
0.00173 854
0.001731 854
0.001732 854
0.001733 854
0.001734 854
0.001735 854
0.001736 854
0.001737 853
0.001738 853
0.001739 852
0.00174 852
0.001741 852
0.001742 852
0.001743 852
0.001744 852
0.001745 852
0.001746 852
0.001747 852
0.001748 851
0.001749 850
0.00175 851
0.001751 851
0.001752 851
0.001753 851
0.001754 851
0.001755 850
0.001756 851
0.001757 851
0.001758 851
0.001759 851
0.00176 851
0.001761 850
0.001762 850
0.001763 850
0.001764 849
0.001765 849
0.001766 849
0.001767 849
0.001768 849
0.001769 849
0.00177 849
0.001771 849
0.001772 849
0.001773 849
0.001774 849
0.001775 848
0.001776 848
0.001777 848
0.001778 848
0.001779 848
0.00178 848
0.001781 848
0.001782 848
0.001783 848
0.001784 848
0.001785 848
0.001786 848
0.001787 849
0.001788 849
0.001789 849
0.00179 849
0.001791 849
0.001792 849
0.001793 848
0.001794 848
0.001795 848
0.001796 848
0.001797 848
0.001798 848
0.001799 848
0.0018 848
0.001801 848
0.001802 849
0.001803 849
0.001804 849
0.001805 849
0.001806 849
0.001807 849
0.001808 849
0.001809 849
0.00181 849
0.001811 849
0.001812 849
0.001813 850
0.001814 850
0.001815 850
0.001816 851
0.001817 851
0.001818 851
0.001819 851
0.00182 851
0.001821 851
0.001822 851
0.001823 850
0.001824 851
0.001825 851
0.001826 851
0.001827 851
0.001828 852
0.001829 852
0.00183 850
0.001831 850
0.001832 850
0.001833 850
0.001834 850
0.001835 850
0.001836 850
0.001837 851
0.001838 851
0.001839 851
0.00184 851
0.001841 851
0.001842 851
0.001843 851
0.001844 851
0.001845 851
0.001846 851
0.001847 851
0.001848 851
0.001849 851
0.00185 851
0.001851 851
0.001852 851
0.001853 851
0.001854 851
0.001855 851
0.001856 851
0.001857 851
0.001858 851
0.001859 850
0.00186 851
0.001861 851
0.001862 851
0.001863 851
0.001864 851
0.001865 851
0.001866 851
0.001867 851
0.001868 851
0.001869 851
0.00187 851
0.001871 851
0.001872 851
0.001873 851
0.001874 851
0.001875 852
0.001876 852
0.001877 852
0.001878 852
0.001879 852
0.00188 852
0.001881 852
0.001882 852
0.001883 852
0.001884 852
0.001885 852
0.001886 851
0.001887 851
0.001888 851
0.001889 851
0.00189 852
0.001891 852
0.001892 851
0.001893 851
0.001894 851
0.001895 851
0.001896 851
0.001897 851
0.001898 851
0.001899 850
0.0019 850
0.001901 850
0.001902 850
0.001903 850
0.001904 850
0.001905 849
0.001906 849
0.001907 849
0.001908 849
0.001909 849
0.00191 849
0.001911 849
0.001912 849
0.001913 849
0.001914 849
0.001915 849
0.001916 849
0.001917 849
0.001918 849
0.001919 849
0.00192 849
0.001921 849
0.001922 850
0.001923 850
0.001924 850
0.001925 849
0.001926 849
0.001927 849
0.001928 849
0.001929 849
0.00193 849
0.001931 849
0.001932 849
0.001933 849
0.001934 849
0.001935 849
0.001936 849
0.001937 848
0.001938 848
0.001939 848
0.00194 848
0.001941 848
0.001942 848
0.001943 848
0.001944 848
0.001945 848
0.001946 848
0.001947 847
0.001948 847
0.001949 847
0.00195 847
0.001951 847
0.001952 847
0.001953 847
0.001954 847
0.001955 846
0.001956 846
0.001957 846
0.001958 845
0.001959 845
0.00196 845
0.001961 845
0.001962 845
0.001963 845
0.001964 845
0.001965 845
0.001966 845
0.001967 845
0.001968 845
0.001969 845
0.00197 845
0.001971 845
0.001972 845
0.001973 845
0.001974 845
0.001975 845
0.001976 845
0.001977 845
0.001978 845
0.001979 845
0.00198 846
0.001981 846
0.001982 846
0.001983 846
0.001984 846
0.001985 846
0.001986 846
0.001987 846
0.001988 846
0.001989 846
0.00199 845
0.001991 845
0.001992 845
0.001993 845
0.001994 845
0.001995 845
0.001996 845
0.001997 845
0.001998 845
0.001999 845
0.002 845
0.002001 844
0.002002 844
0.002003 844
0.002004 844
0.002005 844
0.002006 843
0.002007 843
0.002008 843
0.002009 843
0.00201 843
0.002011 843
0.002012 843
0.002013 843
0.002014 842
0.002015 842
0.002016 842
0.002017 842
0.002018 843
0.002019 842
0.00202 841
0.002021 841
0.002022 841
0.002023 840
0.002024 840
0.002025 841
0.002026 841
0.002027 841
0.002028 841
0.002029 842
0.00203 842
0.002031 843
0.002032 843
0.002033 843
0.002034 843
0.002035 843
0.002036 842
0.002037 842
0.002038 842
0.002039 842
0.00204 842
0.002041 842
0.002042 843
0.002043 843
0.002044 843
0.002045 843
0.002046 843
0.002047 843
0.002048 843
0.002049 843
0.00205 842
0.002051 841
0.002052 841
0.002053 842
0.002054 842
0.002055 843
0.002056 843
0.002057 843
0.002058 843
0.002059 844
0.00206 844
0.002061 844
0.002062 844
0.002063 844
0.002064 844
0.002065 844
0.002066 845
0.002067 844
0.002068 844
0.002069 844
0.00207 843
0.002071 844
0.002072 843
0.002073 843
0.002074 843
0.002075 843
0.002076 843
0.002077 843
0.002078 843
0.002079 844
0.00208 844
0.002081 844
0.002082 844
0.002083 844
0.002084 844
0.002085 844
0.002086 843
0.002087 843
0.002088 843
0.002089 843
0.00209 843
0.002091 843
0.002092 843
0.002093 843
0.002094 843
0.002095 843
0.002096 843
0.002097 843
0.002098 843
0.002099 843
0.0021 843
0.002101 843
0.002102 843
0.002103 843
0.002104 843
0.002105 843
0.002106 843
0.002107 843
0.002108 843
0.002109 843
0.00211 843
0.002111 843
0.002112 843
0.002113 844
0.002114 844
0.002115 844
0.002116 844
0.002117 844
0.002118 844
0.002119 844
0.00212 843
0.002121 843
0.002122 843
0.002123 843
0.002124 843
0.002125 843
0.002126 843
0.002127 843
0.002128 843
0.002129 843
0.00213 843
0.002131 843
0.002132 843
0.002133 843
0.002134 843
0.002135 843
0.002136 843
0.002137 843
0.002138 843
0.002139 844
0.00214 844
0.002141 844
0.002142 844
0.002143 844
0.002144 844
0.002145 844
0.002146 844
0.002147 844
0.002148 844
0.002149 845
0.00215 845
0.002151 845
0.002152 845
0.002153 845
0.002154 845
0.002155 845
0.002156 845
0.002157 845
0.002158 845
0.002159 845
0.00216 845
0.002161 846
0.002162 846
0.002163 845
0.002164 845
0.002165 845
0.002166 844
0.002167 844
0.002168 844
0.002169 844
0.00217 844
0.002171 845
0.002172 845
0.002173 845
0.002174 845
0.002175 845
0.002176 845
0.002177 845
0.002178 845
0.002179 845
0.00218 845
0.002181 846
0.002182 846
0.002183 846
0.002184 845
0.002185 845
0.002186 845
0.002187 845
0.002188 845
0.002189 845
0.00219 845
0.002191 845
0.002192 845
0.002193 845
0.002194 845
0.002195 845
0.002196 845
0.002197 845
0.002198 845
0.002199 845
0.0022 845
0.002201 845
0.002202 844
0.002203 844
0.002204 844
0.002205 843
0.002206 843
0.002207 843
0.002208 843
0.002209 843
0.00221 844
0.002211 844
0.002212 844
0.002213 845
0.002214 845
0.002215 845
0.002216 845
0.002217 845
0.002218 845
0.002219 846
0.00222 846
0.002221 846
0.002222 846
0.002223 846
0.002224 846
0.002225 847
0.002226 847
0.002227 847
0.002228 847
0.002229 847
0.00223 847
0.002231 847
0.002232 847
0.002233 847
0.002234 847
0.002235 846
0.002236 846
0.002237 846
0.002238 846
0.002239 845
0.00224 845
0.002241 845
0.002242 845
0.002243 845
0.002244 845
0.002245 846
0.002246 846
0.002247 846
0.002248 846
0.002249 846
0.00225 846
0.002251 846
0.002252 846
0.002253 846
0.002254 846
0.002255 846
0.002256 846
0.002257 844
0.002258 844
0.002259 844
0.00226 844
0.002261 844
0.002262 845
0.002263 845
0.002264 844
0.002265 844
0.002266 844
0.002267 844
0.002268 844
0.002269 844
0.00227 844
0.002271 844
0.002272 844
0.002273 844
0.002274 844
0.002275 844
0.002276 844
0.002277 844
0.002278 845
0.002279 845
0.00228 845
0.002281 845
0.002282 845
0.002283 845
0.002284 845
0.002285 845
0.002286 845
0.002287 845
0.002288 845
0.002289 845
0.00229 845
0.002291 845
0.002292 845
0.002293 845
0.002294 845
0.002295 845
0.002296 845
0.002297 845
0.002298 845
0.002299 845
0.0023 845
0.002301 845
0.002302 845
0.002303 845
0.002304 845
0.002305 845
0.002306 845
0.002307 846
0.002308 846
0.002309 846
0.00231 846
0.002311 846
0.002312 846
0.002313 846
0.002314 845
0.002315 845
0.002316 845
0.002317 845
0.002318 845
0.002319 846
0.00232 845
0.002321 845
0.002322 845
0.002323 845
0.002324 845
0.002325 845
0.002326 845
0.002327 845
0.002328 845
0.002329 845
0.00233 845
0.002331 845
0.002332 845
0.002333 845
0.002334 845
0.002335 845
0.002336 845
0.002337 845
0.002338 845
0.002339 845
0.00234 845
0.002341 845
0.002342 845
0.002343 845
0.002344 845
0.002345 844
0.002346 843
0.002347 843
0.002348 843
0.002349 844
0.00235 844
0.002351 844
0.002352 844
0.002353 844
0.002354 844
0.002355 845
0.002356 845
0.002357 845
0.002358 845
0.002359 845
0.00236 845
0.002361 845
0.002362 844
0.002363 844
0.002364 844
0.002365 844
0.002366 844
0.002367 845
0.002368 845
0.002369 845
0.00237 844
0.002371 844
0.002372 844
0.002373 844
0.002374 844
0.002375 844
0.002376 844
0.002377 844
0.002378 844
0.002379 844
0.00238 844
0.002381 844
0.002382 844
0.002383 843
0.002384 843
0.002385 844
0.002386 844
0.002387 844
0.002388 844
0.002389 845
0.00239 845
0.002391 845
0.002392 844
0.002393 844
0.002394 844
0.002395 844
0.002396 844
0.002397 844
0.002398 843
0.002399 843
0.0024 843
0.002401 843
0.002402 843
0.002403 843
0.002404 843
0.002405 843
0.002406 843
0.002407 843
0.002408 843
0.002409 843
0.00241 843
0.002411 843
0.002412 843
0.002413 843
0.002414 843
0.002415 843
0.002416 843
0.002417 843
0.002418 843
0.002419 843
0.00242 843
0.002421 843
0.002422 843
0.002423 843
0.002424 843
0.002425 843
0.002426 843
0.002427 843
0.002428 843
0.002429 843
0.00243 843
0.002431 843
0.002432 843
0.002433 843
0.002434 843
0.002435 843
0.002436 843
0.002437 843
0.002438 842
0.002439 842
0.00244 841
0.002441 841
0.002442 841
0.002443 841
0.002444 841
0.002445 841
0.002446 840
0.002447 839
0.002448 839
0.002449 839
0.00245 839
0.002451 839
0.002452 839
0.002453 839
0.002454 839
0.002455 838
0.002456 838
0.002457 839
0.002458 839
0.002459 839
0.00246 839
0.002461 839
0.002462 839
0.002463 839
0.002464 839
0.002465 839
0.002466 840
0.002467 840
0.002468 840
0.002469 840
0.00247 840
0.002471 840
0.002472 840
0.002473 840
0.002474 840
0.002475 840
0.002476 840
0.002477 840
0.002478 840
0.002479 840
0.00248 840
0.002481 841
0.002482 841
0.002483 841
0.002484 841
0.002485 840
0.002486 840
0.002487 840
0.002488 840
0.002489 840
0.00249 840
0.002491 840
0.002492 840
0.002493 840
0.002494 840
0.002495 840
0.002496 840
0.002497 839
0.002498 839
0.002499 839
0.0025 839
0.002501 838
0.002502 838
0.002503 838
0.002504 838
0.002505 838
0.002506 838
0.002507 838
0.002508 838
0.002509 839
0.00251 839
0.002511 839
0.002512 839
0.002513 839
0.002514 839
0.002515 839
0.002516 839
0.002517 839
0.002518 839
0.002519 839
0.00252 838
0.002521 838
0.002522 837
0.002523 837
0.002524 837
0.002525 837
0.002526 837
0.002527 837
0.002528 838
0.002529 838
0.00253 838
0.002531 838
0.002532 837
0.002533 838
0.002534 838
0.002535 838
0.002536 838
0.002537 838
0.002538 838
0.002539 838
0.00254 838
0.002541 838
0.002542 839
0.002543 839
0.002544 839
0.002545 839
0.002546 839
0.002547 839
0.002548 839
0.002549 839
0.00255 839
0.002551 839
0.002552 838
0.002553 837
0.002554 837
0.002555 837
0.002556 837
0.002557 837
0.002558 837
0.002559 837
0.00256 837
0.002561 837
0.002562 837
0.002563 839
0.002564 839
0.002565 839
0.002566 839
0.002567 839
0.002568 838
0.002569 838
0.00257 838
0.002571 838
0.002572 839
0.002573 839
0.002574 839
0.002575 839
0.002576 839
0.002577 839
0.002578 839
0.002579 839
0.00258 839
0.002581 839
0.002582 839
0.002583 839
0.002584 839
0.002585 839
0.002586 839
0.002587 839
0.002588 839
0.002589 839
0.00259 839
0.002591 839
0.002592 839
0.002593 839
0.002594 839
0.002595 839
0.002596 839
0.002597 839
0.002598 839
0.002599 838
0.0026 838
0.002601 838
0.002602 838
0.002603 839
0.002604 839
0.002605 839
0.002606 840
0.002607 840
0.002608 840
0.002609 840
0.00261 840
0.002611 840
0.002612 840
0.002613 840
0.002614 840
0.002615 840
0.002616 840
0.002617 840
0.002618 840
0.002619 841
0.00262 841
0.002621 841
0.002622 841
0.002623 841
0.002624 841
0.002625 841
0.002626 841
0.002627 842
0.002628 842
0.002629 842
0.00263 842
0.002631 842
0.002632 842
0.002633 842
0.002634 842
0.002635 842
0.002636 842
0.002637 842
0.002638 842
0.002639 841
0.00264 842
0.002641 842
0.002642 842
0.002643 842
0.002644 842
0.002645 842
0.002646 842
0.002647 842
0.002648 841
0.002649 841
0.00265 840
0.002651 840
0.002652 840
0.002653 841
0.002654 841
0.002655 841
0.002656 841
0.002657 841
0.002658 840
0.002659 840
0.00266 840
0.002661 840
0.002662 840
0.002663 840
0.002664 840
0.002665 840
0.002666 840
0.002667 840
0.002668 840
0.002669 840
0.00267 840
0.002671 840
0.002672 840
0.002673 840
0.002674 841
0.002675 841
0.002676 841
0.002677 841
0.002678 841
0.002679 841
0.00268 841
0.002681 841
0.002682 841
0.002683 841
0.002684 841
0.002685 841
0.002686 841
0.002687 841
0.002688 841
0.002689 841
0.00269 841
0.002691 841
0.002692 842
0.002693 842
0.002694 843
0.002695 843
0.002696 843
0.002697 843
0.002698 843
0.002699 843
0.0027 844
0.002701 844
0.002702 844
0.002703 844
0.002704 844
0.002705 845
0.002706 845
0.002707 845
0.002708 845
0.002709 845
0.00271 845
0.002711 845
0.002712 845
0.002713 845
0.002714 845
0.002715 845
0.002716 846
0.002717 846
0.002718 846
0.002719 846
0.00272 846
0.002721 846
0.002722 846
0.002723 846
0.002724 846
0.002725 847
0.002726 847
0.002727 847
0.002728 847
0.002729 847
0.00273 847
0.002731 847
0.002732 847
0.002733 847
0.002734 847
0.002735 847
0.002736 847
0.002737 847
0.002738 847
0.002739 846
0.00274 846
0.002741 846
0.002742 846
0.002743 845
0.002744 845
0.002745 845
0.002746 846
0.002747 846
0.002748 846
0.002749 846
0.00275 846
0.002751 846
0.002752 846
0.002753 847
0.002754 847
0.002755 847
0.002756 847
0.002757 849
0.002758 849
0.002759 848
0.00276 848
0.002761 848
0.002762 848
0.002763 848
0.002764 847
0.002765 847
0.002766 847
0.002767 847
0.002768 847
0.002769 847
0.00277 847
0.002771 847
0.002772 847
0.002773 847
0.002774 847
0.002775 847
0.002776 847
0.002777 847
0.002778 846
0.002779 846
0.00278 846
0.002781 846
0.002782 845
0.002783 845
0.002784 845
0.002785 845
0.002786 844
0.002787 844
0.002788 844
0.002789 844
0.00279 844
0.002791 844
0.002792 843
0.002793 843
0.002794 843
0.002795 843
0.002796 843
0.002797 843
0.002798 843
0.002799 843
0.0028 843
0.002801 845
0.002802 845
0.002803 845
0.002804 845
0.002805 845
0.002806 845
0.002807 845
0.002808 846
0.002809 846
0.00281 846
0.002811 846
0.002812 846
0.002813 846
0.002814 846
0.002815 846
0.002816 846
0.002817 846
0.002818 846
0.002819 846
0.00282 847
0.002821 847
0.002822 846
0.002823 846
0.002824 847
0.002825 847
0.002826 847
0.002827 846
0.002828 846
0.002829 846
0.00283 846
0.002831 846
0.002832 846
0.002833 846
0.002834 846
0.002835 846
0.002836 846
0.002837 846
0.002838 846
0.002839 846
0.00284 846
0.002841 846
0.002842 846
0.002843 847
0.002844 847
0.002845 847
0.002846 847
0.002847 847
0.002848 847
0.002849 847
0.00285 847
0.002851 847
0.002852 847
0.002853 847
0.002854 847
0.002855 847
0.002856 847
0.002857 847
0.002858 847
0.002859 847
0.00286 847
0.002861 847
0.002862 847
0.002863 847
0.002864 847
0.002865 846
0.002866 846
0.002867 846
0.002868 846
0.002869 846
0.00287 846
0.002871 846
0.002872 846
0.002873 846
0.002874 846
0.002875 846
0.002876 845
0.002877 845
0.002878 845
0.002879 845
0.00288 845
0.002881 845
0.002882 845
0.002883 845
0.002884 845
0.002885 845
0.002886 845
0.002887 845
0.002888 845
0.002889 845
0.00289 845
0.002891 845
0.002892 845
0.002893 846
0.002894 846
0.002895 846
0.002896 846
0.002897 846
0.002898 846
0.002899 846
0.0029 846
0.002901 846
0.002902 846
0.002903 846
0.002904 846
0.002905 846
0.002906 846
0.002907 846
0.002908 846
0.002909 846
0.00291 846
0.002911 846
0.002912 847
0.002913 847
0.002914 847
0.002915 847
0.002916 847
0.002917 847
0.002918 847
0.002919 846
0.00292 846
0.002921 846
0.002922 846
0.002923 846
0.002924 846
0.002925 846
0.002926 846
0.002927 846
0.002928 846
0.002929 846
0.00293 846
0.002931 846
0.002932 846
0.002933 846
0.002934 846
0.002935 846
0.002936 846
0.002937 846
0.002938 846
0.002939 846
0.00294 846
0.002941 846
0.002942 846
0.002943 846
0.002944 846
0.002945 846
0.002946 846
0.002947 846
0.002948 846
0.002949 846
0.00295 846
0.002951 846
0.002952 846
0.002953 846
0.002954 846
0.002955 846
0.002956 846
0.002957 847
0.002958 847
0.002959 847
0.00296 847
0.002961 847
0.002962 847
0.002963 847
0.002964 847
0.002965 847
0.002966 847
0.002967 846
0.002968 846
0.002969 846
0.00297 846
0.002971 846
0.002972 846
0.002973 846
0.002974 846
0.002975 846
0.002976 846
0.002977 846
0.002978 846
0.002979 846
0.00298 846
0.002981 846
0.002982 846
0.002983 846
0.002984 845
0.002985 845
0.002986 845
0.002987 845
0.002988 846
0.002989 846
0.00299 846
0.002991 846
0.002992 846
0.002993 846
0.002994 846
0.002995 846
0.002996 846
0.002997 846
0.002998 846
0.002999 846
0.003 846
0.003001 846
0.003002 846
0.003003 846
0.003004 846
0.003005 846
0.003006 846
0.003007 846
0.003008 846
0.003009 846
0.00301 846
0.003011 846
0.003012 846
0.003013 846
0.003014 846
0.003015 846
0.003016 846
0.003017 846
0.003018 845
0.003019 845
0.00302 844
0.003021 844
0.003022 844
0.003023 844
0.003024 844
0.003025 844
0.003026 844
0.003027 845
0.003028 845
0.003029 845
0.00303 845
0.003031 845
0.003032 845
0.003033 845
0.003034 845
0.003035 845
0.003036 845
0.003037 845
0.003038 845
0.003039 845
0.00304 845
0.003041 845
0.003042 844
0.003043 843
0.003044 844
0.003045 844
0.003046 844
0.003047 844
0.003048 844
0.003049 844
0.00305 844
0.003051 843
0.003052 843
0.003053 843
0.003054 843
0.003055 843
0.003056 843
0.003057 843
0.003058 843
0.003059 843
0.00306 843
0.003061 843
0.003062 843
0.003063 843
0.003064 843
0.003065 843
0.003066 843
0.003067 843
0.003068 843
0.003069 843
0.00307 843
0.003071 843
0.003072 843
0.003073 843
0.003074 843
0.003075 843
0.003076 843
0.003077 843
0.003078 843
0.003079 843
0.00308 843
0.003081 843
0.003082 843
0.003083 843
0.003084 843
0.003085 843
0.003086 843
0.003087 843
0.003088 842
0.003089 841
0.00309 841
0.003091 841
0.003092 841
0.003093 841
0.003094 841
0.003095 841
0.003096 841
0.003097 841
0.003098 841
0.003099 841
0.0031 841
0.003101 841
0.003102 841
0.003103 841
0.003104 841
0.003105 841
0.003106 841
0.003107 841
0.003108 841
0.003109 841
0.00311 841
0.003111 841
0.003112 841
0.003113 841
0.003114 841
0.003115 841
0.003116 841
0.003117 841
0.003118 841
0.003119 841
0.00312 841
0.003121 841
0.003122 841
0.003123 841
0.003124 841
0.003125 841
0.003126 841
0.003127 841
0.003128 841
0.003129 841
0.00313 841
0.003131 841
0.003132 842
0.003133 842
0.003134 842
0.003135 842
0.003136 842
0.003137 842
0.003138 842
0.003139 842
0.00314 842
0.003141 842
0.003142 842
0.003143 842
0.003144 842
0.003145 841
0.003146 841
0.003147 841
0.003148 841
0.003149 841
0.00315 841
0.003151 841
0.003152 841
0.003153 842
0.003154 842
0.003155 842
0.003156 842
0.003157 842
0.003158 841
0.003159 841
0.00316 841
0.003161 841
0.003162 841
0.003163 841
0.003164 840
0.003165 840
0.003166 840
0.003167 840
0.003168 840
0.003169 840
0.00317 840
0.003171 840
0.003172 840
0.003173 840
0.003174 841
0.003175 841
0.003176 841
0.003177 842
0.003178 842
0.003179 842
0.00318 842
0.003181 842
0.003182 842
0.003183 842
0.003184 842
0.003185 842
0.003186 842
0.003187 841
0.003188 841
0.003189 840
0.00319 840
0.003191 840
0.003192 840
0.003193 840
0.003194 840
0.003195 840
0.003196 840
0.003197 840
0.003198 840
0.003199 840
0.0032 840
0.003201 840
0.003202 840
0.003203 840
0.003204 840
0.003205 840
0.003206 840
0.003207 840
0.003208 840
0.003209 840
0.00321 841
0.003211 841
0.003212 841
0.003213 841
0.003214 841
0.003215 841
0.003216 841
0.003217 840
0.003218 840
0.003219 841
0.00322 841
0.003221 841
0.003222 841
0.003223 841
0.003224 841
0.003225 840
0.003226 840
0.003227 840
0.003228 840
0.003229 840
0.00323 840
0.003231 840
0.003232 840
0.003233 840
0.003234 841
0.003235 841
0.003236 841
0.003237 840
0.003238 840
0.003239 841
0.00324 841
0.003241 841
0.003242 841
0.003243 841
0.003244 841
0.003245 841
0.003246 841
0.003247 841
0.003248 841
0.003249 841
0.00325 841
0.003251 841
0.003252 841
0.003253 841
0.003254 841
0.003255 842
0.003256 842
0.003257 842
0.003258 842
0.003259 842
0.00326 841
0.003261 841
0.003262 841
0.003263 841
0.003264 841
0.003265 841
0.003266 841
0.003267 841
0.003268 841
0.003269 841
0.00327 841
0.003271 842
0.003272 842
0.003273 842
0.003274 842
0.003275 842
0.003276 842
0.003277 843
0.003278 842
0.003279 842
0.00328 842
0.003281 842
0.003282 842
0.003283 842
0.003284 842
0.003285 842
0.003286 842
0.003287 842
0.003288 842
0.003289 842
0.00329 842
0.003291 842
0.003292 843
0.003293 843
0.003294 843
0.003295 843
0.003296 843
0.003297 844
0.003298 844
0.003299 844
0.0033 844
0.003301 844
0.003302 844
0.003303 844
0.003304 844
0.003305 844
0.003306 844
0.003307 843
0.003308 843
0.003309 843
0.00331 843
0.003311 843
0.003312 843
0.003313 843
0.003314 843
0.003315 843
0.003316 843
0.003317 844
0.003318 844
0.003319 844
0.00332 844
0.003321 844
0.003322 844
0.003323 844
0.003324 844
0.003325 844
0.003326 844
0.003327 844
0.003328 844
0.003329 844
0.00333 844
0.003331 843
0.003332 844
0.003333 844
0.003334 844
0.003335 844
0.003336 844
0.003337 844
0.003338 843
0.003339 843
0.00334 843
0.003341 843
0.003342 843
0.003343 843
0.003344 843
0.003345 843
0.003346 843
0.003347 844
0.003348 844
0.003349 845
0.00335 845
0.003351 845
0.003352 844
0.003353 844
0.003354 844
0.003355 844
0.003356 844
0.003357 844
0.003358 844
0.003359 844
0.00336 844
0.003361 843
0.003362 843
0.003363 843
0.003364 843
0.003365 843
0.003366 843
0.003367 843
0.003368 843
0.003369 843
0.00337 843
0.003371 844
0.003372 844
0.003373 844
0.003374 844
0.003375 844
0.003376 844
0.003377 844
0.003378 844
0.003379 844
0.00338 844
0.003381 844
0.003382 844
0.003383 844
0.003384 844
0.003385 844
0.003386 844
0.003387 845
0.003388 845
0.003389 845
0.00339 845
0.003391 845
0.003392 846
0.003393 846
0.003394 846
0.003395 846
0.003396 846
0.003397 846
0.003398 846
0.003399 846
0.0034 846
0.003401 846
0.003402 846
0.003403 846
0.003404 846
0.003405 846
0.003406 846
0.003407 847
0.003408 846
0.003409 846
0.00341 846
0.003411 846
0.003412 846
0.003413 845
0.003414 845
0.003415 845
0.003416 845
0.003417 845
0.003418 845
0.003419 845
0.00342 845
0.003421 845
0.003422 845
0.003423 845
0.003424 845
0.003425 846
0.003426 846
0.003427 846
0.003428 846
0.003429 846
0.00343 846
0.003431 846
0.003432 846
0.003433 846
0.003434 845
0.003435 845
0.003436 845
0.003437 845
0.003438 845
0.003439 845
0.00344 845
0.003441 846
0.003442 846
0.003443 846
0.003444 846
0.003445 846
0.003446 846
0.003447 846
0.003448 846
0.003449 846
0.00345 846
0.003451 846
0.003452 846
0.003453 846
0.003454 846
0.003455 846
0.003456 846
0.003457 846
0.003458 846
0.003459 846
0.00346 846
0.003461 846
0.003462 846
0.003463 846
0.003464 846
0.003465 846
0.003466 846
0.003467 846
0.003468 846
0.003469 846
0.00347 846
0.003471 846
0.003472 845
0.003473 845
0.003474 845
0.003475 846
0.003476 846
0.003477 846
0.003478 846
0.003479 846
0.00348 846
0.003481 846
0.003482 846
0.003483 846
0.003484 846
0.003485 846
0.003486 846
0.003487 846
0.003488 846
0.003489 846
0.00349 846
0.003491 846
0.003492 846
0.003493 846
0.003494 846
0.003495 846
0.003496 846
0.003497 846
0.003498 846
0.003499 846
0.0035 844
0.003501 844
0.003502 844
0.003503 844
0.003504 844
0.003505 844
0.003506 844
0.003507 843
0.003508 843
0.003509 843
0.00351 843
0.003511 843
0.003512 843
0.003513 843
0.003514 843
0.003515 842
0.003516 843
0.003517 843
0.003518 843
0.003519 843
0.00352 843
0.003521 843
0.003522 843
0.003523 843
0.003524 843
0.003525 843
0.003526 843
0.003527 843
0.003528 843
0.003529 843
0.00353 843
0.003531 842
0.003532 842
0.003533 842
0.003534 842
0.003535 843
0.003536 843
0.003537 843
0.003538 843
0.003539 843
0.00354 843
0.003541 843
0.003542 843
0.003543 843
0.003544 843
0.003545 843
0.003546 843
0.003547 843
0.003548 843
0.003549 843
0.00355 843
0.003551 843
0.003552 843
0.003553 843
0.003554 843
0.003555 843
0.003556 843
0.003557 842
0.003558 842
0.003559 841
0.00356 841
0.003561 841
0.003562 841
0.003563 841
0.003564 841
0.003565 841
0.003566 841
0.003567 841
0.003568 841
0.003569 841
0.00357 841
0.003571 841
0.003572 840
0.003573 840
0.003574 840
0.003575 840
0.003576 840
0.003577 841
0.003578 841
0.003579 841
0.00358 841
0.003581 841
0.003582 841
0.003583 841
0.003584 841
0.003585 840
0.003586 840
0.003587 840
0.003588 840
0.003589 840
0.00359 840
0.003591 840
0.003592 840
0.003593 840
0.003594 840
0.003595 841
0.003596 840
0.003597 839
0.003598 839
0.003599 839
0.0036 840
0.003601 840
0.003602 840
0.003603 841
0.003604 842
0.003605 842
0.003606 842
0.003607 842
0.003608 842
0.003609 842
0.00361 842
0.003611 842
0.003612 842
0.003613 842
0.003614 842
0.003615 842
0.003616 842
0.003617 842
0.003618 842
0.003619 842
0.00362 842
0.003621 842
0.003622 842
0.003623 841
0.003624 841
0.003625 841
0.003626 841
0.003627 841
0.003628 841
0.003629 841
0.00363 841
0.003631 841
0.003632 841
0.003633 841
0.003634 841
0.003635 841
0.003636 841
0.003637 842
0.003638 842
0.003639 842
0.00364 841
0.003641 841
0.003642 842
0.003643 842
0.003644 842
0.003645 842
0.003646 842
0.003647 842
0.003648 842
0.003649 842
0.00365 842
0.003651 842
0.003652 843
0.003653 843
0.003654 843
0.003655 843
0.003656 843
0.003657 843
0.003658 843
0.003659 843
0.00366 843
0.003661 843
0.003662 843
0.003663 843
0.003664 843
0.003665 843
0.003666 843
0.003667 844
0.003668 844
0.003669 844
0.00367 844
0.003671 844
0.003672 844
0.003673 844
0.003674 844
0.003675 844
0.003676 844
0.003677 844
0.003678 844
0.003679 844
0.00368 844
0.003681 844
0.003682 844
0.003683 844
0.003684 844
0.003685 844
0.003686 844
0.003687 844
0.003688 844
0.003689 844
0.00369 844
0.003691 844
0.003692 844
0.003693 844
0.003694 844
0.003695 845
0.003696 844
0.003697 844
0.003698 844
0.003699 844
0.0037 844
0.003701 844
0.003702 844
0.003703 844
0.003704 844
0.003705 844
0.003706 844
0.003707 844
0.003708 844
0.003709 844
0.00371 843
0.003711 843
0.003712 843
0.003713 843
0.003714 843
0.003715 843
0.003716 844
0.003717 844
0.003718 844
0.003719 844
0.00372 844
0.003721 844
0.003722 844
0.003723 844
0.003724 844
0.003725 844
0.003726 844
0.003727 844
0.003728 844
0.003729 844
0.00373 844
0.003731 844
0.003732 844
0.003733 844
0.003734 844
0.003735 844
0.003736 845
0.003737 845
0.003738 845
0.003739 845
0.00374 845
0.003741 845
0.003742 845
0.003743 845
0.003744 845
0.003745 844
0.003746 844
0.003747 844
0.003748 844
0.003749 844
0.00375 844
0.003751 845
0.003752 845
0.003753 845
0.003754 845
0.003755 845
0.003756 845
0.003757 845
0.003758 845
0.003759 846
0.00376 846
0.003761 846
0.003762 846
0.003763 846
0.003764 846
0.003765 846
0.003766 846
0.003767 846
0.003768 845
0.003769 845
0.00377 844
0.003771 844
0.003772 843
0.003773 843
0.003774 843
0.003775 843
0.003776 843
0.003777 842
0.003778 843
0.003779 843
0.00378 843
0.003781 843
0.003782 843
0.003783 843
0.003784 843
0.003785 843
0.003786 843
0.003787 843
0.003788 843
0.003789 843
0.00379 843
0.003791 844
0.003792 844
0.003793 844
0.003794 844
0.003795 845
0.003796 845
0.003797 845
0.003798 845
0.003799 845
0.0038 845
0.003801 845
0.003802 845
0.003803 845
0.003804 845
0.003805 844
0.003806 844
0.003807 844
0.003808 844
0.003809 844
0.00381 844
0.003811 845
0.003812 845
0.003813 845
0.003814 845
0.003815 845
0.003816 845
0.003817 845
0.003818 845
0.003819 845
0.00382 845
0.003821 845
0.003822 845
0.003823 845
0.003824 845
0.003825 845
0.003826 845
0.003827 845
0.003828 845
0.003829 845
0.00383 845
0.003831 845
0.003832 845
0.003833 845
0.003834 845
0.003835 845
0.003836 845
0.003837 845
0.003838 845
0.003839 845
0.00384 845
0.003841 844
0.003842 844
0.003843 844
0.003844 844
0.003845 844
0.003846 844
0.003847 844
0.003848 844
0.003849 844
0.00385 844
0.003851 844
0.003852 844
0.003853 844
0.003854 844
0.003855 844
0.003856 845
0.003857 845
0.003858 845
0.003859 845
0.00386 844
0.003861 844
0.003862 844
0.003863 844
0.003864 844
0.003865 844
0.003866 843
0.003867 843
0.003868 843
0.003869 843
0.00387 843
0.003871 844
0.003872 844
0.003873 844
0.003874 844
0.003875 844
0.003876 844
0.003877 844
0.003878 844
0.003879 844
0.00388 844
0.003881 845
0.003882 845
0.003883 845
0.003884 845
0.003885 845
0.003886 845
0.003887 845
0.003888 845
0.003889 845
0.00389 845
0.003891 845
0.003892 844
0.003893 844
0.003894 844
0.003895 844
0.003896 844
0.003897 844
0.003898 844
0.003899 844
0.0039 844
0.003901 844
0.003902 844
0.003903 844
0.003904 844
0.003905 844
0.003906 844
0.003907 844
0.003908 844
0.003909 844
0.00391 844
0.003911 844
0.003912 843
0.003913 843
0.003914 843
0.003915 842
0.003916 842
0.003917 842
0.003918 842
0.003919 842
0.00392 842
0.003921 842
0.003922 842
0.003923 842
0.003924 842
0.003925 842
0.003926 842
0.003927 842
0.003928 842
0.003929 842
0.00393 842
0.003931 842
0.003932 842
0.003933 842
0.003934 842
0.003935 842
0.003936 842
0.003937 842
0.003938 842
0.003939 842
0.00394 842
0.003941 842
0.003942 842
0.003943 842
0.003944 842
0.003945 842
0.003946 842
0.003947 842
0.003948 842
0.003949 842
0.00395 842
0.003951 842
0.003952 842
0.003953 842
0.003954 842
0.003955 842
0.003956 842
0.003957 841
0.003958 841
0.003959 842
0.00396 842
0.003961 842
0.003962 842
0.003963 842
0.003964 842
0.003965 842
0.003966 842
0.003967 842
0.003968 842
0.003969 842
0.00397 842
0.003971 842
0.003972 842
0.003973 842
0.003974 842
0.003975 843
0.003976 844
0.003977 844
0.003978 844
0.003979 844
0.00398 844
0.003981 844
0.003982 843
0.003983 843
0.003984 843
0.003985 843
0.003986 843
0.003987 843
0.003988 843
0.003989 843
0.00399 843
0.003991 843
0.003992 843
0.003993 843
0.003994 843
0.003995 843
0.003996 843
0.003997 844
0.003998 844
0.003999 844
0.004 844
0.004001 844
0.004002 844
0.004003 844
0.004004 843
0.004005 843
0.004006 843
0.004007 842
0.004008 842
0.004009 842
0.00401 842
0.004011 842
0.004012 842
0.004013 842
0.004014 842
0.004015 842
0.004016 842
0.004017 842
0.004018 842
0.004019 842
0.00402 842
0.004021 842
0.004022 842
0.004023 842
0.004024 843
0.004025 843
0.004026 843
0.004027 843
0.004028 843
0.004029 843
0.00403 843
0.004031 843
0.004032 843
0.004033 843
0.004034 843
0.004035 843
0.004036 843
0.004037 843
0.004038 843
0.004039 843
0.00404 843
0.004041 843
0.004042 843
0.004043 842
0.004044 843
0.004045 843
0.004046 843
0.004047 843
0.004048 843
0.004049 843
0.00405 842
0.004051 842
0.004052 842
0.004053 843
0.004054 843
0.004055 843
0.004056 843
0.004057 843
0.004058 843
0.004059 843
0.00406 843
0.004061 843
0.004062 843
0.004063 843
0.004064 843
0.004065 843
0.004066 843
0.004067 843
0.004068 843
0.004069 842
0.00407 842
0.004071 842
0.004072 842
0.004073 843
0.004074 843
0.004075 843
0.004076 843
0.004077 843
0.004078 843
0.004079 843
0.00408 842
0.004081 842
0.004082 842
0.004083 842
0.004084 842
0.004085 842
0.004086 842
0.004087 841
0.004088 841
0.004089 841
0.00409 841
0.004091 841
0.004092 841
0.004093 841
0.004094 841
0.004095 842
0.004096 842
0.004097 842
0.004098 842
0.004099 842
0.0041 842
0.004101 842
0.004102 842
0.004103 842
0.004104 841
0.004105 841
0.004106 842
0.004107 842
0.004108 842
0.004109 842
0.00411 842
0.004111 842
0.004112 841
0.004113 841
0.004114 842
0.004115 842
0.004116 843
0.004117 843
0.004118 843
0.004119 842
0.00412 842
0.004121 842
0.004122 842
0.004123 842
0.004124 842
0.004125 842
0.004126 842
0.004127 842
0.004128 842
0.004129 842
0.00413 842
0.004131 842
0.004132 842
0.004133 842
0.004134 841
0.004135 841
0.004136 841
0.004137 841
0.004138 841
0.004139 841
0.00414 841
0.004141 841
0.004142 841
0.004143 841
0.004144 840
0.004145 840
0.004146 841
0.004147 841
0.004148 841
0.004149 842
0.00415 842
0.004151 842
0.004152 842
0.004153 842
0.004154 843
0.004155 842
0.004156 842
0.004157 842
0.004158 842
0.004159 842
0.00416 842
0.004161 841
0.004162 841
0.004163 841
0.004164 841
0.004165 841
0.004166 841
0.004167 841
0.004168 841
0.004169 841
0.00417 841
0.004171 842
0.004172 842
0.004173 842
0.004174 842
0.004175 842
0.004176 843
0.004177 844
0.004178 843
0.004179 843
0.00418 843
0.004181 843
0.004182 844
0.004183 844
0.004184 844
0.004185 844
0.004186 844
0.004187 844
0.004188 843
0.004189 843
0.00419 843
0.004191 843
0.004192 843
0.004193 843
0.004194 843
0.004195 843
0.004196 843
0.004197 843
0.004198 843
0.004199 843
0.0042 844
0.004201 844
0.004202 844
0.004203 844
0.004204 844
0.004205 843
0.004206 843
0.004207 842
0.004208 842
0.004209 842
0.00421 842
0.004211 843
0.004212 843
0.004213 843
0.004214 843
0.004215 843
0.004216 843
0.004217 843
0.004218 843
0.004219 843
0.00422 843
0.004221 844
0.004222 844
0.004223 844
0.004224 844
0.004225 844
0.004226 844
0.004227 844
0.004228 844
0.004229 844
0.00423 844
0.004231 844
0.004232 844
0.004233 843
0.004234 843
0.004235 843
0.004236 842
0.004237 842
0.004238 842
0.004239 842
0.00424 842
0.004241 842
0.004242 842
0.004243 842
0.004244 842
0.004245 841
0.004246 841
0.004247 841
0.004248 841
0.004249 841
0.00425 841
0.004251 841
0.004252 841
0.004253 841
0.004254 841
0.004255 841
0.004256 841
0.004257 841
0.004258 841
0.004259 841
0.00426 841
0.004261 840
0.004262 840
0.004263 840
0.004264 840
0.004265 840
0.004266 840
0.004267 840
0.004268 840
0.004269 840
0.00427 840
0.004271 840
0.004272 840
0.004273 840
0.004274 840
0.004275 840
0.004276 840
0.004277 840
0.004278 840
0.004279 840
0.00428 840
0.004281 840
0.004282 840
0.004283 840
0.004284 841
0.004285 840
0.004286 840
0.004287 840
0.004288 840
0.004289 840
0.00429 840
0.004291 840
0.004292 840
0.004293 840
0.004294 840
0.004295 840
0.004296 840
0.004297 840
0.004298 840
0.004299 840
0.0043 840
0.004301 840
0.004302 840
0.004303 840
0.004304 840
0.004305 840
0.004306 841
0.004307 841
0.004308 841
0.004309 841
0.00431 841
0.004311 841
0.004312 841
0.004313 841
0.004314 842
0.004315 842
0.004316 841
0.004317 841
0.004318 841
0.004319 841
0.00432 841
0.004321 841
0.004322 841
0.004323 841
0.004324 841
0.004325 841
0.004326 841
0.004327 841
0.004328 841
0.004329 841
0.00433 840
0.004331 840
0.004332 840
0.004333 840
0.004334 840
0.004335 841
0.004336 841
0.004337 841
0.004338 841
0.004339 841
0.00434 841
0.004341 841
0.004342 842
0.004343 842
0.004344 841
0.004345 841
0.004346 840
0.004347 840
0.004348 840
0.004349 839
0.00435 839
0.004351 839
0.004352 839
0.004353 839
0.004354 839
0.004355 841
0.004356 842
0.004357 842
0.004358 842
0.004359 842
0.00436 842
0.004361 842
0.004362 842
0.004363 842
0.004364 842
0.004365 842
0.004366 843
0.004367 843
0.004368 843
0.004369 843
0.00437 844
0.004371 844
0.004372 844
0.004373 844
0.004374 844
0.004375 844
0.004376 844
0.004377 844
0.004378 844
0.004379 844
0.00438 845
0.004381 845
0.004382 845
0.004383 845
0.004384 844
0.004385 844
0.004386 843
0.004387 843
0.004388 843
0.004389 844
0.00439 844
0.004391 844
0.004392 844
0.004393 844
0.004394 844
0.004395 844
0.004396 843
0.004397 843
0.004398 843
0.004399 843
0.0044 843
0.004401 843
0.004402 843
0.004403 842
0.004404 842
0.004405 842
0.004406 842
0.004407 842
0.004408 843
0.004409 843
0.00441 843
0.004411 843
0.004412 843
0.004413 843
0.004414 843
0.004415 843
0.004416 843
0.004417 843
0.004418 843
0.004419 843
0.00442 843
0.004421 843
0.004422 843
0.004423 843
0.004424 843
0.004425 844
0.004426 844
0.004427 843
0.004428 843
0.004429 843
0.00443 842
0.004431 842
0.004432 842
0.004433 842
0.004434 842
0.004435 842
0.004436 842
0.004437 841
0.004438 841
0.004439 841
0.00444 841
0.004441 841
0.004442 841
0.004443 841
0.004444 841
0.004445 841
0.004446 841
0.004447 841
0.004448 841
0.004449 841
0.00445 841
0.004451 841
0.004452 841
0.004453 841
0.004454 841
0.004455 841
0.004456 841
0.004457 841
0.004458 841
0.004459 841
0.00446 841
0.004461 841
0.004462 841
0.004463 841
0.004464 842
0.004465 842
0.004466 842
0.004467 842
0.004468 842
0.004469 842
0.00447 842
0.004471 842
0.004472 842
0.004473 842
0.004474 842
0.004475 842
0.004476 842
0.004477 842
0.004478 842
0.004479 842
0.00448 842
0.004481 842
0.004482 842
0.004483 842
0.004484 842
0.004485 842
0.004486 842
0.004487 842
0.004488 842
0.004489 842
0.00449 842
0.004491 841
0.004492 841
0.004493 840
0.004494 840
0.004495 840
0.004496 840
0.004497 840
0.004498 840
0.004499 840
0.0045 840
0.004501 840
0.004502 840
0.004503 840
0.004504 840
0.004505 840
0.004506 840
0.004507 840
0.004508 840
0.004509 839
0.00451 839
0.004511 839
0.004512 839
0.004513 838
0.004514 838
0.004515 838
0.004516 838
0.004517 838
0.004518 838
0.004519 838
0.00452 838
0.004521 838
0.004522 838
0.004523 838
0.004524 838
0.004525 838
0.004526 838
0.004527 838
0.004528 838
0.004529 838
0.00453 837
0.004531 836
0.004532 836
0.004533 836
0.004534 836
0.004535 836
0.004536 836
0.004537 836
0.004538 836
0.004539 836
0.00454 836
0.004541 836
0.004542 836
0.004543 836
0.004544 836
0.004545 836
0.004546 836
0.004547 836
0.004548 836
0.004549 836
0.00455 836
0.004551 836
0.004552 836
0.004553 836
0.004554 836
0.004555 836
0.004556 835
0.004557 835
0.004558 835
0.004559 835
0.00456 835
0.004561 835
0.004562 835
0.004563 834
0.004564 834
0.004565 834
0.004566 834
0.004567 835
0.004568 835
0.004569 835
0.00457 835
0.004571 835
0.004572 835
0.004573 835
0.004574 835
0.004575 835
0.004576 835
0.004577 833
0.004578 831
0.004579 831
0.00458 831
0.004581 831
0.004582 831
0.004583 831
0.004584 832
0.004585 832
0.004586 832
0.004587 832
0.004588 832
0.004589 832
0.00459 832
0.004591 832
0.004592 832
0.004593 832
0.004594 833
0.004595 834
0.004596 834
0.004597 834
0.004598 834
0.004599 834
0.0046 834
0.004601 834
0.004602 834
0.004603 834
0.004604 834
0.004605 834
0.004606 834
0.004607 834
0.004608 834
0.004609 834
0.00461 833
0.004611 833
0.004612 833
0.004613 833
0.004614 833
0.004615 833
0.004616 833
0.004617 833
0.004618 833
0.004619 833
0.00462 833
0.004621 834
0.004622 834
0.004623 834
0.004624 834
0.004625 834
0.004626 834
0.004627 834
0.004628 834
0.004629 834
0.00463 834
0.004631 834
0.004632 834
0.004633 834
0.004634 833
0.004635 833
0.004636 833
0.004637 833
0.004638 833
0.004639 833
0.00464 833
0.004641 833
0.004642 832
0.004643 832
0.004644 832
0.004645 832
0.004646 832
0.004647 832
0.004648 832
0.004649 832
0.00465 832
0.004651 832
0.004652 832
0.004653 832
0.004654 832
0.004655 832
0.004656 832
0.004657 832
0.004658 833
0.004659 833
0.00466 833
0.004661 834
0.004662 834
0.004663 834
0.004664 834
0.004665 834
0.004666 834
0.004667 834
0.004668 834
0.004669 834
0.00467 834
0.004671 834
0.004672 834
0.004673 834
0.004674 834
0.004675 834
0.004676 834
0.004677 834
0.004678 834
0.004679 834
0.00468 834
0.004681 834
0.004682 833
0.004683 833
0.004684 833
0.004685 833
0.004686 833
0.004687 833
0.004688 833
0.004689 833
0.00469 833
0.004691 833
0.004692 833
0.004693 833
0.004694 833
0.004695 833
0.004696 833
0.004697 833
0.004698 833
0.004699 833
0.0047 833
0.004701 833
0.004702 833
0.004703 833
0.004704 832
0.004705 831
0.004706 831
0.004707 831
0.004708 831
0.004709 831
0.00471 832
0.004711 832
0.004712 832
0.004713 832
0.004714 832
0.004715 832
0.004716 832
0.004717 832
0.004718 832
0.004719 832
0.00472 832
0.004721 832
0.004722 832
0.004723 832
0.004724 832
0.004725 832
0.004726 832
0.004727 831
0.004728 831
0.004729 831
0.00473 831
0.004731 831
0.004732 831
0.004733 831
0.004734 832
0.004735 833
0.004736 833
0.004737 833
0.004738 833
0.004739 833
0.00474 833
0.004741 833
0.004742 833
0.004743 832
0.004744 832
0.004745 831
0.004746 831
0.004747 831
0.004748 831
0.004749 831
0.00475 832
0.004751 832
0.004752 832
0.004753 832
0.004754 832
0.004755 832
0.004756 831
0.004757 831
0.004758 831
0.004759 830
0.00476 830
0.004761 831
0.004762 831
0.004763 831
0.004764 831
0.004765 831
0.004766 831
0.004767 831
0.004768 831
0.004769 831
0.00477 831
0.004771 831
0.004772 831
0.004773 832
0.004774 832
0.004775 833
0.004776 833
0.004777 833
0.004778 833
0.004779 833
0.00478 833
0.004781 833
0.004782 834
0.004783 834
0.004784 834
0.004785 834
0.004786 833
0.004787 833
0.004788 833
0.004789 833
0.00479 833
0.004791 833
0.004792 833
0.004793 833
0.004794 833
0.004795 833
0.004796 832
0.004797 832
0.004798 832
0.004799 832
0.0048 832
0.004801 832
0.004802 832
0.004803 832
0.004804 832
0.004805 832
0.004806 832
0.004807 832
0.004808 832
0.004809 832
0.00481 832
0.004811 832
0.004812 832
0.004813 832
0.004814 832
0.004815 832
0.004816 832
0.004817 832
0.004818 832
0.004819 832
0.00482 832
0.004821 832
0.004822 832
0.004823 832
0.004824 832
0.004825 831
0.004826 831
0.004827 831
0.004828 831
0.004829 831
0.00483 831
0.004831 831
0.004832 831
0.004833 831
0.004834 831
0.004835 831
0.004836 831
0.004837 831
0.004838 831
0.004839 830
0.00484 830
0.004841 830
0.004842 830
0.004843 830
0.004844 830
0.004845 830
0.004846 830
0.004847 830
0.004848 830
0.004849 830
0.00485 830
0.004851 829
0.004852 829
0.004853 829
0.004854 829
0.004855 829
0.004856 829
0.004857 829
0.004858 829
0.004859 828
0.00486 828
0.004861 828
0.004862 828
0.004863 828
0.004864 828
0.004865 829
0.004866 829
0.004867 829
0.004868 829
0.004869 829
0.00487 829
0.004871 827
0.004872 827
0.004873 827
0.004874 827
0.004875 827
0.004876 827
0.004877 827
0.004878 827
0.004879 827
0.00488 827
0.004881 827
0.004882 828
0.004883 828
0.004884 829
0.004885 829
0.004886 829
0.004887 829
0.004888 829
0.004889 829
0.00489 830
0.004891 830
0.004892 830
0.004893 830
0.004894 830
0.004895 830
0.004896 830
0.004897 830
0.004898 830
0.004899 830
0.0049 830
0.004901 830
0.004902 830
0.004903 831
0.004904 831
0.004905 831
0.004906 831
0.004907 831
0.004908 831
0.004909 831
0.00491 831
0.004911 831
0.004912 831
0.004913 830
0.004914 830
0.004915 830
0.004916 830
0.004917 830
0.004918 830
0.004919 830
0.00492 830
0.004921 830
0.004922 831
0.004923 831
0.004924 831
0.004925 831
0.004926 831
0.004927 830
0.004928 830
0.004929 830
0.00493 830
0.004931 829
0.004932 829
0.004933 829
0.004934 829
0.004935 829
0.004936 829
0.004937 829
0.004938 829
0.004939 829
0.00494 829
0.004941 830
0.004942 830
0.004943 830
0.004944 830
0.004945 830
0.004946 830
0.004947 830
0.004948 831
0.004949 831
0.00495 832
0.004951 831
0.004952 831
0.004953 831
0.004954 831
0.004955 830
0.004956 830
0.004957 830
0.004958 830
0.004959 830
0.00496 830
0.004961 830
0.004962 830
0.004963 830
0.004964 830
0.004965 830
0.004966 830
0.004967 830
0.004968 829
0.004969 829
0.00497 830
0.004971 829
0.004972 829
0.004973 829
0.004974 829
0.004975 829
0.004976 829
0.004977 830
0.004978 830
0.004979 829
0.00498 829
0.004981 829
0.004982 829
0.004983 830
0.004984 830
0.004985 830
0.004986 830
0.004987 830
0.004988 830
0.004989 830
0.00499 830
0.004991 830
0.004992 830
0.004993 830
0.004994 830
0.004995 830
0.004996 830
0.004997 830
0.004998 830
0.004999 830
0.005 830
