0 401
1e-06 405
2e-06 407
3e-06 412
4e-06 415
5e-06 416
6e-06 421
7e-06 428
8e-06 430
9e-06 432
1e-05 437
1.1e-05 440
1.2e-05 442
1.3e-05 447
1.4e-05 451
1.5e-05 454
1.6e-05 458
1.7e-05 461
1.8e-05 467
1.9e-05 473
2e-05 478
2.1e-05 480
2.2e-05 483
2.3e-05 484
2.4e-05 485
2.5e-05 487
2.6e-05 490
2.7e-05 492
2.8e-05 496
2.9e-05 500
3e-05 503
3.1e-05 508
3.2e-05 509
3.3e-05 514
3.4e-05 515
3.5e-05 516
3.6e-05 518
3.7e-05 522
3.8e-05 523
3.9e-05 526
4e-05 531
4.1e-05 532
4.2e-05 532
4.3e-05 536
4.4e-05 538
4.5e-05 539
4.6e-05 543
4.7e-05 548
4.8e-05 548
4.9e-05 550
5e-05 556
5.1e-05 559
5.2e-05 562
5.3e-05 563
5.4e-05 564
5.5e-05 567
5.6e-05 569
5.7e-05 575
5.8e-05 576
5.9e-05 577
6e-05 577
6.1e-05 578
6.2e-05 581
6.3e-05 585
6.4e-05 586
6.5e-05 590
6.6e-05 592
6.7e-05 597
6.8e-05 600
6.9e-05 600
7e-05 601
7.1e-05 602
7.2e-05 602
7.3e-05 607
7.4e-05 610
7.5e-05 611
7.6e-05 612
7.7e-05 610
7.8e-05 613
7.9e-05 616
8e-05 618
8.1e-05 620
8.2e-05 624
8.3e-05 624
8.4e-05 628
8.5e-05 629
8.6e-05 630
8.7e-05 630
8.8e-05 632
8.9e-05 636
9e-05 638
9.1e-05 639
9.2e-05 640
9.3e-05 641
9.4e-05 643
9.5e-05 646
9.6e-05 649
9.7e-05 651
9.8e-05 653
9.9e-05 654
0.0001 656
0.000101 657
0.000102 661
0.000103 660
0.000104 662
0.000105 666
0.000106 669
0.000107 670
0.000108 672
0.000109 672
0.00011 674
0.000111 677
0.000112 681
0.000113 686
0.000114 690
0.000115 691
0.000116 692
0.000117 695
0.000118 697
0.000119 699
0.00012 700
0.000121 701
0.000122 701
0.000123 701
0.000124 702
0.000125 704
0.000126 704
0.000127 707
0.000128 706
0.000129 707
0.00013 708
0.000131 710
0.000132 712
0.000133 713
0.000134 715
0.000135 717
0.000136 718
0.000137 718
0.000138 718
0.000139 719
0.00014 719
0.000141 720
0.000142 721
0.000143 724
0.000144 726
0.000145 728
0.000146 728
0.000147 729
0.000148 731
0.000149 731
0.00015 733
0.000151 734
0.000152 735
0.000153 737
0.000154 737
0.000155 738
0.000156 740
0.000157 741
0.000158 741
0.000159 744
0.00016 744
0.000161 745
0.000162 745
0.000163 745
0.000164 746
0.000165 746
0.000166 749
0.000167 750
0.000168 752
0.000169 753
0.00017 753
0.000171 753
0.000172 754
0.000173 757
0.000174 758
0.000175 759
0.000176 759
0.000177 761
0.000178 761
0.000179 763
0.00018 765
0.000181 766
0.000182 767
0.000183 767
0.000184 768
0.000185 768
0.000186 769
0.000187 770
0.000188 771
0.000189 772
0.00019 773
0.000191 773
0.000192 774
0.000193 777
0.000194 777
0.000195 779
0.000196 781
0.000197 781
0.000198 781
0.000199 782
0.0002 785
0.000201 788
0.000202 789
0.000203 790
0.000204 790
0.000205 791
0.000206 792
0.000207 794
0.000208 794
0.000209 794
0.00021 796
0.000211 795
0.000212 795
0.000213 796
0.000214 798
0.000215 800
0.000216 800
0.000217 803
0.000218 804
0.000219 805
0.00022 805
0.000221 805
0.000222 805
0.000223 805
0.000224 808
0.000225 808
0.000226 808
0.000227 807
0.000228 807
0.000229 807
0.00023 808
0.000231 808
0.000232 808
0.000233 810
0.000234 811
0.000235 810
0.000236 811
0.000237 813
0.000238 815
0.000239 816
0.00024 818
0.000241 818
0.000242 818
0.000243 818
0.000244 818
0.000245 818
0.000246 818
0.000247 820
0.000248 820
0.000249 822
0.00025 823
0.000251 824
0.000252 824
0.000253 825
0.000254 827
0.000255 827
0.000256 829
0.000257 831
0.000258 831
0.000259 832
0.00026 832
0.000261 833
0.000262 834
0.000263 834
0.000264 834
0.000265 835
0.000266 835
0.000267 835
0.000268 835
0.000269 835
0.00027 835
0.000271 836
0.000272 836
0.000273 837
0.000274 836
0.000275 836
0.000276 835
0.000277 835
0.000278 835
0.000279 836
0.00028 838
0.000281 838
0.000282 838
0.000283 840
0.000284 841
0.000285 841
0.000286 842
0.000287 842
0.000288 843
0.000289 843
0.00029 843
0.000291 844
0.000292 844
0.000293 845
0.000294 846
0.000295 847
0.000296 848
0.000297 848
0.000298 849
0.000299 849
0.0003 851
0.000301 851
0.000302 851
0.000303 850
0.000304 849
0.000305 849
0.000306 849
0.000307 850
0.000308 851
0.000309 851
0.00031 851
0.000311 851
0.000312 852
0.000313 852
0.000314 853
0.000315 854
0.000316 855
0.000317 855
0.000318 855
0.000319 856
0.00032 856
0.000321 856
0.000322 858
0.000323 858
0.000324 858
0.000325 858
0.000326 858
0.000327 859
0.000328 859
0.000329 860
0.00033 861
0.000331 860
0.000332 862
0.000333 863
0.000334 864
0.000335 864
0.000336 864
0.000337 865
0.000338 866
0.000339 866
0.00034 866
0.000341 866
0.000342 866
0.000343 865
0.000344 865
0.000345 867
0.000346 867
0.000347 870
0.000348 869
0.000349 869
0.00035 869
0.000351 870
0.000352 870
0.000353 869
0.000354 869
0.000355 869
0.000356 869
0.000357 869
0.000358 870
0.000359 870
0.00036 870
0.000361 871
0.000362 872
0.000363 873
0.000364 873
0.000365 873
0.000366 873
0.000367 876
0.000368 877
0.000369 877
0.00037 877
0.000371 878
0.000372 878
0.000373 880
0.000374 880
0.000375 881
0.000376 881
0.000377 882
0.000378 883
0.000379 883
0.00038 884
0.000381 884
0.000382 884
0.000383 884
0.000384 885
0.000385 886
0.000386 886
0.000387 886
0.000388 886
0.000389 886
0.00039 886
0.000391 886
0.000392 886
0.000393 886
0.000394 886
0.000395 886
0.000396 886
0.000397 886
0.000398 886
0.000399 886
0.0004 887
0.000401 887
0.000402 888
0.000403 888
0.000404 888
0.000405 889
0.000406 890
0.000407 890
0.000408 890
0.000409 890
0.00041 891
0.000411 892
0.000412 892
0.000413 892
0.000414 892
0.000415 892
0.000416 892
0.000417 892
0.000418 892
0.000419 892
0.00042 892
0.000421 892
0.000422 892
0.000423 892
0.000424 893
0.000425 893
0.000426 893
0.000427 893
0.000428 893
0.000429 893
0.00043 894
0.000431 894
0.000432 894
0.000433 894
0.000434 894
0.000435 895
0.000436 895
0.000437 895
0.000438 895
0.000439 896
0.00044 895
0.000441 896
0.000442 896
0.000443 896
0.000444 896
0.000445 897
0.000446 897
0.000447 897
0.000448 896
0.000449 895
0.00045 897
0.000451 897
0.000452 897
0.000453 897
0.000454 897
0.000455 897
0.000456 898
0.000457 898
0.000458 898
0.000459 898
0.00046 898
0.000461 898
0.000462 897
0.000463 897
0.000464 897
0.000465 897
0.000466 898
0.000467 898
0.000468 898
0.000469 898
0.00047 898
0.000471 898
0.000472 898
0.000473 899
0.000474 899
0.000475 899
0.000476 900
0.000477 900
0.000478 900
0.000479 900
0.00048 901
0.000481 901
0.000482 901
0.000483 900
0.000484 900
0.000485 900
0.000486 900
0.000487 900
0.000488 900
0.000489 901
0.00049 902
0.000491 903
0.000492 903
0.000493 903
0.000494 904
0.000495 904
0.000496 904
0.000497 904
0.000498 904
0.000499 904
0.0005 904
0.000501 904
0.000502 904
0.000503 904
0.000504 904
0.000505 904
0.000506 904
0.000507 904
0.000508 904
0.000509 904
0.00051 904
0.000511 904
0.000512 903
0.000513 904
0.000514 905
0.000515 905
0.000516 905
0.000517 905
0.000518 904
0.000519 904
0.00052 905
0.000521 905
0.000522 905
0.000523 905
0.000524 906
0.000525 906
0.000526 906
0.000527 906
0.000528 907
0.000529 907
0.00053 907
0.000531 907
0.000532 907
0.000533 908
0.000534 908
0.000535 908
0.000536 908
0.000537 909
0.000538 909
0.000539 908
0.00054 908
0.000541 908
0.000542 908
0.000543 908
0.000544 908
0.000545 908
0.000546 908
0.000547 908
0.000548 908
0.000549 908
0.00055 908
0.000551 908
0.000552 909
0.000553 909
0.000554 909
0.000555 909
0.000556 909
0.000557 909
0.000558 909
0.000559 911
0.00056 911
0.000561 911
0.000562 911
0.000563 911
0.000564 911
0.000565 912
0.000566 912
0.000567 912
0.000568 912
0.000569 912
0.00057 912
0.000571 912
0.000572 912
0.000573 914
0.000574 914
0.000575 914
0.000576 914
0.000577 914
0.000578 914
0.000579 914
0.00058 914
0.000581 914
0.000582 914
0.000583 915
0.000584 915
0.000585 915
0.000586 915
0.000587 915
0.000588 915
0.000589 915
0.00059 915
0.000591 915
0.000592 915
0.000593 915
0.000594 915
0.000595 915
0.000596 915
0.000597 916
0.000598 916
0.000599 916
0.0006 916
0.000601 916
0.000602 916
0.000603 916
0.000604 916
0.000605 918
0.000606 918
0.000607 919
0.000608 919
0.000609 919
0.00061 919
0.000611 919
0.000612 918
0.000613 918
0.000614 919
0.000615 919
0.000616 919
0.000617 919
0.000618 919
0.000619 919
0.00062 919
0.000621 919
0.000622 919
0.000623 919
0.000624 919
0.000625 919
0.000626 919
0.000627 919
0.000628 919
0.000629 919
0.00063 920
0.000631 920
0.000632 920
0.000633 920
0.000634 921
0.000635 921
0.000636 921
0.000637 921
0.000638 921
0.000639 921
0.00064 921
0.000641 921
0.000642 921
0.000643 921
0.000644 921
0.000645 922
0.000646 922
0.000647 922
0.000648 922
0.000649 922
0.00065 922
0.000651 921
0.000652 921
0.000653 921
0.000654 921
0.000655 921
0.000656 921
0.000657 920
0.000658 919
0.000659 919
0.00066 919
0.000661 919
0.000662 919
0.000663 919
0.000664 919
0.000665 919
0.000666 919
0.000667 919
0.000668 919
0.000669 919
0.00067 919
0.000671 920
0.000672 920
0.000673 920
0.000674 920
0.000675 919
0.000676 919
0.000677 919
0.000678 919
0.000679 919
0.00068 919
0.000681 919
0.000682 919
0.000683 919
0.000684 918
0.000685 918
0.000686 919
0.000687 920
0.000688 920
0.000689 920
0.00069 920
0.000691 919
0.000692 919
0.000693 919
0.000694 919
0.000695 918
0.000696 918
0.000697 918
0.000698 918
0.000699 917
0.0007 917
0.000701 917
0.000702 917
0.000703 918
0.000704 918
0.000705 918
0.000706 918
0.000707 918
0.000708 918
0.000709 919
0.00071 919
0.000711 919
0.000712 920
0.000713 920
0.000714 920
0.000715 920
0.000716 920
0.000717 920
0.000718 921
0.000719 921
0.00072 921
0.000721 921
0.000722 921
0.000723 921
0.000724 921
0.000725 921
0.000726 920
0.000727 920
0.000728 920
0.000729 920
0.00073 920
0.000731 920
0.000732 920
0.000733 920
0.000734 919
0.000735 920
0.000736 921
0.000737 921
0.000738 921
0.000739 921
0.00074 922
0.000741 922
0.000742 922
0.000743 921
0.000744 921
0.000745 921
0.000746 921
0.000747 921
0.000748 920
0.000749 920
0.00075 920
0.000751 920
0.000752 920
0.000753 920
0.000754 920
0.000755 920
0.000756 920
0.000757 920
0.000758 920
0.000759 920
0.00076 920
0.000761 920
0.000762 920
0.000763 920
0.000764 920
0.000765 920
0.000766 920
0.000767 920
0.000768 920
0.000769 920
0.00077 920
0.000771 920
0.000772 920
0.000773 920
0.000774 920
0.000775 920
0.000776 920
0.000777 920
0.000778 919
0.000779 919
0.00078 919
0.000781 919
0.000782 919
0.000783 919
0.000784 919
0.000785 919
0.000786 919
0.000787 919
0.000788 919
0.000789 919
0.00079 919
0.000791 920
0.000792 920
0.000793 920
0.000794 920
0.000795 920
0.000796 920
0.000797 920
0.000798 921
0.000799 921
0.0008 921
0.000801 921
0.000802 921
0.000803 921
0.000804 921
0.000805 921
0.000806 920
0.000807 920
0.000808 920
0.000809 920
0.00081 920
0.000811 920
0.000812 920
0.000813 920
0.000814 920
0.000815 920
0.000816 920
0.000817 920
0.000818 920
0.000819 920
0.00082 920
0.000821 920
0.000822 920
0.000823 920
0.000824 920
0.000825 920
0.000826 919
0.000827 919
0.000828 919
0.000829 919
0.00083 920
0.000831 921
0.000832 921
0.000833 921
0.000834 921
0.000835 921
0.000836 921
0.000837 921
0.000838 921
0.000839 921
0.00084 921
0.000841 921
0.000842 921
0.000843 921
0.000844 921
0.000845 921
0.000846 921
0.000847 921
0.000848 921
0.000849 921
0.00085 921
0.000851 921
0.000852 921
0.000853 921
0.000854 921
0.000855 921
0.000856 922
0.000857 922
0.000858 921
0.000859 921
0.00086 921
0.000861 922
0.000862 922
0.000863 922
0.000864 923
0.000865 923
0.000866 923
0.000867 923
0.000868 923
0.000869 923
0.00087 923
0.000871 923
0.000872 923
0.000873 922
0.000874 922
0.000875 922
0.000876 922
0.000877 922
0.000878 922
0.000879 922
0.00088 922
0.000881 922
0.000882 922
0.000883 922
0.000884 922
0.000885 922
0.000886 922
0.000887 922
0.000888 922
0.000889 922
0.00089 922
0.000891 922
0.000892 922
0.000893 922
0.000894 923
0.000895 923
0.000896 923
0.000897 923
0.000898 923
0.000899 923
0.0009 923
0.000901 923
0.000902 923
0.000903 923
0.000904 923
0.000905 923
0.000906 923
0.000907 922
0.000908 922
0.000909 922
0.00091 922
0.000911 922
0.000912 922
0.000913 922
0.000914 921
0.000915 921
0.000916 921
0.000917 921
0.000918 923
0.000919 923
0.00092 924
0.000921 925
0.000922 925
0.000923 925
0.000924 925
0.000925 925
0.000926 924
0.000927 924
0.000928 924
0.000929 924
0.00093 924
0.000931 924
0.000932 924
0.000933 924
0.000934 924
0.000935 924
0.000936 924
0.000937 924
0.000938 924
0.000939 924
0.00094 924
0.000941 925
0.000942 925
0.000943 925
0.000944 925
0.000945 925
0.000946 925
0.000947 925
0.000948 925
0.000949 925
0.00095 926
0.000951 926
0.000952 926
0.000953 926
0.000954 926
0.000955 926
0.000956 926
0.000957 926
0.000958 926
0.000959 926
0.00096 926
0.000961 926
0.000962 925
0.000963 925
0.000964 925
0.000965 925
0.000966 925
0.000967 925
0.000968 925
0.000969 925
0.00097 925
0.000971 925
0.000972 924
0.000973 924
0.000974 924
0.000975 924
0.000976 924
0.000977 924
0.000978 924
0.000979 923
0.00098 923
0.000981 923
0.000982 923
0.000983 922
0.000984 922
0.000985 922
0.000986 922
0.000987 922
0.000988 922
0.000989 922
0.00099 922
0.000991 922
0.000992 922
0.000993 921
0.000994 921
0.000995 921
0.000996 921
0.000997 921
0.000998 922
0.000999 922
0.001 922
0.001001 921
0.001002 921
0.001003 921
0.001004 921
0.001005 921
0.001006 920
0.001007 920
0.001008 920
0.001009 920
0.00101 920
0.001011 920
0.001012 920
0.001013 920
0.001014 920
0.001015 920
0.001016 920
0.001017 920
0.001018 920
0.001019 920
0.00102 920
0.001021 920
0.001022 920
0.001023 921
0.001024 921
0.001025 921
0.001026 921
0.001027 922
0.001028 922
0.001029 922
0.00103 923
0.001031 923
0.001032 924
0.001033 924
0.001034 924
0.001035 924
0.001036 924
0.001037 924
0.001038 924
0.001039 923
0.00104 924
0.001041 924
0.001042 924
0.001043 924
0.001044 924
0.001045 924
0.001046 924
0.001047 924
0.001048 924
0.001049 924
0.00105 925
0.001051 925
0.001052 925
0.001053 925
0.001054 925
0.001055 924
0.001056 924
0.001057 924
0.001058 924
0.001059 923
0.00106 923
0.001061 923
0.001062 923
0.001063 922
0.001064 922
0.001065 922
0.001066 922
0.001067 922
0.001068 922
0.001069 922
0.00107 921
0.001071 921
0.001072 921
0.001073 921
0.001074 921
0.001075 921
0.001076 921
0.001077 921
0.001078 921
0.001079 921
0.00108 920
0.001081 920
0.001082 921
0.001083 921
0.001084 921
0.001085 922
0.001086 922
0.001087 922
0.001088 922
0.001089 922
0.00109 921
0.001091 921
0.001092 921
0.001093 921
0.001094 921
0.001095 921
0.001096 921
0.001097 921
0.001098 922
0.001099 922
0.0011 922
0.001101 922
0.001102 922
0.001103 922
0.001104 923
0.001105 922
0.001106 922
0.001107 922
0.001108 922
0.001109 922
0.00111 923
0.001111 924
0.001112 924
0.001113 924
0.001114 924
0.001115 924
0.001116 924
0.001117 924
0.001118 924
0.001119 924
0.00112 924
0.001121 924
0.001122 924
0.001123 924
0.001124 924
0.001125 924
0.001126 924
0.001127 924
0.001128 925
0.001129 925
0.00113 925
0.001131 925
0.001132 925
0.001133 925
0.001134 925
0.001135 925
0.001136 925
0.001137 925
0.001138 925
0.001139 925
0.00114 924
0.001141 924
0.001142 924
0.001143 925
0.001144 925
0.001145 925
0.001146 925
0.001147 925
0.001148 925
0.001149 925
0.00115 925
0.001151 925
0.001152 925
0.001153 925
0.001154 925
0.001155 925
0.001156 925
0.001157 924
0.001158 924
0.001159 924
0.00116 925
0.001161 925
0.001162 925
0.001163 925
0.001164 925
0.001165 925
0.001166 924
0.001167 924
0.001168 924
0.001169 924
0.00117 924
0.001171 925
0.001172 925
0.001173 925
0.001174 925
0.001175 925
0.001176 925
0.001177 925
0.001178 926
0.001179 926
0.00118 926
0.001181 925
0.001182 925
0.001183 925
0.001184 925
0.001185 925
0.001186 925
0.001187 925
0.001188 925
0.001189 925
0.00119 925
0.001191 925
0.001192 925
0.001193 925
0.001194 925
0.001195 925
0.001196 925
0.001197 925
0.001198 925
0.001199 925
0.0012 926
0.001201 926
0.001202 926
0.001203 926
0.001204 926
0.001205 926
0.001206 926
0.001207 926
0.001208 926
0.001209 926
0.00121 925
0.001211 925
0.001212 925
0.001213 925
0.001214 925
0.001215 925
0.001216 925
0.001217 925
0.001218 925
0.001219 925
0.00122 925
0.001221 925
0.001222 925
0.001223 925
0.001224 925
0.001225 925
0.001226 925
0.001227 925
0.001228 925
0.001229 925
0.00123 925
0.001231 925
0.001232 925
0.001233 925
0.001234 925
0.001235 926
0.001236 926
0.001237 927
0.001238 927
0.001239 927
0.00124 927
0.001241 927
0.001242 927
0.001243 926
0.001244 926
0.001245 926
0.001246 926
0.001247 926
0.001248 927
0.001249 927
0.00125 927
0.001251 927
0.001252 927
0.001253 926
0.001254 925
0.001255 926
0.001256 926
0.001257 926
0.001258 926
0.001259 926
0.00126 926
0.001261 926
0.001262 926
0.001263 926
0.001264 926
0.001265 926
0.001266 926
0.001267 926
0.001268 925
0.001269 925
0.00127 924
0.001271 924
0.001272 924
0.001273 924
0.001274 924
0.001275 924
0.001276 924
0.001277 924
0.001278 924
0.001279 924
0.00128 924
0.001281 923
0.001282 923
0.001283 923
0.001284 923
0.001285 922
0.001286 922
0.001287 922
0.001288 922
0.001289 922
0.00129 922
0.001291 922
0.001292 922
0.001293 922
0.001294 922
0.001295 922
0.001296 922
0.001297 922
0.001298 922
0.001299 922
0.0013 922
0.001301 922
0.001302 922
0.001303 922
0.001304 922
0.001305 922
0.001306 922
0.001307 922
0.001308 922
0.001309 922
0.00131 922
0.001311 923
0.001312 923
0.001313 923
0.001314 923
0.001315 923
0.001316 923
0.001317 923
0.001318 923
0.001319 923
0.00132 923
0.001321 923
0.001322 923
0.001323 923
0.001324 923
0.001325 923
0.001326 923
0.001327 923
0.001328 923
0.001329 924
0.00133 924
0.001331 924
0.001332 924
0.001333 924
0.001334 924
0.001335 924
0.001336 924
0.001337 924
0.001338 923
0.001339 923
0.00134 923
0.001341 923
0.001342 923
0.001343 923
0.001344 923
0.001345 923
0.001346 923
0.001347 923
0.001348 923
0.001349 923
0.00135 922
0.001351 922
0.001352 922
0.001353 922
0.001354 922
0.001355 922
0.001356 921
0.001357 921
0.001358 921
0.001359 921
0.00136 921
0.001361 921
0.001362 920
0.001363 920
0.001364 920
0.001365 920
0.001366 920
0.001367 920
0.001368 920
0.001369 920
0.00137 920
0.001371 921
0.001372 921
0.001373 921
0.001374 921
0.001375 921
0.001376 921
0.001377 921
0.001378 921
0.001379 921
0.00138 921
0.001381 921
0.001382 921
0.001383 921
0.001384 921
0.001385 921
0.001386 921
0.001387 921
0.001388 921
0.001389 921
0.00139 921
0.001391 921
0.001392 922
0.001393 922
0.001394 922
0.001395 922
0.001396 922
0.001397 921
0.001398 921
0.001399 922
0.0014 923
0.001401 922
0.001402 922
0.001403 922
0.001404 922
0.001405 922
0.001406 922
0.001407 922
0.001408 921
0.001409 921
0.00141 921
0.001411 921
0.001412 921
0.001413 921
0.001414 921
0.001415 922
0.001416 922
0.001417 922
0.001418 922
0.001419 922
0.00142 922
0.001421 922
0.001422 922
0.001423 922
0.001424 922
0.001425 922
0.001426 922
0.001427 921
0.001428 921
0.001429 921
0.00143 921
0.001431 921
0.001432 921
0.001433 921
0.001434 921
0.001435 921
0.001436 921
0.001437 921
0.001438 921
0.001439 921
0.00144 921
0.001441 921
0.001442 921
0.001443 921
0.001444 920
0.001445 920
0.001446 920
0.001447 921
0.001448 921
0.001449 921
0.00145 921
0.001451 921
0.001452 920
0.001453 920
0.001454 920
0.001455 920
0.001456 920
0.001457 920
0.001458 920
0.001459 920
0.00146 920
0.001461 920
0.001462 920
0.001463 919
0.001464 919
0.001465 919
0.001466 919
0.001467 919
0.001468 919
0.001469 919
0.00147 919
0.001471 919
0.001472 919
0.001473 919
0.001474 919
0.001475 918
0.001476 918
0.001477 918
0.001478 918
0.001479 918
0.00148 918
0.001481 918
0.001482 918
0.001483 918
0.001484 918
0.001485 918
0.001486 919
0.001487 919
0.001488 918
0.001489 918
0.00149 918
0.001491 918
0.001492 918
0.001493 918
0.001494 918
0.001495 918
0.001496 918
0.001497 918
0.001498 918
0.001499 918
0.0015 918
0.001501 918
0.001502 918
0.001503 917
0.001504 917
0.001505 917
0.001506 917
0.001507 916
0.001508 916
0.001509 916
0.00151 916
0.001511 916
0.001512 916
0.001513 916
0.001514 916
0.001515 916
0.001516 916
0.001517 916
0.001518 915
0.001519 915
0.00152 915
0.001521 915
0.001522 915
0.001523 915
0.001524 916
0.001525 916
0.001526 915
0.001527 915
0.001528 915
0.001529 915
0.00153 914
0.001531 914
0.001532 914
0.001533 914
0.001534 914
0.001535 914
0.001536 914
0.001537 914
0.001538 914
0.001539 914
0.00154 914
0.001541 913
0.001542 913
0.001543 913
0.001544 913
0.001545 913
0.001546 912
0.001547 912
0.001548 911
0.001549 911
0.00155 911
0.001551 911
0.001552 911
0.001553 912
0.001554 912
0.001555 912
0.001556 912
0.001557 911
0.001558 911
0.001559 911
0.00156 911
0.001561 911
0.001562 911
0.001563 911
0.001564 911
0.001565 911
0.001566 911
0.001567 910
0.001568 910
0.001569 910
0.00157 910
0.001571 910
0.001572 910
0.001573 910
0.001574 910
0.001575 910
0.001576 910
0.001577 910
0.001578 910
0.001579 910
0.00158 910
0.001581 910
0.001582 910
0.001583 910
0.001584 909
0.001585 909
0.001586 909
0.001587 909
0.001588 909
0.001589 909
0.00159 909
0.001591 909
0.001592 909
0.001593 909
0.001594 909
0.001595 909
0.001596 909
0.001597 909
0.001598 909
0.001599 909
0.0016 909
0.001601 909
0.001602 909
0.001603 909
0.001604 909
0.001605 909
0.001606 909
0.001607 908
0.001608 908
0.001609 908
0.00161 908
0.001611 909
0.001612 909
0.001613 909
0.001614 909
0.001615 909
0.001616 910
0.001617 910
0.001618 910
0.001619 910
0.00162 910
0.001621 910
0.001622 910
0.001623 910
0.001624 910
0.001625 910
0.001626 910
0.001627 910
0.001628 910
0.001629 909
0.00163 909
0.001631 909
0.001632 909
0.001633 908
0.001634 907
0.001635 907
0.001636 907
0.001637 907
0.001638 907
0.001639 907
0.00164 907
0.001641 907
0.001642 907
0.001643 907
0.001644 907
0.001645 907
0.001646 907
0.001647 908
0.001648 908
0.001649 908
0.00165 907
0.001651 907
0.001652 907
0.001653 906
0.001654 906
0.001655 905
0.001656 905
0.001657 905
0.001658 905
0.001659 905
0.00166 905
0.001661 905
0.001662 903
0.001663 903
0.001664 903
0.001665 903
0.001666 904
0.001667 904
0.001668 904
0.001669 904
0.00167 904
0.001671 904
0.001672 904
0.001673 904
0.001674 904
0.001675 904
0.001676 904
0.001677 904
0.001678 904
0.001679 904
0.00168 904
0.001681 904
0.001682 904
0.001683 904
0.001684 905
0.001685 905
0.001686 905
0.001687 905
0.001688 905
0.001689 905
0.00169 905
0.001691 905
0.001692 903
0.001693 903
0.001694 903
0.001695 903
0.001696 903
0.001697 903
0.001698 903
0.001699 903
0.0017 902
0.001701 902
0.001702 902
0.001703 902
0.001704 902
0.001705 902
0.001706 902
0.001707 902
0.001708 902
0.001709 902
0.00171 902
0.001711 902
0.001712 902
0.001713 902
0.001714 902
0.001715 902
0.001716 902
0.001717 903
0.001718 905
0.001719 905
0.00172 904
0.001721 904
0.001722 904
0.001723 904
0.001724 904
0.001725 904
0.001726 904
0.001727 904
0.001728 904
0.001729 904
0.00173 904
0.001731 905
0.001732 904
0.001733 904
0.001734 904
0.001735 904
0.001736 904
0.001737 904
0.001738 904
0.001739 904
0.00174 904
0.001741 904
0.001742 904
0.001743 904
0.001744 905
0.001745 905
0.001746 905
0.001747 905
0.001748 905
0.001749 905
0.00175 905
0.001751 905
0.001752 905
0.001753 905
0.001754 905
0.001755 905
0.001756 905
0.001757 904
0.001758 904
0.001759 904
0.00176 904
0.001761 904
0.001762 904
0.001763 904
0.001764 904
0.001765 904
0.001766 904
0.001767 904
0.001768 904
0.001769 904
0.00177 904
0.001771 904
0.001772 905
0.001773 905
0.001774 905
0.001775 905
0.001776 905
0.001777 905
0.001778 905
0.001779 905
0.00178 905
0.001781 905
0.001782 905
0.001783 905
0.001784 904
0.001785 904
0.001786 904
0.001787 904
0.001788 903
0.001789 903
0.00179 903
0.001791 903
0.001792 903
0.001793 903
0.001794 903
0.001795 903
0.001796 903
0.001797 903
0.001798 903
0.001799 903
0.0018 903
0.001801 903
0.001802 903
0.001803 903
0.001804 903
0.001805 903
0.001806 903
0.001807 903
0.001808 903
0.001809 904
0.00181 904
0.001811 904
0.001812 904
0.001813 904
0.001814 903
0.001815 903
0.001816 904
0.001817 904
0.001818 904
0.001819 904
0.00182 905
0.001821 905
0.001822 906
0.001823 906
0.001824 906
0.001825 906
0.001826 905
0.001827 905
0.001828 906
0.001829 906
0.00183 906
0.001831 906
0.001832 905
0.001833 905
0.001834 904
0.001835 904
0.001836 903
0.001837 903
0.001838 902
0.001839 902
0.00184 902
0.001841 902
0.001842 902
0.001843 902
0.001844 902
0.001845 902
0.001846 901
0.001847 901
0.001848 901
0.001849 901
0.00185 901
0.001851 901
0.001852 901
0.001853 901
0.001854 901
0.001855 901
0.001856 901
0.001857 901
0.001858 901
0.001859 901
0.00186 901
0.001861 901
0.001862 901
0.001863 900
0.001864 900
0.001865 900
0.001866 900
0.001867 901
0.001868 901
0.001869 901
0.00187 901
0.001871 901
0.001872 900
0.001873 900
0.001874 900
0.001875 900
0.001876 900
0.001877 900
0.001878 900
0.001879 900
0.00188 900
0.001881 900
0.001882 900
0.001883 900
0.001884 900
0.001885 900
0.001886 900
0.001887 900
0.001888 900
0.001889 899
0.00189 899
0.001891 900
0.001892 900
0.001893 900
0.001894 900
0.001895 900
0.001896 900
0.001897 900
0.001898 900
0.001899 900
0.0019 900
0.001901 900
0.001902 900
0.001903 900
0.001904 900
0.001905 901
0.001906 901
0.001907 901
0.001908 901
0.001909 902
0.00191 902
0.001911 902
0.001912 903
0.001913 903
0.001914 903
0.001915 903
0.001916 903
0.001917 903
0.001918 902
0.001919 901
0.00192 901
0.001921 901
0.001922 901
0.001923 900
0.001924 900
0.001925 900
0.001926 900
0.001927 900
0.001928 900
0.001929 900
0.00193 900
0.001931 900
0.001932 900
0.001933 900
0.001934 900
0.001935 900
0.001936 900
0.001937 900
0.001938 900
0.001939 900
0.00194 900
0.001941 900
0.001942 900
0.001943 900
0.001944 900
0.001945 900
0.001946 900
0.001947 900
0.001948 901
0.001949 901
0.00195 901
0.001951 901
0.001952 901
0.001953 902
0.001954 902
0.001955 902
0.001956 902
0.001957 902
0.001958 902
0.001959 902
0.00196 902
0.001961 902
0.001962 902
0.001963 902
0.001964 902
0.001965 902
0.001966 902
0.001967 901
0.001968 901
0.001969 901
0.00197 901
0.001971 901
0.001972 902
0.001973 902
0.001974 902
0.001975 902
0.001976 902
0.001977 903
0.001978 903
0.001979 904
0.00198 904
0.001981 903
0.001982 903
0.001983 902
0.001984 902
0.001985 902
0.001986 902
0.001987 902
0.001988 902
0.001989 902
0.00199 902
0.001991 902
0.001992 902
0.001993 902
0.001994 902
0.001995 902
0.001996 902
0.001997 902
0.001998 902
0.001999 902
0.002 902
0.002001 902
0.002002 902
0.002003 902
0.002004 902
0.002005 902
0.002006 902
0.002007 901
0.002008 901
0.002009 901
0.00201 901
0.002011 901
0.002012 901
0.002013 901
0.002014 900
0.002015 900
0.002016 900
0.002017 900
0.002018 900
0.002019 899
0.00202 899
0.002021 899
0.002022 899
0.002023 899
0.002024 899
0.002025 899
0.002026 900
0.002027 900
0.002028 900
0.002029 900
0.00203 900
0.002031 900
0.002032 900
0.002033 900
0.002034 900
0.002035 900
0.002036 900
0.002037 900
0.002038 900
0.002039 900
0.00204 900
0.002041 900
0.002042 900
0.002043 900
0.002044 900
0.002045 900
0.002046 900
0.002047 900
0.002048 900
0.002049 900
0.00205 900
0.002051 900
0.002052 900
0.002053 900
0.002054 900
0.002055 900
0.002056 900
0.002057 900
0.002058 900
0.002059 900
0.00206 900
0.002061 900
0.002062 900
0.002063 900
0.002064 900
0.002065 900
0.002066 900
0.002067 900
0.002068 900
0.002069 900
0.00207 900
0.002071 900
0.002072 900
0.002073 900
0.002074 900
0.002075 900
0.002076 900
0.002077 901
0.002078 901
0.002079 900
0.00208 900
0.002081 900
0.002082 900
0.002083 900
0.002084 900
0.002085 900
0.002086 900
0.002087 900
0.002088 900
0.002089 899
0.00209 899
0.002091 899
0.002092 899
0.002093 900
0.002094 900
0.002095 900
0.002096 900
0.002097 900
0.002098 900
0.002099 900
0.0021 900
0.002101 900
0.002102 900
0.002103 900
0.002104 900
0.002105 900
0.002106 900
0.002107 900
0.002108 900
0.002109 900
0.00211 900
0.002111 900
0.002112 900
0.002113 900
0.002114 900
0.002115 900
0.002116 900
0.002117 900
0.002118 900
0.002119 900
0.00212 901
0.002121 901
0.002122 901
0.002123 902
0.002124 902
0.002125 902
0.002126 902
0.002127 902
0.002128 902
0.002129 902
0.00213 902
0.002131 902
0.002132 901
0.002133 901
0.002134 901
0.002135 899
0.002136 899
0.002137 899
0.002138 899
0.002139 899
0.00214 899
0.002141 899
0.002142 899
0.002143 899
0.002144 899
0.002145 899
0.002146 901
0.002147 901
0.002148 901
0.002149 901
0.00215 901
0.002151 901
0.002152 901
0.002153 901
0.002154 901
0.002155 901
0.002156 901
0.002157 901
0.002158 903
0.002159 903
0.00216 903
0.002161 903
0.002162 903
0.002163 902
0.002164 902
0.002165 902
0.002166 902
0.002167 902
0.002168 902
0.002169 903
0.00217 903
0.002171 903
0.002172 903
0.002173 903
0.002174 903
0.002175 903
0.002176 903
0.002177 905
0.002178 905
0.002179 905
0.00218 905
0.002181 905
0.002182 905
0.002183 906
0.002184 906
0.002185 907
0.002186 906
0.002187 906
0.002188 906
0.002189 906
0.00219 906
0.002191 906
0.002192 906
0.002193 906
0.002194 906
0.002195 906
0.002196 906
0.002197 906
0.002198 906
0.002199 906
0.0022 906
0.002201 906
0.002202 905
0.002203 905
0.002204 905
0.002205 905
0.002206 905
0.002207 905
0.002208 905
0.002209 905
0.00221 905
0.002211 905
0.002212 905
0.002213 905
0.002214 905
0.002215 905
0.002216 905
0.002217 905
0.002218 905
0.002219 905
0.00222 905
0.002221 905
0.002222 905
0.002223 905
0.002224 905
0.002225 905
0.002226 905
0.002227 905
0.002228 905
0.002229 905
0.00223 905
0.002231 905
0.002232 906
0.002233 906
0.002234 906
0.002235 905
0.002236 905
0.002237 905
0.002238 905
0.002239 905
0.00224 906
0.002241 906
0.002242 906
0.002243 906
0.002244 906
0.002245 905
0.002246 905
0.002247 905
0.002248 905
0.002249 905
0.00225 905
0.002251 905
0.002252 905
0.002253 905
0.002254 905
0.002255 905
0.002256 905
0.002257 905
0.002258 905
0.002259 905
0.00226 905
0.002261 905
0.002262 905
0.002263 905
0.002264 905
0.002265 905
0.002266 905
0.002267 904
0.002268 904
0.002269 904
0.00227 904
0.002271 904
0.002272 904
0.002273 904
0.002274 904
0.002275 904
0.002276 904
0.002277 904
0.002278 904
0.002279 904
0.00228 905
0.002281 905
0.002282 906
0.002283 906
0.002284 906
0.002285 906
0.002286 906
0.002287 906
0.002288 906
0.002289 906
0.00229 906
0.002291 905
0.002292 905
0.002293 906
0.002294 906
0.002295 906
0.002296 906
0.002297 906
0.002298 906
0.002299 906
0.0023 906
0.002301 906
0.002302 906
0.002303 906
0.002304 906
0.002305 906
0.002306 906
0.002307 906
0.002308 906
0.002309 906
0.00231 906
0.002311 906
0.002312 906
0.002313 906
0.002314 906
0.002315 905
0.002316 905
0.002317 906
0.002318 906
0.002319 906
0.00232 907
0.002321 907
0.002322 907
0.002323 907
0.002324 907
0.002325 906
0.002326 906
0.002327 906
0.002328 906
0.002329 906
0.00233 906
0.002331 906
0.002332 906
0.002333 906
0.002334 905
0.002335 905
0.002336 905
0.002337 905
0.002338 905
0.002339 905
0.00234 905
0.002341 905
0.002342 905
0.002343 905
0.002344 903
0.002345 903
0.002346 903
0.002347 903
0.002348 903
0.002349 903
0.00235 903
0.002351 903
0.002352 903
0.002353 903
0.002354 903
0.002355 903
0.002356 903
0.002357 903
0.002358 903
0.002359 902
0.00236 902
0.002361 901
0.002362 901
0.002363 901
0.002364 901
0.002365 901
0.002366 901
0.002367 901
0.002368 901
0.002369 901
0.00237 901
0.002371 901
0.002372 901
0.002373 901
0.002374 901
0.002375 901
0.002376 901
0.002377 901
0.002378 901
0.002379 901
0.00238 901
0.002381 901
0.002382 901
0.002383 901
0.002384 901
0.002385 902
0.002386 902
0.002387 902
0.002388 902
0.002389 902
0.00239 902
0.002391 901
0.002392 901
0.002393 901
0.002394 901
0.002395 900
0.002396 899
0.002397 899
0.002398 899
0.002399 899
0.0024 899
0.002401 899
0.002402 900
0.002403 900
0.002404 900
0.002405 901
0.002406 901
0.002407 901
0.002408 901
0.002409 901
0.00241 901
0.002411 901
0.002412 901
0.002413 901
0.002414 902
0.002415 902
0.002416 902
0.002417 902
0.002418 902
0.002419 902
0.00242 903
0.002421 903
0.002422 903
0.002423 903
0.002424 903
0.002425 903
0.002426 903
0.002427 903
0.002428 904
0.002429 904
0.00243 904
0.002431 904
0.002432 903
0.002433 903
0.002434 904
0.002435 903
0.002436 903
0.002437 903
0.002438 904
0.002439 904
0.00244 904
0.002441 904
0.002442 904
0.002443 904
0.002444 904
0.002445 904
0.002446 904
0.002447 904
0.002448 905
0.002449 905
0.00245 905
0.002451 904
0.002452 904
0.002453 905
0.002454 905
0.002455 905
0.002456 905
0.002457 905
0.002458 904
0.002459 904
0.00246 904
0.002461 904
0.002462 904
0.002463 904
0.002464 904
0.002465 904
0.002466 904
0.002467 904
0.002468 903
0.002469 903
0.00247 903
0.002471 903
0.002472 903
0.002473 903
0.002474 903
0.002475 903
0.002476 903
0.002477 903
0.002478 903
0.002479 904
0.00248 904
0.002481 904
0.002482 903
0.002483 903
0.002484 903
0.002485 903
0.002486 903
0.002487 902
0.002488 902
0.002489 902
0.00249 902
0.002491 902
0.002492 902
0.002493 902
0.002494 902
0.002495 902
0.002496 902
0.002497 902
0.002498 902
0.002499 902
0.0025 902
0.002501 900
0.002502 900
0.002503 900
0.002504 900
0.002505 900
0.002506 901
0.002507 901
0.002508 901
0.002509 900
0.00251 900
0.002511 900
0.002512 900
0.002513 900
0.002514 902
0.002515 902
0.002516 902
0.002517 901
0.002518 901
0.002519 901
0.00252 901
0.002521 901
0.002522 902
0.002523 902
0.002524 902
0.002525 902
0.002526 902
0.002527 902
0.002528 902
0.002529 902
0.00253 903
0.002531 903
0.002532 904
0.002533 903
0.002534 903
0.002535 903
0.002536 903
0.002537 903
0.002538 903
0.002539 903
0.00254 903
0.002541 902
0.002542 902
0.002543 902
0.002544 902
0.002545 902
0.002546 902
0.002547 902
0.002548 902
0.002549 902
0.00255 902
0.002551 902
0.002552 902
0.002553 902
0.002554 903
0.002555 903
0.002556 903
0.002557 903
0.002558 903
0.002559 902
0.00256 901
0.002561 901
0.002562 901
0.002563 901
0.002564 901
0.002565 901
0.002566 901
0.002567 901
0.002568 901
0.002569 901
0.00257 901
0.002571 901
0.002572 901
0.002573 901
0.002574 901
0.002575 900
0.002576 900
0.002577 900
0.002578 900
0.002579 900
0.00258 900
0.002581 900
0.002582 901
0.002583 901
0.002584 902
0.002585 902
0.002586 902
0.002587 902
0.002588 902
0.002589 902
0.00259 904
0.002591 904
0.002592 904
0.002593 904
0.002594 904
0.002595 904
0.002596 904
0.002597 904
0.002598 904
0.002599 905
0.0026 905
0.002601 905
0.002602 905
0.002603 904
0.002604 904
0.002605 904
0.002606 904
0.002607 904
0.002608 904
0.002609 904
0.00261 904
0.002611 905
0.002612 904
0.002613 904
0.002614 903
0.002615 903
0.002616 903
0.002617 903
0.002618 903
0.002619 904
0.00262 904
0.002621 904
0.002622 904
0.002623 905
0.002624 905
0.002625 906
0.002626 906
0.002627 906
0.002628 906
0.002629 906
0.00263 906
0.002631 906
0.002632 907
0.002633 907
0.002634 907
0.002635 907
0.002636 907
0.002637 907
0.002638 908
0.002639 908
0.00264 908
0.002641 908
0.002642 908
0.002643 908
0.002644 908
0.002645 907
0.002646 907
0.002647 907
0.002648 907
0.002649 907
0.00265 906
0.002651 906
0.002652 906
0.002653 906
0.002654 906
0.002655 906
0.002656 906
0.002657 906
0.002658 906
0.002659 907
0.00266 907
0.002661 906
0.002662 906
0.002663 906
0.002664 906
0.002665 907
0.002666 907
0.002667 907
0.002668 907
0.002669 907
0.00267 907
0.002671 907
0.002672 907
0.002673 908
0.002674 908
0.002675 908
0.002676 909
0.002677 909
0.002678 909
0.002679 909
0.00268 909
0.002681 909
0.002682 909
0.002683 909
0.002684 909
0.002685 909
0.002686 909
0.002687 909
0.002688 909
0.002689 909
0.00269 909
0.002691 909
0.002692 909
0.002693 909
0.002694 910
0.002695 910
0.002696 910
0.002697 909
0.002698 909
0.002699 908
0.0027 909
0.002701 909
0.002702 909
0.002703 909
0.002704 909
0.002705 909
0.002706 909
0.002707 908
0.002708 908
0.002709 908
0.00271 908
0.002711 907
0.002712 907
0.002713 907
0.002714 907
0.002715 907
0.002716 907
0.002717 907
0.002718 907
0.002719 907
0.00272 907
0.002721 907
0.002722 907
0.002723 907
0.002724 907
0.002725 907
0.002726 907
0.002727 907
0.002728 908
0.002729 908
0.00273 908
0.002731 908
0.002732 908
0.002733 908
0.002734 908
0.002735 908
0.002736 908
0.002737 908
0.002738 908
0.002739 908
0.00274 908
0.002741 908
0.002742 908
0.002743 908
0.002744 908
0.002745 909
0.002746 909
0.002747 908
0.002748 908
0.002749 908
0.00275 908
0.002751 908
0.002752 908
0.002753 907
0.002754 907
0.002755 907
0.002756 907
0.002757 908
0.002758 908
0.002759 908
0.00276 908
0.002761 908
0.002762 909
0.002763 909
0.002764 909
0.002765 909
0.002766 909
0.002767 909
0.002768 909
0.002769 909
0.00277 909
0.002771 909
0.002772 909
0.002773 909
0.002774 909
0.002775 909
0.002776 909
0.002777 909
0.002778 909
0.002779 909
0.00278 909
0.002781 910
0.002782 910
0.002783 910
0.002784 910
0.002785 910
0.002786 909
0.002787 909
0.002788 908
0.002789 908
0.00279 908
0.002791 908
0.002792 908
0.002793 908
0.002794 908
0.002795 908
0.002796 908
0.002797 908
0.002798 908
0.002799 908
0.0028 908
0.002801 908
0.002802 908
0.002803 908
0.002804 908
0.002805 908
0.002806 908
0.002807 908
0.002808 908
0.002809 908
0.00281 908
0.002811 908
0.002812 908
0.002813 908
0.002814 908
0.002815 908
0.002816 908
0.002817 908
0.002818 908
0.002819 908
0.00282 908
0.002821 908
0.002822 908
0.002823 909
0.002824 909
0.002825 909
0.002826 910
0.002827 910
0.002828 910
0.002829 910
0.00283 910
0.002831 910
0.002832 910
0.002833 910
0.002834 910
0.002835 910
0.002836 910
0.002837 910
0.002838 910
0.002839 910
0.00284 910
0.002841 910
0.002842 910
0.002843 910
0.002844 910
0.002845 911
0.002846 911
0.002847 911
0.002848 910
0.002849 909
0.00285 909
0.002851 909
0.002852 909
0.002853 909
0.002854 909
0.002855 909
0.002856 909
0.002857 909
0.002858 909
0.002859 909
0.00286 909
0.002861 909
0.002862 909
0.002863 909
0.002864 910
0.002865 910
0.002866 910
0.002867 910
0.002868 910
0.002869 911
0.00287 911
0.002871 911
0.002872 911
0.002873 911
0.002874 911
0.002875 911
0.002876 911
0.002877 911
0.002878 911
0.002879 912
0.00288 912
0.002881 912
0.002882 912
0.002883 912
0.002884 912
0.002885 912
0.002886 912
0.002887 912
0.002888 913
0.002889 913
0.00289 913
0.002891 913
0.002892 914
0.002893 914
0.002894 915
0.002895 915
0.002896 915
0.002897 915
0.002898 915
0.002899 915
0.0029 916
0.002901 916
0.002902 915
0.002903 915
0.002904 915
0.002905 915
0.002906 915
0.002907 915
0.002908 915
0.002909 915
0.00291 916
0.002911 916
0.002912 916
0.002913 916
0.002914 916
0.002915 916
0.002916 916
0.002917 916
0.002918 916
0.002919 916
0.00292 916
0.002921 916
0.002922 916
0.002923 916
0.002924 916
0.002925 916
0.002926 916
0.002927 917
0.002928 917
0.002929 916
0.00293 916
0.002931 916
0.002932 916
0.002933 916
0.002934 916
0.002935 916
0.002936 916
0.002937 916
0.002938 916
0.002939 916
0.00294 916
0.002941 916
0.002942 916
0.002943 916
0.002944 916
0.002945 916
0.002946 916
0.002947 916
0.002948 916
0.002949 916
0.00295 916
0.002951 916
0.002952 916
0.002953 916
0.002954 916
0.002955 916
0.002956 915
0.002957 916
0.002958 916
0.002959 916
0.00296 916
0.002961 916
0.002962 916
0.002963 916
0.002964 916
0.002965 916
0.002966 917
0.002967 917
0.002968 917
0.002969 917
0.00297 917
0.002971 918
0.002972 918
0.002973 918
0.002974 918
0.002975 918
0.002976 918
0.002977 918
0.002978 918
0.002979 917
0.00298 916
0.002981 916
0.002982 917
0.002983 917
0.002984 917
0.002985 917
0.002986 917
0.002987 917
0.002988 917
0.002989 917
0.00299 917
0.002991 917
0.002992 917
0.002993 917
0.002994 917
0.002995 917
0.002996 917
0.002997 917
0.002998 917
0.002999 917
0.003 917
0.003001 917
0.003002 917
0.003003 917
0.003004 917
0.003005 917
0.003006 917
0.003007 917
0.003008 917
0.003009 917
0.00301 917
0.003011 917
0.003012 918
0.003013 918
0.003014 918
0.003015 918
0.003016 918
0.003017 918
0.003018 918
0.003019 918
0.00302 918
0.003021 918
0.003022 918
0.003023 917
0.003024 917
0.003025 917
0.003026 917
0.003027 917
0.003028 917
0.003029 917
0.00303 917
0.003031 917
0.003032 917
0.003033 917
0.003034 916
0.003035 916
0.003036 916
0.003037 916
0.003038 916
0.003039 916
0.00304 916
0.003041 916
0.003042 916
0.003043 916
0.003044 917
0.003045 918
0.003046 918
0.003047 918
0.003048 918
0.003049 918
0.00305 918
0.003051 919
0.003052 919
0.003053 919
0.003054 919
0.003055 919
0.003056 918
0.003057 918
0.003058 918
0.003059 918
0.00306 918
0.003061 918
0.003062 918
0.003063 918
0.003064 918
0.003065 918
0.003066 918
0.003067 919
0.003068 919
0.003069 919
0.00307 919
0.003071 919
0.003072 919
0.003073 919
0.003074 919
0.003075 919
0.003076 919
0.003077 918
0.003078 918
0.003079 918
0.00308 918
0.003081 918
0.003082 917
0.003083 917
0.003084 917
0.003085 917
0.003086 917
0.003087 917
0.003088 917
0.003089 917
0.00309 917
0.003091 917
0.003092 917
0.003093 917
0.003094 917
0.003095 917
0.003096 917
0.003097 917
0.003098 917
0.003099 917
0.0031 916
0.003101 916
0.003102 915
0.003103 915
0.003104 915
0.003105 915
0.003106 915
0.003107 915
0.003108 915
0.003109 915
0.00311 915
0.003111 915
0.003112 915
0.003113 915
0.003114 915
0.003115 915
0.003116 915
0.003117 915
0.003118 915
0.003119 914
0.00312 914
0.003121 914
0.003122 914
0.003123 914
0.003124 914
0.003125 914
0.003126 914
0.003127 914
0.003128 913
0.003129 913
0.00313 914
0.003131 914
0.003132 914
0.003133 914
0.003134 914
0.003135 914
0.003136 914
0.003137 914
0.003138 914
0.003139 914
0.00314 914
0.003141 915
0.003142 915
0.003143 915
0.003144 915
0.003145 915
0.003146 915
0.003147 915
0.003148 915
0.003149 915
0.00315 915
0.003151 915
0.003152 915
0.003153 915
0.003154 915
0.003155 915
0.003156 915
0.003157 915
0.003158 914
0.003159 914
0.00316 914
0.003161 914
0.003162 914
0.003163 914
0.003164 914
0.003165 914
0.003166 914
0.003167 914
0.003168 914
0.003169 915
0.00317 915
0.003171 915
0.003172 915
0.003173 915
0.003174 915
0.003175 915
0.003176 915
0.003177 915
0.003178 915
0.003179 915
0.00318 913
0.003181 913
0.003182 913
0.003183 913
0.003184 913
0.003185 913
0.003186 913
0.003187 913
0.003188 913
0.003189 913
0.00319 913
0.003191 912
0.003192 912
0.003193 912
0.003194 913
0.003195 912
0.003196 912
0.003197 912
0.003198 912
0.003199 911
0.0032 911
0.003201 911
0.003202 911
0.003203 911
0.003204 910
0.003205 910
0.003206 910
0.003207 910
0.003208 910
0.003209 910
0.00321 910
0.003211 910
0.003212 911
0.003213 911
0.003214 911
0.003215 910
0.003216 910
0.003217 911
0.003218 911
0.003219 911
0.00322 910
0.003221 910
0.003222 910
0.003223 910
0.003224 909
0.003225 909
0.003226 909
0.003227 909
0.003228 909
0.003229 909
0.00323 910
0.003231 910
0.003232 910
0.003233 910
0.003234 910
0.003235 910
0.003236 910
0.003237 910
0.003238 909
0.003239 909
0.00324 909
0.003241 909
0.003242 909
0.003243 909
0.003244 908
0.003245 908
0.003246 908
0.003247 908
0.003248 908
0.003249 908
0.00325 907
0.003251 907
0.003252 907
0.003253 907
0.003254 908
0.003255 908
0.003256 908
0.003257 908
0.003258 908
0.003259 908
0.00326 908
0.003261 908
0.003262 908
0.003263 908
0.003264 908
0.003265 908
0.003266 907
0.003267 907
0.003268 907
0.003269 907
0.00327 907
0.003271 907
0.003272 907
0.003273 907
0.003274 907
0.003275 907
0.003276 907
0.003277 907
0.003278 907
0.003279 907
0.00328 907
0.003281 907
0.003282 907
0.003283 908
0.003284 908
0.003285 908
0.003286 908
0.003287 908
0.003288 908
0.003289 908
0.00329 908
0.003291 908
0.003292 908
0.003293 908
0.003294 908
0.003295 908
0.003296 908
0.003297 907
0.003298 907
0.003299 907
0.0033 905
0.003301 905
0.003302 905
0.003303 905
0.003304 905
0.003305 905
0.003306 905
0.003307 905
0.003308 905
0.003309 904
0.00331 904
0.003311 904
0.003312 904
0.003313 903
0.003314 903
0.003315 903
0.003316 903
0.003317 904
0.003318 903
0.003319 903
0.00332 903
0.003321 903
0.003322 903
0.003323 903
0.003324 903
0.003325 903
0.003326 903
0.003327 903
0.003328 903
0.003329 903
0.00333 903
0.003331 905
0.003332 905
0.003333 905
0.003334 905
0.003335 905
0.003336 905
0.003337 905
0.003338 904
0.003339 904
0.00334 904
0.003341 904
0.003342 904
0.003343 903
0.003344 903
0.003345 903
0.003346 903
0.003347 902
0.003348 902
0.003349 903
0.00335 903
0.003351 902
0.003352 902
0.003353 902
0.003354 902
0.003355 901
0.003356 901
0.003357 902
0.003358 902
0.003359 902
0.00336 902
0.003361 902
0.003362 902
0.003363 902
0.003364 902
0.003365 902
0.003366 903
0.003367 903
0.003368 903
0.003369 903
0.00337 903
0.003371 903
0.003372 903
0.003373 903
0.003374 903
0.003375 903
0.003376 903
0.003377 903
0.003378 903
0.003379 903
0.00338 903
0.003381 903
0.003382 903
0.003383 904
0.003384 904
0.003385 904
0.003386 904
0.003387 904
0.003388 904
0.003389 904
0.00339 904
0.003391 902
0.003392 902
0.003393 901
0.003394 901
0.003395 901
0.003396 900
0.003397 900
0.003398 900
0.003399 900
0.0034 900
0.003401 900
0.003402 900
0.003403 900
0.003404 900
0.003405 900
0.003406 900
0.003407 900
0.003408 899
0.003409 899
0.00341 899
0.003411 899
0.003412 899
0.003413 899
0.003414 899
0.003415 899
0.003416 900
0.003417 900
0.003418 900
0.003419 901
0.00342 901
0.003421 901
0.003422 901
0.003423 900
0.003424 900
0.003425 900
0.003426 900
0.003427 900
0.003428 900
0.003429 900
0.00343 900
0.003431 900
0.003432 900
0.003433 899
0.003434 898
0.003435 898
0.003436 898
0.003437 898
0.003438 898
0.003439 898
0.00344 898
0.003441 898
0.003442 898
0.003443 898
0.003444 898
0.003445 898
0.003446 898
0.003447 898
0.003448 900
0.003449 900
0.00345 900
0.003451 899
0.003452 899
0.003453 899
0.003454 899
0.003455 899
0.003456 899
0.003457 899
0.003458 899
0.003459 899
0.00346 899
0.003461 899
0.003462 899
0.003463 899
0.003464 899
0.003465 899
0.003466 899
0.003467 899
0.003468 899
0.003469 899
0.00347 899
0.003471 899
0.003472 899
0.003473 899
0.003474 899
0.003475 899
0.003476 899
0.003477 900
0.003478 900
0.003479 900
0.00348 900
0.003481 901
0.003482 901
0.003483 901
0.003484 901
0.003485 901
0.003486 901
0.003487 901
0.003488 901
0.003489 901
0.00349 901
0.003491 902
0.003492 902
0.003493 902
0.003494 902
0.003495 902
0.003496 902
0.003497 902
0.003498 902
0.003499 902
0.0035 902
0.003501 902
0.003502 902
0.003503 902
0.003504 902
0.003505 901
0.003506 901
0.003507 901
0.003508 901
0.003509 900
0.00351 900
0.003511 900
0.003512 900
0.003513 900
0.003514 900
0.003515 900
0.003516 900
0.003517 900
0.003518 900
0.003519 900
0.00352 900
0.003521 900
0.003522 900
0.003523 900
0.003524 900
0.003525 900
0.003526 900
0.003527 900
0.003528 901
0.003529 901
0.00353 901
0.003531 901
0.003532 901
0.003533 901
0.003534 901
0.003535 901
0.003536 901
0.003537 901
0.003538 901
0.003539 901
0.00354 901
0.003541 901
0.003542 901
0.003543 901
0.003544 903
0.003545 903
0.003546 903
0.003547 903
0.003548 903
0.003549 903
0.00355 904
0.003551 903
0.003552 903
0.003553 903
0.003554 903
0.003555 903
0.003556 903
0.003557 903
0.003558 903
0.003559 903
0.00356 903
0.003561 904
0.003562 904
0.003563 905
0.003564 905
0.003565 905
0.003566 906
0.003567 907
0.003568 907
0.003569 907
0.00357 907
0.003571 907
0.003572 908
0.003573 908
0.003574 908
0.003575 908
0.003576 908
0.003577 908
0.003578 909
0.003579 909
0.00358 908
0.003581 908
0.003582 908
0.003583 908
0.003584 907
0.003585 907
0.003586 907
0.003587 907
0.003588 907
0.003589 907
0.00359 908
0.003591 908
0.003592 908
0.003593 908
0.003594 908
0.003595 908
0.003596 908
0.003597 909
0.003598 909
0.003599 909
0.0036 909
0.003601 909
0.003602 909
0.003603 909
0.003604 909
0.003605 909
0.003606 909
0.003607 909
0.003608 909
0.003609 909
0.00361 909
0.003611 909
0.003612 909
0.003613 909
0.003614 909
0.003615 908
0.003616 908
0.003617 908
0.003618 908
0.003619 908
0.00362 908
0.003621 908
0.003622 908
0.003623 907
0.003624 907
0.003625 907
0.003626 907
0.003627 907
0.003628 907
0.003629 907
0.00363 907
0.003631 907
0.003632 907
0.003633 907
0.003634 907
0.003635 907
0.003636 907
0.003637 907
0.003638 907
0.003639 907
0.00364 907
0.003641 907
0.003642 906
0.003643 906
0.003644 906
0.003645 906
0.003646 906
0.003647 906
0.003648 905
0.003649 907
0.00365 907
0.003651 907
0.003652 907
0.003653 907
0.003654 907
0.003655 907
0.003656 907
0.003657 907
0.003658 907
0.003659 907
0.00366 907
0.003661 907
0.003662 907
0.003663 907
0.003664 907
0.003665 907
0.003666 907
0.003667 907
0.003668 907
0.003669 907
0.00367 907
0.003671 907
0.003672 907
0.003673 907
0.003674 907
0.003675 907
0.003676 907
0.003677 907
0.003678 907
0.003679 907
0.00368 907
0.003681 907
0.003682 907
0.003683 907
0.003684 907
0.003685 907
0.003686 907
0.003687 907
0.003688 907
0.003689 908
0.00369 908
0.003691 908
0.003692 908
0.003693 908
0.003694 908
0.003695 908
0.003696 908
0.003697 908
0.003698 908
0.003699 908
0.0037 908
0.003701 908
0.003702 908
0.003703 908
0.003704 908
0.003705 908
0.003706 908
0.003707 908
0.003708 908
0.003709 908
0.00371 909
0.003711 909
0.003712 909
0.003713 910
0.003714 910
0.003715 909
0.003716 909
0.003717 909
0.003718 909
0.003719 909
0.00372 909
0.003721 909
0.003722 909
0.003723 909
0.003724 909
0.003725 909
0.003726 908
0.003727 908
0.003728 908
0.003729 908
0.00373 908
0.003731 907
0.003732 907
0.003733 908
0.003734 908
0.003735 907
0.003736 907
0.003737 906
0.003738 906
0.003739 907
0.00374 908
0.003741 908
0.003742 908
0.003743 907
0.003744 907
0.003745 907
0.003746 908
0.003747 908
0.003748 908
0.003749 908
0.00375 908
0.003751 907
0.003752 906
0.003753 906
0.003754 906
0.003755 906
0.003756 906
0.003757 906
0.003758 906
0.003759 906
0.00376 907
0.003761 907
0.003762 907
0.003763 906
0.003764 906
0.003765 906
0.003766 906
0.003767 907
0.003768 907
0.003769 907
0.00377 907
0.003771 907
0.003772 907
0.003773 907
0.003774 906
0.003775 906
0.003776 906
0.003777 906
0.003778 906
0.003779 906
0.00378 907
0.003781 907
0.003782 907
0.003783 906
0.003784 906
0.003785 906
0.003786 906
0.003787 906
0.003788 906
0.003789 906
0.00379 906
0.003791 906
0.003792 905
0.003793 905
0.003794 905
0.003795 905
0.003796 905
0.003797 906
0.003798 906
0.003799 906
0.0038 907
0.003801 907
0.003802 907
0.003803 907
0.003804 907
0.003805 907
0.003806 907
0.003807 907
0.003808 907
0.003809 907
0.00381 907
0.003811 907
0.003812 907
0.003813 909
0.003814 908
0.003815 908
0.003816 908
0.003817 908
0.003818 908
0.003819 908
0.00382 908
0.003821 908
0.003822 907
0.003823 907
0.003824 906
0.003825 907
0.003826 907
0.003827 907
0.003828 907
0.003829 907
0.00383 907
0.003831 907
0.003832 907
0.003833 907
0.003834 908
0.003835 908
0.003836 909
0.003837 909
0.003838 909
0.003839 909
0.00384 909
0.003841 909
0.003842 910
0.003843 910
0.003844 910
0.003845 910
0.003846 910
0.003847 910
0.003848 909
0.003849 909
0.00385 909
0.003851 909
0.003852 909
0.003853 909
0.003854 910
0.003855 910
0.003856 910
0.003857 911
0.003858 911
0.003859 911
0.00386 911
0.003861 911
0.003862 911
0.003863 911
0.003864 911
0.003865 911
0.003866 910
0.003867 910
0.003868 910
0.003869 910
0.00387 910
0.003871 910
0.003872 910
0.003873 910
0.003874 911
0.003875 910
0.003876 910
0.003877 910
0.003878 910
0.003879 910
0.00388 910
0.003881 910
0.003882 910
0.003883 910
0.003884 910
0.003885 910
0.003886 910
0.003887 910
0.003888 910
0.003889 910
0.00389 910
0.003891 910
0.003892 910
0.003893 911
0.003894 911
0.003895 911
0.003896 911
0.003897 911
0.003898 911
0.003899 911
0.0039 911
0.003901 912
0.003902 912
0.003903 912
0.003904 912
0.003905 912
0.003906 912
0.003907 913
0.003908 913
0.003909 913
0.00391 913
0.003911 913
0.003912 913
0.003913 912
0.003914 912
0.003915 912
0.003916 912
0.003917 912
0.003918 912
0.003919 912
0.00392 912
0.003921 912
0.003922 912
0.003923 912
0.003924 912
0.003925 912
0.003926 912
0.003927 911
0.003928 911
0.003929 911
0.00393 911
0.003931 912
0.003932 912
0.003933 912
0.003934 912
0.003935 913
0.003936 914
0.003937 914
0.003938 914
0.003939 914
0.00394 914
0.003941 915
0.003942 915
0.003943 915
0.003944 915
0.003945 916
0.003946 917
0.003947 917
0.003948 917
0.003949 917
0.00395 917
0.003951 917
0.003952 917
0.003953 917
0.003954 916
0.003955 916
0.003956 916
0.003957 917
0.003958 916
0.003959 916
0.00396 916
0.003961 916
0.003962 916
0.003963 916
0.003964 915
0.003965 915
0.003966 915
0.003967 915
0.003968 915
0.003969 915
0.00397 916
0.003971 916
0.003972 916
0.003973 916
0.003974 916
0.003975 916
0.003976 916
0.003977 916
0.003978 916
0.003979 916
0.00398 916
0.003981 916
0.003982 916
0.003983 916
0.003984 916
0.003985 916
0.003986 916
0.003987 916
0.003988 916
0.003989 916
0.00399 916
0.003991 916
0.003992 916
0.003993 916
0.003994 916
0.003995 916
0.003996 915
0.003997 915
0.003998 915
0.003999 915
0.004 915
0.004001 914
0.004002 914
0.004003 914
0.004004 914
0.004005 914
0.004006 914
0.004007 914
0.004008 915
0.004009 914
0.00401 914
0.004011 914
0.004012 914
0.004013 914
0.004014 914
0.004015 914
0.004016 914
0.004017 914
0.004018 914
0.004019 914
0.00402 914
0.004021 914
0.004022 914
0.004023 913
0.004024 913
0.004025 913
0.004026 913
0.004027 913
0.004028 913
0.004029 913
0.00403 913
0.004031 913
0.004032 913
0.004033 913
0.004034 913
0.004035 913
0.004036 913
0.004037 913
0.004038 912
0.004039 912
0.00404 912
0.004041 912
0.004042 912
0.004043 912
0.004044 912
0.004045 912
0.004046 912
0.004047 912
0.004048 912
0.004049 912
0.00405 912
0.004051 912
0.004052 912
0.004053 912
0.004054 912
0.004055 912
0.004056 912
0.004057 912
0.004058 913
0.004059 913
0.00406 912
0.004061 912
0.004062 912
0.004063 912
0.004064 911
0.004065 911
0.004066 910
0.004067 910
0.004068 910
0.004069 911
0.00407 911
0.004071 911
0.004072 911
0.004073 911
0.004074 911
0.004075 911
0.004076 911
0.004077 911
0.004078 911
0.004079 911
0.00408 911
0.004081 911
0.004082 912
0.004083 913
0.004084 913
0.004085 913
0.004086 913
0.004087 913
0.004088 913
0.004089 913
0.00409 913
0.004091 913
0.004092 913
0.004093 913
0.004094 913
0.004095 913
0.004096 913
0.004097 913
0.004098 913
0.004099 913
0.0041 913
0.004101 913
0.004102 913
0.004103 913
0.004104 914
0.004105 914
0.004106 913
0.004107 913
0.004108 913
0.004109 912
0.00411 912
0.004111 912
0.004112 913
0.004113 913
0.004114 913
0.004115 913
0.004116 913
0.004117 913
0.004118 913
0.004119 913
0.00412 913
0.004121 913
0.004122 913
0.004123 913
0.004124 913
0.004125 914
0.004126 914
0.004127 914
0.004128 914
0.004129 914
0.00413 911
0.004131 911
0.004132 911
0.004133 911
0.004134 911
0.004135 911
0.004136 911
0.004137 911
0.004138 911
0.004139 911
0.00414 912
0.004141 912
0.004142 912
0.004143 911
0.004144 911
0.004145 911
0.004146 911
0.004147 911
0.004148 911
0.004149 911
0.00415 911
0.004151 911
0.004152 911
0.004153 911
0.004154 911
0.004155 911
0.004156 911
0.004157 911
0.004158 911
0.004159 911
0.00416 910
0.004161 909
0.004162 909
0.004163 908
0.004164 908
0.004165 908
0.004166 908
0.004167 908
0.004168 908
0.004169 908
0.00417 909
0.004171 909
0.004172 909
0.004173 909
0.004174 908
0.004175 908
0.004176 908
0.004177 908
0.004178 908
0.004179 908
0.00418 908
0.004181 907
0.004182 907
0.004183 907
0.004184 907
0.004185 907
0.004186 907
0.004187 907
0.004188 907
0.004189 907
0.00419 908
0.004191 908
0.004192 908
0.004193 908
0.004194 908
0.004195 908
0.004196 909
0.004197 908
0.004198 908
0.004199 908
0.0042 908
0.004201 908
0.004202 907
0.004203 907
0.004204 907
0.004205 907
0.004206 907
0.004207 907
0.004208 907
0.004209 907
0.00421 907
0.004211 907
0.004212 907
0.004213 907
0.004214 907
0.004215 908
0.004216 909
0.004217 909
0.004218 909
0.004219 909
0.00422 909
0.004221 909
0.004222 908
0.004223 908
0.004224 908
0.004225 908
0.004226 908
0.004227 908
0.004228 908
0.004229 908
0.00423 909
0.004231 909
0.004232 909
0.004233 909
0.004234 909
0.004235 909
0.004236 909
0.004237 909
0.004238 909
0.004239 909
0.00424 909
0.004241 909
0.004242 910
0.004243 910
0.004244 910
0.004245 909
0.004246 909
0.004247 909
0.004248 909
0.004249 909
0.00425 909
0.004251 909
0.004252 909
0.004253 909
0.004254 909
0.004255 909
0.004256 909
0.004257 909
0.004258 909
0.004259 909
0.00426 910
0.004261 910
0.004262 910
0.004263 910
0.004264 910
0.004265 910
0.004266 909
0.004267 909
0.004268 909
0.004269 909
0.00427 909
0.004271 909
0.004272 909
0.004273 909
0.004274 909
0.004275 909
0.004276 909
0.004277 909
0.004278 909
0.004279 909
0.00428 908
0.004281 909
0.004282 909
0.004283 908
0.004284 908
0.004285 908
0.004286 908
0.004287 908
0.004288 908
0.004289 908
0.00429 908
0.004291 908
0.004292 908
0.004293 908
0.004294 908
0.004295 908
0.004296 908
0.004297 908
0.004298 908
0.004299 908
0.0043 908
0.004301 908
0.004302 908
0.004303 908
0.004304 908
0.004305 908
0.004306 908
0.004307 908
0.004308 908
0.004309 908
0.00431 908
0.004311 908
0.004312 908
0.004313 908
0.004314 908
0.004315 908
0.004316 908
0.004317 908
0.004318 908
0.004319 908
0.00432 908
0.004321 908
0.004322 908
0.004323 908
0.004324 908
0.004325 907
0.004326 907
0.004327 907
0.004328 906
0.004329 906
0.00433 906
0.004331 906
0.004332 906
0.004333 906
0.004334 906
0.004335 906
0.004336 907
0.004337 906
0.004338 906
0.004339 906
0.00434 906
0.004341 906
0.004342 905
0.004343 905
0.004344 905
0.004345 905
0.004346 904
0.004347 904
0.004348 904
0.004349 904
0.00435 904
0.004351 904
0.004352 904
0.004353 904
0.004354 904
0.004355 904
0.004356 904
0.004357 904
0.004358 904
0.004359 904
0.00436 903
0.004361 903
0.004362 903
0.004363 903
0.004364 903
0.004365 903
0.004366 903
0.004367 902
0.004368 902
0.004369 903
0.00437 902
0.004371 902
0.004372 902
0.004373 902
0.004374 902
0.004375 902
0.004376 902
0.004377 902
0.004378 903
0.004379 903
0.00438 903
0.004381 903
0.004382 903
0.004383 903
0.004384 903
0.004385 903
0.004386 903
0.004387 903
0.004388 903
0.004389 903
0.00439 904
0.004391 904
0.004392 904
0.004393 904
0.004394 904
0.004395 904
0.004396 903
0.004397 903
0.004398 903
0.004399 903
0.0044 903
0.004401 903
0.004402 903
0.004403 903
0.004404 903
0.004405 903
0.004406 903
0.004407 903
0.004408 903
0.004409 903
0.00441 902
0.004411 902
0.004412 902
0.004413 902
0.004414 902
0.004415 902
0.004416 902
0.004417 902
0.004418 902
0.004419 902
0.00442 902
0.004421 902
0.004422 902
0.004423 902
0.004424 902
0.004425 902
0.004426 902
0.004427 902
0.004428 902
0.004429 902
0.00443 902
0.004431 902
0.004432 902
0.004433 902
0.004434 902
0.004435 902
0.004436 902
0.004437 902
0.004438 902
0.004439 903
0.00444 904
0.004441 904
0.004442 904
0.004443 903
0.004444 903
0.004445 903
0.004446 903
0.004447 903
0.004448 903
0.004449 903
0.00445 903
0.004451 903
0.004452 903
0.004453 903
0.004454 903
0.004455 902
0.004456 902
0.004457 902
0.004458 901
0.004459 901
0.00446 901
0.004461 901
0.004462 901
0.004463 901
0.004464 900
0.004465 900
0.004466 900
0.004467 900
0.004468 900
0.004469 901
0.00447 901
0.004471 900
0.004472 900
0.004473 900
0.004474 900
0.004475 900
0.004476 900
0.004477 900
0.004478 900
0.004479 900
0.00448 900
0.004481 900
0.004482 900
0.004483 900
0.004484 900
0.004485 900
0.004486 900
0.004487 901
0.004488 902
0.004489 902
0.00449 902
0.004491 902
0.004492 902
0.004493 902
0.004494 902
0.004495 902
0.004496 902
0.004497 902
0.004498 902
0.004499 902
0.0045 902
0.004501 902
0.004502 902
0.004503 902
0.004504 902
0.004505 902
0.004506 902
0.004507 902
0.004508 902
0.004509 902
0.00451 902
0.004511 902
0.004512 902
0.004513 903
0.004514 903
0.004515 903
0.004516 904
0.004517 904
0.004518 904
0.004519 904
0.00452 904
0.004521 903
0.004522 903
0.004523 903
0.004524 903
0.004525 904
0.004526 904
0.004527 904
0.004528 903
0.004529 903
0.00453 903
0.004531 904
0.004532 904
0.004533 904
0.004534 904
0.004535 904
0.004536 904
0.004537 904
0.004538 904
0.004539 904
0.00454 904
0.004541 904
0.004542 904
0.004543 904
0.004544 904
0.004545 904
0.004546 904
0.004547 904
0.004548 905
0.004549 905
0.00455 905
0.004551 905
0.004552 905
0.004553 905
0.004554 906
0.004555 906
0.004556 906
0.004557 906
0.004558 906
0.004559 906
0.00456 906
0.004561 906
0.004562 905
0.004563 905
0.004564 906
0.004565 906
0.004566 906
0.004567 906
0.004568 906
0.004569 906
0.00457 906
0.004571 906
0.004572 905
0.004573 906
0.004574 906
0.004575 906
0.004576 906
0.004577 906
0.004578 906
0.004579 906
0.00458 906
0.004581 906
0.004582 907
0.004583 907
0.004584 907
0.004585 907
0.004586 907
0.004587 907
0.004588 907
0.004589 907
0.00459 907
0.004591 907
0.004592 907
0.004593 907
0.004594 907
0.004595 907
0.004596 907
0.004597 907
0.004598 907
0.004599 906
0.0046 906
0.004601 906
0.004602 906
0.004603 906
0.004604 905
0.004605 905
0.004606 905
0.004607 904
0.004608 904
0.004609 905
0.00461 905
0.004611 905
0.004612 905
0.004613 905
0.004614 905
0.004615 905
0.004616 905
0.004617 905
0.004618 905
0.004619 905
0.00462 905
0.004621 905
0.004622 905
0.004623 905
0.004624 905
0.004625 904
0.004626 903
0.004627 903
0.004628 903
0.004629 903
0.00463 903
0.004631 903
0.004632 903
0.004633 903
0.004634 903
0.004635 903
0.004636 903
0.004637 903
0.004638 903
0.004639 903
0.00464 903
0.004641 903
0.004642 902
0.004643 903
0.004644 903
0.004645 902
0.004646 902
0.004647 902
0.004648 902
0.004649 902
0.00465 902
0.004651 902
0.004652 902
0.004653 902
0.004654 902
0.004655 902
0.004656 902
0.004657 901
0.004658 901
0.004659 901
0.00466 901
0.004661 901
0.004662 901
0.004663 901
0.004664 901
0.004665 901
0.004666 901
0.004667 901
0.004668 901
0.004669 901
0.00467 901
0.004671 901
0.004672 901
0.004673 901
0.004674 901
0.004675 901
0.004676 901
0.004677 901
0.004678 901
0.004679 902
0.00468 902
0.004681 902
0.004682 902
0.004683 902
0.004684 902
0.004685 902
0.004686 903
0.004687 903
0.004688 903
0.004689 903
0.00469 903
0.004691 903
0.004692 903
0.004693 903
0.004694 903
0.004695 903
0.004696 903
0.004697 903
0.004698 903
0.004699 903
0.0047 903
0.004701 903
0.004702 903
0.004703 903
0.004704 903
0.004705 903
0.004706 903
0.004707 903
0.004708 904
0.004709 904
0.00471 904
0.004711 904
0.004712 904
0.004713 904
0.004714 904
0.004715 904
0.004716 904
0.004717 904
0.004718 904
0.004719 904
0.00472 904
0.004721 904
0.004722 904
0.004723 904
0.004724 904
0.004725 904
0.004726 904
0.004727 904
0.004728 904
0.004729 904
0.00473 904
0.004731 903
0.004732 903
0.004733 903
0.004734 903
0.004735 903
0.004736 903
0.004737 902
0.004738 902
0.004739 902
0.00474 902
0.004741 902
0.004742 902
0.004743 902
0.004744 902
0.004745 902
0.004746 902
0.004747 902
0.004748 903
0.004749 903
0.00475 903
0.004751 903
0.004752 903
0.004753 903
0.004754 903
0.004755 903
0.004756 903
0.004757 903
0.004758 903
0.004759 903
0.00476 903
0.004761 903
0.004762 903
0.004763 903
0.004764 903
0.004765 903
0.004766 903
0.004767 903
0.004768 903
0.004769 903
0.00477 903
0.004771 903
0.004772 902
0.004773 902
0.004774 902
0.004775 903
0.004776 903
0.004777 903
0.004778 903
0.004779 903
0.00478 903
0.004781 903
0.004782 903
0.004783 903
0.004784 903
0.004785 903
0.004786 903
0.004787 903
0.004788 903
0.004789 903
0.00479 903
0.004791 904
0.004792 904
0.004793 904
0.004794 904
0.004795 904
0.004796 904
0.004797 904
0.004798 904
0.004799 904
0.0048 903
0.004801 903
0.004802 903
0.004803 903
0.004804 903
0.004805 903
0.004806 903
0.004807 903
0.004808 903
0.004809 903
0.00481 903
0.004811 903
0.004812 903
0.004813 904
0.004814 905
0.004815 905
0.004816 905
0.004817 905
0.004818 905
0.004819 905
0.00482 905
0.004821 906
0.004822 906
0.004823 906
0.004824 906
0.004825 906
0.004826 906
0.004827 906
0.004828 906
0.004829 906
0.00483 906
0.004831 906
0.004832 906
0.004833 906
0.004834 906
0.004835 906
0.004836 906
0.004837 906
0.004838 906
0.004839 906
0.00484 906
0.004841 906
0.004842 906
0.004843 906
0.004844 906
0.004845 906
0.004846 906
0.004847 906
0.004848 906
0.004849 906
0.00485 906
0.004851 906
0.004852 907
0.004853 909
0.004854 909
0.004855 909
0.004856 909
0.004857 909
0.004858 909
0.004859 909
0.00486 909
0.004861 909
0.004862 909
0.004863 909
0.004864 910
0.004865 910
0.004866 910
0.004867 909
0.004868 909
0.004869 909
0.00487 909
0.004871 909
0.004872 909
0.004873 909
0.004874 909
0.004875 909
0.004876 909
0.004877 910
0.004878 911
0.004879 911
0.00488 911
0.004881 911
0.004882 911
0.004883 911
0.004884 911
0.004885 911
0.004886 911
0.004887 911
0.004888 911
0.004889 911
0.00489 910
0.004891 910
0.004892 910
0.004893 910
0.004894 910
0.004895 910
0.004896 910
0.004897 910
0.004898 910
0.004899 910
0.0049 910
0.004901 910
0.004902 911
0.004903 911
0.004904 911
0.004905 911
0.004906 911
0.004907 911
0.004908 911
0.004909 911
0.00491 911
0.004911 911
0.004912 912
0.004913 912
0.004914 911
0.004915 911
0.004916 911
0.004917 911
0.004918 911
0.004919 911
0.00492 911
0.004921 910
0.004922 910
0.004923 910
0.004924 910
0.004925 911
0.004926 911
0.004927 911
0.004928 911
0.004929 911
0.00493 911
0.004931 912
0.004932 912
0.004933 912
0.004934 912
0.004935 912
0.004936 911
0.004937 911
0.004938 911
0.004939 911
0.00494 911
0.004941 911
0.004942 911
0.004943 911
0.004944 911
0.004945 911
0.004946 912
0.004947 912
0.004948 911
0.004949 911
0.00495 909
0.004951 909
0.004952 909
0.004953 909
0.004954 909
0.004955 909
0.004956 910
0.004957 910
0.004958 910
0.004959 910
0.00496 909
0.004961 909
0.004962 909
0.004963 910
0.004964 910
0.004965 910
0.004966 910
0.004967 910
0.004968 910
0.004969 910
0.00497 910
0.004971 910
0.004972 910
0.004973 910
0.004974 909
0.004975 909
0.004976 909
0.004977 909
0.004978 909
0.004979 909
0.00498 909
0.004981 909
0.004982 909
0.004983 909
0.004984 909
0.004985 909
0.004986 908
0.004987 908
0.004988 908
0.004989 908
0.00499 909
0.004991 909
0.004992 909
0.004993 909
0.004994 909
0.004995 909
0.004996 909
0.004997 910
0.004998 910
0.004999 910
0.005 910
