0 3306
1e-06 3315
2e-06 3326
3e-06 3336
4e-06 3347
5e-06 3350
6e-06 3358
7e-06 3363
8e-06 3373
9e-06 3384
1e-05 3389
1.1e-05 3390
1.2e-05 3403
1.3e-05 3407
1.4e-05 3415
1.5e-05 3426
1.6e-05 3430
1.7e-05 3436
1.8e-05 3442
1.9e-05 3448
2e-05 3463
2.1e-05 3471
2.2e-05 3483
2.3e-05 3490
2.4e-05 3495
2.5e-05 3503
2.6e-05 3514
2.7e-05 3523
2.8e-05 3532
2.9e-05 3531
3e-05 3541
3.1e-05 3546
3.2e-05 3558
3.3e-05 3559
3.4e-05 3566
3.5e-05 3574
3.6e-05 3580
3.7e-05 3583
3.8e-05 3584
3.9e-05 3592
4e-05 3598
4.1e-05 3604
4.2e-05 3611
4.3e-05 3622
4.4e-05 3630
4.5e-05 3633
4.6e-05 3641
4.7e-05 3648
4.8e-05 3650
4.9e-05 3655
5e-05 3661
5.1e-05 3670
5.2e-05 3674
5.3e-05 3676
5.4e-05 3677
5.5e-05 3678
5.6e-05 3678
5.7e-05 3677
5.8e-05 3685
5.9e-05 3691
6e-05 3696
6.1e-05 3697
6.2e-05 3699
6.3e-05 3701
6.4e-05 3707
6.5e-05 3713
6.6e-05 3717
6.7e-05 3721
6.8e-05 3726
6.9e-05 3725
7e-05 3729
7.1e-05 3734
7.2e-05 3735
7.3e-05 3741
7.4e-05 3749
7.5e-05 3750
7.6e-05 3755
7.7e-05 3759
7.8e-05 3772
7.9e-05 3779
8e-05 3782
8.1e-05 3784
8.2e-05 3783
8.3e-05 3788
8.4e-05 3786
8.5e-05 3787
8.6e-05 3789
8.7e-05 3795
8.8e-05 3798
8.9e-05 3798
9e-05 3810
9.1e-05 3819
9.2e-05 3819
9.3e-05 3819
9.4e-05 3828
9.5e-05 3833
9.6e-05 3837
9.7e-05 3845
9.8e-05 3850
9.9e-05 3848
0.0001 3856
0.000101 3857
0.000102 3863
0.000103 3867
0.000104 3871
0.000105 3871
0.000106 3876
0.000107 3882
0.000108 3887
0.000109 3882
0.00011 3884
0.000111 3885
0.000112 3888
0.000113 3890
0.000114 3894
0.000115 3896
0.000116 3901
0.000117 3903
0.000118 3906
0.000119 3906
0.00012 3910
0.000121 3912
0.000122 3918
0.000123 3919
0.000124 3926
0.000125 3925
0.000126 3929
0.000127 3930
0.000128 3934
0.000129 3936
0.00013 3940
0.000131 3938
0.000132 3936
0.000133 3940
0.000134 3948
0.000135 3948
0.000136 3952
0.000137 3953
0.000138 3953
0.000139 3954
0.00014 3960
0.000141 3963
0.000142 3962
0.000143 3965
0.000144 3966
0.000145 3975
0.000146 3977
0.000147 3978
0.000148 3979
0.000149 3983
0.00015 3987
0.000151 3993
0.000152 3994
0.000153 3999
0.000154 4001
0.000155 4001
0.000156 4003
0.000157 4006
0.000158 4009
0.000159 4012
0.00016 4015
0.000161 4020
0.000162 4022
0.000163 4027
0.000164 4027
0.000165 4026
0.000166 4029
0.000167 4030
0.000168 4029
0.000169 4027
0.00017 4029
0.000171 4037
0.000172 4035
0.000173 4040
0.000174 4049
0.000175 4049
0.000176 4054
0.000177 4057
0.000178 4061
0.000179 4060
0.00018 4067
0.000181 4066
0.000182 4067
0.000183 4070
0.000184 4072
0.000185 4078
0.000186 4081
0.000187 4084
0.000188 4086
0.000189 4087
0.00019 4088
0.000191 4088
0.000192 4090
0.000193 4094
0.000194 4097
0.000195 4099
0.000196 4096
0.000197 4100
0.000198 4101
0.000199 4102
0.0002 4105
0.000201 4109
0.000202 4110
0.000203 4110
0.000204 4113
0.000205 4111
0.000206 4111
0.000207 4111
0.000208 4116
0.000209 4118
0.00021 4117
0.000211 4117
0.000212 4118
0.000213 4119
0.000214 4121
0.000215 4124
0.000216 4127
0.000217 4128
0.000218 4128
0.000219 4131
0.00022 4133
0.000221 4137
0.000222 4136
0.000223 4134
0.000224 4135
0.000225 4138
0.000226 4139
0.000227 4141
0.000228 4143
0.000229 4142
0.00023 4147
0.000231 4147
0.000232 4145
0.000233 4148
0.000234 4148
0.000235 4151
0.000236 4154
0.000237 4154
0.000238 4154
0.000239 4156
0.00024 4154
0.000241 4155
0.000242 4154
0.000243 4157
0.000244 4158
0.000245 4159
0.000246 4159
0.000247 4163
0.000248 4167
0.000249 4166
0.00025 4167
0.000251 4167
0.000252 4166
0.000253 4169
0.000254 4170
0.000255 4170
0.000256 4173
0.000257 4174
0.000258 4174
0.000259 4174
0.00026 4172
0.000261 4170
0.000262 4170
0.000263 4170
0.000264 4170
0.000265 4170
0.000266 4170
0.000267 4168
0.000268 4168
0.000269 4168
0.00027 4169
0.000271 4169
0.000272 4167
0.000273 4170
0.000274 4172
0.000275 4173
0.000276 4175
0.000277 4174
0.000278 4174
0.000279 4175
0.00028 4174
0.000281 4177
0.000282 4178
0.000283 4179
0.000284 4179
0.000285 4179
0.000286 4177
0.000287 4177
0.000288 4177
0.000289 4178
0.00029 4178
0.000291 4179
0.000292 4180
0.000293 4182
0.000294 4182
0.000295 4179
0.000296 4179
0.000297 4180
0.000298 4183
0.000299 4186
0.0003 4186
0.000301 4184
0.000302 4183
0.000303 4183
0.000304 4182
0.000305 4185
0.000306 4188
0.000307 4189
0.000308 4190
0.000309 4193
0.00031 4191
0.000311 4191
0.000312 4193
0.000313 4196
0.000314 4198
0.000315 4200
0.000316 4200
0.000317 4200
0.000318 4200
0.000319 4201
0.00032 4201
0.000321 4203
0.000322 4204
0.000323 4204
0.000324 4205
0.000325 4205
0.000326 4203
0.000327 4204
0.000328 4204
0.000329 4205
0.00033 4207
0.000331 4208
0.000332 4209
0.000333 4212
0.000334 4213
0.000335 4213
0.000336 4214
0.000337 4215
0.000338 4215
0.000339 4216
0.00034 4217
0.000341 4216
0.000342 4217
0.000343 4216
0.000344 4217
0.000345 4218
0.000346 4217
0.000347 4218
0.000348 4219
0.000349 4219
0.00035 4217
0.000351 4219
0.000352 4223
0.000353 4223
0.000354 4223
0.000355 4225
0.000356 4224
0.000357 4222
0.000358 4224
0.000359 4224
0.00036 4225
0.000361 4227
0.000362 4227
0.000363 4228
0.000364 4229
0.000365 4229
0.000366 4231
0.000367 4231
0.000368 4231
0.000369 4234
0.00037 4232
0.000371 4234
0.000372 4237
0.000373 4239
0.000374 4239
0.000375 4240
0.000376 4239
0.000377 4236
0.000378 4236
0.000379 4239
0.00038 4238
0.000381 4239
0.000382 4237
0.000383 4237
0.000384 4237
0.000385 4239
0.000386 4240
0.000387 4241
0.000388 4243
0.000389 4246
0.00039 4246
0.000391 4247
0.000392 4246
0.000393 4249
0.000394 4249
0.000395 4248
0.000396 4251
0.000397 4251
0.000398 4251
0.000399 4250
0.0004 4251
0.000401 4252
0.000402 4253
0.000403 4253
0.000404 4255
0.000405 4255
0.000406 4255
0.000407 4255
0.000408 4256
0.000409 4256
0.00041 4260
0.000411 4261
0.000412 4260
0.000413 4262
0.000414 4262
0.000415 4263
0.000416 4263
0.000417 4265
0.000418 4265
0.000419 4267
0.00042 4267
0.000421 4265
0.000422 4267
0.000423 4265
0.000424 4264
0.000425 4263
0.000426 4264
0.000427 4266
0.000428 4267
0.000429 4267
0.00043 4267
0.000431 4268
0.000432 4268
0.000433 4267
0.000434 4266
0.000435 4265
0.000436 4266
0.000437 4267
0.000438 4267
0.000439 4267
0.00044 4267
0.000441 4269
0.000442 4269
0.000443 4270
0.000444 4270
0.000445 4271
0.000446 4271
0.000447 4270
0.000448 4270
0.000449 4271
0.00045 4270
0.000451 4272
0.000452 4272
0.000453 4273
0.000454 4274
0.000455 4274
0.000456 4274
0.000457 4274
0.000458 4275
0.000459 4275
0.00046 4276
0.000461 4276
0.000462 4276
0.000463 4275
0.000464 4275
0.000465 4275
0.000466 4272
0.000467 4271
0.000468 4269
0.000469 4270
0.00047 4270
0.000471 4269
0.000472 4270
0.000473 4271
0.000474 4271
0.000475 4274
0.000476 4276
0.000477 4276
0.000478 4278
0.000479 4277
0.00048 4277
0.000481 4279
0.000482 4280
0.000483 4280
0.000484 4280
0.000485 4283
0.000486 4284
0.000487 4283
0.000488 4282
0.000489 4281
0.00049 4280
0.000491 4281
0.000492 4280
0.000493 4281
0.000494 4281
0.000495 4283
0.000496 4281
0.000497 4281
0.000498 4280
0.000499 4280
0.0005 4280
0.000501 4278
0.000502 4279
0.000503 4281
0.000504 4280
0.000505 4278
0.000506 4279
0.000507 4278
0.000508 4279
0.000509 4278
0.00051 4278
0.000511 4277
0.000512 4277
0.000513 4277
0.000514 4277
0.000515 4277
0.000516 4276
0.000517 4276
0.000518 4277
0.000519 4278
0.00052 4279
0.000521 4278
0.000522 4279
0.000523 4280
0.000524 4279
0.000525 4280
0.000526 4280
0.000527 4280
0.000528 4278
0.000529 4278
0.00053 4280
0.000531 4280
0.000532 4281
0.000533 4281
0.000534 4280
0.000535 4280
0.000536 4279
0.000537 4278
0.000538 4277
0.000539 4278
0.00054 4278
0.000541 4277
0.000542 4278
0.000543 4278
0.000544 4276
0.000545 4277
0.000546 4277
0.000547 4276
0.000548 4277
0.000549 4276
0.00055 4276
0.000551 4277
0.000552 4277
0.000553 4277
0.000554 4277
0.000555 4276
0.000556 4276
0.000557 4276
0.000558 4277
0.000559 4276
0.00056 4277
0.000561 4277
0.000562 4280
0.000563 4280
0.000564 4279
0.000565 4278
0.000566 4278
0.000567 4278
0.000568 4278
0.000569 4278
0.00057 4278
0.000571 4281
0.000572 4283
0.000573 4283
0.000574 4284
0.000575 4286
0.000576 4286
0.000577 4286
0.000578 4286
0.000579 4285
0.00058 4284
0.000581 4283
0.000582 4283
0.000583 4281
0.000584 4280
0.000585 4279
0.000586 4281
0.000587 4281
0.000588 4284
0.000589 4285
0.00059 4286
0.000591 4286
0.000592 4286
0.000593 4286
0.000594 4286
0.000595 4286
0.000596 4287
0.000597 4286
0.000598 4289
0.000599 4288
0.0006 4286
0.000601 4286
0.000602 4286
0.000603 4287
0.000604 4288
0.000605 4288
0.000606 4289
0.000607 4289
0.000608 4289
0.000609 4290
0.00061 4291
0.000611 4290
0.000612 4290
0.000613 4290
0.000614 4290
0.000615 4290
0.000616 4290
0.000617 4291
0.000618 4291
0.000619 4292
0.00062 4292
0.000621 4291
0.000622 4292
0.000623 4292
0.000624 4293
0.000625 4294
0.000626 4294
0.000627 4294
0.000628 4294
0.000629 4294
0.00063 4294
0.000631 4295
0.000632 4294
0.000633 4296
0.000634 4296
0.000635 4296
0.000636 4295
0.000637 4296
0.000638 4296
0.000639 4297
0.00064 4296
0.000641 4296
0.000642 4296
0.000643 4294
0.000644 4294
0.000645 4293
0.000646 4293
0.000647 4292
0.000648 4293
0.000649 4293
0.00065 4292
0.000651 4292
0.000652 4292
0.000653 4293
0.000654 4293
0.000655 4291
0.000656 4291
0.000657 4293
0.000658 4292
0.000659 4292
0.00066 4292
0.000661 4291
0.000662 4290
0.000663 4290
0.000664 4290
0.000665 4289
0.000666 4289
0.000667 4290
0.000668 4290
0.000669 4290
0.00067 4289
0.000671 4289
0.000672 4289
0.000673 4289
0.000674 4289
0.000675 4291
0.000676 4292
0.000677 4293
0.000678 4294
0.000679 4294
0.00068 4294
0.000681 4294
0.000682 4294
0.000683 4294
0.000684 4294
0.000685 4294
0.000686 4294
0.000687 4295
0.000688 4295
0.000689 4296
0.00069 4296
0.000691 4298
0.000692 4298
0.000693 4298
0.000694 4297
0.000695 4298
0.000696 4298
0.000697 4298
0.000698 4299
0.000699 4299
0.0007 4299
0.000701 4299
0.000702 4299
0.000703 4300
0.000704 4300
0.000705 4299
0.000706 4299
0.000707 4299
0.000708 4297
0.000709 4296
0.00071 4299
0.000711 4299
0.000712 4299
0.000713 4299
0.000714 4299
0.000715 4298
0.000716 4300
0.000717 4302
0.000718 4303
0.000719 4303
0.00072 4302
0.000721 4301
0.000722 4301
0.000723 4302
0.000724 4302
0.000725 4302
0.000726 4304
0.000727 4304
0.000728 4304
0.000729 4306
0.00073 4306
0.000731 4305
0.000732 4305
0.000733 4306
0.000734 4306
0.000735 4307
0.000736 4307
0.000737 4306
0.000738 4306
0.000739 4306
0.00074 4307
0.000741 4307
0.000742 4307
0.000743 4305
0.000744 4306
0.000745 4307
0.000746 4307
0.000747 4307
0.000748 4309
0.000749 4311
0.00075 4312
0.000751 4313
0.000752 4314
0.000753 4314
0.000754 4315
0.000755 4314
0.000756 4314
0.000757 4314
0.000758 4314
0.000759 4313
0.00076 4313
0.000761 4313
0.000762 4313
0.000763 4313
0.000764 4312
0.000765 4312
0.000766 4313
0.000767 4312
0.000768 4312
0.000769 4312
0.00077 4311
0.000771 4311
0.000772 4312
0.000773 4312
0.000774 4313
0.000775 4313
0.000776 4312
0.000777 4312
0.000778 4313
0.000779 4313
0.00078 4313
0.000781 4313
0.000782 4311
0.000783 4312
0.000784 4312
0.000785 4311
0.000786 4312
0.000787 4312
0.000788 4312
0.000789 4313
0.00079 4312
0.000791 4314
0.000792 4313
0.000793 4313
0.000794 4313
0.000795 4313
0.000796 4313
0.000797 4313
0.000798 4313
0.000799 4313
0.0008 4313
0.000801 4313
0.000802 4313
0.000803 4313
0.000804 4313
0.000805 4314
0.000806 4315
0.000807 4315
0.000808 4315
0.000809 4315
0.00081 4315
0.000811 4314
0.000812 4313
0.000813 4313
0.000814 4313
0.000815 4314
0.000816 4314
0.000817 4314
0.000818 4314
0.000819 4313
0.00082 4313
0.000821 4313
0.000822 4312
0.000823 4312
0.000824 4312
0.000825 4312
0.000826 4313
0.000827 4312
0.000828 4312
0.000829 4311
0.00083 4310
0.000831 4310
0.000832 4310
0.000833 4310
0.000834 4310
0.000835 4310
0.000836 4310
0.000837 4311
0.000838 4311
0.000839 4312
0.00084 4312
0.000841 4312
0.000842 4312
0.000843 4311
0.000844 4311
0.000845 4311
0.000846 4311
0.000847 4310
0.000848 4310
0.000849 4310
0.00085 4310
0.000851 4310
0.000852 4311
0.000853 4311
0.000854 4311
0.000855 4311
0.000856 4311
0.000857 4311
0.000858 4311
0.000859 4311
0.00086 4311
0.000861 4310
0.000862 4310
0.000863 4310
0.000864 4310
0.000865 4309
0.000866 4309
0.000867 4309
0.000868 4308
0.000869 4308
0.00087 4308
0.000871 4308
0.000872 4308
0.000873 4310
0.000874 4312
0.000875 4312
0.000876 4312
0.000877 4313
0.000878 4312
0.000879 4312
0.00088 4312
0.000881 4311
0.000882 4311
0.000883 4311
0.000884 4311
0.000885 4312
0.000886 4313
0.000887 4314
0.000888 4314
0.000889 4314
0.00089 4314
0.000891 4314
0.000892 4314
0.000893 4314
0.000894 4312
0.000895 4312
0.000896 4313
0.000897 4312
0.000898 4312
0.000899 4312
0.0009 4313
0.000901 4313
0.000902 4313
0.000903 4312
0.000904 4312
0.000905 4312
0.000906 4311
0.000907 4311
0.000908 4313
0.000909 4313
0.00091 4313
0.000911 4314
0.000912 4314
0.000913 4315
0.000914 4315
0.000915 4315
0.000916 4316
0.000917 4316
0.000918 4316
0.000919 4316
0.00092 4316
0.000921 4317
0.000922 4317
0.000923 4316
0.000924 4316
0.000925 4315
0.000926 4315
0.000927 4316
0.000928 4316
0.000929 4316
0.00093 4316
0.000931 4316
0.000932 4316
0.000933 4315
0.000934 4314
0.000935 4313
0.000936 4313
0.000937 4313
0.000938 4313
0.000939 4312
0.00094 4311
0.000941 4311
0.000942 4313
0.000943 4314
0.000944 4314
0.000945 4314
0.000946 4313
0.000947 4313
0.000948 4313
0.000949 4313
0.00095 4313
0.000951 4314
0.000952 4316
0.000953 4316
0.000954 4317
0.000955 4318
0.000956 4318
0.000957 4318
0.000958 4318
0.000959 4318
0.00096 4318
0.000961 4318
0.000962 4318
0.000963 4319
0.000964 4318
0.000965 4318
0.000966 4318
0.000967 4318
0.000968 4318
0.000969 4318
0.00097 4318
0.000971 4318
0.000972 4318
0.000973 4318
0.000974 4318
0.000975 4318
0.000976 4317
0.000977 4317
0.000978 4317
0.000979 4318
0.00098 4318
0.000981 4318
0.000982 4321
0.000983 4321
0.000984 4321
0.000985 4320
0.000986 4321
0.000987 4321
0.000988 4321
0.000989 4321
0.00099 4322
0.000991 4323
0.000992 4323
0.000993 4323
0.000994 4324
0.000995 4324
0.000996 4324
0.000997 4324
0.000998 4325
0.000999 4325
0.001 4324
0.001001 4324
0.001002 4324
0.001003 4324
0.001004 4324
0.001005 4325
0.001006 4326
0.001007 4326
0.001008 4327
0.001009 4326
0.00101 4328
0.001011 4327
0.001012 4327
0.001013 4326
0.001014 4326
0.001015 4327
0.001016 4327
0.001017 4326
0.001018 4325
0.001019 4326
0.00102 4326
0.001021 4326
0.001022 4326
0.001023 4326
0.001024 4324
0.001025 4324
0.001026 4324
0.001027 4324
0.001028 4324
0.001029 4326
0.00103 4328
0.001031 4328
0.001032 4328
0.001033 4328
0.001034 4328
0.001035 4327
0.001036 4327
0.001037 4328
0.001038 4328
0.001039 4328
0.00104 4328
0.001041 4329
0.001042 4329
0.001043 4329
0.001044 4329
0.001045 4330
0.001046 4330
0.001047 4329
0.001048 4329
0.001049 4329
0.00105 4329
0.001051 4329
0.001052 4329
0.001053 4329
0.001054 4329
0.001055 4329
0.001056 4329
0.001057 4330
0.001058 4329
0.001059 4329
0.00106 4329
0.001061 4329
0.001062 4328
0.001063 4329
0.001064 4328
0.001065 4328
0.001066 4328
0.001067 4327
0.001068 4327
0.001069 4327
0.00107 4327
0.001071 4326
0.001072 4326
0.001073 4326
0.001074 4326
0.001075 4327
0.001076 4327
0.001077 4326
0.001078 4326
0.001079 4328
0.00108 4328
0.001081 4328
0.001082 4328
0.001083 4328
0.001084 4327
0.001085 4327
0.001086 4326
0.001087 4325
0.001088 4324
0.001089 4324
0.00109 4324
0.001091 4324
0.001092 4323
0.001093 4322
0.001094 4322
0.001095 4322
0.001096 4323
0.001097 4323
0.001098 4323
0.001099 4323
0.0011 4323
0.001101 4324
0.001102 4324
0.001103 4324
0.001104 4324
0.001105 4324
0.001106 4323
0.001107 4323
0.001108 4322
0.001109 4322
0.00111 4321
0.001111 4321
0.001112 4321
0.001113 4320
0.001114 4319
0.001115 4318
0.001116 4319
0.001117 4319
0.001118 4319
0.001119 4319
0.00112 4319
0.001121 4318
0.001122 4318
0.001123 4319
0.001124 4319
0.001125 4319
0.001126 4318
0.001127 4319
0.001128 4319
0.001129 4319
0.00113 4318
0.001131 4318
0.001132 4318
0.001133 4318
0.001134 4318
0.001135 4318
0.001136 4318
0.001137 4318
0.001138 4319
0.001139 4318
0.00114 4317
0.001141 4317
0.001142 4317
0.001143 4318
0.001144 4318
0.001145 4318
0.001146 4318
0.001147 4318
0.001148 4317
0.001149 4317
0.00115 4317
0.001151 4316
0.001152 4316
0.001153 4317
0.001154 4317
0.001155 4316
0.001156 4317
0.001157 4317
0.001158 4316
0.001159 4316
0.00116 4316
0.001161 4316
0.001162 4316
0.001163 4316
0.001164 4317
0.001165 4318
0.001166 4318
0.001167 4318
0.001168 4317
0.001169 4317
0.00117 4319
0.001171 4320
0.001172 4320
0.001173 4320
0.001174 4320
0.001175 4320
0.001176 4320
0.001177 4320
0.001178 4320
0.001179 4320
0.00118 4321
0.001181 4320
0.001182 4320
0.001183 4320
0.001184 4321
0.001185 4321
0.001186 4320
0.001187 4319
0.001188 4319
0.001189 4319
0.00119 4319
0.001191 4318
0.001192 4319
0.001193 4319
0.001194 4319
0.001195 4319
0.001196 4319
0.001197 4318
0.001198 4318
0.001199 4319
0.0012 4318
0.001201 4318
0.001202 4318
0.001203 4318
0.001204 4318
0.001205 4319
0.001206 4318
0.001207 4318
0.001208 4318
0.001209 4318
0.00121 4317
0.001211 4317
0.001212 4316
0.001213 4315
0.001214 4315
0.001215 4315
0.001216 4314
0.001217 4314
0.001218 4315
0.001219 4315
0.00122 4315
0.001221 4314
0.001222 4315
0.001223 4314
0.001224 4314
0.001225 4314
0.001226 4313
0.001227 4313
0.001228 4314
0.001229 4314
0.00123 4314
0.001231 4313
0.001232 4312
0.001233 4313
0.001234 4314
0.001235 4314
0.001236 4315
0.001237 4313
0.001238 4313
0.001239 4312
0.00124 4312
0.001241 4313
0.001242 4312
0.001243 4314
0.001244 4314
0.001245 4314
0.001246 4314
0.001247 4314
0.001248 4314
0.001249 4312
0.00125 4312
0.001251 4313
0.001252 4313
0.001253 4313
0.001254 4314
0.001255 4314
0.001256 4314
0.001257 4313
0.001258 4313
0.001259 4312
0.00126 4312
0.001261 4312
0.001262 4312
0.001263 4311
0.001264 4311
0.001265 4311
0.001266 4311
0.001267 4311
0.001268 4311
0.001269 4310
0.00127 4310
0.001271 4309
0.001272 4308
0.001273 4307
0.001274 4307
0.001275 4308
0.001276 4309
0.001277 4309
0.001278 4309
0.001279 4309
0.00128 4310
0.001281 4310
0.001282 4310
0.001283 4310
0.001284 4310
0.001285 4310
0.001286 4309
0.001287 4309
0.001288 4309
0.001289 4308
0.00129 4308
0.001291 4308
0.001292 4308
0.001293 4308
0.001294 4309
0.001295 4308
0.001296 4308
0.001297 4308
0.001298 4309
0.001299 4309
0.0013 4309
0.001301 4309
0.001302 4309
0.001303 4309
0.001304 4310
0.001305 4311
0.001306 4312
0.001307 4312
0.001308 4311
0.001309 4311
0.00131 4311
0.001311 4310
0.001312 4310
0.001313 4310
0.001314 4311
0.001315 4311
0.001316 4311
0.001317 4312
0.001318 4312
0.001319 4312
0.00132 4312
0.001321 4312
0.001322 4312
0.001323 4312
0.001324 4311
0.001325 4310
0.001326 4309
0.001327 4309
0.001328 4310
0.001329 4311
0.00133 4311
0.001331 4311
0.001332 4311
0.001333 4311
0.001334 4312
0.001335 4312
0.001336 4313
0.001337 4313
0.001338 4313
0.001339 4313
0.00134 4313
0.001341 4313
0.001342 4313
0.001343 4313
0.001344 4313
0.001345 4313
0.001346 4313
0.001347 4314
0.001348 4314
0.001349 4314
0.00135 4314
0.001351 4314
0.001352 4314
0.001353 4314
0.001354 4314
0.001355 4314
0.001356 4314
0.001357 4314
0.001358 4313
0.001359 4313
0.00136 4313
0.001361 4313
0.001362 4313
0.001363 4313
0.001364 4313
0.001365 4311
0.001366 4312
0.001367 4311
0.001368 4311
0.001369 4312
0.00137 4312
0.001371 4312
0.001372 4314
0.001373 4314
0.001374 4314
0.001375 4314
0.001376 4314
0.001377 4314
0.001378 4313
0.001379 4313
0.00138 4313
0.001381 4313
0.001382 4313
0.001383 4314
0.001384 4314
0.001385 4314
0.001386 4314
0.001387 4314
0.001388 4313
0.001389 4313
0.00139 4314
0.001391 4314
0.001392 4313
0.001393 4312
0.001394 4312
0.001395 4312
0.001396 4312
0.001397 4312
0.001398 4312
0.001399 4312
0.0014 4312
0.001401 4312
0.001402 4312
0.001403 4313
0.001404 4312
0.001405 4312
0.001406 4312
0.001407 4311
0.001408 4311
0.001409 4311
0.00141 4311
0.001411 4311
0.001412 4311
0.001413 4311
0.001414 4311
0.001415 4311
0.001416 4312
0.001417 4312
0.001418 4312
0.001419 4312
0.00142 4312
0.001421 4312
0.001422 4312
0.001423 4313
0.001424 4314
0.001425 4315
0.001426 4315
0.001427 4316
0.001428 4316
0.001429 4316
0.00143 4316
0.001431 4316
0.001432 4316
0.001433 4316
0.001434 4316
0.001435 4316
0.001436 4314
0.001437 4314
0.001438 4313
0.001439 4313
0.00144 4313
0.001441 4313
0.001442 4314
0.001443 4313
0.001444 4314
0.001445 4314
0.001446 4314
0.001447 4314
0.001448 4313
0.001449 4313
0.00145 4314
0.001451 4315
0.001452 4315
0.001453 4315
0.001454 4315
0.001455 4316
0.001456 4316
0.001457 4316
0.001458 4316
0.001459 4316
0.00146 4317
0.001461 4316
0.001462 4316
0.001463 4318
0.001464 4318
0.001465 4318
0.001466 4317
0.001467 4317
0.001468 4317
0.001469 4317
0.00147 4318
0.001471 4317
0.001472 4317
0.001473 4318
0.001474 4318
0.001475 4317
0.001476 4316
0.001477 4315
0.001478 4315
0.001479 4315
0.00148 4314
0.001481 4314
0.001482 4314
0.001483 4314
0.001484 4314
0.001485 4314
0.001486 4314
0.001487 4314
0.001488 4314
0.001489 4313
0.00149 4312
0.001491 4312
0.001492 4312
0.001493 4313
0.001494 4312
0.001495 4313
0.001496 4313
0.001497 4313
0.001498 4312
0.001499 4311
0.0015 4312
0.001501 4313
0.001502 4313
0.001503 4314
0.001504 4314
0.001505 4315
0.001506 4316
0.001507 4316
0.001508 4316
0.001509 4316
0.00151 4316
0.001511 4316
0.001512 4316
0.001513 4316
0.001514 4316
0.001515 4317
0.001516 4318
0.001517 4318
0.001518 4318
0.001519 4318
0.00152 4318
0.001521 4318
0.001522 4320
0.001523 4320
0.001524 4320
0.001525 4321
0.001526 4320
0.001527 4320
0.001528 4319
0.001529 4320
0.00153 4321
0.001531 4321
0.001532 4321
0.001533 4322
0.001534 4321
0.001535 4321
0.001536 4321
0.001537 4322
0.001538 4322
0.001539 4323
0.00154 4323
0.001541 4323
0.001542 4323
0.001543 4323
0.001544 4323
0.001545 4324
0.001546 4324
0.001547 4325
0.001548 4326
0.001549 4326
0.00155 4326
0.001551 4326
0.001552 4325
0.001553 4324
0.001554 4324
0.001555 4324
0.001556 4324
0.001557 4323
0.001558 4323
0.001559 4323
0.00156 4322
0.001561 4321
0.001562 4322
0.001563 4322
0.001564 4322
0.001565 4322
0.001566 4322
0.001567 4322
0.001568 4322
0.001569 4321
0.00157 4322
0.001571 4323
0.001572 4324
0.001573 4324
0.001574 4323
0.001575 4323
0.001576 4323
0.001577 4323
0.001578 4322
0.001579 4322
0.00158 4322
0.001581 4322
0.001582 4323
0.001583 4323
0.001584 4324
0.001585 4324
0.001586 4324
0.001587 4323
0.001588 4323
0.001589 4324
0.00159 4324
0.001591 4323
0.001592 4323
0.001593 4323
0.001594 4323
0.001595 4323
0.001596 4321
0.001597 4321
0.001598 4321
0.001599 4321
0.0016 4321
0.001601 4321
0.001602 4321
0.001603 4321
0.001604 4321
0.001605 4319
0.001606 4318
0.001607 4318
0.001608 4318
0.001609 4317
0.00161 4318
0.001611 4318
0.001612 4318
0.001613 4318
0.001614 4318
0.001615 4318
0.001616 4318
0.001617 4318
0.001618 4319
0.001619 4317
0.00162 4317
0.001621 4317
0.001622 4315
0.001623 4315
0.001624 4315
0.001625 4315
0.001626 4315
0.001627 4314
0.001628 4313
0.001629 4313
0.00163 4313
0.001631 4313
0.001632 4314
0.001633 4313
0.001634 4313
0.001635 4310
0.001636 4310
0.001637 4310
0.001638 4309
0.001639 4309
0.00164 4309
0.001641 4309
0.001642 4309
0.001643 4310
0.001644 4310
0.001645 4310
0.001646 4310
0.001647 4310
0.001648 4310
0.001649 4310
0.00165 4310
0.001651 4311
0.001652 4311
0.001653 4311
0.001654 4311
0.001655 4311
0.001656 4311
0.001657 4312
0.001658 4312
0.001659 4313
0.00166 4313
0.001661 4313
0.001662 4313
0.001663 4313
0.001664 4313
0.001665 4313
0.001666 4313
0.001667 4313
0.001668 4313
0.001669 4314
0.00167 4314
0.001671 4314
0.001672 4315
0.001673 4314
0.001674 4312
0.001675 4311
0.001676 4310
0.001677 4311
0.001678 4309
0.001679 4309
0.00168 4310
0.001681 4310
0.001682 4311
0.001683 4311
0.001684 4311
0.001685 4310
0.001686 4310
0.001687 4310
0.001688 4311
0.001689 4311
0.00169 4313
0.001691 4313
0.001692 4312
0.001693 4313
0.001694 4315
0.001695 4315
0.001696 4315
0.001697 4315
0.001698 4315
0.001699 4315
0.0017 4315
0.001701 4315
0.001702 4315
0.001703 4315
0.001704 4315
0.001705 4315
0.001706 4316
0.001707 4316
0.001708 4316
0.001709 4316
0.00171 4316
0.001711 4316
0.001712 4316
0.001713 4316
0.001714 4316
0.001715 4315
0.001716 4315
0.001717 4315
0.001718 4314
0.001719 4314
0.00172 4314
0.001721 4313
0.001722 4313
0.001723 4314
0.001724 4314
0.001725 4314
0.001726 4313
0.001727 4313
0.001728 4313
0.001729 4313
0.00173 4313
0.001731 4314
0.001732 4315
0.001733 4315
0.001734 4315
0.001735 4315
0.001736 4315
0.001737 4315
0.001738 4315
0.001739 4316
0.00174 4316
0.001741 4316
0.001742 4316
0.001743 4316
0.001744 4315
0.001745 4315
0.001746 4315
0.001747 4315
0.001748 4315
0.001749 4315
0.00175 4314
0.001751 4313
0.001752 4313
0.001753 4313
0.001754 4313
0.001755 4311
0.001756 4312
0.001757 4312
0.001758 4312
0.001759 4310
0.00176 4309
0.001761 4310
0.001762 4309
0.001763 4308
0.001764 4309
0.001765 4310
0.001766 4310
0.001767 4311
0.001768 4311
0.001769 4312
0.00177 4312
0.001771 4312
0.001772 4313
0.001773 4313
0.001774 4313
0.001775 4313
0.001776 4313
0.001777 4313
0.001778 4312
0.001779 4313
0.00178 4313
0.001781 4315
0.001782 4315
0.001783 4315
0.001784 4315
0.001785 4315
0.001786 4315
0.001787 4313
0.001788 4313
0.001789 4313
0.00179 4313
0.001791 4313
0.001792 4312
0.001793 4312
0.001794 4312
0.001795 4312
0.001796 4312
0.001797 4312
0.001798 4312
0.001799 4313
0.0018 4313
0.001801 4313
0.001802 4314
0.001803 4314
0.001804 4314
0.001805 4314
0.001806 4314
0.001807 4315
0.001808 4314
0.001809 4314
0.00181 4313
0.001811 4312
0.001812 4312
0.001813 4311
0.001814 4311
0.001815 4310
0.001816 4310
0.001817 4310
0.001818 4309
0.001819 4309
0.00182 4308
0.001821 4308
0.001822 4308
0.001823 4308
0.001824 4308
0.001825 4308
0.001826 4308
0.001827 4307
0.001828 4307
0.001829 4307
0.00183 4306
0.001831 4306
0.001832 4306
0.001833 4307
0.001834 4308
0.001835 4307
0.001836 4306
0.001837 4306
0.001838 4306
0.001839 4307
0.00184 4307
0.001841 4307
0.001842 4307
0.001843 4306
0.001844 4306
0.001845 4306
0.001846 4305
0.001847 4306
0.001848 4306
0.001849 4306
0.00185 4306
0.001851 4308
0.001852 4308
0.001853 4308
0.001854 4308
0.001855 4308
0.001856 4308
0.001857 4308
0.001858 4308
0.001859 4308
0.00186 4308
0.001861 4308
0.001862 4308
0.001863 4308
0.001864 4308
0.001865 4308
0.001866 4306
0.001867 4306
0.001868 4307
0.001869 4307
0.00187 4308
0.001871 4309
0.001872 4307
0.001873 4307
0.001874 4307
0.001875 4307
0.001876 4307
0.001877 4307
0.001878 4306
0.001879 4306
0.00188 4306
0.001881 4307
0.001882 4308
0.001883 4308
0.001884 4308
0.001885 4308
0.001886 4308
0.001887 4308
0.001888 4309
0.001889 4309
0.00189 4309
0.001891 4309
0.001892 4310
0.001893 4310
0.001894 4310
0.001895 4310
0.001896 4310
0.001897 4309
0.001898 4309
0.001899 4308
0.0019 4308
0.001901 4309
0.001902 4309
0.001903 4308
0.001904 4308
0.001905 4308
0.001906 4307
0.001907 4307
0.001908 4307
0.001909 4308
0.00191 4308
0.001911 4308
0.001912 4308
0.001913 4308
0.001914 4308
0.001915 4308
0.001916 4307
0.001917 4307
0.001918 4307
0.001919 4307
0.00192 4307
0.001921 4307
0.001922 4307
0.001923 4307
0.001924 4309
0.001925 4309
0.001926 4309
0.001927 4309
0.001928 4309
0.001929 4310
0.00193 4311
0.001931 4311
0.001932 4311
0.001933 4311
0.001934 4311
0.001935 4310
0.001936 4310
0.001937 4309
0.001938 4309
0.001939 4309
0.00194 4309
0.001941 4309
0.001942 4309
0.001943 4310
0.001944 4311
0.001945 4311
0.001946 4311
0.001947 4311
0.001948 4311
0.001949 4311
0.00195 4311
0.001951 4312
0.001952 4311
0.001953 4310
0.001954 4310
0.001955 4310
0.001956 4311
0.001957 4311
0.001958 4311
0.001959 4311
0.00196 4311
0.001961 4311
0.001962 4310
0.001963 4310
0.001964 4311
0.001965 4310
0.001966 4310
0.001967 4310
0.001968 4310
0.001969 4310
0.00197 4310
0.001971 4310
0.001972 4311
0.001973 4311
0.001974 4312
0.001975 4312
0.001976 4312
0.001977 4313
0.001978 4313
0.001979 4314
0.00198 4314
0.001981 4315
0.001982 4314
0.001983 4315
0.001984 4315
0.001985 4316
0.001986 4317
0.001987 4317
0.001988 4316
0.001989 4316
0.00199 4316
0.001991 4315
0.001992 4315
0.001993 4315
0.001994 4316
0.001995 4316
0.001996 4316
0.001997 4314
0.001998 4314
0.001999 4314
0.002 4315
0.002001 4315
0.002002 4316
0.002003 4315
0.002004 4314
0.002005 4313
0.002006 4313
0.002007 4313
0.002008 4313
0.002009 4313
0.00201 4314
0.002011 4314
0.002012 4313
0.002013 4312
0.002014 4312
0.002015 4312
0.002016 4312
0.002017 4312
0.002018 4312
0.002019 4312
0.00202 4312
0.002021 4312
0.002022 4312
0.002023 4313
0.002024 4313
0.002025 4314
0.002026 4314
0.002027 4313
0.002028 4313
0.002029 4313
0.00203 4313
0.002031 4313
0.002032 4312
0.002033 4311
0.002034 4311
0.002035 4310
0.002036 4310
0.002037 4310
0.002038 4309
0.002039 4310
0.00204 4311
0.002041 4310
0.002042 4310
0.002043 4310
0.002044 4310
0.002045 4311
0.002046 4313
0.002047 4313
0.002048 4313
0.002049 4313
0.00205 4313
0.002051 4314
0.002052 4314
0.002053 4314
0.002054 4314
0.002055 4314
0.002056 4314
0.002057 4313
0.002058 4313
0.002059 4313
0.00206 4313
0.002061 4313
0.002062 4313
0.002063 4313
0.002064 4314
0.002065 4314
0.002066 4314
0.002067 4314
0.002068 4314
0.002069 4313
0.00207 4313
0.002071 4313
0.002072 4314
0.002073 4314
0.002074 4315
0.002075 4315
0.002076 4316
0.002077 4317
0.002078 4316
0.002079 4316
0.00208 4316
0.002081 4316
0.002082 4317
0.002083 4315
0.002084 4315
0.002085 4315
0.002086 4315
0.002087 4315
0.002088 4316
0.002089 4316
0.00209 4316
0.002091 4315
0.002092 4316
0.002093 4316
0.002094 4316
0.002095 4315
0.002096 4316
0.002097 4316
0.002098 4316
0.002099 4316
0.0021 4316
0.002101 4316
0.002102 4315
0.002103 4314
0.002104 4316
0.002105 4317
0.002106 4317
0.002107 4316
0.002108 4316
0.002109 4315
0.00211 4315
0.002111 4315
0.002112 4314
0.002113 4314
0.002114 4315
0.002115 4315
0.002116 4315
0.002117 4314
0.002118 4314
0.002119 4314
0.00212 4314
0.002121 4313
0.002122 4312
0.002123 4312
0.002124 4312
0.002125 4311
0.002126 4312
0.002127 4311
0.002128 4311
0.002129 4311
0.00213 4311
0.002131 4311
0.002132 4312
0.002133 4312
0.002134 4312
0.002135 4312
0.002136 4312
0.002137 4312
0.002138 4312
0.002139 4312
0.00214 4313
0.002141 4313
0.002142 4313
0.002143 4314
0.002144 4314
0.002145 4314
0.002146 4314
0.002147 4314
0.002148 4314
0.002149 4314
0.00215 4315
0.002151 4315
0.002152 4315
0.002153 4315
0.002154 4315
0.002155 4315
0.002156 4314
0.002157 4314
0.002158 4314
0.002159 4315
0.00216 4315
0.002161 4315
0.002162 4315
0.002163 4315
0.002164 4315
0.002165 4315
0.002166 4315
0.002167 4316
0.002168 4316
0.002169 4316
0.00217 4316
0.002171 4316
0.002172 4316
0.002173 4315
0.002174 4315
0.002175 4314
0.002176 4314
0.002177 4315
0.002178 4313
0.002179 4313
0.00218 4313
0.002181 4312
0.002182 4312
0.002183 4312
0.002184 4313
0.002185 4312
0.002186 4312
0.002187 4312
0.002188 4312
0.002189 4312
0.00219 4312
0.002191 4313
0.002192 4314
0.002193 4314
0.002194 4314
0.002195 4314
0.002196 4314
0.002197 4314
0.002198 4314
0.002199 4314
0.0022 4314
0.002201 4313
0.002202 4314
0.002203 4314
0.002204 4314
0.002205 4314
0.002206 4314
0.002207 4314
0.002208 4314
0.002209 4314
0.00221 4314
0.002211 4314
0.002212 4315
0.002213 4315
0.002214 4314
0.002215 4314
0.002216 4314
0.002217 4314
0.002218 4314
0.002219 4314
0.00222 4314
0.002221 4314
0.002222 4314
0.002223 4314
0.002224 4314
0.002225 4314
0.002226 4314
0.002227 4314
0.002228 4314
0.002229 4314
0.00223 4314
0.002231 4314
0.002232 4314
0.002233 4314
0.002234 4314
0.002235 4314
0.002236 4314
0.002237 4313
0.002238 4313
0.002239 4312
0.00224 4312
0.002241 4312
0.002242 4312
0.002243 4312
0.002244 4312
0.002245 4312
0.002246 4312
0.002247 4312
0.002248 4312
0.002249 4313
0.00225 4313
0.002251 4313
0.002252 4313
0.002253 4313
0.002254 4313
0.002255 4313
0.002256 4313
0.002257 4312
0.002258 4313
0.002259 4312
0.00226 4312
0.002261 4311
0.002262 4311
0.002263 4311
0.002264 4311
0.002265 4311
0.002266 4311
0.002267 4311
0.002268 4311
0.002269 4311
0.00227 4311
0.002271 4311
0.002272 4311
0.002273 4310
0.002274 4310
0.002275 4310
0.002276 4311
0.002277 4311
0.002278 4311
0.002279 4311
0.00228 4311
0.002281 4311
0.002282 4311
0.002283 4311
0.002284 4311
0.002285 4311
0.002286 4311
0.002287 4312
0.002288 4311
0.002289 4311
0.00229 4312
0.002291 4311
0.002292 4310
0.002293 4311
0.002294 4311
0.002295 4310
0.002296 4310
0.002297 4310
0.002298 4310
0.002299 4310
0.0023 4309
0.002301 4309
0.002302 4309
0.002303 4309
0.002304 4309
0.002305 4309
0.002306 4309
0.002307 4309
0.002308 4309
0.002309 4309
0.00231 4309
0.002311 4310
0.002312 4311
0.002313 4311
0.002314 4311
0.002315 4310
0.002316 4310
0.002317 4309
0.002318 4309
0.002319 4309
0.00232 4309
0.002321 4309
0.002322 4309
0.002323 4309
0.002324 4309
0.002325 4309
0.002326 4309
0.002327 4309
0.002328 4309
0.002329 4309
0.00233 4309
0.002331 4308
0.002332 4308
0.002333 4308
0.002334 4308
0.002335 4308
0.002336 4308
0.002337 4308
0.002338 4308
0.002339 4307
0.00234 4308
0.002341 4308
0.002342 4308
0.002343 4308
0.002344 4308
0.002345 4308
0.002346 4308
0.002347 4308
0.002348 4308
0.002349 4308
0.00235 4309
0.002351 4309
0.002352 4309
0.002353 4309
0.002354 4309
0.002355 4309
0.002356 4309
0.002357 4313
0.002358 4313
0.002359 4313
0.00236 4314
0.002361 4315
0.002362 4315
0.002363 4315
0.002364 4315
0.002365 4315
0.002366 4315
0.002367 4314
0.002368 4313
0.002369 4313
0.00237 4313
0.002371 4313
0.002372 4314
0.002373 4314
0.002374 4314
0.002375 4314
0.002376 4313
0.002377 4313
0.002378 4313
0.002379 4313
0.00238 4313
0.002381 4312
0.002382 4312
0.002383 4312
0.002384 4312
0.002385 4310
0.002386 4310
0.002387 4311
0.002388 4312
0.002389 4313
0.00239 4313
0.002391 4313
0.002392 4314
0.002393 4312
0.002394 4312
0.002395 4311
0.002396 4312
0.002397 4312
0.002398 4312
0.002399 4312
0.0024 4311
0.002401 4311
0.002402 4312
0.002403 4312
0.002404 4312
0.002405 4312
0.002406 4311
0.002407 4311
0.002408 4311
0.002409 4311
0.00241 4311
0.002411 4311
0.002412 4311
0.002413 4311
0.002414 4311
0.002415 4311
0.002416 4311
0.002417 4311
0.002418 4312
0.002419 4313
0.00242 4313
0.002421 4314
0.002422 4316
0.002423 4316
0.002424 4316
0.002425 4316
0.002426 4316
0.002427 4316
0.002428 4316
0.002429 4316
0.00243 4319
0.002431 4319
0.002432 4318
0.002433 4318
0.002434 4318
0.002435 4319
0.002436 4319
0.002437 4319
0.002438 4319
0.002439 4319
0.00244 4319
0.002441 4319
0.002442 4319
0.002443 4318
0.002444 4318
0.002445 4318
0.002446 4318
0.002447 4319
0.002448 4319
0.002449 4319
0.00245 4319
0.002451 4319
0.002452 4319
0.002453 4319
0.002454 4319
0.002455 4319
0.002456 4319
0.002457 4319
0.002458 4320
0.002459 4320
0.00246 4320
0.002461 4320
0.002462 4321
0.002463 4321
0.002464 4322
0.002465 4322
0.002466 4321
0.002467 4322
0.002468 4322
0.002469 4322
0.00247 4320
0.002471 4320
0.002472 4319
0.002473 4318
0.002474 4317
0.002475 4316
0.002476 4316
0.002477 4316
0.002478 4316
0.002479 4317
0.00248 4316
0.002481 4316
0.002482 4316
0.002483 4316
0.002484 4316
0.002485 4315
0.002486 4315
0.002487 4315
0.002488 4316
0.002489 4316
0.00249 4316
0.002491 4316
0.002492 4317
0.002493 4317
0.002494 4317
0.002495 4318
0.002496 4318
0.002497 4318
0.002498 4318
0.002499 4317
0.0025 4317
0.002501 4317
0.002502 4318
0.002503 4318
0.002504 4317
0.002505 4318
0.002506 4318
0.002507 4317
0.002508 4317
0.002509 4317
0.00251 4316
0.002511 4316
0.002512 4316
0.002513 4317
0.002514 4317
0.002515 4317
0.002516 4317
0.002517 4318
0.002518 4318
0.002519 4318
0.00252 4318
0.002521 4318
0.002522 4318
0.002523 4318
0.002524 4317
0.002525 4317
0.002526 4318
0.002527 4318
0.002528 4318
0.002529 4318
0.00253 4319
0.002531 4318
0.002532 4320
0.002533 4319
0.002534 4320
0.002535 4319
0.002536 4319
0.002537 4319
0.002538 4319
0.002539 4319
0.00254 4319
0.002541 4319
0.002542 4319
0.002543 4320
0.002544 4320
0.002545 4320
0.002546 4321
0.002547 4320
0.002548 4320
0.002549 4320
0.00255 4319
0.002551 4319
0.002552 4318
0.002553 4318
0.002554 4318
0.002555 4318
0.002556 4318
0.002557 4317
0.002558 4317
0.002559 4316
0.00256 4315
0.002561 4315
0.002562 4313
0.002563 4313
0.002564 4313
0.002565 4312
0.002566 4312
0.002567 4312
0.002568 4312
0.002569 4312
0.00257 4313
0.002571 4313
0.002572 4312
0.002573 4312
0.002574 4312
0.002575 4312
0.002576 4312
0.002577 4312
0.002578 4312
0.002579 4312
0.00258 4312
0.002581 4312
0.002582 4313
0.002583 4313
0.002584 4313
0.002585 4314
0.002586 4314
0.002587 4314
0.002588 4314
0.002589 4314
0.00259 4313
0.002591 4313
0.002592 4313
0.002593 4313
0.002594 4313
0.002595 4314
0.002596 4314
0.002597 4314
0.002598 4314
0.002599 4314
0.0026 4314
0.002601 4314
0.002602 4314
0.002603 4314
0.002604 4313
0.002605 4313
0.002606 4314
0.002607 4313
0.002608 4312
0.002609 4314
0.00261 4313
0.002611 4313
0.002612 4314
0.002613 4314
0.002614 4317
0.002615 4318
0.002616 4318
0.002617 4317
0.002618 4316
0.002619 4317
0.00262 4318
0.002621 4320
0.002622 4320
0.002623 4319
0.002624 4319
0.002625 4319
0.002626 4319
0.002627 4319
0.002628 4320
0.002629 4320
0.00263 4320
0.002631 4320
0.002632 4320
0.002633 4320
0.002634 4320
0.002635 4320
0.002636 4320
0.002637 4320
0.002638 4319
0.002639 4318
0.00264 4318
0.002641 4318
0.002642 4318
0.002643 4318
0.002644 4318
0.002645 4317
0.002646 4318
0.002647 4318
0.002648 4318
0.002649 4318
0.00265 4318
0.002651 4318
0.002652 4318
0.002653 4318
0.002654 4319
0.002655 4319
0.002656 4320
0.002657 4320
0.002658 4320
0.002659 4320
0.00266 4319
0.002661 4319
0.002662 4319
0.002663 4319
0.002664 4319
0.002665 4318
0.002666 4318
0.002667 4318
0.002668 4318
0.002669 4318
0.00267 4318
0.002671 4318
0.002672 4318
0.002673 4318
0.002674 4318
0.002675 4318
0.002676 4318
0.002677 4318
0.002678 4318
0.002679 4318
0.00268 4318
0.002681 4318
0.002682 4319
0.002683 4319
0.002684 4319
0.002685 4320
0.002686 4320
0.002687 4320
0.002688 4321
0.002689 4321
0.00269 4321
0.002691 4321
0.002692 4321
0.002693 4321
0.002694 4321
0.002695 4321
0.002696 4321
0.002697 4321
0.002698 4321
0.002699 4321
0.0027 4321
0.002701 4321
0.002702 4321
0.002703 4322
0.002704 4324
0.002705 4323
0.002706 4323
0.002707 4323
0.002708 4323
0.002709 4323
0.00271 4323
0.002711 4323
0.002712 4322
0.002713 4322
0.002714 4322
0.002715 4320
0.002716 4320
0.002717 4321
0.002718 4321
0.002719 4321
0.00272 4321
0.002721 4323
0.002722 4323
0.002723 4324
0.002724 4322
0.002725 4321
0.002726 4321
0.002727 4320
0.002728 4320
0.002729 4320
0.00273 4320
0.002731 4319
0.002732 4319
0.002733 4318
0.002734 4318
0.002735 4320
0.002736 4320
0.002737 4320
0.002738 4321
0.002739 4322
0.00274 4322
0.002741 4322
0.002742 4322
0.002743 4322
0.002744 4322
0.002745 4321
0.002746 4321
0.002747 4321
0.002748 4321
0.002749 4320
0.00275 4320
0.002751 4320
0.002752 4320
0.002753 4321
0.002754 4321
0.002755 4321
0.002756 4320
0.002757 4321
0.002758 4321
0.002759 4321
0.00276 4322
0.002761 4322
0.002762 4322
0.002763 4322
0.002764 4322
0.002765 4323
0.002766 4323
0.002767 4323
0.002768 4323
0.002769 4323
0.00277 4323
0.002771 4323
0.002772 4323
0.002773 4324
0.002774 4323
0.002775 4322
0.002776 4321
0.002777 4321
0.002778 4321
0.002779 4321
0.00278 4322
0.002781 4322
0.002782 4321
0.002783 4321
0.002784 4321
0.002785 4320
0.002786 4320
0.002787 4320
0.002788 4320
0.002789 4319
0.00279 4319
0.002791 4319
0.002792 4320
0.002793 4320
0.002794 4320
0.002795 4320
0.002796 4320
0.002797 4319
0.002798 4319
0.002799 4319
0.0028 4321
0.002801 4321
0.002802 4321
0.002803 4321
0.002804 4321
0.002805 4321
0.002806 4322
0.002807 4322
0.002808 4322
0.002809 4322
0.00281 4322
0.002811 4322
0.002812 4321
0.002813 4321
0.002814 4321
0.002815 4320
0.002816 4320
0.002817 4320
0.002818 4322
0.002819 4322
0.00282 4322
0.002821 4322
0.002822 4321
0.002823 4321
0.002824 4321
0.002825 4321
0.002826 4323
0.002827 4322
0.002828 4322
0.002829 4322
0.00283 4322
0.002831 4322
0.002832 4322
0.002833 4322
0.002834 4322
0.002835 4321
0.002836 4320
0.002837 4319
0.002838 4318
0.002839 4317
0.00284 4317
0.002841 4318
0.002842 4318
0.002843 4318
0.002844 4318
0.002845 4318
0.002846 4318
0.002847 4318
0.002848 4317
0.002849 4317
0.00285 4317
0.002851 4319
0.002852 4319
0.002853 4318
0.002854 4318
0.002855 4318
0.002856 4319
0.002857 4319
0.002858 4319
0.002859 4319
0.00286 4318
0.002861 4316
0.002862 4316
0.002863 4316
0.002864 4317
0.002865 4317
0.002866 4318
0.002867 4318
0.002868 4318
0.002869 4318
0.00287 4318
0.002871 4318
0.002872 4318
0.002873 4318
0.002874 4319
0.002875 4320
0.002876 4319
0.002877 4320
0.002878 4320
0.002879 4320
0.00288 4320
0.002881 4321
0.002882 4321
0.002883 4320
0.002884 4320
0.002885 4320
0.002886 4319
0.002887 4319
0.002888 4319
0.002889 4319
0.00289 4320
0.002891 4320
0.002892 4320
0.002893 4319
0.002894 4320
0.002895 4320
0.002896 4320
0.002897 4320
0.002898 4319
0.002899 4318
0.0029 4318
0.002901 4318
0.002902 4318
0.002903 4318
0.002904 4318
0.002905 4318
0.002906 4319
0.002907 4318
0.002908 4318
0.002909 4318
0.00291 4319
0.002911 4319
0.002912 4320
0.002913 4320
0.002914 4320
0.002915 4320
0.002916 4320
0.002917 4320
0.002918 4321
0.002919 4321
0.00292 4320
0.002921 4320
0.002922 4318
0.002923 4317
0.002924 4317
0.002925 4317
0.002926 4318
0.002927 4318
0.002928 4318
0.002929 4318
0.00293 4319
0.002931 4319
0.002932 4321
0.002933 4321
0.002934 4322
0.002935 4322
0.002936 4322
0.002937 4322
0.002938 4322
0.002939 4323
0.00294 4323
0.002941 4323
0.002942 4323
0.002943 4323
0.002944 4323
0.002945 4323
0.002946 4322
0.002947 4322
0.002948 4322
0.002949 4321
0.00295 4321
0.002951 4321
0.002952 4321
0.002953 4321
0.002954 4319
0.002955 4318
0.002956 4318
0.002957 4318
0.002958 4318
0.002959 4319
0.00296 4319
0.002961 4319
0.002962 4319
0.002963 4319
0.002964 4320
0.002965 4321
0.002966 4321
0.002967 4321
0.002968 4321
0.002969 4321
0.00297 4321
0.002971 4320
0.002972 4320
0.002973 4320
0.002974 4321
0.002975 4321
0.002976 4322
0.002977 4323
0.002978 4323
0.002979 4323
0.00298 4324
0.002981 4324
0.002982 4324
0.002983 4325
0.002984 4325
0.002985 4326
0.002986 4326
0.002987 4326
0.002988 4326
0.002989 4326
0.00299 4326
0.002991 4326
0.002992 4326
0.002993 4324
0.002994 4324
0.002995 4324
0.002996 4324
0.002997 4324
0.002998 4324
0.002999 4324
0.003 4323
0.003001 4324
0.003002 4324
0.003003 4324
0.003004 4325
0.003005 4325
0.003006 4325
0.003007 4326
0.003008 4326
0.003009 4326
0.00301 4326
0.003011 4326
0.003012 4325
0.003013 4327
0.003014 4327
0.003015 4326
0.003016 4326
0.003017 4326
0.003018 4325
0.003019 4326
0.00302 4326
0.003021 4326
0.003022 4324
0.003023 4323
0.003024 4323
0.003025 4323
0.003026 4323
0.003027 4323
0.003028 4323
0.003029 4324
0.00303 4325
0.003031 4325
0.003032 4323
0.003033 4322
0.003034 4322
0.003035 4323
0.003036 4323
0.003037 4323
0.003038 4323
0.003039 4323
0.00304 4322
0.003041 4322
0.003042 4322
0.003043 4323
0.003044 4324
0.003045 4324
0.003046 4324
0.003047 4323
0.003048 4322
0.003049 4321
0.00305 4320
0.003051 4320
0.003052 4320
0.003053 4320
0.003054 4320
0.003055 4320
0.003056 4320
0.003057 4322
0.003058 4322
0.003059 4322
0.00306 4322
0.003061 4323
0.003062 4322
0.003063 4322
0.003064 4322
0.003065 4321
0.003066 4320
0.003067 4320
0.003068 4321
0.003069 4321
0.00307 4321
0.003071 4321
0.003072 4321
0.003073 4322
0.003074 4322
0.003075 4321
0.003076 4321
0.003077 4320
0.003078 4320
0.003079 4320
0.00308 4319
0.003081 4318
0.003082 4318
0.003083 4318
0.003084 4316
0.003085 4316
0.003086 4316
0.003087 4316
0.003088 4317
0.003089 4317
0.00309 4317
0.003091 4317
0.003092 4319
0.003093 4320
0.003094 4320
0.003095 4320
0.003096 4321
0.003097 4321
0.003098 4321
0.003099 4321
0.0031 4320
0.003101 4321
0.003102 4320
0.003103 4320
0.003104 4320
0.003105 4321
0.003106 4321
0.003107 4320
0.003108 4321
0.003109 4321
0.00311 4321
0.003111 4321
0.003112 4321
0.003113 4321
0.003114 4321
0.003115 4320
0.003116 4319
0.003117 4318
0.003118 4318
0.003119 4316
0.00312 4317
0.003121 4316
0.003122 4316
0.003123 4316
0.003124 4314
0.003125 4314
0.003126 4314
0.003127 4314
0.003128 4314
0.003129 4313
0.00313 4313
0.003131 4313
0.003132 4313
0.003133 4313
0.003134 4313
0.003135 4313
0.003136 4313
0.003137 4313
0.003138 4313
0.003139 4312
0.00314 4312
0.003141 4313
0.003142 4313
0.003143 4313
0.003144 4312
0.003145 4313
0.003146 4313
0.003147 4314
0.003148 4314
0.003149 4314
0.00315 4314
0.003151 4314
0.003152 4314
0.003153 4313
0.003154 4313
0.003155 4313
0.003156 4313
0.003157 4312
0.003158 4312
0.003159 4311
0.00316 4311
0.003161 4311
0.003162 4311
0.003163 4311
0.003164 4311
0.003165 4311
0.003166 4311
0.003167 4312
0.003168 4312
0.003169 4311
0.00317 4310
0.003171 4309
0.003172 4309
0.003173 4309
0.003174 4308
0.003175 4307
0.003176 4308
0.003177 4309
0.003178 4309
0.003179 4309
0.00318 4311
0.003181 4311
0.003182 4312
0.003183 4312
0.003184 4313
0.003185 4314
0.003186 4315
0.003187 4313
0.003188 4313
0.003189 4313
0.00319 4313
0.003191 4313
0.003192 4312
0.003193 4313
0.003194 4312
0.003195 4312
0.003196 4312
0.003197 4311
0.003198 4310
0.003199 4310
0.0032 4310
0.003201 4310
0.003202 4310
0.003203 4310
0.003204 4310
0.003205 4309
0.003206 4309
0.003207 4309
0.003208 4308
0.003209 4308
0.00321 4308
0.003211 4307
0.003212 4307
0.003213 4306
0.003214 4305
0.003215 4304
0.003216 4304
0.003217 4304
0.003218 4304
0.003219 4305
0.00322 4305
0.003221 4305
0.003222 4306
0.003223 4306
0.003224 4306
0.003225 4307
0.003226 4308
0.003227 4307
0.003228 4307
0.003229 4307
0.00323 4307
0.003231 4306
0.003232 4305
0.003233 4306
0.003234 4306
0.003235 4306
0.003236 4306
0.003237 4306
0.003238 4305
0.003239 4306
0.00324 4306
0.003241 4306
0.003242 4306
0.003243 4306
0.003244 4305
0.003245 4305
0.003246 4305
0.003247 4306
0.003248 4306
0.003249 4306
0.00325 4305
0.003251 4305
0.003252 4304
0.003253 4304
0.003254 4304
0.003255 4304
0.003256 4304
0.003257 4305
0.003258 4304
0.003259 4306
0.00326 4306
0.003261 4307
0.003262 4307
0.003263 4307
0.003264 4306
0.003265 4307
0.003266 4307
0.003267 4307
0.003268 4306
0.003269 4306
0.00327 4306
0.003271 4306
0.003272 4306
0.003273 4306
0.003274 4306
0.003275 4306
0.003276 4306
0.003277 4306
0.003278 4306
0.003279 4306
0.00328 4306
0.003281 4306
0.003282 4306
0.003283 4306
0.003284 4305
0.003285 4305
0.003286 4305
0.003287 4305
0.003288 4304
0.003289 4304
0.00329 4304
0.003291 4305
0.003292 4304
0.003293 4304
0.003294 4304
0.003295 4303
0.003296 4303
0.003297 4303
0.003298 4303
0.003299 4303
0.0033 4302
0.003301 4302
0.003302 4302
0.003303 4302
0.003304 4302
0.003305 4304
0.003306 4304
0.003307 4303
0.003308 4303
0.003309 4304
0.00331 4304
0.003311 4303
0.003312 4302
0.003313 4302
0.003314 4301
0.003315 4301
0.003316 4300
0.003317 4297
0.003318 4297
0.003319 4297
0.00332 4297
0.003321 4297
0.003322 4296
0.003323 4297
0.003324 4296
0.003325 4296
0.003326 4297
0.003327 4298
0.003328 4297
0.003329 4298
0.00333 4298
0.003331 4297
0.003332 4297
0.003333 4297
0.003334 4297
0.003335 4296
0.003336 4296
0.003337 4296
0.003338 4297
0.003339 4297
0.00334 4296
0.003341 4296
0.003342 4296
0.003343 4296
0.003344 4295
0.003345 4297
0.003346 4297
0.003347 4297
0.003348 4297
0.003349 4297
0.00335 4297
0.003351 4296
0.003352 4296
0.003353 4296
0.003354 4297
0.003355 4297
0.003356 4297
0.003357 4297
0.003358 4298
0.003359 4299
0.00336 4299
0.003361 4299
0.003362 4299
0.003363 4299
0.003364 4300
0.003365 4300
0.003366 4299
0.003367 4299
0.003368 4298
0.003369 4299
0.00337 4299
0.003371 4300
0.003372 4300
0.003373 4300
0.003374 4300
0.003375 4299
0.003376 4297
0.003377 4298
0.003378 4298
0.003379 4297
0.00338 4298
0.003381 4297
0.003382 4297
0.003383 4297
0.003384 4296
0.003385 4296
0.003386 4296
0.003387 4296
0.003388 4296
0.003389 4296
0.00339 4296
0.003391 4296
0.003392 4297
0.003393 4297
0.003394 4297
0.003395 4298
0.003396 4297
0.003397 4297
0.003398 4297
0.003399 4297
0.0034 4297
0.003401 4297
0.003402 4297
0.003403 4296
0.003404 4295
0.003405 4295
0.003406 4295
0.003407 4296
0.003408 4295
0.003409 4295
0.00341 4295
0.003411 4295
0.003412 4295
0.003413 4294
0.003414 4293
0.003415 4293
0.003416 4293
0.003417 4293
0.003418 4294
0.003419 4294
0.00342 4294
0.003421 4294
0.003422 4294
0.003423 4294
0.003424 4294
0.003425 4294
0.003426 4293
0.003427 4293
0.003428 4293
0.003429 4294
0.00343 4294
0.003431 4294
0.003432 4294
0.003433 4294
0.003434 4293
0.003435 4293
0.003436 4292
0.003437 4292
0.003438 4291
0.003439 4291
0.00344 4291
0.003441 4291
0.003442 4291
0.003443 4292
0.003444 4292
0.003445 4292
0.003446 4292
0.003447 4289
0.003448 4288
0.003449 4286
0.00345 4286
0.003451 4286
0.003452 4286
0.003453 4286
0.003454 4285
0.003455 4285
0.003456 4285
0.003457 4284
0.003458 4284
0.003459 4285
0.00346 4285
0.003461 4285
0.003462 4285
0.003463 4287
0.003464 4288
0.003465 4289
0.003466 4290
0.003467 4290
0.003468 4291
0.003469 4290
0.00347 4290
0.003471 4290
0.003472 4290
0.003473 4289
0.003474 4289
0.003475 4289
0.003476 4288
0.003477 4288
0.003478 4287
0.003479 4287
0.00348 4287
0.003481 4286
0.003482 4286
0.003483 4287
0.003484 4286
0.003485 4288
0.003486 4288
0.003487 4287
0.003488 4285
0.003489 4285
0.00349 4285
0.003491 4285
0.003492 4285
0.003493 4285
0.003494 4285
0.003495 4285
0.003496 4284
0.003497 4284
0.003498 4284
0.003499 4284
0.0035 4285
0.003501 4285
0.003502 4286
0.003503 4285
0.003504 4285
0.003505 4285
0.003506 4285
0.003507 4285
0.003508 4286
0.003509 4286
0.00351 4286
0.003511 4286
0.003512 4286
0.003513 4285
0.003514 4285
0.003515 4284
0.003516 4284
0.003517 4284
0.003518 4284
0.003519 4284
0.00352 4284
0.003521 4283
0.003522 4283
0.003523 4283
0.003524 4283
0.003525 4283
0.003526 4283
0.003527 4283
0.003528 4283
0.003529 4283
0.00353 4283
0.003531 4283
0.003532 4283
0.003533 4282
0.003534 4282
0.003535 4282
0.003536 4282
0.003537 4282
0.003538 4282
0.003539 4282
0.00354 4282
0.003541 4282
0.003542 4282
0.003543 4282
0.003544 4282
0.003545 4284
0.003546 4284
0.003547 4284
0.003548 4284
0.003549 4285
0.00355 4286
0.003551 4286
0.003552 4286
0.003553 4286
0.003554 4286
0.003555 4286
0.003556 4286
0.003557 4287
0.003558 4288
0.003559 4288
0.00356 4286
0.003561 4286
0.003562 4287
0.003563 4287
0.003564 4287
0.003565 4287
0.003566 4286
0.003567 4286
0.003568 4286
0.003569 4286
0.00357 4285
0.003571 4285
0.003572 4284
0.003573 4284
0.003574 4284
0.003575 4284
0.003576 4284
0.003577 4285
0.003578 4286
0.003579 4285
0.00358 4285
0.003581 4286
0.003582 4286
0.003583 4285
0.003584 4286
0.003585 4285
0.003586 4285
0.003587 4283
0.003588 4283
0.003589 4283
0.00359 4284
0.003591 4284
0.003592 4284
0.003593 4284
0.003594 4284
0.003595 4284
0.003596 4283
0.003597 4284
0.003598 4284
0.003599 4284
0.0036 4284
0.003601 4284
0.003602 4284
0.003603 4283
0.003604 4283
0.003605 4283
0.003606 4284
0.003607 4283
0.003608 4284
0.003609 4284
0.00361 4283
0.003611 4282
0.003612 4282
0.003613 4283
0.003614 4284
0.003615 4284
0.003616 4284
0.003617 4283
0.003618 4284
0.003619 4283
0.00362 4283
0.003621 4284
0.003622 4283
0.003623 4281
0.003624 4280
0.003625 4282
0.003626 4281
0.003627 4281
0.003628 4281
0.003629 4281
0.00363 4281
0.003631 4280
0.003632 4282
0.003633 4282
0.003634 4282
0.003635 4282
0.003636 4282
0.003637 4282
0.003638 4282
0.003639 4282
0.00364 4282
0.003641 4282
0.003642 4282
0.003643 4282
0.003644 4283
0.003645 4283
0.003646 4283
0.003647 4282
0.003648 4283
0.003649 4283
0.00365 4283
0.003651 4283
0.003652 4282
0.003653 4282
0.003654 4282
0.003655 4281
0.003656 4281
0.003657 4282
0.003658 4282
0.003659 4281
0.00366 4280
0.003661 4280
0.003662 4280
0.003663 4280
0.003664 4280
0.003665 4280
0.003666 4280
0.003667 4280
0.003668 4280
0.003669 4280
0.00367 4280
0.003671 4280
0.003672 4280
0.003673 4280
0.003674 4280
0.003675 4279
0.003676 4279
0.003677 4280
0.003678 4280
0.003679 4280
0.00368 4279
0.003681 4279
0.003682 4279
0.003683 4279
0.003684 4279
0.003685 4280
0.003686 4280
0.003687 4280
0.003688 4280
0.003689 4280
0.00369 4279
0.003691 4279
0.003692 4279
0.003693 4279
0.003694 4279
0.003695 4278
0.003696 4279
0.003697 4279
0.003698 4279
0.003699 4279
0.0037 4279
0.003701 4278
0.003702 4277
0.003703 4277
0.003704 4278
0.003705 4278
0.003706 4278
0.003707 4278
0.003708 4277
0.003709 4276
0.00371 4276
0.003711 4276
0.003712 4276
0.003713 4276
0.003714 4276
0.003715 4277
0.003716 4277
0.003717 4277
0.003718 4277
0.003719 4276
0.00372 4277
0.003721 4277
0.003722 4275
0.003723 4274
0.003724 4273
0.003725 4273
0.003726 4273
0.003727 4274
0.003728 4275
0.003729 4275
0.00373 4275
0.003731 4274
0.003732 4274
0.003733 4275
0.003734 4275
0.003735 4275
0.003736 4275
0.003737 4275
0.003738 4275
0.003739 4275
0.00374 4275
0.003741 4274
0.003742 4273
0.003743 4273
0.003744 4274
0.003745 4274
0.003746 4274
0.003747 4275
0.003748 4274
0.003749 4274
0.00375 4273
0.003751 4272
0.003752 4272
0.003753 4273
0.003754 4273
0.003755 4273
0.003756 4273
0.003757 4273
0.003758 4273
0.003759 4273
0.00376 4273
0.003761 4273
0.003762 4273
0.003763 4273
0.003764 4274
0.003765 4274
0.003766 4274
0.003767 4274
0.003768 4274
0.003769 4274
0.00377 4275
0.003771 4275
0.003772 4276
0.003773 4276
0.003774 4276
0.003775 4275
0.003776 4275
0.003777 4275
0.003778 4274
0.003779 4275
0.00378 4275
0.003781 4277
0.003782 4278
0.003783 4277
0.003784 4276
0.003785 4276
0.003786 4276
0.003787 4278
0.003788 4278
0.003789 4278
0.00379 4278
0.003791 4278
0.003792 4279
0.003793 4279
0.003794 4279
0.003795 4281
0.003796 4281
0.003797 4283
0.003798 4283
0.003799 4283
0.0038 4283
0.003801 4283
0.003802 4283
0.003803 4283
0.003804 4283
0.003805 4283
0.003806 4284
0.003807 4284
0.003808 4284
0.003809 4284
0.00381 4283
0.003811 4283
0.003812 4284
0.003813 4284
0.003814 4282
0.003815 4282
0.003816 4281
0.003817 4281
0.003818 4281
0.003819 4282
0.00382 4282
0.003821 4282
0.003822 4282
0.003823 4282
0.003824 4281
0.003825 4281
0.003826 4280
0.003827 4279
0.003828 4279
0.003829 4280
0.00383 4280
0.003831 4281
0.003832 4281
0.003833 4281
0.003834 4281
0.003835 4281
0.003836 4281
0.003837 4281
0.003838 4281
0.003839 4281
0.00384 4281
0.003841 4280
0.003842 4279
0.003843 4280
0.003844 4280
0.003845 4280
0.003846 4280
0.003847 4280
0.003848 4280
0.003849 4280
0.00385 4280
0.003851 4280
0.003852 4280
0.003853 4280
0.003854 4280
0.003855 4280
0.003856 4280
0.003857 4280
0.003858 4281
0.003859 4281
0.00386 4281
0.003861 4281
0.003862 4280
0.003863 4280
0.003864 4280
0.003865 4280
0.003866 4280
0.003867 4279
0.003868 4279
0.003869 4280
0.00387 4280
0.003871 4281
0.003872 4282
0.003873 4282
0.003874 4282
0.003875 4283
0.003876 4284
0.003877 4284
0.003878 4283
0.003879 4283
0.00388 4283
0.003881 4283
0.003882 4283
0.003883 4283
0.003884 4283
0.003885 4283
0.003886 4283
0.003887 4282
0.003888 4282
0.003889 4282
0.00389 4282
0.003891 4282
0.003892 4283
0.003893 4282
0.003894 4282
0.003895 4282
0.003896 4282
0.003897 4282
0.003898 4282
0.003899 4283
0.0039 4283
0.003901 4282
0.003902 4282
0.003903 4282
0.003904 4282
0.003905 4282
0.003906 4282
0.003907 4282
0.003908 4282
0.003909 4282
0.00391 4282
0.003911 4282
0.003912 4282
0.003913 4282
0.003914 4282
0.003915 4282
0.003916 4283
0.003917 4282
0.003918 4282
0.003919 4282
0.00392 4282
0.003921 4282
0.003922 4281
0.003923 4281
0.003924 4280
0.003925 4281
0.003926 4282
0.003927 4282
0.003928 4281
0.003929 4280
0.00393 4280
0.003931 4280
0.003932 4280
0.003933 4280
0.003934 4281
0.003935 4281
0.003936 4281
0.003937 4281
0.003938 4280
0.003939 4282
0.00394 4282
0.003941 4282
0.003942 4282
0.003943 4282
0.003944 4282
0.003945 4282
0.003946 4283
0.003947 4285
0.003948 4285
0.003949 4285
0.00395 4284
0.003951 4284
0.003952 4284
0.003953 4284
0.003954 4284
0.003955 4284
0.003956 4284
0.003957 4283
0.003958 4283
0.003959 4284
0.00396 4285
0.003961 4285
0.003962 4286
0.003963 4286
0.003964 4286
0.003965 4286
0.003966 4287
0.003967 4288
0.003968 4289
0.003969 4289
0.00397 4289
0.003971 4289
0.003972 4289
0.003973 4289
0.003974 4289
0.003975 4289
0.003976 4290
0.003977 4290
0.003978 4290
0.003979 4290
0.00398 4289
0.003981 4290
0.003982 4290
0.003983 4291
0.003984 4291
0.003985 4291
0.003986 4291
0.003987 4291
0.003988 4291
0.003989 4290
0.00399 4290
0.003991 4291
0.003992 4290
0.003993 4289
0.003994 4290
0.003995 4289
0.003996 4289
0.003997 4288
0.003998 4286
0.003999 4286
0.004 4286
0.004001 4286
0.004002 4287
0.004003 4287
0.004004 4287
0.004005 4286
0.004006 4285
0.004007 4285
0.004008 4285
0.004009 4285
0.00401 4285
0.004011 4285
0.004012 4285
0.004013 4285
0.004014 4284
0.004015 4282
0.004016 4282
0.004017 4280
0.004018 4280
0.004019 4280
0.00402 4280
0.004021 4280
0.004022 4280
0.004023 4281
0.004024 4281
0.004025 4281
0.004026 4282
0.004027 4282
0.004028 4282
0.004029 4282
0.00403 4282
0.004031 4283
0.004032 4283
0.004033 4283
0.004034 4283
0.004035 4283
0.004036 4283
0.004037 4282
0.004038 4284
0.004039 4284
0.00404 4282
0.004041 4280
0.004042 4280
0.004043 4281
0.004044 4280
0.004045 4279
0.004046 4279
0.004047 4279
0.004048 4279
0.004049 4279
0.00405 4279
0.004051 4279
0.004052 4279
0.004053 4279
0.004054 4280
0.004055 4281
0.004056 4281
0.004057 4282
0.004058 4281
0.004059 4281
0.00406 4282
0.004061 4282
0.004062 4281
0.004063 4281
0.004064 4281
0.004065 4281
0.004066 4281
0.004067 4281
0.004068 4280
0.004069 4281
0.00407 4281
0.004071 4281
0.004072 4281
0.004073 4281
0.004074 4281
0.004075 4281
0.004076 4280
0.004077 4280
0.004078 4280
0.004079 4280
0.00408 4280
0.004081 4280
0.004082 4280
0.004083 4280
0.004084 4280
0.004085 4280
0.004086 4279
0.004087 4280
0.004088 4280
0.004089 4280
0.00409 4280
0.004091 4280
0.004092 4279
0.004093 4279
0.004094 4279
0.004095 4279
0.004096 4280
0.004097 4280
0.004098 4279
0.004099 4279
0.0041 4279
0.004101 4279
0.004102 4279
0.004103 4279
0.004104 4279
0.004105 4279
0.004106 4277
0.004107 4277
0.004108 4277
0.004109 4278
0.00411 4278
0.004111 4278
0.004112 4278
0.004113 4278
0.004114 4278
0.004115 4278
0.004116 4278
0.004117 4278
0.004118 4278
0.004119 4278
0.00412 4278
0.004121 4278
0.004122 4278
0.004123 4278
0.004124 4280
0.004125 4280
0.004126 4280
0.004127 4280
0.004128 4280
0.004129 4280
0.00413 4281
0.004131 4283
0.004132 4283
0.004133 4283
0.004134 4283
0.004135 4283
0.004136 4283
0.004137 4284
0.004138 4285
0.004139 4285
0.00414 4284
0.004141 4284
0.004142 4285
0.004143 4285
0.004144 4285
0.004145 4285
0.004146 4286
0.004147 4286
0.004148 4286
0.004149 4287
0.00415 4287
0.004151 4287
0.004152 4287
0.004153 4287
0.004154 4287
0.004155 4287
0.004156 4286
0.004157 4286
0.004158 4287
0.004159 4287
0.00416 4287
0.004161 4287
0.004162 4287
0.004163 4287
0.004164 4287
0.004165 4287
0.004166 4286
0.004167 4285
0.004168 4285
0.004169 4286
0.00417 4287
0.004171 4286
0.004172 4286
0.004173 4286
0.004174 4286
0.004175 4286
0.004176 4286
0.004177 4286
0.004178 4286
0.004179 4286
0.00418 4286
0.004181 4286
0.004182 4286
0.004183 4286
0.004184 4286
0.004185 4287
0.004186 4287
0.004187 4287
0.004188 4286
0.004189 4287
0.00419 4287
0.004191 4288
0.004192 4290
0.004193 4290
0.004194 4290
0.004195 4290
0.004196 4291
0.004197 4290
0.004198 4290
0.004199 4290
0.0042 4290
0.004201 4291
0.004202 4292
0.004203 4293
0.004204 4293
0.004205 4292
0.004206 4291
0.004207 4291
0.004208 4291
0.004209 4290
0.00421 4291
0.004211 4292
0.004212 4292
0.004213 4292
0.004214 4292
0.004215 4292
0.004216 4292
0.004217 4292
0.004218 4293
0.004219 4293
0.00422 4293
0.004221 4293
0.004222 4293
0.004223 4294
0.004224 4294
0.004225 4294
0.004226 4294
0.004227 4295
0.004228 4295
0.004229 4297
0.00423 4296
0.004231 4295
0.004232 4295
0.004233 4295
0.004234 4294
0.004235 4293
0.004236 4293
0.004237 4293
0.004238 4293
0.004239 4293
0.00424 4293
0.004241 4293
0.004242 4293
0.004243 4293
0.004244 4293
0.004245 4293
0.004246 4293
0.004247 4293
0.004248 4294
0.004249 4294
0.00425 4294
0.004251 4295
0.004252 4294
0.004253 4295
0.004254 4297
0.004255 4297
0.004256 4296
0.004257 4296
0.004258 4296
0.004259 4296
0.00426 4295
0.004261 4295
0.004262 4295
0.004263 4294
0.004264 4294
0.004265 4294
0.004266 4294
0.004267 4294
0.004268 4294
0.004269 4294
0.00427 4295
0.004271 4295
0.004272 4294
0.004273 4293
0.004274 4293
0.004275 4293
0.004276 4293
0.004277 4293
0.004278 4293
0.004279 4293
0.00428 4293
0.004281 4293
0.004282 4293
0.004283 4294
0.004284 4294
0.004285 4294
0.004286 4294
0.004287 4295
0.004288 4295
0.004289 4292
0.00429 4292
0.004291 4292
0.004292 4292
0.004293 4290
0.004294 4290
0.004295 4290
0.004296 4290
0.004297 4290
0.004298 4290
0.004299 4290
0.0043 4290
0.004301 4289
0.004302 4289
0.004303 4289
0.004304 4290
0.004305 4290
0.004306 4290
0.004307 4290
0.004308 4288
0.004309 4288
0.00431 4288
0.004311 4289
0.004312 4289
0.004313 4287
0.004314 4288
0.004315 4288
0.004316 4288
0.004317 4289
0.004318 4289
0.004319 4289
0.00432 4289
0.004321 4288
0.004322 4289
0.004323 4288
0.004324 4287
0.004325 4287
0.004326 4287
0.004327 4286
0.004328 4286
0.004329 4286
0.00433 4286
0.004331 4285
0.004332 4285
0.004333 4285
0.004334 4284
0.004335 4284
0.004336 4284
0.004337 4284
0.004338 4285
0.004339 4285
0.00434 4285
0.004341 4285
0.004342 4285
0.004343 4286
0.004344 4288
0.004345 4287
0.004346 4287
0.004347 4287
0.004348 4288
0.004349 4287
0.00435 4287
0.004351 4287
0.004352 4288
0.004353 4287
0.004354 4287
0.004355 4287
0.004356 4287
0.004357 4286
0.004358 4285
0.004359 4284
0.00436 4284
0.004361 4284
0.004362 4284
0.004363 4285
0.004364 4285
0.004365 4286
0.004366 4287
0.004367 4286
0.004368 4286
0.004369 4286
0.00437 4286
0.004371 4286
0.004372 4286
0.004373 4286
0.004374 4287
0.004375 4287
0.004376 4287
0.004377 4287
0.004378 4287
0.004379 4288
0.00438 4288
0.004381 4287
0.004382 4287
0.004383 4288
0.004384 4288
0.004385 4288
0.004386 4290
0.004387 4290
0.004388 4289
0.004389 4289
0.00439 4289
0.004391 4289
0.004392 4289
0.004393 4289
0.004394 4289
0.004395 4289
0.004396 4288
0.004397 4289
0.004398 4289
0.004399 4290
0.0044 4289
0.004401 4290
0.004402 4289
0.004403 4289
0.004404 4289
0.004405 4289
0.004406 4288
0.004407 4288
0.004408 4288
0.004409 4288
0.00441 4289
0.004411 4288
0.004412 4288
0.004413 4288
0.004414 4287
0.004415 4287
0.004416 4287
0.004417 4287
0.004418 4286
0.004419 4286
0.00442 4286
0.004421 4286
0.004422 4286
0.004423 4285
0.004424 4285
0.004425 4285
0.004426 4286
0.004427 4285
0.004428 4285
0.004429 4285
0.00443 4286
0.004431 4286
0.004432 4285
0.004433 4285
0.004434 4285
0.004435 4285
0.004436 4285
0.004437 4286
0.004438 4286
0.004439 4285
0.00444 4285
0.004441 4286
0.004442 4285
0.004443 4286
0.004444 4286
0.004445 4288
0.004446 4289
0.004447 4289
0.004448 4291
0.004449 4291
0.00445 4291
0.004451 4292
0.004452 4292
0.004453 4291
0.004454 4291
0.004455 4291
0.004456 4292
0.004457 4292
0.004458 4292
0.004459 4292
0.00446 4291
0.004461 4291
0.004462 4292
0.004463 4292
0.004464 4292
0.004465 4292
0.004466 4292
0.004467 4292
0.004468 4292
0.004469 4293
0.00447 4293
0.004471 4293
0.004472 4294
0.004473 4295
0.004474 4296
0.004475 4296
0.004476 4296
0.004477 4294
0.004478 4295
0.004479 4295
0.00448 4295
0.004481 4294
0.004482 4293
0.004483 4293
0.004484 4293
0.004485 4293
0.004486 4293
0.004487 4294
0.004488 4294
0.004489 4294
0.00449 4294
0.004491 4295
0.004492 4296
0.004493 4296
0.004494 4296
0.004495 4296
0.004496 4296
0.004497 4296
0.004498 4295
0.004499 4295
0.0045 4295
0.004501 4294
0.004502 4294
0.004503 4294
0.004504 4294
0.004505 4293
0.004506 4294
0.004507 4294
0.004508 4294
0.004509 4294
0.00451 4295
0.004511 4295
0.004512 4296
0.004513 4296
0.004514 4296
0.004515 4296
0.004516 4297
0.004517 4297
0.004518 4295
0.004519 4295
0.00452 4295
0.004521 4296
0.004522 4296
0.004523 4297
0.004524 4297
0.004525 4297
0.004526 4297
0.004527 4297
0.004528 4297
0.004529 4298
0.00453 4298
0.004531 4298
0.004532 4298
0.004533 4298
0.004534 4299
0.004535 4299
0.004536 4299
0.004537 4298
0.004538 4298
0.004539 4297
0.00454 4298
0.004541 4299
0.004542 4298
0.004543 4298
0.004544 4298
0.004545 4297
0.004546 4296
0.004547 4296
0.004548 4296
0.004549 4295
0.00455 4295
0.004551 4295
0.004552 4293
0.004553 4293
0.004554 4294
0.004555 4294
0.004556 4294
0.004557 4294
0.004558 4293
0.004559 4293
0.00456 4292
0.004561 4292
0.004562 4292
0.004563 4292
0.004564 4290
0.004565 4289
0.004566 4289
0.004567 4289
0.004568 4289
0.004569 4289
0.00457 4290
0.004571 4290
0.004572 4291
0.004573 4291
0.004574 4291
0.004575 4291
0.004576 4292
0.004577 4292
0.004578 4291
0.004579 4290
0.00458 4290
0.004581 4290
0.004582 4290
0.004583 4290
0.004584 4291
0.004585 4292
0.004586 4291
0.004587 4290
0.004588 4290
0.004589 4291
0.00459 4292
0.004591 4293
0.004592 4293
0.004593 4292
0.004594 4292
0.004595 4292
0.004596 4292
0.004597 4291
0.004598 4290
0.004599 4290
0.0046 4290
0.004601 4290
0.004602 4291
0.004603 4292
0.004604 4292
0.004605 4291
0.004606 4291
0.004607 4291
0.004608 4291
0.004609 4292
0.00461 4292
0.004611 4292
0.004612 4292
0.004613 4292
0.004614 4292
0.004615 4293
0.004616 4293
0.004617 4293
0.004618 4293
0.004619 4294
0.00462 4294
0.004621 4294
0.004622 4294
0.004623 4295
0.004624 4295
0.004625 4295
0.004626 4295
0.004627 4295
0.004628 4295
0.004629 4295
0.00463 4295
0.004631 4295
0.004632 4295
0.004633 4295
0.004634 4295
0.004635 4295
0.004636 4296
0.004637 4294
0.004638 4294
0.004639 4295
0.00464 4295
0.004641 4295
0.004642 4295
0.004643 4295
0.004644 4295
0.004645 4295
0.004646 4296
0.004647 4296
0.004648 4297
0.004649 4297
0.00465 4296
0.004651 4296
0.004652 4296
0.004653 4296
0.004654 4295
0.004655 4294
0.004656 4294
0.004657 4294
0.004658 4295
0.004659 4294
0.00466 4294
0.004661 4294
0.004662 4294
0.004663 4294
0.004664 4297
0.004665 4297
0.004666 4298
0.004667 4300
0.004668 4300
0.004669 4300
0.00467 4300
0.004671 4300
0.004672 4302
0.004673 4299
0.004674 4299
0.004675 4299
0.004676 4300
0.004677 4300
0.004678 4301
0.004679 4301
0.00468 4301
0.004681 4301
0.004682 4302
0.004683 4302
0.004684 4301
0.004685 4301
0.004686 4301
0.004687 4301
0.004688 4303
0.004689 4302
0.00469 4302
0.004691 4300
0.004692 4298
0.004693 4299
0.004694 4299
0.004695 4299
0.004696 4299
0.004697 4300
0.004698 4300
0.004699 4299
0.0047 4299
0.004701 4299
0.004702 4300
0.004703 4300
0.004704 4300
0.004705 4300
0.004706 4301
0.004707 4301
0.004708 4301
0.004709 4301
0.00471 4301
0.004711 4301
0.004712 4302
0.004713 4302
0.004714 4302
0.004715 4302
0.004716 4302
0.004717 4302
0.004718 4304
0.004719 4304
0.00472 4304
0.004721 4304
0.004722 4304
0.004723 4305
0.004724 4305
0.004725 4307
0.004726 4307
0.004727 4307
0.004728 4307
0.004729 4307
0.00473 4307
0.004731 4307
0.004732 4307
0.004733 4308
0.004734 4309
0.004735 4308
0.004736 4308
0.004737 4308
0.004738 4307
0.004739 4307
0.00474 4307
0.004741 4307
0.004742 4308
0.004743 4307
0.004744 4307
0.004745 4307
0.004746 4307
0.004747 4305
0.004748 4304
0.004749 4302
0.00475 4302
0.004751 4302
0.004752 4302
0.004753 4302
0.004754 4302
0.004755 4302
0.004756 4302
0.004757 4302
0.004758 4303
0.004759 4303
0.00476 4303
0.004761 4302
0.004762 4301
0.004763 4301
0.004764 4302
0.004765 4301
0.004766 4301
0.004767 4301
0.004768 4300
0.004769 4300
0.00477 4301
0.004771 4301
0.004772 4301
0.004773 4301
0.004774 4300
0.004775 4300
0.004776 4301
0.004777 4301
0.004778 4301
0.004779 4301
0.00478 4301
0.004781 4301
0.004782 4301
0.004783 4301
0.004784 4301
0.004785 4300
0.004786 4300
0.004787 4299
0.004788 4300
0.004789 4300
0.00479 4301
0.004791 4301
0.004792 4300
0.004793 4300
0.004794 4300
0.004795 4301
0.004796 4301
0.004797 4301
0.004798 4302
0.004799 4303
0.0048 4303
0.004801 4303
0.004802 4303
0.004803 4303
0.004804 4303
0.004805 4303
0.004806 4303
0.004807 4303
0.004808 4302
0.004809 4303
0.00481 4303
0.004811 4305
0.004812 4306
0.004813 4306
0.004814 4306
0.004815 4306
0.004816 4306
0.004817 4306
0.004818 4306
0.004819 4306
0.00482 4305
0.004821 4305
0.004822 4305
0.004823 4305
0.004824 4305
0.004825 4305
0.004826 4305
0.004827 4305
0.004828 4305
0.004829 4304
0.00483 4304
0.004831 4304
0.004832 4304
0.004833 4305
0.004834 4306
0.004835 4306
0.004836 4306
0.004837 4305
0.004838 4305
0.004839 4305
0.00484 4306
0.004841 4303
0.004842 4303
0.004843 4302
0.004844 4303
0.004845 4303
0.004846 4303
0.004847 4304
0.004848 4304
0.004849 4303
0.00485 4303
0.004851 4302
0.004852 4302
0.004853 4302
0.004854 4303
0.004855 4303
0.004856 4303
0.004857 4304
0.004858 4304
0.004859 4304
0.00486 4304
0.004861 4304
0.004862 4303
0.004863 4303
0.004864 4303
0.004865 4304
0.004866 4304
0.004867 4304
0.004868 4304
0.004869 4304
0.00487 4304
0.004871 4305
0.004872 4304
0.004873 4304
0.004874 4305
0.004875 4305
0.004876 4305
0.004877 4305
0.004878 4306
0.004879 4305
0.00488 4305
0.004881 4305
0.004882 4305
0.004883 4305
0.004884 4306
0.004885 4306
0.004886 4306
0.004887 4306
0.004888 4306
0.004889 4306
0.00489 4306
0.004891 4306
0.004892 4306
0.004893 4306
0.004894 4306
0.004895 4306
0.004896 4305
0.004897 4305
0.004898 4305
0.004899 4305
0.0049 4304
0.004901 4304
0.004902 4303
0.004903 4303
0.004904 4303
0.004905 4303
0.004906 4303
0.004907 4303
0.004908 4303
0.004909 4303
0.00491 4303
0.004911 4302
0.004912 4302
0.004913 4302
0.004914 4302
0.004915 4302
0.004916 4303
0.004917 4303
0.004918 4303
0.004919 4305
0.00492 4305
0.004921 4304
0.004922 4304
0.004923 4304
0.004924 4304
0.004925 4304
0.004926 4304
0.004927 4305
0.004928 4305
0.004929 4305
0.00493 4305
0.004931 4305
0.004932 4304
0.004933 4303
0.004934 4303
0.004935 4303
0.004936 4303
0.004937 4303
0.004938 4304
0.004939 4304
0.00494 4304
0.004941 4304
0.004942 4304
0.004943 4303
0.004944 4302
0.004945 4301
0.004946 4300
0.004947 4300
0.004948 4300
0.004949 4300
0.00495 4300
0.004951 4300
0.004952 4299
0.004953 4299
0.004954 4299
0.004955 4299
0.004956 4299
0.004957 4299
0.004958 4300
0.004959 4301
0.00496 4301
0.004961 4301
0.004962 4301
0.004963 4300
0.004964 4300
0.004965 4300
0.004966 4299
0.004967 4300
0.004968 4300
0.004969 4299
0.00497 4299
0.004971 4300
0.004972 4300
0.004973 4299
0.004974 4298
0.004975 4298
0.004976 4299
0.004977 4299
0.004978 4299
0.004979 4299
0.00498 4301
0.004981 4301
0.004982 4302
0.004983 4302
0.004984 4302
0.004985 4302
0.004986 4302
0.004987 4302
0.004988 4302
0.004989 4303
0.00499 4303
0.004991 4303
0.004992 4303
0.004993 4303
0.004994 4303
0.004995 4303
0.004996 4301
0.004997 4301
0.004998 4301
0.004999 4300
0.005 4299
