0 2797
1e-06 2801
2e-06 2811
3e-06 2820
4e-06 2824
5e-06 2841
6e-06 2850
7e-06 2857
8e-06 2865
9e-06 2871
1e-05 2880
1.1e-05 2882
1.2e-05 2893
1.3e-05 2897
1.4e-05 2911
1.5e-05 2915
1.6e-05 2919
1.7e-05 2930
1.8e-05 2940
1.9e-05 2942
2e-05 2946
2.1e-05 2950
2.2e-05 2956
2.3e-05 2962
2.4e-05 2969
2.5e-05 2968
2.6e-05 2977
2.7e-05 2981
2.8e-05 2991
2.9e-05 2999
3e-05 3009
3.1e-05 3011
3.2e-05 3025
3.3e-05 3031
3.4e-05 3037
3.5e-05 3042
3.6e-05 3045
3.7e-05 3049
3.8e-05 3054
3.9e-05 3055
4e-05 3066
4.1e-05 3073
4.2e-05 3080
4.3e-05 3085
4.4e-05 3086
4.5e-05 3097
4.6e-05 3098
4.7e-05 3103
4.8e-05 3108
4.9e-05 3113
5e-05 3122
5.1e-05 3126
5.2e-05 3132
5.3e-05 3141
5.4e-05 3150
5.5e-05 3153
5.6e-05 3161
5.7e-05 3169
5.8e-05 3171
5.9e-05 3173
6e-05 3186
6.1e-05 3192
6.2e-05 3198
6.3e-05 3209
6.4e-05 3218
6.5e-05 3217
6.6e-05 3217
6.7e-05 3221
6.8e-05 3227
6.9e-05 3228
7e-05 3231
7.1e-05 3237
7.2e-05 3237
7.3e-05 3243
7.4e-05 3244
7.5e-05 3255
7.6e-05 3262
7.7e-05 3270
7.8e-05 3272
7.9e-05 3278
8e-05 3283
8.1e-05 3286
8.2e-05 3291
8.3e-05 3296
8.4e-05 3299
8.5e-05 3298
8.6e-05 3303
8.7e-05 3309
8.8e-05 3311
8.9e-05 3310
9e-05 3312
9.1e-05 3314
9.2e-05 3323
9.3e-05 3330
9.4e-05 3336
9.5e-05 3341
9.6e-05 3349
9.7e-05 3352
9.8e-05 3354
9.9e-05 3358
0.0001 3362
0.000101 3366
0.000102 3366
0.000103 3370
0.000104 3373
0.000105 3381
0.000106 3383
0.000107 3388
0.000108 3390
0.000109 3395
0.00011 3400
0.000111 3403
0.000112 3406
0.000113 3410
0.000114 3411
0.000115 3408
0.000116 3414
0.000117 3416
0.000118 3421
0.000119 3425
0.00012 3425
0.000121 3429
0.000122 3434
0.000123 3437
0.000124 3441
0.000125 3445
0.000126 3447
0.000127 3449
0.000128 3453
0.000129 3455
0.00013 3458
0.000131 3460
0.000132 3465
0.000133 3467
0.000134 3468
0.000135 3471
0.000136 3469
0.000137 3471
0.000138 3469
0.000139 3476
0.00014 3476
0.000141 3476
0.000142 3483
0.000143 3489
0.000144 3489
0.000145 3494
0.000146 3500
0.000147 3501
0.000148 3503
0.000149 3508
0.00015 3508
0.000151 3508
0.000152 3508
0.000153 3513
0.000154 3514
0.000155 3516
0.000156 3519
0.000157 3521
0.000158 3524
0.000159 3522
0.00016 3524
0.000161 3524
0.000162 3526
0.000163 3526
0.000164 3526
0.000165 3529
0.000166 3533
0.000167 3537
0.000168 3535
0.000169 3535
0.00017 3537
0.000171 3538
0.000172 3539
0.000173 3541
0.000174 3541
0.000175 3547
0.000176 3548
0.000177 3543
0.000178 3547
0.000179 3552
0.00018 3557
0.000181 3559
0.000182 3561
0.000183 3560
0.000184 3561
0.000185 3564
0.000186 3565
0.000187 3566
0.000188 3568
0.000189 3569
0.00019 3569
0.000191 3570
0.000192 3570
0.000193 3569
0.000194 3568
0.000195 3573
0.000196 3573
0.000197 3578
0.000198 3580
0.000199 3580
0.0002 3581
0.000201 3583
0.000202 3580
0.000203 3581
0.000204 3586
0.000205 3589
0.000206 3592
0.000207 3593
0.000208 3594
0.000209 3596
0.00021 3598
0.000211 3599
0.000212 3598
0.000213 3600
0.000214 3601
0.000215 3603
0.000216 3604
0.000217 3604
0.000218 3605
0.000219 3605
0.00022 3605
0.000221 3607
0.000222 3606
0.000223 3605
0.000224 3608
0.000225 3608
0.000226 3610
0.000227 3612
0.000228 3612
0.000229 3616
0.00023 3618
0.000231 3619
0.000232 3623
0.000233 3622
0.000234 3619
0.000235 3621
0.000236 3623
0.000237 3629
0.000238 3630
0.000239 3633
0.00024 3634
0.000241 3633
0.000242 3636
0.000243 3634
0.000244 3635
0.000245 3635
0.000246 3635
0.000247 3635
0.000248 3638
0.000249 3638
0.00025 3639
0.000251 3637
0.000252 3643
0.000253 3642
0.000254 3647
0.000255 3650
0.000256 3652
0.000257 3653
0.000258 3653
0.000259 3657
0.00026 3662
0.000261 3665
0.000262 3670
0.000263 3671
0.000264 3670
0.000265 3672
0.000266 3672
0.000267 3672
0.000268 3673
0.000269 3676
0.00027 3678
0.000271 3677
0.000272 3680
0.000273 3679
0.000274 3677
0.000275 3677
0.000276 3679
0.000277 3681
0.000278 3687
0.000279 3691
0.00028 3690
0.000281 3690
0.000282 3692
0.000283 3693
0.000284 3695
0.000285 3697
0.000286 3695
0.000287 3696
0.000288 3695
0.000289 3696
0.00029 3697
0.000291 3697
0.000292 3699
0.000293 3700
0.000294 3703
0.000295 3704
0.000296 3705
0.000297 3706
0.000298 3706
0.000299 3707
0.0003 3707
0.000301 3709
0.000302 3708
0.000303 3711
0.000304 3715
0.000305 3717
0.000306 3718
0.000307 3720
0.000308 3719
0.000309 3719
0.00031 3719
0.000311 3719
0.000312 3720
0.000313 3719
0.000314 3722
0.000315 3723
0.000316 3724
0.000317 3724
0.000318 3723
0.000319 3721
0.00032 3722
0.000321 3724
0.000322 3723
0.000323 3722
0.000324 3724
0.000325 3727
0.000326 3729
0.000327 3729
0.000328 3726
0.000329 3726
0.00033 3727
0.000331 3729
0.000332 3730
0.000333 3731
0.000334 3733
0.000335 3732
0.000336 3733
0.000337 3734
0.000338 3737
0.000339 3737
0.00034 3738
0.000341 3740
0.000342 3740
0.000343 3738
0.000344 3738
0.000345 3739
0.000346 3739
0.000347 3742
0.000348 3742
0.000349 3745
0.00035 3747
0.000351 3747
0.000352 3748
0.000353 3749
0.000354 3749
0.000355 3749
0.000356 3748
0.000357 3748
0.000358 3748
0.000359 3749
0.00036 3748
0.000361 3749
0.000362 3750
0.000363 3751
0.000364 3749
0.000365 3753
0.000366 3755
0.000367 3755
0.000368 3755
0.000369 3754
0.00037 3755
0.000371 3756
0.000372 3756
0.000373 3759
0.000374 3760
0.000375 3760
0.000376 3760
0.000377 3762
0.000378 3762
0.000379 3762
0.00038 3765
0.000381 3766
0.000382 3767
0.000383 3767
0.000384 3769
0.000385 3771
0.000386 3771
0.000387 3775
0.000388 3775
0.000389 3776
0.00039 3778
0.000391 3777
0.000392 3778
0.000393 3779
0.000394 3779
0.000395 3781
0.000396 3781
0.000397 3781
0.000398 3783
0.000399 3782
0.0004 3782
0.000401 3783
0.000402 3783
0.000403 3783
0.000404 3784
0.000405 3785
0.000406 3785
0.000407 3784
0.000408 3784
0.000409 3785
0.00041 3786
0.000411 3785
0.000412 3786
0.000413 3786
0.000414 3785
0.000415 3785
0.000416 3786
0.000417 3788
0.000418 3790
0.000419 3790
0.00042 3788
0.000421 3788
0.000422 3788
0.000423 3788
0.000424 3789
0.000425 3790
0.000426 3791
0.000427 3792
0.000428 3791
0.000429 3792
0.00043 3793
0.000431 3796
0.000432 3795
0.000433 3795
0.000434 3795
0.000435 3794
0.000436 3795
0.000437 3795
0.000438 3794
0.000439 3794
0.00044 3793
0.000441 3794
0.000442 3795
0.000443 3797
0.000444 3800
0.000445 3801
0.000446 3802
0.000447 3802
0.000448 3804
0.000449 3805
0.00045 3805
0.000451 3807
0.000452 3807
0.000453 3807
0.000454 3805
0.000455 3805
0.000456 3805
0.000457 3805
0.000458 3805
0.000459 3806
0.00046 3806
0.000461 3807
0.000462 3808
0.000463 3808
0.000464 3808
0.000465 3809
0.000466 3807
0.000467 3808
0.000468 3809
0.000469 3809
0.00047 3810
0.000471 3811
0.000472 3813
0.000473 3814
0.000474 3815
0.000475 3815
0.000476 3816
0.000477 3814
0.000478 3814
0.000479 3816
0.00048 3817
0.000481 3817
0.000482 3817
0.000483 3817
0.000484 3817
0.000485 3818
0.000486 3818
0.000487 3819
0.000488 3820
0.000489 3820
0.00049 3822
0.000491 3819
0.000492 3821
0.000493 3821
0.000494 3821
0.000495 3822
0.000496 3823
0.000497 3823
0.000498 3822
0.000499 3822
0.0005 3822
0.000501 3821
0.000502 3822
0.000503 3822
0.000504 3822
0.000505 3825
0.000506 3825
0.000507 3825
0.000508 3825
0.000509 3825
0.00051 3824
0.000511 3825
0.000512 3825
0.000513 3824
0.000514 3824
0.000515 3824
0.000516 3825
0.000517 3825
0.000518 3825
0.000519 3825
0.00052 3826
0.000521 3828
0.000522 3828
0.000523 3827
0.000524 3830
0.000525 3829
0.000526 3829
0.000527 3829
0.000528 3829
0.000529 3828
0.00053 3833
0.000531 3833
0.000532 3834
0.000533 3834
0.000534 3832
0.000535 3834
0.000536 3834
0.000537 3834
0.000538 3834
0.000539 3835
0.00054 3835
0.000541 3835
0.000542 3836
0.000543 3836
0.000544 3836
0.000545 3836
0.000546 3836
0.000547 3835
0.000548 3835
0.000549 3836
0.00055 3836
0.000551 3836
0.000552 3837
0.000553 3837
0.000554 3837
0.000555 3837
0.000556 3839
0.000557 3841
0.000558 3840
0.000559 3838
0.00056 3839
0.000561 3839
0.000562 3839
0.000563 3838
0.000564 3837
0.000565 3837
0.000566 3838
0.000567 3838
0.000568 3838
0.000569 3837
0.00057 3837
0.000571 3837
0.000572 3837
0.000573 3838
0.000574 3838
0.000575 3838
0.000576 3839
0.000577 3839
0.000578 3840
0.000579 3840
0.00058 3841
0.000581 3842
0.000582 3842
0.000583 3842
0.000584 3843
0.000585 3843
0.000586 3844
0.000587 3845
0.000588 3845
0.000589 3846
0.00059 3846
0.000591 3847
0.000592 3847
0.000593 3847
0.000594 3847
0.000595 3848
0.000596 3848
0.000597 3849
0.000598 3849
0.000599 3849
0.0006 3848
0.000601 3850
0.000602 3852
0.000603 3852
0.000604 3852
0.000605 3852
0.000606 3852
0.000607 3851
0.000608 3851
0.000609 3850
0.00061 3850
0.000611 3851
0.000612 3852
0.000613 3851
0.000614 3852
0.000615 3852
0.000616 3853
0.000617 3853
0.000618 3853
0.000619 3854
0.00062 3854
0.000621 3854
0.000622 3855
0.000623 3854
0.000624 3854
0.000625 3854
0.000626 3853
0.000627 3854
0.000628 3854
0.000629 3854
0.00063 3856
0.000631 3856
0.000632 3858
0.000633 3858
0.000634 3859
0.000635 3859
0.000636 3858
0.000637 3859
0.000638 3859
0.000639 3859
0.00064 3859
0.000641 3859
0.000642 3858
0.000643 3858
0.000644 3858
0.000645 3858
0.000646 3860
0.000647 3861
0.000648 3862
0.000649 3861
0.00065 3862
0.000651 3862
0.000652 3864
0.000653 3864
0.000654 3863
0.000655 3863
0.000656 3863
0.000657 3863
0.000658 3863
0.000659 3863
0.00066 3864
0.000661 3864
0.000662 3864
0.000663 3864
0.000664 3864
0.000665 3864
0.000666 3864
0.000667 3864
0.000668 3863
0.000669 3863
0.00067 3863
0.000671 3863
0.000672 3862
0.000673 3862
0.000674 3863
0.000675 3863
0.000676 3863
0.000677 3863
0.000678 3863
0.000679 3863
0.00068 3863
0.000681 3863
0.000682 3863
0.000683 3863
0.000684 3862
0.000685 3863
0.000686 3863
0.000687 3863
0.000688 3865
0.000689 3865
0.00069 3867
0.000691 3867
0.000692 3867
0.000693 3867
0.000694 3867
0.000695 3867
0.000696 3867
0.000697 3867
0.000698 3867
0.000699 3867
0.0007 3867
0.000701 3867
0.000702 3867
0.000703 3868
0.000704 3868
0.000705 3868
0.000706 3868
0.000707 3868
0.000708 3868
0.000709 3868
0.00071 3867
0.000711 3868
0.000712 3868
0.000713 3869
0.000714 3869
0.000715 3869
0.000716 3869
0.000717 3869
0.000718 3869
0.000719 3866
0.00072 3866
0.000721 3868
0.000722 3868
0.000723 3868
0.000724 3869
0.000725 3869
0.000726 3869
0.000727 3869
0.000728 3869
0.000729 3868
0.00073 3869
0.000731 3869
0.000732 3870
0.000733 3868
0.000734 3868
0.000735 3868
0.000736 3868
0.000737 3867
0.000738 3869
0.000739 3869
0.00074 3868
0.000741 3868
0.000742 3868
0.000743 3868
0.000744 3868
0.000745 3869
0.000746 3869
0.000747 3868
0.000748 3868
0.000749 3868
0.00075 3868
0.000751 3868
0.000752 3868
0.000753 3869
0.000754 3869
0.000755 3870
0.000756 3871
0.000757 3872
0.000758 3871
0.000759 3873
0.00076 3873
0.000761 3871
0.000762 3870
0.000763 3872
0.000764 3872
0.000765 3872
0.000766 3870
0.000767 3870
0.000768 3870
0.000769 3871
0.00077 3870
0.000771 3870
0.000772 3869
0.000773 3870
0.000774 3871
0.000775 3871
0.000776 3871
0.000777 3870
0.000778 3871
0.000779 3871
0.00078 3871
0.000781 3871
0.000782 3870
0.000783 3870
0.000784 3870
0.000785 3871
0.000786 3872
0.000787 3873
0.000788 3873
0.000789 3873
0.00079 3873
0.000791 3873
0.000792 3872
0.000793 3871
0.000794 3871
0.000795 3871
0.000796 3871
0.000797 3871
0.000798 3870
0.000799 3872
0.0008 3872
0.000801 3872
0.000802 3872
0.000803 3872
0.000804 3872
0.000805 3873
0.000806 3871
0.000807 3869
0.000808 3869
0.000809 3869
0.00081 3869
0.000811 3869
0.000812 3869
0.000813 3869
0.000814 3869
0.000815 3869
0.000816 3871
0.000817 3870
0.000818 3870
0.000819 3869
0.00082 3870
0.000821 3870
0.000822 3870
0.000823 3870
0.000824 3872
0.000825 3873
0.000826 3873
0.000827 3873
0.000828 3874
0.000829 3875
0.00083 3875
0.000831 3875
0.000832 3875
0.000833 3875
0.000834 3874
0.000835 3872
0.000836 3872
0.000837 3872
0.000838 3872
0.000839 3872
0.00084 3872
0.000841 3871
0.000842 3871
0.000843 3871
0.000844 3872
0.000845 3872
0.000846 3873
0.000847 3873
0.000848 3873
0.000849 3873
0.00085 3873
0.000851 3873
0.000852 3873
0.000853 3873
0.000854 3874
0.000855 3874
0.000856 3873
0.000857 3874
0.000858 3874
0.000859 3874
0.00086 3876
0.000861 3876
0.000862 3876
0.000863 3875
0.000864 3875
0.000865 3875
0.000866 3875
0.000867 3875
0.000868 3874
0.000869 3873
0.00087 3874
0.000871 3873
0.000872 3873
0.000873 3872
0.000874 3871
0.000875 3871
0.000876 3871
0.000877 3872
0.000878 3872
0.000879 3872
0.00088 3872
0.000881 3872
0.000882 3871
0.000883 3870
0.000884 3870
0.000885 3869
0.000886 3869
0.000887 3869
0.000888 3869
0.000889 3869
0.00089 3869
0.000891 3869
0.000892 3868
0.000893 3868
0.000894 3868
0.000895 3868
0.000896 3868
0.000897 3868
0.000898 3868
0.000899 3868
0.0009 3868
0.000901 3869
0.000902 3869
0.000903 3868
0.000904 3868
0.000905 3868
0.000906 3868
0.000907 3868
0.000908 3868
0.000909 3868
0.00091 3867
0.000911 3867
0.000912 3867
0.000913 3868
0.000914 3869
0.000915 3869
0.000916 3869
0.000917 3868
0.000918 3870
0.000919 3871
0.00092 3871
0.000921 3871
0.000922 3872
0.000923 3872
0.000924 3872
0.000925 3872
0.000926 3872
0.000927 3873
0.000928 3873
0.000929 3872
0.00093 3874
0.000931 3875
0.000932 3876
0.000933 3876
0.000934 3877
0.000935 3877
0.000936 3877
0.000937 3876
0.000938 3876
0.000939 3877
0.00094 3877
0.000941 3877
0.000942 3878
0.000943 3879
0.000944 3879
0.000945 3879
0.000946 3880
0.000947 3879
0.000948 3879
0.000949 3880
0.00095 3880
0.000951 3881
0.000952 3881
0.000953 3881
0.000954 3882
0.000955 3884
0.000956 3884
0.000957 3884
0.000958 3884
0.000959 3885
0.00096 3885
0.000961 3885
0.000962 3885
0.000963 3885
0.000964 3884
0.000965 3884
0.000966 3884
0.000967 3884
0.000968 3883
0.000969 3883
0.00097 3883
0.000971 3883
0.000972 3883
0.000973 3883
0.000974 3883
0.000975 3883
0.000976 3884
0.000977 3885
0.000978 3885
0.000979 3884
0.00098 3884
0.000981 3884
0.000982 3885
0.000983 3885
0.000984 3885
0.000985 3885
0.000986 3885
0.000987 3885
0.000988 3886
0.000989 3886
0.00099 3886
0.000991 3885
0.000992 3885
0.000993 3886
0.000994 3886
0.000995 3886
0.000996 3886
0.000997 3886
0.000998 3885
0.000999 3885
0.001 3885
0.001001 3886
0.001002 3886
0.001003 3886
0.001004 3887
0.001005 3888
0.001006 3888
0.001007 3887
0.001008 3887
0.001009 3888
0.00101 3888
0.001011 3888
0.001012 3888
0.001013 3888
0.001014 3887
0.001015 3887
0.001016 3887
0.001017 3887
0.001018 3886
0.001019 3885
0.00102 3885
0.001021 3884
0.001022 3885
0.001023 3885
0.001024 3884
0.001025 3885
0.001026 3883
0.001027 3882
0.001028 3882
0.001029 3883
0.00103 3884
0.001031 3885
0.001032 3885
0.001033 3886
0.001034 3886
0.001035 3886
0.001036 3886
0.001037 3888
0.001038 3888
0.001039 3888
0.00104 3887
0.001041 3887
0.001042 3888
0.001043 3888
0.001044 3888
0.001045 3888
0.001046 3888
0.001047 3888
0.001048 3888
0.001049 3889
0.00105 3891
0.001051 3891
0.001052 3891
0.001053 3890
0.001054 3891
0.001055 3892
0.001056 3892
0.001057 3892
0.001058 3892
0.001059 3892
0.00106 3893
0.001061 3895
0.001062 3894
0.001063 3894
0.001064 3894
0.001065 3894
0.001066 3894
0.001067 3894
0.001068 3894
0.001069 3894
0.00107 3894
0.001071 3895
0.001072 3895
0.001073 3897
0.001074 3895
0.001075 3895
0.001076 3895
0.001077 3894
0.001078 3892
0.001079 3892
0.00108 3892
0.001081 3893
0.001082 3893
0.001083 3893
0.001084 3893
0.001085 3893
0.001086 3893
0.001087 3892
0.001088 3892
0.001089 3892
0.00109 3892
0.001091 3893
0.001092 3893
0.001093 3895
0.001094 3895
0.001095 3895
0.001096 3895
0.001097 3894
0.001098 3892
0.001099 3893
0.0011 3892
0.001101 3891
0.001102 3891
0.001103 3891
0.001104 3891
0.001105 3891
0.001106 3891
0.001107 3891
0.001108 3891
0.001109 3891
0.00111 3891
0.001111 3891
0.001112 3891
0.001113 3892
0.001114 3892
0.001115 3892
0.001116 3893
0.001117 3892
0.001118 3892
0.001119 3892
0.00112 3892
0.001121 3892
0.001122 3892
0.001123 3892
0.001124 3892
0.001125 3892
0.001126 3892
0.001127 3891
0.001128 3891
0.001129 3891
0.00113 3891
0.001131 3891
0.001132 3891
0.001133 3891
0.001134 3891
0.001135 3891
0.001136 3891
0.001137 3891
0.001138 3892
0.001139 3893
0.00114 3893
0.001141 3893
0.001142 3894
0.001143 3894
0.001144 3894
0.001145 3893
0.001146 3891
0.001147 3890
0.001148 3890
0.001149 3889
0.00115 3889
0.001151 3891
0.001152 3891
0.001153 3890
0.001154 3890
0.001155 3891
0.001156 3890
0.001157 3890
0.001158 3890
0.001159 3890
0.00116 3890
0.001161 3891
0.001162 3891
0.001163 3890
0.001164 3890
0.001165 3890
0.001166 3891
0.001167 3891
0.001168 3891
0.001169 3891
0.00117 3890
0.001171 3889
0.001172 3887
0.001173 3888
0.001174 3888
0.001175 3887
0.001176 3887
0.001177 3887
0.001178 3886
0.001179 3886
0.00118 3886
0.001181 3886
0.001182 3885
0.001183 3885
0.001184 3885
0.001185 3886
0.001186 3886
0.001187 3886
0.001188 3886
0.001189 3885
0.00119 3884
0.001191 3884
0.001192 3884
0.001193 3884
0.001194 3884
0.001195 3884
0.001196 3884
0.001197 3884
0.001198 3882
0.001199 3882
0.0012 3882
0.001201 3882
0.001202 3882
0.001203 3881
0.001204 3881
0.001205 3881
0.001206 3880
0.001207 3880
0.001208 3880
0.001209 3880
0.00121 3880
0.001211 3880
0.001212 3881
0.001213 3881
0.001214 3880
0.001215 3880
0.001216 3880
0.001217 3880
0.001218 3879
0.001219 3879
0.00122 3879
0.001221 3880
0.001222 3881
0.001223 3880
0.001224 3880
0.001225 3879
0.001226 3878
0.001227 3878
0.001228 3878
0.001229 3878
0.00123 3878
0.001231 3879
0.001232 3878
0.001233 3879
0.001234 3879
0.001235 3879
0.001236 3878
0.001237 3877
0.001238 3877
0.001239 3877
0.00124 3876
0.001241 3877
0.001242 3878
0.001243 3878
0.001244 3878
0.001245 3878
0.001246 3878
0.001247 3878
0.001248 3877
0.001249 3876
0.00125 3876
0.001251 3876
0.001252 3875
0.001253 3874
0.001254 3874
0.001255 3874
0.001256 3874
0.001257 3875
0.001258 3875
0.001259 3875
0.00126 3875
0.001261 3875
0.001262 3875
0.001263 3875
0.001264 3875
0.001265 3874
0.001266 3876
0.001267 3876
0.001268 3876
0.001269 3878
0.00127 3878
0.001271 3878
0.001272 3877
0.001273 3878
0.001274 3879
0.001275 3879
0.001276 3879
0.001277 3878
0.001278 3877
0.001279 3877
0.00128 3877
0.001281 3878
0.001282 3878
0.001283 3878
0.001284 3879
0.001285 3879
0.001286 3879
0.001287 3878
0.001288 3878
0.001289 3879
0.00129 3879
0.001291 3880
0.001292 3880
0.001293 3880
0.001294 3879
0.001295 3879
0.001296 3879
0.001297 3878
0.001298 3879
0.001299 3879
0.0013 3878
0.001301 3878
0.001302 3878
0.001303 3878
0.001304 3878
0.001305 3879
0.001306 3879
0.001307 3879
0.001308 3878
0.001309 3878
0.00131 3879
0.001311 3879
0.001312 3879
0.001313 3879
0.001314 3879
0.001315 3879
0.001316 3880
0.001317 3880
0.001318 3880
0.001319 3881
0.00132 3881
0.001321 3881
0.001322 3882
0.001323 3881
0.001324 3881
0.001325 3881
0.001326 3877
0.001327 3877
0.001328 3878
0.001329 3878
0.00133 3878
0.001331 3879
0.001332 3880
0.001333 3878
0.001334 3878
0.001335 3878
0.001336 3878
0.001337 3879
0.001338 3879
0.001339 3879
0.00134 3879
0.001341 3879
0.001342 3880
0.001343 3880
0.001344 3881
0.001345 3881
0.001346 3882
0.001347 3881
0.001348 3881
0.001349 3881
0.00135 3881
0.001351 3881
0.001352 3883
0.001353 3883
0.001354 3883
0.001355 3883
0.001356 3882
0.001357 3881
0.001358 3882
0.001359 3882
0.00136 3882
0.001361 3883
0.001362 3882
0.001363 3882
0.001364 3881
0.001365 3882
0.001366 3882
0.001367 3882
0.001368 3883
0.001369 3884
0.00137 3885
0.001371 3885
0.001372 3884
0.001373 3884
0.001374 3883
0.001375 3883
0.001376 3883
0.001377 3883
0.001378 3883
0.001379 3883
0.00138 3881
0.001381 3880
0.001382 3879
0.001383 3880
0.001384 3879
0.001385 3880
0.001386 3881
0.001387 3880
0.001388 3879
0.001389 3879
0.00139 3879
0.001391 3880
0.001392 3881
0.001393 3882
0.001394 3881
0.001395 3881
0.001396 3880
0.001397 3880
0.001398 3880
0.001399 3880
0.0014 3880
0.001401 3880
0.001402 3879
0.001403 3879
0.001404 3879
0.001405 3879
0.001406 3879
0.001407 3878
0.001408 3876
0.001409 3876
0.00141 3876
0.001411 3876
0.001412 3876
0.001413 3876
0.001414 3876
0.001415 3876
0.001416 3876
0.001417 3876
0.001418 3877
0.001419 3877
0.00142 3877
0.001421 3878
0.001422 3877
0.001423 3877
0.001424 3878
0.001425 3879
0.001426 3880
0.001427 3881
0.001428 3880
0.001429 3880
0.00143 3880
0.001431 3880
0.001432 3880
0.001433 3880
0.001434 3879
0.001435 3878
0.001436 3878
0.001437 3878
0.001438 3878
0.001439 3878
0.00144 3878
0.001441 3878
0.001442 3877
0.001443 3878
0.001444 3877
0.001445 3876
0.001446 3876
0.001447 3876
0.001448 3876
0.001449 3876
0.00145 3876
0.001451 3877
0.001452 3876
0.001453 3876
0.001454 3876
0.001455 3877
0.001456 3877
0.001457 3876
0.001458 3875
0.001459 3875
0.00146 3875
0.001461 3875
0.001462 3875
0.001463 3875
0.001464 3875
0.001465 3875
0.001466 3875
0.001467 3875
0.001468 3875
0.001469 3875
0.00147 3875
0.001471 3875
0.001472 3876
0.001473 3876
0.001474 3876
0.001475 3875
0.001476 3876
0.001477 3876
0.001478 3877
0.001479 3877
0.00148 3877
0.001481 3877
0.001482 3877
0.001483 3877
0.001484 3877
0.001485 3877
0.001486 3877
0.001487 3876
0.001488 3875
0.001489 3874
0.00149 3874
0.001491 3874
0.001492 3875
0.001493 3875
0.001494 3875
0.001495 3874
0.001496 3874
0.001497 3873
0.001498 3873
0.001499 3873
0.0015 3873
0.001501 3873
0.001502 3874
0.001503 3874
0.001504 3874
0.001505 3873
0.001506 3873
0.001507 3873
0.001508 3873
0.001509 3873
0.00151 3874
0.001511 3874
0.001512 3874
0.001513 3874
0.001514 3874
0.001515 3874
0.001516 3874
0.001517 3876
0.001518 3875
0.001519 3875
0.00152 3876
0.001521 3877
0.001522 3878
0.001523 3878
0.001524 3878
0.001525 3879
0.001526 3879
0.001527 3879
0.001528 3879
0.001529 3881
0.00153 3881
0.001531 3881
0.001532 3881
0.001533 3881
0.001534 3881
0.001535 3882
0.001536 3882
0.001537 3882
0.001538 3882
0.001539 3882
0.00154 3882
0.001541 3881
0.001542 3881
0.001543 3881
0.001544 3881
0.001545 3882
0.001546 3882
0.001547 3883
0.001548 3882
0.001549 3882
0.00155 3883
0.001551 3882
0.001552 3882
0.001553 3882
0.001554 3883
0.001555 3883
0.001556 3883
0.001557 3883
0.001558 3882
0.001559 3882
0.00156 3882
0.001561 3882
0.001562 3882
0.001563 3882
0.001564 3880
0.001565 3880
0.001566 3879
0.001567 3881
0.001568 3881
0.001569 3881
0.00157 3881
0.001571 3881
0.001572 3881
0.001573 3881
0.001574 3881
0.001575 3881
0.001576 3881
0.001577 3882
0.001578 3882
0.001579 3882
0.00158 3882
0.001581 3882
0.001582 3882
0.001583 3881
0.001584 3880
0.001585 3879
0.001586 3879
0.001587 3880
0.001588 3879
0.001589 3879
0.00159 3879
0.001591 3879
0.001592 3878
0.001593 3879
0.001594 3877
0.001595 3876
0.001596 3876
0.001597 3877
0.001598 3877
0.001599 3877
0.0016 3877
0.001601 3878
0.001602 3877
0.001603 3878
0.001604 3877
0.001605 3877
0.001606 3878
0.001607 3878
0.001608 3879
0.001609 3878
0.00161 3877
0.001611 3877
0.001612 3878
0.001613 3878
0.001614 3877
0.001615 3877
0.001616 3877
0.001617 3877
0.001618 3877
0.001619 3877
0.00162 3877
0.001621 3876
0.001622 3876
0.001623 3877
0.001624 3877
0.001625 3877
0.001626 3877
0.001627 3876
0.001628 3875
0.001629 3875
0.00163 3875
0.001631 3875
0.001632 3874
0.001633 3874
0.001634 3874
0.001635 3874
0.001636 3873
0.001637 3873
0.001638 3873
0.001639 3873
0.00164 3874
0.001641 3875
0.001642 3877
0.001643 3877
0.001644 3877
0.001645 3876
0.001646 3876
0.001647 3876
0.001648 3876
0.001649 3878
0.00165 3878
0.001651 3878
0.001652 3878
0.001653 3878
0.001654 3879
0.001655 3879
0.001656 3879
0.001657 3879
0.001658 3879
0.001659 3879
0.00166 3879
0.001661 3879
0.001662 3878
0.001663 3877
0.001664 3877
0.001665 3877
0.001666 3877
0.001667 3877
0.001668 3879
0.001669 3879
0.00167 3880
0.001671 3880
0.001672 3880
0.001673 3880
0.001674 3880
0.001675 3878
0.001676 3877
0.001677 3878
0.001678 3878
0.001679 3878
0.00168 3878
0.001681 3878
0.001682 3878
0.001683 3878
0.001684 3877
0.001685 3877
0.001686 3878
0.001687 3880
0.001688 3880
0.001689 3881
0.00169 3881
0.001691 3881
0.001692 3882
0.001693 3881
0.001694 3881
0.001695 3881
0.001696 3881
0.001697 3880
0.001698 3879
0.001699 3879
0.0017 3879
0.001701 3879
0.001702 3878
0.001703 3878
0.001704 3878
0.001705 3878
0.001706 3880
0.001707 3880
0.001708 3880
0.001709 3880
0.00171 3880
0.001711 3880
0.001712 3881
0.001713 3881
0.001714 3881
0.001715 3882
0.001716 3882
0.001717 3881
0.001718 3880
0.001719 3878
0.00172 3878
0.001721 3877
0.001722 3877
0.001723 3877
0.001724 3877
0.001725 3876
0.001726 3875
0.001727 3875
0.001728 3875
0.001729 3875
0.00173 3875
0.001731 3875
0.001732 3875
0.001733 3875
0.001734 3875
0.001735 3874
0.001736 3874
0.001737 3874
0.001738 3873
0.001739 3874
0.00174 3874
0.001741 3874
0.001742 3874
0.001743 3874
0.001744 3874
0.001745 3874
0.001746 3874
0.001747 3876
0.001748 3876
0.001749 3876
0.00175 3876
0.001751 3876
0.001752 3875
0.001753 3875
0.001754 3874
0.001755 3874
0.001756 3874
0.001757 3874
0.001758 3874
0.001759 3874
0.00176 3875
0.001761 3874
0.001762 3874
0.001763 3873
0.001764 3873
0.001765 3874
0.001766 3873
0.001767 3874
0.001768 3874
0.001769 3874
0.00177 3873
0.001771 3873
0.001772 3873
0.001773 3873
0.001774 3873
0.001775 3873
0.001776 3873
0.001777 3873
0.001778 3873
0.001779 3874
0.00178 3874
0.001781 3874
0.001782 3873
0.001783 3872
0.001784 3872
0.001785 3871
0.001786 3871
0.001787 3871
0.001788 3871
0.001789 3870
0.00179 3871
0.001791 3871
0.001792 3871
0.001793 3871
0.001794 3871
0.001795 3872
0.001796 3873
0.001797 3874
0.001798 3874
0.001799 3874
0.0018 3874
0.001801 3874
0.001802 3872
0.001803 3872
0.001804 3871
0.001805 3871
0.001806 3870
0.001807 3870
0.001808 3871
0.001809 3871
0.00181 3871
0.001811 3871
0.001812 3872
0.001813 3872
0.001814 3872
0.001815 3872
0.001816 3872
0.001817 3871
0.001818 3872
0.001819 3872
0.00182 3873
0.001821 3873
0.001822 3873
0.001823 3874
0.001824 3875
0.001825 3874
0.001826 3872
0.001827 3872
0.001828 3872
0.001829 3872
0.00183 3872
0.001831 3872
0.001832 3872
0.001833 3873
0.001834 3873
0.001835 3873
0.001836 3875
0.001837 3875
0.001838 3875
0.001839 3875
0.00184 3875
0.001841 3875
0.001842 3876
0.001843 3876
0.001844 3876
0.001845 3875
0.001846 3874
0.001847 3873
0.001848 3874
0.001849 3874
0.00185 3874
0.001851 3874
0.001852 3874
0.001853 3874
0.001854 3874
0.001855 3874
0.001856 3874
0.001857 3874
0.001858 3874
0.001859 3874
0.00186 3874
0.001861 3874
0.001862 3873
0.001863 3874
0.001864 3874
0.001865 3873
0.001866 3874
0.001867 3874
0.001868 3874
0.001869 3874
0.00187 3874
0.001871 3874
0.001872 3874
0.001873 3875
0.001874 3875
0.001875 3875
0.001876 3875
0.001877 3875
0.001878 3875
0.001879 3875
0.00188 3874
0.001881 3874
0.001882 3874
0.001883 3874
0.001884 3875
0.001885 3875
0.001886 3876
0.001887 3877
0.001888 3877
0.001889 3877
0.00189 3877
0.001891 3876
0.001892 3876
0.001893 3876
0.001894 3876
0.001895 3877
0.001896 3877
0.001897 3876
0.001898 3876
0.001899 3877
0.0019 3877
0.001901 3877
0.001902 3876
0.001903 3875
0.001904 3876
0.001905 3876
0.001906 3876
0.001907 3876
0.001908 3876
0.001909 3876
0.00191 3875
0.001911 3876
0.001912 3877
0.001913 3877
0.001914 3876
0.001915 3875
0.001916 3875
0.001917 3875
0.001918 3875
0.001919 3875
0.00192 3874
0.001921 3874
0.001922 3874
0.001923 3874
0.001924 3872
0.001925 3872
0.001926 3873
0.001927 3873
0.001928 3873
0.001929 3873
0.00193 3873
0.001931 3872
0.001932 3872
0.001933 3872
0.001934 3873
0.001935 3873
0.001936 3874
0.001937 3873
0.001938 3873
0.001939 3872
0.00194 3872
0.001941 3872
0.001942 3870
0.001943 3871
0.001944 3870
0.001945 3870
0.001946 3871
0.001947 3872
0.001948 3871
0.001949 3870
0.00195 3870
0.001951 3870
0.001952 3870
0.001953 3870
0.001954 3870
0.001955 3869
0.001956 3869
0.001957 3868
0.001958 3868
0.001959 3868
0.00196 3869
0.001961 3869
0.001962 3870
0.001963 3871
0.001964 3871
0.001965 3871
0.001966 3871
0.001967 3870
0.001968 3870
0.001969 3869
0.00197 3869
0.001971 3869
0.001972 3869
0.001973 3870
0.001974 3871
0.001975 3871
0.001976 3871
0.001977 3872
0.001978 3871
0.001979 3871
0.00198 3872
0.001981 3872
0.001982 3872
0.001983 3872
0.001984 3873
0.001985 3873
0.001986 3873
0.001987 3872
0.001988 3872
0.001989 3872
0.00199 3872
0.001991 3873
0.001992 3873
0.001993 3873
0.001994 3874
0.001995 3874
0.001996 3873
0.001997 3873
0.001998 3873
0.001999 3872
0.002 3872
0.002001 3872
0.002002 3873
0.002003 3873
0.002004 3873
0.002005 3873
0.002006 3874
0.002007 3874
0.002008 3873
0.002009 3871
0.00201 3873
0.002011 3875
0.002012 3876
0.002013 3877
0.002014 3877
0.002015 3877
0.002016 3877
0.002017 3877
0.002018 3877
0.002019 3877
0.00202 3877
0.002021 3876
0.002022 3875
0.002023 3875
0.002024 3875
0.002025 3875
0.002026 3875
0.002027 3874
0.002028 3874
0.002029 3875
0.00203 3874
0.002031 3873
0.002032 3872
0.002033 3872
0.002034 3871
0.002035 3872
0.002036 3872
0.002037 3872
0.002038 3871
0.002039 3871
0.00204 3871
0.002041 3871
0.002042 3871
0.002043 3871
0.002044 3871
0.002045 3870
0.002046 3870
0.002047 3870
0.002048 3870
0.002049 3870
0.00205 3870
0.002051 3870
0.002052 3871
0.002053 3870
0.002054 3870
0.002055 3870
0.002056 3871
0.002057 3871
0.002058 3870
0.002059 3871
0.00206 3872
0.002061 3873
0.002062 3874
0.002063 3874
0.002064 3875
0.002065 3875
0.002066 3875
0.002067 3875
0.002068 3874
0.002069 3874
0.00207 3874
0.002071 3874
0.002072 3873
0.002073 3873
0.002074 3873
0.002075 3872
0.002076 3873
0.002077 3873
0.002078 3875
0.002079 3874
0.00208 3875
0.002081 3875
0.002082 3875
0.002083 3874
0.002084 3874
0.002085 3875
0.002086 3876
0.002087 3876
0.002088 3875
0.002089 3875
0.00209 3875
0.002091 3875
0.002092 3875
0.002093 3876
0.002094 3875
0.002095 3875
0.002096 3875
0.002097 3875
0.002098 3873
0.002099 3873
0.0021 3873
0.002101 3873
0.002102 3873
0.002103 3872
0.002104 3872
0.002105 3872
0.002106 3872
0.002107 3872
0.002108 3872
0.002109 3873
0.00211 3872
0.002111 3872
0.002112 3872
0.002113 3872
0.002114 3871
0.002115 3871
0.002116 3871
0.002117 3871
0.002118 3871
0.002119 3871
0.00212 3871
0.002121 3871
0.002122 3871
0.002123 3871
0.002124 3871
0.002125 3871
0.002126 3871
0.002127 3871
0.002128 3871
0.002129 3871
0.00213 3871
0.002131 3870
0.002132 3870
0.002133 3870
0.002134 3870
0.002135 3870
0.002136 3870
0.002137 3869
0.002138 3869
0.002139 3869
0.00214 3869
0.002141 3869
0.002142 3869
0.002143 3869
0.002144 3869
0.002145 3869
0.002146 3868
0.002147 3868
0.002148 3868
0.002149 3867
0.00215 3867
0.002151 3867
0.002152 3867
0.002153 3867
0.002154 3868
0.002155 3868
0.002156 3867
0.002157 3866
0.002158 3866
0.002159 3867
0.00216 3867
0.002161 3867
0.002162 3867
0.002163 3867
0.002164 3867
0.002165 3866
0.002166 3865
0.002167 3865
0.002168 3865
0.002169 3864
0.00217 3864
0.002171 3862
0.002172 3860
0.002173 3859
0.002174 3859
0.002175 3859
0.002176 3859
0.002177 3859
0.002178 3859
0.002179 3859
0.00218 3859
0.002181 3859
0.002182 3859
0.002183 3859
0.002184 3859
0.002185 3858
0.002186 3859
0.002187 3858
0.002188 3857
0.002189 3857
0.00219 3857
0.002191 3858
0.002192 3858
0.002193 3857
0.002194 3856
0.002195 3856
0.002196 3856
0.002197 3856
0.002198 3856
0.002199 3856
0.0022 3856
0.002201 3857
0.002202 3857
0.002203 3857
0.002204 3857
0.002205 3857
0.002206 3857
0.002207 3858
0.002208 3858
0.002209 3858
0.00221 3857
0.002211 3856
0.002212 3856
0.002213 3857
0.002214 3857
0.002215 3856
0.002216 3856
0.002217 3856
0.002218 3856
0.002219 3856
0.00222 3855
0.002221 3854
0.002222 3854
0.002223 3854
0.002224 3854
0.002225 3854
0.002226 3854
0.002227 3854
0.002228 3854
0.002229 3854
0.00223 3855
0.002231 3855
0.002232 3855
0.002233 3855
0.002234 3855
0.002235 3855
0.002236 3855
0.002237 3855
0.002238 3855
0.002239 3855
0.00224 3855
0.002241 3854
0.002242 3854
0.002243 3854
0.002244 3855
0.002245 3854
0.002246 3854
0.002247 3854
0.002248 3854
0.002249 3854
0.00225 3854
0.002251 3854
0.002252 3854
0.002253 3854
0.002254 3854
0.002255 3854
0.002256 3854
0.002257 3854
0.002258 3854
0.002259 3854
0.00226 3854
0.002261 3853
0.002262 3853
0.002263 3853
0.002264 3852
0.002265 3852
0.002266 3852
0.002267 3851
0.002268 3851
0.002269 3851
0.00227 3851
0.002271 3851
0.002272 3851
0.002273 3851
0.002274 3850
0.002275 3850
0.002276 3850
0.002277 3850
0.002278 3850
0.002279 3849
0.00228 3849
0.002281 3849
0.002282 3849
0.002283 3849
0.002284 3850
0.002285 3850
0.002286 3850
0.002287 3850
0.002288 3851
0.002289 3851
0.00229 3851
0.002291 3852
0.002292 3852
0.002293 3852
0.002294 3852
0.002295 3852
0.002296 3852
0.002297 3852
0.002298 3852
0.002299 3852
0.0023 3851
0.002301 3850
0.002302 3850
0.002303 3851
0.002304 3851
0.002305 3851
0.002306 3851
0.002307 3850
0.002308 3850
0.002309 3850
0.00231 3851
0.002311 3851
0.002312 3851
0.002313 3851
0.002314 3851
0.002315 3851
0.002316 3852
0.002317 3852
0.002318 3853
0.002319 3855
0.00232 3855
0.002321 3855
0.002322 3856
0.002323 3856
0.002324 3856
0.002325 3856
0.002326 3856
0.002327 3855
0.002328 3855
0.002329 3855
0.00233 3855
0.002331 3855
0.002332 3855
0.002333 3855
0.002334 3856
0.002335 3856
0.002336 3855
0.002337 3856
0.002338 3856
0.002339 3855
0.00234 3855
0.002341 3855
0.002342 3855
0.002343 3856
0.002344 3857
0.002345 3857
0.002346 3857
0.002347 3856
0.002348 3856
0.002349 3856
0.00235 3855
0.002351 3855
0.002352 3856
0.002353 3856
0.002354 3857
0.002355 3857
0.002356 3857
0.002357 3857
0.002358 3857
0.002359 3859
0.00236 3859
0.002361 3859
0.002362 3859
0.002363 3860
0.002364 3860
0.002365 3860
0.002366 3860
0.002367 3860
0.002368 3860
0.002369 3860
0.00237 3860
0.002371 3860
0.002372 3860
0.002373 3860
0.002374 3860
0.002375 3860
0.002376 3860
0.002377 3859
0.002378 3860
0.002379 3860
0.00238 3860
0.002381 3860
0.002382 3859
0.002383 3859
0.002384 3859
0.002385 3859
0.002386 3859
0.002387 3859
0.002388 3859
0.002389 3859
0.00239 3859
0.002391 3860
0.002392 3860
0.002393 3860
0.002394 3861
0.002395 3861
0.002396 3861
0.002397 3861
0.002398 3861
0.002399 3861
0.0024 3860
0.002401 3862
0.002402 3862
0.002403 3863
0.002404 3862
0.002405 3862
0.002406 3862
0.002407 3862
0.002408 3861
0.002409 3859
0.00241 3857
0.002411 3857
0.002412 3857
0.002413 3857
0.002414 3857
0.002415 3857
0.002416 3857
0.002417 3856
0.002418 3857
0.002419 3857
0.00242 3856
0.002421 3856
0.002422 3855
0.002423 3855
0.002424 3855
0.002425 3855
0.002426 3855
0.002427 3854
0.002428 3852
0.002429 3852
0.00243 3851
0.002431 3851
0.002432 3851
0.002433 3851
0.002434 3851
0.002435 3852
0.002436 3852
0.002437 3852
0.002438 3852
0.002439 3852
0.00244 3851
0.002441 3851
0.002442 3851
0.002443 3851
0.002444 3853
0.002445 3853
0.002446 3853
0.002447 3852
0.002448 3853
0.002449 3853
0.00245 3853
0.002451 3853
0.002452 3853
0.002453 3853
0.002454 3852
0.002455 3852
0.002456 3852
0.002457 3851
0.002458 3851
0.002459 3851
0.00246 3851
0.002461 3851
0.002462 3851
0.002463 3851
0.002464 3851
0.002465 3851
0.002466 3851
0.002467 3850
0.002468 3851
0.002469 3850
0.00247 3850
0.002471 3850
0.002472 3850
0.002473 3850
0.002474 3850
0.002475 3850
0.002476 3848
0.002477 3848
0.002478 3848
0.002479 3848
0.00248 3846
0.002481 3846
0.002482 3846
0.002483 3846
0.002484 3846
0.002485 3845
0.002486 3845
0.002487 3844
0.002488 3844
0.002489 3844
0.00249 3844
0.002491 3844
0.002492 3844
0.002493 3845
0.002494 3845
0.002495 3846
0.002496 3847
0.002497 3846
0.002498 3846
0.002499 3845
0.0025 3845
0.002501 3845
0.002502 3845
0.002503 3846
0.002504 3846
0.002505 3846
0.002506 3846
0.002507 3846
0.002508 3846
0.002509 3847
0.00251 3847
0.002511 3846
0.002512 3846
0.002513 3846
0.002514 3845
0.002515 3845
0.002516 3844
0.002517 3844
0.002518 3844
0.002519 3844
0.00252 3844
0.002521 3843
0.002522 3843
0.002523 3842
0.002524 3842
0.002525 3842
0.002526 3842
0.002527 3842
0.002528 3842
0.002529 3842
0.00253 3842
0.002531 3842
0.002532 3842
0.002533 3843
0.002534 3843
0.002535 3843
0.002536 3843
0.002537 3843
0.002538 3843
0.002539 3843
0.00254 3843
0.002541 3843
0.002542 3843
0.002543 3843
0.002544 3844
0.002545 3844
0.002546 3844
0.002547 3844
0.002548 3844
0.002549 3845
0.00255 3845
0.002551 3845
0.002552 3845
0.002553 3843
0.002554 3843
0.002555 3843
0.002556 3843
0.002557 3844
0.002558 3844
0.002559 3844
0.00256 3844
0.002561 3843
0.002562 3843
0.002563 3843
0.002564 3843
0.002565 3843
0.002566 3842
0.002567 3842
0.002568 3842
0.002569 3842
0.00257 3842
0.002571 3842
0.002572 3842
0.002573 3842
0.002574 3842
0.002575 3842
0.002576 3842
0.002577 3842
0.002578 3842
0.002579 3842
0.00258 3842
0.002581 3843
0.002582 3843
0.002583 3843
0.002584 3843
0.002585 3842
0.002586 3842
0.002587 3843
0.002588 3843
0.002589 3843
0.00259 3843
0.002591 3843
0.002592 3843
0.002593 3843
0.002594 3842
0.002595 3843
0.002596 3842
0.002597 3843
0.002598 3843
0.002599 3842
0.0026 3841
0.002601 3842
0.002602 3842
0.002603 3842
0.002604 3842
0.002605 3843
0.002606 3844
0.002607 3844
0.002608 3844
0.002609 3845
0.00261 3845
0.002611 3845
0.002612 3845
0.002613 3845
0.002614 3846
0.002615 3846
0.002616 3844
0.002617 3845
0.002618 3845
0.002619 3846
0.00262 3846
0.002621 3845
0.002622 3845
0.002623 3845
0.002624 3845
0.002625 3844
0.002626 3844
0.002627 3843
0.002628 3843
0.002629 3842
0.00263 3842
0.002631 3842
0.002632 3843
0.002633 3844
0.002634 3844
0.002635 3844
0.002636 3844
0.002637 3843
0.002638 3843
0.002639 3843
0.00264 3843
0.002641 3844
0.002642 3844
0.002643 3844
0.002644 3843
0.002645 3843
0.002646 3843
0.002647 3843
0.002648 3843
0.002649 3843
0.00265 3843
0.002651 3843
0.002652 3843
0.002653 3843
0.002654 3843
0.002655 3843
0.002656 3843
0.002657 3842
0.002658 3842
0.002659 3842
0.00266 3842
0.002661 3840
0.002662 3839
0.002663 3839
0.002664 3839
0.002665 3839
0.002666 3839
0.002667 3839
0.002668 3840
0.002669 3840
0.00267 3840
0.002671 3840
0.002672 3841
0.002673 3840
0.002674 3840
0.002675 3839
0.002676 3841
0.002677 3842
0.002678 3842
0.002679 3843
0.00268 3843
0.002681 3843
0.002682 3842
0.002683 3842
0.002684 3841
0.002685 3841
0.002686 3840
0.002687 3840
0.002688 3840
0.002689 3840
0.00269 3840
0.002691 3840
0.002692 3840
0.002693 3840
0.002694 3840
0.002695 3841
0.002696 3841
0.002697 3842
0.002698 3842
0.002699 3841
0.0027 3841
0.002701 3840
0.002702 3840
0.002703 3840
0.002704 3838
0.002705 3836
0.002706 3835
0.002707 3835
0.002708 3837
0.002709 3837
0.00271 3837
0.002711 3837
0.002712 3837
0.002713 3837
0.002714 3837
0.002715 3836
0.002716 3836
0.002717 3837
0.002718 3837
0.002719 3838
0.00272 3838
0.002721 3837
0.002722 3837
0.002723 3840
0.002724 3839
0.002725 3839
0.002726 3839
0.002727 3839
0.002728 3839
0.002729 3840
0.00273 3840
0.002731 3840
0.002732 3840
0.002733 3840
0.002734 3840
0.002735 3840
0.002736 3841
0.002737 3841
0.002738 3841
0.002739 3841
0.00274 3841
0.002741 3841
0.002742 3840
0.002743 3840
0.002744 3840
0.002745 3840
0.002746 3840
0.002747 3840
0.002748 3840
0.002749 3840
0.00275 3840
0.002751 3840
0.002752 3840
0.002753 3840
0.002754 3840
0.002755 3842
0.002756 3842
0.002757 3842
0.002758 3842
0.002759 3842
0.00276 3841
0.002761 3841
0.002762 3841
0.002763 3840
0.002764 3839
0.002765 3839
0.002766 3839
0.002767 3838
0.002768 3838
0.002769 3837
0.00277 3837
0.002771 3837
0.002772 3836
0.002773 3837
0.002774 3837
0.002775 3836
0.002776 3836
0.002777 3837
0.002778 3837
0.002779 3837
0.00278 3838
0.002781 3838
0.002782 3839
0.002783 3840
0.002784 3840
0.002785 3840
0.002786 3840
0.002787 3841
0.002788 3841
0.002789 3841
0.00279 3841
0.002791 3840
0.002792 3840
0.002793 3840
0.002794 3840
0.002795 3840
0.002796 3840
0.002797 3840
0.002798 3840
0.002799 3840
0.0028 3840
0.002801 3840
0.002802 3839
0.002803 3839
0.002804 3837
0.002805 3837
0.002806 3837
0.002807 3837
0.002808 3837
0.002809 3837
0.00281 3837
0.002811 3837
0.002812 3837
0.002813 3837
0.002814 3837
0.002815 3837
0.002816 3837
0.002817 3837
0.002818 3837
0.002819 3837
0.00282 3836
0.002821 3834
0.002822 3835
0.002823 3836
0.002824 3836
0.002825 3836
0.002826 3837
0.002827 3837
0.002828 3837
0.002829 3837
0.00283 3837
0.002831 3838
0.002832 3838
0.002833 3839
0.002834 3839
0.002835 3839
0.002836 3839
0.002837 3839
0.002838 3839
0.002839 3839
0.00284 3840
0.002841 3840
0.002842 3840
0.002843 3840
0.002844 3840
0.002845 3840
0.002846 3839
0.002847 3839
0.002848 3838
0.002849 3838
0.00285 3837
0.002851 3837
0.002852 3838
0.002853 3838
0.002854 3837
0.002855 3837
0.002856 3837
0.002857 3837
0.002858 3837
0.002859 3837
0.00286 3837
0.002861 3837
0.002862 3837
0.002863 3836
0.002864 3835
0.002865 3835
0.002866 3835
0.002867 3834
0.002868 3835
0.002869 3834
0.00287 3834
0.002871 3834
0.002872 3833
0.002873 3833
0.002874 3833
0.002875 3833
0.002876 3833
0.002877 3833
0.002878 3832
0.002879 3831
0.00288 3830
0.002881 3830
0.002882 3830
0.002883 3830
0.002884 3831
0.002885 3831
0.002886 3832
0.002887 3832
0.002888 3832
0.002889 3832
0.00289 3831
0.002891 3831
0.002892 3831
0.002893 3831
0.002894 3830
0.002895 3831
0.002896 3831
0.002897 3831
0.002898 3831
0.002899 3831
0.0029 3831
0.002901 3831
0.002902 3831
0.002903 3831
0.002904 3831
0.002905 3831
0.002906 3831
0.002907 3831
0.002908 3831
0.002909 3831
0.00291 3831
0.002911 3831
0.002912 3831
0.002913 3831
0.002914 3830
0.002915 3829
0.002916 3829
0.002917 3829
0.002918 3829
0.002919 3830
0.00292 3829
0.002921 3830
0.002922 3831
0.002923 3830
0.002924 3831
0.002925 3831
0.002926 3831
0.002927 3832
0.002928 3832
0.002929 3832
0.00293 3832
0.002931 3832
0.002932 3832
0.002933 3833
0.002934 3833
0.002935 3832
0.002936 3832
0.002937 3832
0.002938 3833
0.002939 3832
0.00294 3830
0.002941 3830
0.002942 3831
0.002943 3831
0.002944 3832
0.002945 3832
0.002946 3831
0.002947 3829
0.002948 3829
0.002949 3829
0.00295 3828
0.002951 3828
0.002952 3828
0.002953 3827
0.002954 3828
0.002955 3828
0.002956 3827
0.002957 3827
0.002958 3827
0.002959 3826
0.00296 3827
0.002961 3826
0.002962 3827
0.002963 3826
0.002964 3827
0.002965 3827
0.002966 3827
0.002967 3827
0.002968 3827
0.002969 3826
0.00297 3827
0.002971 3827
0.002972 3827
0.002973 3826
0.002974 3825
0.002975 3825
0.002976 3825
0.002977 3824
0.002978 3824
0.002979 3825
0.00298 3826
0.002981 3826
0.002982 3826
0.002983 3826
0.002984 3825
0.002985 3825
0.002986 3825
0.002987 3825
0.002988 3826
0.002989 3827
0.00299 3827
0.002991 3827
0.002992 3826
0.002993 3826
0.002994 3826
0.002995 3825
0.002996 3825
0.002997 3825
0.002998 3824
0.002999 3824
0.003 3824
0.003001 3824
0.003002 3824
0.003003 3824
0.003004 3823
0.003005 3824
0.003006 3824
0.003007 3825
0.003008 3825
0.003009 3825
0.00301 3825
0.003011 3825
0.003012 3825
0.003013 3825
0.003014 3826
0.003015 3826
0.003016 3827
0.003017 3827
0.003018 3827
0.003019 3827
0.00302 3827
0.003021 3827
0.003022 3827
0.003023 3827
0.003024 3828
0.003025 3829
0.003026 3827
0.003027 3826
0.003028 3826
0.003029 3825
0.00303 3824
0.003031 3824
0.003032 3824
0.003033 3824
0.003034 3824
0.003035 3822
0.003036 3824
0.003037 3825
0.003038 3825
0.003039 3826
0.00304 3827
0.003041 3827
0.003042 3827
0.003043 3828
0.003044 3828
0.003045 3828
0.003046 3828
0.003047 3828
0.003048 3828
0.003049 3828
0.00305 3828
0.003051 3828
0.003052 3828
0.003053 3826
0.003054 3826
0.003055 3826
0.003056 3826
0.003057 3826
0.003058 3826
0.003059 3826
0.00306 3825
0.003061 3825
0.003062 3825
0.003063 3825
0.003064 3825
0.003065 3825
0.003066 3825
0.003067 3824
0.003068 3825
0.003069 3825
0.00307 3825
0.003071 3826
0.003072 3826
0.003073 3826
0.003074 3826
0.003075 3826
0.003076 3826
0.003077 3826
0.003078 3827
0.003079 3826
0.00308 3825
0.003081 3825
0.003082 3825
0.003083 3825
0.003084 3825
0.003085 3826
0.003086 3825
0.003087 3826
0.003088 3826
0.003089 3826
0.00309 3827
0.003091 3826
0.003092 3826
0.003093 3827
0.003094 3827
0.003095 3826
0.003096 3825
0.003097 3825
0.003098 3824
0.003099 3824
0.0031 3824
0.003101 3824
0.003102 3823
0.003103 3822
0.003104 3823
0.003105 3823
0.003106 3825
0.003107 3827
0.003108 3826
0.003109 3825
0.00311 3825
0.003111 3825
0.003112 3825
0.003113 3825
0.003114 3825
0.003115 3824
0.003116 3825
0.003117 3825
0.003118 3825
0.003119 3824
0.00312 3824
0.003121 3825
0.003122 3825
0.003123 3825
0.003124 3825
0.003125 3825
0.003126 3825
0.003127 3825
0.003128 3824
0.003129 3825
0.00313 3825
0.003131 3825
0.003132 3825
0.003133 3825
0.003134 3825
0.003135 3825
0.003136 3825
0.003137 3825
0.003138 3825
0.003139 3825
0.00314 3825
0.003141 3825
0.003142 3826
0.003143 3826
0.003144 3826
0.003145 3825
0.003146 3827
0.003147 3826
0.003148 3825
0.003149 3824
0.00315 3825
0.003151 3826
0.003152 3827
0.003153 3827
0.003154 3828
0.003155 3830
0.003156 3831
0.003157 3831
0.003158 3831
0.003159 3830
0.00316 3830
0.003161 3831
0.003162 3832
0.003163 3832
0.003164 3833
0.003165 3833
0.003166 3833
0.003167 3833
0.003168 3833
0.003169 3834
0.00317 3834
0.003171 3833
0.003172 3833
0.003173 3833
0.003174 3832
0.003175 3832
0.003176 3832
0.003177 3832
0.003178 3832
0.003179 3832
0.00318 3832
0.003181 3833
0.003182 3831
0.003183 3831
0.003184 3831
0.003185 3832
0.003186 3832
0.003187 3832
0.003188 3831
0.003189 3831
0.00319 3831
0.003191 3831
0.003192 3830
0.003193 3830
0.003194 3830
0.003195 3830
0.003196 3830
0.003197 3830
0.003198 3830
0.003199 3829
0.0032 3829
0.003201 3829
0.003202 3829
0.003203 3829
0.003204 3829
0.003205 3829
0.003206 3830
0.003207 3831
0.003208 3832
0.003209 3832
0.00321 3833
0.003211 3833
0.003212 3833
0.003213 3833
0.003214 3833
0.003215 3833
0.003216 3833
0.003217 3833
0.003218 3832
0.003219 3832
0.00322 3832
0.003221 3832
0.003222 3831
0.003223 3831
0.003224 3831
0.003225 3831
0.003226 3830
0.003227 3830
0.003228 3830
0.003229 3830
0.00323 3830
0.003231 3829
0.003232 3830
0.003233 3831
0.003234 3832
0.003235 3832
0.003236 3832
0.003237 3834
0.003238 3834
0.003239 3834
0.00324 3835
0.003241 3834
0.003242 3833
0.003243 3833
0.003244 3833
0.003245 3833
0.003246 3834
0.003247 3834
0.003248 3834
0.003249 3834
0.00325 3833
0.003251 3835
0.003252 3835
0.003253 3835
0.003254 3835
0.003255 3834
0.003256 3836
0.003257 3837
0.003258 3837
0.003259 3837
0.00326 3837
0.003261 3837
0.003262 3837
0.003263 3837
0.003264 3837
0.003265 3836
0.003266 3836
0.003267 3836
0.003268 3836
0.003269 3836
0.00327 3836
0.003271 3836
0.003272 3837
0.003273 3838
0.003274 3838
0.003275 3837
0.003276 3836
0.003277 3836
0.003278 3836
0.003279 3837
0.00328 3837
0.003281 3838
0.003282 3838
0.003283 3838
0.003284 3838
0.003285 3838
0.003286 3837
0.003287 3837
0.003288 3837
0.003289 3837
0.00329 3837
0.003291 3837
0.003292 3837
0.003293 3837
0.003294 3837
0.003295 3836
0.003296 3836
0.003297 3836
0.003298 3836
0.003299 3837
0.0033 3838
0.003301 3838
0.003302 3838
0.003303 3838
0.003304 3838
0.003305 3839
0.003306 3839
0.003307 3840
0.003308 3840
0.003309 3840
0.00331 3841
0.003311 3841
0.003312 3840
0.003313 3840
0.003314 3840
0.003315 3840
0.003316 3840
0.003317 3841
0.003318 3841
0.003319 3841
0.00332 3841
0.003321 3843
0.003322 3842
0.003323 3842
0.003324 3842
0.003325 3842
0.003326 3843
0.003327 3843
0.003328 3842
0.003329 3843
0.00333 3843
0.003331 3843
0.003332 3842
0.003333 3842
0.003334 3842
0.003335 3842
0.003336 3842
0.003337 3842
0.003338 3842
0.003339 3843
0.00334 3844
0.003341 3844
0.003342 3844
0.003343 3844
0.003344 3844
0.003345 3844
0.003346 3844
0.003347 3843
0.003348 3843
0.003349 3843
0.00335 3842
0.003351 3842
0.003352 3842
0.003353 3843
0.003354 3842
0.003355 3840
0.003356 3841
0.003357 3841
0.003358 3842
0.003359 3842
0.00336 3842
0.003361 3842
0.003362 3842
0.003363 3842
0.003364 3842
0.003365 3842
0.003366 3843
0.003367 3843
0.003368 3844
0.003369 3844
0.00337 3844
0.003371 3844
0.003372 3843
0.003373 3843
0.003374 3844
0.003375 3844
0.003376 3844
0.003377 3843
0.003378 3843
0.003379 3842
0.00338 3843
0.003381 3843
0.003382 3842
0.003383 3842
0.003384 3842
0.003385 3843
0.003386 3843
0.003387 3843
0.003388 3842
0.003389 3842
0.00339 3842
0.003391 3842
0.003392 3842
0.003393 3842
0.003394 3842
0.003395 3842
0.003396 3842
0.003397 3842
0.003398 3841
0.003399 3841
0.0034 3838
0.003401 3838
0.003402 3838
0.003403 3838
0.003404 3838
0.003405 3838
0.003406 3837
0.003407 3836
0.003408 3835
0.003409 3835
0.00341 3835
0.003411 3835
0.003412 3835
0.003413 3835
0.003414 3834
0.003415 3834
0.003416 3835
0.003417 3837
0.003418 3837
0.003419 3836
0.00342 3837
0.003421 3837
0.003422 3837
0.003423 3837
0.003424 3837
0.003425 3837
0.003426 3837
0.003427 3837
0.003428 3837
0.003429 3837
0.00343 3838
0.003431 3839
0.003432 3839
0.003433 3839
0.003434 3839
0.003435 3839
0.003436 3839
0.003437 3840
0.003438 3840
0.003439 3839
0.00344 3838
0.003441 3838
0.003442 3838
0.003443 3838
0.003444 3838
0.003445 3838
0.003446 3838
0.003447 3838
0.003448 3839
0.003449 3839
0.00345 3839
0.003451 3839
0.003452 3839
0.003453 3839
0.003454 3839
0.003455 3839
0.003456 3839
0.003457 3839
0.003458 3839
0.003459 3840
0.00346 3840
0.003461 3840
0.003462 3840
0.003463 3840
0.003464 3839
0.003465 3840
0.003466 3841
0.003467 3841
0.003468 3841
0.003469 3841
0.00347 3841
0.003471 3840
0.003472 3839
0.003473 3839
0.003474 3839
0.003475 3838
0.003476 3838
0.003477 3838
0.003478 3838
0.003479 3838
0.00348 3838
0.003481 3837
0.003482 3837
0.003483 3837
0.003484 3837
0.003485 3837
0.003486 3838
0.003487 3838
0.003488 3838
0.003489 3838
0.00349 3838
0.003491 3838
0.003492 3838
0.003493 3838
0.003494 3837
0.003495 3837
0.003496 3836
0.003497 3835
0.003498 3835
0.003499 3835
0.0035 3835
0.003501 3835
0.003502 3835
0.003503 3836
0.003504 3837
0.003505 3838
0.003506 3838
0.003507 3838
0.003508 3837
0.003509 3837
0.00351 3838
0.003511 3838
0.003512 3837
0.003513 3837
0.003514 3837
0.003515 3836
0.003516 3836
0.003517 3836
0.003518 3836
0.003519 3836
0.00352 3836
0.003521 3836
0.003522 3836
0.003523 3836
0.003524 3836
0.003525 3836
0.003526 3835
0.003527 3835
0.003528 3835
0.003529 3835
0.00353 3834
0.003531 3834
0.003532 3834
0.003533 3834
0.003534 3834
0.003535 3834
0.003536 3835
0.003537 3835
0.003538 3834
0.003539 3834
0.00354 3834
0.003541 3834
0.003542 3834
0.003543 3834
0.003544 3834
0.003545 3835
0.003546 3834
0.003547 3834
0.003548 3835
0.003549 3834
0.00355 3833
0.003551 3832
0.003552 3832
0.003553 3834
0.003554 3833
0.003555 3833
0.003556 3832
0.003557 3832
0.003558 3832
0.003559 3832
0.00356 3832
0.003561 3833
0.003562 3833
0.003563 3831
0.003564 3831
0.003565 3830
0.003566 3829
0.003567 3829
0.003568 3829
0.003569 3828
0.00357 3828
0.003571 3828
0.003572 3828
0.003573 3828
0.003574 3828
0.003575 3829
0.003576 3829
0.003577 3828
0.003578 3828
0.003579 3828
0.00358 3827
0.003581 3827
0.003582 3827
0.003583 3825
0.003584 3825
0.003585 3825
0.003586 3824
0.003587 3825
0.003588 3825
0.003589 3825
0.00359 3825
0.003591 3825
0.003592 3825
0.003593 3825
0.003594 3824
0.003595 3824
0.003596 3824
0.003597 3824
0.003598 3824
0.003599 3824
0.0036 3824
0.003601 3823
0.003602 3822
0.003603 3822
0.003604 3822
0.003605 3822
0.003606 3822
0.003607 3821
0.003608 3819
0.003609 3819
0.00361 3818
0.003611 3817
0.003612 3817
0.003613 3817
0.003614 3817
0.003615 3817
0.003616 3818
0.003617 3818
0.003618 3820
0.003619 3820
0.00362 3820
0.003621 3820
0.003622 3820
0.003623 3820
0.003624 3820
0.003625 3820
0.003626 3820
0.003627 3821
0.003628 3821
0.003629 3820
0.00363 3821
0.003631 3821
0.003632 3823
0.003633 3822
0.003634 3822
0.003635 3822
0.003636 3822
0.003637 3822
0.003638 3822
0.003639 3822
0.00364 3822
0.003641 3822
0.003642 3822
0.003643 3822
0.003644 3825
0.003645 3826
0.003646 3826
0.003647 3827
0.003648 3828
0.003649 3828
0.00365 3827
0.003651 3827
0.003652 3826
0.003653 3825
0.003654 3825
0.003655 3825
0.003656 3825
0.003657 3825
0.003658 3826
0.003659 3824
0.00366 3824
0.003661 3824
0.003662 3823
0.003663 3823
0.003664 3823
0.003665 3823
0.003666 3822
0.003667 3822
0.003668 3823
0.003669 3822
0.00367 3822
0.003671 3821
0.003672 3821
0.003673 3819
0.003674 3819
0.003675 3819
0.003676 3819
0.003677 3819
0.003678 3820
0.003679 3820
0.00368 3821
0.003681 3821
0.003682 3821
0.003683 3822
0.003684 3822
0.003685 3822
0.003686 3822
0.003687 3822
0.003688 3822
0.003689 3822
0.00369 3822
0.003691 3822
0.003692 3822
0.003693 3822
0.003694 3821
0.003695 3821
0.003696 3821
0.003697 3821
0.003698 3821
0.003699 3821
0.0037 3821
0.003701 3821
0.003702 3822
0.003703 3822
0.003704 3822
0.003705 3822
0.003706 3822
0.003707 3821
0.003708 3821
0.003709 3821
0.00371 3821
0.003711 3821
0.003712 3822
0.003713 3822
0.003714 3821
0.003715 3821
0.003716 3821
0.003717 3821
0.003718 3821
0.003719 3821
0.00372 3822
0.003721 3822
0.003722 3821
0.003723 3821
0.003724 3821
0.003725 3821
0.003726 3820
0.003727 3820
0.003728 3820
0.003729 3820
0.00373 3820
0.003731 3820
0.003732 3820
0.003733 3820
0.003734 3820
0.003735 3817
0.003736 3817
0.003737 3817
0.003738 3817
0.003739 3817
0.00374 3815
0.003741 3814
0.003742 3814
0.003743 3814
0.003744 3813
0.003745 3813
0.003746 3813
0.003747 3812
0.003748 3811
0.003749 3810
0.00375 3810
0.003751 3810
0.003752 3810
0.003753 3811
0.003754 3811
0.003755 3812
0.003756 3812
0.003757 3813
0.003758 3813
0.003759 3813
0.00376 3813
0.003761 3813
0.003762 3812
0.003763 3812
0.003764 3812
0.003765 3813
0.003766 3813
0.003767 3812
0.003768 3812
0.003769 3813
0.00377 3813
0.003771 3813
0.003772 3813
0.003773 3814
0.003774 3814
0.003775 3814
0.003776 3814
0.003777 3814
0.003778 3815
0.003779 3816
0.00378 3816
0.003781 3816
0.003782 3815
0.003783 3814
0.003784 3814
0.003785 3815
0.003786 3815
0.003787 3815
0.003788 3815
0.003789 3815
0.00379 3815
0.003791 3814
0.003792 3814
0.003793 3813
0.003794 3813
0.003795 3813
0.003796 3813
0.003797 3812
0.003798 3812
0.003799 3812
0.0038 3813
0.003801 3813
0.003802 3813
0.003803 3812
0.003804 3813
0.003805 3813
0.003806 3813
0.003807 3813
0.003808 3814
0.003809 3813
0.00381 3813
0.003811 3813
0.003812 3812
0.003813 3812
0.003814 3812
0.003815 3812
0.003816 3812
0.003817 3812
0.003818 3813
0.003819 3812
0.00382 3812
0.003821 3812
0.003822 3812
0.003823 3812
0.003824 3814
0.003825 3814
0.003826 3814
0.003827 3815
0.003828 3815
0.003829 3815
0.00383 3815
0.003831 3815
0.003832 3813
0.003833 3813
0.003834 3813
0.003835 3812
0.003836 3813
0.003837 3812
0.003838 3811
0.003839 3811
0.00384 3810
0.003841 3810
0.003842 3810
0.003843 3811
0.003844 3810
0.003845 3810
0.003846 3810
0.003847 3810
0.003848 3810
0.003849 3810
0.00385 3809
0.003851 3809
0.003852 3809
0.003853 3809
0.003854 3810
0.003855 3810
0.003856 3811
0.003857 3811
0.003858 3811
0.003859 3811
0.00386 3811
0.003861 3811
0.003862 3811
0.003863 3811
0.003864 3811
0.003865 3811
0.003866 3810
0.003867 3810
0.003868 3810
0.003869 3811
0.00387 3812
0.003871 3812
0.003872 3812
0.003873 3812
0.003874 3812
0.003875 3811
0.003876 3811
0.003877 3811
0.003878 3812
0.003879 3812
0.00388 3812
0.003881 3812
0.003882 3812
0.003883 3811
0.003884 3810
0.003885 3810
0.003886 3810
0.003887 3810
0.003888 3810
0.003889 3809
0.00389 3809
0.003891 3809
0.003892 3809
0.003893 3809
0.003894 3809
0.003895 3809
0.003896 3809
0.003897 3808
0.003898 3808
0.003899 3809
0.0039 3810
0.003901 3811
0.003902 3811
0.003903 3811
0.003904 3811
0.003905 3812
0.003906 3812
0.003907 3812
0.003908 3811
0.003909 3811
0.00391 3812
0.003911 3813
0.003912 3813
0.003913 3813
0.003914 3813
0.003915 3812
0.003916 3812
0.003917 3812
0.003918 3812
0.003919 3811
0.00392 3812
0.003921 3812
0.003922 3812
0.003923 3813
0.003924 3812
0.003925 3811
0.003926 3811
0.003927 3812
0.003928 3812
0.003929 3811
0.00393 3810
0.003931 3810
0.003932 3810
0.003933 3810
0.003934 3810
0.003935 3810
0.003936 3811
0.003937 3810
0.003938 3810
0.003939 3810
0.00394 3810
0.003941 3810
0.003942 3810
0.003943 3810
0.003944 3810
0.003945 3810
0.003946 3809
0.003947 3810
0.003948 3811
0.003949 3810
0.00395 3811
0.003951 3812
0.003952 3812
0.003953 3813
0.003954 3813
0.003955 3813
0.003956 3813
0.003957 3813
0.003958 3813
0.003959 3813
0.00396 3813
0.003961 3813
0.003962 3811
0.003963 3811
0.003964 3811
0.003965 3812
0.003966 3813
0.003967 3813
0.003968 3813
0.003969 3813
0.00397 3812
0.003971 3812
0.003972 3812
0.003973 3812
0.003974 3813
0.003975 3813
0.003976 3813
0.003977 3813
0.003978 3814
0.003979 3814
0.00398 3814
0.003981 3813
0.003982 3813
0.003983 3813
0.003984 3813
0.003985 3813
0.003986 3812
0.003987 3813
0.003988 3813
0.003989 3813
0.00399 3813
0.003991 3814
0.003992 3814
0.003993 3815
0.003994 3815
0.003995 3815
0.003996 3814
0.003997 3814
0.003998 3813
0.003999 3812
0.004 3813
0.004001 3813
0.004002 3813
0.004003 3813
0.004004 3811
0.004005 3811
0.004006 3812
0.004007 3812
0.004008 3811
0.004009 3811
0.00401 3811
0.004011 3811
0.004012 3811
0.004013 3811
0.004014 3811
0.004015 3811
0.004016 3811
0.004017 3811
0.004018 3811
0.004019 3812
0.00402 3812
0.004021 3811
0.004022 3811
0.004023 3811
0.004024 3811
0.004025 3811
0.004026 3811
0.004027 3810
0.004028 3810
0.004029 3810
0.00403 3810
0.004031 3810
0.004032 3810
0.004033 3810
0.004034 3809
0.004035 3809
0.004036 3809
0.004037 3810
0.004038 3810
0.004039 3810
0.00404 3810
0.004041 3809
0.004042 3809
0.004043 3809
0.004044 3809
0.004045 3809
0.004046 3809
0.004047 3809
0.004048 3809
0.004049 3810
0.00405 3810
0.004051 3810
0.004052 3809
0.004053 3808
0.004054 3808
0.004055 3808
0.004056 3808
0.004057 3808
0.004058 3808
0.004059 3809
0.00406 3809
0.004061 3809
0.004062 3811
0.004063 3811
0.004064 3811
0.004065 3812
0.004066 3812
0.004067 3812
0.004068 3813
0.004069 3814
0.00407 3814
0.004071 3813
0.004072 3813
0.004073 3812
0.004074 3812
0.004075 3812
0.004076 3812
0.004077 3812
0.004078 3811
0.004079 3812
0.00408 3811
0.004081 3810
0.004082 3810
0.004083 3810
0.004084 3811
0.004085 3811
0.004086 3811
0.004087 3811
0.004088 3811
0.004089 3810
0.00409 3810
0.004091 3810
0.004092 3810
0.004093 3810
0.004094 3810
0.004095 3809
0.004096 3809
0.004097 3809
0.004098 3809
0.004099 3809
0.0041 3810
0.004101 3810
0.004102 3810
0.004103 3809
0.004104 3809
0.004105 3809
0.004106 3809
0.004107 3809
0.004108 3809
0.004109 3809
0.00411 3810
0.004111 3810
0.004112 3810
0.004113 3811
0.004114 3811
0.004115 3811
0.004116 3811
0.004117 3811
0.004118 3811
0.004119 3810
0.00412 3810
0.004121 3809
0.004122 3809
0.004123 3809
0.004124 3809
0.004125 3808
0.004126 3808
0.004127 3808
0.004128 3808
0.004129 3808
0.00413 3809
0.004131 3809
0.004132 3809
0.004133 3810
0.004134 3811
0.004135 3811
0.004136 3811
0.004137 3812
0.004138 3813
0.004139 3814
0.00414 3814
0.004141 3814
0.004142 3814
0.004143 3814
0.004144 3814
0.004145 3815
0.004146 3814
0.004147 3814
0.004148 3814
0.004149 3813
0.00415 3813
0.004151 3812
0.004152 3812
0.004153 3811
0.004154 3811
0.004155 3811
0.004156 3811
0.004157 3811
0.004158 3810
0.004159 3811
0.00416 3812
0.004161 3812
0.004162 3813
0.004163 3814
0.004164 3813
0.004165 3813
0.004166 3813
0.004167 3814
0.004168 3815
0.004169 3815
0.00417 3815
0.004171 3815
0.004172 3816
0.004173 3816
0.004174 3816
0.004175 3817
0.004176 3817
0.004177 3819
0.004178 3819
0.004179 3819
0.00418 3818
0.004181 3818
0.004182 3818
0.004183 3818
0.004184 3817
0.004185 3818
0.004186 3818
0.004187 3817
0.004188 3817
0.004189 3817
0.00419 3817
0.004191 3816
0.004192 3816
0.004193 3816
0.004194 3815
0.004195 3815
0.004196 3815
0.004197 3815
0.004198 3815
0.004199 3815
0.0042 3816
0.004201 3816
0.004202 3815
0.004203 3815
0.004204 3816
0.004205 3816
0.004206 3817
0.004207 3817
0.004208 3817
0.004209 3817
0.00421 3817
0.004211 3817
0.004212 3816
0.004213 3816
0.004214 3816
0.004215 3816
0.004216 3816
0.004217 3817
0.004218 3817
0.004219 3817
0.00422 3817
0.004221 3817
0.004222 3817
0.004223 3817
0.004224 3816
0.004225 3816
0.004226 3816
0.004227 3816
0.004228 3815
0.004229 3816
0.00423 3816
0.004231 3816
0.004232 3816
0.004233 3816
0.004234 3816
0.004235 3815
0.004236 3817
0.004237 3816
0.004238 3815
0.004239 3815
0.00424 3814
0.004241 3814
0.004242 3813
0.004243 3813
0.004244 3813
0.004245 3813
0.004246 3813
0.004247 3812
0.004248 3812
0.004249 3812
0.00425 3811
0.004251 3812
0.004252 3812
0.004253 3812
0.004254 3812
0.004255 3812
0.004256 3813
0.004257 3813
0.004258 3813
0.004259 3813
0.00426 3813
0.004261 3812
0.004262 3813
0.004263 3813
0.004264 3813
0.004265 3815
0.004266 3815
0.004267 3815
0.004268 3816
0.004269 3817
0.00427 3816
0.004271 3817
0.004272 3817
0.004273 3816
0.004274 3816
0.004275 3816
0.004276 3815
0.004277 3815
0.004278 3815
0.004279 3816
0.00428 3816
0.004281 3817
0.004282 3817
0.004283 3817
0.004284 3817
0.004285 3817
0.004286 3817
0.004287 3817
0.004288 3817
0.004289 3817
0.00429 3817
0.004291 3818
0.004292 3818
0.004293 3818
0.004294 3818
0.004295 3819
0.004296 3819
0.004297 3818
0.004298 3818
0.004299 3819
0.0043 3818
0.004301 3818
0.004302 3818
0.004303 3818
0.004304 3817
0.004305 3817
0.004306 3816
0.004307 3814
0.004308 3816
0.004309 3816
0.00431 3816
0.004311 3817
0.004312 3817
0.004313 3817
0.004314 3817
0.004315 3817
0.004316 3817
0.004317 3817
0.004318 3816
0.004319 3816
0.00432 3816
0.004321 3817
0.004322 3817
0.004323 3817
0.004324 3817
0.004325 3816
0.004326 3816
0.004327 3815
0.004328 3815
0.004329 3815
0.00433 3815
0.004331 3816
0.004332 3817
0.004333 3817
0.004334 3818
0.004335 3819
0.004336 3819
0.004337 3818
0.004338 3818
0.004339 3818
0.00434 3818
0.004341 3819
0.004342 3819
0.004343 3819
0.004344 3819
0.004345 3817
0.004346 3818
0.004347 3818
0.004348 3819
0.004349 3818
0.00435 3817
0.004351 3817
0.004352 3818
0.004353 3818
0.004354 3819
0.004355 3818
0.004356 3819
0.004357 3818
0.004358 3818
0.004359 3817
0.00436 3817
0.004361 3818
0.004362 3819
0.004363 3819
0.004364 3817
0.004365 3817
0.004366 3817
0.004367 3815
0.004368 3815
0.004369 3815
0.00437 3814
0.004371 3814
0.004372 3814
0.004373 3814
0.004374 3814
0.004375 3814
0.004376 3814
0.004377 3814
0.004378 3815
0.004379 3815
0.00438 3816
0.004381 3816
0.004382 3816
0.004383 3816
0.004384 3816
0.004385 3817
0.004386 3817
0.004387 3817
0.004388 3816
0.004389 3815
0.00439 3815
0.004391 3815
0.004392 3815
0.004393 3815
0.004394 3815
0.004395 3816
0.004396 3816
0.004397 3816
0.004398 3816
0.004399 3816
0.0044 3816
0.004401 3816
0.004402 3816
0.004403 3816
0.004404 3817
0.004405 3818
0.004406 3819
0.004407 3819
0.004408 3819
0.004409 3820
0.00441 3820
0.004411 3819
0.004412 3819
0.004413 3819
0.004414 3819
0.004415 3819
0.004416 3819
0.004417 3819
0.004418 3819
0.004419 3820
0.00442 3820
0.004421 3820
0.004422 3820
0.004423 3819
0.004424 3819
0.004425 3819
0.004426 3820
0.004427 3819
0.004428 3819
0.004429 3819
0.00443 3819
0.004431 3819
0.004432 3819
0.004433 3819
0.004434 3819
0.004435 3819
0.004436 3819
0.004437 3819
0.004438 3819
0.004439 3819
0.00444 3819
0.004441 3819
0.004442 3819
0.004443 3818
0.004444 3818
0.004445 3818
0.004446 3818
0.004447 3819
0.004448 3820
0.004449 3821
0.00445 3820
0.004451 3821
0.004452 3821
0.004453 3821
0.004454 3821
0.004455 3822
0.004456 3822
0.004457 3822
0.004458 3821
0.004459 3821
0.00446 3821
0.004461 3821
0.004462 3821
0.004463 3821
0.004464 3821
0.004465 3821
0.004466 3821
0.004467 3820
0.004468 3821
0.004469 3821
0.00447 3821
0.004471 3821
0.004472 3819
0.004473 3819
0.004474 3819
0.004475 3819
0.004476 3819
0.004477 3819
0.004478 3820
0.004479 3820
0.00448 3820
0.004481 3820
0.004482 3821
0.004483 3822
0.004484 3822
0.004485 3822
0.004486 3822
0.004487 3822
0.004488 3822
0.004489 3823
0.00449 3822
0.004491 3822
0.004492 3822
0.004493 3822
0.004494 3821
0.004495 3822
0.004496 3822
0.004497 3822
0.004498 3822
0.004499 3822
0.0045 3821
0.004501 3820
0.004502 3820
0.004503 3820
0.004504 3820
0.004505 3820
0.004506 3820
0.004507 3821
0.004508 3820
0.004509 3820
0.00451 3820
0.004511 3820
0.004512 3819
0.004513 3819
0.004514 3819
0.004515 3819
0.004516 3819
0.004517 3818
0.004518 3818
0.004519 3818
0.00452 3818
0.004521 3817
0.004522 3816
0.004523 3816
0.004524 3815
0.004525 3815
0.004526 3815
0.004527 3815
0.004528 3815
0.004529 3815
0.00453 3815
0.004531 3815
0.004532 3815
0.004533 3817
0.004534 3817
0.004535 3816
0.004536 3817
0.004537 3816
0.004538 3816
0.004539 3815
0.00454 3815
0.004541 3815
0.004542 3815
0.004543 3815
0.004544 3815
0.004545 3814
0.004546 3814
0.004547 3814
0.004548 3814
0.004549 3814
0.00455 3814
0.004551 3814
0.004552 3814
0.004553 3815
0.004554 3815
0.004555 3815
0.004556 3814
0.004557 3814
0.004558 3814
0.004559 3814
0.00456 3814
0.004561 3814
0.004562 3814
0.004563 3814
0.004564 3814
0.004565 3814
0.004566 3814
0.004567 3813
0.004568 3813
0.004569 3813
0.00457 3813
0.004571 3815
0.004572 3816
0.004573 3816
0.004574 3816
0.004575 3816
0.004576 3816
0.004577 3816
0.004578 3817
0.004579 3817
0.00458 3817
0.004581 3817
0.004582 3817
0.004583 3816
0.004584 3816
0.004585 3816
0.004586 3816
0.004587 3815
0.004588 3815
0.004589 3814
0.00459 3813
0.004591 3812
0.004592 3812
0.004593 3812
0.004594 3813
0.004595 3813
0.004596 3813
0.004597 3812
0.004598 3810
0.004599 3810
0.0046 3810
0.004601 3811
0.004602 3811
0.004603 3811
0.004604 3811
0.004605 3811
0.004606 3812
0.004607 3812
0.004608 3813
0.004609 3811
0.00461 3811
0.004611 3811
0.004612 3810
0.004613 3809
0.004614 3808
0.004615 3808
0.004616 3808
0.004617 3809
0.004618 3809
0.004619 3810
0.00462 3812
0.004621 3813
0.004622 3813
0.004623 3813
0.004624 3813
0.004625 3813
0.004626 3812
0.004627 3812
0.004628 3812
0.004629 3812
0.00463 3813
0.004631 3813
0.004632 3814
0.004633 3814
0.004634 3813
0.004635 3813
0.004636 3813
0.004637 3813
0.004638 3812
0.004639 3812
0.00464 3812
0.004641 3812
0.004642 3812
0.004643 3812
0.004644 3812
0.004645 3812
0.004646 3812
0.004647 3812
0.004648 3812
0.004649 3812
0.00465 3812
0.004651 3812
0.004652 3812
0.004653 3813
0.004654 3813
0.004655 3812
0.004656 3812
0.004657 3812
0.004658 3812
0.004659 3812
0.00466 3811
0.004661 3811
0.004662 3810
0.004663 3810
0.004664 3810
0.004665 3809
0.004666 3808
0.004667 3808
0.004668 3808
0.004669 3808
0.00467 3808
0.004671 3809
0.004672 3809
0.004673 3809
0.004674 3810
0.004675 3810
0.004676 3810
0.004677 3810
0.004678 3811
0.004679 3812
0.00468 3813
0.004681 3813
0.004682 3813
0.004683 3813
0.004684 3813
0.004685 3813
0.004686 3813
0.004687 3813
0.004688 3813
0.004689 3813
0.00469 3813
0.004691 3813
0.004692 3813
0.004693 3812
0.004694 3812
0.004695 3811
0.004696 3811
0.004697 3812
0.004698 3812
0.004699 3812
0.0047 3812
0.004701 3812
0.004702 3812
0.004703 3812
0.004704 3812
0.004705 3812
0.004706 3812
0.004707 3812
0.004708 3811
0.004709 3811
0.00471 3811
0.004711 3811
0.004712 3813
0.004713 3812
0.004714 3812
0.004715 3814
0.004716 3815
0.004717 3815
0.004718 3815
0.004719 3815
0.00472 3816
0.004721 3816
0.004722 3815
0.004723 3815
0.004724 3816
0.004725 3816
0.004726 3816
0.004727 3815
0.004728 3813
0.004729 3813
0.00473 3813
0.004731 3813
0.004732 3813
0.004733 3813
0.004734 3813
0.004735 3813
0.004736 3813
0.004737 3813
0.004738 3813
0.004739 3813
0.00474 3813
0.004741 3812
0.004742 3812
0.004743 3811
0.004744 3811
0.004745 3811
0.004746 3811
0.004747 3811
0.004748 3810
0.004749 3809
0.00475 3809
0.004751 3809
0.004752 3810
0.004753 3810
0.004754 3810
0.004755 3810
0.004756 3809
0.004757 3810
0.004758 3810
0.004759 3810
0.00476 3810
0.004761 3810
0.004762 3810
0.004763 3811
0.004764 3811
0.004765 3811
0.004766 3811
0.004767 3811
0.004768 3811
0.004769 3811
0.00477 3811
0.004771 3811
0.004772 3811
0.004773 3811
0.004774 3811
0.004775 3811
0.004776 3810
0.004777 3811
0.004778 3811
0.004779 3812
0.00478 3812
0.004781 3812
0.004782 3812
0.004783 3811
0.004784 3811
0.004785 3811
0.004786 3811
0.004787 3811
0.004788 3811
0.004789 3812
0.00479 3812
0.004791 3812
0.004792 3812
0.004793 3812
0.004794 3812
0.004795 3812
0.004796 3812
0.004797 3813
0.004798 3814
0.004799 3814
0.0048 3814
0.004801 3813
0.004802 3813
0.004803 3814
0.004804 3814
0.004805 3813
0.004806 3813
0.004807 3814
0.004808 3813
0.004809 3813
0.00481 3813
0.004811 3812
0.004812 3812
0.004813 3812
0.004814 3812
0.004815 3812
0.004816 3812
0.004817 3812
0.004818 3813
0.004819 3813
0.00482 3813
0.004821 3813
0.004822 3813
0.004823 3813
0.004824 3813
0.004825 3813
0.004826 3813
0.004827 3813
0.004828 3813
0.004829 3813
0.00483 3813
0.004831 3813
0.004832 3813
0.004833 3814
0.004834 3813
0.004835 3814
0.004836 3814
0.004837 3814
0.004838 3814
0.004839 3814
0.00484 3814
0.004841 3813
0.004842 3813
0.004843 3813
0.004844 3813
0.004845 3813
0.004846 3813
0.004847 3813
0.004848 3813
0.004849 3813
0.00485 3813
0.004851 3813
0.004852 3813
0.004853 3813
0.004854 3814
0.004855 3814
0.004856 3814
0.004857 3814
0.004858 3814
0.004859 3815
0.00486 3816
0.004861 3816
0.004862 3816
0.004863 3816
0.004864 3816
0.004865 3816
0.004866 3816
0.004867 3817
0.004868 3816
0.004869 3816
0.00487 3816
0.004871 3816
0.004872 3816
0.004873 3816
0.004874 3814
0.004875 3814
0.004876 3813
0.004877 3813
0.004878 3813
0.004879 3813
0.00488 3812
0.004881 3812
0.004882 3812
0.004883 3812
0.004884 3812
0.004885 3812
0.004886 3813
0.004887 3814
0.004888 3813
0.004889 3813
0.00489 3813
0.004891 3815
0.004892 3817
0.004893 3816
0.004894 3816
0.004895 3816
0.004896 3816
0.004897 3816
0.004898 3816
0.004899 3816
0.0049 3816
0.004901 3816
0.004902 3816
0.004903 3815
0.004904 3815
0.004905 3816
0.004906 3816
0.004907 3816
0.004908 3816
0.004909 3816
0.00491 3816
0.004911 3816
0.004912 3815
0.004913 3814
0.004914 3814
0.004915 3814
0.004916 3814
0.004917 3814
0.004918 3813
0.004919 3813
0.00492 3813
0.004921 3814
0.004922 3814
0.004923 3814
0.004924 3813
0.004925 3812
0.004926 3811
0.004927 3810
0.004928 3811
0.004929 3811
0.00493 3811
0.004931 3811
0.004932 3811
0.004933 3811
0.004934 3811
0.004935 3812
0.004936 3812
0.004937 3812
0.004938 3812
0.004939 3812
0.00494 3812
0.004941 3814
0.004942 3814
0.004943 3813
0.004944 3813
0.004945 3814
0.004946 3814
0.004947 3815
0.004948 3815
0.004949 3815
0.00495 3815
0.004951 3815
0.004952 3815
0.004953 3815
0.004954 3815
0.004955 3815
0.004956 3815
0.004957 3814
0.004958 3813
0.004959 3814
0.00496 3813
0.004961 3814
0.004962 3814
0.004963 3814
0.004964 3814
0.004965 3814
0.004966 3814
0.004967 3815
0.004968 3814
0.004969 3814
0.00497 3814
0.004971 3815
0.004972 3815
0.004973 3815
0.004974 3815
0.004975 3814
0.004976 3814
0.004977 3814
0.004978 3814
0.004979 3814
0.00498 3814
0.004981 3813
0.004982 3813
0.004983 3813
0.004984 3813
0.004985 3814
0.004986 3814
0.004987 3813
0.004988 3813
0.004989 3812
0.00499 3811
0.004991 3813
0.004992 3813
0.004993 3813
0.004994 3813
0.004995 3813
0.004996 3812
0.004997 3814
0.004998 3814
0.004999 3814
0.005 3814
