0 339
1e-06 342
2e-06 343
3e-06 344
4e-06 348
5e-06 353
6e-06 357
7e-06 359
8e-06 359
9e-06 361
1e-05 365
1.1e-05 367
1.2e-05 369
1.3e-05 370
1.4e-05 373
1.5e-05 376
1.6e-05 378
1.7e-05 380
1.8e-05 381
1.9e-05 384
2e-05 388
2.1e-05 390
2.2e-05 396
2.3e-05 397
2.4e-05 401
2.5e-05 403
2.6e-05 405
2.7e-05 406
2.8e-05 407
2.9e-05 409
3e-05 412
3.1e-05 415
3.2e-05 419
3.3e-05 422
3.4e-05 427
3.5e-05 428
3.6e-05 430
3.7e-05 432
3.8e-05 436
3.9e-05 440
4e-05 441
4.1e-05 444
4.2e-05 446
4.3e-05 446
4.4e-05 448
4.5e-05 449
4.6e-05 454
4.7e-05 457
4.8e-05 458
4.9e-05 461
5e-05 464
5.1e-05 467
5.2e-05 469
5.3e-05 470
5.4e-05 471
5.5e-05 473
5.6e-05 474
5.7e-05 477
5.8e-05 480
5.9e-05 485
6e-05 489
6.1e-05 491
6.2e-05 494
6.3e-05 494
6.4e-05 500
6.5e-05 503
6.6e-05 503
6.7e-05 507
6.8e-05 508
6.9e-05 509
7e-05 516
7.1e-05 520
7.2e-05 522
7.3e-05 525
7.4e-05 528
7.5e-05 530
7.6e-05 532
7.7e-05 533
7.8e-05 538
7.9e-05 538
8e-05 538
8.1e-05 539
8.2e-05 538
8.3e-05 540
8.4e-05 541
8.5e-05 544
8.6e-05 547
8.7e-05 549
8.8e-05 553
8.9e-05 554
9e-05 555
9.1e-05 556
9.2e-05 557
9.3e-05 559
9.4e-05 559
9.5e-05 559
9.6e-05 560
9.7e-05 562
9.8e-05 564
9.9e-05 569
0.0001 572
0.000101 575
0.000102 575
0.000103 575
0.000104 575
0.000105 576
0.000106 577
0.000107 579
0.000108 580
0.000109 582
0.00011 582
0.000111 585
0.000112 588
0.000113 591
0.000114 595
0.000115 597
0.000116 603
0.000117 605
0.000118 607
0.000119 608
0.00012 608
0.000121 609
0.000122 609
0.000123 611
0.000124 612
0.000125 614
0.000126 614
0.000127 615
0.000128 616
0.000129 618
0.00013 618
0.000131 619
0.000132 620
0.000133 620
0.000134 622
0.000135 626
0.000136 627
0.000137 629
0.000138 631
0.000139 633
0.00014 633
0.000141 635
0.000142 636
0.000143 637
0.000144 640
0.000145 641
0.000146 642
0.000147 645
0.000148 645
0.000149 646
0.00015 646
0.000151 649
0.000152 650
0.000153 654
0.000154 655
0.000155 656
0.000156 656
0.000157 658
0.000158 658
0.000159 659
0.00016 661
0.000161 663
0.000162 665
0.000163 666
0.000164 669
0.000165 670
0.000166 671
0.000167 671
0.000168 671
0.000169 672
0.00017 672
0.000171 673
0.000172 676
0.000173 676
0.000174 677
0.000175 678
0.000176 679
0.000177 679
0.000178 680
0.000179 682
0.00018 682
0.000181 683
0.000182 684
0.000183 684
0.000184 685
0.000185 686
0.000186 690
0.000187 692
0.000188 692
0.000189 693
0.00019 694
0.000191 696
0.000192 697
0.000193 697
0.000194 700
0.000195 701
0.000196 703
0.000197 703
0.000198 704
0.000199 705
0.0002 705
0.000201 705
0.000202 705
0.000203 704
0.000204 706
0.000205 706
0.000206 704
0.000207 706
0.000208 707
0.000209 707
0.00021 708
0.000211 710
0.000212 710
0.000213 710
0.000214 710
0.000215 710
0.000216 711
0.000217 711
0.000218 715
0.000219 718
0.00022 718
0.000221 721
0.000222 721
0.000223 722
0.000224 723
0.000225 724
0.000226 724
0.000227 725
0.000228 727
0.000229 729
0.00023 730
0.000231 730
0.000232 731
0.000233 732
0.000234 734
0.000235 735
0.000236 736
0.000237 737
0.000238 739
0.000239 740
0.00024 742
0.000241 744
0.000242 746
0.000243 747
0.000244 747
0.000245 748
0.000246 749
0.000247 749
0.000248 750
0.000249 751
0.00025 750
0.000251 751
0.000252 751
0.000253 752
0.000254 755
0.000255 756
0.000256 756
0.000257 756
0.000258 756
0.000259 756
0.00026 757
0.000261 757
0.000262 757
0.000263 758
0.000264 758
0.000265 758
0.000266 758
0.000267 759
0.000268 761
0.000269 762
0.00027 762
0.000271 762
0.000272 763
0.000273 765
0.000274 765
0.000275 765
0.000276 765
0.000277 765
0.000278 765
0.000279 765
0.00028 766
0.000281 766
0.000282 766
0.000283 766
0.000284 766
0.000285 766
0.000286 766
0.000287 767
0.000288 767
0.000289 769
0.00029 769
0.000291 769
0.000292 770
0.000293 770
0.000294 771
0.000295 771
0.000296 773
0.000297 774
0.000298 775
0.000299 775
0.0003 776
0.000301 776
0.000302 778
0.000303 778
0.000304 778
0.000305 779
0.000306 781
0.000307 781
0.000308 782
0.000309 784
0.00031 784
0.000311 786
0.000312 786
0.000313 786
0.000314 786
0.000315 786
0.000316 786
0.000317 786
0.000318 786
0.000319 787
0.00032 788
0.000321 787
0.000322 788
0.000323 788
0.000324 790
0.000325 789
0.000326 791
0.000327 792
0.000328 793
0.000329 794
0.00033 795
0.000331 796
0.000332 796
0.000333 797
0.000334 799
0.000335 799
0.000336 799
0.000337 799
0.000338 799
0.000339 800
0.00034 800
0.000341 800
0.000342 802
0.000343 802
0.000344 804
0.000345 804
0.000346 804
0.000347 805
0.000348 805
0.000349 806
0.00035 808
0.000351 809
0.000352 809
0.000353 809
0.000354 808
0.000355 807
0.000356 808
0.000357 809
0.000358 809
0.000359 809
0.00036 809
0.000361 810
0.000362 810
0.000363 810
0.000364 809
0.000365 810
0.000366 810
0.000367 811
0.000368 811
0.000369 811
0.00037 812
0.000371 812
0.000372 813
0.000373 813
0.000374 814
0.000375 814
0.000376 814
0.000377 816
0.000378 816
0.000379 816
0.00038 816
0.000381 816
0.000382 817
0.000383 819
0.000384 820
0.000385 820
0.000386 820
0.000387 820
0.000388 821
0.000389 822
0.00039 822
0.000391 822
0.000392 822
0.000393 822
0.000394 823
0.000395 824
0.000396 824
0.000397 825
0.000398 826
0.000399 827
0.0004 828
0.000401 828
0.000402 828
0.000403 828
0.000404 828
0.000405 828
0.000406 829
0.000407 829
0.000408 829
0.000409 829
0.00041 829
0.000411 829
0.000412 830
0.000413 832
0.000414 832
0.000415 832
0.000416 833
0.000417 833
0.000418 832
0.000419 833
0.00042 833
0.000421 833
0.000422 833
0.000423 832
0.000424 832
0.000425 832
0.000426 832
0.000427 833
0.000428 833
0.000429 834
0.00043 834
0.000431 835
0.000432 835
0.000433 835
0.000434 835
0.000435 835
0.000436 836
0.000437 836
0.000438 837
0.000439 837
0.00044 837
0.000441 837
0.000442 837
0.000443 838
0.000444 840
0.000445 840
0.000446 840
0.000447 840
0.000448 840
0.000449 840
0.00045 840
0.000451 840
0.000452 840
0.000453 840
0.000454 839
0.000455 841
0.000456 842
0.000457 843
0.000458 844
0.000459 844
0.00046 844
0.000461 844
0.000462 844
0.000463 844
0.000464 843
0.000465 844
0.000466 844
0.000467 844
0.000468 845
0.000469 845
0.00047 845
0.000471 845
0.000472 845
0.000473 844
0.000474 845
0.000475 844
0.000476 844
0.000477 844
0.000478 845
0.000479 845
0.00048 845
0.000481 845
0.000482 845
0.000483 846
0.000484 846
0.000485 846
0.000486 847
0.000487 847
0.000488 847
0.000489 847
0.00049 847
0.000491 848
0.000492 848
0.000493 848
0.000494 849
0.000495 849
0.000496 849
0.000497 849
0.000498 848
0.000499 849
0.0005 849
0.000501 849
0.000502 849
0.000503 849
0.000504 849
0.000505 849
0.000506 849
0.000507 849
0.000508 849
0.000509 849
0.00051 849
0.000511 849
0.000512 850
0.000513 850
0.000514 850
0.000515 850
0.000516 850
0.000517 850
0.000518 849
0.000519 849
0.00052 849
0.000521 849
0.000522 849
0.000523 849
0.000524 849
0.000525 849
0.000526 849
0.000527 849
0.000528 849
0.000529 850
0.00053 850
0.000531 850
0.000532 850
0.000533 849
0.000534 849
0.000535 850
0.000536 850
0.000537 850
0.000538 850
0.000539 850
0.00054 850
0.000541 850
0.000542 852
0.000543 853
0.000544 853
0.000545 853
0.000546 853
0.000547 853
0.000548 853
0.000549 853
0.00055 853
0.000551 853
0.000552 855
0.000553 855
0.000554 855
0.000555 855
0.000556 856
0.000557 856
0.000558 856
0.000559 856
0.00056 856
0.000561 856
0.000562 856
0.000563 856
0.000564 856
0.000565 856
0.000566 856
0.000567 857
0.000568 857
0.000569 857
0.00057 857
0.000571 857
0.000572 857
0.000573 857
0.000574 857
0.000575 857
0.000576 857
0.000577 857
0.000578 857
0.000579 857
0.00058 857
0.000581 857
0.000582 857
0.000583 857
0.000584 857
0.000585 857
0.000586 857
0.000587 858
0.000588 859
0.000589 858
0.00059 858
0.000591 859
0.000592 859
0.000593 859
0.000594 859
0.000595 859
0.000596 859
0.000597 858
0.000598 858
0.000599 858
0.0006 858
0.000601 857
0.000602 857
0.000603 857
0.000604 857
0.000605 857
0.000606 856
0.000607 856
0.000608 857
0.000609 857
0.00061 857
0.000611 857
0.000612 857
0.000613 857
0.000614 857
0.000615 857
0.000616 857
0.000617 857
0.000618 857
0.000619 857
0.00062 857
0.000621 858
0.000622 857
0.000623 857
0.000624 857
0.000625 857
0.000626 857
0.000627 857
0.000628 856
0.000629 856
0.00063 856
0.000631 856
0.000632 856
0.000633 856
0.000634 856
0.000635 857
0.000636 857
0.000637 857
0.000638 857
0.000639 857
0.00064 856
0.000641 856
0.000642 856
0.000643 856
0.000644 857
0.000645 857
0.000646 857
0.000647 856
0.000648 856
0.000649 856
0.00065 855
0.000651 855
0.000652 856
0.000653 856
0.000654 856
0.000655 856
0.000656 856
0.000657 856
0.000658 857
0.000659 857
0.00066 857
0.000661 857
0.000662 857
0.000663 857
0.000664 857
0.000665 857
0.000666 858
0.000667 858
0.000668 858
0.000669 858
0.00067 858
0.000671 858
0.000672 858
0.000673 858
0.000674 859
0.000675 859
0.000676 860
0.000677 860
0.000678 859
0.000679 859
0.00068 859
0.000681 859
0.000682 858
0.000683 859
0.000684 859
0.000685 859
0.000686 859
0.000687 860
0.000688 860
0.000689 860
0.00069 860
0.000691 862
0.000692 862
0.000693 862
0.000694 862
0.000695 862
0.000696 862
0.000697 862
0.000698 862
0.000699 863
0.0007 864
0.000701 864
0.000702 864
0.000703 864
0.000704 864
0.000705 864
0.000706 864
0.000707 864
0.000708 864
0.000709 864
0.00071 864
0.000711 865
0.000712 865
0.000713 865
0.000714 865
0.000715 865
0.000716 865
0.000717 864
0.000718 864
0.000719 864
0.00072 864
0.000721 864
0.000722 864
0.000723 864
0.000724 864
0.000725 865
0.000726 866
0.000727 867
0.000728 867
0.000729 867
0.00073 867
0.000731 867
0.000732 867
0.000733 866
0.000734 866
0.000735 866
0.000736 866
0.000737 866
0.000738 866
0.000739 866
0.00074 866
0.000741 866
0.000742 865
0.000743 865
0.000744 866
0.000745 866
0.000746 867
0.000747 867
0.000748 867
0.000749 867
0.00075 867
0.000751 867
0.000752 867
0.000753 867
0.000754 868
0.000755 868
0.000756 868
0.000757 868
0.000758 868
0.000759 868
0.00076 868
0.000761 868
0.000762 868
0.000763 868
0.000764 868
0.000765 868
0.000766 869
0.000767 869
0.000768 869
0.000769 869
0.00077 869
0.000771 869
0.000772 869
0.000773 869
0.000774 870
0.000775 869
0.000776 869
0.000777 869
0.000778 869
0.000779 869
0.00078 869
0.000781 869
0.000782 870
0.000783 870
0.000784 869
0.000785 869
0.000786 869
0.000787 870
0.000788 870
0.000789 870
0.00079 870
0.000791 870
0.000792 870
0.000793 870
0.000794 870
0.000795 870
0.000796 871
0.000797 871
0.000798 871
0.000799 871
0.0008 871
0.000801 871
0.000802 871
0.000803 873
0.000804 873
0.000805 873
0.000806 873
0.000807 873
0.000808 873
0.000809 873
0.00081 873
0.000811 873
0.000812 873
0.000813 873
0.000814 873
0.000815 873
0.000816 873
0.000817 873
0.000818 873
0.000819 873
0.00082 873
0.000821 873
0.000822 874
0.000823 874
0.000824 874
0.000825 874
0.000826 874
0.000827 874
0.000828 874
0.000829 874
0.00083 874
0.000831 874
0.000832 874
0.000833 873
0.000834 873
0.000835 873
0.000836 873
0.000837 873
0.000838 873
0.000839 872
0.00084 872
0.000841 872
0.000842 872
0.000843 872
0.000844 872
0.000845 872
0.000846 872
0.000847 872
0.000848 872
0.000849 872
0.00085 872
0.000851 872
0.000852 872
0.000853 872
0.000854 872
0.000855 871
0.000856 871
0.000857 871
0.000858 871
0.000859 871
0.00086 871
0.000861 871
0.000862 871
0.000863 871
0.000864 871
0.000865 871
0.000866 871
0.000867 871
0.000868 871
0.000869 871
0.00087 871
0.000871 873
0.000872 873
0.000873 873
0.000874 873
0.000875 873
0.000876 873
0.000877 873
0.000878 873
0.000879 873
0.00088 873
0.000881 873
0.000882 873
0.000883 873
0.000884 873
0.000885 873
0.000886 873
0.000887 873
0.000888 873
0.000889 873
0.00089 873
0.000891 873
0.000892 873
0.000893 873
0.000894 872
0.000895 872
0.000896 872
0.000897 872
0.000898 872
0.000899 872
0.0009 872
0.000901 872
0.000902 872
0.000903 872
0.000904 872
0.000905 872
0.000906 872
0.000907 872
0.000908 872
0.000909 872
0.00091 872
0.000911 872
0.000912 872
0.000913 872
0.000914 872
0.000915 872
0.000916 873
0.000917 873
0.000918 873
0.000919 873
0.00092 873
0.000921 873
0.000922 873
0.000923 873
0.000924 873
0.000925 873
0.000926 873
0.000927 874
0.000928 875
0.000929 875
0.00093 875
0.000931 875
0.000932 875
0.000933 875
0.000934 875
0.000935 875
0.000936 875
0.000937 875
0.000938 876
0.000939 876
0.00094 877
0.000941 877
0.000942 877
0.000943 877
0.000944 877
0.000945 877
0.000946 877
0.000947 877
0.000948 877
0.000949 877
0.00095 877
0.000951 878
0.000952 878
0.000953 878
0.000954 877
0.000955 877
0.000956 876
0.000957 876
0.000958 875
0.000959 875
0.00096 875
0.000961 875
0.000962 874
0.000963 874
0.000964 874
0.000965 874
0.000966 874
0.000967 874
0.000968 874
0.000969 874
0.00097 874
0.000971 874
0.000972 874
0.000973 874
0.000974 875
0.000975 875
0.000976 875
0.000977 875
0.000978 875
0.000979 875
0.00098 875
0.000981 875
0.000982 875
0.000983 875
0.000984 875
0.000985 875
0.000986 875
0.000987 875
0.000988 875
0.000989 875
0.00099 875
0.000991 875
0.000992 875
0.000993 875
0.000994 875
0.000995 874
0.000996 875
0.000997 875
0.000998 875
0.000999 876
0.001 876
0.001001 876
0.001002 877
0.001003 877
0.001004 877
0.001005 877
0.001006 877
0.001007 878
0.001008 878
0.001009 879
0.00101 878
0.001011 878
0.001012 878
0.001013 878
0.001014 878
0.001015 878
0.001016 878
0.001017 878
0.001018 878
0.001019 878
0.00102 878
0.001021 879
0.001022 879
0.001023 879
0.001024 879
0.001025 879
0.001026 879
0.001027 879
0.001028 879
0.001029 879
0.00103 879
0.001031 879
0.001032 880
0.001033 880
0.001034 880
0.001035 880
0.001036 880
0.001037 880
0.001038 880
0.001039 880
0.00104 880
0.001041 880
0.001042 880
0.001043 880
0.001044 880
0.001045 880
0.001046 880
0.001047 880
0.001048 880
0.001049 880
0.00105 880
0.001051 880
0.001052 880
0.001053 880
0.001054 880
0.001055 880
0.001056 880
0.001057 880
0.001058 880
0.001059 880
0.00106 880
0.001061 880
0.001062 880
0.001063 881
0.001064 881
0.001065 881
0.001066 881
0.001067 881
0.001068 881
0.001069 881
0.00107 881
0.001071 882
0.001072 882
0.001073 882
0.001074 882
0.001075 882
0.001076 882
0.001077 882
0.001078 882
0.001079 882
0.00108 882
0.001081 882
0.001082 882
0.001083 882
0.001084 882
0.001085 882
0.001086 882
0.001087 882
0.001088 883
0.001089 883
0.00109 883
0.001091 883
0.001092 884
0.001093 884
0.001094 884
0.001095 884
0.001096 884
0.001097 884
0.001098 884
0.001099 883
0.0011 883
0.001101 883
0.001102 883
0.001103 883
0.001104 882
0.001105 882
0.001106 882
0.001107 882
0.001108 882
0.001109 882
0.00111 882
0.001111 882
0.001112 882
0.001113 882
0.001114 882
0.001115 882
0.001116 882
0.001117 882
0.001118 882
0.001119 882
0.00112 882
0.001121 883
0.001122 883
0.001123 883
0.001124 883
0.001125 883
0.001126 883
0.001127 883
0.001128 883
0.001129 883
0.00113 883
0.001131 884
0.001132 884
0.001133 884
0.001134 884
0.001135 883
0.001136 883
0.001137 883
0.001138 883
0.001139 883
0.00114 883
0.001141 883
0.001142 883
0.001143 883
0.001144 883
0.001145 883
0.001146 883
0.001147 883
0.001148 883
0.001149 883
0.00115 883
0.001151 884
0.001152 884
0.001153 884
0.001154 884
0.001155 884
0.001156 884
0.001157 883
0.001158 883
0.001159 883
0.00116 883
0.001161 883
0.001162 883
0.001163 883
0.001164 883
0.001165 882
0.001166 882
0.001167 882
0.001168 882
0.001169 882
0.00117 882
0.001171 882
0.001172 882
0.001173 882
0.001174 881
0.001175 881
0.001176 880
0.001177 880
0.001178 880
0.001179 880
0.00118 880
0.001181 880
0.001182 880
0.001183 880
0.001184 880
0.001185 880
0.001186 880
0.001187 880
0.001188 880
0.001189 880
0.00119 880
0.001191 880
0.001192 880
0.001193 880
0.001194 882
0.001195 882
0.001196 881
0.001197 881
0.001198 881
0.001199 881
0.0012 881
0.001201 880
0.001202 880
0.001203 880
0.001204 880
0.001205 880
0.001206 880
0.001207 880
0.001208 880
0.001209 880
0.00121 880
0.001211 880
0.001212 880
0.001213 880
0.001214 880
0.001215 880
0.001216 879
0.001217 879
0.001218 879
0.001219 879
0.00122 879
0.001221 879
0.001222 879
0.001223 879
0.001224 880
0.001225 880
0.001226 880
0.001227 880
0.001228 880
0.001229 880
0.00123 880
0.001231 880
0.001232 880
0.001233 880
0.001234 880
0.001235 879
0.001236 880
0.001237 880
0.001238 880
0.001239 879
0.00124 880
0.001241 880
0.001242 879
0.001243 879
0.001244 879
0.001245 879
0.001246 879
0.001247 879
0.001248 880
0.001249 879
0.00125 879
0.001251 879
0.001252 879
0.001253 879
0.001254 879
0.001255 879
0.001256 879
0.001257 879
0.001258 879
0.001259 878
0.00126 880
0.001261 880
0.001262 880
0.001263 880
0.001264 880
0.001265 880
0.001266 880
0.001267 880
0.001268 880
0.001269 880
0.00127 880
0.001271 881
0.001272 881
0.001273 881
0.001274 881
0.001275 880
0.001276 879
0.001277 879
0.001278 879
0.001279 879
0.00128 879
0.001281 879
0.001282 879
0.001283 879
0.001284 879
0.001285 878
0.001286 878
0.001287 878
0.001288 878
0.001289 878
0.00129 878
0.001291 878
0.001292 879
0.001293 879
0.001294 879
0.001295 879
0.001296 878
0.001297 879
0.001298 879
0.001299 879
0.0013 879
0.001301 879
0.001302 879
0.001303 879
0.001304 879
0.001305 879
0.001306 879
0.001307 879
0.001308 878
0.001309 878
0.00131 878
0.001311 879
0.001312 879
0.001313 879
0.001314 879
0.001315 879
0.001316 879
0.001317 879
0.001318 879
0.001319 879
0.00132 879
0.001321 879
0.001322 879
0.001323 879
0.001324 879
0.001325 879
0.001326 879
0.001327 879
0.001328 879
0.001329 879
0.00133 880
0.001331 880
0.001332 880
0.001333 880
0.001334 878
0.001335 878
0.001336 878
0.001337 878
0.001338 878
0.001339 878
0.00134 878
0.001341 878
0.001342 878
0.001343 878
0.001344 879
0.001345 879
0.001346 879
0.001347 879
0.001348 879
0.001349 879
0.00135 879
0.001351 879
0.001352 879
0.001353 879
0.001354 879
0.001355 879
0.001356 879
0.001357 879
0.001358 879
0.001359 879
0.00136 879
0.001361 879
0.001362 879
0.001363 879
0.001364 879
0.001365 879
0.001366 879
0.001367 880
0.001368 880
0.001369 881
0.00137 881
0.001371 881
0.001372 881
0.001373 881
0.001374 881
0.001375 882
0.001376 882
0.001377 881
0.001378 881
0.001379 881
0.00138 881
0.001381 881
0.001382 881
0.001383 881
0.001384 881
0.001385 881
0.001386 881
0.001387 881
0.001388 881
0.001389 882
0.00139 882
0.001391 882
0.001392 882
0.001393 882
0.001394 882
0.001395 882
0.001396 882
0.001397 882
0.001398 882
0.001399 882
0.0014 882
0.001401 882
0.001402 882
0.001403 882
0.001404 882
0.001405 882
0.001406 882
0.001407 882
0.001408 882
0.001409 882
0.00141 882
0.001411 882
0.001412 882
0.001413 882
0.001414 882
0.001415 882
0.001416 882
0.001417 882
0.001418 881
0.001419 881
0.00142 881
0.001421 881
0.001422 881
0.001423 881
0.001424 881
0.001425 881
0.001426 881
0.001427 880
0.001428 880
0.001429 880
0.00143 880
0.001431 880
0.001432 880
0.001433 880
0.001434 880
0.001435 880
0.001436 880
0.001437 880
0.001438 880
0.001439 880
0.00144 880
0.001441 880
0.001442 880
0.001443 880
0.001444 880
0.001445 880
0.001446 880
0.001447 880
0.001448 880
0.001449 880
0.00145 880
0.001451 880
0.001452 880
0.001453 880
0.001454 880
0.001455 880
0.001456 881
0.001457 881
0.001458 881
0.001459 881
0.00146 881
0.001461 881
0.001462 881
0.001463 882
0.001464 882
0.001465 882
0.001466 882
0.001467 882
0.001468 882
0.001469 882
0.00147 881
0.001471 880
0.001472 880
0.001473 880
0.001474 879
0.001475 879
0.001476 879
0.001477 879
0.001478 879
0.001479 878
0.00148 878
0.001481 878
0.001482 878
0.001483 878
0.001484 878
0.001485 878
0.001486 878
0.001487 878
0.001488 878
0.001489 879
0.00149 879
0.001491 879
0.001492 879
0.001493 879
0.001494 879
0.001495 879
0.001496 879
0.001497 879
0.001498 879
0.001499 879
0.0015 878
0.001501 879
0.001502 879
0.001503 879
0.001504 879
0.001505 879
0.001506 878
0.001507 878
0.001508 878
0.001509 878
0.00151 878
0.001511 878
0.001512 878
0.001513 878
0.001514 878
0.001515 878
0.001516 879
0.001517 879
0.001518 878
0.001519 878
0.00152 878
0.001521 877
0.001522 876
0.001523 876
0.001524 876
0.001525 876
0.001526 876
0.001527 876
0.001528 876
0.001529 876
0.00153 877
0.001531 877
0.001532 877
0.001533 877
0.001534 877
0.001535 877
0.001536 877
0.001537 877
0.001538 877
0.001539 877
0.00154 877
0.001541 877
0.001542 877
0.001543 877
0.001544 877
0.001545 877
0.001546 877
0.001547 878
0.001548 878
0.001549 878
0.00155 879
0.001551 879
0.001552 879
0.001553 879
0.001554 879
0.001555 879
0.001556 879
0.001557 879
0.001558 879
0.001559 879
0.00156 879
0.001561 879
0.001562 879
0.001563 879
0.001564 878
0.001565 878
0.001566 878
0.001567 878
0.001568 878
0.001569 878
0.00157 878
0.001571 878
0.001572 878
0.001573 878
0.001574 878
0.001575 878
0.001576 878
0.001577 878
0.001578 878
0.001579 878
0.00158 878
0.001581 878
0.001582 877
0.001583 877
0.001584 877
0.001585 877
0.001586 877
0.001587 878
0.001588 878
0.001589 878
0.00159 878
0.001591 878
0.001592 878
0.001593 878
0.001594 878
0.001595 878
0.001596 878
0.001597 879
0.001598 878
0.001599 878
0.0016 878
0.001601 877
0.001602 877
0.001603 877
0.001604 877
0.001605 877
0.001606 877
0.001607 877
0.001608 877
0.001609 877
0.00161 877
0.001611 877
0.001612 877
0.001613 877
0.001614 877
0.001615 877
0.001616 877
0.001617 877
0.001618 877
0.001619 877
0.00162 877
0.001621 877
0.001622 877
0.001623 877
0.001624 877
0.001625 877
0.001626 877
0.001627 877
0.001628 877
0.001629 877
0.00163 877
0.001631 877
0.001632 877
0.001633 877
0.001634 877
0.001635 877
0.001636 877
0.001637 876
0.001638 876
0.001639 876
0.00164 876
0.001641 875
0.001642 875
0.001643 874
0.001644 874
0.001645 874
0.001646 874
0.001647 873
0.001648 873
0.001649 873
0.00165 873
0.001651 873
0.001652 873
0.001653 873
0.001654 874
0.001655 873
0.001656 872
0.001657 872
0.001658 872
0.001659 872
0.00166 873
0.001661 873
0.001662 873
0.001663 873
0.001664 873
0.001665 873
0.001666 873
0.001667 873
0.001668 873
0.001669 873
0.00167 873
0.001671 873
0.001672 873
0.001673 873
0.001674 873
0.001675 873
0.001676 873
0.001677 873
0.001678 873
0.001679 873
0.00168 873
0.001681 872
0.001682 872
0.001683 872
0.001684 872
0.001685 871
0.001686 871
0.001687 871
0.001688 871
0.001689 871
0.00169 871
0.001691 871
0.001692 871
0.001693 871
0.001694 871
0.001695 871
0.001696 871
0.001697 871
0.001698 871
0.001699 871
0.0017 871
0.001701 871
0.001702 871
0.001703 871
0.001704 871
0.001705 871
0.001706 871
0.001707 872
0.001708 872
0.001709 872
0.00171 872
0.001711 873
0.001712 873
0.001713 873
0.001714 873
0.001715 873
0.001716 873
0.001717 873
0.001718 873
0.001719 873
0.00172 873
0.001721 873
0.001722 873
0.001723 873
0.001724 873
0.001725 873
0.001726 873
0.001727 873
0.001728 873
0.001729 873
0.00173 873
0.001731 873
0.001732 873
0.001733 872
0.001734 873
0.001735 873
0.001736 873
0.001737 873
0.001738 873
0.001739 873
0.00174 873
0.001741 873
0.001742 873
0.001743 873
0.001744 873
0.001745 873
0.001746 873
0.001747 873
0.001748 873
0.001749 873
0.00175 873
0.001751 873
0.001752 873
0.001753 873
0.001754 873
0.001755 873
0.001756 873
0.001757 873
0.001758 873
0.001759 873
0.00176 873
0.001761 873
0.001762 873
0.001763 873
0.001764 873
0.001765 873
0.001766 873
0.001767 873
0.001768 873
0.001769 873
0.00177 873
0.001771 874
0.001772 874
0.001773 874
0.001774 874
0.001775 875
0.001776 875
0.001777 875
0.001778 876
0.001779 876
0.00178 876
0.001781 876
0.001782 876
0.001783 876
0.001784 876
0.001785 876
0.001786 876
0.001787 875
0.001788 875
0.001789 875
0.00179 875
0.001791 875
0.001792 875
0.001793 875
0.001794 875
0.001795 875
0.001796 875
0.001797 876
0.001798 876
0.001799 876
0.0018 876
0.001801 876
0.001802 876
0.001803 876
0.001804 876
0.001805 876
0.001806 876
0.001807 876
0.001808 876
0.001809 876
0.00181 876
0.001811 876
0.001812 876
0.001813 876
0.001814 876
0.001815 876
0.001816 876
0.001817 876
0.001818 876
0.001819 877
0.00182 877
0.001821 876
0.001822 875
0.001823 875
0.001824 874
0.001825 874
0.001826 874
0.001827 874
0.001828 873
0.001829 873
0.00183 873
0.001831 873
0.001832 873
0.001833 873
0.001834 873
0.001835 872
0.001836 872
0.001837 872
0.001838 872
0.001839 871
0.00184 871
0.001841 871
0.001842 871
0.001843 871
0.001844 871
0.001845 872
0.001846 872
0.001847 872
0.001848 872
0.001849 872
0.00185 873
0.001851 873
0.001852 873
0.001853 873
0.001854 873
0.001855 873
0.001856 872
0.001857 872
0.001858 872
0.001859 872
0.00186 872
0.001861 872
0.001862 872
0.001863 872
0.001864 872
0.001865 872
0.001866 872
0.001867 872
0.001868 872
0.001869 872
0.00187 872
0.001871 872
0.001872 872
0.001873 872
0.001874 872
0.001875 872
0.001876 872
0.001877 872
0.001878 872
0.001879 872
0.00188 872
0.001881 872
0.001882 872
0.001883 872
0.001884 872
0.001885 872
0.001886 872
0.001887 872
0.001888 871
0.001889 870
0.00189 870
0.001891 870
0.001892 870
0.001893 870
0.001894 870
0.001895 870
0.001896 870
0.001897 870
0.001898 870
0.001899 870
0.0019 870
0.001901 870
0.001902 870
0.001903 870
0.001904 870
0.001905 870
0.001906 870
0.001907 871
0.001908 871
0.001909 871
0.00191 871
0.001911 871
0.001912 871
0.001913 871
0.001914 871
0.001915 872
0.001916 872
0.001917 872
0.001918 872
0.001919 872
0.00192 872
0.001921 872
0.001922 872
0.001923 872
0.001924 872
0.001925 872
0.001926 872
0.001927 872
0.001928 872
0.001929 872
0.00193 872
0.001931 872
0.001932 872
0.001933 872
0.001934 872
0.001935 872
0.001936 872
0.001937 872
0.001938 872
0.001939 872
0.00194 872
0.001941 872
0.001942 871
0.001943 871
0.001944 871
0.001945 871
0.001946 870
0.001947 870
0.001948 870
0.001949 870
0.00195 870
0.001951 870
0.001952 870
0.001953 870
0.001954 870
0.001955 870
0.001956 870
0.001957 870
0.001958 870
0.001959 870
0.00196 869
0.001961 869
0.001962 869
0.001963 869
0.001964 869
0.001965 869
0.001966 869
0.001967 870
0.001968 870
0.001969 870
0.00197 870
0.001971 870
0.001972 870
0.001973 870
0.001974 870
0.001975 870
0.001976 870
0.001977 870
0.001978 870
0.001979 870
0.00198 870
0.001981 870
0.001982 870
0.001983 870
0.001984 870
0.001985 869
0.001986 869
0.001987 869
0.001988 869
0.001989 869
0.00199 869
0.001991 869
0.001992 869
0.001993 868
0.001994 868
0.001995 867
0.001996 867
0.001997 867
0.001998 867
0.001999 867
0.002 867
0.002001 866
0.002002 866
0.002003 866
0.002004 866
0.002005 866
0.002006 866
0.002007 866
0.002008 866
0.002009 866
0.00201 866
0.002011 866
0.002012 866
0.002013 866
0.002014 866
0.002015 866
0.002016 866
0.002017 866
0.002018 866
0.002019 866
0.00202 866
0.002021 866
0.002022 866
0.002023 866
0.002024 866
0.002025 866
0.002026 866
0.002027 867
0.002028 867
0.002029 867
0.00203 867
0.002031 867
0.002032 867
0.002033 867
0.002034 867
0.002035 867
0.002036 867
0.002037 868
0.002038 868
0.002039 868
0.00204 868
0.002041 868
0.002042 868
0.002043 867
0.002044 867
0.002045 867
0.002046 867
0.002047 868
0.002048 868
0.002049 868
0.00205 868
0.002051 868
0.002052 868
0.002053 867
0.002054 867
0.002055 867
0.002056 867
0.002057 867
0.002058 867
0.002059 867
0.00206 867
0.002061 867
0.002062 866
0.002063 866
0.002064 866
0.002065 866
0.002066 866
0.002067 866
0.002068 866
0.002069 866
0.00207 866
0.002071 865
0.002072 865
0.002073 865
0.002074 865
0.002075 866
0.002076 866
0.002077 866
0.002078 866
0.002079 866
0.00208 866
0.002081 866
0.002082 866
0.002083 866
0.002084 866
0.002085 867
0.002086 867
0.002087 867
0.002088 867
0.002089 867
0.00209 866
0.002091 866
0.002092 866
0.002093 866
0.002094 866
0.002095 866
0.002096 866
0.002097 865
0.002098 865
0.002099 865
0.0021 865
0.002101 864
0.002102 864
0.002103 864
0.002104 864
0.002105 864
0.002106 864
0.002107 864
0.002108 864
0.002109 865
0.00211 865
0.002111 865
0.002112 866
0.002113 866
0.002114 865
0.002115 865
0.002116 866
0.002117 866
0.002118 866
0.002119 866
0.00212 866
0.002121 866
0.002122 866
0.002123 867
0.002124 867
0.002125 867
0.002126 867
0.002127 867
0.002128 866
0.002129 866
0.00213 866
0.002131 866
0.002132 866
0.002133 866
0.002134 866
0.002135 866
0.002136 866
0.002137 866
0.002138 866
0.002139 866
0.00214 865
0.002141 865
0.002142 865
0.002143 865
0.002144 865
0.002145 865
0.002146 865
0.002147 865
0.002148 865
0.002149 865
0.00215 865
0.002151 865
0.002152 865
0.002153 865
0.002154 865
0.002155 865
0.002156 865
0.002157 864
0.002158 864
0.002159 864
0.00216 864
0.002161 864
0.002162 864
0.002163 864
0.002164 864
0.002165 864
0.002166 864
0.002167 864
0.002168 864
0.002169 864
0.00217 864
0.002171 864
0.002172 864
0.002173 863
0.002174 863
0.002175 863
0.002176 864
0.002177 864
0.002178 864
0.002179 864
0.00218 865
0.002181 865
0.002182 865
0.002183 865
0.002184 866
0.002185 866
0.002186 866
0.002187 866
0.002188 866
0.002189 866
0.00219 866
0.002191 866
0.002192 866
0.002193 866
0.002194 866
0.002195 866
0.002196 866
0.002197 866
0.002198 866
0.002199 866
0.0022 865
0.002201 865
0.002202 864
0.002203 864
0.002204 864
0.002205 864
0.002206 864
0.002207 864
0.002208 863
0.002209 863
0.00221 863
0.002211 863
0.002212 864
0.002213 863
0.002214 863
0.002215 863
0.002216 863
0.002217 863
0.002218 863
0.002219 863
0.00222 863
0.002221 863
0.002222 863
0.002223 863
0.002224 863
0.002225 863
0.002226 864
0.002227 864
0.002228 864
0.002229 864
0.00223 864
0.002231 864
0.002232 864
0.002233 864
0.002234 864
0.002235 864
0.002236 863
0.002237 863
0.002238 863
0.002239 863
0.00224 863
0.002241 863
0.002242 863
0.002243 862
0.002244 861
0.002245 860
0.002246 860
0.002247 860
0.002248 860
0.002249 860
0.00225 860
0.002251 860
0.002252 860
0.002253 860
0.002254 860
0.002255 860
0.002256 860
0.002257 860
0.002258 860
0.002259 860
0.00226 860
0.002261 860
0.002262 860
0.002263 860
0.002264 860
0.002265 860
0.002266 860
0.002267 860
0.002268 860
0.002269 860
0.00227 860
0.002271 860
0.002272 860
0.002273 860
0.002274 859
0.002275 859
0.002276 859
0.002277 859
0.002278 859
0.002279 859
0.00228 860
0.002281 860
0.002282 859
0.002283 859
0.002284 859
0.002285 859
0.002286 859
0.002287 859
0.002288 859
0.002289 859
0.00229 859
0.002291 859
0.002292 859
0.002293 859
0.002294 859
0.002295 859
0.002296 859
0.002297 860
0.002298 860
0.002299 860
0.0023 860
0.002301 860
0.002302 860
0.002303 861
0.002304 861
0.002305 861
0.002306 861
0.002307 861
0.002308 860
0.002309 860
0.00231 860
0.002311 860
0.002312 860
0.002313 860
0.002314 860
0.002315 860
0.002316 860
0.002317 860
0.002318 860
0.002319 860
0.00232 861
0.002321 861
0.002322 861
0.002323 861
0.002324 861
0.002325 860
0.002326 860
0.002327 860
0.002328 860
0.002329 860
0.00233 860
0.002331 859
0.002332 859
0.002333 859
0.002334 859
0.002335 859
0.002336 859
0.002337 859
0.002338 859
0.002339 859
0.00234 859
0.002341 860
0.002342 860
0.002343 860
0.002344 859
0.002345 860
0.002346 860
0.002347 860
0.002348 860
0.002349 860
0.00235 860
0.002351 860
0.002352 860
0.002353 860
0.002354 860
0.002355 860
0.002356 860
0.002357 860
0.002358 860
0.002359 860
0.00236 860
0.002361 860
0.002362 860
0.002363 860
0.002364 860
0.002365 861
0.002366 861
0.002367 861
0.002368 862
0.002369 862
0.00237 862
0.002371 862
0.002372 862
0.002373 862
0.002374 862
0.002375 862
0.002376 863
0.002377 863
0.002378 863
0.002379 863
0.00238 862
0.002381 862
0.002382 862
0.002383 863
0.002384 863
0.002385 863
0.002386 862
0.002387 863
0.002388 863
0.002389 863
0.00239 863
0.002391 863
0.002392 863
0.002393 863
0.002394 863
0.002395 864
0.002396 864
0.002397 864
0.002398 864
0.002399 864
0.0024 864
0.002401 863
0.002402 863
0.002403 863
0.002404 863
0.002405 863
0.002406 863
0.002407 863
0.002408 863
0.002409 863
0.00241 863
0.002411 863
0.002412 864
0.002413 864
0.002414 864
0.002415 864
0.002416 863
0.002417 863
0.002418 863
0.002419 863
0.00242 863
0.002421 863
0.002422 863
0.002423 863
0.002424 863
0.002425 862
0.002426 862
0.002427 862
0.002428 862
0.002429 862
0.00243 862
0.002431 862
0.002432 862
0.002433 862
0.002434 862
0.002435 862
0.002436 862
0.002437 862
0.002438 862
0.002439 861
0.00244 861
0.002441 862
0.002442 862
0.002443 862
0.002444 862
0.002445 863
0.002446 863
0.002447 863
0.002448 863
0.002449 863
0.00245 863
0.002451 862
0.002452 862
0.002453 862
0.002454 861
0.002455 861
0.002456 861
0.002457 861
0.002458 861
0.002459 861
0.00246 861
0.002461 860
0.002462 860
0.002463 860
0.002464 860
0.002465 860
0.002466 860
0.002467 860
0.002468 860
0.002469 860
0.00247 859
0.002471 859
0.002472 859
0.002473 859
0.002474 859
0.002475 859
0.002476 859
0.002477 859
0.002478 859
0.002479 859
0.00248 860
0.002481 860
0.002482 860
0.002483 860
0.002484 860
0.002485 859
0.002486 859
0.002487 859
0.002488 859
0.002489 859
0.00249 859
0.002491 859
0.002492 859
0.002493 859
0.002494 859
0.002495 859
0.002496 859
0.002497 859
0.002498 858
0.002499 858
0.0025 858
0.002501 858
0.002502 858
0.002503 859
0.002504 858
0.002505 858
0.002506 858
0.002507 858
0.002508 858
0.002509 858
0.00251 858
0.002511 858
0.002512 858
0.002513 857
0.002514 856
0.002515 855
0.002516 855
0.002517 855
0.002518 855
0.002519 855
0.00252 855
0.002521 855
0.002522 855
0.002523 855
0.002524 855
0.002525 855
0.002526 855
0.002527 855
0.002528 855
0.002529 855
0.00253 855
0.002531 855
0.002532 855
0.002533 855
0.002534 855
0.002535 855
0.002536 855
0.002537 855
0.002538 855
0.002539 855
0.00254 855
0.002541 855
0.002542 855
0.002543 855
0.002544 855
0.002545 855
0.002546 855
0.002547 855
0.002548 855
0.002549 855
0.00255 855
0.002551 855
0.002552 855
0.002553 855
0.002554 855
0.002555 855
0.002556 855
0.002557 855
0.002558 855
0.002559 855
0.00256 855
0.002561 855
0.002562 855
0.002563 856
0.002564 856
0.002565 856
0.002566 856
0.002567 856
0.002568 856
0.002569 855
0.00257 855
0.002571 855
0.002572 855
0.002573 856
0.002574 856
0.002575 856
0.002576 857
0.002577 857
0.002578 857
0.002579 857
0.00258 858
0.002581 858
0.002582 858
0.002583 858
0.002584 858
0.002585 858
0.002586 858
0.002587 858
0.002588 858
0.002589 858
0.00259 858
0.002591 858
0.002592 858
0.002593 858
0.002594 858
0.002595 858
0.002596 858
0.002597 858
0.002598 858
0.002599 858
0.0026 858
0.002601 858
0.002602 858
0.002603 858
0.002604 858
0.002605 858
0.002606 858
0.002607 858
0.002608 858
0.002609 858
0.00261 858
0.002611 858
0.002612 858
0.002613 858
0.002614 858
0.002615 858
0.002616 858
0.002617 858
0.002618 858
0.002619 858
0.00262 858
0.002621 858
0.002622 858
0.002623 858
0.002624 858
0.002625 858
0.002626 858
0.002627 858
0.002628 857
0.002629 857
0.00263 857
0.002631 857
0.002632 857
0.002633 858
0.002634 858
0.002635 858
0.002636 858
0.002637 858
0.002638 858
0.002639 858
0.00264 858
0.002641 858
0.002642 858
0.002643 858
0.002644 859
0.002645 859
0.002646 860
0.002647 860
0.002648 860
0.002649 860
0.00265 860
0.002651 860
0.002652 860
0.002653 860
0.002654 860
0.002655 860
0.002656 860
0.002657 860
0.002658 860
0.002659 860
0.00266 860
0.002661 860
0.002662 860
0.002663 860
0.002664 860
0.002665 860
0.002666 860
0.002667 860
0.002668 860
0.002669 860
0.00267 860
0.002671 860
0.002672 860
0.002673 860
0.002674 860
0.002675 860
0.002676 860
0.002677 860
0.002678 859
0.002679 859
0.00268 859
0.002681 859
0.002682 859
0.002683 858
0.002684 859
0.002685 859
0.002686 857
0.002687 856
0.002688 856
0.002689 855
0.00269 855
0.002691 855
0.002692 855
0.002693 855
0.002694 855
0.002695 855
0.002696 855
0.002697 855
0.002698 855
0.002699 855
0.0027 855
0.002701 855
0.002702 855
0.002703 855
0.002704 855
0.002705 855
0.002706 855
0.002707 855
0.002708 855
0.002709 855
0.00271 855
0.002711 855
0.002712 855
0.002713 854
0.002714 854
0.002715 855
0.002716 855
0.002717 855
0.002718 855
0.002719 855
0.00272 855
0.002721 855
0.002722 855
0.002723 855
0.002724 855
0.002725 855
0.002726 854
0.002727 854
0.002728 854
0.002729 854
0.00273 854
0.002731 854
0.002732 854
0.002733 854
0.002734 854
0.002735 854
0.002736 854
0.002737 854
0.002738 854
0.002739 855
0.00274 855
0.002741 855
0.002742 855
0.002743 855
0.002744 855
0.002745 855
0.002746 855
0.002747 855
0.002748 855
0.002749 855
0.00275 855
0.002751 855
0.002752 855
0.002753 855
0.002754 855
0.002755 855
0.002756 855
0.002757 855
0.002758 855
0.002759 855
0.00276 855
0.002761 855
0.002762 855
0.002763 855
0.002764 855
0.002765 855
0.002766 855
0.002767 855
0.002768 855
0.002769 854
0.00277 854
0.002771 855
0.002772 855
0.002773 855
0.002774 855
0.002775 855
0.002776 855
0.002777 856
0.002778 857
0.002779 857
0.00278 858
0.002781 858
0.002782 858
0.002783 858
0.002784 858
0.002785 858
0.002786 858
0.002787 858
0.002788 858
0.002789 857
0.00279 857
0.002791 857
0.002792 857
0.002793 857
0.002794 857
0.002795 857
0.002796 857
0.002797 857
0.002798 858
0.002799 858
0.0028 858
0.002801 858
0.002802 858
0.002803 858
0.002804 858
0.002805 858
0.002806 857
0.002807 858
0.002808 858
0.002809 858
0.00281 858
0.002811 858
0.002812 858
0.002813 858
0.002814 858
0.002815 858
0.002816 858
0.002817 858
0.002818 858
0.002819 858
0.00282 858
0.002821 857
0.002822 857
0.002823 857
0.002824 857
0.002825 857
0.002826 856
0.002827 857
0.002828 857
0.002829 857
0.00283 857
0.002831 857
0.002832 857
0.002833 857
0.002834 857
0.002835 857
0.002836 857
0.002837 857
0.002838 857
0.002839 857
0.00284 857
0.002841 857
0.002842 857
0.002843 857
0.002844 856
0.002845 856
0.002846 855
0.002847 855
0.002848 855
0.002849 855
0.00285 855
0.002851 855
0.002852 855
0.002853 855
0.002854 855
0.002855 855
0.002856 855
0.002857 855
0.002858 854
0.002859 854
0.00286 854
0.002861 854
0.002862 855
0.002863 855
0.002864 855
0.002865 855
0.002866 855
0.002867 855
0.002868 855
0.002869 855
0.00287 855
0.002871 855
0.002872 855
0.002873 856
0.002874 856
0.002875 856
0.002876 856
0.002877 856
0.002878 856
0.002879 856
0.00288 856
0.002881 856
0.002882 856
0.002883 855
0.002884 855
0.002885 855
0.002886 855
0.002887 855
0.002888 855
0.002889 855
0.00289 855
0.002891 855
0.002892 855
0.002893 855
0.002894 855
0.002895 855
0.002896 855
0.002897 856
0.002898 856
0.002899 856
0.0029 856
0.002901 856
0.002902 856
0.002903 856
0.002904 856
0.002905 856
0.002906 856
0.002907 856
0.002908 856
0.002909 856
0.00291 856
0.002911 856
0.002912 855
0.002913 856
0.002914 856
0.002915 856
0.002916 857
0.002917 857
0.002918 857
0.002919 857
0.00292 856
0.002921 856
0.002922 857
0.002923 857
0.002924 857
0.002925 857
0.002926 858
0.002927 858
0.002928 858
0.002929 858
0.00293 858
0.002931 859
0.002932 859
0.002933 859
0.002934 859
0.002935 859
0.002936 859
0.002937 859
0.002938 858
0.002939 858
0.00294 859
0.002941 859
0.002942 860
0.002943 860
0.002944 860
0.002945 860
0.002946 860
0.002947 860
0.002948 860
0.002949 860
0.00295 860
0.002951 860
0.002952 860
0.002953 860
0.002954 860
0.002955 860
0.002956 860
0.002957 860
0.002958 860
0.002959 860
0.00296 860
0.002961 860
0.002962 860
0.002963 860
0.002964 860
0.002965 860
0.002966 860
0.002967 860
0.002968 861
0.002969 861
0.00297 861
0.002971 861
0.002972 861
0.002973 861
0.002974 861
0.002975 861
0.002976 861
0.002977 861
0.002978 861
0.002979 861
0.00298 861
0.002981 861
0.002982 861
0.002983 861
0.002984 861
0.002985 861
0.002986 861
0.002987 861
0.002988 861
0.002989 861
0.00299 861
0.002991 861
0.002992 861
0.002993 861
0.002994 861
0.002995 861
0.002996 861
0.002997 861
0.002998 861
0.002999 861
0.003 861
0.003001 861
0.003002 861
0.003003 861
0.003004 861
0.003005 861
0.003006 861
0.003007 861
0.003008 861
0.003009 861
0.00301 861
0.003011 861
0.003012 861
0.003013 860
0.003014 859
0.003015 859
0.003016 859
0.003017 859
0.003018 859
0.003019 858
0.00302 858
0.003021 858
0.003022 858
0.003023 858
0.003024 858
0.003025 858
0.003026 858
0.003027 858
0.003028 858
0.003029 859
0.00303 859
0.003031 859
0.003032 859
0.003033 859
0.003034 859
0.003035 859
0.003036 859
0.003037 859
0.003038 859
0.003039 859
0.00304 859
0.003041 859
0.003042 859
0.003043 858
0.003044 858
0.003045 858
0.003046 858
0.003047 858
0.003048 858
0.003049 858
0.00305 858
0.003051 858
0.003052 858
0.003053 858
0.003054 858
0.003055 858
0.003056 858
0.003057 858
0.003058 858
0.003059 858
0.00306 858
0.003061 858
0.003062 858
0.003063 858
0.003064 858
0.003065 858
0.003066 858
0.003067 858
0.003068 858
0.003069 858
0.00307 858
0.003071 858
0.003072 858
0.003073 858
0.003074 858
0.003075 858
0.003076 858
0.003077 858
0.003078 858
0.003079 858
0.00308 858
0.003081 858
0.003082 858
0.003083 858
0.003084 858
0.003085 858
0.003086 859
0.003087 859
0.003088 858
0.003089 858
0.00309 858
0.003091 858
0.003092 858
0.003093 858
0.003094 858
0.003095 857
0.003096 857
0.003097 857
0.003098 857
0.003099 857
0.0031 857
0.003101 857
0.003102 857
0.003103 857
0.003104 857
0.003105 857
0.003106 857
0.003107 857
0.003108 857
0.003109 857
0.00311 858
0.003111 858
0.003112 857
0.003113 857
0.003114 857
0.003115 857
0.003116 857
0.003117 857
0.003118 857
0.003119 857
0.00312 857
0.003121 857
0.003122 857
0.003123 857
0.003124 857
0.003125 857
0.003126 857
0.003127 857
0.003128 857
0.003129 858
0.00313 858
0.003131 859
0.003132 859
0.003133 859
0.003134 859
0.003135 859
0.003136 859
0.003137 859
0.003138 859
0.003139 859
0.00314 859
0.003141 859
0.003142 859
0.003143 859
0.003144 859
0.003145 859
0.003146 859
0.003147 859
0.003148 859
0.003149 858
0.00315 858
0.003151 858
0.003152 858
0.003153 858
0.003154 858
0.003155 858
0.003156 858
0.003157 859
0.003158 859
0.003159 859
0.00316 859
0.003161 859
0.003162 859
0.003163 860
0.003164 860
0.003165 860
0.003166 860
0.003167 860
0.003168 860
0.003169 860
0.00317 859
0.003171 860
0.003172 860
0.003173 860
0.003174 860
0.003175 860
0.003176 860
0.003177 860
0.003178 860
0.003179 860
0.00318 860
0.003181 860
0.003182 860
0.003183 860
0.003184 860
0.003185 860
0.003186 860
0.003187 860
0.003188 860
0.003189 860
0.00319 860
0.003191 860
0.003192 860
0.003193 860
0.003194 860
0.003195 861
0.003196 861
0.003197 861
0.003198 861
0.003199 861
0.0032 861
0.003201 861
0.003202 861
0.003203 861
0.003204 861
0.003205 861
0.003206 861
0.003207 861
0.003208 861
0.003209 862
0.00321 861
0.003211 861
0.003212 861
0.003213 861
0.003214 860
0.003215 860
0.003216 860
0.003217 860
0.003218 860
0.003219 860
0.00322 860
0.003221 860
0.003222 860
0.003223 860
0.003224 860
0.003225 860
0.003226 860
0.003227 860
0.003228 859
0.003229 859
0.00323 859
0.003231 859
0.003232 859
0.003233 859
0.003234 859
0.003235 859
0.003236 859
0.003237 859
0.003238 860
0.003239 860
0.00324 860
0.003241 861
0.003242 861
0.003243 861
0.003244 861
0.003245 861
0.003246 861
0.003247 861
0.003248 861
0.003249 861
0.00325 860
0.003251 860
0.003252 860
0.003253 860
0.003254 860
0.003255 860
0.003256 861
0.003257 861
0.003258 861
0.003259 861
0.00326 861
0.003261 861
0.003262 861
0.003263 861
0.003264 861
0.003265 861
0.003266 861
0.003267 861
0.003268 860
0.003269 861
0.00327 861
0.003271 862
0.003272 862
0.003273 862
0.003274 862
0.003275 862
0.003276 861
0.003277 861
0.003278 861
0.003279 861
0.00328 860
0.003281 860
0.003282 859
0.003283 859
0.003284 859
0.003285 859
0.003286 859
0.003287 858
0.003288 858
0.003289 858
0.00329 857
0.003291 857
0.003292 857
0.003293 857
0.003294 857
0.003295 857
0.003296 857
0.003297 857
0.003298 858
0.003299 858
0.0033 858
0.003301 858
0.003302 858
0.003303 858
0.003304 858
0.003305 858
0.003306 858
0.003307 858
0.003308 858
0.003309 858
0.00331 858
0.003311 858
0.003312 858
0.003313 859
0.003314 859
0.003315 859
0.003316 859
0.003317 859
0.003318 859
0.003319 859
0.00332 858
0.003321 858
0.003322 858
0.003323 858
0.003324 858
0.003325 858
0.003326 858
0.003327 858
0.003328 858
0.003329 858
0.00333 858
0.003331 858
0.003332 858
0.003333 858
0.003334 858
0.003335 858
0.003336 858
0.003337 857
0.003338 857
0.003339 856
0.00334 856
0.003341 856
0.003342 856
0.003343 856
0.003344 856
0.003345 856
0.003346 856
0.003347 856
0.003348 856
0.003349 856
0.00335 856
0.003351 856
0.003352 858
0.003353 857
0.003354 857
0.003355 858
0.003356 858
0.003357 858
0.003358 858
0.003359 858
0.00336 858
0.003361 858
0.003362 858
0.003363 858
0.003364 858
0.003365 858
0.003366 858
0.003367 858
0.003368 858
0.003369 858
0.00337 858
0.003371 858
0.003372 858
0.003373 858
0.003374 858
0.003375 858
0.003376 858
0.003377 858
0.003378 857
0.003379 857
0.00338 857
0.003381 857
0.003382 857
0.003383 856
0.003384 856
0.003385 856
0.003386 856
0.003387 856
0.003388 856
0.003389 856
0.00339 856
0.003391 856
0.003392 856
0.003393 856
0.003394 856
0.003395 856
0.003396 856
0.003397 855
0.003398 855
0.003399 855
0.0034 855
0.003401 854
0.003402 854
0.003403 854
0.003404 854
0.003405 854
0.003406 854
0.003407 854
0.003408 854
0.003409 853
0.00341 853
0.003411 853
0.003412 853
0.003413 852
0.003414 852
0.003415 852
0.003416 852
0.003417 852
0.003418 852
0.003419 852
0.00342 852
0.003421 853
0.003422 853
0.003423 853
0.003424 853
0.003425 853
0.003426 853
0.003427 853
0.003428 853
0.003429 853
0.00343 853
0.003431 853
0.003432 853
0.003433 853
0.003434 853
0.003435 853
0.003436 853
0.003437 853
0.003438 853
0.003439 852
0.00344 852
0.003441 853
0.003442 853
0.003443 853
0.003444 853
0.003445 853
0.003446 853
0.003447 853
0.003448 853
0.003449 853
0.00345 853
0.003451 853
0.003452 853
0.003453 853
0.003454 853
0.003455 853
0.003456 853
0.003457 853
0.003458 853
0.003459 853
0.00346 853
0.003461 853
0.003462 853
0.003463 853
0.003464 853
0.003465 853
0.003466 853
0.003467 855
0.003468 855
0.003469 855
0.00347 855
0.003471 855
0.003472 855
0.003473 855
0.003474 854
0.003475 854
0.003476 854
0.003477 854
0.003478 854
0.003479 854
0.00348 854
0.003481 854
0.003482 854
0.003483 854
0.003484 854
0.003485 854
0.003486 854
0.003487 854
0.003488 854
0.003489 854
0.00349 854
0.003491 854
0.003492 854
0.003493 854
0.003494 854
0.003495 854
0.003496 854
0.003497 854
0.003498 854
0.003499 854
0.0035 854
0.003501 854
0.003502 853
0.003503 853
0.003504 853
0.003505 853
0.003506 853
0.003507 853
0.003508 853
0.003509 852
0.00351 852
0.003511 853
0.003512 852
0.003513 852
0.003514 852
0.003515 852
0.003516 852
0.003517 852
0.003518 852
0.003519 852
0.00352 852
0.003521 852
0.003522 852
0.003523 852
0.003524 852
0.003525 852
0.003526 852
0.003527 852
0.003528 852
0.003529 852
0.00353 852
0.003531 852
0.003532 852
0.003533 851
0.003534 851
0.003535 851
0.003536 851
0.003537 852
0.003538 852
0.003539 852
0.00354 852
0.003541 851
0.003542 850
0.003543 850
0.003544 850
0.003545 850
0.003546 850
0.003547 850
0.003548 850
0.003549 850
0.00355 850
0.003551 850
0.003552 850
0.003553 850
0.003554 850
0.003555 848
0.003556 848
0.003557 848
0.003558 848
0.003559 848
0.00356 848
0.003561 848
0.003562 848
0.003563 848
0.003564 848
0.003565 848
0.003566 848
0.003567 848
0.003568 848
0.003569 847
0.00357 847
0.003571 847
0.003572 847
0.003573 847
0.003574 847
0.003575 847
0.003576 847
0.003577 847
0.003578 847
0.003579 846
0.00358 846
0.003581 846
0.003582 846
0.003583 845
0.003584 845
0.003585 845
0.003586 845
0.003587 845
0.003588 845
0.003589 845
0.00359 845
0.003591 845
0.003592 845
0.003593 845
0.003594 845
0.003595 845
0.003596 845
0.003597 845
0.003598 845
0.003599 845
0.0036 846
0.003601 846
0.003602 846
0.003603 846
0.003604 846
0.003605 846
0.003606 846
0.003607 846
0.003608 846
0.003609 846
0.00361 846
0.003611 846
0.003612 846
0.003613 846
0.003614 846
0.003615 845
0.003616 845
0.003617 845
0.003618 845
0.003619 845
0.00362 845
0.003621 845
0.003622 845
0.003623 845
0.003624 845
0.003625 845
0.003626 845
0.003627 847
0.003628 847
0.003629 847
0.00363 847
0.003631 847
0.003632 847
0.003633 847
0.003634 848
0.003635 848
0.003636 848
0.003637 848
0.003638 848
0.003639 848
0.00364 848
0.003641 848
0.003642 848
0.003643 848
0.003644 848
0.003645 848
0.003646 848
0.003647 848
0.003648 848
0.003649 848
0.00365 848
0.003651 848
0.003652 848
0.003653 848
0.003654 848
0.003655 848
0.003656 848
0.003657 848
0.003658 848
0.003659 848
0.00366 848
0.003661 848
0.003662 848
0.003663 848
0.003664 848
0.003665 848
0.003666 848
0.003667 848
0.003668 848
0.003669 848
0.00367 848
0.003671 848
0.003672 848
0.003673 848
0.003674 848
0.003675 848
0.003676 848
0.003677 848
0.003678 848
0.003679 848
0.00368 848
0.003681 848
0.003682 848
0.003683 848
0.003684 848
0.003685 848
0.003686 848
0.003687 848
0.003688 848
0.003689 848
0.00369 848
0.003691 848
0.003692 848
0.003693 848
0.003694 848
0.003695 848
0.003696 848
0.003697 848
0.003698 848
0.003699 848
0.0037 848
0.003701 848
0.003702 847
0.003703 847
0.003704 847
0.003705 847
0.003706 847
0.003707 847
0.003708 847
0.003709 847
0.00371 847
0.003711 846
0.003712 846
0.003713 846
0.003714 846
0.003715 847
0.003716 847
0.003717 847
0.003718 847
0.003719 847
0.00372 847
0.003721 847
0.003722 847
0.003723 847
0.003724 847
0.003725 847
0.003726 846
0.003727 846
0.003728 846
0.003729 846
0.00373 846
0.003731 846
0.003732 846
0.003733 846
0.003734 846
0.003735 846
0.003736 846
0.003737 846
0.003738 846
0.003739 846
0.00374 845
0.003741 845
0.003742 845
0.003743 845
0.003744 845
0.003745 845
0.003746 845
0.003747 845
0.003748 845
0.003749 845
0.00375 845
0.003751 845
0.003752 845
0.003753 844
0.003754 844
0.003755 844
0.003756 844
0.003757 844
0.003758 844
0.003759 844
0.00376 844
0.003761 844
0.003762 843
0.003763 843
0.003764 843
0.003765 843
0.003766 843
0.003767 843
0.003768 843
0.003769 842
0.00377 842
0.003771 842
0.003772 841
0.003773 841
0.003774 841
0.003775 841
0.003776 841
0.003777 841
0.003778 841
0.003779 841
0.00378 841
0.003781 841
0.003782 841
0.003783 841
0.003784 840
0.003785 839
0.003786 839
0.003787 839
0.003788 839
0.003789 839
0.00379 839
0.003791 839
0.003792 840
0.003793 840
0.003794 840
0.003795 840
0.003796 840
0.003797 840
0.003798 840
0.003799 840
0.0038 840
0.003801 840
0.003802 840
0.003803 840
0.003804 840
0.003805 840
0.003806 840
0.003807 840
0.003808 840
0.003809 840
0.00381 840
0.003811 840
0.003812 841
0.003813 841
0.003814 841
0.003815 841
0.003816 841
0.003817 841
0.003818 841
0.003819 841
0.00382 841
0.003821 841
0.003822 841
0.003823 841
0.003824 841
0.003825 841
0.003826 841
0.003827 841
0.003828 841
0.003829 841
0.00383 842
0.003831 842
0.003832 842
0.003833 842
0.003834 842
0.003835 842
0.003836 842
0.003837 842
0.003838 842
0.003839 842
0.00384 842
0.003841 842
0.003842 842
0.003843 842
0.003844 842
0.003845 842
0.003846 842
0.003847 842
0.003848 842
0.003849 842
0.00385 842
0.003851 842
0.003852 842
0.003853 842
0.003854 842
0.003855 843
0.003856 843
0.003857 843
0.003858 843
0.003859 843
0.00386 843
0.003861 843
0.003862 843
0.003863 843
0.003864 843
0.003865 843
0.003866 844
0.003867 844
0.003868 844
0.003869 844
0.00387 844
0.003871 844
0.003872 844
0.003873 844
0.003874 844
0.003875 844
0.003876 844
0.003877 844
0.003878 844
0.003879 844
0.00388 844
0.003881 844
0.003882 844
0.003883 844
0.003884 844
0.003885 845
0.003886 845
0.003887 845
0.003888 845
0.003889 845
0.00389 845
0.003891 845
0.003892 845
0.003893 845
0.003894 845
0.003895 845
0.003896 845
0.003897 844
0.003898 844
0.003899 844
0.0039 844
0.003901 845
0.003902 845
0.003903 846
0.003904 846
0.003905 846
0.003906 846
0.003907 846
0.003908 846
0.003909 846
0.00391 845
0.003911 845
0.003912 846
0.003913 846
0.003914 846
0.003915 846
0.003916 846
0.003917 845
0.003918 845
0.003919 845
0.00392 845
0.003921 846
0.003922 846
0.003923 846
0.003924 846
0.003925 846
0.003926 846
0.003927 846
0.003928 846
0.003929 846
0.00393 846
0.003931 846
0.003932 845
0.003933 845
0.003934 845
0.003935 845
0.003936 845
0.003937 845
0.003938 845
0.003939 845
0.00394 845
0.003941 845
0.003942 845
0.003943 845
0.003944 845
0.003945 845
0.003946 845
0.003947 845
0.003948 845
0.003949 845
0.00395 844
0.003951 844
0.003952 844
0.003953 844
0.003954 844
0.003955 844
0.003956 844
0.003957 844
0.003958 844
0.003959 844
0.00396 844
0.003961 844
0.003962 844
0.003963 844
0.003964 844
0.003965 844
0.003966 844
0.003967 844
0.003968 844
0.003969 844
0.00397 844
0.003971 844
0.003972 844
0.003973 844
0.003974 845
0.003975 845
0.003976 845
0.003977 845
0.003978 845
0.003979 845
0.00398 845
0.003981 845
0.003982 844
0.003983 844
0.003984 845
0.003985 846
0.003986 846
0.003987 846
0.003988 846
0.003989 846
0.00399 846
0.003991 846
0.003992 846
0.003993 846
0.003994 846
0.003995 846
0.003996 846
0.003997 846
0.003998 846
0.003999 846
0.004 846
0.004001 846
0.004002 846
0.004003 846
0.004004 846
0.004005 846
0.004006 846
0.004007 847
0.004008 847
0.004009 847
0.00401 847
0.004011 847
0.004012 846
0.004013 846
0.004014 846
0.004015 846
0.004016 846
0.004017 846
0.004018 846
0.004019 846
0.00402 847
0.004021 847
0.004022 847
0.004023 847
0.004024 847
0.004025 847
0.004026 847
0.004027 847
0.004028 846
0.004029 846
0.00403 846
0.004031 846
0.004032 846
0.004033 846
0.004034 846
0.004035 847
0.004036 847
0.004037 847
0.004038 847
0.004039 847
0.00404 848
0.004041 848
0.004042 848
0.004043 848
0.004044 848
0.004045 848
0.004046 848
0.004047 848
0.004048 848
0.004049 847
0.00405 846
0.004051 846
0.004052 846
0.004053 846
0.004054 846
0.004055 846
0.004056 846
0.004057 846
0.004058 846
0.004059 846
0.00406 846
0.004061 846
0.004062 846
0.004063 846
0.004064 846
0.004065 846
0.004066 846
0.004067 846
0.004068 846
0.004069 846
0.00407 846
0.004071 846
0.004072 846
0.004073 846
0.004074 846
0.004075 846
0.004076 846
0.004077 846
0.004078 846
0.004079 846
0.00408 846
0.004081 846
0.004082 845
0.004083 845
0.004084 845
0.004085 845
0.004086 845
0.004087 845
0.004088 845
0.004089 845
0.00409 845
0.004091 845
0.004092 845
0.004093 845
0.004094 845
0.004095 845
0.004096 845
0.004097 845
0.004098 846
0.004099 846
0.0041 846
0.004101 846
0.004102 846
0.004103 846
0.004104 846
0.004105 846
0.004106 846
0.004107 846
0.004108 846
0.004109 846
0.00411 846
0.004111 846
0.004112 845
0.004113 845
0.004114 845
0.004115 845
0.004116 846
0.004117 846
0.004118 846
0.004119 846
0.00412 846
0.004121 846
0.004122 846
0.004123 846
0.004124 846
0.004125 846
0.004126 846
0.004127 846
0.004128 847
0.004129 847
0.00413 848
0.004131 848
0.004132 848
0.004133 848
0.004134 848
0.004135 848
0.004136 848
0.004137 848
0.004138 848
0.004139 848
0.00414 848
0.004141 848
0.004142 849
0.004143 849
0.004144 849
0.004145 849
0.004146 849
0.004147 849
0.004148 849
0.004149 849
0.00415 849
0.004151 849
0.004152 849
0.004153 849
0.004154 849
0.004155 849
0.004156 849
0.004157 849
0.004158 849
0.004159 849
0.00416 849
0.004161 849
0.004162 849
0.004163 849
0.004164 849
0.004165 848
0.004166 848
0.004167 848
0.004168 848
0.004169 848
0.00417 848
0.004171 848
0.004172 848
0.004173 848
0.004174 846
0.004175 846
0.004176 846
0.004177 846
0.004178 846
0.004179 846
0.00418 846
0.004181 845
0.004182 845
0.004183 845
0.004184 845
0.004185 845
0.004186 845
0.004187 845
0.004188 845
0.004189 845
0.00419 845
0.004191 846
0.004192 846
0.004193 846
0.004194 846
0.004195 846
0.004196 846
0.004197 846
0.004198 846
0.004199 846
0.0042 846
0.004201 846
0.004202 846
0.004203 846
0.004204 846
0.004205 846
0.004206 846
0.004207 846
0.004208 847
0.004209 846
0.00421 846
0.004211 846
0.004212 846
0.004213 846
0.004214 846
0.004215 846
0.004216 846
0.004217 846
0.004218 846
0.004219 846
0.00422 846
0.004221 846
0.004222 846
0.004223 846
0.004224 846
0.004225 846
0.004226 846
0.004227 846
0.004228 846
0.004229 846
0.00423 846
0.004231 846
0.004232 846
0.004233 846
0.004234 846
0.004235 846
0.004236 846
0.004237 846
0.004238 846
0.004239 846
0.00424 846
0.004241 846
0.004242 846
0.004243 846
0.004244 846
0.004245 846
0.004246 846
0.004247 846
0.004248 846
0.004249 847
0.00425 847
0.004251 847
0.004252 847
0.004253 847
0.004254 847
0.004255 847
0.004256 847
0.004257 847
0.004258 847
0.004259 847
0.00426 847
0.004261 847
0.004262 847
0.004263 847
0.004264 847
0.004265 847
0.004266 847
0.004267 845
0.004268 845
0.004269 845
0.00427 845
0.004271 845
0.004272 844
0.004273 844
0.004274 844
0.004275 844
0.004276 844
0.004277 843
0.004278 843
0.004279 843
0.00428 843
0.004281 843
0.004282 843
0.004283 843
0.004284 843
0.004285 843
0.004286 843
0.004287 843
0.004288 843
0.004289 843
0.00429 842
0.004291 842
0.004292 842
0.004293 842
0.004294 841
0.004295 841
0.004296 841
0.004297 841
0.004298 841
0.004299 840
0.0043 841
0.004301 841
0.004302 841
0.004303 841
0.004304 841
0.004305 841
0.004306 841
0.004307 841
0.004308 841
0.004309 842
0.00431 842
0.004311 842
0.004312 842
0.004313 842
0.004314 842
0.004315 842
0.004316 842
0.004317 842
0.004318 842
0.004319 842
0.00432 842
0.004321 842
0.004322 842
0.004323 842
0.004324 842
0.004325 842
0.004326 842
0.004327 842
0.004328 842
0.004329 841
0.00433 841
0.004331 841
0.004332 841
0.004333 841
0.004334 841
0.004335 841
0.004336 842
0.004337 842
0.004338 842
0.004339 842
0.00434 841
0.004341 841
0.004342 841
0.004343 841
0.004344 841
0.004345 840
0.004346 840
0.004347 840
0.004348 840
0.004349 840
0.00435 840
0.004351 840
0.004352 840
0.004353 839
0.004354 839
0.004355 839
0.004356 839
0.004357 839
0.004358 839
0.004359 839
0.00436 839
0.004361 839
0.004362 839
0.004363 839
0.004364 839
0.004365 839
0.004366 839
0.004367 839
0.004368 840
0.004369 840
0.00437 840
0.004371 840
0.004372 840
0.004373 840
0.004374 839
0.004375 839
0.004376 838
0.004377 838
0.004378 838
0.004379 838
0.00438 838
0.004381 838
0.004382 838
0.004383 838
0.004384 838
0.004385 838
0.004386 838
0.004387 838
0.004388 838
0.004389 838
0.00439 838
0.004391 838
0.004392 838
0.004393 838
0.004394 837
0.004395 838
0.004396 838
0.004397 838
0.004398 838
0.004399 838
0.0044 838
0.004401 838
0.004402 839
0.004403 839
0.004404 839
0.004405 839
0.004406 839
0.004407 839
0.004408 838
0.004409 838
0.00441 838
0.004411 838
0.004412 837
0.004413 837
0.004414 838
0.004415 837
0.004416 838
0.004417 838
0.004418 838
0.004419 838
0.00442 838
0.004421 838
0.004422 838
0.004423 838
0.004424 838
0.004425 838
0.004426 838
0.004427 838
0.004428 838
0.004429 838
0.00443 837
0.004431 836
0.004432 836
0.004433 836
0.004434 837
0.004435 837
0.004436 837
0.004437 837
0.004438 837
0.004439 836
0.00444 836
0.004441 836
0.004442 836
0.004443 836
0.004444 836
0.004445 836
0.004446 836
0.004447 836
0.004448 836
0.004449 836
0.00445 836
0.004451 836
0.004452 836
0.004453 835
0.004454 835
0.004455 834
0.004456 834
0.004457 834
0.004458 834
0.004459 834
0.00446 834
0.004461 834
0.004462 834
0.004463 834
0.004464 834
0.004465 834
0.004466 834
0.004467 834
0.004468 834
0.004469 834
0.00447 834
0.004471 834
0.004472 834
0.004473 834
0.004474 834
0.004475 834
0.004476 834
0.004477 834
0.004478 834
0.004479 834
0.00448 834
0.004481 834
0.004482 834
0.004483 834
0.004484 834
0.004485 834
0.004486 834
0.004487 834
0.004488 834
0.004489 834
0.00449 834
0.004491 834
0.004492 834
0.004493 833
0.004494 833
0.004495 833
0.004496 833
0.004497 833
0.004498 833
0.004499 833
0.0045 833
0.004501 833
0.004502 833
0.004503 834
0.004504 834
0.004505 835
0.004506 835
0.004507 835
0.004508 835
0.004509 834
0.00451 835
0.004511 835
0.004512 835
0.004513 835
0.004514 834
0.004515 834
0.004516 834
0.004517 834
0.004518 834
0.004519 834
0.00452 834
0.004521 834
0.004522 834
0.004523 834
0.004524 834
0.004525 833
0.004526 833
0.004527 833
0.004528 833
0.004529 833
0.00453 833
0.004531 832
0.004532 832
0.004533 831
0.004534 831
0.004535 831
0.004536 831
0.004537 830
0.004538 830
0.004539 830
0.00454 830
0.004541 830
0.004542 830
0.004543 830
0.004544 830
0.004545 830
0.004546 830
0.004547 830
0.004548 830
0.004549 830
0.00455 830
0.004551 830
0.004552 830
0.004553 830
0.004554 830
0.004555 830
0.004556 830
0.004557 830
0.004558 830
0.004559 830
0.00456 830
0.004561 830
0.004562 830
0.004563 830
0.004564 830
0.004565 830
0.004566 830
0.004567 830
0.004568 830
0.004569 830
0.00457 830
0.004571 830
0.004572 830
0.004573 830
0.004574 830
0.004575 830
0.004576 830
0.004577 830
0.004578 830
0.004579 830
0.00458 830
0.004581 830
0.004582 830
0.004583 830
0.004584 830
0.004585 830
0.004586 830
0.004587 830
0.004588 830
0.004589 831
0.00459 833
0.004591 833
0.004592 834
0.004593 834
0.004594 834
0.004595 833
0.004596 833
0.004597 833
0.004598 833
0.004599 833
0.0046 833
0.004601 834
0.004602 834
0.004603 834
0.004604 834
0.004605 834
0.004606 834
0.004607 834
0.004608 834
0.004609 834
0.00461 833
0.004611 833
0.004612 833
0.004613 833
0.004614 833
0.004615 833
0.004616 833
0.004617 833
0.004618 833
0.004619 833
0.00462 833
0.004621 832
0.004622 832
0.004623 832
0.004624 832
0.004625 832
0.004626 832
0.004627 832
0.004628 831
0.004629 831
0.00463 831
0.004631 831
0.004632 831
0.004633 831
0.004634 831
0.004635 831
0.004636 831
0.004637 831
0.004638 831
0.004639 831
0.00464 831
0.004641 831
0.004642 831
0.004643 831
0.004644 831
0.004645 831
0.004646 831
0.004647 831
0.004648 831
0.004649 831
0.00465 831
0.004651 831
0.004652 832
0.004653 832
0.004654 832
0.004655 832
0.004656 832
0.004657 832
0.004658 832
0.004659 832
0.00466 832
0.004661 832
0.004662 832
0.004663 832
0.004664 832
0.004665 832
0.004666 830
0.004667 830
0.004668 830
0.004669 829
0.00467 829
0.004671 829
0.004672 829
0.004673 829
0.004674 829
0.004675 829
0.004676 829
0.004677 829
0.004678 829
0.004679 828
0.00468 828
0.004681 828
0.004682 828
0.004683 828
0.004684 828
0.004685 827
0.004686 828
0.004687 827
0.004688 827
0.004689 827
0.00469 827
0.004691 827
0.004692 827
0.004693 827
0.004694 827
0.004695 827
0.004696 827
0.004697 827
0.004698 827
0.004699 827
0.0047 827
0.004701 827
0.004702 827
0.004703 827
0.004704 827
0.004705 826
0.004706 826
0.004707 826
0.004708 826
0.004709 826
0.00471 826
0.004711 826
0.004712 826
0.004713 826
0.004714 827
0.004715 827
0.004716 827
0.004717 827
0.004718 827
0.004719 827
0.00472 828
0.004721 828
0.004722 828
0.004723 828
0.004724 828
0.004725 828
0.004726 828
0.004727 828
0.004728 829
0.004729 829
0.00473 829
0.004731 829
0.004732 829
0.004733 829
0.004734 829
0.004735 829
0.004736 829
0.004737 829
0.004738 829
0.004739 829
0.00474 829
0.004741 829
0.004742 829
0.004743 829
0.004744 829
0.004745 829
0.004746 830
0.004747 830
0.004748 830
0.004749 830
0.00475 830
0.004751 830
0.004752 830
0.004753 830
0.004754 830
0.004755 830
0.004756 830
0.004757 830
0.004758 830
0.004759 830
0.00476 830
0.004761 830
0.004762 830
0.004763 830
0.004764 829
0.004765 829
0.004766 829
0.004767 829
0.004768 829
0.004769 829
0.00477 828
0.004771 828
0.004772 828
0.004773 829
0.004774 829
0.004775 828
0.004776 828
0.004777 828
0.004778 828
0.004779 828
0.00478 828
0.004781 828
0.004782 828
0.004783 828
0.004784 828
0.004785 828
0.004786 828
0.004787 828
0.004788 828
0.004789 827
0.00479 827
0.004791 827
0.004792 827
0.004793 827
0.004794 827
0.004795 827
0.004796 827
0.004797 827
0.004798 827
0.004799 827
0.0048 827
0.004801 827
0.004802 827
0.004803 827
0.004804 827
0.004805 827
0.004806 827
0.004807 827
0.004808 827
0.004809 827
0.00481 827
0.004811 827
0.004812 827
0.004813 827
0.004814 827
0.004815 827
0.004816 827
0.004817 827
0.004818 827
0.004819 827
0.00482 828
0.004821 828
0.004822 828
0.004823 828
0.004824 828
0.004825 828
0.004826 828
0.004827 828
0.004828 828
0.004829 828
0.00483 827
0.004831 826
0.004832 826
0.004833 826
0.004834 824
0.004835 824
0.004836 824
0.004837 824
0.004838 824
0.004839 824
0.00484 824
0.004841 824
0.004842 824
0.004843 824
0.004844 824
0.004845 824
0.004846 825
0.004847 825
0.004848 826
0.004849 826
0.00485 827
0.004851 827
0.004852 827
0.004853 826
0.004854 826
0.004855 826
0.004856 826
0.004857 827
0.004858 827
0.004859 827
0.00486 827
0.004861 827
0.004862 827
0.004863 827
0.004864 827
0.004865 827
0.004866 827
0.004867 827
0.004868 827
0.004869 827
0.00487 827
0.004871 827
0.004872 826
0.004873 826
0.004874 825
0.004875 824
0.004876 825
0.004877 825
0.004878 825
0.004879 825
0.00488 825
0.004881 825
0.004882 825
0.004883 825
0.004884 824
0.004885 824
0.004886 824
0.004887 824
0.004888 824
0.004889 823
0.00489 823
0.004891 823
0.004892 823
0.004893 824
0.004894 824
0.004895 824
0.004896 824
0.004897 824
0.004898 824
0.004899 824
0.0049 824
0.004901 824
0.004902 824
0.004903 824
0.004904 824
0.004905 824
0.004906 824
0.004907 824
0.004908 824
0.004909 824
0.00491 824
0.004911 824
0.004912 824
0.004913 824
0.004914 824
0.004915 824
0.004916 824
0.004917 825
0.004918 825
0.004919 825
0.00492 825
0.004921 825
0.004922 824
0.004923 824
0.004924 824
0.004925 823
0.004926 823
0.004927 823
0.004928 823
0.004929 823
0.00493 823
0.004931 823
0.004932 822
0.004933 822
0.004934 821
0.004935 821
0.004936 821
0.004937 821
0.004938 821
0.004939 821
0.00494 821
0.004941 821
0.004942 821
0.004943 821
0.004944 821
0.004945 821
0.004946 821
0.004947 821
0.004948 821
0.004949 821
0.00495 821
0.004951 821
0.004952 821
0.004953 821
0.004954 821
0.004955 821
0.004956 821
0.004957 821
0.004958 821
0.004959 821
0.00496 821
0.004961 821
0.004962 821
0.004963 821
0.004964 821
0.004965 821
0.004966 821
0.004967 821
0.004968 821
0.004969 821
0.00497 821
0.004971 821
0.004972 821
0.004973 821
0.004974 821
0.004975 821
0.004976 821
0.004977 821
0.004978 822
0.004979 821
0.00498 821
0.004981 821
0.004982 821
0.004983 821
0.004984 821
0.004985 821
0.004986 821
0.004987 821
0.004988 821
0.004989 821
0.00499 821
0.004991 821
0.004992 821
0.004993 821
0.004994 821
0.004995 821
0.004996 820
0.004997 820
0.004998 820
0.004999 820
0.005 820
