0 5755
1e-06 5746
2e-06 5739
3e-06 5727
4e-06 5712
5e-06 5701
6e-06 5696
7e-06 5688
8e-06 5678
9e-06 5669
1e-05 5661
1.1e-05 5647
1.2e-05 5636
1.3e-05 5626
1.4e-05 5612
1.5e-05 5598
1.6e-05 5589
1.7e-05 5583
1.8e-05 5575
1.9e-05 5566
2e-05 5562
2.1e-05 5559
2.2e-05 5550
2.3e-05 5537
2.4e-05 5526
2.5e-05 5515
2.6e-05 5510
2.7e-05 5498
2.8e-05 5491
2.9e-05 5486
3e-05 5480
3.1e-05 5474
3.2e-05 5465
3.3e-05 5457
3.4e-05 5454
3.5e-05 5445
3.6e-05 5434
3.7e-05 5431
3.8e-05 5422
3.9e-05 5412
4e-05 5404
4.1e-05 5398
4.2e-05 5391
4.3e-05 5382
4.4e-05 5379
4.5e-05 5370
4.6e-05 5360
4.7e-05 5352
4.8e-05 5348
4.9e-05 5347
5e-05 5341
5.1e-05 5336
5.2e-05 5328
5.3e-05 5322
5.4e-05 5317
5.5e-05 5309
5.6e-05 5301
5.7e-05 5292
5.8e-05 5286
5.9e-05 5277
6e-05 5277
6.1e-05 5270
6.2e-05 5264
6.3e-05 5258
6.4e-05 5252
6.5e-05 5247
6.6e-05 5244
6.7e-05 5238
6.8e-05 5233
6.9e-05 5226
7e-05 5219
7.1e-05 5215
7.2e-05 5208
7.3e-05 5200
7.4e-05 5197
7.5e-05 5187
7.6e-05 5179
7.7e-05 5176
7.8e-05 5171
7.9e-05 5162
8e-05 5151
8.1e-05 5149
8.2e-05 5147
8.3e-05 5144
8.4e-05 5134
8.5e-05 5127
8.6e-05 5124
8.7e-05 5120
8.8e-05 5114
8.9e-05 5109
9e-05 5104
9.1e-05 5096
9.2e-05 5093
9.3e-05 5090
9.4e-05 5084
9.5e-05 5079
9.6e-05 5071
9.7e-05 5064
9.8e-05 5061
9.9e-05 5054
0.0001 5050
0.000101 5049
0.000102 5044
0.000103 5035
0.000104 5035
0.000105 5031
0.000106 5022
0.000107 5019
0.000108 5016
0.000109 5011
0.00011 5008
0.000111 5006
0.000112 4999
0.000113 4993
0.000114 4989
0.000115 4981
0.000116 4981
0.000117 4976
0.000118 4971
0.000119 4966
0.00012 4965
0.000121 4960
0.000122 4958
0.000123 4955
0.000124 4950
0.000125 4947
0.000126 4942
0.000127 4933
0.000128 4929
0.000129 4926
0.00013 4925
0.000131 4919
0.000132 4916
0.000133 4911
0.000134 4907
0.000135 4903
0.000136 4902
0.000137 4896
0.000138 4896
0.000139 4892
0.00014 4888
0.000141 4885
0.000142 4882
0.000143 4878
0.000144 4871
0.000145 4870
0.000146 4865
0.000147 4862
0.000148 4858
0.000149 4854
0.00015 4850
0.000151 4847
0.000152 4845
0.000153 4840
0.000154 4837
0.000155 4834
0.000156 4828
0.000157 4828
0.000158 4825
0.000159 4819
0.00016 4815
0.000161 4813
0.000162 4810
0.000163 4806
0.000164 4807
0.000165 4806
0.000166 4801
0.000167 4799
0.000168 4799
0.000169 4795
0.00017 4792
0.000171 4787
0.000172 4786
0.000173 4783
0.000174 4781
0.000175 4779
0.000176 4779
0.000177 4775
0.000178 4773
0.000179 4772
0.00018 4772
0.000181 4769
0.000182 4766
0.000183 4760
0.000184 4759
0.000185 4754
0.000186 4749
0.000187 4746
0.000188 4744
0.000189 4744
0.00019 4743
0.000191 4741
0.000192 4737
0.000193 4736
0.000194 4729
0.000195 4729
0.000196 4729
0.000197 4727
0.000198 4725
0.000199 4723
0.0002 4721
0.000201 4721
0.000202 4718
0.000203 4714
0.000204 4711
0.000205 4707
0.000206 4705
0.000207 4704
0.000208 4702
0.000209 4702
0.00021 4698
0.000211 4697
0.000212 4692
0.000213 4690
0.000214 4690
0.000215 4688
0.000216 4686
0.000217 4684
0.000218 4684
0.000219 4679
0.00022 4677
0.000221 4675
0.000222 4671
0.000223 4668
0.000224 4669
0.000225 4667
0.000226 4668
0.000227 4667
0.000228 4665
0.000229 4665
0.00023 4660
0.000231 4659
0.000232 4658
0.000233 4655
0.000234 4654
0.000235 4654
0.000236 4651
0.000237 4650
0.000238 4648
0.000239 4646
0.00024 4644
0.000241 4641
0.000242 4639
0.000243 4637
0.000244 4634
0.000245 4635
0.000246 4634
0.000247 4634
0.000248 4634
0.000249 4628
0.00025 4628
0.000251 4627
0.000252 4623
0.000253 4623
0.000254 4624
0.000255 4622
0.000256 4620
0.000257 4620
0.000258 4620
0.000259 4616
0.00026 4616
0.000261 4615
0.000262 4614
0.000263 4609
0.000264 4610
0.000265 4609
0.000266 4609
0.000267 4610
0.000268 4607
0.000269 4606
0.00027 4603
0.000271 4601
0.000272 4601
0.000273 4600
0.000274 4597
0.000275 4594
0.000276 4592
0.000277 4591
0.000278 4590
0.000279 4589
0.00028 4587
0.000281 4588
0.000282 4587
0.000283 4586
0.000284 4583
0.000285 4583
0.000286 4582
0.000287 4581
0.000288 4581
0.000289 4579
0.00029 4580
0.000291 4579
0.000292 4578
0.000293 4577
0.000294 4575
0.000295 4573
0.000296 4571
0.000297 4570
0.000298 4565
0.000299 4563
0.0003 4563
0.000301 4560
0.000302 4559
0.000303 4556
0.000304 4552
0.000305 4550
0.000306 4548
0.000307 4548
0.000308 4549
0.000309 4547
0.00031 4547
0.000311 4548
0.000312 4548
0.000313 4549
0.000314 4549
0.000315 4547
0.000316 4546
0.000317 4546
0.000318 4545
0.000319 4545
0.00032 4542
0.000321 4542
0.000322 4543
0.000323 4544
0.000324 4544
0.000325 4542
0.000326 4543
0.000327 4541
0.000328 4541
0.000329 4539
0.00033 4536
0.000331 4532
0.000332 4531
0.000333 4531
0.000334 4531
0.000335 4530
0.000336 4530
0.000337 4530
0.000338 4528
0.000339 4525
0.00034 4524
0.000341 4522
0.000342 4522
0.000343 4521
0.000344 4520
0.000345 4520
0.000346 4518
0.000347 4517
0.000348 4517
0.000349 4514
0.00035 4514
0.000351 4513
0.000352 4511
0.000353 4510
0.000354 4509
0.000355 4508
0.000356 4506
0.000357 4506
0.000358 4505
0.000359 4504
0.00036 4505
0.000361 4504
0.000362 4504
0.000363 4503
0.000364 4499
0.000365 4499
0.000366 4500
0.000367 4500
0.000368 4501
0.000369 4501
0.00037 4501
0.000371 4501
0.000372 4501
0.000373 4501
0.000374 4501
0.000375 4503
0.000376 4503
0.000377 4500
0.000378 4499
0.000379 4497
0.00038 4496
0.000381 4495
0.000382 4495
0.000383 4492
0.000384 4492
0.000385 4491
0.000386 4491
0.000387 4491
0.000388 4488
0.000389 4486
0.00039 4487
0.000391 4486
0.000392 4485
0.000393 4484
0.000394 4482
0.000395 4481
0.000396 4482
0.000397 4481
0.000398 4480
0.000399 4479
0.0004 4478
0.000401 4477
0.000402 4477
0.000403 4477
0.000404 4476
0.000405 4472
0.000406 4471
0.000407 4470
0.000408 4470
0.000409 4470
0.00041 4470
0.000411 4470
0.000412 4469
0.000413 4469
0.000414 4468
0.000415 4467
0.000416 4465
0.000417 4465
0.000418 4464
0.000419 4466
0.00042 4466
0.000421 4467
0.000422 4468
0.000423 4467
0.000424 4466
0.000425 4466
0.000426 4465
0.000427 4463
0.000428 4463
0.000429 4463
0.00043 4463
0.000431 4463
0.000432 4463
0.000433 4463
0.000434 4462
0.000435 4462
0.000436 4461
0.000437 4460
0.000438 4459
0.000439 4458
0.00044 4457
0.000441 4457
0.000442 4456
0.000443 4455
0.000444 4453
0.000445 4452
0.000446 4452
0.000447 4452
0.000448 4452
0.000449 4452
0.00045 4452
0.000451 4451
0.000452 4450
0.000453 4449
0.000454 4449
0.000455 4448
0.000456 4446
0.000457 4446
0.000458 4446
0.000459 4445
0.00046 4445
0.000461 4444
0.000462 4444
0.000463 4445
0.000464 4443
0.000465 4442
0.000466 4443
0.000467 4440
0.000468 4440
0.000469 4437
0.00047 4437
0.000471 4437
0.000472 4437
0.000473 4434
0.000474 4435
0.000475 4435
0.000476 4434
0.000477 4433
0.000478 4434
0.000479 4434
0.00048 4434
0.000481 4433
0.000482 4432
0.000483 4431
0.000484 4431
0.000485 4430
0.000486 4429
0.000487 4429
0.000488 4429
0.000489 4428
0.00049 4428
0.000491 4428
0.000492 4428
0.000493 4428
0.000494 4428
0.000495 4428
0.000496 4427
0.000497 4429
0.000498 4429
0.000499 4429
0.0005 4429
0.000501 4429
0.000502 4428
0.000503 4428
0.000504 4429
0.000505 4428
0.000506 4427
0.000507 4427
0.000508 4425
0.000509 4425
0.00051 4424
0.000511 4424
0.000512 4424
0.000513 4424
0.000514 4424
0.000515 4425
0.000516 4426
0.000517 4426
0.000518 4426
0.000519 4426
0.00052 4424
0.000521 4425
0.000522 4425
0.000523 4425
0.000524 4424
0.000525 4424
0.000526 4424
0.000527 4423
0.000528 4422
0.000529 4421
0.00053 4422
0.000531 4422
0.000532 4420
0.000533 4420
0.000534 4420
0.000535 4420
0.000536 4419
0.000537 4420
0.000538 4419
0.000539 4419
0.00054 4419
0.000541 4418
0.000542 4417
0.000543 4417
0.000544 4416
0.000545 4416
0.000546 4415
0.000547 4416
0.000548 4416
0.000549 4417
0.00055 4416
0.000551 4416
0.000552 4417
0.000553 4415
0.000554 4415
0.000555 4415
0.000556 4415
0.000557 4415
0.000558 4415
0.000559 4413
0.00056 4412
0.000561 4412
0.000562 4412
0.000563 4412
0.000564 4412
0.000565 4412
0.000566 4412
0.000567 4412
0.000568 4411
0.000569 4411
0.00057 4410
0.000571 4410
0.000572 4409
0.000573 4409
0.000574 4408
0.000575 4408
0.000576 4408
0.000577 4407
0.000578 4407
0.000579 4406
0.00058 4407
0.000581 4406
0.000582 4406
0.000583 4406
0.000584 4406
0.000585 4406
0.000586 4405
0.000587 4406
0.000588 4406
0.000589 4405
0.00059 4403
0.000591 4402
0.000592 4402
0.000593 4401
0.000594 4402
0.000595 4402
0.000596 4402
0.000597 4402
0.000598 4403
0.000599 4403
0.0006 4403
0.000601 4403
0.000602 4404
0.000603 4404
0.000604 4404
0.000605 4404
0.000606 4404
0.000607 4404
0.000608 4404
0.000609 4404
0.00061 4404
0.000611 4404
0.000612 4404
0.000613 4404
0.000614 4404
0.000615 4404
0.000616 4404
0.000617 4404
0.000618 4404
0.000619 4404
0.00062 4405
0.000621 4406
0.000622 4406
0.000623 4406
0.000624 4406
0.000625 4406
0.000626 4406
0.000627 4407
0.000628 4407
0.000629 4407
0.00063 4407
0.000631 4407
0.000632 4407
0.000633 4408
0.000634 4407
0.000635 4406
0.000636 4406
0.000637 4406
0.000638 4406
0.000639 4405
0.00064 4405
0.000641 4406
0.000642 4407
0.000643 4407
0.000644 4407
0.000645 4407
0.000646 4407
0.000647 4406
0.000648 4405
0.000649 4405
0.00065 4405
0.000651 4404
0.000652 4404
0.000653 4404
0.000654 4404
0.000655 4404
0.000656 4404
0.000657 4404
0.000658 4403
0.000659 4403
0.00066 4403
0.000661 4404
0.000662 4404
0.000663 4402
0.000664 4402
0.000665 4402
0.000666 4400
0.000667 4400
0.000668 4401
0.000669 4401
0.00067 4401
0.000671 4401
0.000672 4401
0.000673 4400
0.000674 4400
0.000675 4400
0.000676 4399
0.000677 4399
0.000678 4399
0.000679 4399
0.00068 4399
0.000681 4399
0.000682 4400
0.000683 4400
0.000684 4400
0.000685 4400
0.000686 4399
0.000687 4398
0.000688 4398
0.000689 4397
0.00069 4398
0.000691 4398
0.000692 4397
0.000693 4395
0.000694 4393
0.000695 4393
0.000696 4392
0.000697 4393
0.000698 4393
0.000699 4393
0.0007 4394
0.000701 4392
0.000702 4392
0.000703 4392
0.000704 4392
0.000705 4392
0.000706 4392
0.000707 4391
0.000708 4391
0.000709 4392
0.00071 4392
0.000711 4392
0.000712 4392
0.000713 4392
0.000714 4392
0.000715 4392
0.000716 4392
0.000717 4391
0.000718 4393
0.000719 4393
0.00072 4393
0.000721 4392
0.000722 4392
0.000723 4392
0.000724 4391
0.000725 4391
0.000726 4392
0.000727 4392
0.000728 4392
0.000729 4393
0.00073 4393
0.000731 4393
0.000732 4393
0.000733 4394
0.000734 4393
0.000735 4394
0.000736 4395
0.000737 4395
0.000738 4395
0.000739 4394
0.00074 4393
0.000741 4393
0.000742 4393
0.000743 4393
0.000744 4392
0.000745 4392
0.000746 4392
0.000747 4394
0.000748 4394
0.000749 4393
0.00075 4394
0.000751 4394
0.000752 4394
0.000753 4394
0.000754 4396
0.000755 4396
0.000756 4396
0.000757 4397
0.000758 4396
0.000759 4396
0.00076 4394
0.000761 4394
0.000762 4394
0.000763 4393
0.000764 4393
0.000765 4392
0.000766 4391
0.000767 4391
0.000768 4391
0.000769 4390
0.00077 4390
0.000771 4390
0.000772 4390
0.000773 4390
0.000774 4389
0.000775 4389
0.000776 4389
0.000777 4389
0.000778 4389
0.000779 4390
0.00078 4389
0.000781 4388
0.000782 4388
0.000783 4388
0.000784 4387
0.000785 4387
0.000786 4387
0.000787 4387
0.000788 4387
0.000789 4386
0.00079 4387
0.000791 4387
0.000792 4388
0.000793 4387
0.000794 4387
0.000795 4387
0.000796 4387
0.000797 4387
0.000798 4387
0.000799 4386
0.0008 4386
0.000801 4386
0.000802 4386
0.000803 4386
0.000804 4387
0.000805 4387
0.000806 4387
0.000807 4387
0.000808 4387
0.000809 4387
0.00081 4387
0.000811 4387
0.000812 4387
0.000813 4387
0.000814 4388
0.000815 4388
0.000816 4389
0.000817 4389
0.000818 4389
0.000819 4389
0.00082 4389
0.000821 4389
0.000822 4387
0.000823 4387
0.000824 4387
0.000825 4386
0.000826 4386
0.000827 4386
0.000828 4387
0.000829 4387
0.00083 4386
0.000831 4385
0.000832 4384
0.000833 4384
0.000834 4384
0.000835 4383
0.000836 4384
0.000837 4386
0.000838 4386
0.000839 4386
0.00084 4386
0.000841 4387
0.000842 4387
0.000843 4387
0.000844 4387
0.000845 4386
0.000846 4386
0.000847 4386
0.000848 4386
0.000849 4386
0.00085 4387
0.000851 4387
0.000852 4387
0.000853 4387
0.000854 4387
0.000855 4387
0.000856 4388
0.000857 4388
0.000858 4387
0.000859 4389
0.00086 4389
0.000861 4389
0.000862 4389
0.000863 4388
0.000864 4388
0.000865 4388
0.000866 4389
0.000867 4389
0.000868 4389
0.000869 4389
0.00087 4389
0.000871 4389
0.000872 4389
0.000873 4389
0.000874 4389
0.000875 4388
0.000876 4388
0.000877 4387
0.000878 4387
0.000879 4387
0.00088 4387
0.000881 4387
0.000882 4387
0.000883 4386
0.000884 4385
0.000885 4385
0.000886 4385
0.000887 4385
0.000888 4385
0.000889 4385
0.00089 4385
0.000891 4384
0.000892 4384
0.000893 4384
0.000894 4385
0.000895 4386
0.000896 4386
0.000897 4386
0.000898 4386
0.000899 4386
0.0009 4386
0.000901 4386
0.000902 4386
0.000903 4387
0.000904 4387
0.000905 4387
0.000906 4387
0.000907 4387
0.000908 4386
0.000909 4386
0.00091 4386
0.000911 4386
0.000912 4386
0.000913 4386
0.000914 4385
0.000915 4385
0.000916 4385
0.000917 4384
0.000918 4384
0.000919 4384
0.00092 4384
0.000921 4384
0.000922 4384
0.000923 4383
0.000924 4383
0.000925 4383
0.000926 4383
0.000927 4383
0.000928 4384
0.000929 4384
0.00093 4384
0.000931 4384
0.000932 4384
0.000933 4384
0.000934 4383
0.000935 4383
0.000936 4382
0.000937 4382
0.000938 4382
0.000939 4382
0.00094 4382
0.000941 4382
0.000942 4382
0.000943 4381
0.000944 4380
0.000945 4380
0.000946 4380
0.000947 4380
0.000948 4381
0.000949 4381
0.00095 4381
0.000951 4381
0.000952 4381
0.000953 4381
0.000954 4380
0.000955 4380
0.000956 4381
0.000957 4379
0.000958 4379
0.000959 4379
0.00096 4378
0.000961 4378
0.000962 4378
0.000963 4378
0.000964 4379
0.000965 4379
0.000966 4379
0.000967 4379
0.000968 4379
0.000969 4379
0.00097 4378
0.000971 4378
0.000972 4379
0.000973 4379
0.000974 4379
0.000975 4379
0.000976 4379
0.000977 4379
0.000978 4382
0.000979 4382
0.00098 4382
0.000981 4382
0.000982 4382
0.000983 4381
0.000984 4380
0.000985 4379
0.000986 4379
0.000987 4380
0.000988 4380
0.000989 4380
0.00099 4381
0.000991 4382
0.000992 4382
0.000993 4382
0.000994 4384
0.000995 4385
0.000996 4385
0.000997 4386
0.000998 4386
0.000999 4386
0.001 4386
0.001001 4386
0.001002 4386
0.001003 4386
0.001004 4385
0.001005 4385
0.001006 4385
0.001007 4384
0.001008 4385
0.001009 4386
0.00101 4385
0.001011 4385
0.001012 4384
0.001013 4383
0.001014 4383
0.001015 4383
0.001016 4383
0.001017 4382
0.001018 4382
0.001019 4382
0.00102 4382
0.001021 4382
0.001022 4380
0.001023 4380
0.001024 4380
0.001025 4380
0.001026 4380
0.001027 4380
0.001028 4380
0.001029 4380
0.00103 4381
0.001031 4379
0.001032 4379
0.001033 4378
0.001034 4377
0.001035 4377
0.001036 4377
0.001037 4376
0.001038 4377
0.001039 4379
0.00104 4379
0.001041 4379
0.001042 4381
0.001043 4381
0.001044 4380
0.001045 4380
0.001046 4381
0.001047 4381
0.001048 4381
0.001049 4382
0.00105 4382
0.001051 4381
0.001052 4381
0.001053 4380
0.001054 4380
0.001055 4380
0.001056 4380
0.001057 4380
0.001058 4380
0.001059 4380
0.00106 4380
0.001061 4380
0.001062 4380
0.001063 4381
0.001064 4381
0.001065 4382
0.001066 4382
0.001067 4382
0.001068 4382
0.001069 4382
0.00107 4382
0.001071 4382
0.001072 4382
0.001073 4382
0.001074 4382
0.001075 4382
0.001076 4382
0.001077 4382
0.001078 4382
0.001079 4382
0.00108 4382
0.001081 4381
0.001082 4381
0.001083 4381
0.001084 4381
0.001085 4381
0.001086 4381
0.001087 4381
0.001088 4380
0.001089 4380
0.00109 4380
0.001091 4380
0.001092 4381
0.001093 4381
0.001094 4382
0.001095 4381
0.001096 4381
0.001097 4381
0.001098 4382
0.001099 4382
0.0011 4382
0.001101 4382
0.001102 4381
0.001103 4382
0.001104 4382
0.001105 4382
0.001106 4382
0.001107 4383
0.001108 4383
0.001109 4384
0.00111 4384
0.001111 4384
0.001112 4384
0.001113 4384
0.001114 4384
0.001115 4384
0.001116 4384
0.001117 4384
0.001118 4384
0.001119 4384
0.00112 4383
0.001121 4383
0.001122 4382
0.001123 4382
0.001124 4382
0.001125 4382
0.001126 4381
0.001127 4381
0.001128 4381
0.001129 4380
0.00113 4380
0.001131 4380
0.001132 4379
0.001133 4379
0.001134 4379
0.001135 4379
0.001136 4379
0.001137 4378
0.001138 4378
0.001139 4378
0.00114 4378
0.001141 4378
0.001142 4378
0.001143 4378
0.001144 4378
0.001145 4378
0.001146 4378
0.001147 4378
0.001148 4379
0.001149 4379
0.00115 4378
0.001151 4378
0.001152 4378
0.001153 4378
0.001154 4378
0.001155 4376
0.001156 4375
0.001157 4376
0.001158 4376
0.001159 4374
0.00116 4374
0.001161 4374
0.001162 4373
0.001163 4373
0.001164 4373
0.001165 4373
0.001166 4373
0.001167 4373
0.001168 4374
0.001169 4374
0.00117 4375
0.001171 4375
0.001172 4376
0.001173 4376
0.001174 4375
0.001175 4375
0.001176 4375
0.001177 4375
0.001178 4375
0.001179 4375
0.00118 4375
0.001181 4375
0.001182 4375
0.001183 4375
0.001184 4375
0.001185 4375
0.001186 4375
0.001187 4375
0.001188 4375
0.001189 4375
0.00119 4376
0.001191 4377
0.001192 4377
0.001193 4377
0.001194 4377
0.001195 4377
0.001196 4377
0.001197 4377
0.001198 4377
0.001199 4377
0.0012 4377
0.001201 4378
0.001202 4378
0.001203 4378
0.001204 4378
0.001205 4378
0.001206 4377
0.001207 4376
0.001208 4377
0.001209 4377
0.00121 4377
0.001211 4377
0.001212 4377
0.001213 4377
0.001214 4377
0.001215 4377
0.001216 4378
0.001217 4378
0.001218 4378
0.001219 4378
0.00122 4378
0.001221 4378
0.001222 4378
0.001223 4378
0.001224 4378
0.001225 4378
0.001226 4378
0.001227 4378
0.001228 4379
0.001229 4379
0.00123 4379
0.001231 4380
0.001232 4380
0.001233 4379
0.001234 4379
0.001235 4379
0.001236 4380
0.001237 4380
0.001238 4380
0.001239 4380
0.00124 4380
0.001241 4382
0.001242 4381
0.001243 4382
0.001244 4381
0.001245 4381
0.001246 4380
0.001247 4380
0.001248 4380
0.001249 4380
0.00125 4380
0.001251 4380
0.001252 4380
0.001253 4380
0.001254 4380
0.001255 4380
0.001256 4380
0.001257 4380
0.001258 4381
0.001259 4381
0.00126 4381
0.001261 4381
0.001262 4381
0.001263 4381
0.001264 4381
0.001265 4381
0.001266 4382
0.001267 4383
0.001268 4383
0.001269 4383
0.00127 4383
0.001271 4382
0.001272 4381
0.001273 4381
0.001274 4380
0.001275 4380
0.001276 4380
0.001277 4380
0.001278 4379
0.001279 4379
0.00128 4379
0.001281 4379
0.001282 4379
0.001283 4379
0.001284 4379
0.001285 4379
0.001286 4379
0.001287 4379
0.001288 4379
0.001289 4379
0.00129 4379
0.001291 4379
0.001292 4379
0.001293 4378
0.001294 4378
0.001295 4377
0.001296 4377
0.001297 4377
0.001298 4377
0.001299 4377
0.0013 4377
0.001301 4377
0.001302 4377
0.001303 4377
0.001304 4377
0.001305 4377
0.001306 4377
0.001307 4377
0.001308 4377
0.001309 4377
0.00131 4377
0.001311 4377
0.001312 4377
0.001313 4376
0.001314 4376
0.001315 4376
0.001316 4376
0.001317 4376
0.001318 4376
0.001319 4375
0.00132 4375
0.001321 4376
0.001322 4376
0.001323 4376
0.001324 4376
0.001325 4376
0.001326 4376
0.001327 4377
0.001328 4377
0.001329 4376
0.00133 4376
0.001331 4376
0.001332 4376
0.001333 4376
0.001334 4376
0.001335 4376
0.001336 4377
0.001337 4377
0.001338 4377
0.001339 4377
0.00134 4378
0.001341 4378
0.001342 4378
0.001343 4377
0.001344 4377
0.001345 4377
0.001346 4377
0.001347 4377
0.001348 4377
0.001349 4378
0.00135 4378
0.001351 4379
0.001352 4379
0.001353 4379
0.001354 4379
0.001355 4379
0.001356 4379
0.001357 4380
0.001358 4380
0.001359 4379
0.00136 4379
0.001361 4379
0.001362 4379
0.001363 4379
0.001364 4380
0.001365 4380
0.001366 4380
0.001367 4380
0.001368 4380
0.001369 4380
0.00137 4379
0.001371 4379
0.001372 4379
0.001373 4379
0.001374 4379
0.001375 4379
0.001376 4379
0.001377 4380
0.001378 4380
0.001379 4380
0.00138 4380
0.001381 4380
0.001382 4380
0.001383 4380
0.001384 4379
0.001385 4380
0.001386 4380
0.001387 4380
0.001388 4380
0.001389 4380
0.00139 4380
0.001391 4380
0.001392 4380
0.001393 4379
0.001394 4377
0.001395 4377
0.001396 4377
0.001397 4376
0.001398 4376
0.001399 4376
0.0014 4376
0.001401 4376
0.001402 4376
0.001403 4376
0.001404 4376
0.001405 4377
0.001406 4377
0.001407 4377
0.001408 4377
0.001409 4377
0.00141 4377
0.001411 4377
0.001412 4376
0.001413 4376
0.001414 4376
0.001415 4376
0.001416 4376
0.001417 4376
0.001418 4376
0.001419 4376
0.00142 4376
0.001421 4376
0.001422 4376
0.001423 4376
0.001424 4376
0.001425 4376
0.001426 4376
0.001427 4376
0.001428 4376
0.001429 4377
0.00143 4377
0.001431 4377
0.001432 4378
0.001433 4378
0.001434 4378
0.001435 4376
0.001436 4376
0.001437 4377
0.001438 4377
0.001439 4376
0.00144 4376
0.001441 4376
0.001442 4375
0.001443 4375
0.001444 4375
0.001445 4376
0.001446 4376
0.001447 4377
0.001448 4377
0.001449 4377
0.00145 4377
0.001451 4378
0.001452 4378
0.001453 4379
0.001454 4379
0.001455 4379
0.001456 4379
0.001457 4379
0.001458 4379
0.001459 4379
0.00146 4379
0.001461 4379
0.001462 4379
0.001463 4379
0.001464 4378
0.001465 4379
0.001466 4379
0.001467 4379
0.001468 4380
0.001469 4380
0.00147 4379
0.001471 4379
0.001472 4379
0.001473 4379
0.001474 4379
0.001475 4379
0.001476 4379
0.001477 4379
0.001478 4379
0.001479 4379
0.00148 4379
0.001481 4379
0.001482 4379
0.001483 4379
0.001484 4379
0.001485 4379
0.001486 4378
0.001487 4378
0.001488 4378
0.001489 4378
0.00149 4378
0.001491 4378
0.001492 4379
0.001493 4379
0.001494 4379
0.001495 4379
0.001496 4379
0.001497 4379
0.001498 4379
0.001499 4379
0.0015 4379
0.001501 4379
0.001502 4379
0.001503 4379
0.001504 4379
0.001505 4379
0.001506 4379
0.001507 4379
0.001508 4380
0.001509 4380
0.00151 4380
0.001511 4380
0.001512 4380
0.001513 4380
0.001514 4380
0.001515 4380
0.001516 4380
0.001517 4381
0.001518 4381
0.001519 4380
0.00152 4380
0.001521 4380
0.001522 4380
0.001523 4380
0.001524 4380
0.001525 4382
0.001526 4382
0.001527 4381
0.001528 4381
0.001529 4381
0.00153 4381
0.001531 4381
0.001532 4381
0.001533 4381
0.001534 4381
0.001535 4381
0.001536 4381
0.001537 4383
0.001538 4383
0.001539 4383
0.00154 4384
0.001541 4384
0.001542 4384
0.001543 4384
0.001544 4384
0.001545 4383
0.001546 4383
0.001547 4383
0.001548 4382
0.001549 4382
0.00155 4381
0.001551 4380
0.001552 4378
0.001553 4378
0.001554 4378
0.001555 4379
0.001556 4379
0.001557 4379
0.001558 4379
0.001559 4379
0.00156 4379
0.001561 4379
0.001562 4378
0.001563 4379
0.001564 4379
0.001565 4378
0.001566 4378
0.001567 4378
0.001568 4378
0.001569 4379
0.00157 4379
0.001571 4378
0.001572 4378
0.001573 4379
0.001574 4379
0.001575 4380
0.001576 4380
0.001577 4380
0.001578 4380
0.001579 4379
0.00158 4377
0.001581 4378
0.001582 4378
0.001583 4378
0.001584 4378
0.001585 4378
0.001586 4378
0.001587 4376
0.001588 4376
0.001589 4376
0.00159 4376
0.001591 4376
0.001592 4375
0.001593 4375
0.001594 4375
0.001595 4375
0.001596 4375
0.001597 4374
0.001598 4374
0.001599 4374
0.0016 4374
0.001601 4374
0.001602 4374
0.001603 4375
0.001604 4375
0.001605 4375
0.001606 4375
0.001607 4375
0.001608 4374
0.001609 4374
0.00161 4374
0.001611 4374
0.001612 4374
0.001613 4375
0.001614 4375
0.001615 4375
0.001616 4376
0.001617 4377
0.001618 4377
0.001619 4378
0.00162 4378
0.001621 4378
0.001622 4378
0.001623 4378
0.001624 4377
0.001625 4377
0.001626 4377
0.001627 4377
0.001628 4377
0.001629 4377
0.00163 4376
0.001631 4376
0.001632 4377
0.001633 4377
0.001634 4377
0.001635 4376
0.001636 4376
0.001637 4376
0.001638 4376
0.001639 4376
0.00164 4376
0.001641 4376
0.001642 4376
0.001643 4376
0.001644 4376
0.001645 4376
0.001646 4376
0.001647 4377
0.001648 4377
0.001649 4377
0.00165 4377
0.001651 4377
0.001652 4376
0.001653 4375
0.001654 4375
0.001655 4375
0.001656 4374
0.001657 4374
0.001658 4373
0.001659 4374
0.00166 4374
0.001661 4375
0.001662 4375
0.001663 4375
0.001664 4375
0.001665 4376
0.001666 4376
0.001667 4376
0.001668 4376
0.001669 4375
0.00167 4375
0.001671 4375
0.001672 4375
0.001673 4377
0.001674 4377
0.001675 4376
0.001676 4376
0.001677 4376
0.001678 4376
0.001679 4377
0.00168 4377
0.001681 4377
0.001682 4377
0.001683 4377
0.001684 4377
0.001685 4376
0.001686 4376
0.001687 4376
0.001688 4375
0.001689 4375
0.00169 4374
0.001691 4374
0.001692 4374
0.001693 4373
0.001694 4372
0.001695 4372
0.001696 4373
0.001697 4373
0.001698 4373
0.001699 4373
0.0017 4373
0.001701 4373
0.001702 4373
0.001703 4373
0.001704 4373
0.001705 4373
0.001706 4373
0.001707 4373
0.001708 4374
0.001709 4375
0.00171 4375
0.001711 4375
0.001712 4375
0.001713 4377
0.001714 4379
0.001715 4380
0.001716 4382
0.001717 4382
0.001718 4382
0.001719 4382
0.00172 4383
0.001721 4383
0.001722 4383
0.001723 4383
0.001724 4383
0.001725 4383
0.001726 4383
0.001727 4384
0.001728 4385
0.001729 4385
0.00173 4385
0.001731 4384
0.001732 4384
0.001733 4384
0.001734 4383
0.001735 4384
0.001736 4384
0.001737 4384
0.001738 4384
0.001739 4384
0.00174 4384
0.001741 4384
0.001742 4384
0.001743 4383
0.001744 4383
0.001745 4383
0.001746 4383
0.001747 4383
0.001748 4384
0.001749 4384
0.00175 4384
0.001751 4384
0.001752 4384
0.001753 4385
0.001754 4385
0.001755 4385
0.001756 4385
0.001757 4385
0.001758 4384
0.001759 4384
0.00176 4383
0.001761 4383
0.001762 4382
0.001763 4381
0.001764 4381
0.001765 4380
0.001766 4380
0.001767 4380
0.001768 4381
0.001769 4381
0.00177 4381
0.001771 4381
0.001772 4381
0.001773 4381
0.001774 4381
0.001775 4381
0.001776 4381
0.001777 4381
0.001778 4381
0.001779 4381
0.00178 4381
0.001781 4383
0.001782 4383
0.001783 4383
0.001784 4382
0.001785 4382
0.001786 4381
0.001787 4381
0.001788 4382
0.001789 4383
0.00179 4383
0.001791 4383
0.001792 4383
0.001793 4383
0.001794 4384
0.001795 4384
0.001796 4384
0.001797 4384
0.001798 4385
0.001799 4385
0.0018 4385
0.001801 4385
0.001802 4386
0.001803 4386
0.001804 4385
0.001805 4385
0.001806 4384
0.001807 4383
0.001808 4383
0.001809 4383
0.00181 4383
0.001811 4383
0.001812 4382
0.001813 4382
0.001814 4382
0.001815 4382
0.001816 4381
0.001817 4381
0.001818 4381
0.001819 4381
0.00182 4381
0.001821 4381
0.001822 4381
0.001823 4381
0.001824 4381
0.001825 4381
0.001826 4381
0.001827 4381
0.001828 4381
0.001829 4381
0.00183 4381
0.001831 4382
0.001832 4382
0.001833 4383
0.001834 4383
0.001835 4382
0.001836 4382
0.001837 4382
0.001838 4383
0.001839 4383
0.00184 4383
0.001841 4383
0.001842 4382
0.001843 4383
0.001844 4383
0.001845 4383
0.001846 4383
0.001847 4383
0.001848 4383
0.001849 4382
0.00185 4382
0.001851 4382
0.001852 4382
0.001853 4383
0.001854 4383
0.001855 4383
0.001856 4383
0.001857 4383
0.001858 4383
0.001859 4383
0.00186 4384
0.001861 4383
0.001862 4383
0.001863 4383
0.001864 4384
0.001865 4384
0.001866 4384
0.001867 4384
0.001868 4384
0.001869 4384
0.00187 4384
0.001871 4384
0.001872 4384
0.001873 4384
0.001874 4384
0.001875 4384
0.001876 4384
0.001877 4385
0.001878 4386
0.001879 4385
0.00188 4385
0.001881 4385
0.001882 4384
0.001883 4384
0.001884 4384
0.001885 4384
0.001886 4385
0.001887 4385
0.001888 4385
0.001889 4384
0.00189 4384
0.001891 4384
0.001892 4384
0.001893 4384
0.001894 4384
0.001895 4384
0.001896 4384
0.001897 4384
0.001898 4384
0.001899 4383
0.0019 4383
0.001901 4383
0.001902 4383
0.001903 4383
0.001904 4384
0.001905 4384
0.001906 4384
0.001907 4384
0.001908 4384
0.001909 4383
0.00191 4383
0.001911 4384
0.001912 4384
0.001913 4384
0.001914 4384
0.001915 4384
0.001916 4385
0.001917 4385
0.001918 4386
0.001919 4386
0.00192 4386
0.001921 4387
0.001922 4386
0.001923 4387
0.001924 4387
0.001925 4387
0.001926 4387
0.001927 4387
0.001928 4387
0.001929 4386
0.00193 4386
0.001931 4387
0.001932 4387
0.001933 4387
0.001934 4387
0.001935 4387
0.001936 4388
0.001937 4386
0.001938 4388
0.001939 4388
0.00194 4388
0.001941 4388
0.001942 4388
0.001943 4388
0.001944 4389
0.001945 4389
0.001946 4389
0.001947 4389
0.001948 4389
0.001949 4389
0.00195 4389
0.001951 4388
0.001952 4389
0.001953 4389
0.001954 4389
0.001955 4389
0.001956 4389
0.001957 4389
0.001958 4389
0.001959 4389
0.00196 4389
0.001961 4389
0.001962 4389
0.001963 4389
0.001964 4389
0.001965 4389
0.001966 4389
0.001967 4390
0.001968 4390
0.001969 4390
0.00197 4390
0.001971 4390
0.001972 4390
0.001973 4390
0.001974 4390
0.001975 4390
0.001976 4390
0.001977 4389
0.001978 4389
0.001979 4389
0.00198 4390
0.001981 4390
0.001982 4390
0.001983 4390
0.001984 4390
0.001985 4391
0.001986 4391
0.001987 4391
0.001988 4391
0.001989 4390
0.00199 4390
0.001991 4390
0.001992 4389
0.001993 4389
0.001994 4390
0.001995 4390
0.001996 4390
0.001997 4390
0.001998 4390
0.001999 4390
0.002 4391
0.002001 4391
0.002002 4392
0.002003 4393
0.002004 4393
0.002005 4393
0.002006 4393
0.002007 4393
0.002008 4393
0.002009 4393
0.00201 4393
0.002011 4393
0.002012 4393
0.002013 4393
0.002014 4393
0.002015 4393
0.002016 4394
0.002017 4394
0.002018 4394
0.002019 4394
0.00202 4395
0.002021 4395
0.002022 4395
0.002023 4395
0.002024 4395
0.002025 4394
0.002026 4395
0.002027 4394
0.002028 4394
0.002029 4394
0.00203 4394
0.002031 4394
0.002032 4394
0.002033 4394
0.002034 4396
0.002035 4396
0.002036 4397
0.002037 4398
0.002038 4398
0.002039 4398
0.00204 4398
0.002041 4397
0.002042 4397
0.002043 4396
0.002044 4396
0.002045 4396
0.002046 4397
0.002047 4396
0.002048 4396
0.002049 4396
0.00205 4397
0.002051 4397
0.002052 4396
0.002053 4396
0.002054 4396
0.002055 4397
0.002056 4396
0.002057 4396
0.002058 4396
0.002059 4396
0.00206 4394
0.002061 4394
0.002062 4394
0.002063 4394
0.002064 4394
0.002065 4394
0.002066 4393
0.002067 4394
0.002068 4394
0.002069 4394
0.00207 4395
0.002071 4395
0.002072 4395
0.002073 4394
0.002074 4395
0.002075 4395
0.002076 4396
0.002077 4396
0.002078 4396
0.002079 4396
0.00208 4396
0.002081 4397
0.002082 4397
0.002083 4397
0.002084 4397
0.002085 4396
0.002086 4396
0.002087 4397
0.002088 4398
0.002089 4396
0.00209 4395
0.002091 4395
0.002092 4395
0.002093 4395
0.002094 4395
0.002095 4395
0.002096 4395
0.002097 4395
0.002098 4394
0.002099 4394
0.0021 4394
0.002101 4394
0.002102 4394
0.002103 4394
0.002104 4394
0.002105 4394
0.002106 4395
0.002107 4395
0.002108 4395
0.002109 4395
0.00211 4395
0.002111 4395
0.002112 4395
0.002113 4396
0.002114 4397
0.002115 4397
0.002116 4397
0.002117 4397
0.002118 4398
0.002119 4398
0.00212 4400
0.002121 4400
0.002122 4400
0.002123 4401
0.002124 4400
0.002125 4400
0.002126 4400
0.002127 4399
0.002128 4400
0.002129 4399
0.00213 4399
0.002131 4399
0.002132 4399
0.002133 4400
0.002134 4399
0.002135 4398
0.002136 4398
0.002137 4398
0.002138 4398
0.002139 4398
0.00214 4397
0.002141 4397
0.002142 4397
0.002143 4397
0.002144 4398
0.002145 4398
0.002146 4398
0.002147 4398
0.002148 4398
0.002149 4398
0.00215 4398
0.002151 4398
0.002152 4398
0.002153 4398
0.002154 4397
0.002155 4398
0.002156 4398
0.002157 4398
0.002158 4398
0.002159 4398
0.00216 4398
0.002161 4398
0.002162 4399
0.002163 4400
0.002164 4400
0.002165 4401
0.002166 4401
0.002167 4401
0.002168 4400
0.002169 4400
0.00217 4400
0.002171 4400
0.002172 4400
0.002173 4400
0.002174 4400
0.002175 4400
0.002176 4400
0.002177 4399
0.002178 4399
0.002179 4399
0.00218 4399
0.002181 4398
0.002182 4399
0.002183 4399
0.002184 4399
0.002185 4399
0.002186 4399
0.002187 4399
0.002188 4399
0.002189 4399
0.00219 4399
0.002191 4399
0.002192 4399
0.002193 4399
0.002194 4400
0.002195 4401
0.002196 4402
0.002197 4403
0.002198 4403
0.002199 4403
0.0022 4403
0.002201 4403
0.002202 4403
0.002203 4403
0.002204 4404
0.002205 4404
0.002206 4404
0.002207 4403
0.002208 4403
0.002209 4402
0.00221 4403
0.002211 4403
0.002212 4403
0.002213 4403
0.002214 4403
0.002215 4403
0.002216 4402
0.002217 4402
0.002218 4402
0.002219 4401
0.00222 4402
0.002221 4401
0.002222 4401
0.002223 4401
0.002224 4402
0.002225 4403
0.002226 4403
0.002227 4402
0.002228 4402
0.002229 4402
0.00223 4402
0.002231 4402
0.002232 4401
0.002233 4402
0.002234 4401
0.002235 4401
0.002236 4400
0.002237 4401
0.002238 4401
0.002239 4401
0.00224 4400
0.002241 4400
0.002242 4401
0.002243 4401
0.002244 4400
0.002245 4400
0.002246 4399
0.002247 4399
0.002248 4399
0.002249 4398
0.00225 4398
0.002251 4398
0.002252 4398
0.002253 4398
0.002254 4398
0.002255 4398
0.002256 4398
0.002257 4398
0.002258 4398
0.002259 4398
0.00226 4399
0.002261 4398
0.002262 4398
0.002263 4398
0.002264 4397
0.002265 4397
0.002266 4398
0.002267 4399
0.002268 4398
0.002269 4398
0.00227 4398
0.002271 4398
0.002272 4399
0.002273 4400
0.002274 4400
0.002275 4400
0.002276 4399
0.002277 4400
0.002278 4400
0.002279 4399
0.00228 4398
0.002281 4397
0.002282 4397
0.002283 4398
0.002284 4398
0.002285 4398
0.002286 4398
0.002287 4398
0.002288 4398
0.002289 4398
0.00229 4398
0.002291 4398
0.002292 4398
0.002293 4398
0.002294 4398
0.002295 4398
0.002296 4397
0.002297 4397
0.002298 4397
0.002299 4397
0.0023 4397
0.002301 4396
0.002302 4396
0.002303 4396
0.002304 4396
0.002305 4396
0.002306 4396
0.002307 4396
0.002308 4396
0.002309 4396
0.00231 4395
0.002311 4395
0.002312 4395
0.002313 4395
0.002314 4394
0.002315 4394
0.002316 4394
0.002317 4394
0.002318 4395
0.002319 4395
0.00232 4396
0.002321 4396
0.002322 4396
0.002323 4397
0.002324 4396
0.002325 4396
0.002326 4397
0.002327 4397
0.002328 4397
0.002329 4397
0.00233 4397
0.002331 4399
0.002332 4399
0.002333 4400
0.002334 4399
0.002335 4399
0.002336 4398
0.002337 4398
0.002338 4399
0.002339 4399
0.00234 4399
0.002341 4400
0.002342 4400
0.002343 4400
0.002344 4400
0.002345 4400
0.002346 4400
0.002347 4400
0.002348 4400
0.002349 4400
0.00235 4400
0.002351 4401
0.002352 4401
0.002353 4401
0.002354 4401
0.002355 4401
0.002356 4401
0.002357 4401
0.002358 4401
0.002359 4401
0.00236 4402
0.002361 4403
0.002362 4403
0.002363 4403
0.002364 4403
0.002365 4403
0.002366 4403
0.002367 4403
0.002368 4402
0.002369 4403
0.00237 4403
0.002371 4403
0.002372 4403
0.002373 4403
0.002374 4403
0.002375 4403
0.002376 4403
0.002377 4403
0.002378 4402
0.002379 4402
0.00238 4402
0.002381 4402
0.002382 4402
0.002383 4402
0.002384 4402
0.002385 4402
0.002386 4402
0.002387 4401
0.002388 4401
0.002389 4401
0.00239 4401
0.002391 4401
0.002392 4400
0.002393 4400
0.002394 4400
0.002395 4400
0.002396 4400
0.002397 4400
0.002398 4400
0.002399 4400
0.0024 4400
0.002401 4400
0.002402 4400
0.002403 4400
0.002404 4400
0.002405 4400
0.002406 4400
0.002407 4400
0.002408 4399
0.002409 4399
0.00241 4398
0.002411 4398
0.002412 4398
0.002413 4398
0.002414 4398
0.002415 4398
0.002416 4398
0.002417 4398
0.002418 4398
0.002419 4398
0.00242 4398
0.002421 4398
0.002422 4398
0.002423 4398
0.002424 4398
0.002425 4398
0.002426 4398
0.002427 4399
0.002428 4399
0.002429 4399
0.00243 4399
0.002431 4399
0.002432 4399
0.002433 4399
0.002434 4399
0.002435 4399
0.002436 4399
0.002437 4399
0.002438 4399
0.002439 4399
0.00244 4398
0.002441 4398
0.002442 4399
0.002443 4399
0.002444 4399
0.002445 4399
0.002446 4398
0.002447 4398
0.002448 4398
0.002449 4398
0.00245 4398
0.002451 4396
0.002452 4396
0.002453 4396
0.002454 4396
0.002455 4396
0.002456 4395
0.002457 4395
0.002458 4396
0.002459 4396
0.00246 4396
0.002461 4396
0.002462 4396
0.002463 4396
0.002464 4396
0.002465 4396
0.002466 4396
0.002467 4396
0.002468 4395
0.002469 4395
0.00247 4395
0.002471 4396
0.002472 4397
0.002473 4397
0.002474 4398
0.002475 4398
0.002476 4399
0.002477 4399
0.002478 4400
0.002479 4400
0.00248 4400
0.002481 4400
0.002482 4399
0.002483 4399
0.002484 4398
0.002485 4398
0.002486 4397
0.002487 4397
0.002488 4397
0.002489 4397
0.00249 4398
0.002491 4398
0.002492 4398
0.002493 4397
0.002494 4397
0.002495 4397
0.002496 4397
0.002497 4397
0.002498 4397
0.002499 4398
0.0025 4399
0.002501 4400
0.002502 4399
0.002503 4399
0.002504 4399
0.002505 4399
0.002506 4399
0.002507 4399
0.002508 4400
0.002509 4400
0.00251 4400
0.002511 4400
0.002512 4400
0.002513 4400
0.002514 4400
0.002515 4401
0.002516 4401
0.002517 4401
0.002518 4401
0.002519 4401
0.00252 4401
0.002521 4401
0.002522 4402
0.002523 4402
0.002524 4401
0.002525 4401
0.002526 4401
0.002527 4401
0.002528 4401
0.002529 4401
0.00253 4401
0.002531 4402
0.002532 4402
0.002533 4402
0.002534 4402
0.002535 4402
0.002536 4402
0.002537 4402
0.002538 4402
0.002539 4402
0.00254 4402
0.002541 4402
0.002542 4402
0.002543 4401
0.002544 4401
0.002545 4401
0.002546 4401
0.002547 4401
0.002548 4401
0.002549 4401
0.00255 4401
0.002551 4401
0.002552 4401
0.002553 4401
0.002554 4401
0.002555 4400
0.002556 4400
0.002557 4399
0.002558 4400
0.002559 4400
0.00256 4400
0.002561 4400
0.002562 4400
0.002563 4401
0.002564 4401
0.002565 4401
0.002566 4402
0.002567 4402
0.002568 4402
0.002569 4403
0.00257 4403
0.002571 4403
0.002572 4403
0.002573 4402
0.002574 4402
0.002575 4402
0.002576 4402
0.002577 4403
0.002578 4403
0.002579 4403
0.00258 4404
0.002581 4404
0.002582 4404
0.002583 4404
0.002584 4404
0.002585 4404
0.002586 4404
0.002587 4404
0.002588 4404
0.002589 4404
0.00259 4404
0.002591 4404
0.002592 4404
0.002593 4404
0.002594 4403
0.002595 4402
0.002596 4403
0.002597 4403
0.002598 4403
0.002599 4402
0.0026 4403
0.002601 4405
0.002602 4405
0.002603 4405
0.002604 4406
0.002605 4406
0.002606 4406
0.002607 4406
0.002608 4406
0.002609 4406
0.00261 4406
0.002611 4406
0.002612 4407
0.002613 4407
0.002614 4407
0.002615 4407
0.002616 4407
0.002617 4406
0.002618 4406
0.002619 4406
0.00262 4405
0.002621 4405
0.002622 4404
0.002623 4404
0.002624 4404
0.002625 4404
0.002626 4404
0.002627 4404
0.002628 4405
0.002629 4405
0.00263 4405
0.002631 4405
0.002632 4405
0.002633 4406
0.002634 4406
0.002635 4406
0.002636 4406
0.002637 4406
0.002638 4407
0.002639 4407
0.00264 4407
0.002641 4407
0.002642 4407
0.002643 4406
0.002644 4406
0.002645 4407
0.002646 4408
0.002647 4408
0.002648 4409
0.002649 4409
0.00265 4409
0.002651 4409
0.002652 4409
0.002653 4409
0.002654 4409
0.002655 4410
0.002656 4410
0.002657 4410
0.002658 4409
0.002659 4410
0.00266 4410
0.002661 4410
0.002662 4409
0.002663 4409
0.002664 4409
0.002665 4410
0.002666 4410
0.002667 4410
0.002668 4410
0.002669 4411
0.00267 4411
0.002671 4411
0.002672 4411
0.002673 4411
0.002674 4413
0.002675 4414
0.002676 4414
0.002677 4414
0.002678 4415
0.002679 4415
0.00268 4417
0.002681 4418
0.002682 4418
0.002683 4418
0.002684 4418
0.002685 4418
0.002686 4418
0.002687 4418
0.002688 4419
0.002689 4420
0.00269 4420
0.002691 4419
0.002692 4418
0.002693 4418
0.002694 4419
0.002695 4420
0.002696 4419
0.002697 4417
0.002698 4418
0.002699 4417
0.0027 4417
0.002701 4417
0.002702 4418
0.002703 4418
0.002704 4418
0.002705 4417
0.002706 4418
0.002707 4418
0.002708 4418
0.002709 4418
0.00271 4419
0.002711 4420
0.002712 4420
0.002713 4420
0.002714 4419
0.002715 4419
0.002716 4420
0.002717 4421
0.002718 4421
0.002719 4421
0.00272 4421
0.002721 4421
0.002722 4422
0.002723 4422
0.002724 4423
0.002725 4423
0.002726 4423
0.002727 4423
0.002728 4422
0.002729 4423
0.00273 4422
0.002731 4422
0.002732 4422
0.002733 4422
0.002734 4422
0.002735 4423
0.002736 4423
0.002737 4422
0.002738 4422
0.002739 4422
0.00274 4419
0.002741 4419
0.002742 4419
0.002743 4419
0.002744 4419
0.002745 4419
0.002746 4420
0.002747 4421
0.002748 4421
0.002749 4420
0.00275 4420
0.002751 4420
0.002752 4420
0.002753 4420
0.002754 4419
0.002755 4419
0.002756 4419
0.002757 4419
0.002758 4420
0.002759 4421
0.00276 4421
0.002761 4421
0.002762 4422
0.002763 4422
0.002764 4422
0.002765 4422
0.002766 4423
0.002767 4424
0.002768 4424
0.002769 4424
0.00277 4424
0.002771 4423
0.002772 4423
0.002773 4423
0.002774 4423
0.002775 4423
0.002776 4423
0.002777 4422
0.002778 4423
0.002779 4423
0.00278 4423
0.002781 4423
0.002782 4422
0.002783 4422
0.002784 4422
0.002785 4422
0.002786 4422
0.002787 4422
0.002788 4422
0.002789 4422
0.00279 4422
0.002791 4422
0.002792 4422
0.002793 4422
0.002794 4422
0.002795 4422
0.002796 4422
0.002797 4422
0.002798 4422
0.002799 4422
0.0028 4422
0.002801 4422
0.002802 4422
0.002803 4422
0.002804 4422
0.002805 4422
0.002806 4423
0.002807 4424
0.002808 4424
0.002809 4424
0.00281 4424
0.002811 4423
0.002812 4423
0.002813 4423
0.002814 4423
0.002815 4423
0.002816 4423
0.002817 4423
0.002818 4422
0.002819 4421
0.00282 4422
0.002821 4422
0.002822 4421
0.002823 4421
0.002824 4421
0.002825 4421
0.002826 4421
0.002827 4421
0.002828 4421
0.002829 4421
0.00283 4422
0.002831 4422
0.002832 4421
0.002833 4420
0.002834 4420
0.002835 4420
0.002836 4419
0.002837 4419
0.002838 4419
0.002839 4419
0.00284 4419
0.002841 4419
0.002842 4419
0.002843 4420
0.002844 4420
0.002845 4419
0.002846 4418
0.002847 4418
0.002848 4417
0.002849 4417
0.00285 4417
0.002851 4417
0.002852 4417
0.002853 4417
0.002854 4417
0.002855 4417
0.002856 4416
0.002857 4415
0.002858 4415
0.002859 4415
0.00286 4415
0.002861 4416
0.002862 4416
0.002863 4418
0.002864 4418
0.002865 4418
0.002866 4418
0.002867 4418
0.002868 4418
0.002869 4418
0.00287 4418
0.002871 4417
0.002872 4416
0.002873 4416
0.002874 4416
0.002875 4416
0.002876 4416
0.002877 4416
0.002878 4416
0.002879 4415
0.00288 4415
0.002881 4414
0.002882 4413
0.002883 4413
0.002884 4413
0.002885 4413
0.002886 4414
0.002887 4416
0.002888 4416
0.002889 4416
0.00289 4416
0.002891 4415
0.002892 4415
0.002893 4415
0.002894 4415
0.002895 4415
0.002896 4415
0.002897 4415
0.002898 4415
0.002899 4415
0.0029 4415
0.002901 4415
0.002902 4415
0.002903 4415
0.002904 4415
0.002905 4416
0.002906 4417
0.002907 4417
0.002908 4418
0.002909 4418
0.00291 4418
0.002911 4418
0.002912 4417
0.002913 4415
0.002914 4415
0.002915 4416
0.002916 4416
0.002917 4415
0.002918 4415
0.002919 4416
0.00292 4416
0.002921 4416
0.002922 4416
0.002923 4416
0.002924 4415
0.002925 4415
0.002926 4415
0.002927 4415
0.002928 4414
0.002929 4413
0.00293 4414
0.002931 4412
0.002932 4412
0.002933 4412
0.002934 4412
0.002935 4412
0.002936 4412
0.002937 4412
0.002938 4412
0.002939 4411
0.00294 4411
0.002941 4412
0.002942 4412
0.002943 4413
0.002944 4413
0.002945 4413
0.002946 4413
0.002947 4413
0.002948 4412
0.002949 4412
0.00295 4413
0.002951 4413
0.002952 4413
0.002953 4413
0.002954 4413
0.002955 4413
0.002956 4413
0.002957 4413
0.002958 4413
0.002959 4413
0.00296 4413
0.002961 4413
0.002962 4412
0.002963 4414
0.002964 4414
0.002965 4414
0.002966 4415
0.002967 4415
0.002968 4416
0.002969 4416
0.00297 4416
0.002971 4415
0.002972 4416
0.002973 4417
0.002974 4417
0.002975 4418
0.002976 4417
0.002977 4417
0.002978 4417
0.002979 4417
0.00298 4417
0.002981 4418
0.002982 4417
0.002983 4417
0.002984 4417
0.002985 4417
0.002986 4417
0.002987 4417
0.002988 4417
0.002989 4417
0.00299 4417
0.002991 4417
0.002992 4417
0.002993 4417
0.002994 4417
0.002995 4417
0.002996 4418
0.002997 4419
0.002998 4420
0.002999 4419
0.003 4420
0.003001 4420
0.003002 4420
0.003003 4420
0.003004 4420
0.003005 4420
0.003006 4419
0.003007 4419
0.003008 4419
0.003009 4419
0.00301 4419
0.003011 4419
0.003012 4417
0.003013 4417
0.003014 4417
0.003015 4417
0.003016 4417
0.003017 4417
0.003018 4417
0.003019 4417
0.00302 4418
0.003021 4418
0.003022 4418
0.003023 4418
0.003024 4418
0.003025 4418
0.003026 4418
0.003027 4418
0.003028 4417
0.003029 4417
0.00303 4417
0.003031 4417
0.003032 4417
0.003033 4417
0.003034 4417
0.003035 4417
0.003036 4417
0.003037 4418
0.003038 4418
0.003039 4417
0.00304 4417
0.003041 4417
0.003042 4418
0.003043 4417
0.003044 4417
0.003045 4417
0.003046 4417
0.003047 4417
0.003048 4418
0.003049 4417
0.00305 4417
0.003051 4416
0.003052 4416
0.003053 4416
0.003054 4416
0.003055 4416
0.003056 4416
0.003057 4416
0.003058 4416
0.003059 4416
0.00306 4416
0.003061 4416
0.003062 4416
0.003063 4416
0.003064 4416
0.003065 4416
0.003066 4416
0.003067 4416
0.003068 4416
0.003069 4416
0.00307 4416
0.003071 4416
0.003072 4416
0.003073 4418
0.003074 4419
0.003075 4420
0.003076 4420
0.003077 4420
0.003078 4420
0.003079 4420
0.00308 4420
0.003081 4420
0.003082 4420
0.003083 4420
0.003084 4420
0.003085 4420
0.003086 4419
0.003087 4419
0.003088 4419
0.003089 4419
0.00309 4420
0.003091 4420
0.003092 4420
0.003093 4419
0.003094 4419
0.003095 4419
0.003096 4418
0.003097 4418
0.003098 4419
0.003099 4419
0.0031 4419
0.003101 4419
0.003102 4419
0.003103 4419
0.003104 4419
0.003105 4419
0.003106 4419
0.003107 4419
0.003108 4419
0.003109 4419
0.00311 4419
0.003111 4419
0.003112 4419
0.003113 4419
0.003114 4419
0.003115 4419
0.003116 4419
0.003117 4419
0.003118 4419
0.003119 4419
0.00312 4419
0.003121 4418
0.003122 4418
0.003123 4420
0.003124 4420
0.003125 4420
0.003126 4420
0.003127 4419
0.003128 4420
0.003129 4420
0.00313 4419
0.003131 4419
0.003132 4419
0.003133 4420
0.003134 4420
0.003135 4420
0.003136 4421
0.003137 4421
0.003138 4420
0.003139 4421
0.00314 4421
0.003141 4420
0.003142 4418
0.003143 4418
0.003144 4418
0.003145 4418
0.003146 4418
0.003147 4418
0.003148 4418
0.003149 4418
0.00315 4417
0.003151 4417
0.003152 4417
0.003153 4417
0.003154 4417
0.003155 4418
0.003156 4417
0.003157 4417
0.003158 4418
0.003159 4418
0.00316 4418
0.003161 4418
0.003162 4418
0.003163 4418
0.003164 4417
0.003165 4416
0.003166 4417
0.003167 4418
0.003168 4418
0.003169 4416
0.00317 4416
0.003171 4416
0.003172 4416
0.003173 4416
0.003174 4415
0.003175 4415
0.003176 4415
0.003177 4415
0.003178 4415
0.003179 4414
0.00318 4415
0.003181 4416
0.003182 4416
0.003183 4416
0.003184 4416
0.003185 4415
0.003186 4415
0.003187 4415
0.003188 4415
0.003189 4416
0.00319 4416
0.003191 4416
0.003192 4416
0.003193 4416
0.003194 4416
0.003195 4416
0.003196 4417
0.003197 4416
0.003198 4416
0.003199 4416
0.0032 4416
0.003201 4417
0.003202 4419
0.003203 4419
0.003204 4419
0.003205 4419
0.003206 4419
0.003207 4419
0.003208 4419
0.003209 4419
0.00321 4419
0.003211 4419
0.003212 4419
0.003213 4419
0.003214 4419
0.003215 4419
0.003216 4419
0.003217 4419
0.003218 4419
0.003219 4419
0.00322 4419
0.003221 4419
0.003222 4420
0.003223 4419
0.003224 4419
0.003225 4420
0.003226 4420
0.003227 4419
0.003228 4419
0.003229 4419
0.00323 4419
0.003231 4419
0.003232 4419
0.003233 4419
0.003234 4419
0.003235 4418
0.003236 4419
0.003237 4420
0.003238 4420
0.003239 4420
0.00324 4420
0.003241 4420
0.003242 4419
0.003243 4419
0.003244 4418
0.003245 4419
0.003246 4419
0.003247 4420
0.003248 4420
0.003249 4419
0.00325 4419
0.003251 4419
0.003252 4419
0.003253 4419
0.003254 4419
0.003255 4419
0.003256 4419
0.003257 4419
0.003258 4418
0.003259 4418
0.00326 4418
0.003261 4418
0.003262 4419
0.003263 4419
0.003264 4419
0.003265 4420
0.003266 4420
0.003267 4420
0.003268 4420
0.003269 4419
0.00327 4419
0.003271 4419
0.003272 4419
0.003273 4419
0.003274 4419
0.003275 4418
0.003276 4418
0.003277 4418
0.003278 4419
0.003279 4419
0.00328 4419
0.003281 4419
0.003282 4419
0.003283 4419
0.003284 4420
0.003285 4420
0.003286 4420
0.003287 4420
0.003288 4420
0.003289 4420
0.00329 4420
0.003291 4420
0.003292 4420
0.003293 4420
0.003294 4420
0.003295 4420
0.003296 4420
0.003297 4420
0.003298 4420
0.003299 4420
0.0033 4419
0.003301 4419
0.003302 4419
0.003303 4418
0.003304 4418
0.003305 4418
0.003306 4418
0.003307 4418
0.003308 4418
0.003309 4418
0.00331 4418
0.003311 4418
0.003312 4417
0.003313 4417
0.003314 4416
0.003315 4416
0.003316 4416
0.003317 4415
0.003318 4415
0.003319 4416
0.00332 4416
0.003321 4416
0.003322 4417
0.003323 4417
0.003324 4417
0.003325 4417
0.003326 4416
0.003327 4416
0.003328 4416
0.003329 4417
0.00333 4417
0.003331 4415
0.003332 4415
0.003333 4415
0.003334 4416
0.003335 4416
0.003336 4416
0.003337 4416
0.003338 4416
0.003339 4416
0.00334 4416
0.003341 4416
0.003342 4417
0.003343 4417
0.003344 4417
0.003345 4417
0.003346 4417
0.003347 4416
0.003348 4416
0.003349 4416
0.00335 4416
0.003351 4416
0.003352 4416
0.003353 4417
0.003354 4416
0.003355 4417
0.003356 4417
0.003357 4417
0.003358 4417
0.003359 4417
0.00336 4416
0.003361 4415
0.003362 4415
0.003363 4415
0.003364 4415
0.003365 4415
0.003366 4414
0.003367 4414
0.003368 4415
0.003369 4415
0.00337 4416
0.003371 4416
0.003372 4417
0.003373 4417
0.003374 4417
0.003375 4417
0.003376 4417
0.003377 4417
0.003378 4417
0.003379 4417
0.00338 4417
0.003381 4417
0.003382 4416
0.003383 4415
0.003384 4415
0.003385 4415
0.003386 4415
0.003387 4415
0.003388 4415
0.003389 4415
0.00339 4414
0.003391 4414
0.003392 4414
0.003393 4414
0.003394 4414
0.003395 4414
0.003396 4414
0.003397 4413
0.003398 4413
0.003399 4413
0.0034 4412
0.003401 4412
0.003402 4412
0.003403 4412
0.003404 4412
0.003405 4413
0.003406 4413
0.003407 4412
0.003408 4413
0.003409 4413
0.00341 4413
0.003411 4414
0.003412 4414
0.003413 4414
0.003414 4413
0.003415 4413
0.003416 4413
0.003417 4413
0.003418 4413
0.003419 4413
0.00342 4413
0.003421 4413
0.003422 4413
0.003423 4413
0.003424 4415
0.003425 4416
0.003426 4416
0.003427 4417
0.003428 4417
0.003429 4417
0.00343 4419
0.003431 4420
0.003432 4420
0.003433 4420
0.003434 4419
0.003435 4419
0.003436 4420
0.003437 4420
0.003438 4422
0.003439 4422
0.00344 4422
0.003441 4422
0.003442 4422
0.003443 4422
0.003444 4422
0.003445 4422
0.003446 4422
0.003447 4422
0.003448 4422
0.003449 4422
0.00345 4422
0.003451 4422
0.003452 4422
0.003453 4420
0.003454 4419
0.003455 4419
0.003456 4419
0.003457 4419
0.003458 4419
0.003459 4419
0.00346 4418
0.003461 4418
0.003462 4418
0.003463 4417
0.003464 4420
0.003465 4420
0.003466 4420
0.003467 4421
0.003468 4421
0.003469 4421
0.00347 4421
0.003471 4422
0.003472 4422
0.003473 4422
0.003474 4421
0.003475 4421
0.003476 4420
0.003477 4420
0.003478 4420
0.003479 4420
0.00348 4419
0.003481 4419
0.003482 4419
0.003483 4419
0.003484 4419
0.003485 4419
0.003486 4419
0.003487 4419
0.003488 4420
0.003489 4419
0.00349 4419
0.003491 4419
0.003492 4418
0.003493 4417
0.003494 4417
0.003495 4418
0.003496 4418
0.003497 4418
0.003498 4418
0.003499 4417
0.0035 4418
0.003501 4418
0.003502 4419
0.003503 4420
0.003504 4420
0.003505 4421
0.003506 4420
0.003507 4421
0.003508 4421
0.003509 4421
0.00351 4421
0.003511 4421
0.003512 4421
0.003513 4421
0.003514 4421
0.003515 4420
0.003516 4421
0.003517 4420
0.003518 4419
0.003519 4421
0.00352 4419
0.003521 4418
0.003522 4418
0.003523 4418
0.003524 4417
0.003525 4417
0.003526 4417
0.003527 4416
0.003528 4416
0.003529 4417
0.00353 4417
0.003531 4416
0.003532 4416
0.003533 4416
0.003534 4416
0.003535 4416
0.003536 4416
0.003537 4416
0.003538 4416
0.003539 4415
0.00354 4415
0.003541 4415
0.003542 4415
0.003543 4415
0.003544 4415
0.003545 4417
0.003546 4418
0.003547 4418
0.003548 4417
0.003549 4417
0.00355 4417
0.003551 4417
0.003552 4416
0.003553 4417
0.003554 4418
0.003555 4419
0.003556 4420
0.003557 4421
0.003558 4420
0.003559 4420
0.00356 4420
0.003561 4419
0.003562 4419
0.003563 4418
0.003564 4419
0.003565 4419
0.003566 4419
0.003567 4420
0.003568 4419
0.003569 4419
0.00357 4418
0.003571 4418
0.003572 4418
0.003573 4418
0.003574 4418
0.003575 4419
0.003576 4419
0.003577 4419
0.003578 4419
0.003579 4420
0.00358 4420
0.003581 4420
0.003582 4420
0.003583 4420
0.003584 4419
0.003585 4421
0.003586 4421
0.003587 4421
0.003588 4421
0.003589 4422
0.00359 4421
0.003591 4420
0.003592 4420
0.003593 4421
0.003594 4421
0.003595 4421
0.003596 4421
0.003597 4421
0.003598 4421
0.003599 4422
0.0036 4422
0.003601 4422
0.003602 4422
0.003603 4421
0.003604 4421
0.003605 4421
0.003606 4421
0.003607 4421
0.003608 4421
0.003609 4421
0.00361 4420
0.003611 4420
0.003612 4420
0.003613 4419
0.003614 4419
0.003615 4420
0.003616 4420
0.003617 4420
0.003618 4421
0.003619 4421
0.00362 4420
0.003621 4420
0.003622 4420
0.003623 4420
0.003624 4420
0.003625 4419
0.003626 4419
0.003627 4419
0.003628 4419
0.003629 4419
0.00363 4419
0.003631 4419
0.003632 4419
0.003633 4418
0.003634 4418
0.003635 4418
0.003636 4418
0.003637 4419
0.003638 4419
0.003639 4419
0.00364 4419
0.003641 4419
0.003642 4420
0.003643 4420
0.003644 4420
0.003645 4420
0.003646 4420
0.003647 4418
0.003648 4418
0.003649 4418
0.00365 4419
0.003651 4419
0.003652 4419
0.003653 4419
0.003654 4419
0.003655 4419
0.003656 4419
0.003657 4420
0.003658 4420
0.003659 4420
0.00366 4420
0.003661 4420
0.003662 4421
0.003663 4421
0.003664 4422
0.003665 4422
0.003666 4422
0.003667 4422
0.003668 4422
0.003669 4421
0.00367 4421
0.003671 4421
0.003672 4421
0.003673 4421
0.003674 4420
0.003675 4420
0.003676 4420
0.003677 4421
0.003678 4420
0.003679 4420
0.00368 4420
0.003681 4419
0.003682 4419
0.003683 4420
0.003684 4421
0.003685 4421
0.003686 4422
0.003687 4422
0.003688 4422
0.003689 4422
0.00369 4422
0.003691 4422
0.003692 4423
0.003693 4424
0.003694 4425
0.003695 4425
0.003696 4426
0.003697 4425
0.003698 4425
0.003699 4425
0.0037 4426
0.003701 4427
0.003702 4428
0.003703 4428
0.003704 4428
0.003705 4428
0.003706 4428
0.003707 4428
0.003708 4428
0.003709 4427
0.00371 4427
0.003711 4426
0.003712 4426
0.003713 4424
0.003714 4425
0.003715 4425
0.003716 4425
0.003717 4425
0.003718 4425
0.003719 4425
0.00372 4425
0.003721 4425
0.003722 4425
0.003723 4425
0.003724 4426
0.003725 4425
0.003726 4425
0.003727 4426
0.003728 4426
0.003729 4426
0.00373 4426
0.003731 4426
0.003732 4425
0.003733 4425
0.003734 4425
0.003735 4425
0.003736 4425
0.003737 4425
0.003738 4425
0.003739 4424
0.00374 4424
0.003741 4423
0.003742 4423
0.003743 4421
0.003744 4421
0.003745 4421
0.003746 4421
0.003747 4421
0.003748 4421
0.003749 4421
0.00375 4421
0.003751 4421
0.003752 4422
0.003753 4423
0.003754 4424
0.003755 4424
0.003756 4424
0.003757 4423
0.003758 4424
0.003759 4424
0.00376 4425
0.003761 4425
0.003762 4425
0.003763 4425
0.003764 4427
0.003765 4428
0.003766 4427
0.003767 4426
0.003768 4426
0.003769 4426
0.00377 4426
0.003771 4426
0.003772 4425
0.003773 4426
0.003774 4426
0.003775 4425
0.003776 4424
0.003777 4424
0.003778 4423
0.003779 4423
0.00378 4423
0.003781 4423
0.003782 4423
0.003783 4423
0.003784 4424
0.003785 4425
0.003786 4425
0.003787 4425
0.003788 4425
0.003789 4425
0.00379 4425
0.003791 4423
0.003792 4423
0.003793 4423
0.003794 4424
0.003795 4424
0.003796 4424
0.003797 4424
0.003798 4424
0.003799 4424
0.0038 4424
0.003801 4424
0.003802 4424
0.003803 4424
0.003804 4424
0.003805 4425
0.003806 4425
0.003807 4425
0.003808 4425
0.003809 4425
0.00381 4425
0.003811 4424
0.003812 4424
0.003813 4425
0.003814 4425
0.003815 4425
0.003816 4426
0.003817 4426
0.003818 4426
0.003819 4426
0.00382 4426
0.003821 4426
0.003822 4426
0.003823 4426
0.003824 4427
0.003825 4427
0.003826 4427
0.003827 4427
0.003828 4427
0.003829 4427
0.00383 4428
0.003831 4428
0.003832 4428
0.003833 4428
0.003834 4428
0.003835 4428
0.003836 4428
0.003837 4428
0.003838 4428
0.003839 4428
0.00384 4428
0.003841 4428
0.003842 4427
0.003843 4427
0.003844 4427
0.003845 4427
0.003846 4427
0.003847 4427
0.003848 4427
0.003849 4427
0.00385 4426
0.003851 4426
0.003852 4425
0.003853 4425
0.003854 4425
0.003855 4425
0.003856 4424
0.003857 4424
0.003858 4424
0.003859 4424
0.00386 4424
0.003861 4425
0.003862 4425
0.003863 4425
0.003864 4425
0.003865 4425
0.003866 4425
0.003867 4424
0.003868 4424
0.003869 4424
0.00387 4424
0.003871 4423
0.003872 4423
0.003873 4422
0.003874 4422
0.003875 4422
0.003876 4422
0.003877 4422
0.003878 4422
0.003879 4422
0.00388 4422
0.003881 4422
0.003882 4422
0.003883 4422
0.003884 4421
0.003885 4421
0.003886 4421
0.003887 4420
0.003888 4421
0.003889 4421
0.00389 4421
0.003891 4421
0.003892 4421
0.003893 4422
0.003894 4423
0.003895 4424
0.003896 4423
0.003897 4424
0.003898 4424
0.003899 4424
0.0039 4423
0.003901 4423
0.003902 4423
0.003903 4423
0.003904 4423
0.003905 4423
0.003906 4423
0.003907 4423
0.003908 4423
0.003909 4423
0.00391 4424
0.003911 4424
0.003912 4424
0.003913 4424
0.003914 4424
0.003915 4424
0.003916 4423
0.003917 4423
0.003918 4424
0.003919 4424
0.00392 4425
0.003921 4425
0.003922 4425
0.003923 4424
0.003924 4424
0.003925 4424
0.003926 4424
0.003927 4424
0.003928 4424
0.003929 4424
0.00393 4424
0.003931 4424
0.003932 4424
0.003933 4424
0.003934 4424
0.003935 4424
0.003936 4424
0.003937 4425
0.003938 4425
0.003939 4425
0.00394 4426
0.003941 4426
0.003942 4426
0.003943 4427
0.003944 4427
0.003945 4427
0.003946 4427
0.003947 4427
0.003948 4426
0.003949 4426
0.00395 4425
0.003951 4425
0.003952 4425
0.003953 4425
0.003954 4425
0.003955 4425
0.003956 4425
0.003957 4425
0.003958 4425
0.003959 4425
0.00396 4425
0.003961 4426
0.003962 4426
0.003963 4426
0.003964 4425
0.003965 4426
0.003966 4426
0.003967 4426
0.003968 4426
0.003969 4426
0.00397 4425
0.003971 4425
0.003972 4425
0.003973 4425
0.003974 4425
0.003975 4424
0.003976 4424
0.003977 4424
0.003978 4425
0.003979 4425
0.00398 4425
0.003981 4425
0.003982 4425
0.003983 4425
0.003984 4425
0.003985 4425
0.003986 4425
0.003987 4425
0.003988 4425
0.003989 4425
0.00399 4425
0.003991 4422
0.003992 4422
0.003993 4422
0.003994 4422
0.003995 4422
0.003996 4422
0.003997 4422
0.003998 4422
0.003999 4422
0.004 4422
0.004001 4422
0.004002 4423
0.004003 4423
0.004004 4424
0.004005 4424
0.004006 4424
0.004007 4423
0.004008 4423
0.004009 4423
0.00401 4423
0.004011 4424
0.004012 4424
0.004013 4423
0.004014 4423
0.004015 4423
0.004016 4423
0.004017 4424
0.004018 4424
0.004019 4425
0.00402 4425
0.004021 4425
0.004022 4425
0.004023 4426
0.004024 4426
0.004025 4426
0.004026 4426
0.004027 4427
0.004028 4426
0.004029 4426
0.00403 4426
0.004031 4425
0.004032 4424
0.004033 4424
0.004034 4424
0.004035 4424
0.004036 4424
0.004037 4424
0.004038 4425
0.004039 4424
0.00404 4424
0.004041 4424
0.004042 4424
0.004043 4425
0.004044 4425
0.004045 4425
0.004046 4425
0.004047 4425
0.004048 4425
0.004049 4425
0.00405 4425
0.004051 4425
0.004052 4424
0.004053 4424
0.004054 4424
0.004055 4424
0.004056 4424
0.004057 4424
0.004058 4424
0.004059 4423
0.00406 4425
0.004061 4425
0.004062 4425
0.004063 4425
0.004064 4426
0.004065 4426
0.004066 4426
0.004067 4428
0.004068 4428
0.004069 4428
0.00407 4429
0.004071 4428
0.004072 4428
0.004073 4428
0.004074 4427
0.004075 4428
0.004076 4428
0.004077 4430
0.004078 4429
0.004079 4429
0.00408 4429
0.004081 4429
0.004082 4429
0.004083 4429
0.004084 4429
0.004085 4429
0.004086 4429
0.004087 4430
0.004088 4430
0.004089 4430
0.00409 4430
0.004091 4430
0.004092 4430
0.004093 4430
0.004094 4430
0.004095 4430
0.004096 4430
0.004097 4430
0.004098 4430
0.004099 4430
0.0041 4430
0.004101 4431
0.004102 4431
0.004103 4431
0.004104 4431
0.004105 4430
0.004106 4430
0.004107 4431
0.004108 4431
0.004109 4430
0.00411 4431
0.004111 4432
0.004112 4432
0.004113 4432
0.004114 4432
0.004115 4432
0.004116 4432
0.004117 4432
0.004118 4432
0.004119 4432
0.00412 4432
0.004121 4432
0.004122 4432
0.004123 4432
0.004124 4431
0.004125 4431
0.004126 4431
0.004127 4431
0.004128 4431
0.004129 4431
0.00413 4431
0.004131 4431
0.004132 4431
0.004133 4431
0.004134 4431
0.004135 4432
0.004136 4432
0.004137 4433
0.004138 4433
0.004139 4432
0.00414 4432
0.004141 4432
0.004142 4432
0.004143 4432
0.004144 4432
0.004145 4432
0.004146 4432
0.004147 4433
0.004148 4433
0.004149 4432
0.00415 4431
0.004151 4431
0.004152 4431
0.004153 4432
0.004154 4431
0.004155 4431
0.004156 4431
0.004157 4431
0.004158 4431
0.004159 4432
0.00416 4432
0.004161 4432
0.004162 4432
0.004163 4433
0.004164 4433
0.004165 4434
0.004166 4434
0.004167 4435
0.004168 4434
0.004169 4434
0.00417 4435
0.004171 4435
0.004172 4434
0.004173 4434
0.004174 4434
0.004175 4434
0.004176 4434
0.004177 4433
0.004178 4433
0.004179 4433
0.00418 4434
0.004181 4434
0.004182 4434
0.004183 4433
0.004184 4432
0.004185 4432
0.004186 4432
0.004187 4430
0.004188 4430
0.004189 4431
0.00419 4431
0.004191 4431
0.004192 4431
0.004193 4432
0.004194 4432
0.004195 4432
0.004196 4432
0.004197 4432
0.004198 4432
0.004199 4432
0.0042 4432
0.004201 4432
0.004202 4431
0.004203 4431
0.004204 4431
0.004205 4431
0.004206 4432
0.004207 4432
0.004208 4432
0.004209 4432
0.00421 4432
0.004211 4432
0.004212 4432
0.004213 4432
0.004214 4432
0.004215 4431
0.004216 4431
0.004217 4431
0.004218 4431
0.004219 4432
0.00422 4432
0.004221 4431
0.004222 4431
0.004223 4431
0.004224 4431
0.004225 4431
0.004226 4430
0.004227 4430
0.004228 4430
0.004229 4430
0.00423 4430
0.004231 4430
0.004232 4430
0.004233 4430
0.004234 4430
0.004235 4430
0.004236 4430
0.004237 4430
0.004238 4430
0.004239 4430
0.00424 4429
0.004241 4429
0.004242 4430
0.004243 4430
0.004244 4430
0.004245 4430
0.004246 4430
0.004247 4431
0.004248 4431
0.004249 4431
0.00425 4430
0.004251 4430
0.004252 4430
0.004253 4429
0.004254 4429
0.004255 4429
0.004256 4429
0.004257 4429
0.004258 4429
0.004259 4429
0.00426 4429
0.004261 4429
0.004262 4428
0.004263 4428
0.004264 4428
0.004265 4428
0.004266 4428
0.004267 4428
0.004268 4428
0.004269 4428
0.00427 4428
0.004271 4428
0.004272 4429
0.004273 4431
0.004274 4432
0.004275 4432
0.004276 4433
0.004277 4433
0.004278 4433
0.004279 4434
0.00428 4434
0.004281 4434
0.004282 4434
0.004283 4434
0.004284 4434
0.004285 4434
0.004286 4433
0.004287 4433
0.004288 4434
0.004289 4435
0.00429 4435
0.004291 4435
0.004292 4435
0.004293 4435
0.004294 4435
0.004295 4436
0.004296 4436
0.004297 4436
0.004298 4434
0.004299 4434
0.0043 4434
0.004301 4433
0.004302 4432
0.004303 4433
0.004304 4433
0.004305 4433
0.004306 4433
0.004307 4433
0.004308 4433
0.004309 4433
0.00431 4433
0.004311 4433
0.004312 4432
0.004313 4432
0.004314 4432
0.004315 4431
0.004316 4431
0.004317 4431
0.004318 4431
0.004319 4431
0.00432 4431
0.004321 4430
0.004322 4430
0.004323 4429
0.004324 4429
0.004325 4429
0.004326 4428
0.004327 4428
0.004328 4428
0.004329 4428
0.00433 4430
0.004331 4430
0.004332 4430
0.004333 4430
0.004334 4430
0.004335 4430
0.004336 4430
0.004337 4430
0.004338 4430
0.004339 4430
0.00434 4430
0.004341 4431
0.004342 4431
0.004343 4431
0.004344 4431
0.004345 4432
0.004346 4432
0.004347 4432
0.004348 4432
0.004349 4432
0.00435 4432
0.004351 4432
0.004352 4431
0.004353 4432
0.004354 4432
0.004355 4433
0.004356 4435
0.004357 4435
0.004358 4435
0.004359 4436
0.00436 4435
0.004361 4435
0.004362 4435
0.004363 4435
0.004364 4434
0.004365 4434
0.004366 4432
0.004367 4432
0.004368 4432
0.004369 4432
0.00437 4432
0.004371 4432
0.004372 4433
0.004373 4433
0.004374 4433
0.004375 4433
0.004376 4434
0.004377 4434
0.004378 4433
0.004379 4433
0.00438 4433
0.004381 4433
0.004382 4433
0.004383 4433
0.004384 4433
0.004385 4433
0.004386 4434
0.004387 4434
0.004388 4434
0.004389 4434
0.00439 4434
0.004391 4434
0.004392 4434
0.004393 4434
0.004394 4435
0.004395 4435
0.004396 4435
0.004397 4435
0.004398 4435
0.004399 4436
0.0044 4436
0.004401 4435
0.004402 4434
0.004403 4434
0.004404 4434
0.004405 4434
0.004406 4434
0.004407 4434
0.004408 4434
0.004409 4434
0.00441 4434
0.004411 4434
0.004412 4433
0.004413 4433
0.004414 4432
0.004415 4432
0.004416 4433
0.004417 4433
0.004418 4433
0.004419 4433
0.00442 4433
0.004421 4433
0.004422 4433
0.004423 4433
0.004424 4433
0.004425 4433
0.004426 4433
0.004427 4433
0.004428 4433
0.004429 4433
0.00443 4433
0.004431 4434
0.004432 4434
0.004433 4434
0.004434 4434
0.004435 4435
0.004436 4435
0.004437 4435
0.004438 4435
0.004439 4435
0.00444 4435
0.004441 4435
0.004442 4435
0.004443 4435
0.004444 4435
0.004445 4435
0.004446 4435
0.004447 4435
0.004448 4436
0.004449 4436
0.00445 4436
0.004451 4436
0.004452 4436
0.004453 4437
0.004454 4437
0.004455 4437
0.004456 4436
0.004457 4437
0.004458 4437
0.004459 4438
0.00446 4438
0.004461 4438
0.004462 4438
0.004463 4438
0.004464 4438
0.004465 4437
0.004466 4437
0.004467 4437
0.004468 4437
0.004469 4437
0.00447 4437
0.004471 4437
0.004472 4436
0.004473 4436
0.004474 4436
0.004475 4436
0.004476 4436
0.004477 4436
0.004478 4436
0.004479 4436
0.00448 4435
0.004481 4435
0.004482 4435
0.004483 4435
0.004484 4435
0.004485 4434
0.004486 4434
0.004487 4434
0.004488 4434
0.004489 4434
0.00449 4434
0.004491 4434
0.004492 4434
0.004493 4434
0.004494 4434
0.004495 4433
0.004496 4433
0.004497 4433
0.004498 4433
0.004499 4432
0.0045 4432
0.004501 4433
0.004502 4433
0.004503 4433
0.004504 4433
0.004505 4434
0.004506 4434
0.004507 4434
0.004508 4434
0.004509 4435
0.00451 4435
0.004511 4435
0.004512 4435
0.004513 4436
0.004514 4436
0.004515 4436
0.004516 4436
0.004517 4436
0.004518 4436
0.004519 4436
0.00452 4436
0.004521 4436
0.004522 4436
0.004523 4436
0.004524 4436
0.004525 4436
0.004526 4436
0.004527 4436
0.004528 4436
0.004529 4436
0.00453 4435
0.004531 4436
0.004532 4436
0.004533 4436
0.004534 4436
0.004535 4436
0.004536 4437
0.004537 4437
0.004538 4437
0.004539 4437
0.00454 4437
0.004541 4437
0.004542 4437
0.004543 4437
0.004544 4437
0.004545 4437
0.004546 4437
0.004547 4437
0.004548 4437
0.004549 4437
0.00455 4438
0.004551 4439
0.004552 4439
0.004553 4440
0.004554 4440
0.004555 4440
0.004556 4440
0.004557 4441
0.004558 4441
0.004559 4441
0.00456 4441
0.004561 4441
0.004562 4440
0.004563 4440
0.004564 4442
0.004565 4442
0.004566 4441
0.004567 4440
0.004568 4439
0.004569 4440
0.00457 4440
0.004571 4440
0.004572 4440
0.004573 4439
0.004574 4439
0.004575 4439
0.004576 4438
0.004577 4438
0.004578 4438
0.004579 4438
0.00458 4438
0.004581 4439
0.004582 4439
0.004583 4439
0.004584 4439
0.004585 4439
0.004586 4440
0.004587 4440
0.004588 4441
0.004589 4441
0.00459 4441
0.004591 4442
0.004592 4442
0.004593 4442
0.004594 4442
0.004595 4442
0.004596 4442
0.004597 4442
0.004598 4441
0.004599 4442
0.0046 4442
0.004601 4442
0.004602 4443
0.004603 4442
0.004604 4442
0.004605 4442
0.004606 4442
0.004607 4442
0.004608 4442
0.004609 4442
0.00461 4442
0.004611 4442
0.004612 4442
0.004613 4443
0.004614 4441
0.004615 4441
0.004616 4441
0.004617 4442
0.004618 4442
0.004619 4442
0.00462 4442
0.004621 4442
0.004622 4442
0.004623 4443
0.004624 4443
0.004625 4443
0.004626 4442
0.004627 4442
0.004628 4442
0.004629 4442
0.00463 4442
0.004631 4443
0.004632 4443
0.004633 4443
0.004634 4444
0.004635 4444
0.004636 4444
0.004637 4444
0.004638 4444
0.004639 4443
0.00464 4443
0.004641 4443
0.004642 4443
0.004643 4443
0.004644 4443
0.004645 4443
0.004646 4443
0.004647 4442
0.004648 4442
0.004649 4442
0.00465 4442
0.004651 4442
0.004652 4442
0.004653 4442
0.004654 4441
0.004655 4440
0.004656 4441
0.004657 4443
0.004658 4443
0.004659 4443
0.00466 4443
0.004661 4443
0.004662 4443
0.004663 4443
0.004664 4443
0.004665 4443
0.004666 4442
0.004667 4442
0.004668 4442
0.004669 4441
0.00467 4441
0.004671 4442
0.004672 4442
0.004673 4442
0.004674 4442
0.004675 4442
0.004676 4442
0.004677 4442
0.004678 4442
0.004679 4442
0.00468 4442
0.004681 4442
0.004682 4442
0.004683 4442
0.004684 4442
0.004685 4442
0.004686 4442
0.004687 4443
0.004688 4443
0.004689 4443
0.00469 4442
0.004691 4442
0.004692 4442
0.004693 4442
0.004694 4442
0.004695 4442
0.004696 4442
0.004697 4443
0.004698 4443
0.004699 4443
0.0047 4443
0.004701 4443
0.004702 4444
0.004703 4443
0.004704 4443
0.004705 4445
0.004706 4445
0.004707 4446
0.004708 4446
0.004709 4446
0.00471 4445
0.004711 4447
0.004712 4447
0.004713 4447
0.004714 4447
0.004715 4447
0.004716 4447
0.004717 4447
0.004718 4447
0.004719 4447
0.00472 4446
0.004721 4446
0.004722 4446
0.004723 4446
0.004724 4446
0.004725 4446
0.004726 4446
0.004727 4445
0.004728 4445
0.004729 4445
0.00473 4444
0.004731 4445
0.004732 4445
0.004733 4445
0.004734 4445
0.004735 4446
0.004736 4447
0.004737 4447
0.004738 4448
0.004739 4448
0.00474 4448
0.004741 4448
0.004742 4448
0.004743 4448
0.004744 4448
0.004745 4448
0.004746 4450
0.004747 4448
0.004748 4448
0.004749 4448
0.00475 4448
0.004751 4448
0.004752 4449
0.004753 4449
0.004754 4450
0.004755 4449
0.004756 4448
0.004757 4448
0.004758 4448
0.004759 4448
0.00476 4448
0.004761 4448
0.004762 4448
0.004763 4447
0.004764 4447
0.004765 4447
0.004766 4447
0.004767 4446
0.004768 4447
0.004769 4447
0.00477 4448
0.004771 4448
0.004772 4448
0.004773 4448
0.004774 4447
0.004775 4446
0.004776 4446
0.004777 4445
0.004778 4444
0.004779 4444
0.00478 4444
0.004781 4443
0.004782 4443
0.004783 4443
0.004784 4443
0.004785 4443
0.004786 4443
0.004787 4443
0.004788 4443
0.004789 4443
0.00479 4443
0.004791 4443
0.004792 4443
0.004793 4443
0.004794 4443
0.004795 4443
0.004796 4443
0.004797 4443
0.004798 4443
0.004799 4443
0.0048 4443
0.004801 4442
0.004802 4442
0.004803 4443
0.004804 4443
0.004805 4443
0.004806 4443
0.004807 4443
0.004808 4443
0.004809 4442
0.00481 4442
0.004811 4441
0.004812 4441
0.004813 4440
0.004814 4440
0.004815 4442
0.004816 4442
0.004817 4441
0.004818 4441
0.004819 4441
0.00482 4440
0.004821 4440
0.004822 4440
0.004823 4439
0.004824 4439
0.004825 4439
0.004826 4438
0.004827 4438
0.004828 4438
0.004829 4438
0.00483 4438
0.004831 4438
0.004832 4438
0.004833 4438
0.004834 4438
0.004835 4438
0.004836 4438
0.004837 4437
0.004838 4438
0.004839 4438
0.00484 4438
0.004841 4438
0.004842 4438
0.004843 4437
0.004844 4437
0.004845 4437
0.004846 4437
0.004847 4437
0.004848 4437
0.004849 4437
0.00485 4436
0.004851 4435
0.004852 4435
0.004853 4435
0.004854 4436
0.004855 4436
0.004856 4436
0.004857 4436
0.004858 4436
0.004859 4436
0.00486 4436
0.004861 4436
0.004862 4436
0.004863 4436
0.004864 4436
0.004865 4436
0.004866 4436
0.004867 4436
0.004868 4436
0.004869 4435
0.00487 4435
0.004871 4435
0.004872 4435
0.004873 4435
0.004874 4435
0.004875 4435
0.004876 4435
0.004877 4435
0.004878 4435
0.004879 4435
0.00488 4437
0.004881 4437
0.004882 4437
0.004883 4437
0.004884 4437
0.004885 4437
0.004886 4438
0.004887 4438
0.004888 4439
0.004889 4439
0.00489 4439
0.004891 4439
0.004892 4439
0.004893 4439
0.004894 4439
0.004895 4439
0.004896 4439
0.004897 4439
0.004898 4438
0.004899 4437
0.0049 4437
0.004901 4437
0.004902 4437
0.004903 4437
0.004904 4436
0.004905 4436
0.004906 4435
0.004907 4434
0.004908 4434
0.004909 4434
0.00491 4434
0.004911 4434
0.004912 4435
0.004913 4435
0.004914 4435
0.004915 4435
0.004916 4435
0.004917 4435
0.004918 4436
0.004919 4436
0.00492 4436
0.004921 4436
0.004922 4436
0.004923 4435
0.004924 4433
0.004925 4433
0.004926 4433
0.004927 4433
0.004928 4433
0.004929 4433
0.00493 4433
0.004931 4433
0.004932 4434
0.004933 4434
0.004934 4435
0.004935 4435
0.004936 4435
0.004937 4435
0.004938 4434
0.004939 4434
0.00494 4434
0.004941 4434
0.004942 4434
0.004943 4434
0.004944 4434
0.004945 4434
0.004946 4434
0.004947 4433
0.004948 4433
0.004949 4433
0.00495 4433
0.004951 4431
0.004952 4431
0.004953 4431
0.004954 4431
0.004955 4431
0.004956 4431
0.004957 4431
0.004958 4431
0.004959 4431
0.00496 4431
0.004961 4431
0.004962 4431
0.004963 4432
0.004964 4432
0.004965 4432
0.004966 4432
0.004967 4432
0.004968 4431
0.004969 4431
0.00497 4430
0.004971 4430
0.004972 4430
0.004973 4430
0.004974 4430
0.004975 4430
0.004976 4430
0.004977 4430
0.004978 4430
0.004979 4430
0.00498 4431
0.004981 4430
0.004982 4430
0.004983 4430
0.004984 4430
0.004985 4430
0.004986 4430
0.004987 4430
0.004988 4429
0.004989 4429
0.00499 4428
0.004991 4429
0.004992 4429
0.004993 4429
0.004994 4429
0.004995 4429
0.004996 4429
0.004997 4428
0.004998 4428
0.004999 4428
0.005 4429
