0 339
1e-06 341
2e-06 342
3e-06 345
4e-06 348
5e-06 353
6e-06 356
7e-06 357
8e-06 361
9e-06 363
1e-05 367
1.1e-05 370
1.2e-05 373
1.3e-05 374
1.4e-05 378
1.5e-05 378
1.6e-05 382
1.7e-05 383
1.8e-05 384
1.9e-05 387
2e-05 392
2.1e-05 396
2.2e-05 398
2.3e-05 400
2.4e-05 401
2.5e-05 404
2.6e-05 406
2.7e-05 411
2.8e-05 416
2.9e-05 417
3e-05 419
3.1e-05 422
3.2e-05 425
3.3e-05 425
3.4e-05 428
3.5e-05 432
3.6e-05 435
3.7e-05 437
3.8e-05 439
3.9e-05 441
4e-05 442
4.1e-05 446
4.2e-05 449
4.3e-05 451
4.4e-05 452
4.5e-05 456
4.6e-05 458
4.7e-05 462
4.8e-05 466
4.9e-05 466
5e-05 468
5.1e-05 470
5.2e-05 473
5.3e-05 474
5.4e-05 474
5.5e-05 476
5.6e-05 479
5.7e-05 480
5.8e-05 483
5.9e-05 483
6e-05 483
6.1e-05 485
6.2e-05 488
6.3e-05 489
6.4e-05 494
6.5e-05 496
6.6e-05 497
6.7e-05 500
6.8e-05 503
6.9e-05 504
7e-05 507
7.1e-05 509
7.2e-05 511
7.3e-05 512
7.4e-05 513
7.5e-05 514
7.6e-05 515
7.7e-05 516
7.8e-05 518
7.9e-05 522
8e-05 522
8.1e-05 524
8.2e-05 527
8.3e-05 530
8.4e-05 530
8.5e-05 534
8.6e-05 535
8.7e-05 536
8.8e-05 538
8.9e-05 539
9e-05 542
9.1e-05 545
9.2e-05 546
9.3e-05 549
9.4e-05 549
9.5e-05 551
9.6e-05 552
9.7e-05 555
9.8e-05 557
9.9e-05 559
0.0001 563
0.000101 566
0.000102 570
0.000103 572
0.000104 575
0.000105 581
0.000106 582
0.000107 584
0.000108 586
0.000109 588
0.00011 589
0.000111 589
0.000112 589
0.000113 590
0.000114 590
0.000115 592
0.000116 593
0.000117 598
0.000118 599
0.000119 602
0.00012 603
0.000121 603
0.000122 605
0.000123 605
0.000124 607
0.000125 609
0.000126 609
0.000127 610
0.000128 609
0.000129 612
0.00013 615
0.000131 616
0.000132 617
0.000133 619
0.000134 619
0.000135 619
0.000136 620
0.000137 623
0.000138 623
0.000139 623
0.00014 622
0.000141 622
0.000142 624
0.000143 625
0.000144 626
0.000145 629
0.000146 629
0.000147 631
0.000148 632
0.000149 636
0.00015 637
0.000151 639
0.000152 640
0.000153 641
0.000154 645
0.000155 647
0.000156 647
0.000157 647
0.000158 649
0.000159 649
0.00016 652
0.000161 655
0.000162 657
0.000163 659
0.000164 659
0.000165 661
0.000166 663
0.000167 664
0.000168 666
0.000169 668
0.00017 670
0.000171 670
0.000172 671
0.000173 671
0.000174 671
0.000175 671
0.000176 671
0.000177 671
0.000178 673
0.000179 675
0.00018 675
0.000181 678
0.000182 681
0.000183 682
0.000184 683
0.000185 684
0.000186 685
0.000187 687
0.000188 688
0.000189 689
0.00019 689
0.000191 691
0.000192 693
0.000193 694
0.000194 694
0.000195 698
0.000196 698
0.000197 698
0.000198 697
0.000199 698
0.0002 699
0.000201 700
0.000202 700
0.000203 699
0.000204 699
0.000205 699
0.000206 700
0.000207 701
0.000208 703
0.000209 705
0.00021 706
0.000211 706
0.000212 707
0.000213 707
0.000214 708
0.000215 708
0.000216 708
0.000217 710
0.000218 710
0.000219 711
0.00022 714
0.000221 714
0.000222 716
0.000223 716
0.000224 717
0.000225 717
0.000226 720
0.000227 721
0.000228 722
0.000229 723
0.00023 723
0.000231 723
0.000232 723
0.000233 723
0.000234 722
0.000235 723
0.000236 723
0.000237 724
0.000238 725
0.000239 726
0.00024 727
0.000241 727
0.000242 728
0.000243 729
0.000244 729
0.000245 731
0.000246 733
0.000247 734
0.000248 735
0.000249 735
0.00025 735
0.000251 735
0.000252 736
0.000253 738
0.000254 738
0.000255 739
0.000256 740
0.000257 742
0.000258 743
0.000259 742
0.00026 742
0.000261 742
0.000262 742
0.000263 743
0.000264 743
0.000265 745
0.000266 747
0.000267 749
0.000268 750
0.000269 751
0.00027 752
0.000271 752
0.000272 752
0.000273 753
0.000274 754
0.000275 754
0.000276 754
0.000277 755
0.000278 755
0.000279 755
0.00028 755
0.000281 756
0.000282 756
0.000283 756
0.000284 756
0.000285 757
0.000286 757
0.000287 757
0.000288 756
0.000289 757
0.00029 757
0.000291 759
0.000292 760
0.000293 760
0.000294 760
0.000295 760
0.000296 761
0.000297 761
0.000298 761
0.000299 762
0.0003 761
0.000301 760
0.000302 760
0.000303 760
0.000304 761
0.000305 761
0.000306 761
0.000307 762
0.000308 760
0.000309 762
0.00031 762
0.000311 763
0.000312 763
0.000313 763
0.000314 763
0.000315 764
0.000316 765
0.000317 767
0.000318 769
0.000319 769
0.00032 769
0.000321 769
0.000322 769
0.000323 769
0.000324 769
0.000325 769
0.000326 769
0.000327 769
0.000328 769
0.000329 770
0.00033 770
0.000331 772
0.000332 774
0.000333 774
0.000334 774
0.000335 774
0.000336 774
0.000337 773
0.000338 773
0.000339 773
0.00034 775
0.000341 775
0.000342 775
0.000343 775
0.000344 775
0.000345 776
0.000346 777
0.000347 777
0.000348 777
0.000349 777
0.00035 778
0.000351 779
0.000352 781
0.000353 781
0.000354 782
0.000355 783
0.000356 783
0.000357 783
0.000358 783
0.000359 784
0.00036 786
0.000361 786
0.000362 786
0.000363 786
0.000364 786
0.000365 786
0.000366 786
0.000367 788
0.000368 788
0.000369 788
0.00037 788
0.000371 788
0.000372 789
0.000373 789
0.000374 789
0.000375 789
0.000376 789
0.000377 789
0.000378 789
0.000379 789
0.00038 790
0.000381 790
0.000382 790
0.000383 791
0.000384 791
0.000385 791
0.000386 791
0.000387 791
0.000388 792
0.000389 792
0.00039 791
0.000391 791
0.000392 791
0.000393 792
0.000394 792
0.000395 792
0.000396 791
0.000397 792
0.000398 791
0.000399 789
0.0004 789
0.000401 789
0.000402 791
0.000403 792
0.000404 792
0.000405 792
0.000406 792
0.000407 792
0.000408 792
0.000409 793
0.00041 793
0.000411 793
0.000412 793
0.000413 793
0.000414 793
0.000415 794
0.000416 794
0.000417 795
0.000418 795
0.000419 795
0.00042 795
0.000421 795
0.000422 795
0.000423 795
0.000424 795
0.000425 795
0.000426 795
0.000427 796
0.000428 796
0.000429 796
0.00043 797
0.000431 798
0.000432 798
0.000433 800
0.000434 800
0.000435 800
0.000436 800
0.000437 799
0.000438 798
0.000439 798
0.00044 798
0.000441 798
0.000442 798
0.000443 798
0.000444 798
0.000445 798
0.000446 798
0.000447 798
0.000448 798
0.000449 798
0.00045 798
0.000451 798
0.000452 798
0.000453 798
0.000454 798
0.000455 798
0.000456 798
0.000457 797
0.000458 797
0.000459 797
0.00046 797
0.000461 796
0.000462 796
0.000463 796
0.000464 796
0.000465 795
0.000466 795
0.000467 795
0.000468 795
0.000469 795
0.00047 795
0.000471 796
0.000472 796
0.000473 796
0.000474 796
0.000475 796
0.000476 796
0.000477 797
0.000478 797
0.000479 796
0.00048 796
0.000481 795
0.000482 795
0.000483 795
0.000484 795
0.000485 795
0.000486 795
0.000487 796
0.000488 796
0.000489 796
0.00049 796
0.000491 796
0.000492 797
0.000493 797
0.000494 797
0.000495 797
0.000496 797
0.000497 796
0.000498 796
0.000499 796
0.0005 796
0.000501 796
0.000502 796
0.000503 796
0.000504 797
0.000505 798
0.000506 798
0.000507 798
0.000508 799
0.000509 798
0.00051 798
0.000511 798
0.000512 798
0.000513 798
0.000514 798
0.000515 800
0.000516 800
0.000517 800
0.000518 800
0.000519 801
0.00052 800
0.000521 800
0.000522 800
0.000523 800
0.000524 800
0.000525 801
0.000526 801
0.000527 801
0.000528 801
0.000529 801
0.00053 801
0.000531 801
0.000532 801
0.000533 800
0.000534 800
0.000535 800
0.000536 800
0.000537 800
0.000538 800
0.000539 801
0.00054 801
0.000541 801
0.000542 801
0.000543 802
0.000544 802
0.000545 802
0.000546 803
0.000547 803
0.000548 803
0.000549 803
0.00055 803
0.000551 804
0.000552 804
0.000553 804
0.000554 804
0.000555 803
0.000556 804
0.000557 804
0.000558 804
0.000559 804
0.00056 804
0.000561 804
0.000562 804
0.000563 804
0.000564 804
0.000565 804
0.000566 804
0.000567 804
0.000568 804
0.000569 805
0.00057 805
0.000571 805
0.000572 805
0.000573 805
0.000574 805
0.000575 805
0.000576 805
0.000577 805
0.000578 806
0.000579 806
0.00058 806
0.000581 806
0.000582 806
0.000583 806
0.000584 806
0.000585 806
0.000586 806
0.000587 807
0.000588 807
0.000589 809
0.00059 809
0.000591 809
0.000592 809
0.000593 809
0.000594 809
0.000595 809
0.000596 809
0.000597 809
0.000598 809
0.000599 809
0.0006 809
0.000601 808
0.000602 809
0.000603 810
0.000604 810
0.000605 809
0.000606 809
0.000607 809
0.000608 809
0.000609 809
0.00061 809
0.000611 810
0.000612 810
0.000613 810
0.000614 810
0.000615 810
0.000616 810
0.000617 811
0.000618 811
0.000619 811
0.00062 811
0.000621 811
0.000622 811
0.000623 812
0.000624 812
0.000625 812
0.000626 812
0.000627 812
0.000628 813
0.000629 813
0.00063 814
0.000631 814
0.000632 814
0.000633 814
0.000634 814
0.000635 814
0.000636 814
0.000637 814
0.000638 814
0.000639 814
0.00064 814
0.000641 814
0.000642 814
0.000643 814
0.000644 814
0.000645 814
0.000646 814
0.000647 814
0.000648 814
0.000649 814
0.00065 814
0.000651 814
0.000652 814
0.000653 814
0.000654 814
0.000655 815
0.000656 815
0.000657 815
0.000658 815
0.000659 815
0.00066 815
0.000661 815
0.000662 815
0.000663 815
0.000664 815
0.000665 815
0.000666 815
0.000667 815
0.000668 815
0.000669 815
0.00067 814
0.000671 814
0.000672 814
0.000673 814
0.000674 815
0.000675 815
0.000676 815
0.000677 815
0.000678 816
0.000679 816
0.00068 816
0.000681 816
0.000682 816
0.000683 816
0.000684 815
0.000685 815
0.000686 815
0.000687 815
0.000688 815
0.000689 815
0.00069 815
0.000691 815
0.000692 815
0.000693 815
0.000694 815
0.000695 815
0.000696 815
0.000697 815
0.000698 815
0.000699 815
0.0007 815
0.000701 815
0.000702 816
0.000703 817
0.000704 817
0.000705 816
0.000706 815
0.000707 815
0.000708 815
0.000709 815
0.00071 816
0.000711 816
0.000712 816
0.000713 816
0.000714 815
0.000715 815
0.000716 815
0.000717 816
0.000718 816
0.000719 815
0.00072 815
0.000721 815
0.000722 815
0.000723 816
0.000724 816
0.000725 817
0.000726 817
0.000727 817
0.000728 817
0.000729 817
0.00073 817
0.000731 817
0.000732 817
0.000733 817
0.000734 818
0.000735 818
0.000736 818
0.000737 818
0.000738 818
0.000739 818
0.00074 818
0.000741 818
0.000742 818
0.000743 818
0.000744 819
0.000745 819
0.000746 820
0.000747 820
0.000748 820
0.000749 820
0.00075 820
0.000751 820
0.000752 820
0.000753 820
0.000754 819
0.000755 819
0.000756 819
0.000757 819
0.000758 819
0.000759 819
0.00076 819
0.000761 820
0.000762 821
0.000763 820
0.000764 820
0.000765 820
0.000766 820
0.000767 820
0.000768 820
0.000769 820
0.00077 820
0.000771 820
0.000772 820
0.000773 820
0.000774 820
0.000775 820
0.000776 820
0.000777 820
0.000778 820
0.000779 820
0.00078 818
0.000781 818
0.000782 818
0.000783 818
0.000784 818
0.000785 818
0.000786 818
0.000787 818
0.000788 818
0.000789 818
0.00079 818
0.000791 818
0.000792 818
0.000793 818
0.000794 818
0.000795 818
0.000796 818
0.000797 819
0.000798 819
0.000799 819
0.0008 819
0.000801 820
0.000802 820
0.000803 820
0.000804 821
0.000805 821
0.000806 821
0.000807 822
0.000808 822
0.000809 822
0.00081 822
0.000811 823
0.000812 824
0.000813 824
0.000814 824
0.000815 825
0.000816 825
0.000817 825
0.000818 825
0.000819 825
0.00082 825
0.000821 825
0.000822 825
0.000823 826
0.000824 826
0.000825 826
0.000826 826
0.000827 827
0.000828 827
0.000829 827
0.00083 827
0.000831 827
0.000832 827
0.000833 827
0.000834 827
0.000835 827
0.000836 827
0.000837 827
0.000838 827
0.000839 827
0.00084 827
0.000841 827
0.000842 827
0.000843 827
0.000844 827
0.000845 828
0.000846 828
0.000847 829
0.000848 829
0.000849 829
0.00085 829
0.000851 830
0.000852 830
0.000853 831
0.000854 830
0.000855 830
0.000856 830
0.000857 830
0.000858 830
0.000859 830
0.00086 830
0.000861 830
0.000862 830
0.000863 830
0.000864 831
0.000865 831
0.000866 831
0.000867 830
0.000868 830
0.000869 830
0.00087 831
0.000871 831
0.000872 831
0.000873 832
0.000874 831
0.000875 832
0.000876 831
0.000877 831
0.000878 831
0.000879 831
0.00088 831
0.000881 831
0.000882 831
0.000883 831
0.000884 831
0.000885 831
0.000886 832
0.000887 832
0.000888 832
0.000889 832
0.00089 832
0.000891 832
0.000892 832
0.000893 832
0.000894 832
0.000895 832
0.000896 832
0.000897 832
0.000898 832
0.000899 832
0.0009 832
0.000901 832
0.000902 832
0.000903 832
0.000904 832
0.000905 832
0.000906 832
0.000907 830
0.000908 830
0.000909 830
0.00091 830
0.000911 830
0.000912 830
0.000913 830
0.000914 830
0.000915 830
0.000916 830
0.000917 830
0.000918 830
0.000919 830
0.00092 830
0.000921 830
0.000922 830
0.000923 830
0.000924 830
0.000925 830
0.000926 830
0.000927 830
0.000928 830
0.000929 830
0.00093 830
0.000931 831
0.000932 832
0.000933 832
0.000934 832
0.000935 833
0.000936 833
0.000937 833
0.000938 833
0.000939 832
0.00094 832
0.000941 832
0.000942 832
0.000943 832
0.000944 832
0.000945 832
0.000946 832
0.000947 832
0.000948 832
0.000949 832
0.00095 832
0.000951 832
0.000952 832
0.000953 832
0.000954 832
0.000955 831
0.000956 831
0.000957 831
0.000958 831
0.000959 831
0.00096 830
0.000961 830
0.000962 830
0.000963 830
0.000964 830
0.000965 830
0.000966 830
0.000967 830
0.000968 831
0.000969 829
0.00097 829
0.000971 829
0.000972 829
0.000973 829
0.000974 829
0.000975 829
0.000976 829
0.000977 829
0.000978 828
0.000979 828
0.00098 826
0.000981 826
0.000982 826
0.000983 826
0.000984 825
0.000985 825
0.000986 825
0.000987 826
0.000988 826
0.000989 826
0.00099 826
0.000991 826
0.000992 826
0.000993 826
0.000994 826
0.000995 826
0.000996 826
0.000997 826
0.000998 826
0.000999 826
0.001 826
0.001001 826
0.001002 826
0.001003 826
0.001004 826
0.001005 825
0.001006 826
0.001007 826
0.001008 826
0.001009 826
0.00101 824
0.001011 824
0.001012 824
0.001013 824
0.001014 824
0.001015 824
0.001016 824
0.001017 823
0.001018 823
0.001019 823
0.00102 823
0.001021 823
0.001022 823
0.001023 823
0.001024 823
0.001025 823
0.001026 823
0.001027 823
0.001028 823
0.001029 823
0.00103 823
0.001031 823
0.001032 823
0.001033 823
0.001034 823
0.001035 823
0.001036 823
0.001037 823
0.001038 823
0.001039 823
0.00104 823
0.001041 823
0.001042 823
0.001043 823
0.001044 823
0.001045 823
0.001046 823
0.001047 823
0.001048 823
0.001049 823
0.00105 823
0.001051 823
0.001052 823
0.001053 823
0.001054 823
0.001055 823
0.001056 823
0.001057 824
0.001058 824
0.001059 824
0.00106 824
0.001061 824
0.001062 824
0.001063 825
0.001064 825
0.001065 825
0.001066 824
0.001067 824
0.001068 824
0.001069 824
0.00107 824
0.001071 824
0.001072 824
0.001073 824
0.001074 824
0.001075 824
0.001076 824
0.001077 824
0.001078 824
0.001079 824
0.00108 824
0.001081 824
0.001082 824
0.001083 824
0.001084 824
0.001085 825
0.001086 825
0.001087 825
0.001088 825
0.001089 825
0.00109 825
0.001091 825
0.001092 825
0.001093 825
0.001094 825
0.001095 825
0.001096 825
0.001097 825
0.001098 825
0.001099 825
0.0011 825
0.001101 825
0.001102 825
0.001103 825
0.001104 825
0.001105 825
0.001106 826
0.001107 827
0.001108 827
0.001109 827
0.00111 828
0.001111 828
0.001112 828
0.001113 829
0.001114 829
0.001115 829
0.001116 829
0.001117 829
0.001118 829
0.001119 828
0.00112 828
0.001121 828
0.001122 828
0.001123 828
0.001124 828
0.001125 829
0.001126 829
0.001127 828
0.001128 826
0.001129 826
0.00113 826
0.001131 826
0.001132 826
0.001133 825
0.001134 825
0.001135 825
0.001136 825
0.001137 825
0.001138 826
0.001139 826
0.00114 827
0.001141 827
0.001142 827
0.001143 827
0.001144 827
0.001145 827
0.001146 827
0.001147 827
0.001148 827
0.001149 827
0.00115 827
0.001151 827
0.001152 827
0.001153 827
0.001154 827
0.001155 827
0.001156 827
0.001157 827
0.001158 827
0.001159 827
0.00116 827
0.001161 827
0.001162 827
0.001163 827
0.001164 827
0.001165 827
0.001166 826
0.001167 827
0.001168 827
0.001169 827
0.00117 827
0.001171 827
0.001172 827
0.001173 827
0.001174 827
0.001175 827
0.001176 827
0.001177 827
0.001178 825
0.001179 825
0.00118 825
0.001181 825
0.001182 825
0.001183 825
0.001184 825
0.001185 825
0.001186 825
0.001187 825
0.001188 825
0.001189 825
0.00119 825
0.001191 825
0.001192 825
0.001193 825
0.001194 825
0.001195 825
0.001196 825
0.001197 825
0.001198 825
0.001199 825
0.0012 825
0.001201 825
0.001202 825
0.001203 825
0.001204 825
0.001205 825
0.001206 825
0.001207 825
0.001208 825
0.001209 825
0.00121 825
0.001211 825
0.001212 825
0.001213 825
0.001214 826
0.001215 826
0.001216 825
0.001217 825
0.001218 825
0.001219 825
0.00122 825
0.001221 825
0.001222 825
0.001223 825
0.001224 825
0.001225 826
0.001226 826
0.001227 826
0.001228 826
0.001229 826
0.00123 826
0.001231 825
0.001232 825
0.001233 825
0.001234 825
0.001235 825
0.001236 825
0.001237 825
0.001238 825
0.001239 825
0.00124 824
0.001241 823
0.001242 823
0.001243 823
0.001244 823
0.001245 823
0.001246 823
0.001247 824
0.001248 824
0.001249 824
0.00125 824
0.001251 824
0.001252 824
0.001253 824
0.001254 824
0.001255 824
0.001256 824
0.001257 824
0.001258 825
0.001259 825
0.00126 825
0.001261 825
0.001262 825
0.001263 825
0.001264 825
0.001265 825
0.001266 824
0.001267 824
0.001268 824
0.001269 824
0.00127 824
0.001271 824
0.001272 824
0.001273 824
0.001274 824
0.001275 824
0.001276 824
0.001277 824
0.001278 823
0.001279 823
0.00128 823
0.001281 822
0.001282 822
0.001283 823
0.001284 823
0.001285 823
0.001286 823
0.001287 823
0.001288 823
0.001289 823
0.00129 823
0.001291 822
0.001292 822
0.001293 822
0.001294 821
0.001295 821
0.001296 821
0.001297 820
0.001298 820
0.001299 819
0.0013 818
0.001301 818
0.001302 818
0.001303 818
0.001304 818
0.001305 818
0.001306 819
0.001307 818
0.001308 818
0.001309 818
0.00131 818
0.001311 819
0.001312 819
0.001313 819
0.001314 819
0.001315 819
0.001316 820
0.001317 819
0.001318 819
0.001319 818
0.00132 818
0.001321 818
0.001322 818
0.001323 818
0.001324 818
0.001325 818
0.001326 818
0.001327 819
0.001328 819
0.001329 819
0.00133 819
0.001331 819
0.001332 819
0.001333 819
0.001334 820
0.001335 820
0.001336 820
0.001337 820
0.001338 820
0.001339 820
0.00134 820
0.001341 820
0.001342 820
0.001343 820
0.001344 820
0.001345 820
0.001346 820
0.001347 820
0.001348 819
0.001349 819
0.00135 820
0.001351 819
0.001352 819
0.001353 819
0.001354 819
0.001355 819
0.001356 819
0.001357 819
0.001358 819
0.001359 819
0.00136 819
0.001361 820
0.001362 820
0.001363 819
0.001364 819
0.001365 819
0.001366 818
0.001367 818
0.001368 818
0.001369 818
0.00137 818
0.001371 818
0.001372 819
0.001373 819
0.001374 819
0.001375 819
0.001376 819
0.001377 819
0.001378 819
0.001379 818
0.00138 818
0.001381 818
0.001382 818
0.001383 818
0.001384 818
0.001385 819
0.001386 819
0.001387 819
0.001388 819
0.001389 819
0.00139 819
0.001391 818
0.001392 818
0.001393 818
0.001394 818
0.001395 818
0.001396 818
0.001397 818
0.001398 817
0.001399 817
0.0014 817
0.001401 816
0.001402 816
0.001403 816
0.001404 816
0.001405 816
0.001406 816
0.001407 816
0.001408 816
0.001409 815
0.00141 815
0.001411 815
0.001412 815
0.001413 815
0.001414 815
0.001415 815
0.001416 815
0.001417 816
0.001418 816
0.001419 816
0.00142 816
0.001421 816
0.001422 816
0.001423 816
0.001424 816
0.001425 816
0.001426 816
0.001427 816
0.001428 816
0.001429 816
0.00143 816
0.001431 815
0.001432 815
0.001433 815
0.001434 815
0.001435 815
0.001436 815
0.001437 815
0.001438 815
0.001439 815
0.00144 816
0.001441 816
0.001442 816
0.001443 817
0.001444 817
0.001445 817
0.001446 817
0.001447 817
0.001448 817
0.001449 817
0.00145 817
0.001451 817
0.001452 817
0.001453 817
0.001454 817
0.001455 817
0.001456 817
0.001457 817
0.001458 817
0.001459 817
0.00146 817
0.001461 817
0.001462 817
0.001463 817
0.001464 817
0.001465 817
0.001466 817
0.001467 817
0.001468 817
0.001469 817
0.00147 817
0.001471 818
0.001472 818
0.001473 818
0.001474 818
0.001475 818
0.001476 818
0.001477 818
0.001478 818
0.001479 818
0.00148 818
0.001481 818
0.001482 818
0.001483 818
0.001484 818
0.001485 819
0.001486 819
0.001487 819
0.001488 819
0.001489 819
0.00149 819
0.001491 820
0.001492 821
0.001493 820
0.001494 820
0.001495 820
0.001496 820
0.001497 820
0.001498 820
0.001499 820
0.0015 820
0.001501 820
0.001502 820
0.001503 820
0.001504 820
0.001505 820
0.001506 820
0.001507 820
0.001508 820
0.001509 820
0.00151 820
0.001511 820
0.001512 820
0.001513 820
0.001514 820
0.001515 821
0.001516 821
0.001517 821
0.001518 821
0.001519 819
0.00152 819
0.001521 819
0.001522 819
0.001523 819
0.001524 819
0.001525 819
0.001526 819
0.001527 819
0.001528 819
0.001529 819
0.00153 819
0.001531 819
0.001532 819
0.001533 819
0.001534 819
0.001535 819
0.001536 819
0.001537 819
0.001538 819
0.001539 819
0.00154 819
0.001541 819
0.001542 819
0.001543 820
0.001544 820
0.001545 820
0.001546 820
0.001547 820
0.001548 820
0.001549 820
0.00155 820
0.001551 820
0.001552 820
0.001553 820
0.001554 820
0.001555 820
0.001556 820
0.001557 820
0.001558 820
0.001559 820
0.00156 820
0.001561 820
0.001562 820
0.001563 820
0.001564 820
0.001565 820
0.001566 820
0.001567 820
0.001568 820
0.001569 820
0.00157 820
0.001571 820
0.001572 820
0.001573 820
0.001574 820
0.001575 820
0.001576 820
0.001577 820
0.001578 820
0.001579 820
0.00158 820
0.001581 820
0.001582 820
0.001583 820
0.001584 820
0.001585 820
0.001586 820
0.001587 820
0.001588 820
0.001589 820
0.00159 820
0.001591 819
0.001592 819
0.001593 818
0.001594 818
0.001595 818
0.001596 818
0.001597 817
0.001598 817
0.001599 819
0.0016 818
0.001601 818
0.001602 818
0.001603 818
0.001604 817
0.001605 817
0.001606 817
0.001607 817
0.001608 817
0.001609 817
0.00161 817
0.001611 817
0.001612 817
0.001613 817
0.001614 817
0.001615 818
0.001616 818
0.001617 818
0.001618 818
0.001619 816
0.00162 816
0.001621 816
0.001622 816
0.001623 816
0.001624 816
0.001625 816
0.001626 816
0.001627 815
0.001628 815
0.001629 815
0.00163 815
0.001631 815
0.001632 815
0.001633 815
0.001634 815
0.001635 815
0.001636 815
0.001637 815
0.001638 814
0.001639 814
0.00164 815
0.001641 815
0.001642 816
0.001643 816
0.001644 816
0.001645 817
0.001646 817
0.001647 817
0.001648 817
0.001649 817
0.00165 817
0.001651 816
0.001652 815
0.001653 815
0.001654 815
0.001655 815
0.001656 815
0.001657 815
0.001658 815
0.001659 815
0.00166 815
0.001661 814
0.001662 814
0.001663 814
0.001664 814
0.001665 814
0.001666 814
0.001667 814
0.001668 814
0.001669 814
0.00167 814
0.001671 814
0.001672 814
0.001673 814
0.001674 813
0.001675 813
0.001676 813
0.001677 813
0.001678 812
0.001679 812
0.00168 812
0.001681 813
0.001682 813
0.001683 814
0.001684 814
0.001685 814
0.001686 814
0.001687 815
0.001688 815
0.001689 815
0.00169 815
0.001691 815
0.001692 815
0.001693 815
0.001694 815
0.001695 815
0.001696 815
0.001697 815
0.001698 815
0.001699 815
0.0017 815
0.001701 815
0.001702 815
0.001703 816
0.001704 816
0.001705 816
0.001706 816
0.001707 816
0.001708 816
0.001709 816
0.00171 816
0.001711 817
0.001712 817
0.001713 817
0.001714 817
0.001715 817
0.001716 817
0.001717 817
0.001718 817
0.001719 818
0.00172 818
0.001721 818
0.001722 818
0.001723 818
0.001724 818
0.001725 818
0.001726 818
0.001727 818
0.001728 819
0.001729 819
0.00173 819
0.001731 819
0.001732 820
0.001733 820
0.001734 820
0.001735 820
0.001736 820
0.001737 820
0.001738 820
0.001739 820
0.00174 820
0.001741 820
0.001742 820
0.001743 820
0.001744 821
0.001745 821
0.001746 820
0.001747 820
0.001748 820
0.001749 819
0.00175 819
0.001751 819
0.001752 818
0.001753 818
0.001754 818
0.001755 818
0.001756 819
0.001757 819
0.001758 819
0.001759 819
0.00176 819
0.001761 819
0.001762 819
0.001763 819
0.001764 819
0.001765 819
0.001766 819
0.001767 819
0.001768 819
0.001769 819
0.00177 819
0.001771 819
0.001772 819
0.001773 819
0.001774 819
0.001775 819
0.001776 819
0.001777 819
0.001778 819
0.001779 819
0.00178 819
0.001781 819
0.001782 819
0.001783 819
0.001784 819
0.001785 819
0.001786 818
0.001787 818
0.001788 817
0.001789 815
0.00179 815
0.001791 815
0.001792 816
0.001793 816
0.001794 816
0.001795 816
0.001796 816
0.001797 816
0.001798 816
0.001799 816
0.0018 816
0.001801 816
0.001802 816
0.001803 816
0.001804 816
0.001805 816
0.001806 816
0.001807 816
0.001808 816
0.001809 816
0.00181 816
0.001811 816
0.001812 816
0.001813 816
0.001814 816
0.001815 816
0.001816 816
0.001817 816
0.001818 814
0.001819 814
0.00182 814
0.001821 814
0.001822 814
0.001823 814
0.001824 814
0.001825 814
0.001826 814
0.001827 814
0.001828 814
0.001829 814
0.00183 814
0.001831 814
0.001832 814
0.001833 814
0.001834 814
0.001835 814
0.001836 814
0.001837 814
0.001838 814
0.001839 814
0.00184 814
0.001841 814
0.001842 814
0.001843 814
0.001844 814
0.001845 814
0.001846 814
0.001847 814
0.001848 814
0.001849 814
0.00185 814
0.001851 814
0.001852 814
0.001853 814
0.001854 814
0.001855 814
0.001856 814
0.001857 814
0.001858 814
0.001859 815
0.00186 815
0.001861 815
0.001862 816
0.001863 816
0.001864 816
0.001865 816
0.001866 816
0.001867 816
0.001868 816
0.001869 816
0.00187 816
0.001871 816
0.001872 816
0.001873 816
0.001874 816
0.001875 816
0.001876 816
0.001877 817
0.001878 817
0.001879 817
0.00188 817
0.001881 817
0.001882 817
0.001883 817
0.001884 817
0.001885 817
0.001886 817
0.001887 817
0.001888 817
0.001889 817
0.00189 817
0.001891 817
0.001892 817
0.001893 816
0.001894 816
0.001895 815
0.001896 815
0.001897 815
0.001898 815
0.001899 815
0.0019 815
0.001901 815
0.001902 815
0.001903 815
0.001904 815
0.001905 815
0.001906 815
0.001907 815
0.001908 815
0.001909 815
0.00191 815
0.001911 815
0.001912 815
0.001913 815
0.001914 815
0.001915 814
0.001916 814
0.001917 814
0.001918 814
0.001919 814
0.00192 814
0.001921 814
0.001922 814
0.001923 814
0.001924 814
0.001925 814
0.001926 814
0.001927 814
0.001928 814
0.001929 814
0.00193 814
0.001931 814
0.001932 814
0.001933 814
0.001934 814
0.001935 814
0.001936 814
0.001937 814
0.001938 814
0.001939 814
0.00194 814
0.001941 814
0.001942 814
0.001943 814
0.001944 814
0.001945 814
0.001946 813
0.001947 813
0.001948 813
0.001949 813
0.00195 813
0.001951 813
0.001952 815
0.001953 815
0.001954 815
0.001955 815
0.001956 815
0.001957 815
0.001958 815
0.001959 815
0.00196 815
0.001961 815
0.001962 815
0.001963 815
0.001964 815
0.001965 815
0.001966 816
0.001967 816
0.001968 816
0.001969 816
0.00197 816
0.001971 816
0.001972 816
0.001973 817
0.001974 817
0.001975 817
0.001976 817
0.001977 817
0.001978 817
0.001979 816
0.00198 816
0.001981 815
0.001982 815
0.001983 815
0.001984 815
0.001985 815
0.001986 815
0.001987 814
0.001988 814
0.001989 814
0.00199 814
0.001991 814
0.001992 813
0.001993 813
0.001994 813
0.001995 813
0.001996 813
0.001997 812
0.001998 812
0.001999 812
0.002 812
0.002001 812
0.002002 812
0.002003 812
0.002004 812
0.002005 812
0.002006 812
0.002007 812
0.002008 812
0.002009 812
0.00201 812
0.002011 812
0.002012 812
0.002013 812
0.002014 812
0.002015 813
0.002016 813
0.002017 813
0.002018 813
0.002019 813
0.00202 813
0.002021 813
0.002022 813
0.002023 814
0.002024 814
0.002025 814
0.002026 814
0.002027 814
0.002028 814
0.002029 814
0.00203 814
0.002031 814
0.002032 814
0.002033 814
0.002034 814
0.002035 814
0.002036 815
0.002037 815
0.002038 815
0.002039 815
0.00204 815
0.002041 815
0.002042 815
0.002043 815
0.002044 815
0.002045 815
0.002046 815
0.002047 814
0.002048 813
0.002049 812
0.00205 812
0.002051 812
0.002052 812
0.002053 812
0.002054 812
0.002055 812
0.002056 812
0.002057 813
0.002058 813
0.002059 813
0.00206 812
0.002061 812
0.002062 812
0.002063 812
0.002064 812
0.002065 812
0.002066 812
0.002067 812
0.002068 812
0.002069 812
0.00207 812
0.002071 812
0.002072 812
0.002073 811
0.002074 811
0.002075 811
0.002076 811
0.002077 811
0.002078 811
0.002079 811
0.00208 811
0.002081 811
0.002082 811
0.002083 811
0.002084 810
0.002085 810
0.002086 810
0.002087 810
0.002088 810
0.002089 810
0.00209 810
0.002091 810
0.002092 810
0.002093 810
0.002094 810
0.002095 810
0.002096 810
0.002097 809
0.002098 809
0.002099 809
0.0021 809
0.002101 809
0.002102 809
0.002103 810
0.002104 810
0.002105 810
0.002106 810
0.002107 811
0.002108 811
0.002109 811
0.00211 812
0.002111 812
0.002112 812
0.002113 812
0.002114 812
0.002115 812
0.002116 812
0.002117 812
0.002118 812
0.002119 812
0.00212 812
0.002121 812
0.002122 812
0.002123 813
0.002124 813
0.002125 813
0.002126 813
0.002127 813
0.002128 813
0.002129 813
0.00213 813
0.002131 813
0.002132 813
0.002133 813
0.002134 814
0.002135 814
0.002136 814
0.002137 814
0.002138 814
0.002139 814
0.00214 814
0.002141 814
0.002142 813
0.002143 813
0.002144 813
0.002145 812
0.002146 812
0.002147 812
0.002148 812
0.002149 812
0.00215 812
0.002151 812
0.002152 812
0.002153 812
0.002154 812
0.002155 812
0.002156 812
0.002157 812
0.002158 812
0.002159 812
0.00216 812
0.002161 812
0.002162 812
0.002163 811
0.002164 811
0.002165 811
0.002166 811
0.002167 811
0.002168 811
0.002169 811
0.00217 811
0.002171 810
0.002172 810
0.002173 810
0.002174 810
0.002175 810
0.002176 810
0.002177 810
0.002178 810
0.002179 809
0.00218 809
0.002181 809
0.002182 809
0.002183 809
0.002184 809
0.002185 809
0.002186 809
0.002187 809
0.002188 809
0.002189 809
0.00219 809
0.002191 809
0.002192 810
0.002193 810
0.002194 810
0.002195 810
0.002196 810
0.002197 810
0.002198 810
0.002199 810
0.0022 810
0.002201 810
0.002202 811
0.002203 811
0.002204 811
0.002205 811
0.002206 811
0.002207 811
0.002208 811
0.002209 811
0.00221 811
0.002211 811
0.002212 811
0.002213 811
0.002214 811
0.002215 811
0.002216 811
0.002217 811
0.002218 811
0.002219 811
0.00222 811
0.002221 811
0.002222 811
0.002223 811
0.002224 811
0.002225 811
0.002226 811
0.002227 811
0.002228 811
0.002229 812
0.00223 812
0.002231 812
0.002232 811
0.002233 811
0.002234 811
0.002235 811
0.002236 811
0.002237 811
0.002238 810
0.002239 810
0.00224 811
0.002241 811
0.002242 811
0.002243 811
0.002244 811
0.002245 811
0.002246 811
0.002247 811
0.002248 811
0.002249 811
0.00225 811
0.002251 810
0.002252 810
0.002253 810
0.002254 810
0.002255 810
0.002256 810
0.002257 810
0.002258 810
0.002259 810
0.00226 810
0.002261 810
0.002262 810
0.002263 810
0.002264 810
0.002265 810
0.002266 810
0.002267 809
0.002268 809
0.002269 809
0.00227 809
0.002271 809
0.002272 809
0.002273 810
0.002274 811
0.002275 811
0.002276 811
0.002277 811
0.002278 811
0.002279 811
0.00228 811
0.002281 811
0.002282 811
0.002283 811
0.002284 811
0.002285 811
0.002286 811
0.002287 811
0.002288 811
0.002289 811
0.00229 811
0.002291 811
0.002292 812
0.002293 812
0.002294 812
0.002295 812
0.002296 813
0.002297 813
0.002298 813
0.002299 813
0.0023 812
0.002301 812
0.002302 812
0.002303 811
0.002304 811
0.002305 812
0.002306 812
0.002307 813
0.002308 813
0.002309 815
0.00231 814
0.002311 814
0.002312 814
0.002313 814
0.002314 814
0.002315 814
0.002316 814
0.002317 813
0.002318 813
0.002319 813
0.00232 813
0.002321 814
0.002322 814
0.002323 814
0.002324 814
0.002325 814
0.002326 814
0.002327 814
0.002328 814
0.002329 814
0.00233 814
0.002331 814
0.002332 814
0.002333 813
0.002334 813
0.002335 813
0.002336 813
0.002337 813
0.002338 813
0.002339 813
0.00234 813
0.002341 812
0.002342 812
0.002343 813
0.002344 813
0.002345 813
0.002346 813
0.002347 813
0.002348 813
0.002349 813
0.00235 813
0.002351 813
0.002352 812
0.002353 812
0.002354 812
0.002355 812
0.002356 813
0.002357 813
0.002358 813
0.002359 813
0.00236 813
0.002361 813
0.002362 813
0.002363 813
0.002364 813
0.002365 813
0.002366 813
0.002367 813
0.002368 813
0.002369 813
0.00237 813
0.002371 813
0.002372 813
0.002373 814
0.002374 814
0.002375 814
0.002376 814
0.002377 814
0.002378 814
0.002379 814
0.00238 814
0.002381 814
0.002382 814
0.002383 814
0.002384 814
0.002385 814
0.002386 814
0.002387 814
0.002388 814
0.002389 814
0.00239 814
0.002391 814
0.002392 814
0.002393 814
0.002394 814
0.002395 814
0.002396 814
0.002397 814
0.002398 814
0.002399 814
0.0024 814
0.002401 814
0.002402 814
0.002403 815
0.002404 815
0.002405 815
0.002406 815
0.002407 815
0.002408 815
0.002409 814
0.00241 814
0.002411 814
0.002412 814
0.002413 814
0.002414 813
0.002415 812
0.002416 811
0.002417 811
0.002418 812
0.002419 812
0.00242 811
0.002421 811
0.002422 811
0.002423 811
0.002424 811
0.002425 811
0.002426 811
0.002427 812
0.002428 812
0.002429 812
0.00243 812
0.002431 812
0.002432 812
0.002433 812
0.002434 812
0.002435 812
0.002436 812
0.002437 813
0.002438 813
0.002439 813
0.00244 813
0.002441 813
0.002442 813
0.002443 813
0.002444 813
0.002445 814
0.002446 814
0.002447 814
0.002448 814
0.002449 814
0.00245 814
0.002451 814
0.002452 814
0.002453 814
0.002454 814
0.002455 814
0.002456 814
0.002457 813
0.002458 813
0.002459 813
0.00246 813
0.002461 813
0.002462 813
0.002463 814
0.002464 814
0.002465 814
0.002466 814
0.002467 814
0.002468 814
0.002469 814
0.00247 814
0.002471 814
0.002472 814
0.002473 814
0.002474 815
0.002475 815
0.002476 815
0.002477 815
0.002478 815
0.002479 815
0.00248 815
0.002481 814
0.002482 814
0.002483 814
0.002484 814
0.002485 814
0.002486 815
0.002487 815
0.002488 815
0.002489 815
0.00249 816
0.002491 816
0.002492 816
0.002493 817
0.002494 817
0.002495 817
0.002496 817
0.002497 817
0.002498 817
0.002499 817
0.0025 817
0.002501 817
0.002502 818
0.002503 818
0.002504 818
0.002505 817
0.002506 817
0.002507 817
0.002508 817
0.002509 818
0.00251 818
0.002511 818
0.002512 818
0.002513 818
0.002514 819
0.002515 819
0.002516 819
0.002517 819
0.002518 819
0.002519 819
0.00252 819
0.002521 819
0.002522 819
0.002523 819
0.002524 819
0.002525 819
0.002526 819
0.002527 819
0.002528 819
0.002529 819
0.00253 819
0.002531 819
0.002532 819
0.002533 819
0.002534 819
0.002535 820
0.002536 820
0.002537 820
0.002538 820
0.002539 820
0.00254 820
0.002541 820
0.002542 820
0.002543 820
0.002544 820
0.002545 820
0.002546 820
0.002547 820
0.002548 820
0.002549 820
0.00255 820
0.002551 820
0.002552 820
0.002553 820
0.002554 820
0.002555 820
0.002556 819
0.002557 819
0.002558 819
0.002559 819
0.00256 819
0.002561 820
0.002562 820
0.002563 820
0.002564 820
0.002565 820
0.002566 820
0.002567 820
0.002568 821
0.002569 821
0.00257 821
0.002571 821
0.002572 821
0.002573 821
0.002574 821
0.002575 821
0.002576 821
0.002577 821
0.002578 821
0.002579 821
0.00258 821
0.002581 821
0.002582 822
0.002583 823
0.002584 823
0.002585 823
0.002586 823
0.002587 823
0.002588 823
0.002589 822
0.00259 822
0.002591 822
0.002592 822
0.002593 822
0.002594 822
0.002595 822
0.002596 822
0.002597 822
0.002598 822
0.002599 822
0.0026 821
0.002601 821
0.002602 821
0.002603 821
0.002604 821
0.002605 821
0.002606 821
0.002607 821
0.002608 821
0.002609 821
0.00261 821
0.002611 821
0.002612 821
0.002613 821
0.002614 821
0.002615 821
0.002616 821
0.002617 821
0.002618 822
0.002619 822
0.00262 822
0.002621 822
0.002622 822
0.002623 822
0.002624 822
0.002625 822
0.002626 822
0.002627 822
0.002628 822
0.002629 822
0.00263 822
0.002631 822
0.002632 823
0.002633 823
0.002634 823
0.002635 823
0.002636 823
0.002637 823
0.002638 823
0.002639 823
0.00264 822
0.002641 822
0.002642 822
0.002643 822
0.002644 822
0.002645 823
0.002646 823
0.002647 823
0.002648 823
0.002649 823
0.00265 823
0.002651 823
0.002652 823
0.002653 823
0.002654 823
0.002655 823
0.002656 824
0.002657 824
0.002658 824
0.002659 824
0.00266 824
0.002661 824
0.002662 824
0.002663 824
0.002664 824
0.002665 824
0.002666 824
0.002667 825
0.002668 825
0.002669 825
0.00267 825
0.002671 826
0.002672 826
0.002673 826
0.002674 826
0.002675 826
0.002676 826
0.002677 828
0.002678 828
0.002679 828
0.00268 828
0.002681 828
0.002682 828
0.002683 828
0.002684 828
0.002685 828
0.002686 828
0.002687 828
0.002688 828
0.002689 828
0.00269 828
0.002691 828
0.002692 829
0.002693 829
0.002694 829
0.002695 829
0.002696 829
0.002697 829
0.002698 829
0.002699 828
0.0027 828
0.002701 828
0.002702 828
0.002703 828
0.002704 828
0.002705 829
0.002706 829
0.002707 829
0.002708 829
0.002709 829
0.00271 829
0.002711 829
0.002712 829
0.002713 829
0.002714 829
0.002715 829
0.002716 829
0.002717 829
0.002718 829
0.002719 829
0.00272 829
0.002721 829
0.002722 829
0.002723 829
0.002724 829
0.002725 829
0.002726 829
0.002727 829
0.002728 829
0.002729 829
0.00273 829
0.002731 829
0.002732 829
0.002733 829
0.002734 828
0.002735 828
0.002736 828
0.002737 828
0.002738 828
0.002739 827
0.00274 827
0.002741 827
0.002742 827
0.002743 827
0.002744 827
0.002745 827
0.002746 827
0.002747 827
0.002748 827
0.002749 827
0.00275 827
0.002751 827
0.002752 827
0.002753 827
0.002754 827
0.002755 827
0.002756 827
0.002757 827
0.002758 827
0.002759 827
0.00276 827
0.002761 827
0.002762 827
0.002763 827
0.002764 827
0.002765 826
0.002766 826
0.002767 826
0.002768 826
0.002769 826
0.00277 826
0.002771 826
0.002772 826
0.002773 826
0.002774 826
0.002775 826
0.002776 826
0.002777 825
0.002778 825
0.002779 825
0.00278 825
0.002781 825
0.002782 825
0.002783 825
0.002784 825
0.002785 826
0.002786 826
0.002787 826
0.002788 826
0.002789 826
0.00279 826
0.002791 826
0.002792 826
0.002793 826
0.002794 826
0.002795 826
0.002796 826
0.002797 826
0.002798 826
0.002799 826
0.0028 826
0.002801 826
0.002802 826
0.002803 827
0.002804 827
0.002805 827
0.002806 827
0.002807 828
0.002808 828
0.002809 828
0.00281 828
0.002811 828
0.002812 828
0.002813 827
0.002814 827
0.002815 828
0.002816 828
0.002817 828
0.002818 828
0.002819 828
0.00282 828
0.002821 828
0.002822 828
0.002823 828
0.002824 828
0.002825 828
0.002826 828
0.002827 828
0.002828 828
0.002829 827
0.00283 828
0.002831 828
0.002832 828
0.002833 828
0.002834 828
0.002835 828
0.002836 828
0.002837 828
0.002838 828
0.002839 828
0.00284 828
0.002841 827
0.002842 827
0.002843 827
0.002844 827
0.002845 827
0.002846 827
0.002847 827
0.002848 827
0.002849 827
0.00285 827
0.002851 827
0.002852 828
0.002853 828
0.002854 828
0.002855 827
0.002856 827
0.002857 827
0.002858 827
0.002859 827
0.00286 827
0.002861 827
0.002862 827
0.002863 827
0.002864 827
0.002865 827
0.002866 827
0.002867 827
0.002868 827
0.002869 827
0.00287 827
0.002871 827
0.002872 827
0.002873 826
0.002874 824
0.002875 824
0.002876 824
0.002877 824
0.002878 824
0.002879 824
0.00288 824
0.002881 824
0.002882 824
0.002883 824
0.002884 824
0.002885 823
0.002886 823
0.002887 823
0.002888 823
0.002889 823
0.00289 823
0.002891 823
0.002892 823
0.002893 823
0.002894 823
0.002895 823
0.002896 823
0.002897 823
0.002898 822
0.002899 822
0.0029 822
0.002901 822
0.002902 822
0.002903 822
0.002904 822
0.002905 821
0.002906 821
0.002907 821
0.002908 822
0.002909 822
0.00291 822
0.002911 822
0.002912 822
0.002913 822
0.002914 822
0.002915 822
0.002916 822
0.002917 822
0.002918 822
0.002919 822
0.00292 822
0.002921 822
0.002922 822
0.002923 822
0.002924 822
0.002925 822
0.002926 822
0.002927 822
0.002928 822
0.002929 822
0.00293 822
0.002931 822
0.002932 822
0.002933 822
0.002934 822
0.002935 822
0.002936 822
0.002937 822
0.002938 822
0.002939 822
0.00294 822
0.002941 822
0.002942 822
0.002943 822
0.002944 822
0.002945 822
0.002946 822
0.002947 822
0.002948 822
0.002949 822
0.00295 822
0.002951 822
0.002952 822
0.002953 822
0.002954 822
0.002955 822
0.002956 822
0.002957 822
0.002958 822
0.002959 822
0.00296 822
0.002961 822
0.002962 822
0.002963 822
0.002964 822
0.002965 822
0.002966 822
0.002967 822
0.002968 822
0.002969 822
0.00297 822
0.002971 821
0.002972 821
0.002973 821
0.002974 821
0.002975 821
0.002976 821
0.002977 821
0.002978 821
0.002979 821
0.00298 821
0.002981 821
0.002982 821
0.002983 821
0.002984 821
0.002985 821
0.002986 821
0.002987 823
0.002988 824
0.002989 824
0.00299 824
0.002991 824
0.002992 824
0.002993 824
0.002994 824
0.002995 824
0.002996 824
0.002997 824
0.002998 824
0.002999 824
0.003 824
0.003001 824
0.003002 824
0.003003 824
0.003004 824
0.003005 824
0.003006 824
0.003007 824
0.003008 824
0.003009 824
0.00301 824
0.003011 823
0.003012 823
0.003013 823
0.003014 823
0.003015 823
0.003016 823
0.003017 823
0.003018 824
0.003019 825
0.00302 825
0.003021 825
0.003022 825
0.003023 825
0.003024 825
0.003025 825
0.003026 825
0.003027 825
0.003028 825
0.003029 825
0.00303 825
0.003031 825
0.003032 825
0.003033 825
0.003034 825
0.003035 825
0.003036 825
0.003037 825
0.003038 825
0.003039 825
0.00304 825
0.003041 825
0.003042 825
0.003043 825
0.003044 825
0.003045 825
0.003046 825
0.003047 825
0.003048 825
0.003049 825
0.00305 825
0.003051 825
0.003052 825
0.003053 825
0.003054 825
0.003055 825
0.003056 825
0.003057 825
0.003058 825
0.003059 825
0.00306 825
0.003061 825
0.003062 825
0.003063 825
0.003064 825
0.003065 825
0.003066 825
0.003067 825
0.003068 825
0.003069 825
0.00307 825
0.003071 825
0.003072 825
0.003073 825
0.003074 826
0.003075 826
0.003076 826
0.003077 826
0.003078 826
0.003079 826
0.00308 826
0.003081 826
0.003082 826
0.003083 827
0.003084 827
0.003085 827
0.003086 827
0.003087 827
0.003088 827
0.003089 827
0.00309 827
0.003091 827
0.003092 827
0.003093 827
0.003094 827
0.003095 827
0.003096 827
0.003097 827
0.003098 827
0.003099 827
0.0031 827
0.003101 827
0.003102 827
0.003103 827
0.003104 827
0.003105 827
0.003106 827
0.003107 827
0.003108 827
0.003109 827
0.00311 827
0.003111 827
0.003112 827
0.003113 827
0.003114 827
0.003115 827
0.003116 827
0.003117 826
0.003118 826
0.003119 826
0.00312 826
0.003121 826
0.003122 826
0.003123 826
0.003124 826
0.003125 826
0.003126 826
0.003127 826
0.003128 826
0.003129 826
0.00313 826
0.003131 826
0.003132 826
0.003133 826
0.003134 826
0.003135 826
0.003136 826
0.003137 826
0.003138 826
0.003139 826
0.00314 826
0.003141 826
0.003142 826
0.003143 826
0.003144 826
0.003145 826
0.003146 826
0.003147 826
0.003148 826
0.003149 826
0.00315 826
0.003151 826
0.003152 826
0.003153 826
0.003154 825
0.003155 825
0.003156 825
0.003157 825
0.003158 825
0.003159 825
0.00316 825
0.003161 825
0.003162 825
0.003163 825
0.003164 826
0.003165 826
0.003166 826
0.003167 826
0.003168 826
0.003169 826
0.00317 826
0.003171 826
0.003172 826
0.003173 826
0.003174 826
0.003175 826
0.003176 826
0.003177 826
0.003178 826
0.003179 826
0.00318 826
0.003181 827
0.003182 827
0.003183 827
0.003184 827
0.003185 827
0.003186 827
0.003187 827
0.003188 827
0.003189 827
0.00319 827
0.003191 827
0.003192 827
0.003193 827
0.003194 828
0.003195 828
0.003196 828
0.003197 828
0.003198 828
0.003199 828
0.0032 828
0.003201 828
0.003202 827
0.003203 827
0.003204 827
0.003205 827
0.003206 827
0.003207 827
0.003208 827
0.003209 826
0.00321 826
0.003211 826
0.003212 826
0.003213 826
0.003214 826
0.003215 826
0.003216 827
0.003217 827
0.003218 827
0.003219 827
0.00322 827
0.003221 827
0.003222 827
0.003223 827
0.003224 827
0.003225 826
0.003226 826
0.003227 826
0.003228 826
0.003229 826
0.00323 826
0.003231 826
0.003232 826
0.003233 826
0.003234 826
0.003235 826
0.003236 826
0.003237 826
0.003238 826
0.003239 826
0.00324 826
0.003241 826
0.003242 827
0.003243 827
0.003244 827
0.003245 827
0.003246 827
0.003247 827
0.003248 827
0.003249 825
0.00325 825
0.003251 825
0.003252 825
0.003253 825
0.003254 825
0.003255 825
0.003256 825
0.003257 825
0.003258 826
0.003259 826
0.00326 826
0.003261 826
0.003262 826
0.003263 825
0.003264 825
0.003265 825
0.003266 825
0.003267 825
0.003268 825
0.003269 825
0.00327 825
0.003271 825
0.003272 825
0.003273 826
0.003274 826
0.003275 826
0.003276 826
0.003277 826
0.003278 827
0.003279 827
0.00328 827
0.003281 827
0.003282 828
0.003283 828
0.003284 829
0.003285 829
0.003286 829
0.003287 829
0.003288 829
0.003289 829
0.00329 829
0.003291 829
0.003292 829
0.003293 829
0.003294 829
0.003295 829
0.003296 829
0.003297 829
0.003298 829
0.003299 829
0.0033 829
0.003301 829
0.003302 831
0.003303 831
0.003304 831
0.003305 831
0.003306 831
0.003307 831
0.003308 831
0.003309 831
0.00331 831
0.003311 831
0.003312 831
0.003313 831
0.003314 831
0.003315 831
0.003316 831
0.003317 831
0.003318 831
0.003319 831
0.00332 830
0.003321 830
0.003322 830
0.003323 830
0.003324 830
0.003325 830
0.003326 830
0.003327 830
0.003328 830
0.003329 830
0.00333 830
0.003331 830
0.003332 830
0.003333 830
0.003334 830
0.003335 830
0.003336 830
0.003337 830
0.003338 830
0.003339 829
0.00334 829
0.003341 830
0.003342 830
0.003343 830
0.003344 830
0.003345 830
0.003346 830
0.003347 830
0.003348 830
0.003349 830
0.00335 831
0.003351 831
0.003352 831
0.003353 831
0.003354 831
0.003355 831
0.003356 831
0.003357 831
0.003358 831
0.003359 831
0.00336 831
0.003361 831
0.003362 831
0.003363 831
0.003364 832
0.003365 832
0.003366 833
0.003367 833
0.003368 833
0.003369 833
0.00337 833
0.003371 833
0.003372 833
0.003373 834
0.003374 834
0.003375 834
0.003376 834
0.003377 834
0.003378 835
0.003379 835
0.00338 835
0.003381 835
0.003382 835
0.003383 835
0.003384 835
0.003385 835
0.003386 835
0.003387 835
0.003388 835
0.003389 835
0.00339 835
0.003391 835
0.003392 835
0.003393 835
0.003394 835
0.003395 835
0.003396 836
0.003397 836
0.003398 836
0.003399 836
0.0034 836
0.003401 836
0.003402 836
0.003403 836
0.003404 836
0.003405 836
0.003406 836
0.003407 836
0.003408 836
0.003409 836
0.00341 836
0.003411 836
0.003412 836
0.003413 836
0.003414 836
0.003415 836
0.003416 836
0.003417 836
0.003418 837
0.003419 836
0.00342 836
0.003421 836
0.003422 836
0.003423 836
0.003424 837
0.003425 837
0.003426 837
0.003427 837
0.003428 838
0.003429 837
0.00343 837
0.003431 837
0.003432 837
0.003433 837
0.003434 836
0.003435 836
0.003436 836
0.003437 837
0.003438 837
0.003439 837
0.00344 837
0.003441 837
0.003442 837
0.003443 837
0.003444 837
0.003445 837
0.003446 837
0.003447 837
0.003448 837
0.003449 837
0.00345 837
0.003451 837
0.003452 837
0.003453 837
0.003454 837
0.003455 837
0.003456 837
0.003457 837
0.003458 837
0.003459 837
0.00346 837
0.003461 838
0.003462 838
0.003463 838
0.003464 838
0.003465 838
0.003466 838
0.003467 838
0.003468 838
0.003469 839
0.00347 839
0.003471 839
0.003472 839
0.003473 839
0.003474 839
0.003475 839
0.003476 839
0.003477 839
0.003478 839
0.003479 839
0.00348 839
0.003481 839
0.003482 839
0.003483 839
0.003484 839
0.003485 839
0.003486 839
0.003487 839
0.003488 839
0.003489 839
0.00349 839
0.003491 839
0.003492 839
0.003493 839
0.003494 839
0.003495 839
0.003496 839
0.003497 839
0.003498 840
0.003499 840
0.0035 840
0.003501 840
0.003502 839
0.003503 839
0.003504 839
0.003505 839
0.003506 839
0.003507 839
0.003508 839
0.003509 839
0.00351 839
0.003511 839
0.003512 838
0.003513 839
0.003514 839
0.003515 839
0.003516 839
0.003517 839
0.003518 839
0.003519 839
0.00352 839
0.003521 839
0.003522 839
0.003523 839
0.003524 839
0.003525 839
0.003526 839
0.003527 839
0.003528 839
0.003529 839
0.00353 839
0.003531 839
0.003532 839
0.003533 839
0.003534 839
0.003535 839
0.003536 839
0.003537 839
0.003538 838
0.003539 838
0.00354 838
0.003541 839
0.003542 839
0.003543 839
0.003544 840
0.003545 840
0.003546 840
0.003547 840
0.003548 840
0.003549 840
0.00355 840
0.003551 840
0.003552 841
0.003553 841
0.003554 841
0.003555 841
0.003556 841
0.003557 841
0.003558 841
0.003559 841
0.00356 841
0.003561 841
0.003562 841
0.003563 841
0.003564 841
0.003565 841
0.003566 841
0.003567 841
0.003568 841
0.003569 841
0.00357 841
0.003571 841
0.003572 841
0.003573 841
0.003574 841
0.003575 841
0.003576 841
0.003577 841
0.003578 841
0.003579 841
0.00358 841
0.003581 841
0.003582 841
0.003583 841
0.003584 841
0.003585 841
0.003586 841
0.003587 841
0.003588 841
0.003589 841
0.00359 841
0.003591 841
0.003592 841
0.003593 841
0.003594 841
0.003595 841
0.003596 841
0.003597 841
0.003598 841
0.003599 841
0.0036 841
0.003601 841
0.003602 840
0.003603 840
0.003604 840
0.003605 840
0.003606 840
0.003607 840
0.003608 840
0.003609 840
0.00361 839
0.003611 838
0.003612 838
0.003613 838
0.003614 838
0.003615 838
0.003616 838
0.003617 838
0.003618 838
0.003619 838
0.00362 838
0.003621 838
0.003622 838
0.003623 838
0.003624 838
0.003625 838
0.003626 838
0.003627 838
0.003628 838
0.003629 838
0.00363 838
0.003631 838
0.003632 838
0.003633 838
0.003634 838
0.003635 838
0.003636 838
0.003637 838
0.003638 838
0.003639 838
0.00364 838
0.003641 838
0.003642 838
0.003643 838
0.003644 839
0.003645 839
0.003646 839
0.003647 839
0.003648 839
0.003649 839
0.00365 839
0.003651 839
0.003652 839
0.003653 839
0.003654 839
0.003655 839
0.003656 840
0.003657 840
0.003658 840
0.003659 840
0.00366 840
0.003661 840
0.003662 840
0.003663 840
0.003664 840
0.003665 840
0.003666 840
0.003667 840
0.003668 840
0.003669 840
0.00367 840
0.003671 840
0.003672 839
0.003673 839
0.003674 840
0.003675 840
0.003676 840
0.003677 840
0.003678 840
0.003679 841
0.00368 840
0.003681 840
0.003682 840
0.003683 840
0.003684 840
0.003685 840
0.003686 840
0.003687 841
0.003688 841
0.003689 841
0.00369 841
0.003691 841
0.003692 841
0.003693 841
0.003694 841
0.003695 841
0.003696 841
0.003697 841
0.003698 841
0.003699 840
0.0037 840
0.003701 840
0.003702 840
0.003703 840
0.003704 840
0.003705 840
0.003706 840
0.003707 840
0.003708 841
0.003709 841
0.00371 841
0.003711 841
0.003712 842
0.003713 842
0.003714 842
0.003715 842
0.003716 842
0.003717 842
0.003718 842
0.003719 842
0.00372 841
0.003721 841
0.003722 841
0.003723 841
0.003724 841
0.003725 841
0.003726 841
0.003727 841
0.003728 841
0.003729 841
0.00373 840
0.003731 840
0.003732 840
0.003733 840
0.003734 840
0.003735 840
0.003736 840
0.003737 840
0.003738 840
0.003739 840
0.00374 841
0.003741 841
0.003742 841
0.003743 839
0.003744 839
0.003745 838
0.003746 838
0.003747 838
0.003748 838
0.003749 838
0.00375 838
0.003751 838
0.003752 838
0.003753 838
0.003754 838
0.003755 838
0.003756 838
0.003757 838
0.003758 838
0.003759 838
0.00376 839
0.003761 839
0.003762 839
0.003763 839
0.003764 839
0.003765 839
0.003766 840
0.003767 840
0.003768 840
0.003769 840
0.00377 840
0.003771 841
0.003772 841
0.003773 841
0.003774 841
0.003775 841
0.003776 841
0.003777 841
0.003778 841
0.003779 840
0.00378 840
0.003781 840
0.003782 840
0.003783 840
0.003784 840
0.003785 840
0.003786 840
0.003787 840
0.003788 840
0.003789 840
0.00379 841
0.003791 841
0.003792 841
0.003793 841
0.003794 841
0.003795 841
0.003796 841
0.003797 841
0.003798 842
0.003799 842
0.0038 842
0.003801 842
0.003802 842
0.003803 841
0.003804 841
0.003805 841
0.003806 841
0.003807 840
0.003808 840
0.003809 840
0.00381 840
0.003811 840
0.003812 840
0.003813 840
0.003814 839
0.003815 839
0.003816 839
0.003817 839
0.003818 839
0.003819 839
0.00382 839
0.003821 839
0.003822 839
0.003823 839
0.003824 839
0.003825 838
0.003826 838
0.003827 837
0.003828 837
0.003829 837
0.00383 837
0.003831 837
0.003832 837
0.003833 837
0.003834 837
0.003835 837
0.003836 837
0.003837 837
0.003838 837
0.003839 837
0.00384 836
0.003841 837
0.003842 837
0.003843 837
0.003844 837
0.003845 837
0.003846 837
0.003847 837
0.003848 838
0.003849 838
0.00385 837
0.003851 837
0.003852 837
0.003853 837
0.003854 837
0.003855 837
0.003856 837
0.003857 837
0.003858 838
0.003859 838
0.00386 838
0.003861 838
0.003862 838
0.003863 838
0.003864 838
0.003865 838
0.003866 838
0.003867 838
0.003868 838
0.003869 838
0.00387 838
0.003871 838
0.003872 838
0.003873 838
0.003874 839
0.003875 839
0.003876 840
0.003877 840
0.003878 840
0.003879 840
0.00388 840
0.003881 841
0.003882 841
0.003883 841
0.003884 841
0.003885 841
0.003886 841
0.003887 841
0.003888 841
0.003889 841
0.00389 841
0.003891 841
0.003892 841
0.003893 841
0.003894 841
0.003895 840
0.003896 840
0.003897 839
0.003898 839
0.003899 839
0.0039 839
0.003901 839
0.003902 839
0.003903 839
0.003904 839
0.003905 838
0.003906 838
0.003907 838
0.003908 838
0.003909 838
0.00391 838
0.003911 838
0.003912 838
0.003913 838
0.003914 838
0.003915 838
0.003916 838
0.003917 838
0.003918 838
0.003919 838
0.00392 838
0.003921 839
0.003922 839
0.003923 839
0.003924 839
0.003925 839
0.003926 839
0.003927 839
0.003928 839
0.003929 839
0.00393 839
0.003931 839
0.003932 839
0.003933 839
0.003934 839
0.003935 839
0.003936 839
0.003937 840
0.003938 840
0.003939 839
0.00394 839
0.003941 839
0.003942 839
0.003943 839
0.003944 839
0.003945 838
0.003946 838
0.003947 838
0.003948 838
0.003949 838
0.00395 838
0.003951 838
0.003952 838
0.003953 838
0.003954 838
0.003955 838
0.003956 838
0.003957 838
0.003958 838
0.003959 838
0.00396 838
0.003961 838
0.003962 838
0.003963 838
0.003964 838
0.003965 838
0.003966 837
0.003967 837
0.003968 837
0.003969 837
0.00397 837
0.003971 837
0.003972 837
0.003973 837
0.003974 837
0.003975 837
0.003976 837
0.003977 837
0.003978 837
0.003979 837
0.00398 837
0.003981 837
0.003982 837
0.003983 837
0.003984 837
0.003985 837
0.003986 837
0.003987 837
0.003988 838
0.003989 838
0.00399 839
0.003991 839
0.003992 839
0.003993 839
0.003994 839
0.003995 839
0.003996 839
0.003997 839
0.003998 839
0.003999 839
0.004 839
0.004001 839
0.004002 839
0.004003 839
0.004004 839
0.004005 839
0.004006 839
0.004007 840
0.004008 840
0.004009 840
0.00401 840
0.004011 839
0.004012 839
0.004013 839
0.004014 839
0.004015 839
0.004016 839
0.004017 839
0.004018 839
0.004019 839
0.00402 839
0.004021 839
0.004022 839
0.004023 839
0.004024 839
0.004025 839
0.004026 839
0.004027 839
0.004028 839
0.004029 839
0.00403 840
0.004031 840
0.004032 840
0.004033 840
0.004034 840
0.004035 840
0.004036 840
0.004037 840
0.004038 840
0.004039 840
0.00404 841
0.004041 842
0.004042 842
0.004043 842
0.004044 842
0.004045 842
0.004046 842
0.004047 842
0.004048 842
0.004049 842
0.00405 842
0.004051 842
0.004052 842
0.004053 842
0.004054 843
0.004055 843
0.004056 843
0.004057 843
0.004058 843
0.004059 843
0.00406 843
0.004061 843
0.004062 843
0.004063 843
0.004064 843
0.004065 843
0.004066 843
0.004067 843
0.004068 843
0.004069 843
0.00407 843
0.004071 843
0.004072 842
0.004073 842
0.004074 842
0.004075 842
0.004076 842
0.004077 842
0.004078 842
0.004079 842
0.00408 842
0.004081 842
0.004082 842
0.004083 842
0.004084 842
0.004085 842
0.004086 841
0.004087 841
0.004088 841
0.004089 840
0.00409 840
0.004091 840
0.004092 840
0.004093 840
0.004094 840
0.004095 840
0.004096 840
0.004097 840
0.004098 840
0.004099 840
0.0041 840
0.004101 840
0.004102 840
0.004103 840
0.004104 840
0.004105 840
0.004106 840
0.004107 840
0.004108 840
0.004109 840
0.00411 840
0.004111 840
0.004112 840
0.004113 839
0.004114 839
0.004115 839
0.004116 838
0.004117 838
0.004118 838
0.004119 838
0.00412 838
0.004121 838
0.004122 838
0.004123 838
0.004124 838
0.004125 838
0.004126 838
0.004127 837
0.004128 837
0.004129 837
0.00413 838
0.004131 838
0.004132 837
0.004133 837
0.004134 837
0.004135 837
0.004136 837
0.004137 837
0.004138 837
0.004139 837
0.00414 837
0.004141 837
0.004142 837
0.004143 837
0.004144 838
0.004145 838
0.004146 837
0.004147 837
0.004148 838
0.004149 838
0.00415 838
0.004151 838
0.004152 838
0.004153 839
0.004154 839
0.004155 841
0.004156 841
0.004157 841
0.004158 841
0.004159 841
0.00416 841
0.004161 841
0.004162 841
0.004163 841
0.004164 841
0.004165 841
0.004166 842
0.004167 840
0.004168 840
0.004169 840
0.00417 840
0.004171 838
0.004172 838
0.004173 838
0.004174 838
0.004175 838
0.004176 838
0.004177 837
0.004178 837
0.004179 837
0.00418 838
0.004181 839
0.004182 839
0.004183 839
0.004184 839
0.004185 839
0.004186 839
0.004187 839
0.004188 839
0.004189 840
0.00419 839
0.004191 839
0.004192 839
0.004193 839
0.004194 839
0.004195 839
0.004196 839
0.004197 839
0.004198 839
0.004199 839
0.0042 839
0.004201 839
0.004202 839
0.004203 839
0.004204 839
0.004205 839
0.004206 839
0.004207 839
0.004208 839
0.004209 839
0.00421 839
0.004211 839
0.004212 839
0.004213 839
0.004214 839
0.004215 839
0.004216 839
0.004217 839
0.004218 839
0.004219 838
0.00422 838
0.004221 838
0.004222 838
0.004223 838
0.004224 838
0.004225 838
0.004226 838
0.004227 838
0.004228 839
0.004229 839
0.00423 838
0.004231 838
0.004232 838
0.004233 838
0.004234 839
0.004235 839
0.004236 839
0.004237 839
0.004238 839
0.004239 839
0.00424 839
0.004241 839
0.004242 839
0.004243 839
0.004244 838
0.004245 838
0.004246 838
0.004247 838
0.004248 838
0.004249 838
0.00425 838
0.004251 838
0.004252 838
0.004253 838
0.004254 838
0.004255 838
0.004256 838
0.004257 838
0.004258 838
0.004259 838
0.00426 838
0.004261 838
0.004262 838
0.004263 837
0.004264 836
0.004265 836
0.004266 836
0.004267 836
0.004268 836
0.004269 836
0.00427 836
0.004271 836
0.004272 836
0.004273 836
0.004274 836
0.004275 836
0.004276 836
0.004277 836
0.004278 836
0.004279 836
0.00428 836
0.004281 836
0.004282 836
0.004283 836
0.004284 836
0.004285 836
0.004286 836
0.004287 836
0.004288 836
0.004289 836
0.00429 836
0.004291 836
0.004292 836
0.004293 837
0.004294 836
0.004295 836
0.004296 837
0.004297 837
0.004298 837
0.004299 837
0.0043 837
0.004301 837
0.004302 837
0.004303 837
0.004304 837
0.004305 837
0.004306 837
0.004307 837
0.004308 838
0.004309 838
0.00431 838
0.004311 837
0.004312 837
0.004313 837
0.004314 837
0.004315 837
0.004316 837
0.004317 837
0.004318 837
0.004319 837
0.00432 837
0.004321 837
0.004322 837
0.004323 837
0.004324 837
0.004325 837
0.004326 837
0.004327 837
0.004328 837
0.004329 836
0.00433 836
0.004331 836
0.004332 836
0.004333 836
0.004334 836
0.004335 836
0.004336 837
0.004337 837
0.004338 837
0.004339 837
0.00434 837
0.004341 837
0.004342 837
0.004343 837
0.004344 837
0.004345 837
0.004346 838
0.004347 838
0.004348 838
0.004349 838
0.00435 838
0.004351 839
0.004352 839
0.004353 839
0.004354 839
0.004355 839
0.004356 839
0.004357 839
0.004358 839
0.004359 839
0.00436 840
0.004361 840
0.004362 840
0.004363 840
0.004364 840
0.004365 840
0.004366 841
0.004367 841
0.004368 841
0.004369 841
0.00437 841
0.004371 841
0.004372 841
0.004373 841
0.004374 841
0.004375 841
0.004376 841
0.004377 841
0.004378 841
0.004379 841
0.00438 841
0.004381 842
0.004382 842
0.004383 842
0.004384 842
0.004385 842
0.004386 841
0.004387 841
0.004388 841
0.004389 841
0.00439 841
0.004391 841
0.004392 841
0.004393 840
0.004394 839
0.004395 839
0.004396 839
0.004397 839
0.004398 839
0.004399 840
0.0044 840
0.004401 840
0.004402 840
0.004403 840
0.004404 840
0.004405 840
0.004406 840
0.004407 840
0.004408 840
0.004409 840
0.00441 840
0.004411 840
0.004412 840
0.004413 840
0.004414 840
0.004415 840
0.004416 839
0.004417 839
0.004418 839
0.004419 840
0.00442 840
0.004421 840
0.004422 840
0.004423 840
0.004424 840
0.004425 840
0.004426 841
0.004427 841
0.004428 841
0.004429 841
0.00443 841
0.004431 840
0.004432 840
0.004433 840
0.004434 840
0.004435 840
0.004436 840
0.004437 840
0.004438 840
0.004439 840
0.00444 840
0.004441 840
0.004442 840
0.004443 841
0.004444 841
0.004445 841
0.004446 841
0.004447 841
0.004448 841
0.004449 841
0.00445 841
0.004451 842
0.004452 842
0.004453 842
0.004454 842
0.004455 842
0.004456 842
0.004457 841
0.004458 841
0.004459 841
0.00446 841
0.004461 841
0.004462 842
0.004463 842
0.004464 842
0.004465 842
0.004466 842
0.004467 842
0.004468 842
0.004469 842
0.00447 842
0.004471 841
0.004472 841
0.004473 841
0.004474 841
0.004475 841
0.004476 841
0.004477 841
0.004478 841
0.004479 842
0.00448 842
0.004481 842
0.004482 842
0.004483 842
0.004484 842
0.004485 842
0.004486 842
0.004487 842
0.004488 843
0.004489 843
0.00449 843
0.004491 843
0.004492 843
0.004493 843
0.004494 843
0.004495 843
0.004496 843
0.004497 842
0.004498 843
0.004499 843
0.0045 843
0.004501 842
0.004502 842
0.004503 841
0.004504 841
0.004505 841
0.004506 841
0.004507 841
0.004508 841
0.004509 841
0.00451 841
0.004511 841
0.004512 841
0.004513 841
0.004514 841
0.004515 841
0.004516 841
0.004517 841
0.004518 841
0.004519 841
0.00452 841
0.004521 842
0.004522 842
0.004523 842
0.004524 842
0.004525 842
0.004526 842
0.004527 842
0.004528 842
0.004529 842
0.00453 842
0.004531 842
0.004532 842
0.004533 843
0.004534 843
0.004535 843
0.004536 843
0.004537 843
0.004538 843
0.004539 843
0.00454 843
0.004541 843
0.004542 843
0.004543 843
0.004544 843
0.004545 843
0.004546 843
0.004547 843
0.004548 843
0.004549 843
0.00455 843
0.004551 843
0.004552 843
0.004553 843
0.004554 843
0.004555 843
0.004556 843
0.004557 843
0.004558 843
0.004559 843
0.00456 843
0.004561 843
0.004562 843
0.004563 843
0.004564 843
0.004565 843
0.004566 843
0.004567 843
0.004568 843
0.004569 843
0.00457 843
0.004571 843
0.004572 843
0.004573 843
0.004574 843
0.004575 843
0.004576 843
0.004577 843
0.004578 843
0.004579 843
0.00458 843
0.004581 843
0.004582 843
0.004583 843
0.004584 844
0.004585 845
0.004586 845
0.004587 845
0.004588 845
0.004589 845
0.00459 845
0.004591 845
0.004592 845
0.004593 845
0.004594 845
0.004595 845
0.004596 845
0.004597 845
0.004598 846
0.004599 846
0.0046 846
0.004601 846
0.004602 846
0.004603 846
0.004604 846
0.004605 846
0.004606 846
0.004607 846
0.004608 846
0.004609 846
0.00461 846
0.004611 846
0.004612 846
0.004613 846
0.004614 847
0.004615 847
0.004616 847
0.004617 847
0.004618 847
0.004619 847
0.00462 847
0.004621 847
0.004622 847
0.004623 847
0.004624 847
0.004625 847
0.004626 847
0.004627 847
0.004628 847
0.004629 847
0.00463 847
0.004631 847
0.004632 847
0.004633 847
0.004634 847
0.004635 847
0.004636 847
0.004637 847
0.004638 847
0.004639 847
0.00464 847
0.004641 847
0.004642 847
0.004643 847
0.004644 847
0.004645 847
0.004646 847
0.004647 847
0.004648 847
0.004649 848
0.00465 848
0.004651 848
0.004652 848
0.004653 848
0.004654 848
0.004655 848
0.004656 848
0.004657 848
0.004658 848
0.004659 848
0.00466 850
0.004661 850
0.004662 850
0.004663 850
0.004664 850
0.004665 849
0.004666 849
0.004667 849
0.004668 849
0.004669 849
0.00467 849
0.004671 849
0.004672 848
0.004673 848
0.004674 848
0.004675 848
0.004676 848
0.004677 848
0.004678 849
0.004679 849
0.00468 849
0.004681 849
0.004682 849
0.004683 849
0.004684 848
0.004685 848
0.004686 848
0.004687 848
0.004688 848
0.004689 848
0.00469 848
0.004691 848
0.004692 848
0.004693 848
0.004694 848
0.004695 848
0.004696 848
0.004697 848
0.004698 848
0.004699 848
0.0047 848
0.004701 848
0.004702 848
0.004703 848
0.004704 848
0.004705 847
0.004706 847
0.004707 847
0.004708 847
0.004709 847
0.00471 847
0.004711 847
0.004712 847
0.004713 847
0.004714 847
0.004715 847
0.004716 847
0.004717 845
0.004718 844
0.004719 844
0.00472 844
0.004721 844
0.004722 844
0.004723 844
0.004724 844
0.004725 844
0.004726 844
0.004727 844
0.004728 844
0.004729 844
0.00473 844
0.004731 844
0.004732 844
0.004733 844
0.004734 844
0.004735 844
0.004736 844
0.004737 844
0.004738 844
0.004739 844
0.00474 844
0.004741 844
0.004742 844
0.004743 844
0.004744 844
0.004745 845
0.004746 845
0.004747 845
0.004748 845
0.004749 845
0.00475 845
0.004751 845
0.004752 845
0.004753 844
0.004754 844
0.004755 846
0.004756 846
0.004757 846
0.004758 846
0.004759 846
0.00476 846
0.004761 846
0.004762 846
0.004763 846
0.004764 846
0.004765 846
0.004766 846
0.004767 847
0.004768 847
0.004769 847
0.00477 847
0.004771 847
0.004772 847
0.004773 847
0.004774 847
0.004775 847
0.004776 847
0.004777 847
0.004778 847
0.004779 847
0.00478 847
0.004781 847
0.004782 847
0.004783 847
0.004784 847
0.004785 847
0.004786 847
0.004787 847
0.004788 847
0.004789 847
0.00479 847
0.004791 847
0.004792 847
0.004793 847
0.004794 847
0.004795 846
0.004796 846
0.004797 846
0.004798 846
0.004799 846
0.0048 846
0.004801 846
0.004802 846
0.004803 846
0.004804 846
0.004805 846
0.004806 846
0.004807 846
0.004808 846
0.004809 846
0.00481 846
0.004811 846
0.004812 846
0.004813 846
0.004814 846
0.004815 846
0.004816 846
0.004817 846
0.004818 846
0.004819 846
0.00482 846
0.004821 846
0.004822 846
0.004823 846
0.004824 845
0.004825 845
0.004826 844
0.004827 844
0.004828 844
0.004829 844
0.00483 844
0.004831 844
0.004832 844
0.004833 844
0.004834 844
0.004835 844
0.004836 843
0.004837 843
0.004838 843
0.004839 844
0.00484 844
0.004841 844
0.004842 844
0.004843 843
0.004844 843
0.004845 843
0.004846 843
0.004847 843
0.004848 843
0.004849 843
0.00485 842
0.004851 842
0.004852 842
0.004853 842
0.004854 842
0.004855 842
0.004856 842
0.004857 842
0.004858 842
0.004859 842
0.00486 842
0.004861 842
0.004862 842
0.004863 842
0.004864 842
0.004865 842
0.004866 843
0.004867 843
0.004868 843
0.004869 843
0.00487 843
0.004871 843
0.004872 843
0.004873 843
0.004874 843
0.004875 843
0.004876 843
0.004877 843
0.004878 843
0.004879 843
0.00488 843
0.004881 843
0.004882 843
0.004883 843
0.004884 843
0.004885 843
0.004886 843
0.004887 843
0.004888 843
0.004889 843
0.00489 844
0.004891 844
0.004892 844
0.004893 844
0.004894 844
0.004895 844
0.004896 845
0.004897 844
0.004898 844
0.004899 844
0.0049 844
0.004901 844
0.004902 844
0.004903 844
0.004904 844
0.004905 844
0.004906 844
0.004907 844
0.004908 844
0.004909 844
0.00491 844
0.004911 844
0.004912 844
0.004913 844
0.004914 844
0.004915 844
0.004916 844
0.004917 844
0.004918 844
0.004919 844
0.00492 844
0.004921 844
0.004922 844
0.004923 844
0.004924 844
0.004925 844
0.004926 844
0.004927 844
0.004928 844
0.004929 844
0.00493 844
0.004931 844
0.004932 844
0.004933 844
0.004934 844
0.004935 844
0.004936 844
0.004937 844
0.004938 844
0.004939 844
0.00494 845
0.004941 845
0.004942 845
0.004943 845
0.004944 845
0.004945 845
0.004946 845
0.004947 845
0.004948 845
0.004949 845
0.00495 844
0.004951 844
0.004952 844
0.004953 844
0.004954 844
0.004955 844
0.004956 844
0.004957 845
0.004958 845
0.004959 845
0.00496 845
0.004961 845
0.004962 845
0.004963 845
0.004964 845
0.004965 845
0.004966 845
0.004967 845
0.004968 845
0.004969 845
0.00497 845
0.004971 845
0.004972 845
0.004973 846
0.004974 846
0.004975 846
0.004976 846
0.004977 847
0.004978 846
0.004979 846
0.00498 846
0.004981 846
0.004982 847
0.004983 847
0.004984 847
0.004985 847
0.004986 847
0.004987 847
0.004988 847
0.004989 847
0.00499 847
0.004991 847
0.004992 847
0.004993 847
0.004994 847
0.004995 848
0.004996 849
0.004997 849
0.004998 849
0.004999 849
0.005 849
