0 6802
1e-06 6788
2e-06 6771
3e-06 6752
4e-06 6739
5e-06 6722
6e-06 6712
7e-06 6703
8e-06 6684
9e-06 6670
1e-05 6656
1.1e-05 6644
1.2e-05 6632
1.3e-05 6617
1.4e-05 6594
1.5e-05 6584
1.6e-05 6567
1.7e-05 6556
1.8e-05 6544
1.9e-05 6536
2e-05 6529
2.1e-05 6520
2.2e-05 6510
2.3e-05 6497
2.4e-05 6488
2.5e-05 6481
2.6e-05 6469
2.7e-05 6454
2.8e-05 6446
2.9e-05 6429
3e-05 6422
3.1e-05 6415
3.2e-05 6403
3.3e-05 6388
3.4e-05 6381
3.5e-05 6368
3.6e-05 6361
3.7e-05 6348
3.8e-05 6337
3.9e-05 6327
4e-05 6317
4.1e-05 6309
4.2e-05 6301
4.3e-05 6293
4.4e-05 6278
4.5e-05 6274
4.6e-05 6262
4.7e-05 6252
4.8e-05 6244
4.9e-05 6235
5e-05 6229
5.1e-05 6214
5.2e-05 6210
5.3e-05 6202
5.4e-05 6190
5.5e-05 6182
5.6e-05 6174
5.7e-05 6160
5.8e-05 6151
5.9e-05 6139
6e-05 6132
6.1e-05 6119
6.2e-05 6111
6.3e-05 6099
6.4e-05 6089
6.5e-05 6074
6.6e-05 6065
6.7e-05 6058
6.8e-05 6051
6.9e-05 6041
7e-05 6032
7.1e-05 6022
7.2e-05 6013
7.3e-05 6008
7.4e-05 6002
7.5e-05 5995
7.6e-05 5983
7.7e-05 5969
7.8e-05 5964
7.9e-05 5957
8e-05 5946
8.1e-05 5934
8.2e-05 5929
8.3e-05 5920
8.4e-05 5912
8.5e-05 5906
8.6e-05 5894
8.7e-05 5882
8.8e-05 5873
8.9e-05 5869
9e-05 5862
9.1e-05 5852
9.2e-05 5845
9.3e-05 5840
9.4e-05 5835
9.5e-05 5830
9.6e-05 5822
9.7e-05 5818
9.8e-05 5812
9.9e-05 5807
0.0001 5797
0.000101 5790
0.000102 5780
0.000103 5772
0.000104 5764
0.000105 5757
0.000106 5755
0.000107 5749
0.000108 5744
0.000109 5741
0.00011 5734
0.000111 5724
0.000112 5720
0.000113 5712
0.000114 5708
0.000115 5704
0.000116 5700
0.000117 5698
0.000118 5694
0.000119 5691
0.00012 5689
0.000121 5687
0.000122 5685
0.000123 5679
0.000124 5670
0.000125 5663
0.000126 5657
0.000127 5650
0.000128 5646
0.000129 5643
0.00013 5629
0.000131 5626
0.000132 5625
0.000133 5620
0.000134 5617
0.000135 5610
0.000136 5604
0.000137 5595
0.000138 5594
0.000139 5594
0.00014 5589
0.000141 5587
0.000142 5585
0.000143 5582
0.000144 5579
0.000145 5572
0.000146 5567
0.000147 5563
0.000148 5562
0.000149 5559
0.00015 5555
0.000151 5553
0.000152 5549
0.000153 5544
0.000154 5544
0.000155 5538
0.000156 5537
0.000157 5535
0.000158 5532
0.000159 5525
0.00016 5520
0.000161 5518
0.000162 5514
0.000163 5507
0.000164 5505
0.000165 5503
0.000166 5499
0.000167 5493
0.000168 5489
0.000169 5486
0.00017 5483
0.000171 5478
0.000172 5476
0.000173 5475
0.000174 5470
0.000175 5464
0.000176 5461
0.000177 5456
0.000178 5451
0.000179 5444
0.00018 5435
0.000181 5434
0.000182 5429
0.000183 5423
0.000184 5421
0.000185 5419
0.000186 5414
0.000187 5410
0.000188 5403
0.000189 5403
0.00019 5400
0.000191 5398
0.000192 5393
0.000193 5385
0.000194 5385
0.000195 5383
0.000196 5379
0.000197 5377
0.000198 5374
0.000199 5372
0.0002 5368
0.000201 5366
0.000202 5364
0.000203 5361
0.000204 5360
0.000205 5360
0.000206 5359
0.000207 5354
0.000208 5351
0.000209 5352
0.00021 5349
0.000211 5346
0.000212 5342
0.000213 5340
0.000214 5337
0.000215 5336
0.000216 5333
0.000217 5331
0.000218 5328
0.000219 5322
0.00022 5318
0.000221 5314
0.000222 5312
0.000223 5310
0.000224 5307
0.000225 5306
0.000226 5302
0.000227 5300
0.000228 5297
0.000229 5296
0.00023 5296
0.000231 5294
0.000232 5293
0.000233 5290
0.000234 5289
0.000235 5285
0.000236 5283
0.000237 5281
0.000238 5276
0.000239 5273
0.00024 5272
0.000241 5270
0.000242 5265
0.000243 5260
0.000244 5258
0.000245 5255
0.000246 5253
0.000247 5250
0.000248 5248
0.000249 5246
0.00025 5245
0.000251 5245
0.000252 5244
0.000253 5244
0.000254 5239
0.000255 5238
0.000256 5237
0.000257 5236
0.000258 5235
0.000259 5234
0.00026 5232
0.000261 5230
0.000262 5229
0.000263 5227
0.000264 5224
0.000265 5222
0.000266 5220
0.000267 5218
0.000268 5216
0.000269 5214
0.00027 5209
0.000271 5210
0.000272 5209
0.000273 5204
0.000274 5205
0.000275 5204
0.000276 5201
0.000277 5200
0.000278 5198
0.000279 5196
0.00028 5194
0.000281 5193
0.000282 5193
0.000283 5190
0.000284 5186
0.000285 5183
0.000286 5181
0.000287 5179
0.000288 5177
0.000289 5176
0.00029 5174
0.000291 5176
0.000292 5177
0.000293 5177
0.000294 5173
0.000295 5169
0.000296 5167
0.000297 5164
0.000298 5163
0.000299 5162
0.0003 5162
0.000301 5160
0.000302 5155
0.000303 5153
0.000304 5151
0.000305 5151
0.000306 5149
0.000307 5149
0.000308 5147
0.000309 5146
0.00031 5143
0.000311 5142
0.000312 5140
0.000313 5137
0.000314 5135
0.000315 5133
0.000316 5131
0.000317 5130
0.000318 5126
0.000319 5124
0.00032 5122
0.000321 5120
0.000322 5118
0.000323 5115
0.000324 5112
0.000325 5109
0.000326 5108
0.000327 5106
0.000328 5104
0.000329 5103
0.00033 5103
0.000331 5103
0.000332 5102
0.000333 5101
0.000334 5100
0.000335 5101
0.000336 5101
0.000337 5100
0.000338 5098
0.000339 5098
0.00034 5097
0.000341 5096
0.000342 5095
0.000343 5094
0.000344 5091
0.000345 5089
0.000346 5088
0.000347 5086
0.000348 5083
0.000349 5080
0.00035 5079
0.000351 5079
0.000352 5079
0.000353 5079
0.000354 5075
0.000355 5073
0.000356 5073
0.000357 5071
0.000358 5071
0.000359 5071
0.00036 5070
0.000361 5069
0.000362 5069
0.000363 5068
0.000364 5068
0.000365 5068
0.000366 5065
0.000367 5064
0.000368 5061
0.000369 5061
0.00037 5061
0.000371 5060
0.000372 5059
0.000373 5056
0.000374 5054
0.000375 5053
0.000376 5052
0.000377 5052
0.000378 5051
0.000379 5047
0.00038 5047
0.000381 5046
0.000382 5045
0.000383 5045
0.000384 5040
0.000385 5039
0.000386 5037
0.000387 5037
0.000388 5037
0.000389 5037
0.00039 5036
0.000391 5034
0.000392 5032
0.000393 5031
0.000394 5030
0.000395 5029
0.000396 5029
0.000397 5028
0.000398 5029
0.000399 5028
0.0004 5028
0.000401 5026
0.000402 5025
0.000403 5025
0.000404 5023
0.000405 5023
0.000406 5021
0.000407 5018
0.000408 5017
0.000409 5016
0.00041 5013
0.000411 5011
0.000412 5011
0.000413 5011
0.000414 5010
0.000415 5010
0.000416 5009
0.000417 5007
0.000418 5007
0.000419 5006
0.00042 5006
0.000421 5005
0.000422 5003
0.000423 5003
0.000424 5003
0.000425 5003
0.000426 5003
0.000427 5002
0.000428 5002
0.000429 5002
0.00043 5001
0.000431 5001
0.000432 5001
0.000433 4998
0.000434 4999
0.000435 4999
0.000436 4998
0.000437 4998
0.000438 4999
0.000439 4998
0.00044 4999
0.000441 4999
0.000442 4998
0.000443 4998
0.000444 4997
0.000445 4998
0.000446 4998
0.000447 4998
0.000448 4998
0.000449 4996
0.00045 4997
0.000451 4996
0.000452 4996
0.000453 4995
0.000454 4996
0.000455 4996
0.000456 4995
0.000457 4995
0.000458 4995
0.000459 4995
0.00046 4995
0.000461 4995
0.000462 4995
0.000463 4994
0.000464 4993
0.000465 4993
0.000466 4990
0.000467 4989
0.000468 4988
0.000469 4988
0.00047 4987
0.000471 4987
0.000472 4986
0.000473 4986
0.000474 4986
0.000475 4986
0.000476 4986
0.000477 4986
0.000478 4985
0.000479 4984
0.00048 4984
0.000481 4985
0.000482 4985
0.000483 4985
0.000484 4984
0.000485 4984
0.000486 4983
0.000487 4982
0.000488 4981
0.000489 4981
0.00049 4981
0.000491 4981
0.000492 4981
0.000493 4981
0.000494 4980
0.000495 4978
0.000496 4977
0.000497 4977
0.000498 4976
0.000499 4976
0.0005 4976
0.000501 4976
0.000502 4976
0.000503 4977
0.000504 4977
0.000505 4977
0.000506 4977
0.000507 4978
0.000508 4975
0.000509 4975
0.00051 4975
0.000511 4975
0.000512 4975
0.000513 4974
0.000514 4974
0.000515 4973
0.000516 4972
0.000517 4973
0.000518 4971
0.000519 4971
0.00052 4972
0.000521 4972
0.000522 4971
0.000523 4970
0.000524 4969
0.000525 4970
0.000526 4970
0.000527 4970
0.000528 4971
0.000529 4971
0.00053 4970
0.000531 4971
0.000532 4971
0.000533 4970
0.000534 4969
0.000535 4967
0.000536 4966
0.000537 4966
0.000538 4964
0.000539 4963
0.00054 4963
0.000541 4963
0.000542 4963
0.000543 4963
0.000544 4963
0.000545 4963
0.000546 4962
0.000547 4961
0.000548 4957
0.000549 4957
0.00055 4957
0.000551 4958
0.000552 4956
0.000553 4954
0.000554 4953
0.000555 4953
0.000556 4952
0.000557 4949
0.000558 4949
0.000559 4949
0.00056 4950
0.000561 4949
0.000562 4948
0.000563 4948
0.000564 4948
0.000565 4948
0.000566 4948
0.000567 4947
0.000568 4944
0.000569 4944
0.00057 4944
0.000571 4942
0.000572 4942
0.000573 4941
0.000574 4942
0.000575 4942
0.000576 4943
0.000577 4943
0.000578 4943
0.000579 4943
0.00058 4944
0.000581 4944
0.000582 4944
0.000583 4944
0.000584 4944
0.000585 4944
0.000586 4944
0.000587 4944
0.000588 4944
0.000589 4942
0.00059 4942
0.000591 4942
0.000592 4942
0.000593 4943
0.000594 4942
0.000595 4942
0.000596 4942
0.000597 4943
0.000598 4943
0.000599 4943
0.0006 4943
0.000601 4941
0.000602 4941
0.000603 4941
0.000604 4941
0.000605 4941
0.000606 4941
0.000607 4941
0.000608 4940
0.000609 4939
0.00061 4937
0.000611 4936
0.000612 4936
0.000613 4936
0.000614 4936
0.000615 4936
0.000616 4936
0.000617 4937
0.000618 4936
0.000619 4936
0.00062 4936
0.000621 4936
0.000622 4936
0.000623 4936
0.000624 4936
0.000625 4937
0.000626 4937
0.000627 4937
0.000628 4937
0.000629 4936
0.00063 4936
0.000631 4935
0.000632 4935
0.000633 4936
0.000634 4936
0.000635 4936
0.000636 4936
0.000637 4935
0.000638 4936
0.000639 4936
0.00064 4934
0.000641 4933
0.000642 4933
0.000643 4933
0.000644 4933
0.000645 4933
0.000646 4933
0.000647 4932
0.000648 4932
0.000649 4931
0.00065 4931
0.000651 4931
0.000652 4931
0.000653 4931
0.000654 4931
0.000655 4931
0.000656 4931
0.000657 4931
0.000658 4931
0.000659 4930
0.00066 4930
0.000661 4931
0.000662 4931
0.000663 4931
0.000664 4930
0.000665 4929
0.000666 4929
0.000667 4929
0.000668 4929
0.000669 4929
0.00067 4929
0.000671 4928
0.000672 4928
0.000673 4928
0.000674 4928
0.000675 4928
0.000676 4927
0.000677 4927
0.000678 4927
0.000679 4928
0.00068 4928
0.000681 4929
0.000682 4930
0.000683 4929
0.000684 4929
0.000685 4929
0.000686 4929
0.000687 4929
0.000688 4928
0.000689 4927
0.00069 4927
0.000691 4927
0.000692 4926
0.000693 4924
0.000694 4923
0.000695 4923
0.000696 4923
0.000697 4923
0.000698 4922
0.000699 4922
0.0007 4922
0.000701 4922
0.000702 4923
0.000703 4922
0.000704 4923
0.000705 4923
0.000706 4922
0.000707 4922
0.000708 4922
0.000709 4922
0.00071 4922
0.000711 4923
0.000712 4922
0.000713 4921
0.000714 4921
0.000715 4922
0.000716 4921
0.000717 4920
0.000718 4921
0.000719 4920
0.00072 4920
0.000721 4920
0.000722 4920
0.000723 4920
0.000724 4921
0.000725 4921
0.000726 4921
0.000727 4921
0.000728 4922
0.000729 4922
0.00073 4923
0.000731 4923
0.000732 4923
0.000733 4923
0.000734 4923
0.000735 4923
0.000736 4923
0.000737 4924
0.000738 4924
0.000739 4924
0.00074 4924
0.000741 4923
0.000742 4923
0.000743 4924
0.000744 4924
0.000745 4923
0.000746 4924
0.000747 4924
0.000748 4924
0.000749 4924
0.00075 4925
0.000751 4925
0.000752 4925
0.000753 4925
0.000754 4925
0.000755 4926
0.000756 4926
0.000757 4926
0.000758 4926
0.000759 4927
0.00076 4927
0.000761 4927
0.000762 4927
0.000763 4928
0.000764 4928
0.000765 4927
0.000766 4926
0.000767 4926
0.000768 4928
0.000769 4928
0.00077 4928
0.000771 4928
0.000772 4928
0.000773 4928
0.000774 4929
0.000775 4930
0.000776 4931
0.000777 4932
0.000778 4932
0.000779 4931
0.00078 4930
0.000781 4930
0.000782 4930
0.000783 4931
0.000784 4931
0.000785 4930
0.000786 4930
0.000787 4930
0.000788 4928
0.000789 4928
0.00079 4929
0.000791 4927
0.000792 4925
0.000793 4925
0.000794 4925
0.000795 4922
0.000796 4922
0.000797 4922
0.000798 4922
0.000799 4922
0.0008 4922
0.000801 4922
0.000802 4922
0.000803 4921
0.000804 4922
0.000805 4922
0.000806 4922
0.000807 4923
0.000808 4923
0.000809 4923
0.00081 4923
0.000811 4924
0.000812 4924
0.000813 4924
0.000814 4924
0.000815 4924
0.000816 4924
0.000817 4924
0.000818 4924
0.000819 4923
0.00082 4923
0.000821 4923
0.000822 4923
0.000823 4922
0.000824 4920
0.000825 4920
0.000826 4920
0.000827 4921
0.000828 4922
0.000829 4922
0.00083 4922
0.000831 4922
0.000832 4922
0.000833 4922
0.000834 4922
0.000835 4921
0.000836 4921
0.000837 4921
0.000838 4921
0.000839 4921
0.00084 4921
0.000841 4921
0.000842 4921
0.000843 4921
0.000844 4921
0.000845 4922
0.000846 4922
0.000847 4923
0.000848 4923
0.000849 4922
0.00085 4922
0.000851 4921
0.000852 4922
0.000853 4923
0.000854 4923
0.000855 4923
0.000856 4923
0.000857 4923
0.000858 4923
0.000859 4922
0.00086 4922
0.000861 4923
0.000862 4922
0.000863 4921
0.000864 4921
0.000865 4921
0.000866 4921
0.000867 4922
0.000868 4922
0.000869 4922
0.00087 4923
0.000871 4925
0.000872 4925
0.000873 4925
0.000874 4926
0.000875 4926
0.000876 4926
0.000877 4926
0.000878 4925
0.000879 4925
0.00088 4925
0.000881 4925
0.000882 4924
0.000883 4923
0.000884 4923
0.000885 4923
0.000886 4921
0.000887 4921
0.000888 4921
0.000889 4921
0.00089 4921
0.000891 4921
0.000892 4922
0.000893 4922
0.000894 4922
0.000895 4922
0.000896 4922
0.000897 4921
0.000898 4919
0.000899 4919
0.0009 4920
0.000901 4919
0.000902 4919
0.000903 4918
0.000904 4918
0.000905 4918
0.000906 4918
0.000907 4918
0.000908 4918
0.000909 4919
0.00091 4917
0.000911 4919
0.000912 4919
0.000913 4918
0.000914 4917
0.000915 4917
0.000916 4916
0.000917 4916
0.000918 4917
0.000919 4918
0.00092 4917
0.000921 4916
0.000922 4916
0.000923 4915
0.000924 4915
0.000925 4916
0.000926 4914
0.000927 4914
0.000928 4913
0.000929 4914
0.00093 4914
0.000931 4913
0.000932 4913
0.000933 4913
0.000934 4913
0.000935 4913
0.000936 4913
0.000937 4913
0.000938 4913
0.000939 4912
0.00094 4912
0.000941 4912
0.000942 4913
0.000943 4913
0.000944 4913
0.000945 4913
0.000946 4913
0.000947 4913
0.000948 4913
0.000949 4913
0.00095 4912
0.000951 4912
0.000952 4911
0.000953 4911
0.000954 4911
0.000955 4911
0.000956 4910
0.000957 4910
0.000958 4910
0.000959 4909
0.00096 4909
0.000961 4909
0.000962 4909
0.000963 4909
0.000964 4908
0.000965 4909
0.000966 4909
0.000967 4908
0.000968 4908
0.000969 4908
0.00097 4908
0.000971 4908
0.000972 4908
0.000973 4909
0.000974 4910
0.000975 4910
0.000976 4909
0.000977 4909
0.000978 4909
0.000979 4910
0.00098 4910
0.000981 4909
0.000982 4909
0.000983 4909
0.000984 4909
0.000985 4908
0.000986 4908
0.000987 4908
0.000988 4910
0.000989 4910
0.00099 4910
0.000991 4910
0.000992 4910
0.000993 4911
0.000994 4911
0.000995 4911
0.000996 4910
0.000997 4910
0.000998 4910
0.000999 4910
0.001 4910
0.001001 4909
0.001002 4909
0.001003 4909
0.001004 4909
0.001005 4909
0.001006 4910
0.001007 4910
0.001008 4911
0.001009 4911
0.00101 4911
0.001011 4911
0.001012 4911
0.001013 4910
0.001014 4910
0.001015 4909
0.001016 4909
0.001017 4909
0.001018 4908
0.001019 4908
0.00102 4908
0.001021 4908
0.001022 4909
0.001023 4909
0.001024 4910
0.001025 4911
0.001026 4911
0.001027 4911
0.001028 4911
0.001029 4911
0.00103 4911
0.001031 4911
0.001032 4911
0.001033 4911
0.001034 4911
0.001035 4912
0.001036 4912
0.001037 4911
0.001038 4911
0.001039 4910
0.00104 4911
0.001041 4911
0.001042 4911
0.001043 4911
0.001044 4911
0.001045 4911
0.001046 4910
0.001047 4910
0.001048 4910
0.001049 4909
0.00105 4909
0.001051 4909
0.001052 4908
0.001053 4907
0.001054 4907
0.001055 4907
0.001056 4907
0.001057 4907
0.001058 4907
0.001059 4907
0.00106 4907
0.001061 4907
0.001062 4906
0.001063 4906
0.001064 4906
0.001065 4905
0.001066 4905
0.001067 4905
0.001068 4904
0.001069 4904
0.00107 4903
0.001071 4903
0.001072 4902
0.001073 4901
0.001074 4901
0.001075 4901
0.001076 4901
0.001077 4900
0.001078 4900
0.001079 4900
0.00108 4900
0.001081 4900
0.001082 4900
0.001083 4900
0.001084 4901
0.001085 4900
0.001086 4900
0.001087 4901
0.001088 4901
0.001089 4902
0.00109 4902
0.001091 4902
0.001092 4903
0.001093 4903
0.001094 4904
0.001095 4903
0.001096 4903
0.001097 4904
0.001098 4904
0.001099 4905
0.0011 4905
0.001101 4905
0.001102 4906
0.001103 4905
0.001104 4905
0.001105 4906
0.001106 4907
0.001107 4905
0.001108 4905
0.001109 4905
0.00111 4905
0.001111 4905
0.001112 4905
0.001113 4905
0.001114 4905
0.001115 4904
0.001116 4903
0.001117 4903
0.001118 4905
0.001119 4906
0.00112 4906
0.001121 4906
0.001122 4906
0.001123 4907
0.001124 4907
0.001125 4907
0.001126 4907
0.001127 4907
0.001128 4907
0.001129 4907
0.00113 4907
0.001131 4908
0.001132 4908
0.001133 4907
0.001134 4908
0.001135 4908
0.001136 4908
0.001137 4908
0.001138 4908
0.001139 4908
0.00114 4908
0.001141 4907
0.001142 4908
0.001143 4908
0.001144 4907
0.001145 4907
0.001146 4907
0.001147 4907
0.001148 4905
0.001149 4904
0.00115 4904
0.001151 4904
0.001152 4904
0.001153 4905
0.001154 4905
0.001155 4904
0.001156 4904
0.001157 4904
0.001158 4904
0.001159 4905
0.00116 4904
0.001161 4904
0.001162 4904
0.001163 4903
0.001164 4904
0.001165 4904
0.001166 4903
0.001167 4903
0.001168 4903
0.001169 4903
0.00117 4902
0.001171 4902
0.001172 4902
0.001173 4902
0.001174 4903
0.001175 4902
0.001176 4900
0.001177 4900
0.001178 4900
0.001179 4900
0.00118 4900
0.001181 4900
0.001182 4900
0.001183 4901
0.001184 4902
0.001185 4902
0.001186 4902
0.001187 4902
0.001188 4902
0.001189 4902
0.00119 4902
0.001191 4902
0.001192 4902
0.001193 4902
0.001194 4902
0.001195 4904
0.001196 4904
0.001197 4903
0.001198 4904
0.001199 4903
0.0012 4903
0.001201 4903
0.001202 4903
0.001203 4903
0.001204 4904
0.001205 4905
0.001206 4905
0.001207 4906
0.001208 4906
0.001209 4906
0.00121 4906
0.001211 4906
0.001212 4906
0.001213 4906
0.001214 4906
0.001215 4906
0.001216 4906
0.001217 4906
0.001218 4906
0.001219 4906
0.00122 4906
0.001221 4906
0.001222 4906
0.001223 4905
0.001224 4905
0.001225 4905
0.001226 4904
0.001227 4904
0.001228 4904
0.001229 4904
0.00123 4904
0.001231 4904
0.001232 4904
0.001233 4904
0.001234 4905
0.001235 4905
0.001236 4904
0.001237 4904
0.001238 4904
0.001239 4904
0.00124 4904
0.001241 4904
0.001242 4904
0.001243 4903
0.001244 4904
0.001245 4905
0.001246 4905
0.001247 4905
0.001248 4905
0.001249 4905
0.00125 4905
0.001251 4905
0.001252 4905
0.001253 4904
0.001254 4904
0.001255 4904
0.001256 4904
0.001257 4905
0.001258 4905
0.001259 4903
0.00126 4902
0.001261 4902
0.001262 4901
0.001263 4900
0.001264 4900
0.001265 4899
0.001266 4899
0.001267 4899
0.001268 4900
0.001269 4900
0.00127 4900
0.001271 4900
0.001272 4900
0.001273 4900
0.001274 4900
0.001275 4900
0.001276 4901
0.001277 4901
0.001278 4900
0.001279 4898
0.00128 4896
0.001281 4897
0.001282 4896
0.001283 4896
0.001284 4896
0.001285 4896
0.001286 4895
0.001287 4895
0.001288 4896
0.001289 4896
0.00129 4897
0.001291 4897
0.001292 4897
0.001293 4897
0.001294 4896
0.001295 4897
0.001296 4897
0.001297 4898
0.001298 4898
0.001299 4898
0.0013 4897
0.001301 4897
0.001302 4897
0.001303 4897
0.001304 4897
0.001305 4897
0.001306 4898
0.001307 4898
0.001308 4898
0.001309 4898
0.00131 4897
0.001311 4897
0.001312 4896
0.001313 4896
0.001314 4896
0.001315 4896
0.001316 4896
0.001317 4897
0.001318 4897
0.001319 4897
0.00132 4897
0.001321 4897
0.001322 4898
0.001323 4898
0.001324 4900
0.001325 4900
0.001326 4900
0.001327 4900
0.001328 4900
0.001329 4900
0.00133 4900
0.001331 4900
0.001332 4900
0.001333 4900
0.001334 4900
0.001335 4900
0.001336 4899
0.001337 4899
0.001338 4899
0.001339 4899
0.00134 4899
0.001341 4899
0.001342 4899
0.001343 4900
0.001344 4900
0.001345 4899
0.001346 4898
0.001347 4896
0.001348 4896
0.001349 4896
0.00135 4896
0.001351 4896
0.001352 4895
0.001353 4896
0.001354 4896
0.001355 4896
0.001356 4896
0.001357 4896
0.001358 4896
0.001359 4896
0.00136 4896
0.001361 4896
0.001362 4896
0.001363 4895
0.001364 4895
0.001365 4895
0.001366 4895
0.001367 4895
0.001368 4895
0.001369 4895
0.00137 4895
0.001371 4896
0.001372 4896
0.001373 4896
0.001374 4896
0.001375 4896
0.001376 4896
0.001377 4896
0.001378 4896
0.001379 4896
0.00138 4896
0.001381 4896
0.001382 4896
0.001383 4896
0.001384 4898
0.001385 4898
0.001386 4898
0.001387 4897
0.001388 4898
0.001389 4899
0.00139 4899
0.001391 4900
0.001392 4900
0.001393 4900
0.001394 4900
0.001395 4900
0.001396 4901
0.001397 4901
0.001398 4902
0.001399 4902
0.0014 4902
0.001401 4902
0.001402 4902
0.001403 4901
0.001404 4900
0.001405 4900
0.001406 4900
0.001407 4900
0.001408 4899
0.001409 4899
0.00141 4899
0.001411 4900
0.001412 4900
0.001413 4900
0.001414 4900
0.001415 4899
0.001416 4899
0.001417 4901
0.001418 4900
0.001419 4900
0.00142 4900
0.001421 4901
0.001422 4900
0.001423 4900
0.001424 4900
0.001425 4900
0.001426 4900
0.001427 4900
0.001428 4899
0.001429 4899
0.00143 4898
0.001431 4898
0.001432 4898
0.001433 4898
0.001434 4898
0.001435 4896
0.001436 4897
0.001437 4897
0.001438 4897
0.001439 4897
0.00144 4897
0.001441 4896
0.001442 4897
0.001443 4897
0.001444 4897
0.001445 4897
0.001446 4897
0.001447 4899
0.001448 4899
0.001449 4899
0.00145 4899
0.001451 4899
0.001452 4899
0.001453 4899
0.001454 4900
0.001455 4900
0.001456 4900
0.001457 4900
0.001458 4900
0.001459 4900
0.00146 4899
0.001461 4900
0.001462 4900
0.001463 4900
0.001464 4900
0.001465 4900
0.001466 4900
0.001467 4900
0.001468 4899
0.001469 4899
0.00147 4899
0.001471 4899
0.001472 4898
0.001473 4896
0.001474 4895
0.001475 4895
0.001476 4895
0.001477 4895
0.001478 4895
0.001479 4895
0.00148 4894
0.001481 4894
0.001482 4894
0.001483 4894
0.001484 4893
0.001485 4892
0.001486 4892
0.001487 4892
0.001488 4892
0.001489 4892
0.00149 4892
0.001491 4892
0.001492 4892
0.001493 4892
0.001494 4892
0.001495 4892
0.001496 4892
0.001497 4891
0.001498 4891
0.001499 4891
0.0015 4891
0.001501 4891
0.001502 4891
0.001503 4891
0.001504 4892
0.001505 4892
0.001506 4892
0.001507 4892
0.001508 4892
0.001509 4892
0.00151 4892
0.001511 4892
0.001512 4892
0.001513 4892
0.001514 4892
0.001515 4892
0.001516 4892
0.001517 4891
0.001518 4891
0.001519 4892
0.00152 4893
0.001521 4893
0.001522 4893
0.001523 4893
0.001524 4892
0.001525 4892
0.001526 4892
0.001527 4891
0.001528 4891
0.001529 4892
0.00153 4892
0.001531 4892
0.001532 4892
0.001533 4892
0.001534 4892
0.001535 4892
0.001536 4892
0.001537 4892
0.001538 4892
0.001539 4892
0.00154 4892
0.001541 4892
0.001542 4893
0.001543 4894
0.001544 4894
0.001545 4894
0.001546 4894
0.001547 4894
0.001548 4894
0.001549 4897
0.00155 4897
0.001551 4897
0.001552 4897
0.001553 4897
0.001554 4897
0.001555 4898
0.001556 4898
0.001557 4899
0.001558 4900
0.001559 4900
0.00156 4900
0.001561 4900
0.001562 4900
0.001563 4900
0.001564 4900
0.001565 4900
0.001566 4900
0.001567 4900
0.001568 4899
0.001569 4899
0.00157 4899
0.001571 4899
0.001572 4899
0.001573 4899
0.001574 4899
0.001575 4900
0.001576 4901
0.001577 4901
0.001578 4901
0.001579 4901
0.00158 4901
0.001581 4900
0.001582 4900
0.001583 4900
0.001584 4900
0.001585 4901
0.001586 4901
0.001587 4901
0.001588 4900
0.001589 4900
0.00159 4900
0.001591 4900
0.001592 4900
0.001593 4900
0.001594 4901
0.001595 4901
0.001596 4901
0.001597 4901
0.001598 4901
0.001599 4901
0.0016 4901
0.001601 4901
0.001602 4900
0.001603 4901
0.001604 4902
0.001605 4903
0.001606 4903
0.001607 4903
0.001608 4903
0.001609 4903
0.00161 4902
0.001611 4902
0.001612 4902
0.001613 4902
0.001614 4902
0.001615 4902
0.001616 4902
0.001617 4902
0.001618 4902
0.001619 4902
0.00162 4902
0.001621 4902
0.001622 4902
0.001623 4903
0.001624 4903
0.001625 4903
0.001626 4904
0.001627 4904
0.001628 4904
0.001629 4904
0.00163 4904
0.001631 4904
0.001632 4904
0.001633 4904
0.001634 4904
0.001635 4904
0.001636 4905
0.001637 4905
0.001638 4905
0.001639 4905
0.00164 4905
0.001641 4905
0.001642 4906
0.001643 4908
0.001644 4908
0.001645 4908
0.001646 4908
0.001647 4908
0.001648 4908
0.001649 4909
0.00165 4909
0.001651 4910
0.001652 4910
0.001653 4910
0.001654 4910
0.001655 4910
0.001656 4910
0.001657 4910
0.001658 4910
0.001659 4909
0.00166 4909
0.001661 4909
0.001662 4909
0.001663 4909
0.001664 4909
0.001665 4909
0.001666 4909
0.001667 4910
0.001668 4909
0.001669 4909
0.00167 4909
0.001671 4909
0.001672 4909
0.001673 4909
0.001674 4909
0.001675 4909
0.001676 4909
0.001677 4908
0.001678 4908
0.001679 4908
0.00168 4907
0.001681 4905
0.001682 4904
0.001683 4904
0.001684 4904
0.001685 4904
0.001686 4904
0.001687 4904
0.001688 4904
0.001689 4904
0.00169 4904
0.001691 4904
0.001692 4904
0.001693 4905
0.001694 4905
0.001695 4906
0.001696 4906
0.001697 4907
0.001698 4907
0.001699 4907
0.0017 4908
0.001701 4908
0.001702 4908
0.001703 4909
0.001704 4909
0.001705 4909
0.001706 4909
0.001707 4909
0.001708 4909
0.001709 4909
0.00171 4909
0.001711 4909
0.001712 4909
0.001713 4908
0.001714 4908
0.001715 4908
0.001716 4908
0.001717 4909
0.001718 4910
0.001719 4910
0.00172 4910
0.001721 4909
0.001722 4909
0.001723 4908
0.001724 4908
0.001725 4908
0.001726 4909
0.001727 4909
0.001728 4909
0.001729 4910
0.00173 4910
0.001731 4910
0.001732 4910
0.001733 4910
0.001734 4910
0.001735 4911
0.001736 4910
0.001737 4910
0.001738 4910
0.001739 4909
0.00174 4909
0.001741 4909
0.001742 4909
0.001743 4909
0.001744 4908
0.001745 4908
0.001746 4908
0.001747 4909
0.001748 4909
0.001749 4908
0.00175 4908
0.001751 4908
0.001752 4910
0.001753 4908
0.001754 4908
0.001755 4908
0.001756 4909
0.001757 4909
0.001758 4909
0.001759 4909
0.00176 4909
0.001761 4910
0.001762 4910
0.001763 4911
0.001764 4912
0.001765 4911
0.001766 4912
0.001767 4913
0.001768 4913
0.001769 4912
0.00177 4912
0.001771 4912
0.001772 4913
0.001773 4912
0.001774 4912
0.001775 4912
0.001776 4912
0.001777 4912
0.001778 4912
0.001779 4911
0.00178 4912
0.001781 4913
0.001782 4913
0.001783 4913
0.001784 4912
0.001785 4911
0.001786 4912
0.001787 4912
0.001788 4912
0.001789 4912
0.00179 4911
0.001791 4911
0.001792 4911
0.001793 4911
0.001794 4911
0.001795 4911
0.001796 4911
0.001797 4911
0.001798 4911
0.001799 4911
0.0018 4910
0.001801 4910
0.001802 4910
0.001803 4910
0.001804 4910
0.001805 4910
0.001806 4910
0.001807 4910
0.001808 4910
0.001809 4908
0.00181 4908
0.001811 4909
0.001812 4909
0.001813 4907
0.001814 4907
0.001815 4908
0.001816 4908
0.001817 4908
0.001818 4908
0.001819 4908
0.00182 4908
0.001821 4908
0.001822 4908
0.001823 4908
0.001824 4909
0.001825 4909
0.001826 4909
0.001827 4909
0.001828 4910
0.001829 4910
0.00183 4910
0.001831 4909
0.001832 4910
0.001833 4910
0.001834 4909
0.001835 4909
0.001836 4910
0.001837 4911
0.001838 4910
0.001839 4911
0.00184 4911
0.001841 4911
0.001842 4910
0.001843 4910
0.001844 4911
0.001845 4911
0.001846 4912
0.001847 4913
0.001848 4913
0.001849 4913
0.00185 4912
0.001851 4912
0.001852 4909
0.001853 4910
0.001854 4909
0.001855 4909
0.001856 4909
0.001857 4909
0.001858 4908
0.001859 4908
0.00186 4908
0.001861 4908
0.001862 4908
0.001863 4908
0.001864 4908
0.001865 4908
0.001866 4908
0.001867 4908
0.001868 4908
0.001869 4908
0.00187 4908
0.001871 4908
0.001872 4907
0.001873 4907
0.001874 4907
0.001875 4907
0.001876 4908
0.001877 4908
0.001878 4908
0.001879 4908
0.00188 4907
0.001881 4907
0.001882 4907
0.001883 4907
0.001884 4907
0.001885 4907
0.001886 4907
0.001887 4906
0.001888 4906
0.001889 4906
0.00189 4905
0.001891 4905
0.001892 4905
0.001893 4904
0.001894 4904
0.001895 4904
0.001896 4904
0.001897 4904
0.001898 4904
0.001899 4904
0.0019 4904
0.001901 4905
0.001902 4905
0.001903 4905
0.001904 4904
0.001905 4904
0.001906 4904
0.001907 4904
0.001908 4904
0.001909 4904
0.00191 4904
0.001911 4904
0.001912 4905
0.001913 4905
0.001914 4906
0.001915 4907
0.001916 4907
0.001917 4907
0.001918 4907
0.001919 4907
0.00192 4906
0.001921 4907
0.001922 4907
0.001923 4907
0.001924 4907
0.001925 4906
0.001926 4906
0.001927 4907
0.001928 4907
0.001929 4907
0.00193 4907
0.001931 4907
0.001932 4907
0.001933 4908
0.001934 4908
0.001935 4908
0.001936 4908
0.001937 4908
0.001938 4907
0.001939 4908
0.00194 4908
0.001941 4908
0.001942 4908
0.001943 4907
0.001944 4907
0.001945 4907
0.001946 4907
0.001947 4906
0.001948 4907
0.001949 4907
0.00195 4907
0.001951 4907
0.001952 4907
0.001953 4907
0.001954 4907
0.001955 4907
0.001956 4907
0.001957 4907
0.001958 4907
0.001959 4907
0.00196 4908
0.001961 4907
0.001962 4907
0.001963 4908
0.001964 4909
0.001965 4909
0.001966 4909
0.001967 4909
0.001968 4909
0.001969 4909
0.00197 4910
0.001971 4910
0.001972 4910
0.001973 4910
0.001974 4910
0.001975 4910
0.001976 4910
0.001977 4910
0.001978 4910
0.001979 4910
0.00198 4910
0.001981 4910
0.001982 4910
0.001983 4910
0.001984 4910
0.001985 4910
0.001986 4910
0.001987 4910
0.001988 4910
0.001989 4911
0.00199 4911
0.001991 4911
0.001992 4911
0.001993 4911
0.001994 4911
0.001995 4911
0.001996 4911
0.001997 4911
0.001998 4911
0.001999 4911
0.002 4911
0.002001 4911
0.002002 4911
0.002003 4911
0.002004 4911
0.002005 4912
0.002006 4912
0.002007 4912
0.002008 4912
0.002009 4913
0.00201 4913
0.002011 4913
0.002012 4914
0.002013 4914
0.002014 4914
0.002015 4914
0.002016 4914
0.002017 4915
0.002018 4915
0.002019 4915
0.00202 4915
0.002021 4915
0.002022 4915
0.002023 4915
0.002024 4915
0.002025 4915
0.002026 4915
0.002027 4915
0.002028 4915
0.002029 4915
0.00203 4913
0.002031 4913
0.002032 4913
0.002033 4914
0.002034 4914
0.002035 4914
0.002036 4915
0.002037 4915
0.002038 4915
0.002039 4915
0.00204 4915
0.002041 4915
0.002042 4915
0.002043 4914
0.002044 4913
0.002045 4913
0.002046 4913
0.002047 4913
0.002048 4913
0.002049 4912
0.00205 4913
0.002051 4914
0.002052 4915
0.002053 4915
0.002054 4915
0.002055 4915
0.002056 4915
0.002057 4915
0.002058 4915
0.002059 4915
0.00206 4915
0.002061 4915
0.002062 4917
0.002063 4917
0.002064 4917
0.002065 4918
0.002066 4918
0.002067 4918
0.002068 4918
0.002069 4917
0.00207 4917
0.002071 4917
0.002072 4917
0.002073 4917
0.002074 4918
0.002075 4919
0.002076 4919
0.002077 4919
0.002078 4919
0.002079 4919
0.00208 4919
0.002081 4919
0.002082 4919
0.002083 4920
0.002084 4920
0.002085 4920
0.002086 4920
0.002087 4919
0.002088 4919
0.002089 4919
0.00209 4918
0.002091 4917
0.002092 4917
0.002093 4917
0.002094 4917
0.002095 4916
0.002096 4916
0.002097 4915
0.002098 4914
0.002099 4914
0.0021 4914
0.002101 4914
0.002102 4914
0.002103 4914
0.002104 4914
0.002105 4914
0.002106 4914
0.002107 4914
0.002108 4914
0.002109 4914
0.00211 4915
0.002111 4915
0.002112 4916
0.002113 4916
0.002114 4916
0.002115 4916
0.002116 4916
0.002117 4916
0.002118 4916
0.002119 4916
0.00212 4916
0.002121 4917
0.002122 4917
0.002123 4917
0.002124 4918
0.002125 4918
0.002126 4920
0.002127 4920
0.002128 4919
0.002129 4919
0.00213 4919
0.002131 4919
0.002132 4919
0.002133 4919
0.002134 4919
0.002135 4919
0.002136 4919
0.002137 4919
0.002138 4920
0.002139 4921
0.00214 4921
0.002141 4921
0.002142 4921
0.002143 4920
0.002144 4920
0.002145 4920
0.002146 4920
0.002147 4920
0.002148 4919
0.002149 4918
0.00215 4920
0.002151 4919
0.002152 4919
0.002153 4918
0.002154 4918
0.002155 4918
0.002156 4918
0.002157 4918
0.002158 4918
0.002159 4918
0.00216 4917
0.002161 4917
0.002162 4917
0.002163 4917
0.002164 4917
0.002165 4917
0.002166 4917
0.002167 4917
0.002168 4917
0.002169 4917
0.00217 4917
0.002171 4917
0.002172 4917
0.002173 4917
0.002174 4916
0.002175 4916
0.002176 4915
0.002177 4915
0.002178 4915
0.002179 4915
0.00218 4916
0.002181 4916
0.002182 4916
0.002183 4916
0.002184 4917
0.002185 4917
0.002186 4917
0.002187 4917
0.002188 4916
0.002189 4916
0.00219 4917
0.002191 4917
0.002192 4917
0.002193 4917
0.002194 4916
0.002195 4916
0.002196 4916
0.002197 4916
0.002198 4916
0.002199 4916
0.0022 4916
0.002201 4917
0.002202 4917
0.002203 4917
0.002204 4918
0.002205 4918
0.002206 4917
0.002207 4917
0.002208 4918
0.002209 4918
0.00221 4918
0.002211 4918
0.002212 4918
0.002213 4918
0.002214 4918
0.002215 4918
0.002216 4918
0.002217 4918
0.002218 4918
0.002219 4919
0.00222 4919
0.002221 4918
0.002222 4918
0.002223 4919
0.002224 4919
0.002225 4919
0.002226 4919
0.002227 4919
0.002228 4919
0.002229 4919
0.00223 4919
0.002231 4918
0.002232 4917
0.002233 4917
0.002234 4917
0.002235 4916
0.002236 4917
0.002237 4917
0.002238 4918
0.002239 4918
0.00224 4918
0.002241 4918
0.002242 4918
0.002243 4918
0.002244 4918
0.002245 4920
0.002246 4920
0.002247 4920
0.002248 4920
0.002249 4920
0.00225 4920
0.002251 4920
0.002252 4920
0.002253 4922
0.002254 4922
0.002255 4921
0.002256 4921
0.002257 4921
0.002258 4921
0.002259 4921
0.00226 4921
0.002261 4921
0.002262 4921
0.002263 4921
0.002264 4921
0.002265 4921
0.002266 4921
0.002267 4920
0.002268 4919
0.002269 4920
0.00227 4920
0.002271 4920
0.002272 4920
0.002273 4919
0.002274 4919
0.002275 4920
0.002276 4920
0.002277 4921
0.002278 4921
0.002279 4921
0.00228 4922
0.002281 4922
0.002282 4922
0.002283 4922
0.002284 4922
0.002285 4922
0.002286 4922
0.002287 4922
0.002288 4921
0.002289 4921
0.00229 4921
0.002291 4921
0.002292 4922
0.002293 4922
0.002294 4922
0.002295 4923
0.002296 4923
0.002297 4923
0.002298 4923
0.002299 4923
0.0023 4924
0.002301 4924
0.002302 4924
0.002303 4924
0.002304 4924
0.002305 4924
0.002306 4924
0.002307 4924
0.002308 4924
0.002309 4924
0.00231 4926
0.002311 4925
0.002312 4925
0.002313 4925
0.002314 4925
0.002315 4925
0.002316 4925
0.002317 4925
0.002318 4924
0.002319 4924
0.00232 4924
0.002321 4924
0.002322 4924
0.002323 4925
0.002324 4925
0.002325 4925
0.002326 4926
0.002327 4926
0.002328 4926
0.002329 4926
0.00233 4926
0.002331 4926
0.002332 4926
0.002333 4925
0.002334 4925
0.002335 4925
0.002336 4925
0.002337 4925
0.002338 4925
0.002339 4924
0.00234 4924
0.002341 4924
0.002342 4924
0.002343 4924
0.002344 4924
0.002345 4924
0.002346 4925
0.002347 4925
0.002348 4925
0.002349 4925
0.00235 4925
0.002351 4925
0.002352 4925
0.002353 4925
0.002354 4924
0.002355 4925
0.002356 4925
0.002357 4923
0.002358 4923
0.002359 4923
0.00236 4923
0.002361 4923
0.002362 4922
0.002363 4922
0.002364 4922
0.002365 4922
0.002366 4922
0.002367 4922
0.002368 4922
0.002369 4922
0.00237 4923
0.002371 4923
0.002372 4922
0.002373 4922
0.002374 4922
0.002375 4922
0.002376 4922
0.002377 4922
0.002378 4922
0.002379 4922
0.00238 4921
0.002381 4920
0.002382 4921
0.002383 4921
0.002384 4921
0.002385 4921
0.002386 4921
0.002387 4921
0.002388 4920
0.002389 4921
0.00239 4921
0.002391 4921
0.002392 4921
0.002393 4922
0.002394 4922
0.002395 4922
0.002396 4922
0.002397 4923
0.002398 4924
0.002399 4924
0.0024 4924
0.002401 4924
0.002402 4924
0.002403 4924
0.002404 4923
0.002405 4923
0.002406 4923
0.002407 4923
0.002408 4923
0.002409 4923
0.00241 4923
0.002411 4923
0.002412 4923
0.002413 4923
0.002414 4923
0.002415 4924
0.002416 4924
0.002417 4924
0.002418 4924
0.002419 4923
0.00242 4923
0.002421 4922
0.002422 4922
0.002423 4923
0.002424 4921
0.002425 4921
0.002426 4921
0.002427 4921
0.002428 4921
0.002429 4921
0.00243 4921
0.002431 4921
0.002432 4921
0.002433 4921
0.002434 4921
0.002435 4921
0.002436 4921
0.002437 4921
0.002438 4921
0.002439 4920
0.00244 4920
0.002441 4920
0.002442 4921
0.002443 4922
0.002444 4922
0.002445 4922
0.002446 4922
0.002447 4922
0.002448 4921
0.002449 4922
0.00245 4922
0.002451 4922
0.002452 4922
0.002453 4922
0.002454 4922
0.002455 4921
0.002456 4922
0.002457 4922
0.002458 4922
0.002459 4922
0.00246 4923
0.002461 4924
0.002462 4923
0.002463 4923
0.002464 4923
0.002465 4923
0.002466 4923
0.002467 4923
0.002468 4923
0.002469 4923
0.00247 4923
0.002471 4924
0.002472 4924
0.002473 4924
0.002474 4924
0.002475 4924
0.002476 4925
0.002477 4925
0.002478 4925
0.002479 4925
0.00248 4925
0.002481 4926
0.002482 4926
0.002483 4926
0.002484 4926
0.002485 4926
0.002486 4926
0.002487 4926
0.002488 4926
0.002489 4927
0.00249 4927
0.002491 4927
0.002492 4927
0.002493 4927
0.002494 4926
0.002495 4926
0.002496 4925
0.002497 4925
0.002498 4925
0.002499 4923
0.0025 4923
0.002501 4923
0.002502 4922
0.002503 4923
0.002504 4923
0.002505 4922
0.002506 4921
0.002507 4921
0.002508 4921
0.002509 4921
0.00251 4921
0.002511 4921
0.002512 4921
0.002513 4921
0.002514 4921
0.002515 4922
0.002516 4922
0.002517 4922
0.002518 4922
0.002519 4921
0.00252 4921
0.002521 4921
0.002522 4922
0.002523 4922
0.002524 4922
0.002525 4923
0.002526 4923
0.002527 4922
0.002528 4922
0.002529 4921
0.00253 4921
0.002531 4921
0.002532 4921
0.002533 4921
0.002534 4921
0.002535 4921
0.002536 4921
0.002537 4922
0.002538 4922
0.002539 4922
0.00254 4922
0.002541 4923
0.002542 4923
0.002543 4923
0.002544 4922
0.002545 4922
0.002546 4922
0.002547 4923
0.002548 4923
0.002549 4923
0.00255 4923
0.002551 4923
0.002552 4923
0.002553 4923
0.002554 4923
0.002555 4922
0.002556 4922
0.002557 4922
0.002558 4922
0.002559 4923
0.00256 4923
0.002561 4922
0.002562 4922
0.002563 4923
0.002564 4924
0.002565 4924
0.002566 4924
0.002567 4924
0.002568 4924
0.002569 4924
0.00257 4924
0.002571 4924
0.002572 4924
0.002573 4924
0.002574 4924
0.002575 4924
0.002576 4923
0.002577 4923
0.002578 4924
0.002579 4924
0.00258 4924
0.002581 4924
0.002582 4924
0.002583 4924
0.002584 4924
0.002585 4924
0.002586 4924
0.002587 4924
0.002588 4923
0.002589 4922
0.00259 4922
0.002591 4922
0.002592 4924
0.002593 4924
0.002594 4924
0.002595 4923
0.002596 4923
0.002597 4923
0.002598 4921
0.002599 4921
0.0026 4920
0.002601 4920
0.002602 4921
0.002603 4921
0.002604 4919
0.002605 4920
0.002606 4919
0.002607 4919
0.002608 4920
0.002609 4920
0.00261 4920
0.002611 4920
0.002612 4919
0.002613 4919
0.002614 4919
0.002615 4919
0.002616 4919
0.002617 4920
0.002618 4920
0.002619 4920
0.00262 4919
0.002621 4917
0.002622 4917
0.002623 4917
0.002624 4917
0.002625 4917
0.002626 4917
0.002627 4917
0.002628 4917
0.002629 4917
0.00263 4917
0.002631 4916
0.002632 4916
0.002633 4916
0.002634 4916
0.002635 4916
0.002636 4916
0.002637 4917
0.002638 4917
0.002639 4917
0.00264 4918
0.002641 4918
0.002642 4919
0.002643 4918
0.002644 4919
0.002645 4919
0.002646 4919
0.002647 4919
0.002648 4919
0.002649 4917
0.00265 4917
0.002651 4918
0.002652 4918
0.002653 4918
0.002654 4917
0.002655 4917
0.002656 4918
0.002657 4918
0.002658 4918
0.002659 4918
0.00266 4918
0.002661 4918
0.002662 4918
0.002663 4918
0.002664 4918
0.002665 4918
0.002666 4918
0.002667 4918
0.002668 4917
0.002669 4917
0.00267 4917
0.002671 4917
0.002672 4917
0.002673 4916
0.002674 4917
0.002675 4917
0.002676 4916
0.002677 4916
0.002678 4916
0.002679 4915
0.00268 4913
0.002681 4913
0.002682 4913
0.002683 4914
0.002684 4914
0.002685 4914
0.002686 4914
0.002687 4914
0.002688 4915
0.002689 4916
0.00269 4916
0.002691 4916
0.002692 4916
0.002693 4915
0.002694 4915
0.002695 4915
0.002696 4915
0.002697 4915
0.002698 4916
0.002699 4917
0.0027 4917
0.002701 4917
0.002702 4915
0.002703 4915
0.002704 4915
0.002705 4916
0.002706 4916
0.002707 4916
0.002708 4916
0.002709 4916
0.00271 4916
0.002711 4916
0.002712 4917
0.002713 4917
0.002714 4918
0.002715 4918
0.002716 4918
0.002717 4918
0.002718 4918
0.002719 4918
0.00272 4919
0.002721 4919
0.002722 4919
0.002723 4918
0.002724 4918
0.002725 4917
0.002726 4917
0.002727 4917
0.002728 4916
0.002729 4915
0.00273 4914
0.002731 4914
0.002732 4913
0.002733 4914
0.002734 4914
0.002735 4913
0.002736 4911
0.002737 4911
0.002738 4911
0.002739 4911
0.00274 4911
0.002741 4910
0.002742 4910
0.002743 4910
0.002744 4911
0.002745 4910
0.002746 4910
0.002747 4910
0.002748 4910
0.002749 4910
0.00275 4910
0.002751 4910
0.002752 4910
0.002753 4909
0.002754 4908
0.002755 4908
0.002756 4908
0.002757 4908
0.002758 4908
0.002759 4908
0.00276 4908
0.002761 4908
0.002762 4908
0.002763 4908
0.002764 4908
0.002765 4907
0.002766 4907
0.002767 4909
0.002768 4909
0.002769 4909
0.00277 4909
0.002771 4910
0.002772 4910
0.002773 4910
0.002774 4909
0.002775 4909
0.002776 4909
0.002777 4909
0.002778 4910
0.002779 4910
0.00278 4909
0.002781 4909
0.002782 4909
0.002783 4910
0.002784 4910
0.002785 4910
0.002786 4910
0.002787 4910
0.002788 4910
0.002789 4910
0.00279 4910
0.002791 4909
0.002792 4909
0.002793 4910
0.002794 4910
0.002795 4909
0.002796 4910
0.002797 4911
0.002798 4911
0.002799 4911
0.0028 4911
0.002801 4911
0.002802 4911
0.002803 4912
0.002804 4913
0.002805 4914
0.002806 4913
0.002807 4914
0.002808 4914
0.002809 4914
0.00281 4915
0.002811 4915
0.002812 4915
0.002813 4915
0.002814 4915
0.002815 4915
0.002816 4915
0.002817 4915
0.002818 4915
0.002819 4915
0.00282 4916
0.002821 4916
0.002822 4916
0.002823 4916
0.002824 4916
0.002825 4916
0.002826 4914
0.002827 4915
0.002828 4915
0.002829 4915
0.00283 4915
0.002831 4914
0.002832 4914
0.002833 4914
0.002834 4915
0.002835 4915
0.002836 4915
0.002837 4915
0.002838 4916
0.002839 4916
0.00284 4917
0.002841 4916
0.002842 4915
0.002843 4915
0.002844 4916
0.002845 4917
0.002846 4917
0.002847 4917
0.002848 4917
0.002849 4917
0.00285 4917
0.002851 4917
0.002852 4917
0.002853 4918
0.002854 4918
0.002855 4917
0.002856 4917
0.002857 4917
0.002858 4916
0.002859 4916
0.00286 4916
0.002861 4915
0.002862 4915
0.002863 4915
0.002864 4915
0.002865 4915
0.002866 4915
0.002867 4914
0.002868 4914
0.002869 4914
0.00287 4913
0.002871 4913
0.002872 4913
0.002873 4913
0.002874 4913
0.002875 4913
0.002876 4913
0.002877 4914
0.002878 4914
0.002879 4914
0.00288 4914
0.002881 4913
0.002882 4913
0.002883 4913
0.002884 4913
0.002885 4913
0.002886 4913
0.002887 4913
0.002888 4913
0.002889 4913
0.00289 4913
0.002891 4912
0.002892 4912
0.002893 4911
0.002894 4911
0.002895 4911
0.002896 4911
0.002897 4911
0.002898 4911
0.002899 4911
0.0029 4911
0.002901 4910
0.002902 4910
0.002903 4910
0.002904 4910
0.002905 4910
0.002906 4910
0.002907 4910
0.002908 4910
0.002909 4911
0.00291 4911
0.002911 4911
0.002912 4913
0.002913 4913
0.002914 4913
0.002915 4914
0.002916 4913
0.002917 4913
0.002918 4913
0.002919 4913
0.00292 4913
0.002921 4915
0.002922 4914
0.002923 4914
0.002924 4914
0.002925 4914
0.002926 4915
0.002927 4916
0.002928 4917
0.002929 4918
0.00293 4918
0.002931 4917
0.002932 4917
0.002933 4917
0.002934 4917
0.002935 4917
0.002936 4918
0.002937 4918
0.002938 4917
0.002939 4917
0.00294 4917
0.002941 4917
0.002942 4917
0.002943 4917
0.002944 4917
0.002945 4916
0.002946 4916
0.002947 4916
0.002948 4916
0.002949 4916
0.00295 4916
0.002951 4916
0.002952 4916
0.002953 4916
0.002954 4916
0.002955 4917
0.002956 4917
0.002957 4917
0.002958 4917
0.002959 4917
0.00296 4917
0.002961 4916
0.002962 4915
0.002963 4917
0.002964 4917
0.002965 4917
0.002966 4917
0.002967 4917
0.002968 4917
0.002969 4918
0.00297 4918
0.002971 4919
0.002972 4919
0.002973 4919
0.002974 4919
0.002975 4919
0.002976 4919
0.002977 4919
0.002978 4918
0.002979 4918
0.00298 4918
0.002981 4917
0.002982 4917
0.002983 4917
0.002984 4917
0.002985 4916
0.002986 4916
0.002987 4916
0.002988 4916
0.002989 4918
0.00299 4918
0.002991 4918
0.002992 4918
0.002993 4918
0.002994 4918
0.002995 4918
0.002996 4918
0.002997 4918
0.002998 4916
0.002999 4916
0.003 4916
0.003001 4916
0.003002 4916
0.003003 4916
0.003004 4916
0.003005 4917
0.003006 4917
0.003007 4916
0.003008 4916
0.003009 4916
0.00301 4916
0.003011 4914
0.003012 4914
0.003013 4914
0.003014 4914
0.003015 4913
0.003016 4912
0.003017 4912
0.003018 4912
0.003019 4913
0.00302 4913
0.003021 4912
0.003022 4912
0.003023 4911
0.003024 4910
0.003025 4910
0.003026 4910
0.003027 4910
0.003028 4910
0.003029 4908
0.00303 4909
0.003031 4909
0.003032 4909
0.003033 4909
0.003034 4909
0.003035 4908
0.003036 4907
0.003037 4907
0.003038 4907
0.003039 4907
0.00304 4907
0.003041 4907
0.003042 4906
0.003043 4906
0.003044 4906
0.003045 4904
0.003046 4904
0.003047 4904
0.003048 4904
0.003049 4904
0.00305 4904
0.003051 4904
0.003052 4904
0.003053 4905
0.003054 4905
0.003055 4905
0.003056 4905
0.003057 4905
0.003058 4905
0.003059 4905
0.00306 4906
0.003061 4906
0.003062 4906
0.003063 4906
0.003064 4906
0.003065 4906
0.003066 4907
0.003067 4908
0.003068 4908
0.003069 4908
0.00307 4908
0.003071 4908
0.003072 4908
0.003073 4909
0.003074 4909
0.003075 4909
0.003076 4909
0.003077 4909
0.003078 4909
0.003079 4909
0.00308 4909
0.003081 4909
0.003082 4909
0.003083 4909
0.003084 4909
0.003085 4909
0.003086 4909
0.003087 4908
0.003088 4908
0.003089 4908
0.00309 4908
0.003091 4908
0.003092 4908
0.003093 4908
0.003094 4908
0.003095 4907
0.003096 4907
0.003097 4907
0.003098 4906
0.003099 4906
0.0031 4906
0.003101 4906
0.003102 4906
0.003103 4905
0.003104 4905
0.003105 4905
0.003106 4905
0.003107 4905
0.003108 4905
0.003109 4906
0.00311 4906
0.003111 4905
0.003112 4905
0.003113 4905
0.003114 4905
0.003115 4904
0.003116 4904
0.003117 4904
0.003118 4904
0.003119 4904
0.00312 4904
0.003121 4904
0.003122 4905
0.003123 4905
0.003124 4905
0.003125 4905
0.003126 4905
0.003127 4904
0.003128 4903
0.003129 4904
0.00313 4904
0.003131 4905
0.003132 4905
0.003133 4905
0.003134 4905
0.003135 4905
0.003136 4904
0.003137 4904
0.003138 4904
0.003139 4903
0.00314 4903
0.003141 4903
0.003142 4904
0.003143 4905
0.003144 4906
0.003145 4906
0.003146 4906
0.003147 4906
0.003148 4906
0.003149 4906
0.00315 4906
0.003151 4906
0.003152 4906
0.003153 4906
0.003154 4906
0.003155 4907
0.003156 4907
0.003157 4907
0.003158 4907
0.003159 4907
0.00316 4907
0.003161 4905
0.003162 4905
0.003163 4905
0.003164 4905
0.003165 4906
0.003166 4906
0.003167 4906
0.003168 4905
0.003169 4906
0.00317 4906
0.003171 4906
0.003172 4906
0.003173 4906
0.003174 4906
0.003175 4906
0.003176 4906
0.003177 4906
0.003178 4906
0.003179 4906
0.00318 4906
0.003181 4906
0.003182 4906
0.003183 4905
0.003184 4905
0.003185 4905
0.003186 4905
0.003187 4904
0.003188 4904
0.003189 4904
0.00319 4903
0.003191 4903
0.003192 4904
0.003193 4903
0.003194 4903
0.003195 4903
0.003196 4903
0.003197 4903
0.003198 4903
0.003199 4904
0.0032 4903
0.003201 4903
0.003202 4903
0.003203 4903
0.003204 4903
0.003205 4903
0.003206 4903
0.003207 4902
0.003208 4902
0.003209 4901
0.00321 4901
0.003211 4900
0.003212 4901
0.003213 4901
0.003214 4901
0.003215 4901
0.003216 4901
0.003217 4901
0.003218 4901
0.003219 4901
0.00322 4901
0.003221 4900
0.003222 4899
0.003223 4899
0.003224 4899
0.003225 4899
0.003226 4900
0.003227 4901
0.003228 4901
0.003229 4901
0.00323 4901
0.003231 4901
0.003232 4901
0.003233 4902
0.003234 4902
0.003235 4902
0.003236 4902
0.003237 4902
0.003238 4902
0.003239 4902
0.00324 4901
0.003241 4901
0.003242 4902
0.003243 4902
0.003244 4902
0.003245 4902
0.003246 4902
0.003247 4901
0.003248 4901
0.003249 4901
0.00325 4901
0.003251 4901
0.003252 4901
0.003253 4901
0.003254 4902
0.003255 4902
0.003256 4902
0.003257 4902
0.003258 4902
0.003259 4901
0.00326 4901
0.003261 4901
0.003262 4901
0.003263 4901
0.003264 4901
0.003265 4901
0.003266 4901
0.003267 4901
0.003268 4901
0.003269 4901
0.00327 4901
0.003271 4901
0.003272 4901
0.003273 4901
0.003274 4901
0.003275 4901
0.003276 4901
0.003277 4901
0.003278 4901
0.003279 4901
0.00328 4901
0.003281 4902
0.003282 4902
0.003283 4902
0.003284 4902
0.003285 4903
0.003286 4903
0.003287 4903
0.003288 4902
0.003289 4903
0.00329 4903
0.003291 4903
0.003292 4904
0.003293 4904
0.003294 4904
0.003295 4904
0.003296 4903
0.003297 4903
0.003298 4903
0.003299 4903
0.0033 4903
0.003301 4903
0.003302 4904
0.003303 4904
0.003304 4904
0.003305 4904
0.003306 4904
0.003307 4904
0.003308 4906
0.003309 4906
0.00331 4907
0.003311 4907
0.003312 4907
0.003313 4906
0.003314 4906
0.003315 4906
0.003316 4907
0.003317 4907
0.003318 4907
0.003319 4907
0.00332 4907
0.003321 4907
0.003322 4907
0.003323 4906
0.003324 4906
0.003325 4905
0.003326 4904
0.003327 4903
0.003328 4903
0.003329 4903
0.00333 4903
0.003331 4903
0.003332 4904
0.003333 4904
0.003334 4904
0.003335 4904
0.003336 4904
0.003337 4904
0.003338 4904
0.003339 4904
0.00334 4904
0.003341 4904
0.003342 4903
0.003343 4901
0.003344 4899
0.003345 4898
0.003346 4898
0.003347 4899
0.003348 4899
0.003349 4899
0.00335 4897
0.003351 4898
0.003352 4898
0.003353 4898
0.003354 4898
0.003355 4898
0.003356 4899
0.003357 4897
0.003358 4897
0.003359 4897
0.00336 4895
0.003361 4895
0.003362 4894
0.003363 4895
0.003364 4895
0.003365 4894
0.003366 4894
0.003367 4894
0.003368 4895
0.003369 4895
0.00337 4895
0.003371 4895
0.003372 4896
0.003373 4896
0.003374 4896
0.003375 4896
0.003376 4897
0.003377 4897
0.003378 4897
0.003379 4897
0.00338 4897
0.003381 4897
0.003382 4897
0.003383 4897
0.003384 4898
0.003385 4898
0.003386 4898
0.003387 4897
0.003388 4897
0.003389 4897
0.00339 4897
0.003391 4897
0.003392 4896
0.003393 4896
0.003394 4896
0.003395 4896
0.003396 4896
0.003397 4896
0.003398 4896
0.003399 4897
0.0034 4897
0.003401 4897
0.003402 4897
0.003403 4897
0.003404 4897
0.003405 4898
0.003406 4898
0.003407 4898
0.003408 4898
0.003409 4898
0.00341 4899
0.003411 4899
0.003412 4900
0.003413 4899
0.003414 4899
0.003415 4899
0.003416 4899
0.003417 4899
0.003418 4899
0.003419 4896
0.00342 4896
0.003421 4896
0.003422 4896
0.003423 4896
0.003424 4895
0.003425 4896
0.003426 4896
0.003427 4897
0.003428 4898
0.003429 4898
0.00343 4898
0.003431 4899
0.003432 4899
0.003433 4899
0.003434 4899
0.003435 4899
0.003436 4900
0.003437 4900
0.003438 4900
0.003439 4900
0.00344 4901
0.003441 4901
0.003442 4901
0.003443 4901
0.003444 4901
0.003445 4902
0.003446 4902
0.003447 4904
0.003448 4904
0.003449 4904
0.00345 4903
0.003451 4903
0.003452 4902
0.003453 4901
0.003454 4901
0.003455 4901
0.003456 4901
0.003457 4901
0.003458 4901
0.003459 4901
0.00346 4901
0.003461 4901
0.003462 4901
0.003463 4901
0.003464 4901
0.003465 4901
0.003466 4901
0.003467 4901
0.003468 4901
0.003469 4901
0.00347 4901
0.003471 4901
0.003472 4900
0.003473 4900
0.003474 4900
0.003475 4900
0.003476 4900
0.003477 4900
0.003478 4900
0.003479 4900
0.00348 4901
0.003481 4901
0.003482 4901
0.003483 4900
0.003484 4901
0.003485 4901
0.003486 4901
0.003487 4901
0.003488 4901
0.003489 4901
0.00349 4901
0.003491 4901
0.003492 4901
0.003493 4901
0.003494 4902
0.003495 4902
0.003496 4902
0.003497 4902
0.003498 4903
0.003499 4903
0.0035 4903
0.003501 4904
0.003502 4904
0.003503 4904
0.003504 4904
0.003505 4904
0.003506 4904
0.003507 4904
0.003508 4905
0.003509 4905
0.00351 4905
0.003511 4905
0.003512 4905
0.003513 4904
0.003514 4904
0.003515 4904
0.003516 4904
0.003517 4905
0.003518 4905
0.003519 4905
0.00352 4905
0.003521 4905
0.003522 4905
0.003523 4905
0.003524 4905
0.003525 4907
0.003526 4907
0.003527 4907
0.003528 4907
0.003529 4908
0.00353 4908
0.003531 4909
0.003532 4909
0.003533 4909
0.003534 4908
0.003535 4909
0.003536 4909
0.003537 4910
0.003538 4910
0.003539 4910
0.00354 4910
0.003541 4910
0.003542 4910
0.003543 4911
0.003544 4911
0.003545 4911
0.003546 4911
0.003547 4911
0.003548 4910
0.003549 4910
0.00355 4909
0.003551 4909
0.003552 4909
0.003553 4909
0.003554 4909
0.003555 4909
0.003556 4910
0.003557 4909
0.003558 4909
0.003559 4909
0.00356 4909
0.003561 4910
0.003562 4910
0.003563 4910
0.003564 4910
0.003565 4910
0.003566 4909
0.003567 4910
0.003568 4910
0.003569 4910
0.00357 4910
0.003571 4910
0.003572 4910
0.003573 4910
0.003574 4910
0.003575 4911
0.003576 4911
0.003577 4911
0.003578 4911
0.003579 4912
0.00358 4912
0.003581 4912
0.003582 4912
0.003583 4912
0.003584 4913
0.003585 4913
0.003586 4914
0.003587 4914
0.003588 4915
0.003589 4915
0.00359 4915
0.003591 4917
0.003592 4917
0.003593 4917
0.003594 4918
0.003595 4918
0.003596 4918
0.003597 4918
0.003598 4918
0.003599 4918
0.0036 4919
0.003601 4919
0.003602 4920
0.003603 4920
0.003604 4919
0.003605 4920
0.003606 4920
0.003607 4920
0.003608 4920
0.003609 4922
0.00361 4923
0.003611 4923
0.003612 4923
0.003613 4923
0.003614 4923
0.003615 4923
0.003616 4923
0.003617 4923
0.003618 4923
0.003619 4923
0.00362 4924
0.003621 4924
0.003622 4924
0.003623 4924
0.003624 4924
0.003625 4924
0.003626 4924
0.003627 4924
0.003628 4924
0.003629 4924
0.00363 4925
0.003631 4924
0.003632 4924
0.003633 4924
0.003634 4924
0.003635 4924
0.003636 4924
0.003637 4924
0.003638 4924
0.003639 4924
0.00364 4923
0.003641 4923
0.003642 4922
0.003643 4921
0.003644 4921
0.003645 4921
0.003646 4921
0.003647 4923
0.003648 4923
0.003649 4924
0.00365 4924
0.003651 4924
0.003652 4923
0.003653 4924
0.003654 4924
0.003655 4924
0.003656 4924
0.003657 4924
0.003658 4924
0.003659 4923
0.00366 4923
0.003661 4923
0.003662 4923
0.003663 4923
0.003664 4923
0.003665 4923
0.003666 4923
0.003667 4923
0.003668 4921
0.003669 4922
0.00367 4922
0.003671 4922
0.003672 4922
0.003673 4921
0.003674 4921
0.003675 4921
0.003676 4922
0.003677 4923
0.003678 4923
0.003679 4923
0.00368 4923
0.003681 4923
0.003682 4923
0.003683 4923
0.003684 4923
0.003685 4923
0.003686 4924
0.003687 4924
0.003688 4925
0.003689 4925
0.00369 4925
0.003691 4925
0.003692 4925
0.003693 4925
0.003694 4925
0.003695 4925
0.003696 4925
0.003697 4924
0.003698 4924
0.003699 4925
0.0037 4925
0.003701 4925
0.003702 4926
0.003703 4926
0.003704 4926
0.003705 4926
0.003706 4926
0.003707 4926
0.003708 4926
0.003709 4926
0.00371 4926
0.003711 4927
0.003712 4927
0.003713 4927
0.003714 4927
0.003715 4927
0.003716 4927
0.003717 4929
0.003718 4928
0.003719 4928
0.00372 4929
0.003721 4929
0.003722 4929
0.003723 4929
0.003724 4929
0.003725 4930
0.003726 4930
0.003727 4931
0.003728 4931
0.003729 4932
0.00373 4932
0.003731 4931
0.003732 4929
0.003733 4929
0.003734 4929
0.003735 4929
0.003736 4928
0.003737 4928
0.003738 4926
0.003739 4926
0.00374 4926
0.003741 4926
0.003742 4927
0.003743 4927
0.003744 4927
0.003745 4926
0.003746 4926
0.003747 4925
0.003748 4925
0.003749 4924
0.00375 4923
0.003751 4923
0.003752 4923
0.003753 4923
0.003754 4923
0.003755 4923
0.003756 4923
0.003757 4923
0.003758 4923
0.003759 4923
0.00376 4922
0.003761 4922
0.003762 4923
0.003763 4923
0.003764 4923
0.003765 4923
0.003766 4923
0.003767 4923
0.003768 4923
0.003769 4922
0.00377 4922
0.003771 4922
0.003772 4922
0.003773 4922
0.003774 4921
0.003775 4921
0.003776 4922
0.003777 4922
0.003778 4922
0.003779 4922
0.00378 4924
0.003781 4923
0.003782 4924
0.003783 4924
0.003784 4925
0.003785 4925
0.003786 4924
0.003787 4923
0.003788 4923
0.003789 4923
0.00379 4923
0.003791 4923
0.003792 4924
0.003793 4924
0.003794 4924
0.003795 4924
0.003796 4924
0.003797 4924
0.003798 4925
0.003799 4925
0.0038 4925
0.003801 4924
0.003802 4924
0.003803 4924
0.003804 4924
0.003805 4924
0.003806 4924
0.003807 4925
0.003808 4925
0.003809 4925
0.00381 4925
0.003811 4925
0.003812 4925
0.003813 4925
0.003814 4925
0.003815 4925
0.003816 4926
0.003817 4926
0.003818 4927
0.003819 4927
0.00382 4927
0.003821 4926
0.003822 4927
0.003823 4927
0.003824 4926
0.003825 4926
0.003826 4925
0.003827 4925
0.003828 4925
0.003829 4924
0.00383 4924
0.003831 4924
0.003832 4924
0.003833 4925
0.003834 4925
0.003835 4925
0.003836 4925
0.003837 4924
0.003838 4924
0.003839 4924
0.00384 4924
0.003841 4924
0.003842 4923
0.003843 4924
0.003844 4924
0.003845 4924
0.003846 4924
0.003847 4924
0.003848 4924
0.003849 4924
0.00385 4924
0.003851 4924
0.003852 4924
0.003853 4923
0.003854 4923
0.003855 4922
0.003856 4923
0.003857 4923
0.003858 4923
0.003859 4923
0.00386 4923
0.003861 4924
0.003862 4924
0.003863 4924
0.003864 4924
0.003865 4924
0.003866 4924
0.003867 4924
0.003868 4924
0.003869 4924
0.00387 4924
0.003871 4924
0.003872 4924
0.003873 4924
0.003874 4925
0.003875 4925
0.003876 4924
0.003877 4924
0.003878 4924
0.003879 4923
0.00388 4923
0.003881 4921
0.003882 4922
0.003883 4921
0.003884 4921
0.003885 4921
0.003886 4921
0.003887 4920
0.003888 4919
0.003889 4919
0.00389 4919
0.003891 4919
0.003892 4919
0.003893 4918
0.003894 4918
0.003895 4918
0.003896 4918
0.003897 4917
0.003898 4918
0.003899 4918
0.0039 4918
0.003901 4918
0.003902 4918
0.003903 4918
0.003904 4918
0.003905 4918
0.003906 4919
0.003907 4919
0.003908 4919
0.003909 4919
0.00391 4919
0.003911 4919
0.003912 4919
0.003913 4920
0.003914 4920
0.003915 4919
0.003916 4919
0.003917 4919
0.003918 4919
0.003919 4919
0.00392 4919
0.003921 4919
0.003922 4919
0.003923 4919
0.003924 4920
0.003925 4920
0.003926 4920
0.003927 4920
0.003928 4920
0.003929 4919
0.00393 4920
0.003931 4920
0.003932 4920
0.003933 4920
0.003934 4920
0.003935 4921
0.003936 4922
0.003937 4922
0.003938 4922
0.003939 4922
0.00394 4922
0.003941 4921
0.003942 4921
0.003943 4920
0.003944 4920
0.003945 4919
0.003946 4920
0.003947 4920
0.003948 4921
0.003949 4922
0.00395 4922
0.003951 4922
0.003952 4923
0.003953 4923
0.003954 4924
0.003955 4924
0.003956 4925
0.003957 4925
0.003958 4926
0.003959 4926
0.00396 4926
0.003961 4927
0.003962 4927
0.003963 4927
0.003964 4927
0.003965 4927
0.003966 4928
0.003967 4928
0.003968 4928
0.003969 4927
0.00397 4927
0.003971 4926
0.003972 4926
0.003973 4926
0.003974 4926
0.003975 4926
0.003976 4926
0.003977 4926
0.003978 4926
0.003979 4927
0.00398 4926
0.003981 4926
0.003982 4926
0.003983 4927
0.003984 4926
0.003985 4926
0.003986 4926
0.003987 4926
0.003988 4927
0.003989 4927
0.00399 4926
0.003991 4926
0.003992 4926
0.003993 4926
0.003994 4926
0.003995 4926
0.003996 4926
0.003997 4926
0.003998 4926
0.003999 4926
0.004 4926
0.004001 4926
0.004002 4926
0.004003 4926
0.004004 4926
0.004005 4925
0.004006 4925
0.004007 4924
0.004008 4924
0.004009 4924
0.00401 4924
0.004011 4924
0.004012 4924
0.004013 4924
0.004014 4924
0.004015 4924
0.004016 4923
0.004017 4923
0.004018 4923
0.004019 4923
0.00402 4923
0.004021 4923
0.004022 4922
0.004023 4922
0.004024 4922
0.004025 4922
0.004026 4922
0.004027 4923
0.004028 4922
0.004029 4922
0.00403 4923
0.004031 4923
0.004032 4923
0.004033 4923
0.004034 4923
0.004035 4923
0.004036 4923
0.004037 4923
0.004038 4924
0.004039 4924
0.00404 4923
0.004041 4923
0.004042 4923
0.004043 4923
0.004044 4923
0.004045 4923
0.004046 4922
0.004047 4922
0.004048 4922
0.004049 4922
0.00405 4922
0.004051 4922
0.004052 4922
0.004053 4922
0.004054 4921
0.004055 4921
0.004056 4921
0.004057 4921
0.004058 4922
0.004059 4921
0.00406 4922
0.004061 4921
0.004062 4922
0.004063 4922
0.004064 4922
0.004065 4923
0.004066 4924
0.004067 4924
0.004068 4924
0.004069 4924
0.00407 4924
0.004071 4924
0.004072 4924
0.004073 4924
0.004074 4923
0.004075 4923
0.004076 4923
0.004077 4922
0.004078 4923
0.004079 4923
0.00408 4923
0.004081 4923
0.004082 4923
0.004083 4924
0.004084 4924
0.004085 4923
0.004086 4923
0.004087 4921
0.004088 4920
0.004089 4920
0.00409 4921
0.004091 4921
0.004092 4919
0.004093 4919
0.004094 4919
0.004095 4920
0.004096 4920
0.004097 4920
0.004098 4921
0.004099 4921
0.0041 4921
0.004101 4922
0.004102 4923
0.004103 4923
0.004104 4923
0.004105 4923
0.004106 4923
0.004107 4922
0.004108 4922
0.004109 4922
0.00411 4922
0.004111 4922
0.004112 4922
0.004113 4922
0.004114 4921
0.004115 4920
0.004116 4920
0.004117 4919
0.004118 4919
0.004119 4919
0.00412 4919
0.004121 4919
0.004122 4919
0.004123 4919
0.004124 4919
0.004125 4918
0.004126 4918
0.004127 4918
0.004128 4918
0.004129 4919
0.00413 4919
0.004131 4919
0.004132 4919
0.004133 4919
0.004134 4919
0.004135 4919
0.004136 4918
0.004137 4918
0.004138 4918
0.004139 4918
0.00414 4917
0.004141 4917
0.004142 4917
0.004143 4917
0.004144 4918
0.004145 4918
0.004146 4919
0.004147 4919
0.004148 4920
0.004149 4920
0.00415 4920
0.004151 4920
0.004152 4920
0.004153 4920
0.004154 4920
0.004155 4920
0.004156 4919
0.004157 4919
0.004158 4921
0.004159 4921
0.00416 4921
0.004161 4921
0.004162 4920
0.004163 4919
0.004164 4919
0.004165 4919
0.004166 4918
0.004167 4918
0.004168 4918
0.004169 4918
0.00417 4917
0.004171 4917
0.004172 4915
0.004173 4916
0.004174 4916
0.004175 4916
0.004176 4916
0.004177 4916
0.004178 4916
0.004179 4916
0.00418 4916
0.004181 4917
0.004182 4919
0.004183 4919
0.004184 4919
0.004185 4920
0.004186 4920
0.004187 4921
0.004188 4921
0.004189 4921
0.00419 4921
0.004191 4921
0.004192 4920
0.004193 4922
0.004194 4922
0.004195 4922
0.004196 4922
0.004197 4922
0.004198 4922
0.004199 4922
0.0042 4922
0.004201 4923
0.004202 4923
0.004203 4923
0.004204 4923
0.004205 4923
0.004206 4923
0.004207 4923
0.004208 4923
0.004209 4923
0.00421 4923
0.004211 4923
0.004212 4922
0.004213 4922
0.004214 4922
0.004215 4922
0.004216 4922
0.004217 4922
0.004218 4922
0.004219 4922
0.00422 4922
0.004221 4922
0.004222 4922
0.004223 4922
0.004224 4922
0.004225 4922
0.004226 4922
0.004227 4922
0.004228 4922
0.004229 4922
0.00423 4922
0.004231 4922
0.004232 4922
0.004233 4923
0.004234 4924
0.004235 4925
0.004236 4925
0.004237 4925
0.004238 4925
0.004239 4925
0.00424 4925
0.004241 4926
0.004242 4927
0.004243 4927
0.004244 4928
0.004245 4928
0.004246 4928
0.004247 4929
0.004248 4929
0.004249 4929
0.00425 4928
0.004251 4928
0.004252 4929
0.004253 4925
0.004254 4925
0.004255 4925
0.004256 4925
0.004257 4925
0.004258 4925
0.004259 4926
0.00426 4926
0.004261 4926
0.004262 4926
0.004263 4926
0.004264 4925
0.004265 4925
0.004266 4924
0.004267 4924
0.004268 4924
0.004269 4924
0.00427 4924
0.004271 4924
0.004272 4924
0.004273 4925
0.004274 4925
0.004275 4924
0.004276 4924
0.004277 4924
0.004278 4924
0.004279 4924
0.00428 4924
0.004281 4923
0.004282 4923
0.004283 4923
0.004284 4923
0.004285 4923
0.004286 4923
0.004287 4923
0.004288 4924
0.004289 4924
0.00429 4925
0.004291 4925
0.004292 4925
0.004293 4925
0.004294 4924
0.004295 4924
0.004296 4924
0.004297 4924
0.004298 4924
0.004299 4924
0.0043 4924
0.004301 4924
0.004302 4924
0.004303 4924
0.004304 4925
0.004305 4925
0.004306 4924
0.004307 4924
0.004308 4925
0.004309 4925
0.00431 4925
0.004311 4924
0.004312 4924
0.004313 4924
0.004314 4925
0.004315 4926
0.004316 4926
0.004317 4926
0.004318 4927
0.004319 4927
0.00432 4927
0.004321 4926
0.004322 4926
0.004323 4926
0.004324 4926
0.004325 4926
0.004326 4926
0.004327 4926
0.004328 4925
0.004329 4925
0.00433 4924
0.004331 4924
0.004332 4925
0.004333 4924
0.004334 4924
0.004335 4924
0.004336 4923
0.004337 4923
0.004338 4923
0.004339 4923
0.00434 4923
0.004341 4923
0.004342 4923
0.004343 4923
0.004344 4923
0.004345 4924
0.004346 4924
0.004347 4924
0.004348 4923
0.004349 4924
0.00435 4924
0.004351 4924
0.004352 4925
0.004353 4925
0.004354 4925
0.004355 4925
0.004356 4924
0.004357 4924
0.004358 4924
0.004359 4924
0.00436 4924
0.004361 4924
0.004362 4923
0.004363 4923
0.004364 4923
0.004365 4923
0.004366 4923
0.004367 4923
0.004368 4923
0.004369 4923
0.00437 4923
0.004371 4923
0.004372 4922
0.004373 4922
0.004374 4922
0.004375 4922
0.004376 4921
0.004377 4921
0.004378 4921
0.004379 4921
0.00438 4921
0.004381 4921
0.004382 4921
0.004383 4922
0.004384 4923
0.004385 4923
0.004386 4923
0.004387 4923
0.004388 4923
0.004389 4923
0.00439 4922
0.004391 4922
0.004392 4922
0.004393 4921
0.004394 4921
0.004395 4921
0.004396 4922
0.004397 4922
0.004398 4921
0.004399 4921
0.0044 4921
0.004401 4922
0.004402 4922
0.004403 4922
0.004404 4923
0.004405 4923
0.004406 4923
0.004407 4923
0.004408 4923
0.004409 4923
0.00441 4923
0.004411 4923
0.004412 4924
0.004413 4924
0.004414 4924
0.004415 4925
0.004416 4925
0.004417 4925
0.004418 4925
0.004419 4925
0.00442 4924
0.004421 4924
0.004422 4925
0.004423 4925
0.004424 4925
0.004425 4925
0.004426 4925
0.004427 4925
0.004428 4926
0.004429 4926
0.00443 4926
0.004431 4927
0.004432 4927
0.004433 4928
0.004434 4928
0.004435 4927
0.004436 4928
0.004437 4928
0.004438 4927
0.004439 4927
0.00444 4927
0.004441 4927
0.004442 4927
0.004443 4928
0.004444 4928
0.004445 4929
0.004446 4929
0.004447 4929
0.004448 4930
0.004449 4931
0.00445 4931
0.004451 4931
0.004452 4928
0.004453 4928
0.004454 4929
0.004455 4929
0.004456 4929
0.004457 4929
0.004458 4929
0.004459 4929
0.00446 4930
0.004461 4931
0.004462 4931
0.004463 4931
0.004464 4930
0.004465 4930
0.004466 4930
0.004467 4930
0.004468 4931
0.004469 4931
0.00447 4931
0.004471 4931
0.004472 4930
0.004473 4930
0.004474 4930
0.004475 4930
0.004476 4930
0.004477 4930
0.004478 4930
0.004479 4929
0.00448 4929
0.004481 4928
0.004482 4927
0.004483 4927
0.004484 4926
0.004485 4926
0.004486 4926
0.004487 4926
0.004488 4926
0.004489 4925
0.00449 4925
0.004491 4924
0.004492 4924
0.004493 4924
0.004494 4924
0.004495 4925
0.004496 4925
0.004497 4925
0.004498 4925
0.004499 4924
0.0045 4925
0.004501 4925
0.004502 4924
0.004503 4924
0.004504 4923
0.004505 4923
0.004506 4923
0.004507 4923
0.004508 4923
0.004509 4923
0.00451 4923
0.004511 4923
0.004512 4922
0.004513 4922
0.004514 4922
0.004515 4922
0.004516 4922
0.004517 4922
0.004518 4923
0.004519 4923
0.00452 4922
0.004521 4921
0.004522 4921
0.004523 4922
0.004524 4922
0.004525 4922
0.004526 4922
0.004527 4922
0.004528 4922
0.004529 4922
0.00453 4922
0.004531 4922
0.004532 4922
0.004533 4922
0.004534 4922
0.004535 4922
0.004536 4922
0.004537 4921
0.004538 4922
0.004539 4922
0.00454 4922
0.004541 4922
0.004542 4922
0.004543 4922
0.004544 4922
0.004545 4922
0.004546 4922
0.004547 4922
0.004548 4922
0.004549 4923
0.00455 4923
0.004551 4923
0.004552 4925
0.004553 4924
0.004554 4924
0.004555 4924
0.004556 4924
0.004557 4924
0.004558 4923
0.004559 4923
0.00456 4923
0.004561 4923
0.004562 4923
0.004563 4923
0.004564 4923
0.004565 4923
0.004566 4923
0.004567 4923
0.004568 4923
0.004569 4924
0.00457 4924
0.004571 4924
0.004572 4924
0.004573 4924
0.004574 4924
0.004575 4924
0.004576 4924
0.004577 4925
0.004578 4925
0.004579 4927
0.00458 4927
0.004581 4927
0.004582 4928
0.004583 4928
0.004584 4927
0.004585 4927
0.004586 4927
0.004587 4928
0.004588 4927
0.004589 4926
0.00459 4926
0.004591 4926
0.004592 4926
0.004593 4925
0.004594 4925
0.004595 4926
0.004596 4926
0.004597 4926
0.004598 4925
0.004599 4925
0.0046 4925
0.004601 4925
0.004602 4925
0.004603 4925
0.004604 4925
0.004605 4925
0.004606 4925
0.004607 4925
0.004608 4925
0.004609 4925
0.00461 4925
0.004611 4926
0.004612 4926
0.004613 4927
0.004614 4927
0.004615 4927
0.004616 4927
0.004617 4925
0.004618 4925
0.004619 4925
0.00462 4925
0.004621 4923
0.004622 4924
0.004623 4925
0.004624 4926
0.004625 4926
0.004626 4926
0.004627 4926
0.004628 4926
0.004629 4926
0.00463 4926
0.004631 4927
0.004632 4927
0.004633 4927
0.004634 4927
0.004635 4927
0.004636 4927
0.004637 4928
0.004638 4928
0.004639 4928
0.00464 4928
0.004641 4928
0.004642 4928
0.004643 4929
0.004644 4929
0.004645 4929
0.004646 4929
0.004647 4929
0.004648 4929
0.004649 4930
0.00465 4930
0.004651 4930
0.004652 4930
0.004653 4930
0.004654 4930
0.004655 4930
0.004656 4930
0.004657 4930
0.004658 4930
0.004659 4929
0.00466 4929
0.004661 4929
0.004662 4929
0.004663 4929
0.004664 4928
0.004665 4928
0.004666 4927
0.004667 4927
0.004668 4927
0.004669 4927
0.00467 4927
0.004671 4927
0.004672 4927
0.004673 4926
0.004674 4926
0.004675 4927
0.004676 4927
0.004677 4928
0.004678 4928
0.004679 4928
0.00468 4927
0.004681 4927
0.004682 4926
0.004683 4926
0.004684 4927
0.004685 4927
0.004686 4927
0.004687 4926
0.004688 4927
0.004689 4927
0.00469 4927
0.004691 4926
0.004692 4926
0.004693 4926
0.004694 4925
0.004695 4925
0.004696 4925
0.004697 4925
0.004698 4925
0.004699 4925
0.0047 4925
0.004701 4924
0.004702 4924
0.004703 4924
0.004704 4923
0.004705 4923
0.004706 4923
0.004707 4923
0.004708 4922
0.004709 4922
0.00471 4922
0.004711 4922
0.004712 4922
0.004713 4922
0.004714 4922
0.004715 4922
0.004716 4924
0.004717 4924
0.004718 4924
0.004719 4925
0.00472 4925
0.004721 4925
0.004722 4925
0.004723 4925
0.004724 4925
0.004725 4925
0.004726 4925
0.004727 4924
0.004728 4924
0.004729 4924
0.00473 4924
0.004731 4924
0.004732 4924
0.004733 4924
0.004734 4924
0.004735 4924
0.004736 4925
0.004737 4925
0.004738 4924
0.004739 4924
0.00474 4923
0.004741 4923
0.004742 4923
0.004743 4924
0.004744 4924
0.004745 4923
0.004746 4923
0.004747 4923
0.004748 4923
0.004749 4923
0.00475 4923
0.004751 4925
0.004752 4925
0.004753 4925
0.004754 4925
0.004755 4925
0.004756 4925
0.004757 4925
0.004758 4925
0.004759 4925
0.00476 4926
0.004761 4927
0.004762 4926
0.004763 4926
0.004764 4926
0.004765 4926
0.004766 4926
0.004767 4926
0.004768 4926
0.004769 4926
0.00477 4926
0.004771 4926
0.004772 4925
0.004773 4925
0.004774 4925
0.004775 4925
0.004776 4925
0.004777 4925
0.004778 4925
0.004779 4925
0.00478 4925
0.004781 4925
0.004782 4926
0.004783 4926
0.004784 4925
0.004785 4925
0.004786 4925
0.004787 4926
0.004788 4926
0.004789 4926
0.00479 4926
0.004791 4927
0.004792 4927
0.004793 4927
0.004794 4927
0.004795 4927
0.004796 4926
0.004797 4927
0.004798 4927
0.004799 4926
0.0048 4926
0.004801 4927
0.004802 4927
0.004803 4927
0.004804 4927
0.004805 4927
0.004806 4927
0.004807 4927
0.004808 4928
0.004809 4930
0.00481 4930
0.004811 4931
0.004812 4931
0.004813 4931
0.004814 4931
0.004815 4931
0.004816 4932
0.004817 4931
0.004818 4931
0.004819 4931
0.00482 4932
0.004821 4933
0.004822 4933
0.004823 4932
0.004824 4932
0.004825 4932
0.004826 4932
0.004827 4932
0.004828 4932
0.004829 4933
0.00483 4933
0.004831 4934
0.004832 4934
0.004833 4934
0.004834 4933
0.004835 4933
0.004836 4933
0.004837 4932
0.004838 4932
0.004839 4931
0.00484 4931
0.004841 4931
0.004842 4931
0.004843 4930
0.004844 4930
0.004845 4930
0.004846 4930
0.004847 4930
0.004848 4930
0.004849 4930
0.00485 4930
0.004851 4930
0.004852 4931
0.004853 4933
0.004854 4933
0.004855 4933
0.004856 4932
0.004857 4932
0.004858 4932
0.004859 4932
0.00486 4932
0.004861 4931
0.004862 4930
0.004863 4930
0.004864 4930
0.004865 4930
0.004866 4929
0.004867 4929
0.004868 4929
0.004869 4930
0.00487 4930
0.004871 4930
0.004872 4930
0.004873 4931
0.004874 4931
0.004875 4931
0.004876 4931
0.004877 4931
0.004878 4931
0.004879 4930
0.00488 4930
0.004881 4930
0.004882 4930
0.004883 4930
0.004884 4930
0.004885 4930
0.004886 4930
0.004887 4930
0.004888 4930
0.004889 4931
0.00489 4932
0.004891 4932
0.004892 4932
0.004893 4929
0.004894 4929
0.004895 4929
0.004896 4929
0.004897 4928
0.004898 4928
0.004899 4928
0.0049 4929
0.004901 4929
0.004902 4928
0.004903 4930
0.004904 4930
0.004905 4929
0.004906 4929
0.004907 4929
0.004908 4928
0.004909 4928
0.00491 4928
0.004911 4929
0.004912 4929
0.004913 4929
0.004914 4929
0.004915 4928
0.004916 4928
0.004917 4928
0.004918 4928
0.004919 4928
0.00492 4928
0.004921 4928
0.004922 4928
0.004923 4927
0.004924 4928
0.004925 4928
0.004926 4928
0.004927 4928
0.004928 4928
0.004929 4927
0.00493 4928
0.004931 4928
0.004932 4928
0.004933 4928
0.004934 4927
0.004935 4927
0.004936 4925
0.004937 4925
0.004938 4924
0.004939 4923
0.00494 4923
0.004941 4921
0.004942 4921
0.004943 4922
0.004944 4921
0.004945 4921
0.004946 4921
0.004947 4921
0.004948 4922
0.004949 4922
0.00495 4921
0.004951 4921
0.004952 4921
0.004953 4921
0.004954 4921
0.004955 4921
0.004956 4921
0.004957 4921
0.004958 4921
0.004959 4921
0.00496 4921
0.004961 4920
0.004962 4922
0.004963 4922
0.004964 4922
0.004965 4923
0.004966 4923
0.004967 4924
0.004968 4924
0.004969 4925
0.00497 4925
0.004971 4926
0.004972 4925
0.004973 4926
0.004974 4926
0.004975 4926
0.004976 4926
0.004977 4926
0.004978 4926
0.004979 4926
0.00498 4926
0.004981 4926
0.004982 4927
0.004983 4927
0.004984 4927
0.004985 4927
0.004986 4927
0.004987 4926
0.004988 4925
0.004989 4925
0.00499 4925
0.004991 4924
0.004992 4924
0.004993 4924
0.004994 4924
0.004995 4924
0.004996 4924
0.004997 4924
0.004998 4925
0.004999 4925
0.005 4925
