0 401
1e-06 405
2e-06 406
3e-06 410
4e-06 414
5e-06 418
6e-06 422
7e-06 426
8e-06 428
9e-06 436
1e-05 438
1.1e-05 443
1.2e-05 449
1.3e-05 452
1.4e-05 453
1.5e-05 457
1.6e-05 460
1.7e-05 462
1.8e-05 464
1.9e-05 469
2e-05 473
2.1e-05 475
2.2e-05 479
2.3e-05 482
2.4e-05 487
2.5e-05 491
2.6e-05 493
2.7e-05 496
2.8e-05 496
2.9e-05 500
3e-05 502
3.1e-05 506
3.2e-05 512
3.3e-05 516
3.4e-05 520
3.5e-05 522
3.6e-05 525
3.7e-05 527
3.8e-05 529
3.9e-05 529
4e-05 532
4.1e-05 533
4.2e-05 540
4.3e-05 541
4.4e-05 541
4.5e-05 543
4.6e-05 545
4.7e-05 546
4.8e-05 548
4.9e-05 553
5e-05 554
5.1e-05 556
5.2e-05 563
5.3e-05 562
5.4e-05 565
5.5e-05 567
5.6e-05 571
5.7e-05 575
5.8e-05 578
5.9e-05 579
6e-05 585
6.1e-05 587
6.2e-05 588
6.3e-05 592
6.4e-05 593
6.5e-05 595
6.6e-05 598
6.7e-05 603
6.8e-05 609
6.9e-05 609
7e-05 610
7.1e-05 611
7.2e-05 614
7.3e-05 615
7.4e-05 620
7.5e-05 622
7.6e-05 622
7.7e-05 623
7.8e-05 625
7.9e-05 626
8e-05 626
8.1e-05 625
8.2e-05 625
8.3e-05 627
8.4e-05 632
8.5e-05 634
8.6e-05 636
8.7e-05 636
8.8e-05 637
8.9e-05 640
9e-05 640
9.1e-05 641
9.2e-05 643
9.3e-05 646
9.4e-05 648
9.5e-05 649
9.6e-05 651
9.7e-05 653
9.8e-05 653
9.9e-05 658
0.0001 661
0.000101 663
0.000102 664
0.000103 667
0.000104 671
0.000105 674
0.000106 677
0.000107 678
0.000108 680
0.000109 681
0.00011 683
0.000111 684
0.000112 687
0.000113 689
0.000114 690
0.000115 691
0.000116 692
0.000117 692
0.000118 694
0.000119 697
0.00012 697
0.000121 698
0.000122 701
0.000123 703
0.000124 705
0.000125 706
0.000126 706
0.000127 707
0.000128 708
0.000129 710
0.00013 711
0.000131 714
0.000132 714
0.000133 715
0.000134 716
0.000135 716
0.000136 717
0.000137 719
0.000138 720
0.000139 722
0.00014 723
0.000141 724
0.000142 725
0.000143 727
0.000144 729
0.000145 731
0.000146 732
0.000147 732
0.000148 733
0.000149 736
0.00015 735
0.000151 736
0.000152 735
0.000153 738
0.000154 740
0.000155 741
0.000156 744
0.000157 745
0.000158 746
0.000159 747
0.00016 747
0.000161 748
0.000162 749
0.000163 749
0.000164 749
0.000165 750
0.000166 752
0.000167 753
0.000168 753
0.000169 754
0.00017 757
0.000171 757
0.000172 758
0.000173 760
0.000174 761
0.000175 762
0.000176 763
0.000177 764
0.000178 763
0.000179 763
0.00018 765
0.000181 766
0.000182 768
0.000183 769
0.000184 770
0.000185 771
0.000186 773
0.000187 774
0.000188 775
0.000189 777
0.00019 778
0.000191 777
0.000192 777
0.000193 777
0.000194 776
0.000195 776
0.000196 777
0.000197 779
0.000198 781
0.000199 781
0.0002 780
0.000201 781
0.000202 782
0.000203 781
0.000204 782
0.000205 783
0.000206 784
0.000207 784
0.000208 784
0.000209 785
0.00021 787
0.000211 789
0.000212 791
0.000213 792
0.000214 793
0.000215 794
0.000216 795
0.000217 797
0.000218 799
0.000219 799
0.00022 799
0.000221 800
0.000222 801
0.000223 804
0.000224 805
0.000225 805
0.000226 805
0.000227 806
0.000228 807
0.000229 808
0.00023 811
0.000231 812
0.000232 813
0.000233 815
0.000234 817
0.000235 817
0.000236 818
0.000237 819
0.000238 820
0.000239 822
0.00024 824
0.000241 824
0.000242 825
0.000243 825
0.000244 827
0.000245 827
0.000246 828
0.000247 827
0.000248 829
0.000249 831
0.00025 832
0.000251 832
0.000252 833
0.000253 834
0.000254 834
0.000255 835
0.000256 834
0.000257 835
0.000258 837
0.000259 838
0.00026 838
0.000261 838
0.000262 841
0.000263 841
0.000264 842
0.000265 842
0.000266 844
0.000267 846
0.000268 844
0.000269 844
0.00027 845
0.000271 846
0.000272 847
0.000273 847
0.000274 847
0.000275 848
0.000276 849
0.000277 850
0.000278 852
0.000279 853
0.00028 854
0.000281 856
0.000282 857
0.000283 858
0.000284 859
0.000285 858
0.000286 858
0.000287 858
0.000288 860
0.000289 861
0.00029 862
0.000291 863
0.000292 863
0.000293 863
0.000294 863
0.000295 863
0.000296 864
0.000297 865
0.000298 866
0.000299 866
0.0003 866
0.000301 868
0.000302 870
0.000303 872
0.000304 872
0.000305 872
0.000306 872
0.000307 873
0.000308 874
0.000309 875
0.00031 875
0.000311 875
0.000312 876
0.000313 876
0.000314 876
0.000315 876
0.000316 876
0.000317 876
0.000318 876
0.000319 878
0.00032 878
0.000321 879
0.000322 879
0.000323 879
0.000324 879
0.000325 879
0.000326 878
0.000327 879
0.000328 877
0.000329 877
0.00033 877
0.000331 878
0.000332 878
0.000333 878
0.000334 879
0.000335 879
0.000336 879
0.000337 880
0.000338 880
0.000339 880
0.00034 880
0.000341 880
0.000342 881
0.000343 882
0.000344 882
0.000345 882
0.000346 883
0.000347 884
0.000348 884
0.000349 884
0.00035 884
0.000351 884
0.000352 884
0.000353 886
0.000354 885
0.000355 885
0.000356 884
0.000357 884
0.000358 884
0.000359 884
0.00036 885
0.000361 885
0.000362 885
0.000363 885
0.000364 884
0.000365 884
0.000366 884
0.000367 884
0.000368 883
0.000369 885
0.00037 885
0.000371 886
0.000372 885
0.000373 886
0.000374 886
0.000375 886
0.000376 888
0.000377 888
0.000378 889
0.000379 890
0.00038 890
0.000381 889
0.000382 889
0.000383 889
0.000384 889
0.000385 889
0.000386 891
0.000387 891
0.000388 891
0.000389 891
0.00039 892
0.000391 891
0.000392 891
0.000393 891
0.000394 893
0.000395 893
0.000396 895
0.000397 896
0.000398 896
0.000399 896
0.0004 897
0.000401 897
0.000402 897
0.000403 896
0.000404 896
0.000405 896
0.000406 896
0.000407 897
0.000408 897
0.000409 899
0.00041 899
0.000411 900
0.000412 900
0.000413 902
0.000414 902
0.000415 903
0.000416 903
0.000417 903
0.000418 903
0.000419 903
0.00042 905
0.000421 904
0.000422 904
0.000423 904
0.000424 905
0.000425 906
0.000426 907
0.000427 908
0.000428 907
0.000429 907
0.00043 907
0.000431 907
0.000432 907
0.000433 907
0.000434 906
0.000435 905
0.000436 905
0.000437 905
0.000438 905
0.000439 905
0.00044 905
0.000441 905
0.000442 905
0.000443 905
0.000444 905
0.000445 905
0.000446 905
0.000447 905
0.000448 905
0.000449 905
0.00045 905
0.000451 905
0.000452 905
0.000453 906
0.000454 906
0.000455 906
0.000456 906
0.000457 906
0.000458 906
0.000459 906
0.00046 907
0.000461 906
0.000462 906
0.000463 906
0.000464 905
0.000465 905
0.000466 906
0.000467 908
0.000468 908
0.000469 908
0.00047 909
0.000471 909
0.000472 911
0.000473 911
0.000474 911
0.000475 912
0.000476 911
0.000477 911
0.000478 911
0.000479 912
0.00048 912
0.000481 912
0.000482 912
0.000483 912
0.000484 912
0.000485 912
0.000486 912
0.000487 912
0.000488 912
0.000489 913
0.00049 913
0.000491 913
0.000492 913
0.000493 913
0.000494 913
0.000495 913
0.000496 913
0.000497 914
0.000498 914
0.000499 915
0.0005 915
0.000501 915
0.000502 915
0.000503 915
0.000504 915
0.000505 915
0.000506 915
0.000507 915
0.000508 915
0.000509 915
0.00051 915
0.000511 915
0.000512 915
0.000513 915
0.000514 915
0.000515 916
0.000516 916
0.000517 916
0.000518 917
0.000519 917
0.00052 917
0.000521 916
0.000522 916
0.000523 917
0.000524 917
0.000525 917
0.000526 918
0.000527 918
0.000528 918
0.000529 919
0.00053 920
0.000531 920
0.000532 920
0.000533 920
0.000534 921
0.000535 921
0.000536 921
0.000537 920
0.000538 920
0.000539 920
0.00054 920
0.000541 920
0.000542 920
0.000543 920
0.000544 920
0.000545 919
0.000546 919
0.000547 918
0.000548 918
0.000549 918
0.00055 918
0.000551 918
0.000552 918
0.000553 919
0.000554 919
0.000555 920
0.000556 921
0.000557 921
0.000558 921
0.000559 921
0.00056 920
0.000561 920
0.000562 920
0.000563 920
0.000564 920
0.000565 920
0.000566 920
0.000567 920
0.000568 920
0.000569 920
0.00057 920
0.000571 920
0.000572 920
0.000573 920
0.000574 920
0.000575 920
0.000576 920
0.000577 921
0.000578 921
0.000579 921
0.00058 921
0.000581 921
0.000582 922
0.000583 922
0.000584 922
0.000585 922
0.000586 922
0.000587 922
0.000588 922
0.000589 923
0.00059 923
0.000591 923
0.000592 923
0.000593 923
0.000594 923
0.000595 923
0.000596 923
0.000597 923
0.000598 923
0.000599 924
0.0006 924
0.000601 924
0.000602 924
0.000603 924
0.000604 924
0.000605 924
0.000606 923
0.000607 923
0.000608 923
0.000609 923
0.00061 923
0.000611 922
0.000612 923
0.000613 923
0.000614 923
0.000615 923
0.000616 923
0.000617 924
0.000618 925
0.000619 926
0.00062 926
0.000621 925
0.000622 925
0.000623 925
0.000624 925
0.000625 925
0.000626 926
0.000627 926
0.000628 926
0.000629 926
0.00063 926
0.000631 927
0.000632 927
0.000633 927
0.000634 927
0.000635 927
0.000636 927
0.000637 927
0.000638 927
0.000639 928
0.00064 928
0.000641 928
0.000642 928
0.000643 928
0.000644 928
0.000645 927
0.000646 927
0.000647 927
0.000648 927
0.000649 927
0.00065 927
0.000651 927
0.000652 927
0.000653 927
0.000654 927
0.000655 927
0.000656 927
0.000657 927
0.000658 927
0.000659 927
0.00066 927
0.000661 927
0.000662 927
0.000663 927
0.000664 926
0.000665 926
0.000666 926
0.000667 927
0.000668 928
0.000669 927
0.00067 927
0.000671 927
0.000672 926
0.000673 926
0.000674 926
0.000675 926
0.000676 926
0.000677 926
0.000678 926
0.000679 926
0.00068 926
0.000681 926
0.000682 926
0.000683 926
0.000684 926
0.000685 927
0.000686 928
0.000687 928
0.000688 928
0.000689 928
0.00069 928
0.000691 928
0.000692 928
0.000693 928
0.000694 927
0.000695 927
0.000696 927
0.000697 927
0.000698 928
0.000699 928
0.0007 929
0.000701 929
0.000702 929
0.000703 929
0.000704 929
0.000705 929
0.000706 929
0.000707 929
0.000708 929
0.000709 929
0.00071 929
0.000711 929
0.000712 929
0.000713 929
0.000714 929
0.000715 929
0.000716 929
0.000717 929
0.000718 929
0.000719 929
0.00072 929
0.000721 929
0.000722 929
0.000723 929
0.000724 929
0.000725 929
0.000726 929
0.000727 929
0.000728 929
0.000729 929
0.00073 929
0.000731 929
0.000732 929
0.000733 929
0.000734 929
0.000735 929
0.000736 929
0.000737 929
0.000738 929
0.000739 929
0.00074 929
0.000741 930
0.000742 930
0.000743 930
0.000744 930
0.000745 930
0.000746 929
0.000747 929
0.000748 929
0.000749 929
0.00075 929
0.000751 929
0.000752 929
0.000753 929
0.000754 929
0.000755 929
0.000756 929
0.000757 929
0.000758 929
0.000759 929
0.00076 929
0.000761 929
0.000762 930
0.000763 929
0.000764 928
0.000765 928
0.000766 927
0.000767 927
0.000768 927
0.000769 927
0.00077 927
0.000771 927
0.000772 927
0.000773 927
0.000774 927
0.000775 927
0.000776 928
0.000777 928
0.000778 928
0.000779 928
0.00078 928
0.000781 928
0.000782 928
0.000783 928
0.000784 928
0.000785 928
0.000786 928
0.000787 928
0.000788 928
0.000789 928
0.00079 929
0.000791 929
0.000792 929
0.000793 929
0.000794 929
0.000795 929
0.000796 929
0.000797 928
0.000798 928
0.000799 928
0.0008 928
0.000801 928
0.000802 928
0.000803 928
0.000804 928
0.000805 928
0.000806 928
0.000807 928
0.000808 928
0.000809 928
0.00081 928
0.000811 928
0.000812 929
0.000813 929
0.000814 929
0.000815 929
0.000816 930
0.000817 930
0.000818 930
0.000819 930
0.00082 930
0.000821 930
0.000822 930
0.000823 930
0.000824 930
0.000825 930
0.000826 930
0.000827 929
0.000828 929
0.000829 929
0.00083 929
0.000831 929
0.000832 929
0.000833 929
0.000834 929
0.000835 929
0.000836 929
0.000837 929
0.000838 929
0.000839 929
0.00084 929
0.000841 929
0.000842 929
0.000843 929
0.000844 930
0.000845 930
0.000846 930
0.000847 930
0.000848 930
0.000849 930
0.00085 930
0.000851 930
0.000852 930
0.000853 930
0.000854 930
0.000855 930
0.000856 930
0.000857 930
0.000858 929
0.000859 929
0.00086 929
0.000861 929
0.000862 929
0.000863 930
0.000864 930
0.000865 930
0.000866 929
0.000867 929
0.000868 929
0.000869 929
0.00087 929
0.000871 929
0.000872 929
0.000873 929
0.000874 930
0.000875 930
0.000876 930
0.000877 930
0.000878 930
0.000879 931
0.00088 931
0.000881 931
0.000882 931
0.000883 931
0.000884 931
0.000885 931
0.000886 931
0.000887 931
0.000888 931
0.000889 931
0.00089 931
0.000891 930
0.000892 930
0.000893 930
0.000894 930
0.000895 930
0.000896 931
0.000897 931
0.000898 931
0.000899 931
0.0009 930
0.000901 930
0.000902 930
0.000903 930
0.000904 929
0.000905 929
0.000906 929
0.000907 929
0.000908 929
0.000909 930
0.00091 930
0.000911 930
0.000912 930
0.000913 930
0.000914 930
0.000915 931
0.000916 930
0.000917 930
0.000918 930
0.000919 930
0.00092 930
0.000921 930
0.000922 930
0.000923 930
0.000924 930
0.000925 930
0.000926 930
0.000927 930
0.000928 930
0.000929 930
0.00093 930
0.000931 931
0.000932 932
0.000933 931
0.000934 931
0.000935 931
0.000936 931
0.000937 931
0.000938 931
0.000939 931
0.00094 931
0.000941 931
0.000942 931
0.000943 931
0.000944 931
0.000945 931
0.000946 931
0.000947 931
0.000948 931
0.000949 931
0.00095 931
0.000951 931
0.000952 931
0.000953 932
0.000954 932
0.000955 932
0.000956 932
0.000957 932
0.000958 932
0.000959 932
0.00096 932
0.000961 932
0.000962 932
0.000963 932
0.000964 933
0.000965 933
0.000966 933
0.000967 931
0.000968 931
0.000969 931
0.00097 931
0.000971 931
0.000972 931
0.000973 931
0.000974 931
0.000975 931
0.000976 931
0.000977 931
0.000978 931
0.000979 930
0.00098 930
0.000981 931
0.000982 931
0.000983 931
0.000984 931
0.000985 931
0.000986 931
0.000987 931
0.000988 931
0.000989 931
0.00099 931
0.000991 932
0.000992 932
0.000993 932
0.000994 933
0.000995 933
0.000996 933
0.000997 934
0.000998 934
0.000999 934
0.001 934
0.001001 934
0.001002 934
0.001003 934
0.001004 935
0.001005 935
0.001006 935
0.001007 935
0.001008 935
0.001009 936
0.00101 936
0.001011 936
0.001012 935
0.001013 936
0.001014 936
0.001015 936
0.001016 936
0.001017 936
0.001018 936
0.001019 935
0.00102 935
0.001021 935
0.001022 935
0.001023 935
0.001024 936
0.001025 936
0.001026 935
0.001027 935
0.001028 935
0.001029 935
0.00103 935
0.001031 935
0.001032 936
0.001033 936
0.001034 936
0.001035 936
0.001036 936
0.001037 935
0.001038 935
0.001039 935
0.00104 935
0.001041 935
0.001042 935
0.001043 935
0.001044 935
0.001045 935
0.001046 935
0.001047 935
0.001048 935
0.001049 935
0.00105 935
0.001051 935
0.001052 935
0.001053 935
0.001054 935
0.001055 935
0.001056 935
0.001057 935
0.001058 935
0.001059 934
0.00106 934
0.001061 934
0.001062 934
0.001063 933
0.001064 933
0.001065 933
0.001066 933
0.001067 933
0.001068 933
0.001069 933
0.00107 934
0.001071 935
0.001072 935
0.001073 935
0.001074 935
0.001075 935
0.001076 935
0.001077 935
0.001078 937
0.001079 937
0.00108 937
0.001081 937
0.001082 937
0.001083 937
0.001084 937
0.001085 937
0.001086 937
0.001087 937
0.001088 937
0.001089 937
0.00109 937
0.001091 937
0.001092 938
0.001093 938
0.001094 938
0.001095 938
0.001096 938
0.001097 938
0.001098 938
0.001099 938
0.0011 938
0.001101 937
0.001102 937
0.001103 937
0.001104 937
0.001105 937
0.001106 937
0.001107 937
0.001108 937
0.001109 937
0.00111 937
0.001111 937
0.001112 937
0.001113 937
0.001114 937
0.001115 937
0.001116 937
0.001117 938
0.001118 938
0.001119 938
0.00112 938
0.001121 938
0.001122 937
0.001123 937
0.001124 937
0.001125 937
0.001126 937
0.001127 938
0.001128 938
0.001129 938
0.00113 938
0.001131 939
0.001132 938
0.001133 938
0.001134 938
0.001135 938
0.001136 938
0.001137 938
0.001138 938
0.001139 937
0.00114 937
0.001141 938
0.001142 938
0.001143 938
0.001144 938
0.001145 938
0.001146 938
0.001147 938
0.001148 938
0.001149 938
0.00115 938
0.001151 938
0.001152 938
0.001153 938
0.001154 938
0.001155 938
0.001156 938
0.001157 938
0.001158 938
0.001159 938
0.00116 938
0.001161 937
0.001162 937
0.001163 937
0.001164 937
0.001165 937
0.001166 937
0.001167 937
0.001168 937
0.001169 936
0.00117 935
0.001171 935
0.001172 935
0.001173 935
0.001174 936
0.001175 936
0.001176 936
0.001177 936
0.001178 937
0.001179 938
0.00118 938
0.001181 938
0.001182 938
0.001183 938
0.001184 938
0.001185 937
0.001186 937
0.001187 937
0.001188 937
0.001189 937
0.00119 937
0.001191 937
0.001192 937
0.001193 937
0.001194 937
0.001195 937
0.001196 937
0.001197 937
0.001198 937
0.001199 937
0.0012 937
0.001201 937
0.001202 938
0.001203 936
0.001204 936
0.001205 936
0.001206 936
0.001207 937
0.001208 937
0.001209 937
0.00121 937
0.001211 937
0.001212 937
0.001213 937
0.001214 937
0.001215 937
0.001216 937
0.001217 937
0.001218 937
0.001219 936
0.00122 936
0.001221 936
0.001222 936
0.001223 936
0.001224 936
0.001225 937
0.001226 937
0.001227 937
0.001228 937
0.001229 938
0.00123 938
0.001231 938
0.001232 938
0.001233 938
0.001234 938
0.001235 938
0.001236 938
0.001237 938
0.001238 938
0.001239 938
0.00124 938
0.001241 939
0.001242 938
0.001243 938
0.001244 938
0.001245 938
0.001246 938
0.001247 938
0.001248 938
0.001249 938
0.00125 938
0.001251 938
0.001252 938
0.001253 938
0.001254 938
0.001255 938
0.001256 938
0.001257 938
0.001258 938
0.001259 938
0.00126 938
0.001261 938
0.001262 938
0.001263 938
0.001264 938
0.001265 938
0.001266 938
0.001267 938
0.001268 938
0.001269 939
0.00127 938
0.001271 938
0.001272 938
0.001273 938
0.001274 938
0.001275 938
0.001276 938
0.001277 938
0.001278 938
0.001279 939
0.00128 939
0.001281 939
0.001282 939
0.001283 939
0.001284 939
0.001285 939
0.001286 939
0.001287 939
0.001288 939
0.001289 939
0.00129 938
0.001291 938
0.001292 938
0.001293 938
0.001294 938
0.001295 937
0.001296 937
0.001297 937
0.001298 937
0.001299 937
0.0013 938
0.001301 938
0.001302 938
0.001303 938
0.001304 938
0.001305 938
0.001306 938
0.001307 938
0.001308 938
0.001309 938
0.00131 938
0.001311 938
0.001312 938
0.001313 938
0.001314 938
0.001315 938
0.001316 938
0.001317 939
0.001318 939
0.001319 939
0.00132 939
0.001321 939
0.001322 939
0.001323 939
0.001324 939
0.001325 938
0.001326 938
0.001327 938
0.001328 938
0.001329 938
0.00133 938
0.001331 938
0.001332 938
0.001333 937
0.001334 937
0.001335 937
0.001336 937
0.001337 937
0.001338 938
0.001339 938
0.00134 938
0.001341 938
0.001342 938
0.001343 938
0.001344 938
0.001345 938
0.001346 938
0.001347 938
0.001348 938
0.001349 938
0.00135 938
0.001351 938
0.001352 938
0.001353 938
0.001354 938
0.001355 938
0.001356 938
0.001357 938
0.001358 938
0.001359 939
0.00136 939
0.001361 939
0.001362 939
0.001363 939
0.001364 939
0.001365 939
0.001366 939
0.001367 939
0.001368 939
0.001369 939
0.00137 939
0.001371 939
0.001372 938
0.001373 938
0.001374 938
0.001375 938
0.001376 938
0.001377 938
0.001378 938
0.001379 938
0.00138 938
0.001381 938
0.001382 938
0.001383 938
0.001384 938
0.001385 938
0.001386 938
0.001387 938
0.001388 938
0.001389 938
0.00139 938
0.001391 938
0.001392 938
0.001393 938
0.001394 938
0.001395 938
0.001396 938
0.001397 938
0.001398 938
0.001399 938
0.0014 938
0.001401 938
0.001402 938
0.001403 938
0.001404 938
0.001405 938
0.001406 938
0.001407 938
0.001408 938
0.001409 938
0.00141 939
0.001411 939
0.001412 939
0.001413 939
0.001414 939
0.001415 939
0.001416 939
0.001417 939
0.001418 939
0.001419 939
0.00142 940
0.001421 940
0.001422 940
0.001423 939
0.001424 939
0.001425 939
0.001426 939
0.001427 939
0.001428 939
0.001429 939
0.00143 939
0.001431 939
0.001432 940
0.001433 940
0.001434 940
0.001435 940
0.001436 939
0.001437 939
0.001438 939
0.001439 939
0.00144 939
0.001441 939
0.001442 940
0.001443 940
0.001444 940
0.001445 940
0.001446 940
0.001447 940
0.001448 940
0.001449 940
0.00145 940
0.001451 940
0.001452 940
0.001453 940
0.001454 941
0.001455 941
0.001456 941
0.001457 941
0.001458 940
0.001459 941
0.00146 941
0.001461 941
0.001462 940
0.001463 940
0.001464 941
0.001465 941
0.001466 941
0.001467 941
0.001468 941
0.001469 941
0.00147 941
0.001471 941
0.001472 941
0.001473 941
0.001474 941
0.001475 941
0.001476 941
0.001477 941
0.001478 941
0.001479 941
0.00148 940
0.001481 940
0.001482 941
0.001483 941
0.001484 941
0.001485 941
0.001486 941
0.001487 941
0.001488 941
0.001489 941
0.00149 941
0.001491 941
0.001492 941
0.001493 941
0.001494 941
0.001495 941
0.001496 941
0.001497 941
0.001498 941
0.001499 941
0.0015 941
0.001501 941
0.001502 941
0.001503 941
0.001504 941
0.001505 941
0.001506 941
0.001507 941
0.001508 941
0.001509 940
0.00151 940
0.001511 940
0.001512 940
0.001513 941
0.001514 941
0.001515 941
0.001516 941
0.001517 941
0.001518 941
0.001519 941
0.00152 941
0.001521 941
0.001522 941
0.001523 940
0.001524 940
0.001525 939
0.001526 939
0.001527 939
0.001528 939
0.001529 939
0.00153 939
0.001531 939
0.001532 939
0.001533 939
0.001534 939
0.001535 940
0.001536 940
0.001537 940
0.001538 940
0.001539 940
0.00154 940
0.001541 940
0.001542 940
0.001543 940
0.001544 940
0.001545 941
0.001546 941
0.001547 941
0.001548 941
0.001549 941
0.00155 941
0.001551 941
0.001552 941
0.001553 941
0.001554 941
0.001555 941
0.001556 941
0.001557 941
0.001558 941
0.001559 941
0.00156 941
0.001561 941
0.001562 941
0.001563 941
0.001564 941
0.001565 940
0.001566 940
0.001567 940
0.001568 940
0.001569 940
0.00157 940
0.001571 941
0.001572 941
0.001573 941
0.001574 941
0.001575 941
0.001576 941
0.001577 940
0.001578 940
0.001579 940
0.00158 941
0.001581 940
0.001582 940
0.001583 940
0.001584 940
0.001585 940
0.001586 940
0.001587 940
0.001588 940
0.001589 941
0.00159 941
0.001591 941
0.001592 940
0.001593 941
0.001594 941
0.001595 940
0.001596 940
0.001597 940
0.001598 940
0.001599 940
0.0016 940
0.001601 940
0.001602 940
0.001603 941
0.001604 941
0.001605 941
0.001606 941
0.001607 941
0.001608 941
0.001609 941
0.00161 941
0.001611 941
0.001612 941
0.001613 941
0.001614 940
0.001615 940
0.001616 940
0.001617 940
0.001618 940
0.001619 940
0.00162 940
0.001621 940
0.001622 940
0.001623 940
0.001624 940
0.001625 940
0.001626 939
0.001627 939
0.001628 940
0.001629 940
0.00163 940
0.001631 940
0.001632 940
0.001633 940
0.001634 940
0.001635 940
0.001636 940
0.001637 940
0.001638 940
0.001639 940
0.00164 940
0.001641 940
0.001642 939
0.001643 938
0.001644 938
0.001645 938
0.001646 938
0.001647 938
0.001648 938
0.001649 939
0.00165 939
0.001651 939
0.001652 939
0.001653 939
0.001654 939
0.001655 939
0.001656 939
0.001657 939
0.001658 939
0.001659 938
0.00166 938
0.001661 938
0.001662 939
0.001663 939
0.001664 939
0.001665 939
0.001666 939
0.001667 939
0.001668 939
0.001669 939
0.00167 939
0.001671 940
0.001672 940
0.001673 940
0.001674 941
0.001675 941
0.001676 940
0.001677 940
0.001678 940
0.001679 940
0.00168 940
0.001681 940
0.001682 939
0.001683 939
0.001684 940
0.001685 940
0.001686 940
0.001687 939
0.001688 939
0.001689 939
0.00169 939
0.001691 939
0.001692 939
0.001693 939
0.001694 939
0.001695 939
0.001696 939
0.001697 938
0.001698 938
0.001699 938
0.0017 938
0.001701 938
0.001702 938
0.001703 938
0.001704 937
0.001705 937
0.001706 937
0.001707 937
0.001708 937
0.001709 937
0.00171 937
0.001711 937
0.001712 937
0.001713 937
0.001714 937
0.001715 937
0.001716 937
0.001717 937
0.001718 937
0.001719 937
0.00172 937
0.001721 937
0.001722 937
0.001723 937
0.001724 937
0.001725 936
0.001726 936
0.001727 936
0.001728 935
0.001729 935
0.00173 935
0.001731 935
0.001732 935
0.001733 935
0.001734 935
0.001735 935
0.001736 935
0.001737 935
0.001738 935
0.001739 936
0.00174 936
0.001741 936
0.001742 936
0.001743 936
0.001744 936
0.001745 936
0.001746 936
0.001747 936
0.001748 936
0.001749 936
0.00175 936
0.001751 936
0.001752 936
0.001753 936
0.001754 936
0.001755 936
0.001756 936
0.001757 936
0.001758 936
0.001759 936
0.00176 937
0.001761 937
0.001762 938
0.001763 939
0.001764 939
0.001765 939
0.001766 939
0.001767 939
0.001768 939
0.001769 939
0.00177 939
0.001771 939
0.001772 939
0.001773 939
0.001774 938
0.001775 938
0.001776 938
0.001777 938
0.001778 937
0.001779 937
0.00178 937
0.001781 937
0.001782 937
0.001783 938
0.001784 938
0.001785 938
0.001786 938
0.001787 938
0.001788 938
0.001789 938
0.00179 938
0.001791 938
0.001792 938
0.001793 938
0.001794 938
0.001795 938
0.001796 938
0.001797 938
0.001798 938
0.001799 938
0.0018 939
0.001801 939
0.001802 939
0.001803 938
0.001804 938
0.001805 938
0.001806 939
0.001807 939
0.001808 939
0.001809 939
0.00181 939
0.001811 939
0.001812 939
0.001813 939
0.001814 939
0.001815 939
0.001816 939
0.001817 939
0.001818 939
0.001819 939
0.00182 939
0.001821 939
0.001822 939
0.001823 939
0.001824 939
0.001825 939
0.001826 939
0.001827 938
0.001828 938
0.001829 938
0.00183 938
0.001831 938
0.001832 938
0.001833 938
0.001834 938
0.001835 938
0.001836 938
0.001837 938
0.001838 938
0.001839 938
0.00184 938
0.001841 938
0.001842 938
0.001843 939
0.001844 939
0.001845 939
0.001846 939
0.001847 939
0.001848 939
0.001849 939
0.00185 939
0.001851 939
0.001852 938
0.001853 938
0.001854 938
0.001855 938
0.001856 938
0.001857 938
0.001858 938
0.001859 938
0.00186 938
0.001861 937
0.001862 937
0.001863 937
0.001864 937
0.001865 937
0.001866 937
0.001867 937
0.001868 936
0.001869 935
0.00187 935
0.001871 935
0.001872 935
0.001873 934
0.001874 935
0.001875 934
0.001876 934
0.001877 934
0.001878 934
0.001879 934
0.00188 934
0.001881 934
0.001882 934
0.001883 934
0.001884 934
0.001885 934
0.001886 934
0.001887 934
0.001888 934
0.001889 932
0.00189 932
0.001891 932
0.001892 931
0.001893 931
0.001894 931
0.001895 931
0.001896 931
0.001897 931
0.001898 931
0.001899 931
0.0019 931
0.001901 931
0.001902 931
0.001903 931
0.001904 931
0.001905 931
0.001906 931
0.001907 931
0.001908 931
0.001909 931
0.00191 931
0.001911 930
0.001912 930
0.001913 930
0.001914 929
0.001915 929
0.001916 929
0.001917 929
0.001918 929
0.001919 929
0.00192 928
0.001921 927
0.001922 927
0.001923 927
0.001924 927
0.001925 927
0.001926 927
0.001927 926
0.001928 926
0.001929 926
0.00193 926
0.001931 926
0.001932 926
0.001933 926
0.001934 926
0.001935 926
0.001936 926
0.001937 926
0.001938 926
0.001939 925
0.00194 925
0.001941 924
0.001942 924
0.001943 924
0.001944 923
0.001945 923
0.001946 923
0.001947 923
0.001948 923
0.001949 923
0.00195 923
0.001951 923
0.001952 923
0.001953 923
0.001954 923
0.001955 923
0.001956 923
0.001957 923
0.001958 923
0.001959 924
0.00196 924
0.001961 924
0.001962 924
0.001963 924
0.001964 924
0.001965 924
0.001966 924
0.001967 924
0.001968 924
0.001969 925
0.00197 925
0.001971 925
0.001972 925
0.001973 925
0.001974 925
0.001975 925
0.001976 925
0.001977 924
0.001978 924
0.001979 924
0.00198 924
0.001981 924
0.001982 925
0.001983 925
0.001984 925
0.001985 925
0.001986 925
0.001987 925
0.001988 925
0.001989 925
0.00199 925
0.001991 925
0.001992 925
0.001993 925
0.001994 925
0.001995 926
0.001996 924
0.001997 924
0.001998 924
0.001999 924
0.002 923
0.002001 923
0.002002 922
0.002003 921
0.002004 922
0.002005 921
0.002006 921
0.002007 921
0.002008 921
0.002009 920
0.00201 920
0.002011 919
0.002012 919
0.002013 919
0.002014 919
0.002015 919
0.002016 919
0.002017 919
0.002018 919
0.002019 919
0.00202 919
0.002021 919
0.002022 919
0.002023 919
0.002024 919
0.002025 919
0.002026 919
0.002027 919
0.002028 919
0.002029 919
0.00203 919
0.002031 919
0.002032 919
0.002033 919
0.002034 919
0.002035 919
0.002036 919
0.002037 919
0.002038 919
0.002039 919
0.00204 919
0.002041 919
0.002042 920
0.002043 920
0.002044 920
0.002045 920
0.002046 920
0.002047 919
0.002048 918
0.002049 918
0.00205 919
0.002051 919
0.002052 919
0.002053 919
0.002054 919
0.002055 919
0.002056 920
0.002057 919
0.002058 919
0.002059 919
0.00206 918
0.002061 918
0.002062 918
0.002063 918
0.002064 918
0.002065 918
0.002066 918
0.002067 918
0.002068 918
0.002069 918
0.00207 918
0.002071 918
0.002072 918
0.002073 918
0.002074 918
0.002075 918
0.002076 918
0.002077 920
0.002078 920
0.002079 920
0.00208 920
0.002081 920
0.002082 920
0.002083 920
0.002084 918
0.002085 917
0.002086 917
0.002087 917
0.002088 917
0.002089 918
0.00209 918
0.002091 918
0.002092 918
0.002093 918
0.002094 918
0.002095 917
0.002096 917
0.002097 917
0.002098 917
0.002099 917
0.0021 917
0.002101 917
0.002102 917
0.002103 917
0.002104 917
0.002105 918
0.002106 918
0.002107 918
0.002108 918
0.002109 918
0.00211 918
0.002111 916
0.002112 916
0.002113 915
0.002114 915
0.002115 915
0.002116 915
0.002117 916
0.002118 915
0.002119 914
0.00212 913
0.002121 913
0.002122 913
0.002123 913
0.002124 913
0.002125 913
0.002126 913
0.002127 913
0.002128 913
0.002129 913
0.00213 913
0.002131 913
0.002132 913
0.002133 913
0.002134 913
0.002135 913
0.002136 913
0.002137 913
0.002138 913
0.002139 913
0.00214 912
0.002141 911
0.002142 911
0.002143 911
0.002144 911
0.002145 911
0.002146 912
0.002147 912
0.002148 912
0.002149 912
0.00215 912
0.002151 912
0.002152 912
0.002153 912
0.002154 912
0.002155 912
0.002156 912
0.002157 912
0.002158 912
0.002159 912
0.00216 912
0.002161 912
0.002162 912
0.002163 912
0.002164 912
0.002165 913
0.002166 913
0.002167 913
0.002168 913
0.002169 913
0.00217 913
0.002171 913
0.002172 914
0.002173 914
0.002174 914
0.002175 914
0.002176 914
0.002177 915
0.002178 915
0.002179 915
0.00218 915
0.002181 914
0.002182 914
0.002183 914
0.002184 914
0.002185 914
0.002186 914
0.002187 913
0.002188 913
0.002189 913
0.00219 913
0.002191 912
0.002192 912
0.002193 912
0.002194 912
0.002195 911
0.002196 911
0.002197 911
0.002198 911
0.002199 911
0.0022 911
0.002201 911
0.002202 910
0.002203 910
0.002204 911
0.002205 911
0.002206 911
0.002207 911
0.002208 911
0.002209 911
0.00221 911
0.002211 911
0.002212 911
0.002213 911
0.002214 911
0.002215 911
0.002216 911
0.002217 910
0.002218 910
0.002219 910
0.00222 910
0.002221 910
0.002222 910
0.002223 910
0.002224 910
0.002225 910
0.002226 910
0.002227 909
0.002228 909
0.002229 909
0.00223 909
0.002231 909
0.002232 909
0.002233 909
0.002234 909
0.002235 909
0.002236 909
0.002237 909
0.002238 909
0.002239 909
0.00224 909
0.002241 909
0.002242 908
0.002243 908
0.002244 908
0.002245 909
0.002246 909
0.002247 909
0.002248 910
0.002249 910
0.00225 910
0.002251 910
0.002252 910
0.002253 910
0.002254 910
0.002255 910
0.002256 910
0.002257 910
0.002258 909
0.002259 909
0.00226 910
0.002261 910
0.002262 910
0.002263 910
0.002264 910
0.002265 910
0.002266 911
0.002267 912
0.002268 912
0.002269 913
0.00227 913
0.002271 914
0.002272 914
0.002273 914
0.002274 914
0.002275 914
0.002276 914
0.002277 914
0.002278 914
0.002279 914
0.00228 913
0.002281 913
0.002282 913
0.002283 913
0.002284 913
0.002285 913
0.002286 913
0.002287 914
0.002288 914
0.002289 914
0.00229 914
0.002291 914
0.002292 914
0.002293 914
0.002294 914
0.002295 914
0.002296 914
0.002297 915
0.002298 914
0.002299 914
0.0023 914
0.002301 914
0.002302 914
0.002303 914
0.002304 914
0.002305 914
0.002306 914
0.002307 914
0.002308 914
0.002309 914
0.00231 914
0.002311 914
0.002312 914
0.002313 912
0.002314 912
0.002315 912
0.002316 913
0.002317 913
0.002318 913
0.002319 913
0.00232 913
0.002321 913
0.002322 912
0.002323 912
0.002324 912
0.002325 912
0.002326 912
0.002327 912
0.002328 912
0.002329 912
0.00233 912
0.002331 912
0.002332 912
0.002333 912
0.002334 911
0.002335 911
0.002336 911
0.002337 911
0.002338 911
0.002339 911
0.00234 911
0.002341 911
0.002342 910
0.002343 910
0.002344 910
0.002345 910
0.002346 910
0.002347 910
0.002348 910
0.002349 910
0.00235 910
0.002351 909
0.002352 909
0.002353 911
0.002354 911
0.002355 911
0.002356 911
0.002357 912
0.002358 912
0.002359 912
0.00236 912
0.002361 912
0.002362 912
0.002363 912
0.002364 910
0.002365 910
0.002366 909
0.002367 909
0.002368 909
0.002369 908
0.00237 907
0.002371 907
0.002372 907
0.002373 907
0.002374 907
0.002375 907
0.002376 907
0.002377 907
0.002378 906
0.002379 906
0.00238 906
0.002381 906
0.002382 907
0.002383 907
0.002384 908
0.002385 908
0.002386 908
0.002387 908
0.002388 908
0.002389 908
0.00239 908
0.002391 908
0.002392 908
0.002393 908
0.002394 908
0.002395 908
0.002396 908
0.002397 908
0.002398 907
0.002399 907
0.0024 906
0.002401 906
0.002402 906
0.002403 906
0.002404 906
0.002405 907
0.002406 907
0.002407 907
0.002408 907
0.002409 907
0.00241 907
0.002411 907
0.002412 907
0.002413 907
0.002414 907
0.002415 907
0.002416 907
0.002417 908
0.002418 908
0.002419 908
0.00242 908
0.002421 908
0.002422 908
0.002423 908
0.002424 908
0.002425 908
0.002426 908
0.002427 908
0.002428 907
0.002429 907
0.00243 907
0.002431 907
0.002432 907
0.002433 907
0.002434 907
0.002435 907
0.002436 907
0.002437 907
0.002438 907
0.002439 907
0.00244 907
0.002441 907
0.002442 907
0.002443 907
0.002444 907
0.002445 908
0.002446 909
0.002447 908
0.002448 908
0.002449 908
0.00245 908
0.002451 908
0.002452 908
0.002453 908
0.002454 908
0.002455 908
0.002456 908
0.002457 908
0.002458 908
0.002459 908
0.00246 908
0.002461 908
0.002462 908
0.002463 908
0.002464 908
0.002465 908
0.002466 908
0.002467 908
0.002468 908
0.002469 908
0.00247 907
0.002471 907
0.002472 907
0.002473 907
0.002474 907
0.002475 907
0.002476 906
0.002477 906
0.002478 906
0.002479 906
0.00248 906
0.002481 906
0.002482 907
0.002483 907
0.002484 907
0.002485 907
0.002486 907
0.002487 908
0.002488 908
0.002489 908
0.00249 908
0.002491 908
0.002492 908
0.002493 908
0.002494 908
0.002495 908
0.002496 908
0.002497 908
0.002498 909
0.002499 909
0.0025 909
0.002501 909
0.002502 909
0.002503 909
0.002504 909
0.002505 909
0.002506 909
0.002507 909
0.002508 908
0.002509 908
0.00251 909
0.002511 909
0.002512 909
0.002513 909
0.002514 909
0.002515 909
0.002516 909
0.002517 910
0.002518 910
0.002519 910
0.00252 910
0.002521 910
0.002522 910
0.002523 910
0.002524 910
0.002525 910
0.002526 910
0.002527 910
0.002528 910
0.002529 910
0.00253 911
0.002531 911
0.002532 912
0.002533 912
0.002534 912
0.002535 912
0.002536 912
0.002537 912
0.002538 912
0.002539 912
0.00254 912
0.002541 912
0.002542 913
0.002543 913
0.002544 913
0.002545 913
0.002546 913
0.002547 913
0.002548 912
0.002549 912
0.00255 912
0.002551 912
0.002552 912
0.002553 912
0.002554 912
0.002555 912
0.002556 912
0.002557 912
0.002558 912
0.002559 912
0.00256 912
0.002561 911
0.002562 911
0.002563 911
0.002564 911
0.002565 911
0.002566 911
0.002567 911
0.002568 911
0.002569 912
0.00257 912
0.002571 912
0.002572 912
0.002573 912
0.002574 912
0.002575 912
0.002576 912
0.002577 913
0.002578 913
0.002579 913
0.00258 913
0.002581 913
0.002582 913
0.002583 913
0.002584 913
0.002585 913
0.002586 913
0.002587 913
0.002588 913
0.002589 913
0.00259 913
0.002591 914
0.002592 914
0.002593 914
0.002594 914
0.002595 914
0.002596 914
0.002597 914
0.002598 914
0.002599 914
0.0026 914
0.002601 914
0.002602 914
0.002603 914
0.002604 914
0.002605 915
0.002606 915
0.002607 915
0.002608 915
0.002609 915
0.00261 915
0.002611 915
0.002612 915
0.002613 915
0.002614 915
0.002615 915
0.002616 915
0.002617 915
0.002618 915
0.002619 915
0.00262 915
0.002621 915
0.002622 915
0.002623 915
0.002624 915
0.002625 916
0.002626 916
0.002627 916
0.002628 916
0.002629 916
0.00263 916
0.002631 916
0.002632 915
0.002633 915
0.002634 914
0.002635 914
0.002636 914
0.002637 914
0.002638 914
0.002639 914
0.00264 914
0.002641 914
0.002642 914
0.002643 914
0.002644 914
0.002645 914
0.002646 914
0.002647 914
0.002648 914
0.002649 914
0.00265 915
0.002651 915
0.002652 916
0.002653 916
0.002654 916
0.002655 916
0.002656 916
0.002657 916
0.002658 916
0.002659 916
0.00266 916
0.002661 916
0.002662 916
0.002663 917
0.002664 917
0.002665 917
0.002666 917
0.002667 917
0.002668 917
0.002669 917
0.00267 917
0.002671 917
0.002672 917
0.002673 917
0.002674 917
0.002675 917
0.002676 916
0.002677 916
0.002678 916
0.002679 916
0.00268 916
0.002681 916
0.002682 916
0.002683 916
0.002684 916
0.002685 916
0.002686 916
0.002687 916
0.002688 916
0.002689 916
0.00269 915
0.002691 915
0.002692 915
0.002693 915
0.002694 915
0.002695 915
0.002696 915
0.002697 915
0.002698 915
0.002699 915
0.0027 915
0.002701 915
0.002702 915
0.002703 915
0.002704 914
0.002705 914
0.002706 914
0.002707 914
0.002708 913
0.002709 913
0.00271 913
0.002711 913
0.002712 913
0.002713 913
0.002714 913
0.002715 913
0.002716 913
0.002717 913
0.002718 913
0.002719 913
0.00272 913
0.002721 913
0.002722 914
0.002723 914
0.002724 914
0.002725 914
0.002726 914
0.002727 914
0.002728 914
0.002729 914
0.00273 914
0.002731 914
0.002732 914
0.002733 914
0.002734 914
0.002735 914
0.002736 914
0.002737 914
0.002738 913
0.002739 913
0.00274 913
0.002741 913
0.002742 913
0.002743 913
0.002744 913
0.002745 913
0.002746 913
0.002747 914
0.002748 914
0.002749 914
0.00275 914
0.002751 914
0.002752 914
0.002753 914
0.002754 915
0.002755 915
0.002756 915
0.002757 914
0.002758 914
0.002759 914
0.00276 914
0.002761 914
0.002762 914
0.002763 915
0.002764 915
0.002765 915
0.002766 915
0.002767 915
0.002768 916
0.002769 916
0.00277 917
0.002771 917
0.002772 917
0.002773 917
0.002774 917
0.002775 917
0.002776 917
0.002777 917
0.002778 917
0.002779 917
0.00278 917
0.002781 918
0.002782 918
0.002783 918
0.002784 917
0.002785 917
0.002786 917
0.002787 917
0.002788 916
0.002789 916
0.00279 916
0.002791 916
0.002792 916
0.002793 916
0.002794 916
0.002795 916
0.002796 916
0.002797 916
0.002798 916
0.002799 916
0.0028 916
0.002801 916
0.002802 916
0.002803 917
0.002804 917
0.002805 918
0.002806 918
0.002807 918
0.002808 918
0.002809 918
0.00281 918
0.002811 918
0.002812 918
0.002813 918
0.002814 918
0.002815 918
0.002816 918
0.002817 918
0.002818 918
0.002819 918
0.00282 918
0.002821 918
0.002822 918
0.002823 918
0.002824 918
0.002825 917
0.002826 917
0.002827 917
0.002828 917
0.002829 917
0.00283 917
0.002831 917
0.002832 917
0.002833 917
0.002834 919
0.002835 919
0.002836 919
0.002837 918
0.002838 918
0.002839 918
0.00284 918
0.002841 919
0.002842 919
0.002843 919
0.002844 919
0.002845 919
0.002846 918
0.002847 918
0.002848 918
0.002849 918
0.00285 918
0.002851 920
0.002852 920
0.002853 921
0.002854 921
0.002855 921
0.002856 921
0.002857 921
0.002858 921
0.002859 922
0.00286 922
0.002861 922
0.002862 922
0.002863 922
0.002864 922
0.002865 923
0.002866 923
0.002867 923
0.002868 922
0.002869 922
0.00287 922
0.002871 923
0.002872 923
0.002873 923
0.002874 923
0.002875 923
0.002876 923
0.002877 922
0.002878 922
0.002879 922
0.00288 922
0.002881 922
0.002882 922
0.002883 922
0.002884 922
0.002885 922
0.002886 922
0.002887 922
0.002888 922
0.002889 921
0.00289 921
0.002891 921
0.002892 921
0.002893 921
0.002894 921
0.002895 921
0.002896 921
0.002897 921
0.002898 921
0.002899 921
0.0029 921
0.002901 920
0.002902 921
0.002903 921
0.002904 921
0.002905 921
0.002906 921
0.002907 921
0.002908 922
0.002909 922
0.00291 922
0.002911 922
0.002912 922
0.002913 922
0.002914 921
0.002915 921
0.002916 921
0.002917 922
0.002918 922
0.002919 922
0.00292 921
0.002921 921
0.002922 921
0.002923 921
0.002924 921
0.002925 921
0.002926 920
0.002927 920
0.002928 920
0.002929 920
0.00293 920
0.002931 920
0.002932 920
0.002933 920
0.002934 920
0.002935 920
0.002936 920
0.002937 920
0.002938 920
0.002939 920
0.00294 920
0.002941 919
0.002942 919
0.002943 918
0.002944 918
0.002945 918
0.002946 918
0.002947 917
0.002948 917
0.002949 917
0.00295 917
0.002951 917
0.002952 916
0.002953 916
0.002954 916
0.002955 916
0.002956 916
0.002957 916
0.002958 916
0.002959 916
0.00296 917
0.002961 916
0.002962 916
0.002963 916
0.002964 916
0.002965 916
0.002966 916
0.002967 916
0.002968 916
0.002969 916
0.00297 916
0.002971 916
0.002972 917
0.002973 917
0.002974 917
0.002975 917
0.002976 917
0.002977 917
0.002978 917
0.002979 917
0.00298 917
0.002981 917
0.002982 917
0.002983 917
0.002984 918
0.002985 918
0.002986 918
0.002987 918
0.002988 918
0.002989 918
0.00299 919
0.002991 919
0.002992 919
0.002993 919
0.002994 919
0.002995 919
0.002996 919
0.002997 918
0.002998 919
0.002999 919
0.003 919
0.003001 919
0.003002 920
0.003003 920
0.003004 920
0.003005 920
0.003006 920
0.003007 920
0.003008 920
0.003009 920
0.00301 920
0.003011 920
0.003012 920
0.003013 920
0.003014 920
0.003015 920
0.003016 920
0.003017 920
0.003018 920
0.003019 920
0.00302 920
0.003021 920
0.003022 920
0.003023 920
0.003024 920
0.003025 920
0.003026 921
0.003027 921
0.003028 921
0.003029 921
0.00303 921
0.003031 921
0.003032 921
0.003033 921
0.003034 921
0.003035 920
0.003036 920
0.003037 920
0.003038 920
0.003039 920
0.00304 920
0.003041 921
0.003042 920
0.003043 920
0.003044 920
0.003045 919
0.003046 919
0.003047 919
0.003048 919
0.003049 919
0.00305 919
0.003051 919
0.003052 918
0.003053 918
0.003054 918
0.003055 918
0.003056 918
0.003057 918
0.003058 918
0.003059 917
0.00306 918
0.003061 918
0.003062 918
0.003063 918
0.003064 918
0.003065 918
0.003066 918
0.003067 918
0.003068 918
0.003069 917
0.00307 916
0.003071 916
0.003072 916
0.003073 916
0.003074 916
0.003075 916
0.003076 916
0.003077 916
0.003078 916
0.003079 916
0.00308 916
0.003081 916
0.003082 916
0.003083 916
0.003084 916
0.003085 916
0.003086 916
0.003087 916
0.003088 916
0.003089 916
0.00309 916
0.003091 914
0.003092 914
0.003093 914
0.003094 914
0.003095 914
0.003096 914
0.003097 914
0.003098 914
0.003099 914
0.0031 914
0.003101 914
0.003102 914
0.003103 914
0.003104 914
0.003105 913
0.003106 913
0.003107 913
0.003108 913
0.003109 913
0.00311 913
0.003111 913
0.003112 913
0.003113 913
0.003114 914
0.003115 914
0.003116 914
0.003117 914
0.003118 915
0.003119 915
0.00312 915
0.003121 915
0.003122 915
0.003123 915
0.003124 915
0.003125 915
0.003126 915
0.003127 914
0.003128 914
0.003129 914
0.00313 914
0.003131 914
0.003132 914
0.003133 914
0.003134 914
0.003135 914
0.003136 914
0.003137 914
0.003138 914
0.003139 914
0.00314 914
0.003141 914
0.003142 914
0.003143 914
0.003144 914
0.003145 914
0.003146 914
0.003147 914
0.003148 914
0.003149 914
0.00315 914
0.003151 914
0.003152 914
0.003153 914
0.003154 914
0.003155 914
0.003156 914
0.003157 914
0.003158 914
0.003159 914
0.00316 914
0.003161 914
0.003162 914
0.003163 914
0.003164 914
0.003165 914
0.003166 914
0.003167 914
0.003168 913
0.003169 913
0.00317 913
0.003171 914
0.003172 914
0.003173 914
0.003174 914
0.003175 915
0.003176 915
0.003177 915
0.003178 915
0.003179 915
0.00318 915
0.003181 915
0.003182 915
0.003183 915
0.003184 915
0.003185 916
0.003186 916
0.003187 916
0.003188 914
0.003189 915
0.00319 915
0.003191 915
0.003192 915
0.003193 915
0.003194 915
0.003195 915
0.003196 914
0.003197 914
0.003198 914
0.003199 914
0.0032 913
0.003201 913
0.003202 913
0.003203 913
0.003204 913
0.003205 913
0.003206 913
0.003207 913
0.003208 913
0.003209 912
0.00321 912
0.003211 912
0.003212 912
0.003213 912
0.003214 912
0.003215 912
0.003216 912
0.003217 912
0.003218 912
0.003219 912
0.00322 912
0.003221 912
0.003222 912
0.003223 912
0.003224 912
0.003225 912
0.003226 912
0.003227 912
0.003228 912
0.003229 911
0.00323 911
0.003231 911
0.003232 910
0.003233 910
0.003234 910
0.003235 910
0.003236 910
0.003237 911
0.003238 911
0.003239 911
0.00324 911
0.003241 911
0.003242 911
0.003243 911
0.003244 911
0.003245 911
0.003246 911
0.003247 911
0.003248 911
0.003249 911
0.00325 911
0.003251 911
0.003252 911
0.003253 911
0.003254 911
0.003255 910
0.003256 910
0.003257 910
0.003258 910
0.003259 910
0.00326 910
0.003261 910
0.003262 909
0.003263 909
0.003264 907
0.003265 907
0.003266 907
0.003267 907
0.003268 907
0.003269 907
0.00327 907
0.003271 908
0.003272 908
0.003273 908
0.003274 908
0.003275 908
0.003276 908
0.003277 908
0.003278 908
0.003279 908
0.00328 908
0.003281 908
0.003282 908
0.003283 908
0.003284 908
0.003285 908
0.003286 908
0.003287 907
0.003288 907
0.003289 907
0.00329 907
0.003291 906
0.003292 906
0.003293 906
0.003294 906
0.003295 906
0.003296 906
0.003297 906
0.003298 906
0.003299 906
0.0033 907
0.003301 907
0.003302 907
0.003303 907
0.003304 907
0.003305 907
0.003306 907
0.003307 907
0.003308 907
0.003309 907
0.00331 906
0.003311 906
0.003312 906
0.003313 906
0.003314 906
0.003315 906
0.003316 906
0.003317 906
0.003318 906
0.003319 906
0.00332 906
0.003321 906
0.003322 906
0.003323 906
0.003324 906
0.003325 906
0.003326 906
0.003327 906
0.003328 906
0.003329 905
0.00333 906
0.003331 906
0.003332 906
0.003333 906
0.003334 906
0.003335 906
0.003336 906
0.003337 906
0.003338 906
0.003339 906
0.00334 906
0.003341 906
0.003342 906
0.003343 906
0.003344 905
0.003345 905
0.003346 905
0.003347 905
0.003348 905
0.003349 905
0.00335 905
0.003351 905
0.003352 905
0.003353 905
0.003354 905
0.003355 905
0.003356 905
0.003357 905
0.003358 905
0.003359 905
0.00336 905
0.003361 905
0.003362 905
0.003363 906
0.003364 906
0.003365 906
0.003366 906
0.003367 905
0.003368 905
0.003369 905
0.00337 905
0.003371 905
0.003372 905
0.003373 905
0.003374 905
0.003375 905
0.003376 905
0.003377 905
0.003378 905
0.003379 905
0.00338 904
0.003381 904
0.003382 904
0.003383 904
0.003384 904
0.003385 904
0.003386 904
0.003387 904
0.003388 904
0.003389 904
0.00339 904
0.003391 904
0.003392 906
0.003393 906
0.003394 905
0.003395 905
0.003396 905
0.003397 905
0.003398 905
0.003399 905
0.0034 905
0.003401 905
0.003402 905
0.003403 905
0.003404 905
0.003405 905
0.003406 905
0.003407 905
0.003408 904
0.003409 904
0.00341 904
0.003411 903
0.003412 903
0.003413 903
0.003414 903
0.003415 903
0.003416 903
0.003417 903
0.003418 903
0.003419 903
0.00342 903
0.003421 904
0.003422 904
0.003423 904
0.003424 904
0.003425 904
0.003426 904
0.003427 904
0.003428 904
0.003429 904
0.00343 904
0.003431 904
0.003432 904
0.003433 904
0.003434 905
0.003435 905
0.003436 905
0.003437 905
0.003438 905
0.003439 905
0.00344 905
0.003441 905
0.003442 905
0.003443 905
0.003444 905
0.003445 905
0.003446 905
0.003447 904
0.003448 904
0.003449 904
0.00345 904
0.003451 905
0.003452 905
0.003453 905
0.003454 905
0.003455 905
0.003456 905
0.003457 905
0.003458 905
0.003459 905
0.00346 905
0.003461 905
0.003462 905
0.003463 905
0.003464 905
0.003465 905
0.003466 905
0.003467 905
0.003468 904
0.003469 904
0.00347 904
0.003471 904
0.003472 904
0.003473 904
0.003474 904
0.003475 904
0.003476 904
0.003477 904
0.003478 904
0.003479 904
0.00348 904
0.003481 903
0.003482 902
0.003483 902
0.003484 903
0.003485 903
0.003486 903
0.003487 903
0.003488 903
0.003489 903
0.00349 902
0.003491 902
0.003492 901
0.003493 901
0.003494 901
0.003495 902
0.003496 902
0.003497 902
0.003498 902
0.003499 902
0.0035 902
0.003501 902
0.003502 901
0.003503 901
0.003504 902
0.003505 902
0.003506 902
0.003507 901
0.003508 901
0.003509 901
0.00351 901
0.003511 901
0.003512 901
0.003513 901
0.003514 901
0.003515 901
0.003516 901
0.003517 901
0.003518 901
0.003519 901
0.00352 901
0.003521 901
0.003522 901
0.003523 901
0.003524 901
0.003525 901
0.003526 901
0.003527 901
0.003528 901
0.003529 901
0.00353 901
0.003531 901
0.003532 901
0.003533 901
0.003534 900
0.003535 900
0.003536 900
0.003537 899
0.003538 899
0.003539 899
0.00354 899
0.003541 899
0.003542 899
0.003543 899
0.003544 899
0.003545 899
0.003546 899
0.003547 898
0.003548 898
0.003549 898
0.00355 898
0.003551 898
0.003552 898
0.003553 898
0.003554 898
0.003555 898
0.003556 898
0.003557 898
0.003558 898
0.003559 898
0.00356 898
0.003561 898
0.003562 898
0.003563 898
0.003564 898
0.003565 898
0.003566 898
0.003567 898
0.003568 898
0.003569 898
0.00357 898
0.003571 898
0.003572 898
0.003573 897
0.003574 897
0.003575 897
0.003576 897
0.003577 897
0.003578 897
0.003579 897
0.00358 897
0.003581 897
0.003582 897
0.003583 897
0.003584 897
0.003585 897
0.003586 897
0.003587 896
0.003588 897
0.003589 897
0.00359 897
0.003591 897
0.003592 897
0.003593 897
0.003594 897
0.003595 898
0.003596 898
0.003597 898
0.003598 898
0.003599 897
0.0036 897
0.003601 898
0.003602 898
0.003603 900
0.003604 900
0.003605 900
0.003606 900
0.003607 901
0.003608 901
0.003609 901
0.00361 901
0.003611 901
0.003612 901
0.003613 901
0.003614 901
0.003615 901
0.003616 901
0.003617 901
0.003618 901
0.003619 901
0.00362 902
0.003621 902
0.003622 902
0.003623 902
0.003624 902
0.003625 902
0.003626 902
0.003627 902
0.003628 902
0.003629 903
0.00363 903
0.003631 903
0.003632 903
0.003633 903
0.003634 903
0.003635 903
0.003636 903
0.003637 902
0.003638 902
0.003639 902
0.00364 902
0.003641 902
0.003642 902
0.003643 902
0.003644 902
0.003645 902
0.003646 902
0.003647 902
0.003648 902
0.003649 901
0.00365 900
0.003651 900
0.003652 900
0.003653 900
0.003654 900
0.003655 900
0.003656 900
0.003657 900
0.003658 900
0.003659 900
0.00366 899
0.003661 900
0.003662 900
0.003663 900
0.003664 900
0.003665 900
0.003666 901
0.003667 901
0.003668 901
0.003669 901
0.00367 902
0.003671 902
0.003672 902
0.003673 901
0.003674 901
0.003675 901
0.003676 901
0.003677 901
0.003678 901
0.003679 901
0.00368 901
0.003681 901
0.003682 901
0.003683 901
0.003684 901
0.003685 901
0.003686 901
0.003687 901
0.003688 901
0.003689 901
0.00369 901
0.003691 901
0.003692 901
0.003693 902
0.003694 903
0.003695 903
0.003696 903
0.003697 903
0.003698 903
0.003699 903
0.0037 903
0.003701 903
0.003702 903
0.003703 903
0.003704 903
0.003705 903
0.003706 903
0.003707 905
0.003708 905
0.003709 905
0.00371 905
0.003711 905
0.003712 905
0.003713 905
0.003714 905
0.003715 905
0.003716 905
0.003717 905
0.003718 905
0.003719 905
0.00372 905
0.003721 905
0.003722 905
0.003723 905
0.003724 905
0.003725 906
0.003726 906
0.003727 906
0.003728 906
0.003729 906
0.00373 906
0.003731 906
0.003732 906
0.003733 906
0.003734 905
0.003735 906
0.003736 906
0.003737 906
0.003738 906
0.003739 906
0.00374 906
0.003741 906
0.003742 906
0.003743 906
0.003744 906
0.003745 906
0.003746 906
0.003747 906
0.003748 907
0.003749 906
0.00375 906
0.003751 906
0.003752 906
0.003753 906
0.003754 906
0.003755 906
0.003756 906
0.003757 906
0.003758 906
0.003759 906
0.00376 907
0.003761 907
0.003762 907
0.003763 907
0.003764 907
0.003765 907
0.003766 907
0.003767 907
0.003768 907
0.003769 907
0.00377 907
0.003771 906
0.003772 906
0.003773 906
0.003774 906
0.003775 906
0.003776 906
0.003777 906
0.003778 906
0.003779 907
0.00378 907
0.003781 907
0.003782 906
0.003783 906
0.003784 906
0.003785 906
0.003786 906
0.003787 906
0.003788 906
0.003789 906
0.00379 906
0.003791 906
0.003792 906
0.003793 906
0.003794 906
0.003795 906
0.003796 906
0.003797 906
0.003798 906
0.003799 906
0.0038 906
0.003801 906
0.003802 906
0.003803 905
0.003804 905
0.003805 905
0.003806 905
0.003807 906
0.003808 906
0.003809 906
0.00381 906
0.003811 906
0.003812 906
0.003813 906
0.003814 906
0.003815 906
0.003816 905
0.003817 905
0.003818 905
0.003819 905
0.00382 905
0.003821 905
0.003822 905
0.003823 905
0.003824 905
0.003825 905
0.003826 905
0.003827 905
0.003828 905
0.003829 905
0.00383 905
0.003831 905
0.003832 905
0.003833 906
0.003834 906
0.003835 906
0.003836 906
0.003837 906
0.003838 906
0.003839 906
0.00384 906
0.003841 906
0.003842 906
0.003843 906
0.003844 906
0.003845 906
0.003846 906
0.003847 906
0.003848 906
0.003849 906
0.00385 906
0.003851 906
0.003852 905
0.003853 905
0.003854 905
0.003855 905
0.003856 905
0.003857 904
0.003858 904
0.003859 904
0.00386 904
0.003861 904
0.003862 904
0.003863 904
0.003864 904
0.003865 904
0.003866 904
0.003867 903
0.003868 903
0.003869 902
0.00387 902
0.003871 903
0.003872 903
0.003873 903
0.003874 903
0.003875 904
0.003876 904
0.003877 903
0.003878 903
0.003879 904
0.00388 904
0.003881 904
0.003882 904
0.003883 904
0.003884 904
0.003885 904
0.003886 904
0.003887 905
0.003888 905
0.003889 905
0.00389 905
0.003891 906
0.003892 907
0.003893 907
0.003894 907
0.003895 907
0.003896 907
0.003897 907
0.003898 908
0.003899 908
0.0039 908
0.003901 908
0.003902 909
0.003903 909
0.003904 909
0.003905 909
0.003906 909
0.003907 910
0.003908 910
0.003909 911
0.00391 911
0.003911 911
0.003912 911
0.003913 911
0.003914 911
0.003915 911
0.003916 912
0.003917 913
0.003918 912
0.003919 912
0.00392 912
0.003921 912
0.003922 912
0.003923 912
0.003924 912
0.003925 912
0.003926 912
0.003927 911
0.003928 911
0.003929 911
0.00393 911
0.003931 911
0.003932 912
0.003933 912
0.003934 912
0.003935 911
0.003936 911
0.003937 911
0.003938 911
0.003939 911
0.00394 911
0.003941 913
0.003942 913
0.003943 914
0.003944 914
0.003945 913
0.003946 913
0.003947 913
0.003948 913
0.003949 913
0.00395 913
0.003951 913
0.003952 913
0.003953 913
0.003954 912
0.003955 912
0.003956 912
0.003957 912
0.003958 912
0.003959 912
0.00396 912
0.003961 912
0.003962 912
0.003963 912
0.003964 911
0.003965 911
0.003966 911
0.003967 911
0.003968 911
0.003969 911
0.00397 911
0.003971 911
0.003972 911
0.003973 911
0.003974 912
0.003975 912
0.003976 912
0.003977 912
0.003978 912
0.003979 912
0.00398 911
0.003981 911
0.003982 911
0.003983 911
0.003984 911
0.003985 911
0.003986 912
0.003987 912
0.003988 912
0.003989 911
0.00399 911
0.003991 911
0.003992 912
0.003993 912
0.003994 912
0.003995 912
0.003996 913
0.003997 913
0.003998 913
0.003999 913
0.004 913
0.004001 912
0.004002 912
0.004003 911
0.004004 911
0.004005 911
0.004006 911
0.004007 911
0.004008 911
0.004009 911
0.00401 912
0.004011 912
0.004012 912
0.004013 912
0.004014 912
0.004015 911
0.004016 911
0.004017 910
0.004018 910
0.004019 910
0.00402 910
0.004021 910
0.004022 910
0.004023 910
0.004024 910
0.004025 910
0.004026 910
0.004027 910
0.004028 910
0.004029 910
0.00403 910
0.004031 910
0.004032 910
0.004033 909
0.004034 908
0.004035 908
0.004036 909
0.004037 909
0.004038 909
0.004039 909
0.00404 910
0.004041 910
0.004042 910
0.004043 910
0.004044 910
0.004045 910
0.004046 910
0.004047 910
0.004048 910
0.004049 910
0.00405 911
0.004051 911
0.004052 911
0.004053 911
0.004054 911
0.004055 911
0.004056 911
0.004057 911
0.004058 911
0.004059 911
0.00406 911
0.004061 911
0.004062 911
0.004063 911
0.004064 911
0.004065 912
0.004066 912
0.004067 912
0.004068 912
0.004069 912
0.00407 912
0.004071 912
0.004072 912
0.004073 912
0.004074 912
0.004075 912
0.004076 912
0.004077 912
0.004078 912
0.004079 912
0.00408 912
0.004081 912
0.004082 912
0.004083 912
0.004084 912
0.004085 912
0.004086 912
0.004087 912
0.004088 913
0.004089 913
0.00409 913
0.004091 913
0.004092 914
0.004093 914
0.004094 914
0.004095 914
0.004096 914
0.004097 914
0.004098 913
0.004099 913
0.0041 913
0.004101 913
0.004102 912
0.004103 912
0.004104 913
0.004105 913
0.004106 913
0.004107 913
0.004108 913
0.004109 913
0.00411 913
0.004111 913
0.004112 913
0.004113 913
0.004114 913
0.004115 913
0.004116 912
0.004117 912
0.004118 912
0.004119 912
0.00412 911
0.004121 911
0.004122 911
0.004123 911
0.004124 911
0.004125 911
0.004126 911
0.004127 911
0.004128 911
0.004129 911
0.00413 911
0.004131 911
0.004132 911
0.004133 911
0.004134 911
0.004135 911
0.004136 911
0.004137 911
0.004138 911
0.004139 911
0.00414 911
0.004141 911
0.004142 911
0.004143 911
0.004144 911
0.004145 911
0.004146 911
0.004147 911
0.004148 911
0.004149 911
0.00415 911
0.004151 911
0.004152 911
0.004153 910
0.004154 910
0.004155 910
0.004156 912
0.004157 912
0.004158 912
0.004159 912
0.00416 912
0.004161 912
0.004162 912
0.004163 912
0.004164 912
0.004165 912
0.004166 912
0.004167 912
0.004168 912
0.004169 912
0.00417 912
0.004171 912
0.004172 912
0.004173 912
0.004174 912
0.004175 912
0.004176 912
0.004177 912
0.004178 912
0.004179 912
0.00418 912
0.004181 912
0.004182 912
0.004183 914
0.004184 914
0.004185 914
0.004186 914
0.004187 914
0.004188 914
0.004189 914
0.00419 914
0.004191 914
0.004192 915
0.004193 915
0.004194 915
0.004195 915
0.004196 915
0.004197 915
0.004198 915
0.004199 915
0.0042 915
0.004201 915
0.004202 915
0.004203 915
0.004204 915
0.004205 915
0.004206 915
0.004207 915
0.004208 915
0.004209 915
0.00421 915
0.004211 916
0.004212 916
0.004213 916
0.004214 916
0.004215 916
0.004216 916
0.004217 916
0.004218 916
0.004219 916
0.00422 916
0.004221 915
0.004222 915
0.004223 914
0.004224 914
0.004225 914
0.004226 914
0.004227 913
0.004228 913
0.004229 913
0.00423 913
0.004231 914
0.004232 914
0.004233 914
0.004234 914
0.004235 914
0.004236 914
0.004237 914
0.004238 914
0.004239 914
0.00424 914
0.004241 914
0.004242 914
0.004243 914
0.004244 914
0.004245 913
0.004246 913
0.004247 913
0.004248 913
0.004249 913
0.00425 914
0.004251 914
0.004252 915
0.004253 915
0.004254 915
0.004255 915
0.004256 915
0.004257 915
0.004258 915
0.004259 915
0.00426 915
0.004261 915
0.004262 915
0.004263 915
0.004264 915
0.004265 915
0.004266 915
0.004267 915
0.004268 915
0.004269 915
0.00427 915
0.004271 915
0.004272 915
0.004273 915
0.004274 915
0.004275 914
0.004276 914
0.004277 914
0.004278 914
0.004279 914
0.00428 914
0.004281 914
0.004282 914
0.004283 914
0.004284 914
0.004285 914
0.004286 914
0.004287 914
0.004288 914
0.004289 914
0.00429 914
0.004291 914
0.004292 913
0.004293 914
0.004294 914
0.004295 913
0.004296 913
0.004297 913
0.004298 913
0.004299 913
0.0043 913
0.004301 913
0.004302 913
0.004303 913
0.004304 913
0.004305 913
0.004306 913
0.004307 913
0.004308 913
0.004309 913
0.00431 913
0.004311 913
0.004312 914
0.004313 914
0.004314 915
0.004315 915
0.004316 915
0.004317 915
0.004318 915
0.004319 915
0.00432 915
0.004321 915
0.004322 915
0.004323 915
0.004324 915
0.004325 915
0.004326 915
0.004327 915
0.004328 915
0.004329 915
0.00433 915
0.004331 915
0.004332 915
0.004333 915
0.004334 915
0.004335 915
0.004336 915
0.004337 915
0.004338 915
0.004339 915
0.00434 915
0.004341 915
0.004342 915
0.004343 915
0.004344 915
0.004345 915
0.004346 914
0.004347 914
0.004348 914
0.004349 914
0.00435 914
0.004351 914
0.004352 914
0.004353 914
0.004354 914
0.004355 914
0.004356 914
0.004357 914
0.004358 914
0.004359 914
0.00436 914
0.004361 914
0.004362 914
0.004363 914
0.004364 914
0.004365 914
0.004366 914
0.004367 914
0.004368 914
0.004369 914
0.00437 914
0.004371 914
0.004372 914
0.004373 914
0.004374 914
0.004375 914
0.004376 914
0.004377 914
0.004378 914
0.004379 914
0.00438 914
0.004381 914
0.004382 914
0.004383 913
0.004384 913
0.004385 913
0.004386 913
0.004387 913
0.004388 913
0.004389 913
0.00439 913
0.004391 913
0.004392 913
0.004393 913
0.004394 913
0.004395 913
0.004396 913
0.004397 914
0.004398 915
0.004399 915
0.0044 915
0.004401 915
0.004402 915
0.004403 916
0.004404 916
0.004405 916
0.004406 915
0.004407 915
0.004408 915
0.004409 915
0.00441 915
0.004411 915
0.004412 915
0.004413 915
0.004414 915
0.004415 915
0.004416 913
0.004417 913
0.004418 913
0.004419 913
0.00442 913
0.004421 913
0.004422 913
0.004423 913
0.004424 913
0.004425 911
0.004426 911
0.004427 911
0.004428 911
0.004429 911
0.00443 911
0.004431 911
0.004432 911
0.004433 911
0.004434 911
0.004435 911
0.004436 911
0.004437 911
0.004438 911
0.004439 911
0.00444 911
0.004441 911
0.004442 911
0.004443 911
0.004444 911
0.004445 911
0.004446 911
0.004447 910
0.004448 910
0.004449 910
0.00445 910
0.004451 910
0.004452 909
0.004453 909
0.004454 909
0.004455 909
0.004456 909
0.004457 909
0.004458 909
0.004459 909
0.00446 909
0.004461 909
0.004462 910
0.004463 911
0.004464 911
0.004465 911
0.004466 911
0.004467 911
0.004468 911
0.004469 911
0.00447 911
0.004471 911
0.004472 911
0.004473 911
0.004474 911
0.004475 911
0.004476 911
0.004477 911
0.004478 911
0.004479 911
0.00448 911
0.004481 912
0.004482 912
0.004483 913
0.004484 913
0.004485 913
0.004486 913
0.004487 913
0.004488 913
0.004489 913
0.00449 912
0.004491 912
0.004492 912
0.004493 912
0.004494 912
0.004495 912
0.004496 912
0.004497 912
0.004498 912
0.004499 912
0.0045 912
0.004501 912
0.004502 912
0.004503 912
0.004504 912
0.004505 912
0.004506 911
0.004507 911
0.004508 910
0.004509 910
0.00451 910
0.004511 910
0.004512 910
0.004513 910
0.004514 910
0.004515 910
0.004516 910
0.004517 911
0.004518 911
0.004519 911
0.00452 911
0.004521 911
0.004522 911
0.004523 911
0.004524 911
0.004525 910
0.004526 910
0.004527 910
0.004528 910
0.004529 910
0.00453 910
0.004531 910
0.004532 910
0.004533 910
0.004534 910
0.004535 910
0.004536 910
0.004537 910
0.004538 910
0.004539 910
0.00454 910
0.004541 910
0.004542 910
0.004543 910
0.004544 910
0.004545 911
0.004546 911
0.004547 911
0.004548 911
0.004549 911
0.00455 911
0.004551 911
0.004552 911
0.004553 911
0.004554 911
0.004555 911
0.004556 911
0.004557 911
0.004558 912
0.004559 912
0.00456 912
0.004561 912
0.004562 912
0.004563 912
0.004564 913
0.004565 914
0.004566 914
0.004567 915
0.004568 915
0.004569 914
0.00457 914
0.004571 914
0.004572 914
0.004573 914
0.004574 914
0.004575 914
0.004576 914
0.004577 914
0.004578 914
0.004579 914
0.00458 914
0.004581 914
0.004582 914
0.004583 913
0.004584 913
0.004585 913
0.004586 913
0.004587 913
0.004588 913
0.004589 913
0.00459 913
0.004591 914
0.004592 914
0.004593 914
0.004594 914
0.004595 914
0.004596 914
0.004597 914
0.004598 913
0.004599 913
0.0046 913
0.004601 913
0.004602 913
0.004603 913
0.004604 913
0.004605 913
0.004606 913
0.004607 913
0.004608 913
0.004609 913
0.00461 913
0.004611 913
0.004612 912
0.004613 912
0.004614 912
0.004615 912
0.004616 912
0.004617 912
0.004618 912
0.004619 913
0.00462 913
0.004621 913
0.004622 913
0.004623 913
0.004624 913
0.004625 913
0.004626 913
0.004627 912
0.004628 911
0.004629 911
0.00463 911
0.004631 911
0.004632 911
0.004633 911
0.004634 911
0.004635 911
0.004636 911
0.004637 911
0.004638 911
0.004639 911
0.00464 911
0.004641 911
0.004642 911
0.004643 911
0.004644 911
0.004645 911
0.004646 912
0.004647 912
0.004648 912
0.004649 912
0.00465 912
0.004651 912
0.004652 911
0.004653 911
0.004654 911
0.004655 911
0.004656 911
0.004657 911
0.004658 911
0.004659 911
0.00466 911
0.004661 911
0.004662 911
0.004663 911
0.004664 910
0.004665 910
0.004666 910
0.004667 910
0.004668 910
0.004669 910
0.00467 910
0.004671 910
0.004672 910
0.004673 910
0.004674 909
0.004675 909
0.004676 909
0.004677 909
0.004678 909
0.004679 909
0.00468 909
0.004681 909
0.004682 909
0.004683 909
0.004684 909
0.004685 909
0.004686 909
0.004687 909
0.004688 909
0.004689 909
0.00469 909
0.004691 909
0.004692 909
0.004693 909
0.004694 909
0.004695 909
0.004696 909
0.004697 909
0.004698 909
0.004699 909
0.0047 909
0.004701 909
0.004702 909
0.004703 909
0.004704 909
0.004705 909
0.004706 910
0.004707 910
0.004708 910
0.004709 910
0.00471 909
0.004711 908
0.004712 908
0.004713 908
0.004714 908
0.004715 909
0.004716 909
0.004717 909
0.004718 908
0.004719 908
0.00472 908
0.004721 907
0.004722 907
0.004723 907
0.004724 907
0.004725 907
0.004726 907
0.004727 907
0.004728 907
0.004729 907
0.00473 907
0.004731 907
0.004732 907
0.004733 907
0.004734 907
0.004735 907
0.004736 907
0.004737 908
0.004738 908
0.004739 908
0.00474 908
0.004741 908
0.004742 908
0.004743 908
0.004744 909
0.004745 909
0.004746 909
0.004747 909
0.004748 909
0.004749 909
0.00475 909
0.004751 909
0.004752 909
0.004753 909
0.004754 909
0.004755 909
0.004756 909
0.004757 909
0.004758 909
0.004759 910
0.00476 911
0.004761 910
0.004762 910
0.004763 910
0.004764 910
0.004765 910
0.004766 910
0.004767 910
0.004768 910
0.004769 910
0.00477 909
0.004771 909
0.004772 909
0.004773 909
0.004774 909
0.004775 910
0.004776 910
0.004777 910
0.004778 911
0.004779 911
0.00478 911
0.004781 911
0.004782 911
0.004783 912
0.004784 911
0.004785 911
0.004786 910
0.004787 910
0.004788 910
0.004789 910
0.00479 910
0.004791 910
0.004792 910
0.004793 910
0.004794 911
0.004795 911
0.004796 911
0.004797 911
0.004798 911
0.004799 911
0.0048 911
0.004801 911
0.004802 911
0.004803 911
0.004804 911
0.004805 911
0.004806 911
0.004807 911
0.004808 911
0.004809 911
0.00481 911
0.004811 911
0.004812 910
0.004813 910
0.004814 910
0.004815 910
0.004816 910
0.004817 910
0.004818 910
0.004819 910
0.00482 910
0.004821 910
0.004822 910
0.004823 910
0.004824 910
0.004825 910
0.004826 910
0.004827 910
0.004828 910
0.004829 910
0.00483 910
0.004831 910
0.004832 910
0.004833 910
0.004834 910
0.004835 910
0.004836 910
0.004837 910
0.004838 910
0.004839 910
0.00484 910
0.004841 910
0.004842 910
0.004843 910
0.004844 910
0.004845 910
0.004846 910
0.004847 910
0.004848 910
0.004849 910
0.00485 910
0.004851 910
0.004852 910
0.004853 910
0.004854 910
0.004855 910
0.004856 910
0.004857 910
0.004858 910
0.004859 910
0.00486 910
0.004861 910
0.004862 911
0.004863 911
0.004864 911
0.004865 911
0.004866 911
0.004867 911
0.004868 911
0.004869 911
0.00487 911
0.004871 911
0.004872 911
0.004873 911
0.004874 911
0.004875 912
0.004876 912
0.004877 912
0.004878 912
0.004879 913
0.00488 913
0.004881 912
0.004882 912
0.004883 912
0.004884 912
0.004885 912
0.004886 912
0.004887 912
0.004888 912
0.004889 912
0.00489 910
0.004891 910
0.004892 910
0.004893 910
0.004894 910
0.004895 910
0.004896 910
0.004897 910
0.004898 910
0.004899 910
0.0049 909
0.004901 909
0.004902 909
0.004903 909
0.004904 909
0.004905 910
0.004906 910
0.004907 910
0.004908 910
0.004909 910
0.00491 910
0.004911 910
0.004912 910
0.004913 910
0.004914 910
0.004915 910
0.004916 910
0.004917 909
0.004918 909
0.004919 908
0.00492 908
0.004921 908
0.004922 908
0.004923 908
0.004924 908
0.004925 909
0.004926 911
0.004927 911
0.004928 911
0.004929 911
0.00493 911
0.004931 912
0.004932 912
0.004933 912
0.004934 912
0.004935 912
0.004936 912
0.004937 912
0.004938 912
0.004939 911
0.00494 911
0.004941 911
0.004942 911
0.004943 911
0.004944 912
0.004945 912
0.004946 912
0.004947 912
0.004948 912
0.004949 912
0.00495 912
0.004951 912
0.004952 912
0.004953 912
0.004954 912
0.004955 912
0.004956 912
0.004957 912
0.004958 912
0.004959 912
0.00496 912
0.004961 912
0.004962 912
0.004963 912
0.004964 912
0.004965 912
0.004966 912
0.004967 911
0.004968 911
0.004969 912
0.00497 912
0.004971 913
0.004972 913
0.004973 913
0.004974 913
0.004975 913
0.004976 913
0.004977 913
0.004978 913
0.004979 913
0.00498 913
0.004981 913
0.004982 912
0.004983 912
0.004984 912
0.004985 912
0.004986 912
0.004987 912
0.004988 912
0.004989 912
0.00499 912
0.004991 912
0.004992 912
0.004993 912
0.004994 912
0.004995 912
0.004996 912
0.004997 912
0.004998 910
0.004999 910
0.005 910
