0 3306
1e-06 3312
2e-06 3318
3e-06 3328
4e-06 3334
5e-06 3345
6e-06 3353
7e-06 3357
8e-06 3362
9e-06 3377
1e-05 3389
1.1e-05 3399
1.2e-05 3404
1.3e-05 3405
1.4e-05 3409
1.5e-05 3417
1.6e-05 3428
1.7e-05 3432
1.8e-05 3436
1.9e-05 3446
2e-05 3460
2.1e-05 3474
2.2e-05 3484
2.3e-05 3490
2.4e-05 3499
2.5e-05 3509
2.6e-05 3519
2.7e-05 3525
2.8e-05 3534
2.9e-05 3537
3e-05 3546
3.1e-05 3553
3.2e-05 3560
3.3e-05 3564
3.4e-05 3566
3.5e-05 3574
3.6e-05 3577
3.7e-05 3581
3.8e-05 3590
3.9e-05 3590
4e-05 3595
4.1e-05 3598
4.2e-05 3610
4.3e-05 3613
4.4e-05 3618
4.5e-05 3620
4.6e-05 3625
4.7e-05 3634
4.8e-05 3637
4.9e-05 3637
5e-05 3641
5.1e-05 3645
5.2e-05 3646
5.3e-05 3650
5.4e-05 3654
5.5e-05 3663
5.6e-05 3664
5.7e-05 3670
5.8e-05 3674
5.9e-05 3678
6e-05 3678
6.1e-05 3687
6.2e-05 3694
6.3e-05 3694
6.4e-05 3698
6.5e-05 3703
6.6e-05 3705
6.7e-05 3708
6.8e-05 3714
6.9e-05 3718
7e-05 3725
7.1e-05 3723
7.2e-05 3731
7.3e-05 3736
7.4e-05 3739
7.5e-05 3745
7.6e-05 3751
7.7e-05 3759
7.8e-05 3768
7.9e-05 3773
8e-05 3769
8.1e-05 3769
8.2e-05 3772
8.3e-05 3773
8.4e-05 3777
8.5e-05 3781
8.6e-05 3789
8.7e-05 3789
8.8e-05 3793
8.9e-05 3797
9e-05 3800
9.1e-05 3799
9.2e-05 3804
9.3e-05 3808
9.4e-05 3813
9.5e-05 3813
9.6e-05 3815
9.7e-05 3825
9.8e-05 3822
9.9e-05 3829
0.0001 3831
0.000101 3841
0.000102 3847
0.000103 3852
0.000104 3856
0.000105 3856
0.000106 3858
0.000107 3864
0.000108 3865
0.000109 3867
0.00011 3867
0.000111 3867
0.000112 3867
0.000113 3872
0.000114 3872
0.000115 3875
0.000116 3880
0.000117 3887
0.000118 3886
0.000119 3889
0.00012 3891
0.000121 3891
0.000122 3890
0.000123 3896
0.000124 3900
0.000125 3902
0.000126 3901
0.000127 3902
0.000128 3903
0.000129 3903
0.00013 3902
0.000131 3903
0.000132 3907
0.000133 3910
0.000134 3912
0.000135 3913
0.000136 3917
0.000137 3919
0.000138 3922
0.000139 3926
0.00014 3927
0.000141 3929
0.000142 3929
0.000143 3927
0.000144 3925
0.000145 3928
0.000146 3931
0.000147 3933
0.000148 3934
0.000149 3937
0.00015 3937
0.000151 3940
0.000152 3941
0.000153 3945
0.000154 3949
0.000155 3950
0.000156 3949
0.000157 3950
0.000158 3956
0.000159 3962
0.00016 3965
0.000161 3964
0.000162 3965
0.000163 3970
0.000164 3971
0.000165 3976
0.000166 3977
0.000167 3975
0.000168 3978
0.000169 3980
0.00017 3981
0.000171 3984
0.000172 3985
0.000173 3986
0.000174 3987
0.000175 3986
0.000176 3987
0.000177 3987
0.000178 3991
0.000179 3994
0.00018 3992
0.000181 3996
0.000182 3997
0.000183 4002
0.000184 4001
0.000185 4002
0.000186 4004
0.000187 4008
0.000188 4009
0.000189 4007
0.00019 4012
0.000191 4014
0.000192 4019
0.000193 4022
0.000194 4030
0.000195 4029
0.000196 4028
0.000197 4030
0.000198 4029
0.000199 4031
0.0002 4032
0.000201 4035
0.000202 4036
0.000203 4036
0.000204 4036
0.000205 4032
0.000206 4036
0.000207 4038
0.000208 4037
0.000209 4038
0.00021 4040
0.000211 4038
0.000212 4040
0.000213 4043
0.000214 4047
0.000215 4048
0.000216 4050
0.000217 4051
0.000218 4050
0.000219 4052
0.00022 4050
0.000221 4049
0.000222 4050
0.000223 4051
0.000224 4050
0.000225 4052
0.000226 4050
0.000227 4054
0.000228 4057
0.000229 4059
0.00023 4057
0.000231 4058
0.000232 4059
0.000233 4058
0.000234 4059
0.000235 4059
0.000236 4059
0.000237 4061
0.000238 4062
0.000239 4062
0.00024 4061
0.000241 4063
0.000242 4062
0.000243 4064
0.000244 4063
0.000245 4059
0.000246 4058
0.000247 4062
0.000248 4063
0.000249 4065
0.00025 4064
0.000251 4066
0.000252 4065
0.000253 4067
0.000254 4067
0.000255 4066
0.000256 4066
0.000257 4069
0.000258 4071
0.000259 4070
0.00026 4071
0.000261 4072
0.000262 4077
0.000263 4077
0.000264 4078
0.000265 4076
0.000266 4076
0.000267 4072
0.000268 4073
0.000269 4073
0.00027 4072
0.000271 4072
0.000272 4072
0.000273 4074
0.000274 4074
0.000275 4076
0.000276 4077
0.000277 4079
0.000278 4079
0.000279 4081
0.00028 4083
0.000281 4083
0.000282 4083
0.000283 4082
0.000284 4082
0.000285 4083
0.000286 4084
0.000287 4087
0.000288 4090
0.000289 4090
0.00029 4088
0.000291 4090
0.000292 4090
0.000293 4090
0.000294 4089
0.000295 4091
0.000296 4092
0.000297 4092
0.000298 4093
0.000299 4096
0.0003 4094
0.000301 4096
0.000302 4097
0.000303 4100
0.000304 4099
0.000305 4100
0.000306 4103
0.000307 4103
0.000308 4104
0.000309 4107
0.00031 4108
0.000311 4106
0.000312 4105
0.000313 4105
0.000314 4105
0.000315 4104
0.000316 4105
0.000317 4106
0.000318 4106
0.000319 4108
0.00032 4108
0.000321 4107
0.000322 4107
0.000323 4108
0.000324 4110
0.000325 4109
0.000326 4109
0.000327 4111
0.000328 4111
0.000329 4111
0.00033 4110
0.000331 4111
0.000332 4112
0.000333 4113
0.000334 4113
0.000335 4113
0.000336 4114
0.000337 4113
0.000338 4113
0.000339 4113
0.00034 4115
0.000341 4116
0.000342 4118
0.000343 4122
0.000344 4123
0.000345 4125
0.000346 4124
0.000347 4125
0.000348 4124
0.000349 4125
0.00035 4125
0.000351 4124
0.000352 4126
0.000353 4125
0.000354 4123
0.000355 4122
0.000356 4122
0.000357 4123
0.000358 4124
0.000359 4125
0.00036 4126
0.000361 4125
0.000362 4126
0.000363 4126
0.000364 4127
0.000365 4131
0.000366 4133
0.000367 4134
0.000368 4133
0.000369 4134
0.00037 4135
0.000371 4137
0.000372 4137
0.000373 4141
0.000374 4143
0.000375 4143
0.000376 4143
0.000377 4144
0.000378 4144
0.000379 4144
0.00038 4146
0.000381 4146
0.000382 4146
0.000383 4148
0.000384 4151
0.000385 4150
0.000386 4151
0.000387 4147
0.000388 4150
0.000389 4150
0.00039 4151
0.000391 4151
0.000392 4151
0.000393 4152
0.000394 4153
0.000395 4153
0.000396 4154
0.000397 4156
0.000398 4156
0.000399 4157
0.0004 4157
0.000401 4158
0.000402 4160
0.000403 4161
0.000404 4161
0.000405 4163
0.000406 4165
0.000407 4165
0.000408 4166
0.000409 4168
0.00041 4167
0.000411 4166
0.000412 4167
0.000413 4168
0.000414 4170
0.000415 4170
0.000416 4170
0.000417 4171
0.000418 4172
0.000419 4171
0.00042 4170
0.000421 4173
0.000422 4171
0.000423 4170
0.000424 4169
0.000425 4168
0.000426 4168
0.000427 4168
0.000428 4168
0.000429 4168
0.00043 4168
0.000431 4166
0.000432 4167
0.000433 4167
0.000434 4166
0.000435 4164
0.000436 4164
0.000437 4166
0.000438 4167
0.000439 4168
0.00044 4168
0.000441 4168
0.000442 4168
0.000443 4170
0.000444 4173
0.000445 4172
0.000446 4174
0.000447 4173
0.000448 4173
0.000449 4173
0.00045 4173
0.000451 4175
0.000452 4175
0.000453 4175
0.000454 4175
0.000455 4175
0.000456 4176
0.000457 4176
0.000458 4176
0.000459 4176
0.00046 4175
0.000461 4176
0.000462 4177
0.000463 4176
0.000464 4177
0.000465 4178
0.000466 4176
0.000467 4176
0.000468 4177
0.000469 4179
0.00047 4179
0.000471 4181
0.000472 4184
0.000473 4185
0.000474 4186
0.000475 4186
0.000476 4184
0.000477 4185
0.000478 4188
0.000479 4189
0.00048 4192
0.000481 4191
0.000482 4191
0.000483 4192
0.000484 4191
0.000485 4192
0.000486 4190
0.000487 4192
0.000488 4193
0.000489 4193
0.00049 4192
0.000491 4191
0.000492 4189
0.000493 4189
0.000494 4188
0.000495 4188
0.000496 4188
0.000497 4190
0.000498 4190
0.000499 4189
0.0005 4188
0.000501 4187
0.000502 4188
0.000503 4186
0.000504 4185
0.000505 4185
0.000506 4185
0.000507 4185
0.000508 4184
0.000509 4185
0.00051 4187
0.000511 4188
0.000512 4188
0.000513 4189
0.000514 4189
0.000515 4191
0.000516 4190
0.000517 4191
0.000518 4191
0.000519 4191
0.00052 4191
0.000521 4191
0.000522 4192
0.000523 4192
0.000524 4193
0.000525 4194
0.000526 4194
0.000527 4192
0.000528 4192
0.000529 4192
0.00053 4192
0.000531 4192
0.000532 4193
0.000533 4193
0.000534 4193
0.000535 4193
0.000536 4192
0.000537 4192
0.000538 4192
0.000539 4191
0.00054 4192
0.000541 4193
0.000542 4195
0.000543 4195
0.000544 4195
0.000545 4196
0.000546 4196
0.000547 4196
0.000548 4194
0.000549 4195
0.00055 4196
0.000551 4196
0.000552 4197
0.000553 4198
0.000554 4198
0.000555 4198
0.000556 4197
0.000557 4197
0.000558 4197
0.000559 4196
0.00056 4196
0.000561 4196
0.000562 4196
0.000563 4196
0.000564 4196
0.000565 4197
0.000566 4197
0.000567 4197
0.000568 4197
0.000569 4197
0.00057 4198
0.000571 4199
0.000572 4199
0.000573 4199
0.000574 4199
0.000575 4200
0.000576 4201
0.000577 4200
0.000578 4200
0.000579 4199
0.00058 4199
0.000581 4199
0.000582 4198
0.000583 4197
0.000584 4197
0.000585 4198
0.000586 4198
0.000587 4198
0.000588 4198
0.000589 4199
0.00059 4199
0.000591 4198
0.000592 4199
0.000593 4200
0.000594 4202
0.000595 4202
0.000596 4202
0.000597 4202
0.000598 4202
0.000599 4202
0.0006 4202
0.000601 4201
0.000602 4201
0.000603 4202
0.000604 4203
0.000605 4202
0.000606 4202
0.000607 4202
0.000608 4202
0.000609 4201
0.00061 4203
0.000611 4203
0.000612 4203
0.000613 4203
0.000614 4204
0.000615 4204
0.000616 4205
0.000617 4205
0.000618 4205
0.000619 4205
0.00062 4205
0.000621 4206
0.000622 4206
0.000623 4206
0.000624 4206
0.000625 4205
0.000626 4206
0.000627 4206
0.000628 4206
0.000629 4205
0.00063 4205
0.000631 4205
0.000632 4205
0.000633 4205
0.000634 4205
0.000635 4206
0.000636 4206
0.000637 4206
0.000638 4206
0.000639 4204
0.00064 4204
0.000641 4204
0.000642 4204
0.000643 4204
0.000644 4203
0.000645 4204
0.000646 4204
0.000647 4207
0.000648 4207
0.000649 4207
0.00065 4208
0.000651 4205
0.000652 4204
0.000653 4203
0.000654 4202
0.000655 4202
0.000656 4202
0.000657 4201
0.000658 4201
0.000659 4201
0.00066 4202
0.000661 4202
0.000662 4203
0.000663 4202
0.000664 4202
0.000665 4202
0.000666 4202
0.000667 4201
0.000668 4201
0.000669 4201
0.00067 4201
0.000671 4201
0.000672 4201
0.000673 4200
0.000674 4201
0.000675 4200
0.000676 4200
0.000677 4201
0.000678 4201
0.000679 4201
0.00068 4201
0.000681 4201
0.000682 4201
0.000683 4201
0.000684 4200
0.000685 4200
0.000686 4200
0.000687 4200
0.000688 4200
0.000689 4199
0.00069 4199
0.000691 4200
0.000692 4201
0.000693 4202
0.000694 4203
0.000695 4204
0.000696 4204
0.000697 4204
0.000698 4204
0.000699 4204
0.0007 4205
0.000701 4205
0.000702 4205
0.000703 4205
0.000704 4204
0.000705 4205
0.000706 4205
0.000707 4206
0.000708 4206
0.000709 4207
0.00071 4207
0.000711 4207
0.000712 4208
0.000713 4208
0.000714 4208
0.000715 4209
0.000716 4209
0.000717 4210
0.000718 4210
0.000719 4207
0.00072 4208
0.000721 4208
0.000722 4207
0.000723 4207
0.000724 4207
0.000725 4207
0.000726 4209
0.000727 4208
0.000728 4208
0.000729 4208
0.00073 4207
0.000731 4207
0.000732 4205
0.000733 4205
0.000734 4205
0.000735 4204
0.000736 4204
0.000737 4204
0.000738 4204
0.000739 4203
0.00074 4203
0.000741 4203
0.000742 4203
0.000743 4203
0.000744 4203
0.000745 4203
0.000746 4203
0.000747 4203
0.000748 4203
0.000749 4204
0.00075 4203
0.000751 4203
0.000752 4203
0.000753 4202
0.000754 4202
0.000755 4202
0.000756 4200
0.000757 4200
0.000758 4200
0.000759 4200
0.00076 4199
0.000761 4199
0.000762 4199
0.000763 4199
0.000764 4200
0.000765 4200
0.000766 4200
0.000767 4200
0.000768 4201
0.000769 4200
0.00077 4199
0.000771 4199
0.000772 4200
0.000773 4201
0.000774 4201
0.000775 4201
0.000776 4201
0.000777 4201
0.000778 4201
0.000779 4201
0.00078 4201
0.000781 4201
0.000782 4201
0.000783 4204
0.000784 4204
0.000785 4203
0.000786 4204
0.000787 4204
0.000788 4204
0.000789 4204
0.00079 4204
0.000791 4203
0.000792 4203
0.000793 4204
0.000794 4204
0.000795 4204
0.000796 4205
0.000797 4205
0.000798 4208
0.000799 4208
0.0008 4208
0.000801 4209
0.000802 4209
0.000803 4210
0.000804 4211
0.000805 4212
0.000806 4211
0.000807 4211
0.000808 4211
0.000809 4212
0.00081 4212
0.000811 4211
0.000812 4212
0.000813 4212
0.000814 4213
0.000815 4213
0.000816 4213
0.000817 4213
0.000818 4213
0.000819 4213
0.00082 4213
0.000821 4214
0.000822 4214
0.000823 4214
0.000824 4214
0.000825 4214
0.000826 4214
0.000827 4214
0.000828 4215
0.000829 4215
0.00083 4215
0.000831 4215
0.000832 4216
0.000833 4215
0.000834 4215
0.000835 4214
0.000836 4214
0.000837 4215
0.000838 4215
0.000839 4216
0.00084 4216
0.000841 4217
0.000842 4217
0.000843 4217
0.000844 4217
0.000845 4217
0.000846 4219
0.000847 4219
0.000848 4219
0.000849 4219
0.00085 4219
0.000851 4218
0.000852 4218
0.000853 4218
0.000854 4218
0.000855 4218
0.000856 4218
0.000857 4218
0.000858 4217
0.000859 4217
0.00086 4218
0.000861 4220
0.000862 4220
0.000863 4219
0.000864 4219
0.000865 4219
0.000866 4219
0.000867 4218
0.000868 4218
0.000869 4218
0.00087 4218
0.000871 4217
0.000872 4218
0.000873 4218
0.000874 4219
0.000875 4219
0.000876 4219
0.000877 4219
0.000878 4220
0.000879 4220
0.00088 4220
0.000881 4219
0.000882 4218
0.000883 4217
0.000884 4217
0.000885 4217
0.000886 4216
0.000887 4216
0.000888 4215
0.000889 4215
0.00089 4216
0.000891 4216
0.000892 4215
0.000893 4216
0.000894 4217
0.000895 4217
0.000896 4217
0.000897 4218
0.000898 4219
0.000899 4219
0.0009 4218
0.000901 4218
0.000902 4218
0.000903 4218
0.000904 4218
0.000905 4217
0.000906 4217
0.000907 4217
0.000908 4217
0.000909 4217
0.00091 4217
0.000911 4217
0.000912 4216
0.000913 4216
0.000914 4217
0.000915 4217
0.000916 4217
0.000917 4218
0.000918 4219
0.000919 4219
0.00092 4218
0.000921 4217
0.000922 4217
0.000923 4217
0.000924 4217
0.000925 4217
0.000926 4217
0.000927 4217
0.000928 4217
0.000929 4217
0.00093 4217
0.000931 4217
0.000932 4218
0.000933 4218
0.000934 4218
0.000935 4219
0.000936 4220
0.000937 4219
0.000938 4219
0.000939 4218
0.00094 4217
0.000941 4217
0.000942 4217
0.000943 4219
0.000944 4219
0.000945 4219
0.000946 4220
0.000947 4219
0.000948 4218
0.000949 4218
0.00095 4217
0.000951 4217
0.000952 4216
0.000953 4216
0.000954 4216
0.000955 4218
0.000956 4217
0.000957 4217
0.000958 4217
0.000959 4217
0.00096 4216
0.000961 4216
0.000962 4216
0.000963 4215
0.000964 4215
0.000965 4215
0.000966 4215
0.000967 4215
0.000968 4214
0.000969 4213
0.00097 4212
0.000971 4212
0.000972 4212
0.000973 4212
0.000974 4212
0.000975 4212
0.000976 4211
0.000977 4211
0.000978 4211
0.000979 4211
0.00098 4212
0.000981 4212
0.000982 4212
0.000983 4212
0.000984 4212
0.000985 4212
0.000986 4211
0.000987 4211
0.000988 4211
0.000989 4212
0.00099 4212
0.000991 4212
0.000992 4212
0.000993 4214
0.000994 4213
0.000995 4213
0.000996 4212
0.000997 4212
0.000998 4212
0.000999 4212
0.001 4212
0.001001 4211
0.001002 4211
0.001003 4211
0.001004 4211
0.001005 4211
0.001006 4210
0.001007 4209
0.001008 4210
0.001009 4210
0.00101 4210
0.001011 4211
0.001012 4211
0.001013 4210
0.001014 4210
0.001015 4211
0.001016 4211
0.001017 4212
0.001018 4212
0.001019 4213
0.00102 4213
0.001021 4213
0.001022 4213
0.001023 4213
0.001024 4213
0.001025 4213
0.001026 4213
0.001027 4213
0.001028 4213
0.001029 4213
0.00103 4213
0.001031 4214
0.001032 4215
0.001033 4216
0.001034 4216
0.001035 4216
0.001036 4217
0.001037 4216
0.001038 4216
0.001039 4214
0.00104 4214
0.001041 4214
0.001042 4214
0.001043 4213
0.001044 4213
0.001045 4212
0.001046 4212
0.001047 4212
0.001048 4212
0.001049 4211
0.00105 4211
0.001051 4212
0.001052 4212
0.001053 4212
0.001054 4212
0.001055 4212
0.001056 4212
0.001057 4213
0.001058 4213
0.001059 4212
0.00106 4212
0.001061 4211
0.001062 4214
0.001063 4215
0.001064 4215
0.001065 4215
0.001066 4215
0.001067 4216
0.001068 4216
0.001069 4215
0.00107 4216
0.001071 4216
0.001072 4216
0.001073 4216
0.001074 4216
0.001075 4216
0.001076 4216
0.001077 4216
0.001078 4216
0.001079 4216
0.00108 4216
0.001081 4216
0.001082 4216
0.001083 4218
0.001084 4218
0.001085 4219
0.001086 4220
0.001087 4220
0.001088 4219
0.001089 4219
0.00109 4218
0.001091 4218
0.001092 4219
0.001093 4219
0.001094 4219
0.001095 4219
0.001096 4219
0.001097 4219
0.001098 4218
0.001099 4219
0.0011 4219
0.001101 4219
0.001102 4219
0.001103 4218
0.001104 4218
0.001105 4218
0.001106 4218
0.001107 4218
0.001108 4218
0.001109 4218
0.00111 4218
0.001111 4218
0.001112 4218
0.001113 4218
0.001114 4218
0.001115 4219
0.001116 4218
0.001117 4218
0.001118 4216
0.001119 4217
0.00112 4218
0.001121 4218
0.001122 4218
0.001123 4219
0.001124 4221
0.001125 4221
0.001126 4221
0.001127 4221
0.001128 4221
0.001129 4221
0.00113 4221
0.001131 4221
0.001132 4221
0.001133 4222
0.001134 4222
0.001135 4222
0.001136 4223
0.001137 4223
0.001138 4223
0.001139 4223
0.00114 4222
0.001141 4222
0.001142 4221
0.001143 4222
0.001144 4223
0.001145 4222
0.001146 4222
0.001147 4222
0.001148 4222
0.001149 4222
0.00115 4223
0.001151 4223
0.001152 4223
0.001153 4223
0.001154 4222
0.001155 4223
0.001156 4224
0.001157 4222
0.001158 4222
0.001159 4222
0.00116 4223
0.001161 4223
0.001162 4222
0.001163 4221
0.001164 4221
0.001165 4220
0.001166 4220
0.001167 4220
0.001168 4220
0.001169 4219
0.00117 4218
0.001171 4219
0.001172 4219
0.001173 4220
0.001174 4221
0.001175 4221
0.001176 4219
0.001177 4219
0.001178 4219
0.001179 4218
0.00118 4218
0.001181 4217
0.001182 4216
0.001183 4216
0.001184 4217
0.001185 4217
0.001186 4217
0.001187 4218
0.001188 4217
0.001189 4217
0.00119 4217
0.001191 4218
0.001192 4218
0.001193 4217
0.001194 4217
0.001195 4218
0.001196 4220
0.001197 4222
0.001198 4222
0.001199 4221
0.0012 4222
0.001201 4222
0.001202 4222
0.001203 4222
0.001204 4223
0.001205 4222
0.001206 4222
0.001207 4223
0.001208 4222
0.001209 4221
0.00121 4221
0.001211 4221
0.001212 4221
0.001213 4221
0.001214 4221
0.001215 4221
0.001216 4221
0.001217 4221
0.001218 4220
0.001219 4220
0.00122 4222
0.001221 4222
0.001222 4222
0.001223 4222
0.001224 4221
0.001225 4221
0.001226 4221
0.001227 4221
0.001228 4221
0.001229 4221
0.00123 4221
0.001231 4221
0.001232 4221
0.001233 4220
0.001234 4220
0.001235 4220
0.001236 4221
0.001237 4222
0.001238 4222
0.001239 4221
0.00124 4220
0.001241 4220
0.001242 4219
0.001243 4219
0.001244 4218
0.001245 4217
0.001246 4217
0.001247 4218
0.001248 4218
0.001249 4218
0.00125 4218
0.001251 4218
0.001252 4218
0.001253 4219
0.001254 4219
0.001255 4218
0.001256 4218
0.001257 4218
0.001258 4218
0.001259 4217
0.00126 4217
0.001261 4217
0.001262 4217
0.001263 4217
0.001264 4217
0.001265 4217
0.001266 4218
0.001267 4218
0.001268 4218
0.001269 4217
0.00127 4217
0.001271 4217
0.001272 4217
0.001273 4217
0.001274 4217
0.001275 4217
0.001276 4217
0.001277 4217
0.001278 4218
0.001279 4219
0.00128 4221
0.001281 4221
0.001282 4222
0.001283 4222
0.001284 4222
0.001285 4221
0.001286 4220
0.001287 4220
0.001288 4220
0.001289 4220
0.00129 4220
0.001291 4221
0.001292 4221
0.001293 4221
0.001294 4221
0.001295 4220
0.001296 4220
0.001297 4220
0.001298 4219
0.001299 4217
0.0013 4215
0.001301 4215
0.001302 4216
0.001303 4216
0.001304 4216
0.001305 4217
0.001306 4217
0.001307 4217
0.001308 4217
0.001309 4217
0.00131 4218
0.001311 4218
0.001312 4218
0.001313 4218
0.001314 4221
0.001315 4221
0.001316 4221
0.001317 4221
0.001318 4221
0.001319 4220
0.00132 4219
0.001321 4219
0.001322 4219
0.001323 4219
0.001324 4220
0.001325 4219
0.001326 4219
0.001327 4219
0.001328 4219
0.001329 4219
0.00133 4219
0.001331 4218
0.001332 4218
0.001333 4218
0.001334 4218
0.001335 4217
0.001336 4217
0.001337 4217
0.001338 4218
0.001339 4219
0.00134 4220
0.001341 4221
0.001342 4223
0.001343 4223
0.001344 4223
0.001345 4223
0.001346 4223
0.001347 4222
0.001348 4222
0.001349 4222
0.00135 4221
0.001351 4221
0.001352 4221
0.001353 4220
0.001354 4219
0.001355 4220
0.001356 4220
0.001357 4220
0.001358 4220
0.001359 4221
0.00136 4220
0.001361 4221
0.001362 4220
0.001363 4220
0.001364 4220
0.001365 4220
0.001366 4219
0.001367 4218
0.001368 4219
0.001369 4220
0.00137 4221
0.001371 4221
0.001372 4220
0.001373 4219
0.001374 4219
0.001375 4218
0.001376 4218
0.001377 4218
0.001378 4218
0.001379 4218
0.00138 4218
0.001381 4218
0.001382 4218
0.001383 4218
0.001384 4218
0.001385 4218
0.001386 4216
0.001387 4215
0.001388 4215
0.001389 4214
0.00139 4214
0.001391 4215
0.001392 4215
0.001393 4214
0.001394 4214
0.001395 4213
0.001396 4214
0.001397 4214
0.001398 4214
0.001399 4216
0.0014 4215
0.001401 4215
0.001402 4215
0.001403 4215
0.001404 4215
0.001405 4216
0.001406 4217
0.001407 4217
0.001408 4216
0.001409 4215
0.00141 4215
0.001411 4215
0.001412 4216
0.001413 4215
0.001414 4216
0.001415 4216
0.001416 4215
0.001417 4215
0.001418 4215
0.001419 4215
0.00142 4214
0.001421 4213
0.001422 4213
0.001423 4214
0.001424 4214
0.001425 4215
0.001426 4215
0.001427 4215
0.001428 4215
0.001429 4215
0.00143 4216
0.001431 4216
0.001432 4216
0.001433 4215
0.001434 4216
0.001435 4217
0.001436 4217
0.001437 4217
0.001438 4217
0.001439 4217
0.00144 4218
0.001441 4218
0.001442 4218
0.001443 4217
0.001444 4218
0.001445 4219
0.001446 4219
0.001447 4219
0.001448 4219
0.001449 4219
0.00145 4219
0.001451 4219
0.001452 4220
0.001453 4220
0.001454 4220
0.001455 4220
0.001456 4220
0.001457 4221
0.001458 4221
0.001459 4222
0.00146 4221
0.001461 4220
0.001462 4220
0.001463 4220
0.001464 4220
0.001465 4218
0.001466 4219
0.001467 4219
0.001468 4219
0.001469 4219
0.00147 4219
0.001471 4219
0.001472 4219
0.001473 4221
0.001474 4221
0.001475 4221
0.001476 4222
0.001477 4223
0.001478 4223
0.001479 4222
0.00148 4223
0.001481 4225
0.001482 4226
0.001483 4226
0.001484 4226
0.001485 4226
0.001486 4226
0.001487 4226
0.001488 4226
0.001489 4227
0.00149 4227
0.001491 4227
0.001492 4227
0.001493 4227
0.001494 4227
0.001495 4227
0.001496 4228
0.001497 4229
0.001498 4231
0.001499 4232
0.0015 4233
0.001501 4234
0.001502 4235
0.001503 4235
0.001504 4235
0.001505 4235
0.001506 4235
0.001507 4236
0.001508 4236
0.001509 4236
0.00151 4235
0.001511 4234
0.001512 4234
0.001513 4234
0.001514 4232
0.001515 4233
0.001516 4233
0.001517 4230
0.001518 4232
0.001519 4232
0.00152 4232
0.001521 4232
0.001522 4232
0.001523 4233
0.001524 4233
0.001525 4233
0.001526 4233
0.001527 4233
0.001528 4232
0.001529 4232
0.00153 4232
0.001531 4232
0.001532 4232
0.001533 4232
0.001534 4231
0.001535 4230
0.001536 4231
0.001537 4231
0.001538 4231
0.001539 4231
0.00154 4231
0.001541 4231
0.001542 4231
0.001543 4231
0.001544 4231
0.001545 4232
0.001546 4233
0.001547 4233
0.001548 4233
0.001549 4233
0.00155 4234
0.001551 4234
0.001552 4235
0.001553 4235
0.001554 4235
0.001555 4235
0.001556 4235
0.001557 4235
0.001558 4235
0.001559 4234
0.00156 4234
0.001561 4234
0.001562 4233
0.001563 4233
0.001564 4234
0.001565 4234
0.001566 4234
0.001567 4233
0.001568 4233
0.001569 4232
0.00157 4232
0.001571 4232
0.001572 4232
0.001573 4232
0.001574 4232
0.001575 4231
0.001576 4231
0.001577 4231
0.001578 4232
0.001579 4233
0.00158 4233
0.001581 4233
0.001582 4232
0.001583 4233
0.001584 4233
0.001585 4233
0.001586 4233
0.001587 4233
0.001588 4233
0.001589 4233
0.00159 4233
0.001591 4233
0.001592 4233
0.001593 4233
0.001594 4232
0.001595 4232
0.001596 4232
0.001597 4232
0.001598 4232
0.001599 4231
0.0016 4231
0.001601 4231
0.001602 4230
0.001603 4230
0.001604 4230
0.001605 4229
0.001606 4229
0.001607 4229
0.001608 4229
0.001609 4228
0.00161 4227
0.001611 4226
0.001612 4226
0.001613 4226
0.001614 4225
0.001615 4225
0.001616 4225
0.001617 4225
0.001618 4224
0.001619 4225
0.00162 4225
0.001621 4225
0.001622 4225
0.001623 4224
0.001624 4223
0.001625 4223
0.001626 4224
0.001627 4223
0.001628 4224
0.001629 4224
0.00163 4224
0.001631 4223
0.001632 4224
0.001633 4224
0.001634 4224
0.001635 4224
0.001636 4224
0.001637 4224
0.001638 4224
0.001639 4226
0.00164 4226
0.001641 4226
0.001642 4226
0.001643 4227
0.001644 4227
0.001645 4227
0.001646 4227
0.001647 4227
0.001648 4227
0.001649 4227
0.00165 4227
0.001651 4226
0.001652 4225
0.001653 4226
0.001654 4225
0.001655 4225
0.001656 4225
0.001657 4225
0.001658 4225
0.001659 4225
0.00166 4225
0.001661 4225
0.001662 4225
0.001663 4224
0.001664 4224
0.001665 4224
0.001666 4224
0.001667 4224
0.001668 4224
0.001669 4224
0.00167 4224
0.001671 4224
0.001672 4224
0.001673 4224
0.001674 4224
0.001675 4224
0.001676 4224
0.001677 4224
0.001678 4224
0.001679 4224
0.00168 4224
0.001681 4223
0.001682 4224
0.001683 4224
0.001684 4224
0.001685 4225
0.001686 4225
0.001687 4224
0.001688 4224
0.001689 4226
0.00169 4226
0.001691 4226
0.001692 4226
0.001693 4227
0.001694 4228
0.001695 4228
0.001696 4228
0.001697 4228
0.001698 4227
0.001699 4228
0.0017 4228
0.001701 4227
0.001702 4227
0.001703 4226
0.001704 4226
0.001705 4226
0.001706 4225
0.001707 4225
0.001708 4226
0.001709 4225
0.00171 4225
0.001711 4224
0.001712 4224
0.001713 4224
0.001714 4224
0.001715 4224
0.001716 4224
0.001717 4224
0.001718 4223
0.001719 4223
0.00172 4223
0.001721 4224
0.001722 4224
0.001723 4224
0.001724 4224
0.001725 4224
0.001726 4224
0.001727 4224
0.001728 4224
0.001729 4224
0.00173 4225
0.001731 4224
0.001732 4224
0.001733 4224
0.001734 4224
0.001735 4225
0.001736 4225
0.001737 4224
0.001738 4225
0.001739 4224
0.00174 4223
0.001741 4222
0.001742 4222
0.001743 4223
0.001744 4223
0.001745 4224
0.001746 4224
0.001747 4224
0.001748 4224
0.001749 4224
0.00175 4224
0.001751 4224
0.001752 4221
0.001753 4222
0.001754 4221
0.001755 4221
0.001756 4221
0.001757 4221
0.001758 4221
0.001759 4221
0.00176 4221
0.001761 4221
0.001762 4221
0.001763 4220
0.001764 4220
0.001765 4220
0.001766 4220
0.001767 4220
0.001768 4220
0.001769 4220
0.00177 4220
0.001771 4220
0.001772 4220
0.001773 4220
0.001774 4220
0.001775 4221
0.001776 4221
0.001777 4220
0.001778 4220
0.001779 4222
0.00178 4222
0.001781 4222
0.001782 4223
0.001783 4223
0.001784 4224
0.001785 4224
0.001786 4223
0.001787 4223
0.001788 4223
0.001789 4223
0.00179 4223
0.001791 4223
0.001792 4223
0.001793 4222
0.001794 4223
0.001795 4223
0.001796 4223
0.001797 4223
0.001798 4223
0.001799 4222
0.0018 4223
0.001801 4224
0.001802 4223
0.001803 4223
0.001804 4223
0.001805 4222
0.001806 4222
0.001807 4222
0.001808 4222
0.001809 4222
0.00181 4222
0.001811 4222
0.001812 4221
0.001813 4222
0.001814 4221
0.001815 4222
0.001816 4222
0.001817 4222
0.001818 4222
0.001819 4223
0.00182 4223
0.001821 4223
0.001822 4224
0.001823 4225
0.001824 4225
0.001825 4223
0.001826 4222
0.001827 4223
0.001828 4224
0.001829 4223
0.00183 4223
0.001831 4223
0.001832 4223
0.001833 4223
0.001834 4223
0.001835 4223
0.001836 4223
0.001837 4223
0.001838 4223
0.001839 4222
0.00184 4222
0.001841 4222
0.001842 4220
0.001843 4220
0.001844 4220
0.001845 4219
0.001846 4220
0.001847 4220
0.001848 4220
0.001849 4220
0.00185 4219
0.001851 4219
0.001852 4220
0.001853 4220
0.001854 4220
0.001855 4222
0.001856 4222
0.001857 4224
0.001858 4223
0.001859 4223
0.00186 4223
0.001861 4223
0.001862 4223
0.001863 4223
0.001864 4223
0.001865 4222
0.001866 4223
0.001867 4223
0.001868 4223
0.001869 4224
0.00187 4225
0.001871 4225
0.001872 4225
0.001873 4225
0.001874 4225
0.001875 4224
0.001876 4222
0.001877 4221
0.001878 4221
0.001879 4221
0.00188 4221
0.001881 4221
0.001882 4221
0.001883 4219
0.001884 4219
0.001885 4218
0.001886 4219
0.001887 4219
0.001888 4219
0.001889 4218
0.00189 4216
0.001891 4216
0.001892 4216
0.001893 4216
0.001894 4216
0.001895 4217
0.001896 4217
0.001897 4218
0.001898 4217
0.001899 4217
0.0019 4217
0.001901 4217
0.001902 4217
0.001903 4217
0.001904 4217
0.001905 4218
0.001906 4218
0.001907 4217
0.001908 4218
0.001909 4218
0.00191 4217
0.001911 4217
0.001912 4217
0.001913 4218
0.001914 4218
0.001915 4218
0.001916 4220
0.001917 4221
0.001918 4222
0.001919 4222
0.00192 4222
0.001921 4222
0.001922 4220
0.001923 4220
0.001924 4221
0.001925 4221
0.001926 4222
0.001927 4222
0.001928 4222
0.001929 4221
0.00193 4221
0.001931 4221
0.001932 4221
0.001933 4220
0.001934 4221
0.001935 4222
0.001936 4221
0.001937 4221
0.001938 4221
0.001939 4220
0.00194 4220
0.001941 4219
0.001942 4218
0.001943 4218
0.001944 4218
0.001945 4217
0.001946 4217
0.001947 4217
0.001948 4217
0.001949 4217
0.00195 4217
0.001951 4217
0.001952 4217
0.001953 4218
0.001954 4217
0.001955 4218
0.001956 4218
0.001957 4218
0.001958 4216
0.001959 4216
0.00196 4216
0.001961 4215
0.001962 4215
0.001963 4216
0.001964 4215
0.001965 4215
0.001966 4215
0.001967 4216
0.001968 4216
0.001969 4217
0.00197 4217
0.001971 4218
0.001972 4218
0.001973 4219
0.001974 4219
0.001975 4219
0.001976 4219
0.001977 4219
0.001978 4219
0.001979 4219
0.00198 4219
0.001981 4219
0.001982 4220
0.001983 4220
0.001984 4221
0.001985 4221
0.001986 4221
0.001987 4220
0.001988 4220
0.001989 4220
0.00199 4219
0.001991 4218
0.001992 4219
0.001993 4218
0.001994 4216
0.001995 4216
0.001996 4216
0.001997 4216
0.001998 4214
0.001999 4214
0.002 4214
0.002001 4215
0.002002 4215
0.002003 4215
0.002004 4215
0.002005 4215
0.002006 4215
0.002007 4215
0.002008 4216
0.002009 4216
0.00201 4218
0.002011 4218
0.002012 4217
0.002013 4217
0.002014 4217
0.002015 4217
0.002016 4217
0.002017 4218
0.002018 4218
0.002019 4218
0.00202 4218
0.002021 4218
0.002022 4219
0.002023 4219
0.002024 4219
0.002025 4218
0.002026 4216
0.002027 4216
0.002028 4216
0.002029 4216
0.00203 4214
0.002031 4214
0.002032 4214
0.002033 4214
0.002034 4214
0.002035 4214
0.002036 4214
0.002037 4215
0.002038 4216
0.002039 4216
0.00204 4216
0.002041 4216
0.002042 4215
0.002043 4215
0.002044 4215
0.002045 4215
0.002046 4215
0.002047 4216
0.002048 4216
0.002049 4217
0.00205 4217
0.002051 4218
0.002052 4217
0.002053 4217
0.002054 4218
0.002055 4218
0.002056 4218
0.002057 4217
0.002058 4217
0.002059 4217
0.00206 4217
0.002061 4217
0.002062 4218
0.002063 4218
0.002064 4218
0.002065 4217
0.002066 4217
0.002067 4217
0.002068 4217
0.002069 4218
0.00207 4219
0.002071 4218
0.002072 4220
0.002073 4220
0.002074 4220
0.002075 4221
0.002076 4221
0.002077 4220
0.002078 4220
0.002079 4220
0.00208 4220
0.002081 4220
0.002082 4220
0.002083 4221
0.002084 4222
0.002085 4222
0.002086 4220
0.002087 4220
0.002088 4220
0.002089 4220
0.00209 4220
0.002091 4220
0.002092 4220
0.002093 4220
0.002094 4221
0.002095 4221
0.002096 4221
0.002097 4220
0.002098 4220
0.002099 4220
0.0021 4220
0.002101 4220
0.002102 4219
0.002103 4219
0.002104 4219
0.002105 4220
0.002106 4220
0.002107 4218
0.002108 4218
0.002109 4219
0.00211 4220
0.002111 4220
0.002112 4220
0.002113 4220
0.002114 4220
0.002115 4220
0.002116 4220
0.002117 4220
0.002118 4219
0.002119 4218
0.00212 4219
0.002121 4220
0.002122 4221
0.002123 4221
0.002124 4220
0.002125 4220
0.002126 4220
0.002127 4219
0.002128 4219
0.002129 4219
0.00213 4222
0.002131 4223
0.002132 4223
0.002133 4223
0.002134 4222
0.002135 4221
0.002136 4222
0.002137 4222
0.002138 4223
0.002139 4222
0.00214 4221
0.002141 4221
0.002142 4222
0.002143 4222
0.002144 4221
0.002145 4221
0.002146 4221
0.002147 4220
0.002148 4219
0.002149 4219
0.00215 4219
0.002151 4220
0.002152 4220
0.002153 4220
0.002154 4221
0.002155 4221
0.002156 4221
0.002157 4222
0.002158 4223
0.002159 4223
0.00216 4223
0.002161 4223
0.002162 4224
0.002163 4223
0.002164 4223
0.002165 4223
0.002166 4223
0.002167 4223
0.002168 4224
0.002169 4224
0.00217 4224
0.002171 4223
0.002172 4222
0.002173 4223
0.002174 4223
0.002175 4223
0.002176 4223
0.002177 4223
0.002178 4223
0.002179 4223
0.00218 4223
0.002181 4223
0.002182 4222
0.002183 4222
0.002184 4222
0.002185 4221
0.002186 4219
0.002187 4217
0.002188 4219
0.002189 4219
0.00219 4219
0.002191 4220
0.002192 4220
0.002193 4220
0.002194 4220
0.002195 4220
0.002196 4219
0.002197 4219
0.002198 4220
0.002199 4219
0.0022 4220
0.002201 4220
0.002202 4220
0.002203 4220
0.002204 4221
0.002205 4221
0.002206 4221
0.002207 4221
0.002208 4221
0.002209 4221
0.00221 4221
0.002211 4221
0.002212 4221
0.002213 4221
0.002214 4221
0.002215 4222
0.002216 4221
0.002217 4220
0.002218 4220
0.002219 4220
0.00222 4220
0.002221 4220
0.002222 4220
0.002223 4220
0.002224 4220
0.002225 4220
0.002226 4220
0.002227 4219
0.002228 4219
0.002229 4220
0.00223 4219
0.002231 4220
0.002232 4220
0.002233 4220
0.002234 4219
0.002235 4219
0.002236 4219
0.002237 4219
0.002238 4218
0.002239 4217
0.00224 4216
0.002241 4215
0.002242 4215
0.002243 4216
0.002244 4216
0.002245 4216
0.002246 4216
0.002247 4216
0.002248 4218
0.002249 4218
0.00225 4219
0.002251 4219
0.002252 4219
0.002253 4218
0.002254 4218
0.002255 4218
0.002256 4219
0.002257 4220
0.002258 4220
0.002259 4221
0.00226 4221
0.002261 4220
0.002262 4220
0.002263 4220
0.002264 4220
0.002265 4219
0.002266 4218
0.002267 4218
0.002268 4218
0.002269 4218
0.00227 4218
0.002271 4218
0.002272 4218
0.002273 4218
0.002274 4218
0.002275 4217
0.002276 4218
0.002277 4218
0.002278 4218
0.002279 4217
0.00228 4218
0.002281 4219
0.002282 4218
0.002283 4218
0.002284 4218
0.002285 4218
0.002286 4220
0.002287 4220
0.002288 4220
0.002289 4220
0.00229 4220
0.002291 4219
0.002292 4219
0.002293 4219
0.002294 4219
0.002295 4219
0.002296 4219
0.002297 4219
0.002298 4218
0.002299 4218
0.0023 4217
0.002301 4217
0.002302 4218
0.002303 4218
0.002304 4218
0.002305 4217
0.002306 4217
0.002307 4217
0.002308 4216
0.002309 4216
0.00231 4217
0.002311 4216
0.002312 4216
0.002313 4216
0.002314 4216
0.002315 4216
0.002316 4216
0.002317 4216
0.002318 4216
0.002319 4217
0.00232 4217
0.002321 4217
0.002322 4218
0.002323 4218
0.002324 4218
0.002325 4218
0.002326 4218
0.002327 4218
0.002328 4219
0.002329 4219
0.00233 4220
0.002331 4220
0.002332 4219
0.002333 4219
0.002334 4221
0.002335 4221
0.002336 4222
0.002337 4222
0.002338 4222
0.002339 4222
0.00234 4221
0.002341 4219
0.002342 4220
0.002343 4220
0.002344 4220
0.002345 4219
0.002346 4218
0.002347 4218
0.002348 4219
0.002349 4219
0.00235 4219
0.002351 4219
0.002352 4220
0.002353 4220
0.002354 4220
0.002355 4221
0.002356 4221
0.002357 4220
0.002358 4219
0.002359 4217
0.00236 4217
0.002361 4217
0.002362 4217
0.002363 4218
0.002364 4218
0.002365 4218
0.002366 4218
0.002367 4218
0.002368 4218
0.002369 4218
0.00237 4218
0.002371 4217
0.002372 4218
0.002373 4218
0.002374 4218
0.002375 4218
0.002376 4216
0.002377 4216
0.002378 4217
0.002379 4216
0.00238 4216
0.002381 4216
0.002382 4216
0.002383 4216
0.002384 4216
0.002385 4215
0.002386 4217
0.002387 4217
0.002388 4217
0.002389 4218
0.00239 4218
0.002391 4217
0.002392 4217
0.002393 4216
0.002394 4217
0.002395 4217
0.002396 4217
0.002397 4217
0.002398 4217
0.002399 4217
0.0024 4216
0.002401 4216
0.002402 4216
0.002403 4216
0.002404 4215
0.002405 4214
0.002406 4214
0.002407 4214
0.002408 4214
0.002409 4214
0.00241 4213
0.002411 4213
0.002412 4213
0.002413 4212
0.002414 4212
0.002415 4213
0.002416 4214
0.002417 4214
0.002418 4214
0.002419 4215
0.00242 4216
0.002421 4216
0.002422 4217
0.002423 4217
0.002424 4218
0.002425 4218
0.002426 4217
0.002427 4217
0.002428 4217
0.002429 4217
0.00243 4216
0.002431 4217
0.002432 4218
0.002433 4218
0.002434 4218
0.002435 4218
0.002436 4218
0.002437 4217
0.002438 4218
0.002439 4218
0.00244 4219
0.002441 4217
0.002442 4217
0.002443 4216
0.002444 4215
0.002445 4216
0.002446 4217
0.002447 4217
0.002448 4216
0.002449 4216
0.00245 4217
0.002451 4217
0.002452 4217
0.002453 4217
0.002454 4217
0.002455 4218
0.002456 4218
0.002457 4218
0.002458 4217
0.002459 4217
0.00246 4217
0.002461 4216
0.002462 4217
0.002463 4218
0.002464 4218
0.002465 4218
0.002466 4218
0.002467 4217
0.002468 4216
0.002469 4216
0.00247 4216
0.002471 4216
0.002472 4216
0.002473 4216
0.002474 4215
0.002475 4213
0.002476 4214
0.002477 4214
0.002478 4214
0.002479 4213
0.00248 4213
0.002481 4213
0.002482 4213
0.002483 4213
0.002484 4213
0.002485 4213
0.002486 4212
0.002487 4213
0.002488 4213
0.002489 4213
0.00249 4214
0.002491 4214
0.002492 4214
0.002493 4214
0.002494 4214
0.002495 4214
0.002496 4214
0.002497 4214
0.002498 4215
0.002499 4215
0.0025 4214
0.002501 4214
0.002502 4216
0.002503 4218
0.002504 4218
0.002505 4219
0.002506 4219
0.002507 4219
0.002508 4219
0.002509 4220
0.00251 4220
0.002511 4221
0.002512 4221
0.002513 4222
0.002514 4221
0.002515 4221
0.002516 4221
0.002517 4221
0.002518 4221
0.002519 4221
0.00252 4221
0.002521 4221
0.002522 4222
0.002523 4221
0.002524 4221
0.002525 4221
0.002526 4222
0.002527 4222
0.002528 4222
0.002529 4221
0.00253 4221
0.002531 4221
0.002532 4221
0.002533 4221
0.002534 4221
0.002535 4222
0.002536 4222
0.002537 4222
0.002538 4224
0.002539 4225
0.00254 4225
0.002541 4225
0.002542 4225
0.002543 4225
0.002544 4225
0.002545 4226
0.002546 4226
0.002547 4226
0.002548 4227
0.002549 4227
0.00255 4225
0.002551 4224
0.002552 4223
0.002553 4223
0.002554 4223
0.002555 4223
0.002556 4223
0.002557 4223
0.002558 4223
0.002559 4224
0.00256 4223
0.002561 4226
0.002562 4227
0.002563 4228
0.002564 4228
0.002565 4226
0.002566 4225
0.002567 4225
0.002568 4224
0.002569 4225
0.00257 4225
0.002571 4224
0.002572 4224
0.002573 4224
0.002574 4225
0.002575 4225
0.002576 4226
0.002577 4226
0.002578 4226
0.002579 4226
0.00258 4226
0.002581 4226
0.002582 4225
0.002583 4226
0.002584 4226
0.002585 4225
0.002586 4223
0.002587 4223
0.002588 4222
0.002589 4222
0.00259 4222
0.002591 4223
0.002592 4224
0.002593 4223
0.002594 4222
0.002595 4222
0.002596 4222
0.002597 4222
0.002598 4222
0.002599 4223
0.0026 4223
0.002601 4224
0.002602 4224
0.002603 4224
0.002604 4224
0.002605 4223
0.002606 4223
0.002607 4223
0.002608 4223
0.002609 4223
0.00261 4223
0.002611 4223
0.002612 4223
0.002613 4223
0.002614 4223
0.002615 4223
0.002616 4224
0.002617 4224
0.002618 4224
0.002619 4225
0.00262 4225
0.002621 4226
0.002622 4227
0.002623 4227
0.002624 4227
0.002625 4227
0.002626 4228
0.002627 4227
0.002628 4227
0.002629 4226
0.00263 4225
0.002631 4225
0.002632 4224
0.002633 4225
0.002634 4226
0.002635 4226
0.002636 4226
0.002637 4226
0.002638 4227
0.002639 4227
0.00264 4227
0.002641 4227
0.002642 4228
0.002643 4228
0.002644 4228
0.002645 4229
0.002646 4230
0.002647 4230
0.002648 4230
0.002649 4230
0.00265 4229
0.002651 4229
0.002652 4229
0.002653 4229
0.002654 4229
0.002655 4229
0.002656 4230
0.002657 4230
0.002658 4229
0.002659 4229
0.00266 4229
0.002661 4230
0.002662 4231
0.002663 4231
0.002664 4230
0.002665 4230
0.002666 4230
0.002667 4230
0.002668 4230
0.002669 4230
0.00267 4230
0.002671 4230
0.002672 4231
0.002673 4230
0.002674 4229
0.002675 4230
0.002676 4230
0.002677 4230
0.002678 4231
0.002679 4230
0.00268 4231
0.002681 4231
0.002682 4231
0.002683 4231
0.002684 4231
0.002685 4231
0.002686 4231
0.002687 4231
0.002688 4232
0.002689 4233
0.00269 4233
0.002691 4233
0.002692 4233
0.002693 4233
0.002694 4232
0.002695 4231
0.002696 4231
0.002697 4231
0.002698 4231
0.002699 4231
0.0027 4232
0.002701 4232
0.002702 4232
0.002703 4232
0.002704 4232
0.002705 4232
0.002706 4231
0.002707 4231
0.002708 4231
0.002709 4231
0.00271 4230
0.002711 4230
0.002712 4230
0.002713 4230
0.002714 4230
0.002715 4230
0.002716 4229
0.002717 4229
0.002718 4231
0.002719 4230
0.00272 4230
0.002721 4230
0.002722 4231
0.002723 4232
0.002724 4232
0.002725 4232
0.002726 4232
0.002727 4232
0.002728 4232
0.002729 4230
0.00273 4231
0.002731 4231
0.002732 4231
0.002733 4231
0.002734 4231
0.002735 4231
0.002736 4231
0.002737 4230
0.002738 4230
0.002739 4229
0.00274 4228
0.002741 4228
0.002742 4228
0.002743 4228
0.002744 4228
0.002745 4228
0.002746 4228
0.002747 4227
0.002748 4227
0.002749 4226
0.00275 4226
0.002751 4226
0.002752 4225
0.002753 4225
0.002754 4225
0.002755 4225
0.002756 4225
0.002757 4225
0.002758 4225
0.002759 4225
0.00276 4225
0.002761 4225
0.002762 4225
0.002763 4225
0.002764 4226
0.002765 4226
0.002766 4227
0.002767 4227
0.002768 4226
0.002769 4225
0.00277 4224
0.002771 4224
0.002772 4225
0.002773 4225
0.002774 4225
0.002775 4224
0.002776 4224
0.002777 4224
0.002778 4224
0.002779 4223
0.00278 4223
0.002781 4223
0.002782 4223
0.002783 4223
0.002784 4223
0.002785 4222
0.002786 4222
0.002787 4221
0.002788 4222
0.002789 4223
0.00279 4221
0.002791 4220
0.002792 4221
0.002793 4221
0.002794 4222
0.002795 4221
0.002796 4220
0.002797 4219
0.002798 4218
0.002799 4217
0.0028 4217
0.002801 4217
0.002802 4217
0.002803 4217
0.002804 4218
0.002805 4217
0.002806 4217
0.002807 4217
0.002808 4217
0.002809 4217
0.00281 4217
0.002811 4218
0.002812 4218
0.002813 4219
0.002814 4218
0.002815 4218
0.002816 4218
0.002817 4218
0.002818 4218
0.002819 4217
0.00282 4218
0.002821 4218
0.002822 4218
0.002823 4218
0.002824 4218
0.002825 4218
0.002826 4218
0.002827 4217
0.002828 4217
0.002829 4216
0.00283 4215
0.002831 4215
0.002832 4215
0.002833 4215
0.002834 4216
0.002835 4215
0.002836 4215
0.002837 4215
0.002838 4214
0.002839 4215
0.00284 4215
0.002841 4215
0.002842 4215
0.002843 4215
0.002844 4216
0.002845 4216
0.002846 4217
0.002847 4217
0.002848 4215
0.002849 4215
0.00285 4215
0.002851 4214
0.002852 4213
0.002853 4213
0.002854 4213
0.002855 4213
0.002856 4211
0.002857 4211
0.002858 4210
0.002859 4210
0.00286 4209
0.002861 4209
0.002862 4209
0.002863 4209
0.002864 4209
0.002865 4208
0.002866 4208
0.002867 4207
0.002868 4207
0.002869 4207
0.00287 4208
0.002871 4208
0.002872 4208
0.002873 4208
0.002874 4207
0.002875 4207
0.002876 4207
0.002877 4207
0.002878 4207
0.002879 4208
0.00288 4211
0.002881 4211
0.002882 4210
0.002883 4210
0.002884 4211
0.002885 4211
0.002886 4211
0.002887 4210
0.002888 4211
0.002889 4211
0.00289 4211
0.002891 4212
0.002892 4212
0.002893 4212
0.002894 4212
0.002895 4212
0.002896 4212
0.002897 4212
0.002898 4211
0.002899 4211
0.0029 4211
0.002901 4211
0.002902 4211
0.002903 4211
0.002904 4211
0.002905 4210
0.002906 4210
0.002907 4210
0.002908 4210
0.002909 4210
0.00291 4210
0.002911 4210
0.002912 4211
0.002913 4211
0.002914 4211
0.002915 4211
0.002916 4210
0.002917 4210
0.002918 4209
0.002919 4208
0.00292 4209
0.002921 4209
0.002922 4209
0.002923 4209
0.002924 4209
0.002925 4210
0.002926 4210
0.002927 4210
0.002928 4210
0.002929 4210
0.00293 4210
0.002931 4211
0.002932 4212
0.002933 4212
0.002934 4212
0.002935 4211
0.002936 4211
0.002937 4212
0.002938 4211
0.002939 4211
0.00294 4213
0.002941 4213
0.002942 4214
0.002943 4214
0.002944 4214
0.002945 4214
0.002946 4214
0.002947 4214
0.002948 4213
0.002949 4213
0.00295 4213
0.002951 4213
0.002952 4213
0.002953 4211
0.002954 4212
0.002955 4212
0.002956 4212
0.002957 4212
0.002958 4211
0.002959 4211
0.00296 4211
0.002961 4211
0.002962 4210
0.002963 4210
0.002964 4211
0.002965 4211
0.002966 4211
0.002967 4210
0.002968 4209
0.002969 4208
0.00297 4207
0.002971 4207
0.002972 4209
0.002973 4209
0.002974 4209
0.002975 4209
0.002976 4209
0.002977 4209
0.002978 4208
0.002979 4208
0.00298 4208
0.002981 4208
0.002982 4208
0.002983 4208
0.002984 4209
0.002985 4209
0.002986 4209
0.002987 4209
0.002988 4209
0.002989 4209
0.00299 4210
0.002991 4210
0.002992 4209
0.002993 4210
0.002994 4211
0.002995 4212
0.002996 4212
0.002997 4213
0.002998 4212
0.002999 4212
0.003 4212
0.003001 4211
0.003002 4210
0.003003 4210
0.003004 4209
0.003005 4209
0.003006 4208
0.003007 4208
0.003008 4208
0.003009 4207
0.00301 4207
0.003011 4208
0.003012 4207
0.003013 4206
0.003014 4206
0.003015 4206
0.003016 4206
0.003017 4206
0.003018 4206
0.003019 4205
0.00302 4205
0.003021 4205
0.003022 4204
0.003023 4204
0.003024 4204
0.003025 4204
0.003026 4204
0.003027 4204
0.003028 4205
0.003029 4205
0.00303 4205
0.003031 4205
0.003032 4205
0.003033 4206
0.003034 4205
0.003035 4205
0.003036 4206
0.003037 4204
0.003038 4203
0.003039 4204
0.00304 4204
0.003041 4203
0.003042 4203
0.003043 4205
0.003044 4204
0.003045 4205
0.003046 4205
0.003047 4204
0.003048 4204
0.003049 4204
0.00305 4204
0.003051 4205
0.003052 4205
0.003053 4204
0.003054 4206
0.003055 4206
0.003056 4205
0.003057 4205
0.003058 4206
0.003059 4206
0.00306 4206
0.003061 4206
0.003062 4206
0.003063 4206
0.003064 4205
0.003065 4204
0.003066 4204
0.003067 4205
0.003068 4206
0.003069 4206
0.00307 4207
0.003071 4207
0.003072 4207
0.003073 4207
0.003074 4207
0.003075 4208
0.003076 4207
0.003077 4206
0.003078 4205
0.003079 4205
0.00308 4205
0.003081 4205
0.003082 4205
0.003083 4205
0.003084 4204
0.003085 4204
0.003086 4204
0.003087 4204
0.003088 4203
0.003089 4203
0.00309 4203
0.003091 4203
0.003092 4203
0.003093 4202
0.003094 4201
0.003095 4202
0.003096 4201
0.003097 4201
0.003098 4203
0.003099 4205
0.0031 4206
0.003101 4206
0.003102 4206
0.003103 4206
0.003104 4206
0.003105 4206
0.003106 4206
0.003107 4206
0.003108 4205
0.003109 4205
0.00311 4205
0.003111 4206
0.003112 4206
0.003113 4206
0.003114 4206
0.003115 4205
0.003116 4204
0.003117 4202
0.003118 4201
0.003119 4201
0.00312 4201
0.003121 4201
0.003122 4201
0.003123 4201
0.003124 4202
0.003125 4201
0.003126 4201
0.003127 4201
0.003128 4201
0.003129 4200
0.00313 4200
0.003131 4200
0.003132 4200
0.003133 4201
0.003134 4201
0.003135 4201
0.003136 4202
0.003137 4202
0.003138 4202
0.003139 4202
0.00314 4201
0.003141 4202
0.003142 4202
0.003143 4201
0.003144 4201
0.003145 4202
0.003146 4202
0.003147 4201
0.003148 4200
0.003149 4200
0.00315 4200
0.003151 4202
0.003152 4201
0.003153 4201
0.003154 4200
0.003155 4200
0.003156 4200
0.003157 4199
0.003158 4199
0.003159 4198
0.00316 4198
0.003161 4198
0.003162 4199
0.003163 4199
0.003164 4199
0.003165 4200
0.003166 4200
0.003167 4200
0.003168 4200
0.003169 4200
0.00317 4200
0.003171 4200
0.003172 4199
0.003173 4199
0.003174 4198
0.003175 4198
0.003176 4199
0.003177 4199
0.003178 4199
0.003179 4199
0.00318 4199
0.003181 4200
0.003182 4200
0.003183 4200
0.003184 4200
0.003185 4199
0.003186 4199
0.003187 4199
0.003188 4199
0.003189 4199
0.00319 4200
0.003191 4200
0.003192 4198
0.003193 4197
0.003194 4197
0.003195 4197
0.003196 4197
0.003197 4198
0.003198 4199
0.003199 4199
0.0032 4199
0.003201 4199
0.003202 4199
0.003203 4199
0.003204 4198
0.003205 4199
0.003206 4199
0.003207 4199
0.003208 4199
0.003209 4199
0.00321 4199
0.003211 4200
0.003212 4199
0.003213 4200
0.003214 4200
0.003215 4200
0.003216 4201
0.003217 4202
0.003218 4202
0.003219 4202
0.00322 4202
0.003221 4202
0.003222 4202
0.003223 4200
0.003224 4200
0.003225 4200
0.003226 4200
0.003227 4200
0.003228 4200
0.003229 4201
0.00323 4201
0.003231 4201
0.003232 4201
0.003233 4202
0.003234 4202
0.003235 4202
0.003236 4203
0.003237 4203
0.003238 4203
0.003239 4202
0.00324 4201
0.003241 4200
0.003242 4200
0.003243 4200
0.003244 4199
0.003245 4199
0.003246 4199
0.003247 4199
0.003248 4199
0.003249 4199
0.00325 4199
0.003251 4199
0.003252 4198
0.003253 4198
0.003254 4198
0.003255 4197
0.003256 4197
0.003257 4197
0.003258 4197
0.003259 4197
0.00326 4197
0.003261 4197
0.003262 4197
0.003263 4198
0.003264 4198
0.003265 4198
0.003266 4199
0.003267 4198
0.003268 4197
0.003269 4197
0.00327 4198
0.003271 4198
0.003272 4198
0.003273 4197
0.003274 4197
0.003275 4197
0.003276 4197
0.003277 4198
0.003278 4198
0.003279 4197
0.00328 4197
0.003281 4197
0.003282 4196
0.003283 4196
0.003284 4196
0.003285 4194
0.003286 4193
0.003287 4193
0.003288 4194
0.003289 4195
0.00329 4194
0.003291 4195
0.003292 4195
0.003293 4196
0.003294 4196
0.003295 4196
0.003296 4196
0.003297 4197
0.003298 4197
0.003299 4197
0.0033 4198
0.003301 4197
0.003302 4197
0.003303 4200
0.003304 4200
0.003305 4200
0.003306 4200
0.003307 4200
0.003308 4199
0.003309 4199
0.00331 4200
0.003311 4200
0.003312 4200
0.003313 4200
0.003314 4201
0.003315 4202
0.003316 4202
0.003317 4202
0.003318 4202
0.003319 4202
0.00332 4202
0.003321 4201
0.003322 4201
0.003323 4201
0.003324 4200
0.003325 4199
0.003326 4199
0.003327 4199
0.003328 4199
0.003329 4199
0.00333 4199
0.003331 4199
0.003332 4199
0.003333 4199
0.003334 4199
0.003335 4199
0.003336 4200
0.003337 4200
0.003338 4200
0.003339 4200
0.00334 4200
0.003341 4200
0.003342 4201
0.003343 4201
0.003344 4200
0.003345 4200
0.003346 4199
0.003347 4199
0.003348 4199
0.003349 4199
0.00335 4198
0.003351 4197
0.003352 4197
0.003353 4197
0.003354 4196
0.003355 4196
0.003356 4196
0.003357 4196
0.003358 4196
0.003359 4196
0.00336 4196
0.003361 4196
0.003362 4195
0.003363 4196
0.003364 4193
0.003365 4195
0.003366 4195
0.003367 4195
0.003368 4196
0.003369 4196
0.00337 4196
0.003371 4196
0.003372 4195
0.003373 4195
0.003374 4195
0.003375 4195
0.003376 4194
0.003377 4194
0.003378 4194
0.003379 4193
0.00338 4194
0.003381 4194
0.003382 4194
0.003383 4194
0.003384 4194
0.003385 4194
0.003386 4195
0.003387 4195
0.003388 4195
0.003389 4195
0.00339 4195
0.003391 4195
0.003392 4195
0.003393 4195
0.003394 4195
0.003395 4196
0.003396 4198
0.003397 4198
0.003398 4198
0.003399 4198
0.0034 4197
0.003401 4197
0.003402 4197
0.003403 4196
0.003404 4196
0.003405 4195
0.003406 4195
0.003407 4195
0.003408 4195
0.003409 4193
0.00341 4193
0.003411 4192
0.003412 4192
0.003413 4192
0.003414 4192
0.003415 4192
0.003416 4192
0.003417 4192
0.003418 4193
0.003419 4194
0.00342 4194
0.003421 4195
0.003422 4195
0.003423 4195
0.003424 4196
0.003425 4196
0.003426 4195
0.003427 4195
0.003428 4196
0.003429 4196
0.00343 4197
0.003431 4197
0.003432 4198
0.003433 4197
0.003434 4196
0.003435 4196
0.003436 4197
0.003437 4196
0.003438 4196
0.003439 4196
0.00344 4196
0.003441 4193
0.003442 4193
0.003443 4193
0.003444 4194
0.003445 4194
0.003446 4194
0.003447 4194
0.003448 4194
0.003449 4194
0.00345 4194
0.003451 4193
0.003452 4193
0.003453 4193
0.003454 4193
0.003455 4193
0.003456 4193
0.003457 4193
0.003458 4192
0.003459 4192
0.00346 4192
0.003461 4192
0.003462 4192
0.003463 4192
0.003464 4192
0.003465 4192
0.003466 4189
0.003467 4189
0.003468 4190
0.003469 4190
0.00347 4188
0.003471 4188
0.003472 4189
0.003473 4189
0.003474 4190
0.003475 4190
0.003476 4191
0.003477 4191
0.003478 4191
0.003479 4191
0.00348 4192
0.003481 4193
0.003482 4193
0.003483 4193
0.003484 4194
0.003485 4194
0.003486 4194
0.003487 4194
0.003488 4194
0.003489 4194
0.00349 4194
0.003491 4194
0.003492 4194
0.003493 4193
0.003494 4193
0.003495 4193
0.003496 4193
0.003497 4193
0.003498 4193
0.003499 4194
0.0035 4194
0.003501 4193
0.003502 4193
0.003503 4194
0.003504 4194
0.003505 4193
0.003506 4193
0.003507 4193
0.003508 4194
0.003509 4195
0.00351 4195
0.003511 4195
0.003512 4195
0.003513 4193
0.003514 4193
0.003515 4193
0.003516 4193
0.003517 4193
0.003518 4193
0.003519 4193
0.00352 4193
0.003521 4193
0.003522 4193
0.003523 4193
0.003524 4193
0.003525 4192
0.003526 4192
0.003527 4192
0.003528 4192
0.003529 4192
0.00353 4192
0.003531 4191
0.003532 4190
0.003533 4189
0.003534 4187
0.003535 4187
0.003536 4187
0.003537 4187
0.003538 4187
0.003539 4187
0.00354 4189
0.003541 4190
0.003542 4190
0.003543 4190
0.003544 4189
0.003545 4190
0.003546 4190
0.003547 4190
0.003548 4190
0.003549 4190
0.00355 4189
0.003551 4189
0.003552 4188
0.003553 4189
0.003554 4189
0.003555 4188
0.003556 4187
0.003557 4188
0.003558 4188
0.003559 4188
0.00356 4188
0.003561 4188
0.003562 4188
0.003563 4189
0.003564 4188
0.003565 4188
0.003566 4188
0.003567 4189
0.003568 4190
0.003569 4190
0.00357 4191
0.003571 4191
0.003572 4191
0.003573 4191
0.003574 4191
0.003575 4191
0.003576 4191
0.003577 4191
0.003578 4191
0.003579 4190
0.00358 4189
0.003581 4189
0.003582 4189
0.003583 4188
0.003584 4188
0.003585 4188
0.003586 4188
0.003587 4188
0.003588 4186
0.003589 4187
0.00359 4187
0.003591 4186
0.003592 4187
0.003593 4187
0.003594 4187
0.003595 4187
0.003596 4187
0.003597 4187
0.003598 4186
0.003599 4186
0.0036 4186
0.003601 4184
0.003602 4182
0.003603 4183
0.003604 4183
0.003605 4183
0.003606 4184
0.003607 4184
0.003608 4184
0.003609 4184
0.00361 4185
0.003611 4185
0.003612 4187
0.003613 4187
0.003614 4187
0.003615 4187
0.003616 4187
0.003617 4187
0.003618 4185
0.003619 4186
0.00362 4187
0.003621 4187
0.003622 4187
0.003623 4187
0.003624 4186
0.003625 4186
0.003626 4186
0.003627 4185
0.003628 4185
0.003629 4184
0.00363 4185
0.003631 4185
0.003632 4185
0.003633 4186
0.003634 4186
0.003635 4186
0.003636 4186
0.003637 4187
0.003638 4187
0.003639 4187
0.00364 4187
0.003641 4188
0.003642 4188
0.003643 4188
0.003644 4189
0.003645 4189
0.003646 4189
0.003647 4188
0.003648 4187
0.003649 4188
0.00365 4188
0.003651 4188
0.003652 4187
0.003653 4187
0.003654 4187
0.003655 4187
0.003656 4187
0.003657 4187
0.003658 4187
0.003659 4188
0.00366 4187
0.003661 4187
0.003662 4187
0.003663 4187
0.003664 4187
0.003665 4186
0.003666 4187
0.003667 4187
0.003668 4187
0.003669 4186
0.00367 4186
0.003671 4187
0.003672 4187
0.003673 4188
0.003674 4188
0.003675 4188
0.003676 4188
0.003677 4188
0.003678 4188
0.003679 4188
0.00368 4188
0.003681 4188
0.003682 4188
0.003683 4188
0.003684 4189
0.003685 4188
0.003686 4188
0.003687 4189
0.003688 4189
0.003689 4189
0.00369 4189
0.003691 4189
0.003692 4189
0.003693 4189
0.003694 4189
0.003695 4189
0.003696 4188
0.003697 4189
0.003698 4186
0.003699 4186
0.0037 4186
0.003701 4186
0.003702 4187
0.003703 4188
0.003704 4188
0.003705 4188
0.003706 4188
0.003707 4188
0.003708 4188
0.003709 4188
0.00371 4188
0.003711 4189
0.003712 4188
0.003713 4188
0.003714 4188
0.003715 4188
0.003716 4188
0.003717 4189
0.003718 4189
0.003719 4188
0.00372 4188
0.003721 4187
0.003722 4187
0.003723 4187
0.003724 4187
0.003725 4188
0.003726 4189
0.003727 4189
0.003728 4189
0.003729 4189
0.00373 4190
0.003731 4190
0.003732 4190
0.003733 4190
0.003734 4189
0.003735 4188
0.003736 4189
0.003737 4189
0.003738 4189
0.003739 4189
0.00374 4189
0.003741 4189
0.003742 4189
0.003743 4188
0.003744 4189
0.003745 4189
0.003746 4189
0.003747 4189
0.003748 4188
0.003749 4188
0.00375 4189
0.003751 4189
0.003752 4190
0.003753 4190
0.003754 4190
0.003755 4190
0.003756 4190
0.003757 4190
0.003758 4189
0.003759 4189
0.00376 4189
0.003761 4189
0.003762 4190
0.003763 4189
0.003764 4189
0.003765 4189
0.003766 4188
0.003767 4187
0.003768 4187
0.003769 4187
0.00377 4187
0.003771 4187
0.003772 4187
0.003773 4187
0.003774 4186
0.003775 4186
0.003776 4186
0.003777 4186
0.003778 4187
0.003779 4188
0.00378 4187
0.003781 4187
0.003782 4188
0.003783 4189
0.003784 4189
0.003785 4189
0.003786 4189
0.003787 4189
0.003788 4188
0.003789 4189
0.00379 4189
0.003791 4189
0.003792 4189
0.003793 4189
0.003794 4189
0.003795 4190
0.003796 4190
0.003797 4191
0.003798 4191
0.003799 4190
0.0038 4190
0.003801 4190
0.003802 4190
0.003803 4191
0.003804 4191
0.003805 4191
0.003806 4191
0.003807 4191
0.003808 4191
0.003809 4191
0.00381 4191
0.003811 4191
0.003812 4191
0.003813 4191
0.003814 4191
0.003815 4190
0.003816 4190
0.003817 4190
0.003818 4189
0.003819 4189
0.00382 4188
0.003821 4189
0.003822 4189
0.003823 4189
0.003824 4189
0.003825 4189
0.003826 4190
0.003827 4191
0.003828 4191
0.003829 4191
0.00383 4191
0.003831 4191
0.003832 4191
0.003833 4192
0.003834 4191
0.003835 4191
0.003836 4191
0.003837 4191
0.003838 4191
0.003839 4192
0.00384 4192
0.003841 4191
0.003842 4190
0.003843 4190
0.003844 4190
0.003845 4189
0.003846 4188
0.003847 4188
0.003848 4188
0.003849 4187
0.00385 4187
0.003851 4187
0.003852 4187
0.003853 4187
0.003854 4187
0.003855 4187
0.003856 4187
0.003857 4187
0.003858 4187
0.003859 4187
0.00386 4187
0.003861 4188
0.003862 4189
0.003863 4189
0.003864 4189
0.003865 4189
0.003866 4189
0.003867 4189
0.003868 4190
0.003869 4190
0.00387 4190
0.003871 4190
0.003872 4190
0.003873 4190
0.003874 4190
0.003875 4190
0.003876 4189
0.003877 4189
0.003878 4189
0.003879 4189
0.00388 4191
0.003881 4191
0.003882 4192
0.003883 4193
0.003884 4192
0.003885 4192
0.003886 4191
0.003887 4191
0.003888 4191
0.003889 4190
0.00389 4190
0.003891 4190
0.003892 4190
0.003893 4191
0.003894 4190
0.003895 4190
0.003896 4190
0.003897 4190
0.003898 4190
0.003899 4190
0.0039 4190
0.003901 4191
0.003902 4191
0.003903 4192
0.003904 4191
0.003905 4192
0.003906 4192
0.003907 4193
0.003908 4193
0.003909 4193
0.00391 4193
0.003911 4193
0.003912 4193
0.003913 4193
0.003914 4193
0.003915 4194
0.003916 4195
0.003917 4195
0.003918 4195
0.003919 4195
0.00392 4195
0.003921 4194
0.003922 4195
0.003923 4195
0.003924 4195
0.003925 4195
0.003926 4195
0.003927 4195
0.003928 4195
0.003929 4195
0.00393 4194
0.003931 4195
0.003932 4195
0.003933 4195
0.003934 4197
0.003935 4197
0.003936 4198
0.003937 4198
0.003938 4198
0.003939 4198
0.00394 4198
0.003941 4199
0.003942 4199
0.003943 4199
0.003944 4199
0.003945 4199
0.003946 4199
0.003947 4199
0.003948 4198
0.003949 4198
0.00395 4199
0.003951 4199
0.003952 4200
0.003953 4199
0.003954 4199
0.003955 4199
0.003956 4198
0.003957 4198
0.003958 4198
0.003959 4198
0.00396 4198
0.003961 4198
0.003962 4198
0.003963 4199
0.003964 4199
0.003965 4200
0.003966 4199
0.003967 4201
0.003968 4201
0.003969 4201
0.00397 4201
0.003971 4201
0.003972 4201
0.003973 4202
0.003974 4201
0.003975 4201
0.003976 4201
0.003977 4201
0.003978 4202
0.003979 4202
0.00398 4203
0.003981 4203
0.003982 4203
0.003983 4204
0.003984 4204
0.003985 4204
0.003986 4204
0.003987 4203
0.003988 4202
0.003989 4202
0.00399 4202
0.003991 4202
0.003992 4202
0.003993 4202
0.003994 4202
0.003995 4203
0.003996 4203
0.003997 4203
0.003998 4203
0.003999 4203
0.004 4203
0.004001 4203
0.004002 4203
0.004003 4204
0.004004 4204
0.004005 4204
0.004006 4204
0.004007 4204
0.004008 4204
0.004009 4204
0.00401 4204
0.004011 4204
0.004012 4204
0.004013 4205
0.004014 4204
0.004015 4204
0.004016 4204
0.004017 4203
0.004018 4203
0.004019 4203
0.00402 4203
0.004021 4203
0.004022 4202
0.004023 4202
0.004024 4202
0.004025 4202
0.004026 4202
0.004027 4202
0.004028 4202
0.004029 4201
0.00403 4201
0.004031 4201
0.004032 4201
0.004033 4201
0.004034 4201
0.004035 4201
0.004036 4200
0.004037 4199
0.004038 4199
0.004039 4199
0.00404 4197
0.004041 4197
0.004042 4197
0.004043 4197
0.004044 4197
0.004045 4197
0.004046 4196
0.004047 4196
0.004048 4197
0.004049 4197
0.00405 4197
0.004051 4197
0.004052 4197
0.004053 4198
0.004054 4198
0.004055 4198
0.004056 4198
0.004057 4198
0.004058 4198
0.004059 4198
0.00406 4198
0.004061 4198
0.004062 4198
0.004063 4198
0.004064 4198
0.004065 4199
0.004066 4199
0.004067 4199
0.004068 4198
0.004069 4198
0.00407 4198
0.004071 4198
0.004072 4197
0.004073 4197
0.004074 4197
0.004075 4197
0.004076 4197
0.004077 4197
0.004078 4198
0.004079 4198
0.00408 4199
0.004081 4199
0.004082 4199
0.004083 4199
0.004084 4199
0.004085 4200
0.004086 4200
0.004087 4200
0.004088 4200
0.004089 4200
0.00409 4200
0.004091 4199
0.004092 4199
0.004093 4199
0.004094 4199
0.004095 4199
0.004096 4199
0.004097 4200
0.004098 4200
0.004099 4199
0.0041 4199
0.004101 4199
0.004102 4199
0.004103 4199
0.004104 4199
0.004105 4199
0.004106 4200
0.004107 4200
0.004108 4200
0.004109 4199
0.00411 4200
0.004111 4201
0.004112 4201
0.004113 4201
0.004114 4201
0.004115 4200
0.004116 4200
0.004117 4200
0.004118 4199
0.004119 4199
0.00412 4199
0.004121 4199
0.004122 4197
0.004123 4197
0.004124 4196
0.004125 4196
0.004126 4195
0.004127 4194
0.004128 4196
0.004129 4196
0.00413 4196
0.004131 4196
0.004132 4196
0.004133 4196
0.004134 4195
0.004135 4195
0.004136 4197
0.004137 4197
0.004138 4197
0.004139 4198
0.00414 4197
0.004141 4197
0.004142 4197
0.004143 4197
0.004144 4197
0.004145 4196
0.004146 4195
0.004147 4194
0.004148 4193
0.004149 4194
0.00415 4194
0.004151 4194
0.004152 4194
0.004153 4194
0.004154 4193
0.004155 4193
0.004156 4193
0.004157 4193
0.004158 4191
0.004159 4192
0.00416 4192
0.004161 4193
0.004162 4194
0.004163 4194
0.004164 4194
0.004165 4194
0.004166 4194
0.004167 4194
0.004168 4194
0.004169 4196
0.00417 4196
0.004171 4196
0.004172 4196
0.004173 4196
0.004174 4196
0.004175 4196
0.004176 4196
0.004177 4196
0.004178 4194
0.004179 4193
0.00418 4193
0.004181 4194
0.004182 4194
0.004183 4194
0.004184 4194
0.004185 4194
0.004186 4193
0.004187 4193
0.004188 4193
0.004189 4193
0.00419 4195
0.004191 4195
0.004192 4195
0.004193 4195
0.004194 4196
0.004195 4194
0.004196 4194
0.004197 4193
0.004198 4193
0.004199 4193
0.0042 4193
0.004201 4193
0.004202 4193
0.004203 4194
0.004204 4194
0.004205 4194
0.004206 4194
0.004207 4194
0.004208 4194
0.004209 4194
0.00421 4194
0.004211 4194
0.004212 4194
0.004213 4194
0.004214 4195
0.004215 4195
0.004216 4195
0.004217 4195
0.004218 4195
0.004219 4195
0.00422 4195
0.004221 4195
0.004222 4195
0.004223 4195
0.004224 4195
0.004225 4195
0.004226 4195
0.004227 4195
0.004228 4194
0.004229 4194
0.00423 4194
0.004231 4194
0.004232 4195
0.004233 4195
0.004234 4195
0.004235 4196
0.004236 4195
0.004237 4195
0.004238 4195
0.004239 4195
0.00424 4194
0.004241 4194
0.004242 4193
0.004243 4193
0.004244 4193
0.004245 4193
0.004246 4193
0.004247 4193
0.004248 4192
0.004249 4192
0.00425 4192
0.004251 4192
0.004252 4192
0.004253 4193
0.004254 4194
0.004255 4194
0.004256 4195
0.004257 4196
0.004258 4196
0.004259 4196
0.00426 4194
0.004261 4193
0.004262 4194
0.004263 4194
0.004264 4195
0.004265 4195
0.004266 4194
0.004267 4194
0.004268 4194
0.004269 4195
0.00427 4195
0.004271 4195
0.004272 4195
0.004273 4195
0.004274 4195
0.004275 4194
0.004276 4194
0.004277 4194
0.004278 4194
0.004279 4195
0.00428 4196
0.004281 4197
0.004282 4197
0.004283 4197
0.004284 4197
0.004285 4197
0.004286 4197
0.004287 4197
0.004288 4197
0.004289 4197
0.00429 4197
0.004291 4197
0.004292 4197
0.004293 4198
0.004294 4198
0.004295 4197
0.004296 4197
0.004297 4197
0.004298 4196
0.004299 4196
0.0043 4196
0.004301 4195
0.004302 4195
0.004303 4195
0.004304 4196
0.004305 4196
0.004306 4195
0.004307 4197
0.004308 4197
0.004309 4197
0.00431 4197
0.004311 4197
0.004312 4197
0.004313 4197
0.004314 4197
0.004315 4198
0.004316 4198
0.004317 4198
0.004318 4198
0.004319 4198
0.00432 4198
0.004321 4197
0.004322 4197
0.004323 4197
0.004324 4197
0.004325 4197
0.004326 4197
0.004327 4198
0.004328 4198
0.004329 4198
0.00433 4198
0.004331 4198
0.004332 4198
0.004333 4198
0.004334 4198
0.004335 4198
0.004336 4198
0.004337 4198
0.004338 4197
0.004339 4197
0.00434 4197
0.004341 4197
0.004342 4198
0.004343 4198
0.004344 4197
0.004345 4197
0.004346 4197
0.004347 4197
0.004348 4196
0.004349 4196
0.00435 4194
0.004351 4194
0.004352 4194
0.004353 4194
0.004354 4194
0.004355 4193
0.004356 4193
0.004357 4195
0.004358 4195
0.004359 4195
0.00436 4194
0.004361 4195
0.004362 4196
0.004363 4194
0.004364 4194
0.004365 4193
0.004366 4193
0.004367 4193
0.004368 4193
0.004369 4193
0.00437 4193
0.004371 4193
0.004372 4194
0.004373 4194
0.004374 4193
0.004375 4194
0.004376 4195
0.004377 4195
0.004378 4196
0.004379 4196
0.00438 4196
0.004381 4196
0.004382 4197
0.004383 4197
0.004384 4197
0.004385 4197
0.004386 4196
0.004387 4196
0.004388 4196
0.004389 4196
0.00439 4195
0.004391 4195
0.004392 4194
0.004393 4194
0.004394 4194
0.004395 4193
0.004396 4193
0.004397 4193
0.004398 4193
0.004399 4193
0.0044 4193
0.004401 4193
0.004402 4193
0.004403 4193
0.004404 4193
0.004405 4193
0.004406 4193
0.004407 4193
0.004408 4193
0.004409 4192
0.00441 4192
0.004411 4192
0.004412 4192
0.004413 4193
0.004414 4194
0.004415 4194
0.004416 4194
0.004417 4194
0.004418 4195
0.004419 4195
0.00442 4196
0.004421 4196
0.004422 4196
0.004423 4197
0.004424 4197
0.004425 4196
0.004426 4197
0.004427 4197
0.004428 4197
0.004429 4197
0.00443 4198
0.004431 4199
0.004432 4198
0.004433 4196
0.004434 4196
0.004435 4195
0.004436 4195
0.004437 4195
0.004438 4195
0.004439 4195
0.00444 4195
0.004441 4195
0.004442 4195
0.004443 4194
0.004444 4194
0.004445 4194
0.004446 4194
0.004447 4193
0.004448 4193
0.004449 4193
0.00445 4192
0.004451 4192
0.004452 4191
0.004453 4191
0.004454 4191
0.004455 4191
0.004456 4192
0.004457 4191
0.004458 4191
0.004459 4191
0.00446 4190
0.004461 4190
0.004462 4190
0.004463 4190
0.004464 4190
0.004465 4190
0.004466 4190
0.004467 4190
0.004468 4190
0.004469 4190
0.00447 4190
0.004471 4190
0.004472 4190
0.004473 4190
0.004474 4190
0.004475 4189
0.004476 4189
0.004477 4189
0.004478 4189
0.004479 4189
0.00448 4189
0.004481 4189
0.004482 4189
0.004483 4189
0.004484 4189
0.004485 4190
0.004486 4191
0.004487 4190
0.004488 4191
0.004489 4191
0.00449 4190
0.004491 4189
0.004492 4189
0.004493 4189
0.004494 4189
0.004495 4189
0.004496 4189
0.004497 4189
0.004498 4189
0.004499 4190
0.0045 4190
0.004501 4191
0.004502 4191
0.004503 4191
0.004504 4190
0.004505 4190
0.004506 4190
0.004507 4189
0.004508 4189
0.004509 4189
0.00451 4188
0.004511 4189
0.004512 4189
0.004513 4189
0.004514 4188
0.004515 4188
0.004516 4186
0.004517 4186
0.004518 4186
0.004519 4187
0.00452 4187
0.004521 4187
0.004522 4187
0.004523 4187
0.004524 4187
0.004525 4187
0.004526 4187
0.004527 4189
0.004528 4188
0.004529 4188
0.00453 4188
0.004531 4187
0.004532 4186
0.004533 4187
0.004534 4188
0.004535 4187
0.004536 4187
0.004537 4187
0.004538 4187
0.004539 4188
0.00454 4187
0.004541 4187
0.004542 4188
0.004543 4189
0.004544 4189
0.004545 4189
0.004546 4189
0.004547 4189
0.004548 4190
0.004549 4190
0.00455 4190
0.004551 4190
0.004552 4190
0.004553 4190
0.004554 4190
0.004555 4191
0.004556 4191
0.004557 4191
0.004558 4191
0.004559 4191
0.00456 4190
0.004561 4189
0.004562 4189
0.004563 4189
0.004564 4189
0.004565 4189
0.004566 4187
0.004567 4186
0.004568 4185
0.004569 4185
0.00457 4185
0.004571 4185
0.004572 4184
0.004573 4184
0.004574 4184
0.004575 4184
0.004576 4184
0.004577 4184
0.004578 4184
0.004579 4184
0.00458 4184
0.004581 4185
0.004582 4185
0.004583 4185
0.004584 4185
0.004585 4185
0.004586 4185
0.004587 4185
0.004588 4186
0.004589 4186
0.00459 4185
0.004591 4185
0.004592 4185
0.004593 4185
0.004594 4185
0.004595 4185
0.004596 4186
0.004597 4187
0.004598 4186
0.004599 4185
0.0046 4186
0.004601 4186
0.004602 4186
0.004603 4186
0.004604 4186
0.004605 4186
0.004606 4186
0.004607 4188
0.004608 4188
0.004609 4189
0.00461 4188
0.004611 4187
0.004612 4187
0.004613 4186
0.004614 4185
0.004615 4184
0.004616 4185
0.004617 4184
0.004618 4185
0.004619 4185
0.00462 4184
0.004621 4184
0.004622 4184
0.004623 4183
0.004624 4184
0.004625 4183
0.004626 4182
0.004627 4182
0.004628 4182
0.004629 4183
0.00463 4183
0.004631 4183
0.004632 4183
0.004633 4183
0.004634 4183
0.004635 4183
0.004636 4182
0.004637 4181
0.004638 4181
0.004639 4181
0.00464 4181
0.004641 4183
0.004642 4183
0.004643 4185
0.004644 4186
0.004645 4186
0.004646 4185
0.004647 4185
0.004648 4185
0.004649 4186
0.00465 4186
0.004651 4186
0.004652 4186
0.004653 4186
0.004654 4186
0.004655 4186
0.004656 4185
0.004657 4185
0.004658 4185
0.004659 4185
0.00466 4185
0.004661 4186
0.004662 4186
0.004663 4185
0.004664 4184
0.004665 4184
0.004666 4184
0.004667 4184
0.004668 4184
0.004669 4184
0.00467 4183
0.004671 4182
0.004672 4182
0.004673 4181
0.004674 4181
0.004675 4179
0.004676 4180
0.004677 4180
0.004678 4180
0.004679 4180
0.00468 4179
0.004681 4179
0.004682 4179
0.004683 4179
0.004684 4178
0.004685 4178
0.004686 4178
0.004687 4178
0.004688 4178
0.004689 4178
0.00469 4178
0.004691 4178
0.004692 4178
0.004693 4177
0.004694 4178
0.004695 4178
0.004696 4177
0.004697 4177
0.004698 4176
0.004699 4175
0.0047 4175
0.004701 4175
0.004702 4175
0.004703 4176
0.004704 4177
0.004705 4177
0.004706 4177
0.004707 4177
0.004708 4177
0.004709 4177
0.00471 4177
0.004711 4176
0.004712 4176
0.004713 4177
0.004714 4179
0.004715 4180
0.004716 4180
0.004717 4180
0.004718 4180
0.004719 4180
0.00472 4181
0.004721 4181
0.004722 4181
0.004723 4181
0.004724 4181
0.004725 4181
0.004726 4180
0.004727 4180
0.004728 4180
0.004729 4180
0.00473 4180
0.004731 4180
0.004732 4181
0.004733 4181
0.004734 4182
0.004735 4181
0.004736 4181
0.004737 4181
0.004738 4181
0.004739 4181
0.00474 4181
0.004741 4181
0.004742 4181
0.004743 4180
0.004744 4180
0.004745 4180
0.004746 4181
0.004747 4181
0.004748 4182
0.004749 4182
0.00475 4182
0.004751 4181
0.004752 4182
0.004753 4182
0.004754 4182
0.004755 4181
0.004756 4182
0.004757 4182
0.004758 4182
0.004759 4182
0.00476 4182
0.004761 4182
0.004762 4183
0.004763 4182
0.004764 4182
0.004765 4181
0.004766 4181
0.004767 4180
0.004768 4180
0.004769 4180
0.00477 4179
0.004771 4178
0.004772 4178
0.004773 4178
0.004774 4180
0.004775 4182
0.004776 4182
0.004777 4182
0.004778 4183
0.004779 4183
0.00478 4183
0.004781 4183
0.004782 4183
0.004783 4182
0.004784 4182
0.004785 4181
0.004786 4181
0.004787 4181
0.004788 4180
0.004789 4180
0.00479 4179
0.004791 4179
0.004792 4179
0.004793 4179
0.004794 4178
0.004795 4178
0.004796 4178
0.004797 4177
0.004798 4176
0.004799 4176
0.0048 4176
0.004801 4177
0.004802 4177
0.004803 4176
0.004804 4176
0.004805 4176
0.004806 4176
0.004807 4175
0.004808 4175
0.004809 4176
0.00481 4176
0.004811 4176
0.004812 4176
0.004813 4176
0.004814 4176
0.004815 4176
0.004816 4175
0.004817 4175
0.004818 4175
0.004819 4175
0.00482 4175
0.004821 4175
0.004822 4175
0.004823 4175
0.004824 4176
0.004825 4175
0.004826 4175
0.004827 4175
0.004828 4174
0.004829 4174
0.00483 4174
0.004831 4176
0.004832 4175
0.004833 4175
0.004834 4174
0.004835 4174
0.004836 4174
0.004837 4173
0.004838 4173
0.004839 4173
0.00484 4173
0.004841 4172
0.004842 4172
0.004843 4171
0.004844 4171
0.004845 4171
0.004846 4172
0.004847 4172
0.004848 4172
0.004849 4172
0.00485 4173
0.004851 4172
0.004852 4172
0.004853 4172
0.004854 4172
0.004855 4172
0.004856 4171
0.004857 4173
0.004858 4173
0.004859 4173
0.00486 4173
0.004861 4173
0.004862 4173
0.004863 4173
0.004864 4174
0.004865 4174
0.004866 4174
0.004867 4175
0.004868 4176
0.004869 4176
0.00487 4177
0.004871 4177
0.004872 4177
0.004873 4177
0.004874 4177
0.004875 4177
0.004876 4177
0.004877 4177
0.004878 4177
0.004879 4178
0.00488 4178
0.004881 4178
0.004882 4178
0.004883 4178
0.004884 4178
0.004885 4177
0.004886 4177
0.004887 4178
0.004888 4178
0.004889 4177
0.00489 4178
0.004891 4178
0.004892 4179
0.004893 4179
0.004894 4178
0.004895 4177
0.004896 4177
0.004897 4177
0.004898 4178
0.004899 4178
0.0049 4178
0.004901 4178
0.004902 4179
0.004903 4179
0.004904 4180
0.004905 4180
0.004906 4180
0.004907 4180
0.004908 4182
0.004909 4183
0.00491 4183
0.004911 4183
0.004912 4183
0.004913 4182
0.004914 4180
0.004915 4180
0.004916 4180
0.004917 4180
0.004918 4180
0.004919 4181
0.00492 4181
0.004921 4181
0.004922 4182
0.004923 4182
0.004924 4182
0.004925 4182
0.004926 4182
0.004927 4181
0.004928 4181
0.004929 4181
0.00493 4181
0.004931 4181
0.004932 4180
0.004933 4180
0.004934 4179
0.004935 4177
0.004936 4177
0.004937 4179
0.004938 4179
0.004939 4179
0.00494 4177
0.004941 4177
0.004942 4176
0.004943 4176
0.004944 4175
0.004945 4175
0.004946 4176
0.004947 4176
0.004948 4176
0.004949 4176
0.00495 4176
0.004951 4175
0.004952 4175
0.004953 4175
0.004954 4175
0.004955 4175
0.004956 4175
0.004957 4174
0.004958 4174
0.004959 4174
0.00496 4174
0.004961 4174
0.004962 4174
0.004963 4175
0.004964 4177
0.004965 4177
0.004966 4178
0.004967 4179
0.004968 4179
0.004969 4180
0.00497 4180
0.004971 4180
0.004972 4180
0.004973 4181
0.004974 4180
0.004975 4180
0.004976 4180
0.004977 4180
0.004978 4180
0.004979 4181
0.00498 4181
0.004981 4181
0.004982 4181
0.004983 4181
0.004984 4181
0.004985 4181
0.004986 4181
0.004987 4181
0.004988 4180
0.004989 4180
0.00499 4180
0.004991 4178
0.004992 4178
0.004993 4178
0.004994 4177
0.004995 4176
0.004996 4177
0.004997 4177
0.004998 4177
0.004999 4177
0.005 4177
