0 339
1e-06 344
2e-06 346
3e-06 348
4e-06 350
5e-06 352
6e-06 355
7e-06 359
8e-06 359
9e-06 362
1e-05 365
1.1e-05 368
1.2e-05 370
1.3e-05 372
1.4e-05 376
1.5e-05 380
1.6e-05 383
1.7e-05 383
1.8e-05 388
1.9e-05 395
2e-05 398
2.1e-05 403
2.2e-05 404
2.3e-05 406
2.4e-05 410
2.5e-05 411
2.6e-05 414
2.7e-05 415
2.8e-05 418
2.9e-05 420
3e-05 425
3.1e-05 430
3.2e-05 432
3.3e-05 433
3.4e-05 434
3.5e-05 436
3.6e-05 440
3.7e-05 441
3.8e-05 444
3.9e-05 446
4e-05 452
4.1e-05 454
4.2e-05 454
4.3e-05 458
4.4e-05 458
4.5e-05 461
4.6e-05 463
4.7e-05 468
4.8e-05 470
4.9e-05 472
5e-05 475
5.1e-05 477
5.2e-05 480
5.3e-05 482
5.4e-05 483
5.5e-05 485
5.6e-05 485
5.7e-05 486
5.8e-05 488
5.9e-05 490
6e-05 489
6.1e-05 492
6.2e-05 495
6.3e-05 497
6.4e-05 498
6.5e-05 500
6.6e-05 505
6.7e-05 506
6.8e-05 509
6.9e-05 510
7e-05 512
7.1e-05 518
7.2e-05 518
7.3e-05 518
7.4e-05 523
7.5e-05 528
7.6e-05 530
7.7e-05 535
7.8e-05 538
7.9e-05 541
8e-05 544
8.1e-05 546
8.2e-05 548
8.3e-05 550
8.4e-05 551
8.5e-05 559
8.6e-05 561
8.7e-05 562
8.8e-05 562
8.9e-05 564
9e-05 566
9.1e-05 568
9.2e-05 571
9.3e-05 572
9.4e-05 575
9.5e-05 576
9.6e-05 577
9.7e-05 579
9.8e-05 580
9.9e-05 583
0.0001 583
0.000101 583
0.000102 583
0.000103 583
0.000104 583
0.000105 583
0.000106 585
0.000107 587
0.000108 587
0.000109 590
0.00011 591
0.000111 591
0.000112 593
0.000113 597
0.000114 599
0.000115 600
0.000116 603
0.000117 604
0.000118 607
0.000119 607
0.00012 608
0.000121 609
0.000122 614
0.000123 615
0.000124 617
0.000125 619
0.000126 621
0.000127 625
0.000128 625
0.000129 625
0.00013 626
0.000131 628
0.000132 631
0.000133 635
0.000134 636
0.000135 637
0.000136 637
0.000137 638
0.000138 640
0.000139 641
0.00014 643
0.000141 643
0.000142 644
0.000143 645
0.000144 645
0.000145 648
0.000146 648
0.000147 647
0.000148 648
0.000149 648
0.00015 649
0.000151 651
0.000152 651
0.000153 652
0.000154 654
0.000155 655
0.000156 657
0.000157 660
0.000158 661
0.000159 663
0.00016 666
0.000161 667
0.000162 669
0.000163 670
0.000164 672
0.000165 674
0.000166 677
0.000167 680
0.000168 680
0.000169 680
0.00017 681
0.000171 683
0.000172 686
0.000173 686
0.000174 687
0.000175 687
0.000176 688
0.000177 688
0.000178 690
0.000179 691
0.00018 694
0.000181 695
0.000182 695
0.000183 695
0.000184 696
0.000185 698
0.000186 699
0.000187 699
0.000188 701
0.000189 703
0.00019 705
0.000191 707
0.000192 708
0.000193 711
0.000194 711
0.000195 712
0.000196 713
0.000197 714
0.000198 714
0.000199 714
0.0002 715
0.000201 715
0.000202 715
0.000203 717
0.000204 716
0.000205 719
0.000206 721
0.000207 722
0.000208 725
0.000209 726
0.00021 726
0.000211 725
0.000212 726
0.000213 727
0.000214 727
0.000215 728
0.000216 729
0.000217 730
0.000218 732
0.000219 732
0.00022 732
0.000221 733
0.000222 733
0.000223 734
0.000224 736
0.000225 737
0.000226 737
0.000227 737
0.000228 740
0.000229 740
0.00023 743
0.000231 746
0.000232 748
0.000233 749
0.000234 748
0.000235 748
0.000236 751
0.000237 753
0.000238 755
0.000239 757
0.00024 757
0.000241 758
0.000242 758
0.000243 758
0.000244 758
0.000245 760
0.000246 761
0.000247 762
0.000248 762
0.000249 763
0.00025 763
0.000251 763
0.000252 765
0.000253 766
0.000254 766
0.000255 766
0.000256 767
0.000257 768
0.000258 768
0.000259 770
0.00026 770
0.000261 770
0.000262 769
0.000263 770
0.000264 771
0.000265 771
0.000266 771
0.000267 773
0.000268 774
0.000269 775
0.00027 777
0.000271 778
0.000272 778
0.000273 779
0.000274 781
0.000275 783
0.000276 785
0.000277 786
0.000278 786
0.000279 785
0.00028 785
0.000281 786
0.000282 786
0.000283 786
0.000284 786
0.000285 787
0.000286 787
0.000287 787
0.000288 787
0.000289 787
0.00029 788
0.000291 789
0.000292 789
0.000293 790
0.000294 790
0.000295 791
0.000296 791
0.000297 791
0.000298 791
0.000299 791
0.0003 794
0.000301 794
0.000302 794
0.000303 797
0.000304 797
0.000305 797
0.000306 796
0.000307 798
0.000308 798
0.000309 798
0.00031 799
0.000311 799
0.000312 802
0.000313 803
0.000314 803
0.000315 802
0.000316 803
0.000317 803
0.000318 803
0.000319 804
0.00032 805
0.000321 805
0.000322 805
0.000323 804
0.000324 803
0.000325 803
0.000326 803
0.000327 804
0.000328 804
0.000329 804
0.00033 805
0.000331 805
0.000332 805
0.000333 806
0.000334 806
0.000335 806
0.000336 806
0.000337 807
0.000338 807
0.000339 806
0.00034 806
0.000341 806
0.000342 806
0.000343 806
0.000344 806
0.000345 806
0.000346 808
0.000347 808
0.000348 809
0.000349 809
0.00035 809
0.000351 809
0.000352 809
0.000353 810
0.000354 810
0.000355 811
0.000356 811
0.000357 812
0.000358 812
0.000359 813
0.00036 813
0.000361 813
0.000362 813
0.000363 815
0.000364 815
0.000365 814
0.000366 815
0.000367 816
0.000368 816
0.000369 815
0.00037 817
0.000371 817
0.000372 818
0.000373 818
0.000374 819
0.000375 819
0.000376 820
0.000377 822
0.000378 824
0.000379 824
0.00038 824
0.000381 825
0.000382 825
0.000383 825
0.000384 826
0.000385 827
0.000386 827
0.000387 827
0.000388 827
0.000389 827
0.00039 827
0.000391 828
0.000392 828
0.000393 829
0.000394 829
0.000395 831
0.000396 830
0.000397 831
0.000398 832
0.000399 832
0.0004 832
0.000401 832
0.000402 831
0.000403 831
0.000404 831
0.000405 832
0.000406 832
0.000407 832
0.000408 832
0.000409 832
0.00041 832
0.000411 833
0.000412 833
0.000413 833
0.000414 833
0.000415 833
0.000416 833
0.000417 833
0.000418 834
0.000419 835
0.00042 835
0.000421 836
0.000422 836
0.000423 836
0.000424 837
0.000425 837
0.000426 837
0.000427 837
0.000428 837
0.000429 837
0.00043 837
0.000431 837
0.000432 838
0.000433 838
0.000434 839
0.000435 839
0.000436 839
0.000437 839
0.000438 839
0.000439 839
0.00044 839
0.000441 839
0.000442 839
0.000443 839
0.000444 841
0.000445 841
0.000446 841
0.000447 842
0.000448 843
0.000449 843
0.00045 843
0.000451 843
0.000452 844
0.000453 844
0.000454 844
0.000455 844
0.000456 845
0.000457 846
0.000458 846
0.000459 846
0.00046 846
0.000461 847
0.000462 847
0.000463 848
0.000464 848
0.000465 848
0.000466 848
0.000467 848
0.000468 848
0.000469 848
0.00047 849
0.000471 849
0.000472 849
0.000473 849
0.000474 850
0.000475 850
0.000476 851
0.000477 851
0.000478 851
0.000479 851
0.00048 851
0.000481 851
0.000482 850
0.000483 850
0.000484 850
0.000485 850
0.000486 850
0.000487 849
0.000488 849
0.000489 850
0.00049 850
0.000491 851
0.000492 852
0.000493 852
0.000494 852
0.000495 852
0.000496 852
0.000497 852
0.000498 853
0.000499 852
0.0005 853
0.000501 853
0.000502 853
0.000503 853
0.000504 854
0.000505 853
0.000506 853
0.000507 853
0.000508 853
0.000509 853
0.00051 854
0.000511 854
0.000512 854
0.000513 854
0.000514 855
0.000515 854
0.000516 854
0.000517 854
0.000518 854
0.000519 854
0.00052 855
0.000521 855
0.000522 855
0.000523 855
0.000524 855
0.000525 855
0.000526 855
0.000527 855
0.000528 855
0.000529 856
0.00053 856
0.000531 857
0.000532 859
0.000533 859
0.000534 859
0.000535 859
0.000536 859
0.000537 859
0.000538 859
0.000539 860
0.00054 860
0.000541 860
0.000542 860
0.000543 861
0.000544 861
0.000545 861
0.000546 861
0.000547 861
0.000548 862
0.000549 862
0.00055 861
0.000551 861
0.000552 861
0.000553 862
0.000554 862
0.000555 862
0.000556 863
0.000557 862
0.000558 862
0.000559 862
0.00056 862
0.000561 862
0.000562 862
0.000563 862
0.000564 862
0.000565 862
0.000566 862
0.000567 862
0.000568 862
0.000569 861
0.00057 860
0.000571 860
0.000572 860
0.000573 860
0.000574 860
0.000575 860
0.000576 860
0.000577 861
0.000578 861
0.000579 861
0.00058 861
0.000581 861
0.000582 861
0.000583 861
0.000584 861
0.000585 861
0.000586 862
0.000587 862
0.000588 863
0.000589 864
0.00059 864
0.000591 865
0.000592 865
0.000593 865
0.000594 865
0.000595 865
0.000596 865
0.000597 865
0.000598 865
0.000599 865
0.0006 865
0.000601 865
0.000602 865
0.000603 865
0.000604 865
0.000605 866
0.000606 866
0.000607 866
0.000608 866
0.000609 866
0.00061 866
0.000611 866
0.000612 868
0.000613 868
0.000614 868
0.000615 868
0.000616 868
0.000617 867
0.000618 867
0.000619 867
0.00062 867
0.000621 867
0.000622 867
0.000623 867
0.000624 867
0.000625 868
0.000626 868
0.000627 868
0.000628 868
0.000629 868
0.00063 869
0.000631 869
0.000632 870
0.000633 869
0.000634 869
0.000635 869
0.000636 869
0.000637 868
0.000638 868
0.000639 868
0.00064 869
0.000641 869
0.000642 869
0.000643 869
0.000644 869
0.000645 869
0.000646 869
0.000647 869
0.000648 869
0.000649 869
0.00065 869
0.000651 869
0.000652 869
0.000653 869
0.000654 870
0.000655 870
0.000656 870
0.000657 870
0.000658 870
0.000659 870
0.00066 870
0.000661 870
0.000662 870
0.000663 870
0.000664 869
0.000665 869
0.000666 870
0.000667 870
0.000668 870
0.000669 871
0.00067 871
0.000671 871
0.000672 871
0.000673 871
0.000674 871
0.000675 872
0.000676 872
0.000677 872
0.000678 871
0.000679 871
0.00068 871
0.000681 871
0.000682 871
0.000683 871
0.000684 871
0.000685 871
0.000686 871
0.000687 871
0.000688 870
0.000689 870
0.00069 870
0.000691 870
0.000692 870
0.000693 870
0.000694 870
0.000695 870
0.000696 870
0.000697 870
0.000698 870
0.000699 870
0.0007 870
0.000701 870
0.000702 870
0.000703 870
0.000704 871
0.000705 871
0.000706 871
0.000707 871
0.000708 871
0.000709 871
0.00071 871
0.000711 871
0.000712 873
0.000713 873
0.000714 873
0.000715 873
0.000716 873
0.000717 873
0.000718 873
0.000719 873
0.00072 873
0.000721 873
0.000722 873
0.000723 873
0.000724 873
0.000725 873
0.000726 873
0.000727 873
0.000728 873
0.000729 873
0.00073 874
0.000731 874
0.000732 874
0.000733 874
0.000734 874
0.000735 874
0.000736 873
0.000737 873
0.000738 873
0.000739 873
0.00074 873
0.000741 873
0.000742 873
0.000743 873
0.000744 873
0.000745 874
0.000746 874
0.000747 874
0.000748 874
0.000749 874
0.00075 874
0.000751 874
0.000752 874
0.000753 874
0.000754 874
0.000755 874
0.000756 874
0.000757 874
0.000758 874
0.000759 874
0.00076 874
0.000761 875
0.000762 875
0.000763 875
0.000764 875
0.000765 875
0.000766 875
0.000767 875
0.000768 875
0.000769 875
0.00077 876
0.000771 876
0.000772 876
0.000773 876
0.000774 876
0.000775 875
0.000776 875
0.000777 875
0.000778 875
0.000779 875
0.00078 875
0.000781 875
0.000782 875
0.000783 875
0.000784 875
0.000785 875
0.000786 875
0.000787 875
0.000788 875
0.000789 875
0.00079 875
0.000791 875
0.000792 875
0.000793 875
0.000794 875
0.000795 875
0.000796 875
0.000797 875
0.000798 875
0.000799 875
0.0008 875
0.000801 875
0.000802 875
0.000803 875
0.000804 875
0.000805 875
0.000806 875
0.000807 875
0.000808 875
0.000809 875
0.00081 875
0.000811 874
0.000812 874
0.000813 874
0.000814 874
0.000815 874
0.000816 874
0.000817 874
0.000818 874
0.000819 874
0.00082 874
0.000821 874
0.000822 874
0.000823 874
0.000824 875
0.000825 875
0.000826 875
0.000827 876
0.000828 876
0.000829 876
0.00083 876
0.000831 876
0.000832 876
0.000833 876
0.000834 876
0.000835 876
0.000836 876
0.000837 876
0.000838 876
0.000839 876
0.00084 876
0.000841 876
0.000842 876
0.000843 876
0.000844 876
0.000845 877
0.000846 876
0.000847 876
0.000848 876
0.000849 876
0.00085 876
0.000851 876
0.000852 876
0.000853 876
0.000854 876
0.000855 876
0.000856 876
0.000857 876
0.000858 876
0.000859 876
0.00086 876
0.000861 876
0.000862 876
0.000863 876
0.000864 876
0.000865 876
0.000866 876
0.000867 876
0.000868 876
0.000869 877
0.00087 877
0.000871 877
0.000872 877
0.000873 877
0.000874 877
0.000875 877
0.000876 876
0.000877 876
0.000878 876
0.000879 876
0.00088 876
0.000881 877
0.000882 877
0.000883 877
0.000884 877
0.000885 877
0.000886 877
0.000887 877
0.000888 877
0.000889 876
0.00089 876
0.000891 875
0.000892 874
0.000893 874
0.000894 874
0.000895 873
0.000896 872
0.000897 872
0.000898 872
0.000899 872
0.0009 871
0.000901 871
0.000902 872
0.000903 872
0.000904 872
0.000905 872
0.000906 872
0.000907 872
0.000908 872
0.000909 872
0.00091 872
0.000911 872
0.000912 872
0.000913 872
0.000914 872
0.000915 872
0.000916 872
0.000917 872
0.000918 873
0.000919 873
0.00092 873
0.000921 873
0.000922 873
0.000923 873
0.000924 873
0.000925 873
0.000926 873
0.000927 873
0.000928 873
0.000929 873
0.00093 873
0.000931 873
0.000932 873
0.000933 873
0.000934 873
0.000935 873
0.000936 874
0.000937 874
0.000938 874
0.000939 874
0.00094 874
0.000941 874
0.000942 874
0.000943 875
0.000944 875
0.000945 875
0.000946 875
0.000947 875
0.000948 876
0.000949 876
0.00095 876
0.000951 876
0.000952 876
0.000953 876
0.000954 876
0.000955 876
0.000956 876
0.000957 876
0.000958 876
0.000959 875
0.00096 875
0.000961 875
0.000962 874
0.000963 874
0.000964 875
0.000965 875
0.000966 875
0.000967 876
0.000968 876
0.000969 876
0.00097 876
0.000971 876
0.000972 875
0.000973 875
0.000974 874
0.000975 874
0.000976 873
0.000977 873
0.000978 874
0.000979 874
0.00098 874
0.000981 874
0.000982 873
0.000983 873
0.000984 874
0.000985 874
0.000986 874
0.000987 874
0.000988 874
0.000989 874
0.00099 874
0.000991 874
0.000992 874
0.000993 874
0.000994 874
0.000995 874
0.000996 874
0.000997 874
0.000998 874
0.000999 873
0.001 873
0.001001 873
0.001002 873
0.001003 874
0.001004 873
0.001005 873
0.001006 873
0.001007 873
0.001008 873
0.001009 873
0.00101 873
0.001011 873
0.001012 872
0.001013 872
0.001014 872
0.001015 872
0.001016 872
0.001017 872
0.001018 872
0.001019 873
0.00102 873
0.001021 873
0.001022 873
0.001023 873
0.001024 873
0.001025 873
0.001026 873
0.001027 873
0.001028 873
0.001029 873
0.00103 873
0.001031 873
0.001032 873
0.001033 873
0.001034 873
0.001035 873
0.001036 873
0.001037 873
0.001038 873
0.001039 873
0.00104 873
0.001041 873
0.001042 873
0.001043 872
0.001044 872
0.001045 872
0.001046 872
0.001047 872
0.001048 871
0.001049 871
0.00105 871
0.001051 871
0.001052 871
0.001053 871
0.001054 871
0.001055 870
0.001056 871
0.001057 871
0.001058 872
0.001059 872
0.00106 872
0.001061 872
0.001062 872
0.001063 872
0.001064 872
0.001065 872
0.001066 872
0.001067 872
0.001068 872
0.001069 872
0.00107 872
0.001071 871
0.001072 871
0.001073 871
0.001074 871
0.001075 871
0.001076 871
0.001077 871
0.001078 871
0.001079 871
0.00108 871
0.001081 871
0.001082 871
0.001083 871
0.001084 871
0.001085 871
0.001086 871
0.001087 871
0.001088 871
0.001089 871
0.00109 871
0.001091 871
0.001092 871
0.001093 871
0.001094 870
0.001095 870
0.001096 870
0.001097 870
0.001098 870
0.001099 870
0.0011 870
0.001101 870
0.001102 870
0.001103 870
0.001104 870
0.001105 870
0.001106 870
0.001107 870
0.001108 871
0.001109 871
0.00111 870
0.001111 870
0.001112 870
0.001113 870
0.001114 870
0.001115 870
0.001116 870
0.001117 870
0.001118 870
0.001119 870
0.00112 870
0.001121 870
0.001122 870
0.001123 870
0.001124 870
0.001125 871
0.001126 870
0.001127 870
0.001128 870
0.001129 870
0.00113 870
0.001131 870
0.001132 871
0.001133 871
0.001134 871
0.001135 871
0.001136 871
0.001137 871
0.001138 871
0.001139 871
0.00114 871
0.001141 871
0.001142 871
0.001143 871
0.001144 871
0.001145 871
0.001146 871
0.001147 871
0.001148 871
0.001149 871
0.00115 871
0.001151 871
0.001152 871
0.001153 871
0.001154 871
0.001155 870
0.001156 870
0.001157 870
0.001158 870
0.001159 870
0.00116 870
0.001161 870
0.001162 870
0.001163 870
0.001164 870
0.001165 870
0.001166 870
0.001167 870
0.001168 870
0.001169 870
0.00117 870
0.001171 870
0.001172 870
0.001173 870
0.001174 870
0.001175 870
0.001176 870
0.001177 870
0.001178 870
0.001179 870
0.00118 870
0.001181 870
0.001182 870
0.001183 870
0.001184 870
0.001185 870
0.001186 869
0.001187 869
0.001188 869
0.001189 870
0.00119 870
0.001191 870
0.001192 870
0.001193 870
0.001194 870
0.001195 869
0.001196 869
0.001197 869
0.001198 869
0.001199 869
0.0012 869
0.001201 869
0.001202 869
0.001203 869
0.001204 869
0.001205 870
0.001206 870
0.001207 871
0.001208 870
0.001209 870
0.00121 870
0.001211 870
0.001212 870
0.001213 870
0.001214 870
0.001215 870
0.001216 870
0.001217 871
0.001218 871
0.001219 870
0.00122 870
0.001221 870
0.001222 870
0.001223 870
0.001224 870
0.001225 870
0.001226 869
0.001227 869
0.001228 869
0.001229 869
0.00123 869
0.001231 868
0.001232 868
0.001233 868
0.001234 868
0.001235 868
0.001236 868
0.001237 868
0.001238 867
0.001239 867
0.00124 867
0.001241 867
0.001242 867
0.001243 867
0.001244 867
0.001245 866
0.001246 866
0.001247 866
0.001248 866
0.001249 866
0.00125 866
0.001251 866
0.001252 866
0.001253 866
0.001254 866
0.001255 866
0.001256 866
0.001257 866
0.001258 866
0.001259 866
0.00126 866
0.001261 866
0.001262 866
0.001263 866
0.001264 866
0.001265 866
0.001266 866
0.001267 866
0.001268 866
0.001269 865
0.00127 865
0.001271 865
0.001272 865
0.001273 865
0.001274 865
0.001275 865
0.001276 865
0.001277 865
0.001278 863
0.001279 863
0.00128 863
0.001281 863
0.001282 863
0.001283 863
0.001284 865
0.001285 865
0.001286 865
0.001287 865
0.001288 866
0.001289 866
0.00129 866
0.001291 866
0.001292 866
0.001293 866
0.001294 866
0.001295 867
0.001296 867
0.001297 867
0.001298 867
0.001299 867
0.0013 867
0.001301 867
0.001302 867
0.001303 867
0.001304 867
0.001305 867
0.001306 867
0.001307 867
0.001308 867
0.001309 866
0.00131 866
0.001311 866
0.001312 866
0.001313 866
0.001314 866
0.001315 866
0.001316 866
0.001317 866
0.001318 866
0.001319 866
0.00132 866
0.001321 866
0.001322 866
0.001323 866
0.001324 866
0.001325 865
0.001326 865
0.001327 865
0.001328 865
0.001329 865
0.00133 864
0.001331 864
0.001332 864
0.001333 864
0.001334 864
0.001335 864
0.001336 864
0.001337 865
0.001338 865
0.001339 865
0.00134 865
0.001341 865
0.001342 866
0.001343 866
0.001344 866
0.001345 866
0.001346 866
0.001347 866
0.001348 866
0.001349 866
0.00135 866
0.001351 866
0.001352 866
0.001353 866
0.001354 866
0.001355 866
0.001356 866
0.001357 866
0.001358 866
0.001359 866
0.00136 866
0.001361 866
0.001362 866
0.001363 866
0.001364 866
0.001365 866
0.001366 866
0.001367 866
0.001368 866
0.001369 866
0.00137 865
0.001371 866
0.001372 866
0.001373 866
0.001374 866
0.001375 866
0.001376 866
0.001377 867
0.001378 867
0.001379 867
0.00138 868
0.001381 869
0.001382 869
0.001383 869
0.001384 869
0.001385 869
0.001386 869
0.001387 869
0.001388 869
0.001389 869
0.00139 869
0.001391 869
0.001392 869
0.001393 869
0.001394 869
0.001395 869
0.001396 869
0.001397 869
0.001398 868
0.001399 868
0.0014 868
0.001401 868
0.001402 868
0.001403 868
0.001404 868
0.001405 868
0.001406 868
0.001407 868
0.001408 868
0.001409 868
0.00141 868
0.001411 868
0.001412 868
0.001413 868
0.001414 868
0.001415 868
0.001416 868
0.001417 868
0.001418 868
0.001419 868
0.00142 868
0.001421 868
0.001422 868
0.001423 868
0.001424 868
0.001425 868
0.001426 868
0.001427 868
0.001428 868
0.001429 868
0.00143 868
0.001431 868
0.001432 869
0.001433 869
0.001434 868
0.001435 868
0.001436 868
0.001437 868
0.001438 868
0.001439 868
0.00144 867
0.001441 867
0.001442 866
0.001443 866
0.001444 866
0.001445 866
0.001446 867
0.001447 867
0.001448 867
0.001449 867
0.00145 867
0.001451 867
0.001452 867
0.001453 867
0.001454 867
0.001455 867
0.001456 867
0.001457 867
0.001458 867
0.001459 867
0.00146 867
0.001461 867
0.001462 867
0.001463 867
0.001464 865
0.001465 865
0.001466 865
0.001467 865
0.001468 865
0.001469 865
0.00147 865
0.001471 865
0.001472 866
0.001473 866
0.001474 866
0.001475 866
0.001476 866
0.001477 866
0.001478 867
0.001479 867
0.00148 867
0.001481 867
0.001482 867
0.001483 867
0.001484 867
0.001485 867
0.001486 867
0.001487 867
0.001488 867
0.001489 867
0.00149 867
0.001491 867
0.001492 867
0.001493 867
0.001494 867
0.001495 867
0.001496 867
0.001497 867
0.001498 868
0.001499 868
0.0015 868
0.001501 868
0.001502 868
0.001503 868
0.001504 868
0.001505 868
0.001506 868
0.001507 868
0.001508 867
0.001509 867
0.00151 867
0.001511 867
0.001512 867
0.001513 866
0.001514 866
0.001515 867
0.001516 868
0.001517 868
0.001518 867
0.001519 867
0.00152 867
0.001521 867
0.001522 867
0.001523 867
0.001524 866
0.001525 865
0.001526 865
0.001527 865
0.001528 865
0.001529 865
0.00153 865
0.001531 865
0.001532 865
0.001533 865
0.001534 865
0.001535 865
0.001536 865
0.001537 865
0.001538 865
0.001539 865
0.00154 865
0.001541 865
0.001542 865
0.001543 865
0.001544 865
0.001545 865
0.001546 865
0.001547 865
0.001548 865
0.001549 865
0.00155 865
0.001551 864
0.001552 864
0.001553 864
0.001554 864
0.001555 864
0.001556 864
0.001557 864
0.001558 864
0.001559 864
0.00156 864
0.001561 864
0.001562 864
0.001563 864
0.001564 864
0.001565 863
0.001566 863
0.001567 863
0.001568 863
0.001569 863
0.00157 863
0.001571 863
0.001572 863
0.001573 863
0.001574 863
0.001575 863
0.001576 864
0.001577 865
0.001578 865
0.001579 865
0.00158 864
0.001581 865
0.001582 865
0.001583 865
0.001584 865
0.001585 865
0.001586 865
0.001587 865
0.001588 865
0.001589 865
0.00159 865
0.001591 865
0.001592 865
0.001593 865
0.001594 865
0.001595 865
0.001596 865
0.001597 865
0.001598 865
0.001599 865
0.0016 865
0.001601 865
0.001602 865
0.001603 865
0.001604 865
0.001605 865
0.001606 865
0.001607 865
0.001608 865
0.001609 865
0.00161 865
0.001611 865
0.001612 865
0.001613 866
0.001614 866
0.001615 866
0.001616 865
0.001617 865
0.001618 865
0.001619 865
0.00162 865
0.001621 865
0.001622 865
0.001623 865
0.001624 864
0.001625 864
0.001626 863
0.001627 863
0.001628 863
0.001629 862
0.00163 862
0.001631 862
0.001632 862
0.001633 862
0.001634 862
0.001635 862
0.001636 862
0.001637 862
0.001638 862
0.001639 862
0.00164 862
0.001641 862
0.001642 862
0.001643 861
0.001644 861
0.001645 861
0.001646 861
0.001647 861
0.001648 861
0.001649 861
0.00165 862
0.001651 862
0.001652 862
0.001653 862
0.001654 862
0.001655 861
0.001656 861
0.001657 861
0.001658 861
0.001659 860
0.00166 860
0.001661 860
0.001662 860
0.001663 860
0.001664 860
0.001665 860
0.001666 860
0.001667 860
0.001668 860
0.001669 860
0.00167 860
0.001671 861
0.001672 861
0.001673 861
0.001674 862
0.001675 862
0.001676 862
0.001677 862
0.001678 862
0.001679 862
0.00168 862
0.001681 862
0.001682 862
0.001683 861
0.001684 861
0.001685 861
0.001686 860
0.001687 860
0.001688 860
0.001689 860
0.00169 860
0.001691 860
0.001692 861
0.001693 861
0.001694 861
0.001695 862
0.001696 862
0.001697 862
0.001698 861
0.001699 861
0.0017 861
0.001701 861
0.001702 861
0.001703 861
0.001704 861
0.001705 861
0.001706 862
0.001707 862
0.001708 863
0.001709 862
0.00171 862
0.001711 862
0.001712 862
0.001713 863
0.001714 864
0.001715 864
0.001716 864
0.001717 864
0.001718 865
0.001719 866
0.00172 866
0.001721 866
0.001722 866
0.001723 865
0.001724 865
0.001725 864
0.001726 864
0.001727 864
0.001728 864
0.001729 864
0.00173 864
0.001731 864
0.001732 864
0.001733 865
0.001734 865
0.001735 865
0.001736 865
0.001737 865
0.001738 865
0.001739 865
0.00174 865
0.001741 865
0.001742 864
0.001743 864
0.001744 864
0.001745 864
0.001746 864
0.001747 864
0.001748 864
0.001749 864
0.00175 864
0.001751 864
0.001752 864
0.001753 864
0.001754 864
0.001755 865
0.001756 865
0.001757 865
0.001758 864
0.001759 864
0.00176 864
0.001761 864
0.001762 864
0.001763 864
0.001764 864
0.001765 864
0.001766 864
0.001767 864
0.001768 864
0.001769 864
0.00177 864
0.001771 865
0.001772 865
0.001773 865
0.001774 865
0.001775 865
0.001776 865
0.001777 865
0.001778 865
0.001779 865
0.00178 865
0.001781 865
0.001782 865
0.001783 865
0.001784 865
0.001785 865
0.001786 865
0.001787 865
0.001788 865
0.001789 865
0.00179 865
0.001791 865
0.001792 865
0.001793 865
0.001794 865
0.001795 864
0.001796 864
0.001797 864
0.001798 864
0.001799 864
0.0018 864
0.001801 863
0.001802 863
0.001803 863
0.001804 863
0.001805 863
0.001806 863
0.001807 863
0.001808 863
0.001809 863
0.00181 863
0.001811 863
0.001812 863
0.001813 863
0.001814 863
0.001815 863
0.001816 863
0.001817 863
0.001818 863
0.001819 863
0.00182 863
0.001821 863
0.001822 863
0.001823 863
0.001824 863
0.001825 863
0.001826 863
0.001827 863
0.001828 863
0.001829 863
0.00183 863
0.001831 863
0.001832 863
0.001833 863
0.001834 864
0.001835 864
0.001836 864
0.001837 864
0.001838 864
0.001839 864
0.00184 864
0.001841 864
0.001842 864
0.001843 864
0.001844 864
0.001845 863
0.001846 864
0.001847 864
0.001848 864
0.001849 864
0.00185 864
0.001851 864
0.001852 864
0.001853 864
0.001854 864
0.001855 864
0.001856 864
0.001857 864
0.001858 864
0.001859 864
0.00186 864
0.001861 865
0.001862 865
0.001863 865
0.001864 865
0.001865 865
0.001866 865
0.001867 865
0.001868 865
0.001869 865
0.00187 865
0.001871 865
0.001872 865
0.001873 865
0.001874 864
0.001875 864
0.001876 864
0.001877 864
0.001878 864
0.001879 864
0.00188 864
0.001881 864
0.001882 864
0.001883 864
0.001884 864
0.001885 864
0.001886 864
0.001887 864
0.001888 864
0.001889 864
0.00189 864
0.001891 864
0.001892 865
0.001893 865
0.001894 865
0.001895 865
0.001896 865
0.001897 865
0.001898 865
0.001899 865
0.0019 865
0.001901 865
0.001902 865
0.001903 865
0.001904 865
0.001905 865
0.001906 865
0.001907 864
0.001908 864
0.001909 864
0.00191 864
0.001911 865
0.001912 865
0.001913 865
0.001914 865
0.001915 865
0.001916 864
0.001917 864
0.001918 864
0.001919 863
0.00192 864
0.001921 864
0.001922 864
0.001923 864
0.001924 864
0.001925 864
0.001926 864
0.001927 865
0.001928 865
0.001929 865
0.00193 865
0.001931 865
0.001932 864
0.001933 864
0.001934 864
0.001935 865
0.001936 865
0.001937 865
0.001938 865
0.001939 865
0.00194 865
0.001941 866
0.001942 866
0.001943 866
0.001944 866
0.001945 866
0.001946 866
0.001947 866
0.001948 866
0.001949 866
0.00195 866
0.001951 866
0.001952 866
0.001953 866
0.001954 866
0.001955 866
0.001956 866
0.001957 867
0.001958 867
0.001959 867
0.00196 867
0.001961 867
0.001962 867
0.001963 867
0.001964 867
0.001965 867
0.001966 867
0.001967 867
0.001968 867
0.001969 867
0.00197 867
0.001971 867
0.001972 867
0.001973 867
0.001974 867
0.001975 867
0.001976 867
0.001977 867
0.001978 867
0.001979 868
0.00198 868
0.001981 868
0.001982 868
0.001983 868
0.001984 868
0.001985 868
0.001986 868
0.001987 868
0.001988 868
0.001989 868
0.00199 868
0.001991 868
0.001992 869
0.001993 869
0.001994 869
0.001995 869
0.001996 869
0.001997 869
0.001998 869
0.001999 869
0.002 869
0.002001 869
0.002002 869
0.002003 869
0.002004 869
0.002005 869
0.002006 868
0.002007 868
0.002008 868
0.002009 867
0.00201 867
0.002011 866
0.002012 866
0.002013 866
0.002014 866
0.002015 866
0.002016 866
0.002017 866
0.002018 866
0.002019 866
0.00202 866
0.002021 866
0.002022 866
0.002023 866
0.002024 867
0.002025 867
0.002026 868
0.002027 868
0.002028 868
0.002029 868
0.00203 868
0.002031 868
0.002032 868
0.002033 868
0.002034 868
0.002035 868
0.002036 868
0.002037 868
0.002038 868
0.002039 868
0.00204 868
0.002041 868
0.002042 868
0.002043 868
0.002044 868
0.002045 868
0.002046 867
0.002047 866
0.002048 866
0.002049 866
0.00205 866
0.002051 866
0.002052 866
0.002053 866
0.002054 865
0.002055 865
0.002056 865
0.002057 865
0.002058 864
0.002059 864
0.00206 864
0.002061 864
0.002062 864
0.002063 864
0.002064 864
0.002065 864
0.002066 865
0.002067 865
0.002068 865
0.002069 865
0.00207 865
0.002071 865
0.002072 865
0.002073 865
0.002074 865
0.002075 865
0.002076 865
0.002077 865
0.002078 865
0.002079 865
0.00208 865
0.002081 865
0.002082 865
0.002083 865
0.002084 865
0.002085 865
0.002086 865
0.002087 865
0.002088 865
0.002089 865
0.00209 865
0.002091 865
0.002092 865
0.002093 865
0.002094 865
0.002095 865
0.002096 865
0.002097 865
0.002098 865
0.002099 866
0.0021 866
0.002101 865
0.002102 865
0.002103 865
0.002104 864
0.002105 864
0.002106 864
0.002107 864
0.002108 864
0.002109 864
0.00211 864
0.002111 864
0.002112 864
0.002113 864
0.002114 864
0.002115 864
0.002116 864
0.002117 864
0.002118 864
0.002119 864
0.00212 864
0.002121 864
0.002122 864
0.002123 864
0.002124 864
0.002125 864
0.002126 864
0.002127 864
0.002128 864
0.002129 864
0.00213 864
0.002131 864
0.002132 864
0.002133 864
0.002134 864
0.002135 864
0.002136 864
0.002137 864
0.002138 864
0.002139 864
0.00214 864
0.002141 864
0.002142 864
0.002143 864
0.002144 864
0.002145 864
0.002146 864
0.002147 865
0.002148 865
0.002149 865
0.00215 865
0.002151 865
0.002152 864
0.002153 864
0.002154 863
0.002155 863
0.002156 864
0.002157 864
0.002158 864
0.002159 864
0.00216 864
0.002161 864
0.002162 864
0.002163 864
0.002164 864
0.002165 863
0.002166 863
0.002167 863
0.002168 863
0.002169 863
0.00217 863
0.002171 864
0.002172 864
0.002173 864
0.002174 864
0.002175 864
0.002176 864
0.002177 865
0.002178 865
0.002179 865
0.00218 865
0.002181 865
0.002182 865
0.002183 865
0.002184 865
0.002185 865
0.002186 865
0.002187 865
0.002188 865
0.002189 865
0.00219 865
0.002191 866
0.002192 866
0.002193 866
0.002194 866
0.002195 866
0.002196 866
0.002197 866
0.002198 866
0.002199 866
0.0022 866
0.002201 866
0.002202 866
0.002203 867
0.002204 867
0.002205 867
0.002206 867
0.002207 868
0.002208 868
0.002209 868
0.00221 868
0.002211 868
0.002212 868
0.002213 867
0.002214 867
0.002215 868
0.002216 868
0.002217 868
0.002218 868
0.002219 868
0.00222 868
0.002221 868
0.002222 868
0.002223 868
0.002224 868
0.002225 869
0.002226 869
0.002227 869
0.002228 869
0.002229 869
0.00223 869
0.002231 869
0.002232 869
0.002233 869
0.002234 869
0.002235 869
0.002236 869
0.002237 869
0.002238 869
0.002239 869
0.00224 869
0.002241 869
0.002242 869
0.002243 869
0.002244 869
0.002245 869
0.002246 869
0.002247 869
0.002248 869
0.002249 869
0.00225 869
0.002251 869
0.002252 869
0.002253 871
0.002254 871
0.002255 871
0.002256 871
0.002257 871
0.002258 871
0.002259 871
0.00226 869
0.002261 869
0.002262 869
0.002263 869
0.002264 869
0.002265 869
0.002266 869
0.002267 869
0.002268 869
0.002269 869
0.00227 869
0.002271 869
0.002272 869
0.002273 869
0.002274 869
0.002275 869
0.002276 869
0.002277 869
0.002278 868
0.002279 867
0.00228 867
0.002281 867
0.002282 867
0.002283 867
0.002284 867
0.002285 867
0.002286 867
0.002287 867
0.002288 867
0.002289 867
0.00229 867
0.002291 867
0.002292 867
0.002293 867
0.002294 867
0.002295 867
0.002296 867
0.002297 866
0.002298 866
0.002299 866
0.0023 866
0.002301 866
0.002302 866
0.002303 866
0.002304 867
0.002305 867
0.002306 867
0.002307 867
0.002308 867
0.002309 867
0.00231 868
0.002311 868
0.002312 868
0.002313 868
0.002314 868
0.002315 868
0.002316 868
0.002317 868
0.002318 868
0.002319 868
0.00232 868
0.002321 868
0.002322 868
0.002323 868
0.002324 868
0.002325 868
0.002326 869
0.002327 868
0.002328 868
0.002329 868
0.00233 868
0.002331 868
0.002332 868
0.002333 868
0.002334 868
0.002335 868
0.002336 868
0.002337 868
0.002338 868
0.002339 868
0.00234 868
0.002341 868
0.002342 868
0.002343 868
0.002344 868
0.002345 868
0.002346 868
0.002347 868
0.002348 868
0.002349 868
0.00235 868
0.002351 868
0.002352 867
0.002353 868
0.002354 869
0.002355 869
0.002356 869
0.002357 869
0.002358 869
0.002359 869
0.00236 869
0.002361 869
0.002362 869
0.002363 869
0.002364 869
0.002365 869
0.002366 869
0.002367 869
0.002368 869
0.002369 869
0.00237 869
0.002371 869
0.002372 869
0.002373 869
0.002374 869
0.002375 869
0.002376 868
0.002377 868
0.002378 868
0.002379 868
0.00238 868
0.002381 868
0.002382 868
0.002383 868
0.002384 868
0.002385 868
0.002386 868
0.002387 868
0.002388 868
0.002389 868
0.00239 868
0.002391 868
0.002392 868
0.002393 868
0.002394 869
0.002395 869
0.002396 869
0.002397 869
0.002398 869
0.002399 869
0.0024 869
0.002401 869
0.002402 869
0.002403 869
0.002404 869
0.002405 869
0.002406 869
0.002407 869
0.002408 869
0.002409 869
0.00241 870
0.002411 870
0.002412 870
0.002413 870
0.002414 870
0.002415 870
0.002416 870
0.002417 869
0.002418 870
0.002419 870
0.00242 870
0.002421 870
0.002422 870
0.002423 870
0.002424 870
0.002425 870
0.002426 870
0.002427 870
0.002428 870
0.002429 870
0.00243 870
0.002431 870
0.002432 870
0.002433 870
0.002434 870
0.002435 870
0.002436 869
0.002437 869
0.002438 869
0.002439 869
0.00244 869
0.002441 869
0.002442 869
0.002443 869
0.002444 869
0.002445 869
0.002446 869
0.002447 869
0.002448 869
0.002449 869
0.00245 869
0.002451 869
0.002452 869
0.002453 869
0.002454 869
0.002455 869
0.002456 869
0.002457 869
0.002458 869
0.002459 869
0.00246 868
0.002461 868
0.002462 868
0.002463 869
0.002464 869
0.002465 869
0.002466 869
0.002467 869
0.002468 869
0.002469 869
0.00247 869
0.002471 869
0.002472 869
0.002473 869
0.002474 869
0.002475 869
0.002476 869
0.002477 869
0.002478 869
0.002479 869
0.00248 869
0.002481 869
0.002482 869
0.002483 869
0.002484 869
0.002485 869
0.002486 869
0.002487 869
0.002488 869
0.002489 869
0.00249 869
0.002491 869
0.002492 869
0.002493 870
0.002494 870
0.002495 870
0.002496 870
0.002497 870
0.002498 870
0.002499 870
0.0025 870
0.002501 870
0.002502 870
0.002503 870
0.002504 870
0.002505 871
0.002506 871
0.002507 870
0.002508 870
0.002509 870
0.00251 869
0.002511 869
0.002512 871
0.002513 871
0.002514 871
0.002515 872
0.002516 872
0.002517 871
0.002518 871
0.002519 871
0.00252 870
0.002521 870
0.002522 870
0.002523 871
0.002524 871
0.002525 871
0.002526 871
0.002527 871
0.002528 871
0.002529 871
0.00253 871
0.002531 871
0.002532 871
0.002533 871
0.002534 871
0.002535 871
0.002536 871
0.002537 871
0.002538 871
0.002539 871
0.00254 871
0.002541 871
0.002542 871
0.002543 871
0.002544 871
0.002545 871
0.002546 871
0.002547 871
0.002548 871
0.002549 871
0.00255 870
0.002551 870
0.002552 870
0.002553 870
0.002554 870
0.002555 870
0.002556 870
0.002557 870
0.002558 870
0.002559 870
0.00256 870
0.002561 870
0.002562 870
0.002563 870
0.002564 870
0.002565 870
0.002566 870
0.002567 870
0.002568 870
0.002569 870
0.00257 870
0.002571 870
0.002572 870
0.002573 870
0.002574 871
0.002575 871
0.002576 870
0.002577 870
0.002578 870
0.002579 870
0.00258 870
0.002581 870
0.002582 870
0.002583 870
0.002584 870
0.002585 870
0.002586 870
0.002587 870
0.002588 871
0.002589 871
0.00259 870
0.002591 870
0.002592 870
0.002593 870
0.002594 870
0.002595 869
0.002596 869
0.002597 869
0.002598 869
0.002599 869
0.0026 868
0.002601 868
0.002602 868
0.002603 868
0.002604 868
0.002605 868
0.002606 868
0.002607 868
0.002608 868
0.002609 868
0.00261 868
0.002611 868
0.002612 868
0.002613 868
0.002614 868
0.002615 868
0.002616 868
0.002617 868
0.002618 868
0.002619 868
0.00262 868
0.002621 868
0.002622 868
0.002623 868
0.002624 868
0.002625 868
0.002626 868
0.002627 868
0.002628 867
0.002629 867
0.00263 867
0.002631 867
0.002632 867
0.002633 867
0.002634 867
0.002635 866
0.002636 867
0.002637 867
0.002638 867
0.002639 867
0.00264 867
0.002641 867
0.002642 866
0.002643 866
0.002644 866
0.002645 866
0.002646 866
0.002647 866
0.002648 866
0.002649 866
0.00265 866
0.002651 866
0.002652 867
0.002653 867
0.002654 867
0.002655 867
0.002656 867
0.002657 867
0.002658 867
0.002659 867
0.00266 867
0.002661 867
0.002662 867
0.002663 867
0.002664 867
0.002665 867
0.002666 867
0.002667 867
0.002668 868
0.002669 868
0.00267 868
0.002671 868
0.002672 868
0.002673 868
0.002674 868
0.002675 868
0.002676 868
0.002677 868
0.002678 867
0.002679 867
0.00268 867
0.002681 867
0.002682 866
0.002683 866
0.002684 866
0.002685 867
0.002686 867
0.002687 867
0.002688 867
0.002689 867
0.00269 867
0.002691 867
0.002692 867
0.002693 867
0.002694 867
0.002695 867
0.002696 867
0.002697 868
0.002698 868
0.002699 868
0.0027 868
0.002701 868
0.002702 868
0.002703 868
0.002704 868
0.002705 868
0.002706 868
0.002707 868
0.002708 868
0.002709 868
0.00271 868
0.002711 868
0.002712 868
0.002713 868
0.002714 868
0.002715 868
0.002716 868
0.002717 868
0.002718 868
0.002719 868
0.00272 868
0.002721 868
0.002722 868
0.002723 868
0.002724 868
0.002725 868
0.002726 868
0.002727 868
0.002728 868
0.002729 869
0.00273 869
0.002731 869
0.002732 869
0.002733 869
0.002734 869
0.002735 868
0.002736 868
0.002737 868
0.002738 868
0.002739 868
0.00274 868
0.002741 868
0.002742 869
0.002743 869
0.002744 869
0.002745 869
0.002746 869
0.002747 869
0.002748 869
0.002749 869
0.00275 869
0.002751 869
0.002752 869
0.002753 869
0.002754 869
0.002755 869
0.002756 869
0.002757 869
0.002758 869
0.002759 869
0.00276 869
0.002761 869
0.002762 869
0.002763 868
0.002764 868
0.002765 868
0.002766 868
0.002767 868
0.002768 867
0.002769 867
0.00277 866
0.002771 866
0.002772 866
0.002773 866
0.002774 866
0.002775 866
0.002776 866
0.002777 866
0.002778 866
0.002779 866
0.00278 866
0.002781 866
0.002782 866
0.002783 866
0.002784 866
0.002785 866
0.002786 866
0.002787 866
0.002788 866
0.002789 866
0.00279 866
0.002791 866
0.002792 866
0.002793 866
0.002794 866
0.002795 866
0.002796 866
0.002797 866
0.002798 866
0.002799 866
0.0028 866
0.002801 866
0.002802 866
0.002803 866
0.002804 865
0.002805 865
0.002806 865
0.002807 865
0.002808 865
0.002809 865
0.00281 865
0.002811 865
0.002812 865
0.002813 866
0.002814 866
0.002815 867
0.002816 867
0.002817 868
0.002818 868
0.002819 868
0.00282 868
0.002821 868
0.002822 868
0.002823 869
0.002824 869
0.002825 869
0.002826 869
0.002827 869
0.002828 869
0.002829 869
0.00283 869
0.002831 868
0.002832 868
0.002833 868
0.002834 868
0.002835 868
0.002836 868
0.002837 868
0.002838 869
0.002839 869
0.00284 870
0.002841 870
0.002842 870
0.002843 869
0.002844 869
0.002845 869
0.002846 869
0.002847 869
0.002848 869
0.002849 869
0.00285 869
0.002851 869
0.002852 869
0.002853 869
0.002854 869
0.002855 869
0.002856 869
0.002857 869
0.002858 869
0.002859 869
0.00286 869
0.002861 869
0.002862 869
0.002863 869
0.002864 869
0.002865 869
0.002866 869
0.002867 870
0.002868 870
0.002869 870
0.00287 870
0.002871 870
0.002872 870
0.002873 870
0.002874 870
0.002875 870
0.002876 870
0.002877 870
0.002878 870
0.002879 870
0.00288 870
0.002881 869
0.002882 869
0.002883 869
0.002884 869
0.002885 869
0.002886 869
0.002887 869
0.002888 869
0.002889 869
0.00289 869
0.002891 869
0.002892 869
0.002893 869
0.002894 869
0.002895 869
0.002896 869
0.002897 869
0.002898 868
0.002899 868
0.0029 868
0.002901 867
0.002902 867
0.002903 867
0.002904 867
0.002905 867
0.002906 867
0.002907 867
0.002908 867
0.002909 867
0.00291 867
0.002911 866
0.002912 865
0.002913 865
0.002914 865
0.002915 865
0.002916 865
0.002917 865
0.002918 865
0.002919 865
0.00292 865
0.002921 865
0.002922 865
0.002923 865
0.002924 865
0.002925 865
0.002926 865
0.002927 865
0.002928 865
0.002929 865
0.00293 865
0.002931 865
0.002932 864
0.002933 865
0.002934 865
0.002935 865
0.002936 865
0.002937 865
0.002938 865
0.002939 865
0.00294 865
0.002941 865
0.002942 865
0.002943 865
0.002944 865
0.002945 865
0.002946 865
0.002947 865
0.002948 865
0.002949 865
0.00295 866
0.002951 866
0.002952 867
0.002953 867
0.002954 867
0.002955 867
0.002956 866
0.002957 866
0.002958 866
0.002959 867
0.00296 867
0.002961 867
0.002962 867
0.002963 867
0.002964 867
0.002965 867
0.002966 867
0.002967 867
0.002968 867
0.002969 867
0.00297 867
0.002971 867
0.002972 867
0.002973 867
0.002974 867
0.002975 867
0.002976 867
0.002977 867
0.002978 867
0.002979 868
0.00298 868
0.002981 868
0.002982 868
0.002983 868
0.002984 868
0.002985 868
0.002986 868
0.002987 868
0.002988 869
0.002989 868
0.00299 868
0.002991 868
0.002992 869
0.002993 869
0.002994 870
0.002995 870
0.002996 870
0.002997 870
0.002998 870
0.002999 870
0.003 870
0.003001 870
0.003002 870
0.003003 870
0.003004 870
0.003005 870
0.003006 870
0.003007 870
0.003008 870
0.003009 870
0.00301 870
0.003011 870
0.003012 870
0.003013 870
0.003014 869
0.003015 869
0.003016 869
0.003017 869
0.003018 869
0.003019 869
0.00302 869
0.003021 869
0.003022 869
0.003023 869
0.003024 869
0.003025 869
0.003026 869
0.003027 869
0.003028 869
0.003029 869
0.00303 869
0.003031 869
0.003032 869
0.003033 869
0.003034 869
0.003035 869
0.003036 869
0.003037 869
0.003038 869
0.003039 869
0.00304 869
0.003041 869
0.003042 870
0.003043 870
0.003044 870
0.003045 870
0.003046 870
0.003047 870
0.003048 870
0.003049 870
0.00305 870
0.003051 870
0.003052 870
0.003053 870
0.003054 870
0.003055 870
0.003056 870
0.003057 871
0.003058 871
0.003059 872
0.00306 872
0.003061 872
0.003062 871
0.003063 871
0.003064 871
0.003065 873
0.003066 873
0.003067 873
0.003068 873
0.003069 873
0.00307 873
0.003071 873
0.003072 873
0.003073 872
0.003074 872
0.003075 872
0.003076 872
0.003077 872
0.003078 872
0.003079 872
0.00308 872
0.003081 872
0.003082 872
0.003083 872
0.003084 872
0.003085 872
0.003086 872
0.003087 872
0.003088 872
0.003089 872
0.00309 872
0.003091 872
0.003092 872
0.003093 872
0.003094 872
0.003095 872
0.003096 872
0.003097 872
0.003098 872
0.003099 872
0.0031 872
0.003101 872
0.003102 872
0.003103 872
0.003104 872
0.003105 872
0.003106 872
0.003107 872
0.003108 872
0.003109 872
0.00311 872
0.003111 872
0.003112 872
0.003113 872
0.003114 872
0.003115 873
0.003116 873
0.003117 873
0.003118 873
0.003119 873
0.00312 873
0.003121 873
0.003122 873
0.003123 873
0.003124 874
0.003125 874
0.003126 874
0.003127 874
0.003128 874
0.003129 874
0.00313 874
0.003131 874
0.003132 874
0.003133 873
0.003134 873
0.003135 874
0.003136 874
0.003137 874
0.003138 874
0.003139 873
0.00314 873
0.003141 873
0.003142 873
0.003143 873
0.003144 873
0.003145 873
0.003146 873
0.003147 873
0.003148 873
0.003149 873
0.00315 873
0.003151 873
0.003152 873
0.003153 873
0.003154 873
0.003155 873
0.003156 873
0.003157 873
0.003158 873
0.003159 873
0.00316 873
0.003161 873
0.003162 873
0.003163 873
0.003164 873
0.003165 873
0.003166 873
0.003167 873
0.003168 872
0.003169 872
0.00317 872
0.003171 872
0.003172 872
0.003173 870
0.003174 870
0.003175 870
0.003176 870
0.003177 871
0.003178 871
0.003179 872
0.00318 872
0.003181 873
0.003182 873
0.003183 873
0.003184 873
0.003185 873
0.003186 873
0.003187 873
0.003188 873
0.003189 873
0.00319 873
0.003191 873
0.003192 873
0.003193 873
0.003194 872
0.003195 872
0.003196 872
0.003197 872
0.003198 872
0.003199 872
0.0032 872
0.003201 872
0.003202 872
0.003203 872
0.003204 872
0.003205 872
0.003206 872
0.003207 873
0.003208 873
0.003209 873
0.00321 873
0.003211 873
0.003212 873
0.003213 873
0.003214 873
0.003215 873
0.003216 873
0.003217 873
0.003218 873
0.003219 873
0.00322 873
0.003221 873
0.003222 873
0.003223 873
0.003224 873
0.003225 873
0.003226 873
0.003227 873
0.003228 873
0.003229 873
0.00323 873
0.003231 873
0.003232 873
0.003233 873
0.003234 873
0.003235 872
0.003236 871
0.003237 871
0.003238 871
0.003239 871
0.00324 871
0.003241 871
0.003242 871
0.003243 871
0.003244 871
0.003245 871
0.003246 871
0.003247 871
0.003248 871
0.003249 871
0.00325 871
0.003251 871
0.003252 870
0.003253 870
0.003254 870
0.003255 869
0.003256 869
0.003257 869
0.003258 870
0.003259 870
0.00326 870
0.003261 871
0.003262 872
0.003263 872
0.003264 872
0.003265 872
0.003266 872
0.003267 872
0.003268 872
0.003269 872
0.00327 872
0.003271 871
0.003272 871
0.003273 871
0.003274 871
0.003275 871
0.003276 871
0.003277 871
0.003278 871
0.003279 871
0.00328 871
0.003281 872
0.003282 872
0.003283 872
0.003284 872
0.003285 872
0.003286 872
0.003287 872
0.003288 872
0.003289 872
0.00329 872
0.003291 872
0.003292 872
0.003293 872
0.003294 872
0.003295 872
0.003296 872
0.003297 872
0.003298 872
0.003299 872
0.0033 872
0.003301 872
0.003302 872
0.003303 872
0.003304 873
0.003305 873
0.003306 873
0.003307 873
0.003308 873
0.003309 873
0.00331 873
0.003311 873
0.003312 873
0.003313 873
0.003314 873
0.003315 873
0.003316 873
0.003317 873
0.003318 873
0.003319 873
0.00332 872
0.003321 872
0.003322 872
0.003323 872
0.003324 871
0.003325 871
0.003326 871
0.003327 871
0.003328 871
0.003329 871
0.00333 871
0.003331 871
0.003332 871
0.003333 871
0.003334 871
0.003335 871
0.003336 871
0.003337 871
0.003338 870
0.003339 870
0.00334 870
0.003341 871
0.003342 871
0.003343 871
0.003344 871
0.003345 871
0.003346 871
0.003347 871
0.003348 872
0.003349 873
0.00335 873
0.003351 872
0.003352 872
0.003353 872
0.003354 872
0.003355 871
0.003356 871
0.003357 871
0.003358 871
0.003359 871
0.00336 871
0.003361 871
0.003362 870
0.003363 870
0.003364 870
0.003365 870
0.003366 870
0.003367 871
0.003368 871
0.003369 871
0.00337 871
0.003371 871
0.003372 871
0.003373 871
0.003374 870
0.003375 870
0.003376 870
0.003377 870
0.003378 870
0.003379 870
0.00338 870
0.003381 870
0.003382 870
0.003383 870
0.003384 870
0.003385 870
0.003386 870
0.003387 870
0.003388 870
0.003389 870
0.00339 870
0.003391 870
0.003392 870
0.003393 870
0.003394 869
0.003395 869
0.003396 869
0.003397 869
0.003398 869
0.003399 870
0.0034 870
0.003401 870
0.003402 870
0.003403 870
0.003404 870
0.003405 870
0.003406 870
0.003407 870
0.003408 870
0.003409 870
0.00341 870
0.003411 870
0.003412 870
0.003413 870
0.003414 870
0.003415 870
0.003416 870
0.003417 870
0.003418 870
0.003419 869
0.00342 869
0.003421 869
0.003422 869
0.003423 869
0.003424 868
0.003425 868
0.003426 868
0.003427 867
0.003428 867
0.003429 867
0.00343 867
0.003431 867
0.003432 867
0.003433 867
0.003434 867
0.003435 867
0.003436 867
0.003437 867
0.003438 867
0.003439 868
0.00344 868
0.003441 868
0.003442 868
0.003443 868
0.003444 868
0.003445 868
0.003446 868
0.003447 868
0.003448 868
0.003449 865
0.00345 865
0.003451 865
0.003452 864
0.003453 864
0.003454 864
0.003455 864
0.003456 864
0.003457 865
0.003458 865
0.003459 865
0.00346 865
0.003461 865
0.003462 865
0.003463 865
0.003464 865
0.003465 865
0.003466 865
0.003467 865
0.003468 865
0.003469 865
0.00347 865
0.003471 865
0.003472 864
0.003473 864
0.003474 864
0.003475 865
0.003476 865
0.003477 865
0.003478 865
0.003479 865
0.00348 865
0.003481 865
0.003482 864
0.003483 864
0.003484 865
0.003485 865
0.003486 865
0.003487 865
0.003488 865
0.003489 865
0.00349 866
0.003491 866
0.003492 866
0.003493 866
0.003494 866
0.003495 866
0.003496 866
0.003497 866
0.003498 867
0.003499 867
0.0035 867
0.003501 867
0.003502 867
0.003503 867
0.003504 867
0.003505 867
0.003506 867
0.003507 868
0.003508 868
0.003509 868
0.00351 867
0.003511 867
0.003512 867
0.003513 867
0.003514 867
0.003515 867
0.003516 868
0.003517 868
0.003518 868
0.003519 868
0.00352 868
0.003521 868
0.003522 868
0.003523 868
0.003524 868
0.003525 868
0.003526 869
0.003527 869
0.003528 869
0.003529 869
0.00353 869
0.003531 870
0.003532 870
0.003533 870
0.003534 870
0.003535 870
0.003536 870
0.003537 870
0.003538 870
0.003539 870
0.00354 871
0.003541 871
0.003542 870
0.003543 869
0.003544 869
0.003545 869
0.003546 869
0.003547 869
0.003548 869
0.003549 869
0.00355 870
0.003551 870
0.003552 870
0.003553 870
0.003554 870
0.003555 871
0.003556 871
0.003557 871
0.003558 871
0.003559 871
0.00356 871
0.003561 871
0.003562 871
0.003563 871
0.003564 871
0.003565 871
0.003566 871
0.003567 871
0.003568 871
0.003569 871
0.00357 871
0.003571 871
0.003572 871
0.003573 871
0.003574 871
0.003575 871
0.003576 871
0.003577 871
0.003578 871
0.003579 871
0.00358 871
0.003581 871
0.003582 871
0.003583 871
0.003584 871
0.003585 871
0.003586 871
0.003587 871
0.003588 871
0.003589 871
0.00359 871
0.003591 871
0.003592 871
0.003593 871
0.003594 869
0.003595 869
0.003596 869
0.003597 869
0.003598 869
0.003599 870
0.0036 871
0.003601 871
0.003602 871
0.003603 870
0.003604 870
0.003605 870
0.003606 870
0.003607 870
0.003608 870
0.003609 870
0.00361 870
0.003611 870
0.003612 870
0.003613 870
0.003614 870
0.003615 870
0.003616 870
0.003617 870
0.003618 870
0.003619 870
0.00362 870
0.003621 870
0.003622 870
0.003623 870
0.003624 870
0.003625 870
0.003626 870
0.003627 870
0.003628 870
0.003629 870
0.00363 870
0.003631 870
0.003632 870
0.003633 870
0.003634 870
0.003635 870
0.003636 870
0.003637 870
0.003638 869
0.003639 869
0.00364 868
0.003641 868
0.003642 867
0.003643 867
0.003644 867
0.003645 867
0.003646 867
0.003647 867
0.003648 867
0.003649 867
0.00365 867
0.003651 867
0.003652 867
0.003653 867
0.003654 867
0.003655 867
0.003656 867
0.003657 867
0.003658 867
0.003659 867
0.00366 867
0.003661 867
0.003662 867
0.003663 867
0.003664 867
0.003665 867
0.003666 867
0.003667 868
0.003668 868
0.003669 869
0.00367 869
0.003671 869
0.003672 869
0.003673 869
0.003674 869
0.003675 869
0.003676 869
0.003677 869
0.003678 869
0.003679 869
0.00368 869
0.003681 870
0.003682 871
0.003683 871
0.003684 871
0.003685 872
0.003686 872
0.003687 872
0.003688 872
0.003689 871
0.00369 871
0.003691 871
0.003692 871
0.003693 870
0.003694 870
0.003695 870
0.003696 870
0.003697 870
0.003698 869
0.003699 869
0.0037 869
0.003701 869
0.003702 869
0.003703 869
0.003704 869
0.003705 869
0.003706 869
0.003707 869
0.003708 869
0.003709 869
0.00371 869
0.003711 869
0.003712 869
0.003713 869
0.003714 869
0.003715 868
0.003716 868
0.003717 868
0.003718 867
0.003719 867
0.00372 867
0.003721 867
0.003722 867
0.003723 867
0.003724 866
0.003725 866
0.003726 866
0.003727 866
0.003728 866
0.003729 866
0.00373 866
0.003731 866
0.003732 866
0.003733 866
0.003734 866
0.003735 868
0.003736 868
0.003737 868
0.003738 868
0.003739 868
0.00374 868
0.003741 869
0.003742 869
0.003743 869
0.003744 869
0.003745 869
0.003746 869
0.003747 869
0.003748 869
0.003749 868
0.00375 868
0.003751 868
0.003752 868
0.003753 868
0.003754 868
0.003755 868
0.003756 868
0.003757 868
0.003758 868
0.003759 868
0.00376 869
0.003761 869
0.003762 869
0.003763 869
0.003764 868
0.003765 868
0.003766 868
0.003767 867
0.003768 867
0.003769 867
0.00377 867
0.003771 867
0.003772 867
0.003773 867
0.003774 867
0.003775 867
0.003776 867
0.003777 867
0.003778 867
0.003779 867
0.00378 868
0.003781 868
0.003782 868
0.003783 868
0.003784 868
0.003785 869
0.003786 868
0.003787 868
0.003788 868
0.003789 869
0.00379 869
0.003791 868
0.003792 868
0.003793 868
0.003794 868
0.003795 867
0.003796 867
0.003797 867
0.003798 866
0.003799 866
0.0038 866
0.003801 866
0.003802 866
0.003803 866
0.003804 866
0.003805 866
0.003806 866
0.003807 866
0.003808 866
0.003809 866
0.00381 866
0.003811 866
0.003812 866
0.003813 866
0.003814 866
0.003815 867
0.003816 867
0.003817 867
0.003818 867
0.003819 867
0.00382 867
0.003821 867
0.003822 867
0.003823 867
0.003824 867
0.003825 867
0.003826 867
0.003827 867
0.003828 867
0.003829 867
0.00383 867
0.003831 867
0.003832 867
0.003833 867
0.003834 867
0.003835 867
0.003836 867
0.003837 867
0.003838 867
0.003839 867
0.00384 867
0.003841 867
0.003842 867
0.003843 867
0.003844 867
0.003845 867
0.003846 867
0.003847 867
0.003848 867
0.003849 867
0.00385 867
0.003851 867
0.003852 867
0.003853 867
0.003854 867
0.003855 867
0.003856 867
0.003857 867
0.003858 867
0.003859 867
0.00386 867
0.003861 867
0.003862 867
0.003863 867
0.003864 867
0.003865 867
0.003866 867
0.003867 866
0.003868 866
0.003869 866
0.00387 866
0.003871 866
0.003872 866
0.003873 866
0.003874 866
0.003875 866
0.003876 866
0.003877 866
0.003878 866
0.003879 866
0.00388 866
0.003881 866
0.003882 866
0.003883 866
0.003884 866
0.003885 866
0.003886 866
0.003887 866
0.003888 866
0.003889 865
0.00389 865
0.003891 865
0.003892 865
0.003893 865
0.003894 865
0.003895 865
0.003896 865
0.003897 865
0.003898 864
0.003899 864
0.0039 864
0.003901 864
0.003902 864
0.003903 864
0.003904 865
0.003905 865
0.003906 865
0.003907 865
0.003908 865
0.003909 865
0.00391 865
0.003911 865
0.003912 865
0.003913 865
0.003914 865
0.003915 865
0.003916 865
0.003917 865
0.003918 865
0.003919 865
0.00392 865
0.003921 865
0.003922 865
0.003923 865
0.003924 865
0.003925 865
0.003926 865
0.003927 865
0.003928 865
0.003929 865
0.00393 865
0.003931 865
0.003932 865
0.003933 865
0.003934 865
0.003935 865
0.003936 865
0.003937 865
0.003938 865
0.003939 865
0.00394 865
0.003941 865
0.003942 865
0.003943 865
0.003944 865
0.003945 865
0.003946 865
0.003947 865
0.003948 865
0.003949 865
0.00395 864
0.003951 864
0.003952 864
0.003953 864
0.003954 864
0.003955 864
0.003956 865
0.003957 865
0.003958 865
0.003959 865
0.00396 865
0.003961 865
0.003962 865
0.003963 865
0.003964 867
0.003965 867
0.003966 867
0.003967 867
0.003968 866
0.003969 866
0.00397 866
0.003971 866
0.003972 866
0.003973 866
0.003974 866
0.003975 866
0.003976 866
0.003977 866
0.003978 866
0.003979 866
0.00398 866
0.003981 866
0.003982 866
0.003983 866
0.003984 866
0.003985 866
0.003986 866
0.003987 866
0.003988 866
0.003989 866
0.00399 866
0.003991 866
0.003992 866
0.003993 866
0.003994 866
0.003995 866
0.003996 866
0.003997 866
0.003998 866
0.003999 865
0.004 865
0.004001 865
0.004002 865
0.004003 865
0.004004 865
0.004005 866
0.004006 866
0.004007 866
0.004008 866
0.004009 866
0.00401 866
0.004011 865
0.004012 865
0.004013 865
0.004014 864
0.004015 864
0.004016 864
0.004017 864
0.004018 864
0.004019 864
0.00402 864
0.004021 865
0.004022 865
0.004023 865
0.004024 865
0.004025 865
0.004026 865
0.004027 865
0.004028 865
0.004029 865
0.00403 865
0.004031 865
0.004032 865
0.004033 865
0.004034 865
0.004035 865
0.004036 865
0.004037 865
0.004038 865
0.004039 865
0.00404 865
0.004041 865
0.004042 866
0.004043 866
0.004044 866
0.004045 866
0.004046 866
0.004047 866
0.004048 866
0.004049 866
0.00405 866
0.004051 866
0.004052 866
0.004053 866
0.004054 867
0.004055 867
0.004056 867
0.004057 867
0.004058 867
0.004059 867
0.00406 867
0.004061 868
0.004062 868
0.004063 868
0.004064 868
0.004065 868
0.004066 867
0.004067 867
0.004068 867
0.004069 867
0.00407 867
0.004071 867
0.004072 867
0.004073 866
0.004074 866
0.004075 866
0.004076 866
0.004077 866
0.004078 867
0.004079 867
0.00408 867
0.004081 867
0.004082 867
0.004083 867
0.004084 867
0.004085 867
0.004086 867
0.004087 867
0.004088 867
0.004089 867
0.00409 867
0.004091 867
0.004092 866
0.004093 866
0.004094 866
0.004095 865
0.004096 865
0.004097 865
0.004098 865
0.004099 865
0.0041 865
0.004101 865
0.004102 865
0.004103 865
0.004104 865
0.004105 865
0.004106 864
0.004107 864
0.004108 865
0.004109 866
0.00411 866
0.004111 866
0.004112 866
0.004113 866
0.004114 865
0.004115 865
0.004116 865
0.004117 865
0.004118 865
0.004119 865
0.00412 865
0.004121 864
0.004122 864
0.004123 864
0.004124 864
0.004125 864
0.004126 864
0.004127 864
0.004128 864
0.004129 864
0.00413 865
0.004131 865
0.004132 865
0.004133 865
0.004134 865
0.004135 865
0.004136 865
0.004137 865
0.004138 865
0.004139 865
0.00414 865
0.004141 865
0.004142 865
0.004143 865
0.004144 865
0.004145 865
0.004146 866
0.004147 866
0.004148 866
0.004149 866
0.00415 866
0.004151 866
0.004152 866
0.004153 866
0.004154 866
0.004155 867
0.004156 867
0.004157 867
0.004158 866
0.004159 866
0.00416 866
0.004161 866
0.004162 866
0.004163 866
0.004164 866
0.004165 866
0.004166 865
0.004167 865
0.004168 865
0.004169 865
0.00417 864
0.004171 864
0.004172 864
0.004173 864
0.004174 864
0.004175 863
0.004176 863
0.004177 863
0.004178 863
0.004179 863
0.00418 863
0.004181 863
0.004182 863
0.004183 863
0.004184 863
0.004185 863
0.004186 863
0.004187 863
0.004188 863
0.004189 863
0.00419 863
0.004191 863
0.004192 863
0.004193 863
0.004194 863
0.004195 863
0.004196 863
0.004197 863
0.004198 863
0.004199 863
0.0042 863
0.004201 863
0.004202 863
0.004203 863
0.004204 863
0.004205 863
0.004206 864
0.004207 864
0.004208 863
0.004209 865
0.00421 865
0.004211 865
0.004212 865
0.004213 865
0.004214 865
0.004215 865
0.004216 866
0.004217 866
0.004218 866
0.004219 866
0.00422 866
0.004221 866
0.004222 866
0.004223 866
0.004224 866
0.004225 866
0.004226 866
0.004227 866
0.004228 866
0.004229 866
0.00423 866
0.004231 866
0.004232 866
0.004233 866
0.004234 866
0.004235 866
0.004236 866
0.004237 866
0.004238 866
0.004239 866
0.00424 866
0.004241 866
0.004242 866
0.004243 866
0.004244 866
0.004245 866
0.004246 866
0.004247 866
0.004248 866
0.004249 866
0.00425 866
0.004251 866
0.004252 866
0.004253 865
0.004254 865
0.004255 865
0.004256 865
0.004257 864
0.004258 864
0.004259 864
0.00426 864
0.004261 864
0.004262 864
0.004263 864
0.004264 864
0.004265 864
0.004266 865
0.004267 866
0.004268 866
0.004269 866
0.00427 866
0.004271 866
0.004272 866
0.004273 866
0.004274 867
0.004275 867
0.004276 866
0.004277 866
0.004278 866
0.004279 867
0.00428 867
0.004281 867
0.004282 867
0.004283 867
0.004284 867
0.004285 866
0.004286 866
0.004287 866
0.004288 866
0.004289 866
0.00429 866
0.004291 866
0.004292 866
0.004293 866
0.004294 866
0.004295 866
0.004296 866
0.004297 866
0.004298 867
0.004299 867
0.0043 867
0.004301 867
0.004302 867
0.004303 867
0.004304 867
0.004305 867
0.004306 867
0.004307 867
0.004308 867
0.004309 868
0.00431 868
0.004311 867
0.004312 867
0.004313 866
0.004314 866
0.004315 866
0.004316 866
0.004317 866
0.004318 866
0.004319 866
0.00432 866
0.004321 866
0.004322 866
0.004323 865
0.004324 865
0.004325 865
0.004326 865
0.004327 865
0.004328 865
0.004329 865
0.00433 865
0.004331 865
0.004332 865
0.004333 865
0.004334 865
0.004335 865
0.004336 865
0.004337 865
0.004338 865
0.004339 864
0.00434 864
0.004341 864
0.004342 864
0.004343 864
0.004344 864
0.004345 864
0.004346 864
0.004347 864
0.004348 864
0.004349 863
0.00435 863
0.004351 864
0.004352 864
0.004353 864
0.004354 864
0.004355 864
0.004356 864
0.004357 864
0.004358 864
0.004359 864
0.00436 864
0.004361 864
0.004362 864
0.004363 864
0.004364 863
0.004365 863
0.004366 863
0.004367 863
0.004368 863
0.004369 863
0.00437 863
0.004371 863
0.004372 863
0.004373 863
0.004374 863
0.004375 865
0.004376 865
0.004377 865
0.004378 865
0.004379 865
0.00438 864
0.004381 864
0.004382 864
0.004383 864
0.004384 864
0.004385 864
0.004386 864
0.004387 864
0.004388 864
0.004389 864
0.00439 864
0.004391 865
0.004392 865
0.004393 865
0.004394 865
0.004395 865
0.004396 865
0.004397 865
0.004398 865
0.004399 865
0.0044 866
0.004401 866
0.004402 866
0.004403 866
0.004404 866
0.004405 866
0.004406 865
0.004407 866
0.004408 866
0.004409 867
0.00441 867
0.004411 867
0.004412 867
0.004413 867
0.004414 867
0.004415 867
0.004416 867
0.004417 867
0.004418 867
0.004419 867
0.00442 867
0.004421 867
0.004422 867
0.004423 867
0.004424 867
0.004425 867
0.004426 867
0.004427 867
0.004428 867
0.004429 867
0.00443 867
0.004431 867
0.004432 867
0.004433 867
0.004434 867
0.004435 867
0.004436 867
0.004437 867
0.004438 867
0.004439 867
0.00444 867
0.004441 867
0.004442 867
0.004443 867
0.004444 867
0.004445 867
0.004446 867
0.004447 867
0.004448 867
0.004449 867
0.00445 867
0.004451 867
0.004452 867
0.004453 867
0.004454 867
0.004455 867
0.004456 867
0.004457 867
0.004458 867
0.004459 867
0.00446 867
0.004461 867
0.004462 866
0.004463 866
0.004464 866
0.004465 866
0.004466 866
0.004467 866
0.004468 865
0.004469 864
0.00447 864
0.004471 864
0.004472 864
0.004473 864
0.004474 864
0.004475 864
0.004476 864
0.004477 863
0.004478 863
0.004479 863
0.00448 862
0.004481 862
0.004482 861
0.004483 861
0.004484 861
0.004485 861
0.004486 861
0.004487 861
0.004488 861
0.004489 861
0.00449 861
0.004491 861
0.004492 861
0.004493 860
0.004494 860
0.004495 860
0.004496 860
0.004497 860
0.004498 860
0.004499 860
0.0045 860
0.004501 860
0.004502 860
0.004503 860
0.004504 859
0.004505 859
0.004506 858
0.004507 858
0.004508 858
0.004509 858
0.00451 857
0.004511 857
0.004512 857
0.004513 857
0.004514 856
0.004515 856
0.004516 856
0.004517 855
0.004518 855
0.004519 855
0.00452 855
0.004521 855
0.004522 855
0.004523 855
0.004524 855
0.004525 855
0.004526 855
0.004527 855
0.004528 855
0.004529 855
0.00453 855
0.004531 855
0.004532 855
0.004533 855
0.004534 856
0.004535 856
0.004536 856
0.004537 856
0.004538 856
0.004539 856
0.00454 856
0.004541 856
0.004542 856
0.004543 856
0.004544 856
0.004545 856
0.004546 855
0.004547 855
0.004548 855
0.004549 855
0.00455 855
0.004551 855
0.004552 855
0.004553 855
0.004554 855
0.004555 855
0.004556 855
0.004557 855
0.004558 856
0.004559 856
0.00456 856
0.004561 856
0.004562 856
0.004563 856
0.004564 857
0.004565 857
0.004566 857
0.004567 856
0.004568 856
0.004569 856
0.00457 856
0.004571 856
0.004572 856
0.004573 856
0.004574 856
0.004575 856
0.004576 855
0.004577 855
0.004578 856
0.004579 856
0.00458 856
0.004581 856
0.004582 856
0.004583 856
0.004584 856
0.004585 856
0.004586 857
0.004587 857
0.004588 857
0.004589 857
0.00459 857
0.004591 857
0.004592 857
0.004593 857
0.004594 857
0.004595 857
0.004596 857
0.004597 857
0.004598 857
0.004599 857
0.0046 858
0.004601 858
0.004602 858
0.004603 858
0.004604 858
0.004605 858
0.004606 858
0.004607 858
0.004608 858
0.004609 857
0.00461 857
0.004611 857
0.004612 857
0.004613 857
0.004614 857
0.004615 857
0.004616 857
0.004617 857
0.004618 857
0.004619 858
0.00462 858
0.004621 858
0.004622 858
0.004623 858
0.004624 858
0.004625 858
0.004626 858
0.004627 858
0.004628 858
0.004629 858
0.00463 858
0.004631 858
0.004632 858
0.004633 858
0.004634 858
0.004635 858
0.004636 858
0.004637 858
0.004638 858
0.004639 858
0.00464 858
0.004641 858
0.004642 858
0.004643 858
0.004644 858
0.004645 858
0.004646 858
0.004647 858
0.004648 858
0.004649 858
0.00465 858
0.004651 858
0.004652 858
0.004653 858
0.004654 858
0.004655 858
0.004656 858
0.004657 858
0.004658 858
0.004659 858
0.00466 858
0.004661 858
0.004662 858
0.004663 858
0.004664 858
0.004665 858
0.004666 858
0.004667 858
0.004668 858
0.004669 858
0.00467 857
0.004671 857
0.004672 857
0.004673 857
0.004674 857
0.004675 857
0.004676 857
0.004677 857
0.004678 857
0.004679 857
0.00468 857
0.004681 856
0.004682 856
0.004683 856
0.004684 856
0.004685 856
0.004686 856
0.004687 856
0.004688 856
0.004689 856
0.00469 857
0.004691 857
0.004692 857
0.004693 858
0.004694 857
0.004695 857
0.004696 857
0.004697 857
0.004698 857
0.004699 857
0.0047 857
0.004701 857
0.004702 857
0.004703 857
0.004704 857
0.004705 856
0.004706 856
0.004707 856
0.004708 856
0.004709 856
0.00471 857
0.004711 857
0.004712 857
0.004713 857
0.004714 857
0.004715 856
0.004716 856
0.004717 856
0.004718 857
0.004719 857
0.00472 857
0.004721 857
0.004722 857
0.004723 857
0.004724 857
0.004725 857
0.004726 857
0.004727 857
0.004728 857
0.004729 857
0.00473 857
0.004731 857
0.004732 857
0.004733 856
0.004734 856
0.004735 856
0.004736 856
0.004737 856
0.004738 856
0.004739 856
0.00474 856
0.004741 857
0.004742 857
0.004743 857
0.004744 857
0.004745 857
0.004746 857
0.004747 857
0.004748 857
0.004749 856
0.00475 856
0.004751 856
0.004752 856
0.004753 856
0.004754 856
0.004755 856
0.004756 856
0.004757 856
0.004758 856
0.004759 856
0.00476 857
0.004761 857
0.004762 857
0.004763 857
0.004764 857
0.004765 858
0.004766 858
0.004767 858
0.004768 858
0.004769 858
0.00477 858
0.004771 856
0.004772 856
0.004773 856
0.004774 856
0.004775 856
0.004776 856
0.004777 855
0.004778 854
0.004779 854
0.00478 854
0.004781 854
0.004782 854
0.004783 854
0.004784 854
0.004785 854
0.004786 854
0.004787 854
0.004788 854
0.004789 854
0.00479 854
0.004791 854
0.004792 854
0.004793 854
0.004794 854
0.004795 854
0.004796 854
0.004797 854
0.004798 854
0.004799 854
0.0048 854
0.004801 854
0.004802 854
0.004803 854
0.004804 854
0.004805 854
0.004806 854
0.004807 854
0.004808 854
0.004809 854
0.00481 854
0.004811 854
0.004812 854
0.004813 854
0.004814 854
0.004815 854
0.004816 854
0.004817 854
0.004818 855
0.004819 855
0.00482 854
0.004821 855
0.004822 855
0.004823 855
0.004824 855
0.004825 855
0.004826 855
0.004827 855
0.004828 855
0.004829 855
0.00483 855
0.004831 854
0.004832 854
0.004833 853
0.004834 853
0.004835 853
0.004836 853
0.004837 853
0.004838 853
0.004839 853
0.00484 852
0.004841 853
0.004842 853
0.004843 853
0.004844 853
0.004845 853
0.004846 853
0.004847 853
0.004848 853
0.004849 853
0.00485 853
0.004851 853
0.004852 854
0.004853 854
0.004854 854
0.004855 854
0.004856 853
0.004857 853
0.004858 852
0.004859 852
0.00486 852
0.004861 852
0.004862 852
0.004863 852
0.004864 851
0.004865 851
0.004866 851
0.004867 851
0.004868 851
0.004869 851
0.00487 851
0.004871 851
0.004872 851
0.004873 851
0.004874 851
0.004875 851
0.004876 851
0.004877 851
0.004878 850
0.004879 850
0.00488 850
0.004881 850
0.004882 850
0.004883 851
0.004884 851
0.004885 851
0.004886 851
0.004887 851
0.004888 851
0.004889 851
0.00489 851
0.004891 851
0.004892 851
0.004893 851
0.004894 851
0.004895 851
0.004896 851
0.004897 851
0.004898 851
0.004899 851
0.0049 851
0.004901 851
0.004902 851
0.004903 851
0.004904 850
0.004905 850
0.004906 850
0.004907 850
0.004908 850
0.004909 850
0.00491 849
0.004911 849
0.004912 849
0.004913 849
0.004914 849
0.004915 849
0.004916 849
0.004917 849
0.004918 850
0.004919 850
0.00492 850
0.004921 850
0.004922 851
0.004923 851
0.004924 851
0.004925 851
0.004926 852
0.004927 852
0.004928 852
0.004929 852
0.00493 852
0.004931 852
0.004932 852
0.004933 852
0.004934 852
0.004935 852
0.004936 852
0.004937 852
0.004938 851
0.004939 852
0.00494 852
0.004941 852
0.004942 852
0.004943 852
0.004944 852
0.004945 852
0.004946 852
0.004947 852
0.004948 852
0.004949 852
0.00495 851
0.004951 852
0.004952 852
0.004953 852
0.004954 852
0.004955 852
0.004956 852
0.004957 852
0.004958 852
0.004959 852
0.00496 852
0.004961 852
0.004962 852
0.004963 852
0.004964 852
0.004965 852
0.004966 852
0.004967 852
0.004968 852
0.004969 852
0.00497 852
0.004971 852
0.004972 852
0.004973 852
0.004974 851
0.004975 851
0.004976 851
0.004977 851
0.004978 851
0.004979 851
0.00498 851
0.004981 851
0.004982 851
0.004983 852
0.004984 852
0.004985 852
0.004986 852
0.004987 852
0.004988 852
0.004989 852
0.00499 852
0.004991 852
0.004992 852
0.004993 852
0.004994 852
0.004995 852
0.004996 852
0.004997 852
0.004998 852
0.004999 852
0.005 852
