0 5322
1e-06 5297
2e-06 5254
3e-06 5219
4e-06 5181
5e-06 5153
6e-06 5111
7e-06 5064
8e-06 5032
9e-06 4999
1e-05 4965
1.1e-05 4927
1.2e-05 4893
1.3e-05 4865
1.4e-05 4836
1.5e-05 4802
1.6e-05 4769
1.7e-05 4736
1.8e-05 4713
1.9e-05 4685
2e-05 4649
2.1e-05 4621
2.2e-05 4591
2.3e-05 4554
2.4e-05 4531
2.5e-05 4501
2.6e-05 4467
2.7e-05 4438
2.8e-05 4411
2.9e-05 4388
3e-05 4346
3.1e-05 4327
3.2e-05 4297
3.3e-05 4265
3.4e-05 4241
3.5e-05 4209
3.6e-05 4182
3.7e-05 4145
3.8e-05 4121
3.9e-05 4090
4e-05 4062
4.1e-05 4030
4.2e-05 4003
4.3e-05 3977
4.4e-05 3950
4.5e-05 3919
4.6e-05 3898
4.7e-05 3869
4.8e-05 3843
4.9e-05 3818
5e-05 3786
5.1e-05 3750
5.2e-05 3731
5.3e-05 3706
5.4e-05 3685
5.5e-05 3664
5.6e-05 3640
5.7e-05 3618
5.8e-05 3591
5.9e-05 3572
6e-05 3544
6.1e-05 3526
6.2e-05 3496
6.3e-05 3471
6.4e-05 3449
6.5e-05 3429
6.6e-05 3402
6.7e-05 3378
6.8e-05 3358
6.9e-05 3333
7e-05 3313
7.1e-05 3290
7.2e-05 3273
7.3e-05 3256
7.4e-05 3230
7.5e-05 3201
7.6e-05 3182
7.7e-05 3161
7.8e-05 3138
7.9e-05 3111
8e-05 3094
8.1e-05 3074
8.2e-05 3047
8.3e-05 3023
8.4e-05 3007
8.5e-05 2996
8.6e-05 2978
8.7e-05 2956
8.8e-05 2941
8.9e-05 2918
9e-05 2898
9.1e-05 2880
9.2e-05 2853
9.3e-05 2837
9.4e-05 2824
9.5e-05 2807
9.6e-05 2792
9.7e-05 2772
9.8e-05 2759
9.9e-05 2744
0.0001 2732
0.000101 2715
0.000102 2699
0.000103 2683
0.000104 2666
0.000105 2640
0.000106 2629
0.000107 2611
0.000108 2592
0.000109 2578
0.00011 2563
0.000111 2548
0.000112 2536
0.000113 2520
0.000114 2512
0.000115 2501
0.000116 2487
0.000117 2465
0.000118 2453
0.000119 2433
0.00012 2417
0.000121 2413
0.000122 2400
0.000123 2388
0.000124 2374
0.000125 2356
0.000126 2343
0.000127 2330
0.000128 2311
0.000129 2301
0.00013 2276
0.000131 2259
0.000132 2252
0.000133 2231
0.000134 2216
0.000135 2200
0.000136 2187
0.000137 2181
0.000138 2160
0.000139 2142
0.00014 2128
0.000141 2111
0.000142 2094
0.000143 2086
0.000144 2074
0.000145 2057
0.000146 2042
0.000147 2034
0.000148 2017
0.000149 2001
0.00015 1984
0.000151 1969
0.000152 1954
0.000153 1944
0.000154 1930
0.000155 1920
0.000156 1911
0.000157 1893
0.000158 1880
0.000159 1869
0.00016 1856
0.000161 1848
0.000162 1835
0.000163 1826
0.000164 1818
0.000165 1807
0.000166 1794
0.000167 1784
0.000168 1769
0.000169 1757
0.00017 1747
0.000171 1735
0.000172 1726
0.000173 1714
0.000174 1701
0.000175 1694
0.000176 1684
0.000177 1670
0.000178 1662
0.000179 1651
0.00018 1642
0.000181 1639
0.000182 1632
0.000183 1621
0.000184 1612
0.000185 1605
0.000186 1597
0.000187 1585
0.000188 1577
0.000189 1569
0.00019 1557
0.000191 1550
0.000192 1544
0.000193 1538
0.000194 1528
0.000195 1522
0.000196 1516
0.000197 1511
0.000198 1506
0.000199 1498
0.0002 1489
0.000201 1476
0.000202 1466
0.000203 1459
0.000204 1453
0.000205 1443
0.000206 1434
0.000207 1427
0.000208 1419
0.000209 1409
0.00021 1397
0.000211 1391
0.000212 1384
0.000213 1378
0.000214 1366
0.000215 1359
0.000216 1350
0.000217 1339
0.000218 1330
0.000219 1323
0.00022 1318
0.000221 1308
0.000222 1300
0.000223 1294
0.000224 1287
0.000225 1278
0.000226 1268
0.000227 1262
0.000228 1258
0.000229 1245
0.00023 1241
0.000231 1236
0.000232 1227
0.000233 1220
0.000234 1210
0.000235 1205
0.000236 1200
0.000237 1197
0.000238 1189
0.000239 1181
0.00024 1172
0.000241 1163
0.000242 1156
0.000243 1145
0.000244 1140
0.000245 1131
0.000246 1119
0.000247 1109
0.000248 1099
0.000249 1089
0.00025 1079
0.000251 1072
0.000252 1063
0.000253 1056
0.000254 1049
0.000255 1045
0.000256 1039
0.000257 1034
0.000258 1028
0.000259 1027
0.00026 1023
0.000261 1019
0.000262 1012
0.000263 1002
0.000264 995
0.000265 987
0.000266 983
0.000267 976
0.000268 970
0.000269 961
0.00027 951
0.000271 947
0.000272 943
0.000273 943
0.000274 939
0.000275 929
0.000276 919
0.000277 912
0.000278 904
0.000279 898
0.00028 892
0.000281 890
0.000282 883
0.000283 878
0.000284 873
0.000285 868
0.000286 867
0.000287 863
0.000288 857
0.000289 851
0.00029 847
0.000291 844
0.000292 838
0.000293 833
0.000294 831
0.000295 831
0.000296 827
0.000297 822
0.000298 816
0.000299 813
0.0003 808
0.000301 803
0.000302 797
0.000303 794
0.000304 787
0.000305 780
0.000306 776
0.000307 771
0.000308 770
0.000309 769
0.00031 767
0.000311 761
0.000312 759
0.000313 757
0.000314 754
0.000315 748
0.000316 743
0.000317 741
0.000318 735
0.000319 727
0.00032 724
0.000321 717
0.000322 713
0.000323 709
0.000324 710
0.000325 705
0.000326 703
0.000327 699
0.000328 695
0.000329 694
0.00033 686
0.000331 683
0.000332 680
0.000333 675
0.000334 671
0.000335 665
0.000336 659
0.000337 653
0.000338 648
0.000339 642
0.00034 637
0.000341 635
0.000342 633
0.000343 630
0.000344 626
0.000345 623
0.000346 622
0.000347 619
0.000348 616
0.000349 616
0.00035 614
0.000351 610
0.000352 607
0.000353 602
0.000354 599
0.000355 595
0.000356 590
0.000357 585
0.000358 581
0.000359 577
0.00036 575
0.000361 570
0.000362 567
0.000363 566
0.000364 561
0.000365 557
0.000366 557
0.000367 554
0.000368 550
0.000369 548
0.00037 545
0.000371 544
0.000372 539
0.000373 536
0.000374 536
0.000375 533
0.000376 529
0.000377 526
0.000378 525
0.000379 524
0.00038 522
0.000381 521
0.000382 522
0.000383 519
0.000384 517
0.000385 513
0.000386 511
0.000387 507
0.000388 505
0.000389 503
0.00039 497
0.000391 494
0.000392 490
0.000393 489
0.000394 488
0.000395 486
0.000396 485
0.000397 485
0.000398 480
0.000399 480
0.0004 478
0.000401 475
0.000402 475
0.000403 476
0.000404 474
0.000405 471
0.000406 468
0.000407 465
0.000408 464
0.000409 464
0.00041 461
0.000411 460
0.000412 460
0.000413 457
0.000414 454
0.000415 456
0.000416 454
0.000417 453
0.000418 450
0.000419 449
0.00042 446
0.000421 441
0.000422 440
0.000423 438
0.000424 436
0.000425 434
0.000426 426
0.000427 426
0.000428 426
0.000429 426
0.00043 426
0.000431 426
0.000432 424
0.000433 423
0.000434 419
0.000435 415
0.000436 413
0.000437 411
0.000438 409
0.000439 408
0.00044 404
0.000441 401
0.000442 400
0.000443 398
0.000444 399
0.000445 398
0.000446 394
0.000447 392
0.000448 389
0.000449 386
0.00045 386
0.000451 382
0.000452 379
0.000453 379
0.000454 377
0.000455 372
0.000456 368
0.000457 367
0.000458 368
0.000459 365
0.00046 364
0.000461 361
0.000462 360
0.000463 358
0.000464 355
0.000465 349
0.000466 345
0.000467 341
0.000468 341
0.000469 339
0.00047 336
0.000471 335
0.000472 334
0.000473 334
0.000474 330
0.000475 328
0.000476 324
0.000477 324
0.000478 323
0.000479 320
0.00048 320
0.000481 316
0.000482 317
0.000483 316
0.000484 315
0.000485 313
0.000486 310
0.000487 309
0.000488 309
0.000489 308
0.00049 306
0.000491 305
0.000492 303
0.000493 303
0.000494 303
0.000495 303
0.000496 303
0.000497 303
0.000498 299
0.000499 297
0.0005 294
0.000501 293
0.000502 292
0.000503 288
0.000504 284
0.000505 285
0.000506 283
0.000507 280
0.000508 276
0.000509 276
0.00051 274
0.000511 272
0.000512 268
0.000513 268
0.000514 264
0.000515 262
0.000516 259
0.000517 261
0.000518 259
0.000519 258
0.00052 258
0.000521 257
0.000522 256
0.000523 256
0.000524 256
0.000525 256
0.000526 257
0.000527 257
0.000528 255
0.000529 252
0.00053 250
0.000531 249
0.000532 249
0.000533 247
0.000534 249
0.000535 249
0.000536 249
0.000537 249
0.000538 248
0.000539 248
0.00054 245
0.000541 246
0.000542 245
0.000543 245
0.000544 244
0.000545 242
0.000546 242
0.000547 241
0.000548 240
0.000549 241
0.00055 241
0.000551 240
0.000552 240
0.000553 239
0.000554 239
0.000555 237
0.000556 236
0.000557 235
0.000558 234
0.000559 232
0.00056 232
0.000561 233
0.000562 232
0.000563 228
0.000564 226
0.000565 221
0.000566 219
0.000567 218
0.000568 217
0.000569 217
0.00057 217
0.000571 217
0.000572 217
0.000573 218
0.000574 215
0.000575 216
0.000576 215
0.000577 215
0.000578 215
0.000579 214
0.00058 216
0.000581 216
0.000582 214
0.000583 214
0.000584 212
0.000585 211
0.000586 210
0.000587 209
0.000588 209
0.000589 208
0.00059 208
0.000591 208
0.000592 209
0.000593 209
0.000594 208
0.000595 207
0.000596 205
0.000597 203
0.000598 204
0.000599 204
0.0006 203
0.000601 202
0.000602 200
0.000603 201
0.000604 202
0.000605 199
0.000606 198
0.000607 198
0.000608 196
0.000609 195
0.00061 195
0.000611 192
0.000612 192
0.000613 192
0.000614 192
0.000615 191
0.000616 188
0.000617 186
0.000618 187
0.000619 187
0.00062 186
0.000621 185
0.000622 184
0.000623 181
0.000624 182
0.000625 181
0.000626 180
0.000627 180
0.000628 179
0.000629 177
0.00063 175
0.000631 174
0.000632 174
0.000633 174
0.000634 174
0.000635 173
0.000636 176
0.000637 175
0.000638 173
0.000639 173
0.00064 172
0.000641 173
0.000642 173
0.000643 175
0.000644 175
0.000645 174
0.000646 172
0.000647 170
0.000648 169
0.000649 167
0.00065 167
0.000651 167
0.000652 166
0.000653 166
0.000654 166
0.000655 166
0.000656 166
0.000657 165
0.000658 166
0.000659 165
0.00066 164
0.000661 164
0.000662 164
0.000663 164
0.000664 165
0.000665 163
0.000666 160
0.000667 160
0.000668 160
0.000669 160
0.00067 160
0.000671 162
0.000672 160
0.000673 160
0.000674 158
0.000675 161
0.000676 162
0.000677 160
0.000678 158
0.000679 156
0.00068 158
0.000681 157
0.000682 159
0.000683 159
0.000684 157
0.000685 158
0.000686 158
0.000687 159
0.000688 159
0.000689 158
0.00069 156
0.000691 156
0.000692 156
0.000693 155
0.000694 154
0.000695 153
0.000696 151
0.000697 149
0.000698 149
0.000699 148
0.0007 147
0.000701 146
0.000702 146
0.000703 145
0.000704 146
0.000705 145
0.000706 144
0.000707 144
0.000708 143
0.000709 142
0.00071 141
0.000711 140
0.000712 139
0.000713 138
0.000714 138
0.000715 139
0.000716 137
0.000717 136
0.000718 137
0.000719 138
0.00072 138
0.000721 136
0.000722 135
0.000723 136
0.000724 137
0.000725 138
0.000726 136
0.000727 136
0.000728 136
0.000729 136
0.00073 136
0.000731 138
0.000732 139
0.000733 138
0.000734 137
0.000735 135
0.000736 135
0.000737 136
0.000738 134
0.000739 136
0.00074 136
0.000741 137
0.000742 136
0.000743 136
0.000744 134
0.000745 135
0.000746 135
0.000747 135
0.000748 134
0.000749 135
0.00075 133
0.000751 134
0.000752 134
0.000753 134
0.000754 131
0.000755 131
0.000756 130
0.000757 130
0.000758 130
0.000759 129
0.00076 127
0.000761 127
0.000762 127
0.000763 128
0.000764 131
0.000765 132
0.000766 133
0.000767 134
0.000768 134
0.000769 134
0.00077 133
0.000771 132
0.000772 132
0.000773 130
0.000774 130
0.000775 130
0.000776 128
0.000777 128
0.000778 127
0.000779 127
0.00078 127
0.000781 128
0.000782 127
0.000783 128
0.000784 128
0.000785 129
0.000786 128
0.000787 126
0.000788 126
0.000789 125
0.00079 125
0.000791 125
0.000792 124
0.000793 124
0.000794 124
0.000795 124
0.000796 124
0.000797 125
0.000798 125
0.000799 124
0.0008 124
0.000801 124
0.000802 124
0.000803 125
0.000804 125
0.000805 125
0.000806 125
0.000807 124
0.000808 123
0.000809 123
0.00081 124
0.000811 124
0.000812 125
0.000813 124
0.000814 126
0.000815 125
0.000816 125
0.000817 123
0.000818 125
0.000819 124
0.00082 124
0.000821 126
0.000822 126
0.000823 126
0.000824 126
0.000825 126
0.000826 126
0.000827 126
0.000828 124
0.000829 123
0.00083 122
0.000831 122
0.000832 123
0.000833 123
0.000834 123
0.000835 123
0.000836 125
0.000837 125
0.000838 124
0.000839 123
0.00084 126
0.000841 125
0.000842 125
0.000843 127
0.000844 128
0.000845 129
0.000846 129
0.000847 128
0.000848 129
0.000849 126
0.00085 126
0.000851 127
0.000852 126
0.000853 125
0.000854 124
0.000855 123
0.000856 124
0.000857 125
0.000858 124
0.000859 125
0.00086 125
0.000861 124
0.000862 124
0.000863 122
0.000864 121
0.000865 120
0.000866 121
0.000867 121
0.000868 121
0.000869 121
0.00087 121
0.000871 120
0.000872 119
0.000873 119
0.000874 119
0.000875 121
0.000876 120
0.000877 119
0.000878 119
0.000879 119
0.00088 119
0.000881 119
0.000882 119
0.000883 118
0.000884 117
0.000885 116
0.000886 116
0.000887 117
0.000888 117
0.000889 117
0.00089 116
0.000891 116
0.000892 115
0.000893 116
0.000894 115
0.000895 115
0.000896 113
0.000897 113
0.000898 113
0.000899 112
0.0009 113
0.000901 115
0.000902 116
0.000903 116
0.000904 116
0.000905 118
0.000906 119
0.000907 120
0.000908 119
0.000909 119
0.00091 119
0.000911 119
0.000912 120
0.000913 123
0.000914 123
0.000915 123
0.000916 123
0.000917 122
0.000918 122
0.000919 120
0.00092 121
0.000921 123
0.000922 122
0.000923 122
0.000924 121
0.000925 122
0.000926 122
0.000927 120
0.000928 120
0.000929 119
0.00093 118
0.000931 118
0.000932 116
0.000933 116
0.000934 116
0.000935 116
0.000936 116
0.000937 116
0.000938 115
0.000939 115
0.00094 116
0.000941 116
0.000942 116
0.000943 116
0.000944 115
0.000945 114
0.000946 116
0.000947 117
0.000948 116
0.000949 116
0.00095 116
0.000951 116
0.000952 115
0.000953 115
0.000954 114
0.000955 112
0.000956 111
0.000957 111
0.000958 110
0.000959 110
0.00096 109
0.000961 109
0.000962 108
0.000963 108
0.000964 106
0.000965 106
0.000966 107
0.000967 107
0.000968 107
0.000969 105
0.00097 105
0.000971 105
0.000972 104
0.000973 105
0.000974 104
0.000975 104
0.000976 104
0.000977 104
0.000978 104
0.000979 104
0.00098 103
0.000981 102
0.000982 102
0.000983 102
0.000984 102
0.000985 102
0.000986 102
0.000987 103
0.000988 104
0.000989 104
0.00099 103
0.000991 102
0.000992 101
0.000993 101
0.000994 101
0.000995 101
0.000996 100
0.000997 100
0.000998 99
0.000999 98
0.001 97
0.001001 99
0.001002 99
0.001003 98
0.001004 98
0.001005 97
0.001006 97
0.001007 96
0.001008 94
0.001009 96
0.00101 96
0.001011 93
0.001012 91
0.001013 91
0.001014 91
0.001015 91
0.001016 92
0.001017 93
0.001018 93
0.001019 90
0.00102 89
0.001021 90
0.001022 90
0.001023 90
0.001024 90
0.001025 90
0.001026 89
0.001027 89
0.001028 90
0.001029 89
0.00103 89
0.001031 89
0.001032 88
0.001033 87
0.001034 87
0.001035 87
0.001036 87
0.001037 88
0.001038 87
0.001039 88
0.00104 88
0.001041 88
0.001042 88
0.001043 89
0.001044 89
0.001045 89
0.001046 90
0.001047 91
0.001048 92
0.001049 91
0.00105 91
0.001051 91
0.001052 91
0.001053 92
0.001054 91
0.001055 91
0.001056 92
0.001057 92
0.001058 92
0.001059 91
0.00106 90
0.001061 89
0.001062 89
0.001063 89
0.001064 88
0.001065 89
0.001066 90
0.001067 93
0.001068 93
0.001069 92
0.00107 91
0.001071 91
0.001072 91
0.001073 91
0.001074 91
0.001075 91
0.001076 90
0.001077 90
0.001078 89
0.001079 90
0.00108 90
0.001081 90
0.001082 90
0.001083 90
0.001084 92
0.001085 91
0.001086 91
0.001087 90
0.001088 92
0.001089 92
0.00109 92
0.001091 92
0.001092 92
0.001093 91
0.001094 91
0.001095 93
0.001096 93
0.001097 93
0.001098 93
0.001099 93
0.0011 93
0.001101 93
0.001102 94
0.001103 94
0.001104 93
0.001105 94
0.001106 94
0.001107 93
0.001108 92
0.001109 93
0.00111 90
0.001111 90
0.001112 90
0.001113 90
0.001114 90
0.001115 90
0.001116 88
0.001117 90
0.001118 91
0.001119 91
0.00112 92
0.001121 94
0.001122 94
0.001123 94
0.001124 94
0.001125 95
0.001126 97
0.001127 99
0.001128 98
0.001129 99
0.00113 100
0.001131 100
0.001132 101
0.001133 100
0.001134 102
0.001135 102
0.001136 101
0.001137 102
0.001138 101
0.001139 101
0.00114 100
0.001141 100
0.001142 102
0.001143 102
0.001144 100
0.001145 98
0.001146 98
0.001147 98
0.001148 95
0.001149 95
0.00115 95
0.001151 95
0.001152 95
0.001153 95
0.001154 95
0.001155 95
0.001156 95
0.001157 94
0.001158 92
0.001159 95
0.00116 96
0.001161 94
0.001162 94
0.001163 95
0.001164 93
0.001165 91
0.001166 90
0.001167 90
0.001168 90
0.001169 90
0.00117 90
0.001171 90
0.001172 92
0.001173 93
0.001174 93
0.001175 92
0.001176 92
0.001177 90
0.001178 90
0.001179 89
0.00118 89
0.001181 88
0.001182 88
0.001183 87
0.001184 87
0.001185 87
0.001186 87
0.001187 87
0.001188 86
0.001189 87
0.00119 86
0.001191 85
0.001192 85
0.001193 86
0.001194 87
0.001195 85
0.001196 85
0.001197 85
0.001198 84
0.001199 84
0.0012 85
0.001201 84
0.001202 84
0.001203 86
0.001204 86
0.001205 85
0.001206 84
0.001207 84
0.001208 83
0.001209 83
0.00121 82
0.001211 81
0.001212 82
0.001213 83
0.001214 82
0.001215 83
0.001216 82
0.001217 83
0.001218 83
0.001219 83
0.00122 82
0.001221 82
0.001222 83
0.001223 83
0.001224 82
0.001225 82
0.001226 83
0.001227 82
0.001228 82
0.001229 82
0.00123 81
0.001231 81
0.001232 81
0.001233 81
0.001234 82
0.001235 82
0.001236 83
0.001237 83
0.001238 83
0.001239 84
0.00124 84
0.001241 83
0.001242 83
0.001243 81
0.001244 81
0.001245 81
0.001246 82
0.001247 82
0.001248 81
0.001249 80
0.00125 80
0.001251 80
0.001252 78
0.001253 78
0.001254 79
0.001255 79
0.001256 78
0.001257 78
0.001258 78
0.001259 77
0.00126 77
0.001261 77
0.001262 78
0.001263 78
0.001264 76
0.001265 76
0.001266 76
0.001267 75
0.001268 75
0.001269 75
0.00127 75
0.001271 75
0.001272 75
0.001273 77
0.001274 79
0.001275 80
0.001276 81
0.001277 82
0.001278 82
0.001279 82
0.00128 82
0.001281 83
0.001282 84
0.001283 84
0.001284 83
0.001285 83
0.001286 84
0.001287 84
0.001288 84
0.001289 85
0.00129 86
0.001291 86
0.001292 86
0.001293 86
0.001294 85
0.001295 86
0.001296 86
0.001297 87
0.001298 88
0.001299 88
0.0013 87
0.001301 87
0.001302 86
0.001303 86
0.001304 85
0.001305 85
0.001306 86
0.001307 87
0.001308 87
0.001309 87
0.00131 87
0.001311 86
0.001312 85
0.001313 85
0.001314 84
0.001315 84
0.001316 84
0.001317 84
0.001318 84
0.001319 84
0.00132 84
0.001321 83
0.001322 82
0.001323 81
0.001324 80
0.001325 80
0.001326 77
0.001327 76
0.001328 77
0.001329 75
0.00133 76
0.001331 77
0.001332 76
0.001333 76
0.001334 77
0.001335 76
0.001336 76
0.001337 77
0.001338 79
0.001339 79
0.00134 77
0.001341 77
0.001342 77
0.001343 77
0.001344 77
0.001345 77
0.001346 78
0.001347 79
0.001348 77
0.001349 78
0.00135 77
0.001351 76
0.001352 76
0.001353 76
0.001354 75
0.001355 74
0.001356 73
0.001357 73
0.001358 74
0.001359 75
0.00136 74
0.001361 75
0.001362 75
0.001363 74
0.001364 73
0.001365 73
0.001366 73
0.001367 74
0.001368 76
0.001369 76
0.00137 77
0.001371 79
0.001372 79
0.001373 79
0.001374 79
0.001375 79
0.001376 79
0.001377 78
0.001378 77
0.001379 77
0.00138 76
0.001381 77
0.001382 77
0.001383 75
0.001384 77
0.001385 77
0.001386 76
0.001387 75
0.001388 74
0.001389 73
0.00139 73
0.001391 72
0.001392 73
0.001393 75
0.001394 75
0.001395 75
0.001396 75
0.001397 74
0.001398 74
0.001399 74
0.0014 73
0.001401 74
0.001402 74
0.001403 74
0.001404 73
0.001405 73
0.001406 72
0.001407 72
0.001408 72
0.001409 71
0.00141 71
0.001411 71
0.001412 73
0.001413 72
0.001414 72
0.001415 72
0.001416 72
0.001417 69
0.001418 69
0.001419 68
0.00142 68
0.001421 68
0.001422 69
0.001423 69
0.001424 68
0.001425 69
0.001426 71
0.001427 70
0.001428 69
0.001429 69
0.00143 69
0.001431 69
0.001432 70
0.001433 70
0.001434 70
0.001435 71
0.001436 71
0.001437 72
0.001438 73
0.001439 73
0.00144 73
0.001441 73
0.001442 73
0.001443 72
0.001444 72
0.001445 72
0.001446 72
0.001447 72
0.001448 72
0.001449 72
0.00145 73
0.001451 73
0.001452 72
0.001453 72
0.001454 72
0.001455 72
0.001456 72
0.001457 73
0.001458 73
0.001459 73
0.00146 73
0.001461 73
0.001462 73
0.001463 74
0.001464 77
0.001465 77
0.001466 77
0.001467 79
0.001468 77
0.001469 77
0.00147 78
0.001471 77
0.001472 77
0.001473 78
0.001474 80
0.001475 80
0.001476 80
0.001477 78
0.001478 77
0.001479 77
0.00148 79
0.001481 79
0.001482 79
0.001483 79
0.001484 80
0.001485 80
0.001486 82
0.001487 84
0.001488 86
0.001489 86
0.00149 87
0.001491 87
0.001492 87
0.001493 86
0.001494 85
0.001495 86
0.001496 85
0.001497 84
0.001498 84
0.001499 85
0.0015 85
0.001501 85
0.001502 85
0.001503 85
0.001504 86
0.001505 86
0.001506 86
0.001507 86
0.001508 86
0.001509 85
0.00151 85
0.001511 83
0.001512 83
0.001513 82
0.001514 82
0.001515 82
0.001516 82
0.001517 84
0.001518 84
0.001519 85
0.00152 85
0.001521 85
0.001522 83
0.001523 82
0.001524 81
0.001525 81
0.001526 81
0.001527 81
0.001528 80
0.001529 80
0.00153 80
0.001531 80
0.001532 80
0.001533 80
0.001534 80
0.001535 80
0.001536 80
0.001537 79
0.001538 80
0.001539 79
0.00154 79
0.001541 79
0.001542 79
0.001543 79
0.001544 80
0.001545 81
0.001546 80
0.001547 80
0.001548 80
0.001549 80
0.00155 79
0.001551 77
0.001552 76
0.001553 76
0.001554 75
0.001555 75
0.001556 75
0.001557 75
0.001558 75
0.001559 76
0.00156 76
0.001561 75
0.001562 76
0.001563 76
0.001564 77
0.001565 77
0.001566 79
0.001567 79
0.001568 79
0.001569 79
0.00157 78
0.001571 76
0.001572 77
0.001573 77
0.001574 77
0.001575 78
0.001576 78
0.001577 78
0.001578 79
0.001579 77
0.00158 75
0.001581 75
0.001582 76
0.001583 76
0.001584 77
0.001585 78
0.001586 78
0.001587 79
0.001588 79
0.001589 79
0.00159 77
0.001591 76
0.001592 77
0.001593 76
0.001594 76
0.001595 77
0.001596 77
0.001597 78
0.001598 79
0.001599 78
0.0016 79
0.001601 80
0.001602 80
0.001603 80
0.001604 78
0.001605 77
0.001606 77
0.001607 76
0.001608 76
0.001609 76
0.00161 76
0.001611 77
0.001612 80
0.001613 79
0.001614 79
0.001615 80
0.001616 81
0.001617 82
0.001618 83
0.001619 83
0.00162 83
0.001621 83
0.001622 83
0.001623 83
0.001624 81
0.001625 83
0.001626 83
0.001627 82
0.001628 82
0.001629 83
0.00163 85
0.001631 84
0.001632 85
0.001633 85
0.001634 84
0.001635 85
0.001636 85
0.001637 84
0.001638 84
0.001639 85
0.00164 84
0.001641 83
0.001642 83
0.001643 83
0.001644 82
0.001645 81
0.001646 80
0.001647 81
0.001648 82
0.001649 82
0.00165 82
0.001651 84
0.001652 84
0.001653 84
0.001654 84
0.001655 84
0.001656 85
0.001657 85
0.001658 85
0.001659 84
0.00166 83
0.001661 82
0.001662 82
0.001663 82
0.001664 82
0.001665 81
0.001666 80
0.001667 79
0.001668 79
0.001669 80
0.00167 77
0.001671 77
0.001672 77
0.001673 77
0.001674 77
0.001675 76
0.001676 75
0.001677 77
0.001678 78
0.001679 79
0.00168 78
0.001681 78
0.001682 77
0.001683 76
0.001684 76
0.001685 75
0.001686 77
0.001687 79
0.001688 79
0.001689 79
0.00169 79
0.001691 78
0.001692 79
0.001693 81
0.001694 80
0.001695 80
0.001696 80
0.001697 81
0.001698 79
0.001699 79
0.0017 79
0.001701 79
0.001702 79
0.001703 80
0.001704 80
0.001705 79
0.001706 80
0.001707 80
0.001708 81
0.001709 81
0.00171 82
0.001711 80
0.001712 81
0.001713 82
0.001714 81
0.001715 80
0.001716 80
0.001717 82
0.001718 82
0.001719 83
0.00172 84
0.001721 85
0.001722 84
0.001723 84
0.001724 86
0.001725 86
0.001726 87
0.001727 86
0.001728 85
0.001729 84
0.00173 84
0.001731 84
0.001732 84
0.001733 84
0.001734 83
0.001735 85
0.001736 85
0.001737 84
0.001738 84
0.001739 83
0.00174 83
0.001741 84
0.001742 82
0.001743 82
0.001744 81
0.001745 81
0.001746 81
0.001747 81
0.001748 80
0.001749 81
0.00175 79
0.001751 79
0.001752 79
0.001753 79
0.001754 79
0.001755 78
0.001756 78
0.001757 78
0.001758 78
0.001759 78
0.00176 79
0.001761 80
0.001762 81
0.001763 81
0.001764 81
0.001765 81
0.001766 80
0.001767 79
0.001768 80
0.001769 79
0.00177 79
0.001771 79
0.001772 81
0.001773 83
0.001774 83
0.001775 83
0.001776 82
0.001777 83
0.001778 84
0.001779 84
0.00178 85
0.001781 85
0.001782 86
0.001783 84
0.001784 85
0.001785 84
0.001786 86
0.001787 86
0.001788 86
0.001789 85
0.00179 83
0.001791 82
0.001792 82
0.001793 82
0.001794 82
0.001795 81
0.001796 83
0.001797 81
0.001798 80
0.001799 80
0.0018 85
0.001801 85
0.001802 85
0.001803 85
0.001804 85
0.001805 85
0.001806 85
0.001807 85
0.001808 86
0.001809 87
0.00181 87
0.001811 87
0.001812 87
0.001813 88
0.001814 89
0.001815 90
0.001816 90
0.001817 90
0.001818 91
0.001819 89
0.00182 90
0.001821 90
0.001822 90
0.001823 89
0.001824 91
0.001825 91
0.001826 92
0.001827 92
0.001828 92
0.001829 93
0.00183 93
0.001831 95
0.001832 94
0.001833 95
0.001834 96
0.001835 97
0.001836 97
0.001837 96
0.001838 97
0.001839 97
0.00184 98
0.001841 97
0.001842 97
0.001843 98
0.001844 97
0.001845 98
0.001846 98
0.001847 97
0.001848 97
0.001849 98
0.00185 97
0.001851 95
0.001852 95
0.001853 96
0.001854 96
0.001855 95
0.001856 95
0.001857 96
0.001858 97
0.001859 97
0.00186 97
0.001861 99
0.001862 99
0.001863 98
0.001864 96
0.001865 95
0.001866 94
0.001867 93
0.001868 93
0.001869 93
0.00187 93
0.001871 91
0.001872 91
0.001873 90
0.001874 90
0.001875 90
0.001876 90
0.001877 91
0.001878 93
0.001879 92
0.00188 91
0.001881 90
0.001882 90
0.001883 91
0.001884 91
0.001885 91
0.001886 90
0.001887 89
0.001888 89
0.001889 90
0.00189 90
0.001891 91
0.001892 90
0.001893 90
0.001894 91
0.001895 91
0.001896 91
0.001897 91
0.001898 91
0.001899 91
0.0019 92
0.001901 91
0.001902 92
0.001903 92
0.001904 92
0.001905 93
0.001906 93
0.001907 95
0.001908 96
0.001909 97
0.00191 97
0.001911 98
0.001912 99
0.001913 99
0.001914 98
0.001915 99
0.001916 100
0.001917 98
0.001918 98
0.001919 98
0.00192 100
0.001921 100
0.001922 99
0.001923 99
0.001924 97
0.001925 97
0.001926 94
0.001927 94
0.001928 94
0.001929 94
0.00193 94
0.001931 94
0.001932 94
0.001933 93
0.001934 93
0.001935 94
0.001936 92
0.001937 91
0.001938 90
0.001939 90
0.00194 90
0.001941 90
0.001942 90
0.001943 89
0.001944 88
0.001945 88
0.001946 88
0.001947 87
0.001948 87
0.001949 88
0.00195 89
0.001951 88
0.001952 87
0.001953 87
0.001954 88
0.001955 88
0.001956 89
0.001957 90
0.001958 91
0.001959 91
0.00196 91
0.001961 90
0.001962 89
0.001963 88
0.001964 88
0.001965 88
0.001966 87
0.001967 85
0.001968 85
0.001969 84
0.00197 85
0.001971 85
0.001972 83
0.001973 82
0.001974 82
0.001975 83
0.001976 84
0.001977 84
0.001978 83
0.001979 82
0.00198 82
0.001981 81
0.001982 82
0.001983 81
0.001984 81
0.001985 81
0.001986 81
0.001987 81
0.001988 81
0.001989 82
0.00199 82
0.001991 82
0.001992 81
0.001993 80
0.001994 80
0.001995 82
0.001996 83
0.001997 83
0.001998 84
0.001999 83
0.002 84
0.002001 85
0.002002 86
0.002003 86
0.002004 86
0.002005 85
0.002006 85
0.002007 85
0.002008 83
0.002009 82
0.00201 83
0.002011 85
0.002012 86
0.002013 86
0.002014 87
0.002015 87
0.002016 87
0.002017 87
0.002018 86
0.002019 85
0.00202 84
0.002021 84
0.002022 85
0.002023 84
0.002024 85
0.002025 85
0.002026 85
0.002027 84
0.002028 84
0.002029 83
0.00203 84
0.002031 84
0.002032 84
0.002033 84
0.002034 86
0.002035 86
0.002036 84
0.002037 84
0.002038 84
0.002039 83
0.00204 83
0.002041 83
0.002042 81
0.002043 81
0.002044 81
0.002045 81
0.002046 82
0.002047 84
0.002048 84
0.002049 86
0.00205 87
0.002051 88
0.002052 88
0.002053 89
0.002054 89
0.002055 88
0.002056 88
0.002057 88
0.002058 86
0.002059 86
0.00206 86
0.002061 86
0.002062 86
0.002063 86
0.002064 86
0.002065 87
0.002066 88
0.002067 87
0.002068 87
0.002069 87
0.00207 88
0.002071 88
0.002072 88
0.002073 88
0.002074 88
0.002075 89
0.002076 90
0.002077 89
0.002078 86
0.002079 85
0.00208 84
0.002081 85
0.002082 84
0.002083 84
0.002084 84
0.002085 85
0.002086 85
0.002087 86
0.002088 86
0.002089 85
0.00209 84
0.002091 84
0.002092 84
0.002093 84
0.002094 82
0.002095 80
0.002096 78
0.002097 79
0.002098 79
0.002099 79
0.0021 78
0.002101 78
0.002102 79
0.002103 80
0.002104 80
0.002105 80
0.002106 81
0.002107 82
0.002108 82
0.002109 82
0.00211 81
0.002111 85
0.002112 86
0.002113 87
0.002114 87
0.002115 87
0.002116 88
0.002117 87
0.002118 87
0.002119 87
0.00212 87
0.002121 87
0.002122 87
0.002123 88
0.002124 87
0.002125 87
0.002126 87
0.002127 88
0.002128 87
0.002129 87
0.00213 88
0.002131 86
0.002132 85
0.002133 84
0.002134 84
0.002135 83
0.002136 81
0.002137 82
0.002138 82
0.002139 82
0.00214 82
0.002141 82
0.002142 82
0.002143 82
0.002144 82
0.002145 83
0.002146 83
0.002147 83
0.002148 82
0.002149 82
0.00215 81
0.002151 81
0.002152 82
0.002153 84
0.002154 85
0.002155 85
0.002156 85
0.002157 84
0.002158 82
0.002159 83
0.00216 83
0.002161 85
0.002162 83
0.002163 82
0.002164 82
0.002165 83
0.002166 82
0.002167 82
0.002168 82
0.002169 82
0.00217 82
0.002171 82
0.002172 82
0.002173 82
0.002174 82
0.002175 83
0.002176 84
0.002177 83
0.002178 81
0.002179 81
0.00218 80
0.002181 80
0.002182 80
0.002183 80
0.002184 80
0.002185 80
0.002186 81
0.002187 81
0.002188 83
0.002189 83
0.00219 82
0.002191 82
0.002192 82
0.002193 81
0.002194 81
0.002195 80
0.002196 81
0.002197 82
0.002198 83
0.002199 83
0.0022 83
0.002201 83
0.002202 83
0.002203 84
0.002204 81
0.002205 83
0.002206 82
0.002207 84
0.002208 84
0.002209 85
0.00221 84
0.002211 84
0.002212 83
0.002213 84
0.002214 85
0.002215 85
0.002216 85
0.002217 84
0.002218 85
0.002219 87
0.00222 88
0.002221 90
0.002222 89
0.002223 89
0.002224 87
0.002225 87
0.002226 86
0.002227 87
0.002228 87
0.002229 87
0.00223 87
0.002231 88
0.002232 87
0.002233 86
0.002234 86
0.002235 87
0.002236 86
0.002237 85
0.002238 85
0.002239 86
0.00224 86
0.002241 85
0.002242 85
0.002243 85
0.002244 83
0.002245 84
0.002246 84
0.002247 85
0.002248 85
0.002249 84
0.00225 85
0.002251 84
0.002252 85
0.002253 85
0.002254 85
0.002255 84
0.002256 84
0.002257 84
0.002258 84
0.002259 85
0.00226 86
0.002261 87
0.002262 86
0.002263 84
0.002264 83
0.002265 84
0.002266 84
0.002267 83
0.002268 82
0.002269 82
0.00227 83
0.002271 83
0.002272 85
0.002273 83
0.002274 83
0.002275 84
0.002276 85
0.002277 86
0.002278 86
0.002279 86
0.00228 86
0.002281 86
0.002282 86
0.002283 85
0.002284 86
0.002285 87
0.002286 87
0.002287 86
0.002288 86
0.002289 87
0.00229 87
0.002291 88
0.002292 90
0.002293 90
0.002294 91
0.002295 91
0.002296 91
0.002297 91
0.002298 92
0.002299 92
0.0023 91
0.002301 92
0.002302 93
0.002303 95
0.002304 96
0.002305 96
0.002306 94
0.002307 92
0.002308 91
0.002309 92
0.00231 92
0.002311 92
0.002312 89
0.002313 90
0.002314 89
0.002315 90
0.002316 88
0.002317 89
0.002318 88
0.002319 89
0.00232 89
0.002321 89
0.002322 87
0.002323 87
0.002324 86
0.002325 86
0.002326 86
0.002327 86
0.002328 85
0.002329 86
0.00233 84
0.002331 83
0.002332 83
0.002333 83
0.002334 82
0.002335 83
0.002336 83
0.002337 82
0.002338 84
0.002339 84
0.00234 83
0.002341 84
0.002342 82
0.002343 82
0.002344 83
0.002345 83
0.002346 83
0.002347 81
0.002348 81
0.002349 77
0.00235 77
0.002351 76
0.002352 76
0.002353 76
0.002354 76
0.002355 77
0.002356 76
0.002357 78
0.002358 77
0.002359 77
0.00236 77
0.002361 77
0.002362 77
0.002363 77
0.002364 76
0.002365 76
0.002366 76
0.002367 76
0.002368 76
0.002369 76
0.00237 77
0.002371 77
0.002372 79
0.002373 79
0.002374 81
0.002375 83
0.002376 84
0.002377 85
0.002378 86
0.002379 87
0.00238 85
0.002381 85
0.002382 85
0.002383 85
0.002384 85
0.002385 85
0.002386 84
0.002387 84
0.002388 84
0.002389 84
0.00239 84
0.002391 83
0.002392 84
0.002393 84
0.002394 84
0.002395 84
0.002396 83
0.002397 83
0.002398 83
0.002399 84
0.0024 83
0.002401 83
0.002402 85
0.002403 84
0.002404 83
0.002405 83
0.002406 84
0.002407 84
0.002408 84
0.002409 83
0.00241 82
0.002411 81
0.002412 81
0.002413 80
0.002414 80
0.002415 78
0.002416 79
0.002417 80
0.002418 80
0.002419 80
0.00242 80
0.002421 79
0.002422 79
0.002423 78
0.002424 78
0.002425 78
0.002426 77
0.002427 79
0.002428 79
0.002429 78
0.00243 78
0.002431 78
0.002432 75
0.002433 73
0.002434 73
0.002435 71
0.002436 72
0.002437 72
0.002438 72
0.002439 72
0.00244 72
0.002441 72
0.002442 71
0.002443 72
0.002444 71
0.002445 73
0.002446 74
0.002447 74
0.002448 73
0.002449 72
0.00245 72
0.002451 72
0.002452 72
0.002453 71
0.002454 72
0.002455 71
0.002456 70
0.002457 70
0.002458 70
0.002459 69
0.00246 69
0.002461 69
0.002462 69
0.002463 70
0.002464 67
0.002465 66
0.002466 67
0.002467 69
0.002468 69
0.002469 68
0.00247 69
0.002471 71
0.002472 73
0.002473 74
0.002474 74
0.002475 74
0.002476 74
0.002477 73
0.002478 73
0.002479 73
0.00248 73
0.002481 72
0.002482 72
0.002483 72
0.002484 71
0.002485 72
0.002486 71
0.002487 71
0.002488 70
0.002489 71
0.00249 70
0.002491 71
0.002492 71
0.002493 71
0.002494 72
0.002495 73
0.002496 75
0.002497 74
0.002498 72
0.002499 71
0.0025 71
0.002501 71
0.002502 70
0.002503 72
0.002504 72
0.002505 72
0.002506 73
0.002507 72
0.002508 73
0.002509 73
0.00251 73
0.002511 74
0.002512 74
0.002513 76
0.002514 76
0.002515 76
0.002516 77
0.002517 77
0.002518 77
0.002519 77
0.00252 75
0.002521 76
0.002522 76
0.002523 76
0.002524 76
0.002525 76
0.002526 76
0.002527 77
0.002528 77
0.002529 77
0.00253 78
0.002531 78
0.002532 80
0.002533 80
0.002534 82
0.002535 81
0.002536 79
0.002537 79
0.002538 79
0.002539 79
0.00254 78
0.002541 78
0.002542 78
0.002543 78
0.002544 78
0.002545 77
0.002546 78
0.002547 78
0.002548 78
0.002549 78
0.00255 78
0.002551 78
0.002552 78
0.002553 79
0.002554 78
0.002555 78
0.002556 78
0.002557 77
0.002558 77
0.002559 77
0.00256 78
0.002561 78
0.002562 77
0.002563 77
0.002564 77
0.002565 77
0.002566 77
0.002567 78
0.002568 77
0.002569 76
0.00257 76
0.002571 77
0.002572 77
0.002573 79
0.002574 78
0.002575 79
0.002576 81
0.002577 81
0.002578 82
0.002579 83
0.00258 84
0.002581 84
0.002582 84
0.002583 83
0.002584 83
0.002585 83
0.002586 83
0.002587 84
0.002588 85
0.002589 85
0.00259 86
0.002591 87
0.002592 87
0.002593 88
0.002594 89
0.002595 89
0.002596 90
0.002597 90
0.002598 90
0.002599 90
0.0026 89
0.002601 89
0.002602 89
0.002603 88
0.002604 88
0.002605 87
0.002606 88
0.002607 88
0.002608 88
0.002609 87
0.00261 87
0.002611 87
0.002612 86
0.002613 86
0.002614 86
0.002615 84
0.002616 85
0.002617 85
0.002618 85
0.002619 86
0.00262 86
0.002621 88
0.002622 87
0.002623 88
0.002624 88
0.002625 87
0.002626 88
0.002627 89
0.002628 90
0.002629 90
0.00263 90
0.002631 90
0.002632 90
0.002633 90
0.002634 90
0.002635 90
0.002636 90
0.002637 90
0.002638 90
0.002639 91
0.00264 91
0.002641 91
0.002642 91
0.002643 91
0.002644 92
0.002645 92
0.002646 93
0.002647 93
0.002648 93
0.002649 93
0.00265 93
0.002651 93
0.002652 95
0.002653 95
0.002654 93
0.002655 92
0.002656 92
0.002657 90
0.002658 90
0.002659 89
0.00266 90
0.002661 90
0.002662 90
0.002663 90
0.002664 89
0.002665 90
0.002666 90
0.002667 90
0.002668 88
0.002669 88
0.00267 87
0.002671 85
0.002672 84
0.002673 84
0.002674 83
0.002675 83
0.002676 83
0.002677 85
0.002678 86
0.002679 85
0.00268 85
0.002681 87
0.002682 87
0.002683 88
0.002684 87
0.002685 87
0.002686 87
0.002687 87
0.002688 88
0.002689 87
0.00269 88
0.002691 87
0.002692 87
0.002693 86
0.002694 87
0.002695 87
0.002696 88
0.002697 88
0.002698 88
0.002699 88
0.0027 87
0.002701 88
0.002702 88
0.002703 87
0.002704 86
0.002705 85
0.002706 84
0.002707 85
0.002708 85
0.002709 85
0.00271 85
0.002711 84
0.002712 84
0.002713 84
0.002714 85
0.002715 86
0.002716 86
0.002717 86
0.002718 86
0.002719 87
0.00272 87
0.002721 88
0.002722 87
0.002723 87
0.002724 87
0.002725 87
0.002726 88
0.002727 87
0.002728 87
0.002729 87
0.00273 86
0.002731 86
0.002732 85
0.002733 85
0.002734 84
0.002735 84
0.002736 84
0.002737 85
0.002738 82
0.002739 83
0.00274 82
0.002741 85
0.002742 85
0.002743 87
0.002744 88
0.002745 89
0.002746 88
0.002747 89
0.002748 89
0.002749 91
0.00275 91
0.002751 92
0.002752 92
0.002753 92
0.002754 90
0.002755 90
0.002756 90
0.002757 90
0.002758 91
0.002759 91
0.00276 91
0.002761 90
0.002762 90
0.002763 92
0.002764 93
0.002765 92
0.002766 93
0.002767 93
0.002768 92
0.002769 92
0.00277 93
0.002771 93
0.002772 93
0.002773 93
0.002774 95
0.002775 95
0.002776 95
0.002777 95
0.002778 95
0.002779 94
0.00278 92
0.002781 92
0.002782 90
0.002783 90
0.002784 91
0.002785 90
0.002786 89
0.002787 89
0.002788 89
0.002789 88
0.00279 88
0.002791 89
0.002792 89
0.002793 90
0.002794 89
0.002795 89
0.002796 89
0.002797 89
0.002798 89
0.002799 87
0.0028 87
0.002801 87
0.002802 87
0.002803 85
0.002804 85
0.002805 83
0.002806 82
0.002807 82
0.002808 83
0.002809 82
0.00281 82
0.002811 82
0.002812 81
0.002813 82
0.002814 82
0.002815 81
0.002816 80
0.002817 79
0.002818 79
0.002819 80
0.00282 81
0.002821 82
0.002822 82
0.002823 81
0.002824 81
0.002825 81
0.002826 80
0.002827 80
0.002828 80
0.002829 80
0.00283 81
0.002831 80
0.002832 79
0.002833 80
0.002834 80
0.002835 80
0.002836 80
0.002837 81
0.002838 80
0.002839 79
0.00284 79
0.002841 80
0.002842 81
0.002843 80
0.002844 80
0.002845 81
0.002846 82
0.002847 82
0.002848 81
0.002849 80
0.00285 81
0.002851 81
0.002852 81
0.002853 81
0.002854 81
0.002855 81
0.002856 82
0.002857 82
0.002858 82
0.002859 84
0.00286 84
0.002861 84
0.002862 85
0.002863 85
0.002864 84
0.002865 84
0.002866 85
0.002867 86
0.002868 87
0.002869 87
0.00287 87
0.002871 87
0.002872 88
0.002873 87
0.002874 86
0.002875 86
0.002876 87
0.002877 87
0.002878 86
0.002879 86
0.00288 87
0.002881 87
0.002882 90
0.002883 89
0.002884 89
0.002885 89
0.002886 90
0.002887 90
0.002888 90
0.002889 90
0.00289 90
0.002891 93
0.002892 93
0.002893 93
0.002894 94
0.002895 93
0.002896 93
0.002897 92
0.002898 90
0.002899 89
0.0029 88
0.002901 88
0.002902 90
0.002903 90
0.002904 90
0.002905 90
0.002906 91
0.002907 88
0.002908 88
0.002909 90
0.00291 91
0.002911 91
0.002912 89
0.002913 89
0.002914 89
0.002915 89
0.002916 89
0.002917 90
0.002918 91
0.002919 92
0.00292 93
0.002921 93
0.002922 94
0.002923 93
0.002924 91
0.002925 90
0.002926 90
0.002927 91
0.002928 91
0.002929 90
0.00293 87
0.002931 87
0.002932 89
0.002933 89
0.002934 91
0.002935 94
0.002936 93
0.002937 92
0.002938 93
0.002939 93
0.00294 93
0.002941 93
0.002942 93
0.002943 92
0.002944 93
0.002945 93
0.002946 92
0.002947 92
0.002948 91
0.002949 89
0.00295 90
0.002951 88
0.002952 89
0.002953 88
0.002954 88
0.002955 88
0.002956 88
0.002957 88
0.002958 88
0.002959 88
0.00296 87
0.002961 88
0.002962 89
0.002963 89
0.002964 90
0.002965 89
0.002966 89
0.002967 90
0.002968 91
0.002969 92
0.00297 92
0.002971 93
0.002972 93
0.002973 92
0.002974 92
0.002975 92
0.002976 93
0.002977 93
0.002978 93
0.002979 91
0.00298 91
0.002981 91
0.002982 91
0.002983 90
0.002984 91
0.002985 91
0.002986 91
0.002987 91
0.002988 92
0.002989 91
0.00299 92
0.002991 92
0.002992 92
0.002993 93
0.002994 93
0.002995 93
0.002996 93
0.002997 93
0.002998 92
0.002999 93
0.003 93
0.003001 92
0.003002 92
0.003003 91
0.003004 92
0.003005 92
0.003006 93
0.003007 93
0.003008 93
0.003009 94
0.00301 94
0.003011 92
0.003012 92
0.003013 94
0.003014 94
0.003015 93
0.003016 92
0.003017 92
0.003018 92
0.003019 92
0.00302 92
0.003021 92
0.003022 91
0.003023 92
0.003024 93
0.003025 92
0.003026 91
0.003027 91
0.003028 92
0.003029 90
0.00303 90
0.003031 90
0.003032 90
0.003033 89
0.003034 91
0.003035 91
0.003036 91
0.003037 92
0.003038 92
0.003039 91
0.00304 90
0.003041 90
0.003042 90
0.003043 90
0.003044 89
0.003045 90
0.003046 89
0.003047 89
0.003048 89
0.003049 89
0.00305 88
0.003051 87
0.003052 88
0.003053 88
0.003054 87
0.003055 84
0.003056 85
0.003057 85
0.003058 82
0.003059 83
0.00306 84
0.003061 85
0.003062 86
0.003063 86
0.003064 86
0.003065 87
0.003066 86
0.003067 87
0.003068 87
0.003069 85
0.00307 86
0.003071 86
0.003072 86
0.003073 86
0.003074 87
0.003075 90
0.003076 89
0.003077 90
0.003078 90
0.003079 90
0.00308 90
0.003081 89
0.003082 89
0.003083 90
0.003084 90
0.003085 90
0.003086 90
0.003087 89
0.003088 89
0.003089 89
0.00309 89
0.003091 89
0.003092 90
0.003093 90
0.003094 90
0.003095 90
0.003096 91
0.003097 91
0.003098 91
0.003099 90
0.0031 93
0.003101 93
0.003102 93
0.003103 93
0.003104 91
0.003105 89
0.003106 88
0.003107 90
0.003108 91
0.003109 91
0.00311 92
0.003111 91
0.003112 92
0.003113 92
0.003114 94
0.003115 93
0.003116 94
0.003117 94
0.003118 93
0.003119 91
0.00312 92
0.003121 91
0.003122 91
0.003123 93
0.003124 92
0.003125 93
0.003126 92
0.003127 90
0.003128 90
0.003129 89
0.00313 88
0.003131 88
0.003132 87
0.003133 87
0.003134 86
0.003135 85
0.003136 85
0.003137 84
0.003138 84
0.003139 84
0.00314 84
0.003141 85
0.003142 84
0.003143 85
0.003144 84
0.003145 84
0.003146 84
0.003147 83
0.003148 84
0.003149 86
0.00315 84
0.003151 85
0.003152 85
0.003153 86
0.003154 86
0.003155 86
0.003156 86
0.003157 86
0.003158 86
0.003159 86
0.00316 85
0.003161 86
0.003162 86
0.003163 86
0.003164 85
0.003165 85
0.003166 85
0.003167 84
0.003168 84
0.003169 84
0.00317 82
0.003171 82
0.003172 84
0.003173 83
0.003174 83
0.003175 82
0.003176 82
0.003177 84
0.003178 83
0.003179 83
0.00318 83
0.003181 83
0.003182 84
0.003183 84
0.003184 84
0.003185 84
0.003186 84
0.003187 85
0.003188 85
0.003189 84
0.00319 86
0.003191 84
0.003192 85
0.003193 85
0.003194 85
0.003195 87
0.003196 86
0.003197 86
0.003198 84
0.003199 83
0.0032 84
0.003201 82
0.003202 81
0.003203 82
0.003204 82
0.003205 83
0.003206 82
0.003207 82
0.003208 83
0.003209 84
0.00321 85
0.003211 84
0.003212 85
0.003213 85
0.003214 84
0.003215 84
0.003216 84
0.003217 84
0.003218 84
0.003219 84
0.00322 83
0.003221 83
0.003222 83
0.003223 83
0.003224 84
0.003225 83
0.003226 82
0.003227 82
0.003228 82
0.003229 83
0.00323 82
0.003231 83
0.003232 83
0.003233 84
0.003234 83
0.003235 83
0.003236 81
0.003237 81
0.003238 81
0.003239 83
0.00324 84
0.003241 84
0.003242 84
0.003243 84
0.003244 84
0.003245 86
0.003246 85
0.003247 85
0.003248 84
0.003249 86
0.00325 86
0.003251 86
0.003252 86
0.003253 85
0.003254 85
0.003255 86
0.003256 86
0.003257 87
0.003258 89
0.003259 90
0.00326 90
0.003261 90
0.003262 90
0.003263 89
0.003264 89
0.003265 90
0.003266 90
0.003267 90
0.003268 92
0.003269 93
0.00327 91
0.003271 91
0.003272 91
0.003273 92
0.003274 92
0.003275 92
0.003276 93
0.003277 95
0.003278 95
0.003279 97
0.00328 96
0.003281 95
0.003282 96
0.003283 95
0.003284 94
0.003285 95
0.003286 93
0.003287 93
0.003288 95
0.003289 94
0.00329 93
0.003291 95
0.003292 96
0.003293 96
0.003294 94
0.003295 94
0.003296 95
0.003297 95
0.003298 93
0.003299 92
0.0033 92
0.003301 91
0.003302 90
0.003303 94
0.003304 95
0.003305 97
0.003306 97
0.003307 97
0.003308 95
0.003309 94
0.00331 93
0.003311 94
0.003312 94
0.003313 94
0.003314 93
0.003315 93
0.003316 93
0.003317 92
0.003318 95
0.003319 94
0.00332 93
0.003321 93
0.003322 92
0.003323 92
0.003324 91
0.003325 91
0.003326 90
0.003327 91
0.003328 90
0.003329 89
0.00333 90
0.003331 91
0.003332 92
0.003333 92
0.003334 90
0.003335 90
0.003336 88
0.003337 87
0.003338 88
0.003339 88
0.00334 89
0.003341 88
0.003342 88
0.003343 87
0.003344 87
0.003345 87
0.003346 87
0.003347 87
0.003348 86
0.003349 88
0.00335 89
0.003351 89
0.003352 89
0.003353 90
0.003354 90
0.003355 89
0.003356 89
0.003357 89
0.003358 88
0.003359 87
0.00336 87
0.003361 87
0.003362 87
0.003363 87
0.003364 87
0.003365 88
0.003366 88
0.003367 88
0.003368 87
0.003369 88
0.00337 89
0.003371 90
0.003372 91
0.003373 91
0.003374 92
0.003375 92
0.003376 91
0.003377 93
0.003378 94
0.003379 93
0.00338 93
0.003381 93
0.003382 93
0.003383 94
0.003384 95
0.003385 95
0.003386 93
0.003387 93
0.003388 93
0.003389 93
0.00339 89
0.003391 90
0.003392 91
0.003393 90
0.003394 90
0.003395 90
0.003396 90
0.003397 92
0.003398 93
0.003399 92
0.0034 93
0.003401 94
0.003402 93
0.003403 93
0.003404 95
0.003405 95
0.003406 96
0.003407 96
0.003408 96
0.003409 95
0.00341 96
0.003411 96
0.003412 97
0.003413 96
0.003414 95
0.003415 96
0.003416 96
0.003417 97
0.003418 97
0.003419 99
0.00342 98
0.003421 98
0.003422 100
0.003423 100
0.003424 101
0.003425 101
0.003426 100
0.003427 100
0.003428 100
0.003429 100
0.00343 100
0.003431 99
0.003432 98
0.003433 98
0.003434 98
0.003435 97
0.003436 97
0.003437 96
0.003438 96
0.003439 95
0.00344 94
0.003441 94
0.003442 93
0.003443 93
0.003444 94
0.003445 95
0.003446 94
0.003447 93
0.003448 94
0.003449 94
0.00345 94
0.003451 94
0.003452 95
0.003453 94
0.003454 95
0.003455 95
0.003456 94
0.003457 93
0.003458 94
0.003459 93
0.00346 95
0.003461 95
0.003462 95
0.003463 96
0.003464 94
0.003465 95
0.003466 96
0.003467 95
0.003468 95
0.003469 95
0.00347 95
0.003471 100
0.003472 101
0.003473 103
0.003474 103
0.003475 103
0.003476 102
0.003477 99
0.003478 99
0.003479 99
0.00348 99
0.003481 99
0.003482 97
0.003483 93
0.003484 95
0.003485 96
0.003486 96
0.003487 94
0.003488 93
0.003489 93
0.00349 93
0.003491 92
0.003492 91
0.003493 91
0.003494 92
0.003495 92
0.003496 92
0.003497 92
0.003498 91
0.003499 89
0.0035 90
0.003501 90
0.003502 90
0.003503 89
0.003504 89
0.003505 89
0.003506 90
0.003507 91
0.003508 91
0.003509 90
0.00351 90
0.003511 91
0.003512 89
0.003513 88
0.003514 88
0.003515 88
0.003516 88
0.003517 89
0.003518 90
0.003519 88
0.00352 88
0.003521 89
0.003522 89
0.003523 90
0.003524 90
0.003525 90
0.003526 89
0.003527 89
0.003528 88
0.003529 88
0.00353 89
0.003531 90
0.003532 91
0.003533 89
0.003534 89
0.003535 90
0.003536 89
0.003537 89
0.003538 90
0.003539 90
0.00354 90
0.003541 90
0.003542 90
0.003543 90
0.003544 88
0.003545 88
0.003546 89
0.003547 89
0.003548 87
0.003549 87
0.00355 88
0.003551 89
0.003552 88
0.003553 89
0.003554 89
0.003555 88
0.003556 89
0.003557 90
0.003558 91
0.003559 90
0.00356 90
0.003561 92
0.003562 92
0.003563 92
0.003564 91
0.003565 90
0.003566 90
0.003567 90
0.003568 90
0.003569 90
0.00357 92
0.003571 91
0.003572 92
0.003573 92
0.003574 92
0.003575 92
0.003576 92
0.003577 92
0.003578 90
0.003579 90
0.00358 91
0.003581 88
0.003582 92
0.003583 91
0.003584 89
0.003585 89
0.003586 89
0.003587 88
0.003588 87
0.003589 86
0.00359 87
0.003591 87
0.003592 87
0.003593 88
0.003594 88
0.003595 87
0.003596 88
0.003597 87
0.003598 87
0.003599 87
0.0036 86
0.003601 86
0.003602 86
0.003603 85
0.003604 84
0.003605 85
0.003606 85
0.003607 84
0.003608 85
0.003609 84
0.00361 84
0.003611 84
0.003612 84
0.003613 83
0.003614 81
0.003615 80
0.003616 80
0.003617 79
0.003618 80
0.003619 79
0.00362 79
0.003621 78
0.003622 80
0.003623 78
0.003624 79
0.003625 79
0.003626 79
0.003627 80
0.003628 81
0.003629 80
0.00363 82
0.003631 83
0.003632 82
0.003633 83
0.003634 83
0.003635 83
0.003636 83
0.003637 84
0.003638 82
0.003639 82
0.00364 82
0.003641 82
0.003642 82
0.003643 82
0.003644 82
0.003645 81
0.003646 81
0.003647 81
0.003648 83
0.003649 83
0.00365 83
0.003651 83
0.003652 84
0.003653 84
0.003654 84
0.003655 84
0.003656 84
0.003657 84
0.003658 85
0.003659 86
0.00366 88
0.003661 88
0.003662 89
0.003663 88
0.003664 90
0.003665 89
0.003666 89
0.003667 90
0.003668 90
0.003669 90
0.00367 90
0.003671 90
0.003672 90
0.003673 90
0.003674 88
0.003675 87
0.003676 87
0.003677 88
0.003678 88
0.003679 87
0.00368 86
0.003681 86
0.003682 86
0.003683 86
0.003684 88
0.003685 89
0.003686 90
0.003687 91
0.003688 91
0.003689 92
0.00369 92
0.003691 92
0.003692 92
0.003693 91
0.003694 91
0.003695 91
0.003696 91
0.003697 93
0.003698 92
0.003699 92
0.0037 92
0.003701 92
0.003702 91
0.003703 93
0.003704 93
0.003705 92
0.003706 94
0.003707 93
0.003708 93
0.003709 93
0.00371 93
0.003711 93
0.003712 94
0.003713 94
0.003714 93
0.003715 90
0.003716 90
0.003717 91
0.003718 91
0.003719 91
0.00372 90
0.003721 90
0.003722 89
0.003723 89
0.003724 88
0.003725 89
0.003726 88
0.003727 87
0.003728 87
0.003729 87
0.00373 85
0.003731 86
0.003732 84
0.003733 83
0.003734 83
0.003735 84
0.003736 83
0.003737 83
0.003738 84
0.003739 85
0.00374 85
0.003741 85
0.003742 86
0.003743 86
0.003744 86
0.003745 85
0.003746 85
0.003747 86
0.003748 86
0.003749 85
0.00375 87
0.003751 87
0.003752 87
0.003753 89
0.003754 89
0.003755 89
0.003756 90
0.003757 90
0.003758 90
0.003759 90
0.00376 90
0.003761 90
0.003762 89
0.003763 89
0.003764 87
0.003765 88
0.003766 89
0.003767 90
0.003768 89
0.003769 90
0.00377 89
0.003771 89
0.003772 88
0.003773 87
0.003774 88
0.003775 88
0.003776 88
0.003777 89
0.003778 89
0.003779 90
0.00378 89
0.003781 88
0.003782 88
0.003783 87
0.003784 85
0.003785 86
0.003786 85
0.003787 85
0.003788 84
0.003789 84
0.00379 85
0.003791 85
0.003792 85
0.003793 85
0.003794 86
0.003795 89
0.003796 88
0.003797 89
0.003798 89
0.003799 89
0.0038 90
0.003801 90
0.003802 90
0.003803 92
0.003804 94
0.003805 94
0.003806 94
0.003807 94
0.003808 94
0.003809 93
0.00381 92
0.003811 91
0.003812 90
0.003813 91
0.003814 89
0.003815 89
0.003816 90
0.003817 90
0.003818 90
0.003819 91
0.00382 93
0.003821 93
0.003822 92
0.003823 91
0.003824 91
0.003825 93
0.003826 93
0.003827 92
0.003828 93
0.003829 91
0.00383 92
0.003831 90
0.003832 90
0.003833 90
0.003834 90
0.003835 91
0.003836 91
0.003837 91
0.003838 90
0.003839 90
0.00384 91
0.003841 92
0.003842 91
0.003843 91
0.003844 92
0.003845 93
0.003846 92
0.003847 92
0.003848 89
0.003849 89
0.00385 89
0.003851 91
0.003852 93
0.003853 93
0.003854 94
0.003855 93
0.003856 93
0.003857 93
0.003858 93
0.003859 93
0.00386 94
0.003861 94
0.003862 94
0.003863 94
0.003864 92
0.003865 93
0.003866 94
0.003867 94
0.003868 94
0.003869 90
0.00387 90
0.003871 90
0.003872 90
0.003873 91
0.003874 92
0.003875 92
0.003876 92
0.003877 91
0.003878 90
0.003879 89
0.00388 90
0.003881 90
0.003882 90
0.003883 90
0.003884 90
0.003885 89
0.003886 89
0.003887 90
0.003888 90
0.003889 88
0.00389 88
0.003891 88
0.003892 89
0.003893 90
0.003894 87
0.003895 85
0.003896 85
0.003897 85
0.003898 85
0.003899 84
0.0039 83
0.003901 82
0.003902 80
0.003903 80
0.003904 80
0.003905 80
0.003906 81
0.003907 81
0.003908 81
0.003909 81
0.00391 81
0.003911 82
0.003912 82
0.003913 82
0.003914 82
0.003915 82
0.003916 82
0.003917 82
0.003918 81
0.003919 82
0.00392 83
0.003921 83
0.003922 81
0.003923 79
0.003924 80
0.003925 80
0.003926 81
0.003927 82
0.003928 81
0.003929 83
0.00393 79
0.003931 79
0.003932 80
0.003933 80
0.003934 80
0.003935 80
0.003936 82
0.003937 81
0.003938 82
0.003939 83
0.00394 85
0.003941 84
0.003942 82
0.003943 82
0.003944 81
0.003945 81
0.003946 81
0.003947 79
0.003948 80
0.003949 80
0.00395 80
0.003951 80
0.003952 79
0.003953 79
0.003954 80
0.003955 79
0.003956 78
0.003957 78
0.003958 77
0.003959 78
0.00396 80
0.003961 81
0.003962 80
0.003963 80
0.003964 79
0.003965 79
0.003966 79
0.003967 79
0.003968 79
0.003969 79
0.00397 78
0.003971 80
0.003972 79
0.003973 79
0.003974 80
0.003975 81
0.003976 81
0.003977 81
0.003978 80
0.003979 79
0.00398 78
0.003981 78
0.003982 78
0.003983 79
0.003984 80
0.003985 79
0.003986 77
0.003987 77
0.003988 77
0.003989 76
0.00399 77
0.003991 78
0.003992 78
0.003993 79
0.003994 80
0.003995 79
0.003996 79
0.003997 79
0.003998 79
0.003999 79
0.004 80
0.004001 79
0.004002 78
0.004003 77
0.004004 78
0.004005 78
0.004006 79
0.004007 78
0.004008 78
0.004009 78
0.00401 78
0.004011 78
0.004012 78
0.004013 77
0.004014 78
0.004015 80
0.004016 81
0.004017 81
0.004018 83
0.004019 81
0.00402 80
0.004021 81
0.004022 81
0.004023 80
0.004024 80
0.004025 80
0.004026 80
0.004027 79
0.004028 80
0.004029 80
0.00403 80
0.004031 80
0.004032 80
0.004033 79
0.004034 77
0.004035 77
0.004036 77
0.004037 79
0.004038 79
0.004039 80
0.00404 81
0.004041 82
0.004042 82
0.004043 82
0.004044 81
0.004045 81
0.004046 80
0.004047 79
0.004048 78
0.004049 79
0.00405 77
0.004051 77
0.004052 77
0.004053 76
0.004054 76
0.004055 76
0.004056 77
0.004057 77
0.004058 76
0.004059 76
0.00406 75
0.004061 74
0.004062 74
0.004063 74
0.004064 72
0.004065 72
0.004066 72
0.004067 72
0.004068 72
0.004069 73
0.00407 75
0.004071 76
0.004072 78
0.004073 77
0.004074 77
0.004075 78
0.004076 78
0.004077 79
0.004078 79
0.004079 79
0.00408 78
0.004081 77
0.004082 78
0.004083 78
0.004084 78
0.004085 77
0.004086 79
0.004087 80
0.004088 80
0.004089 79
0.00409 79
0.004091 80
0.004092 80
0.004093 80
0.004094 82
0.004095 81
0.004096 82
0.004097 82
0.004098 81
0.004099 81
0.0041 80
0.004101 79
0.004102 79
0.004103 81
0.004104 81
0.004105 82
0.004106 82
0.004107 82
0.004108 81
0.004109 80
0.00411 81
0.004111 81
0.004112 80
0.004113 81
0.004114 80
0.004115 79
0.004116 80
0.004117 81
0.004118 81
0.004119 82
0.00412 82
0.004121 83
0.004122 84
0.004123 86
0.004124 88
0.004125 87
0.004126 87
0.004127 87
0.004128 87
0.004129 87
0.00413 87
0.004131 90
0.004132 91
0.004133 91
0.004134 92
0.004135 92
0.004136 92
0.004137 92
0.004138 92
0.004139 95
0.00414 95
0.004141 94
0.004142 93
0.004143 94
0.004144 94
0.004145 93
0.004146 93
0.004147 90
0.004148 90
0.004149 90
0.00415 91
0.004151 91
0.004152 91
0.004153 92
0.004154 94
0.004155 95
0.004156 94
0.004157 94
0.004158 94
0.004159 95
0.00416 96
0.004161 97
0.004162 95
0.004163 96
0.004164 95
0.004165 95
0.004166 96
0.004167 96
0.004168 96
0.004169 97
0.00417 96
0.004171 99
0.004172 100
0.004173 98
0.004174 98
0.004175 99
0.004176 99
0.004177 98
0.004178 98
0.004179 99
0.00418 99
0.004181 99
0.004182 100
0.004183 99
0.004184 100
0.004185 102
0.004186 102
0.004187 103
0.004188 102
0.004189 102
0.00419 101
0.004191 100
0.004192 100
0.004193 100
0.004194 101
0.004195 101
0.004196 104
0.004197 103
0.004198 102
0.004199 103
0.0042 102
0.004201 103
0.004202 101
0.004203 100
0.004204 101
0.004205 101
0.004206 102
0.004207 101
0.004208 100
0.004209 101
0.00421 101
0.004211 101
0.004212 102
0.004213 103
0.004214 104
0.004215 103
0.004216 102
0.004217 102
0.004218 102
0.004219 102
0.00422 102
0.004221 103
0.004222 103
0.004223 103
0.004224 103
0.004225 104
0.004226 102
0.004227 101
0.004228 100
0.004229 100
0.00423 101
0.004231 99
0.004232 98
0.004233 97
0.004234 96
0.004235 96
0.004236 95
0.004237 96
0.004238 96
0.004239 98
0.00424 97
0.004241 97
0.004242 96
0.004243 96
0.004244 95
0.004245 96
0.004246 94
0.004247 94
0.004248 94
0.004249 95
0.00425 94
0.004251 94
0.004252 93
0.004253 93
0.004254 93
0.004255 94
0.004256 93
0.004257 92
0.004258 93
0.004259 93
0.00426 91
0.004261 91
0.004262 90
0.004263 90
0.004264 88
0.004265 88
0.004266 88
0.004267 87
0.004268 88
0.004269 86
0.00427 86
0.004271 86
0.004272 86
0.004273 84
0.004274 84
0.004275 85
0.004276 85
0.004277 85
0.004278 85
0.004279 86
0.00428 86
0.004281 86
0.004282 86
0.004283 86
0.004284 87
0.004285 86
0.004286 85
0.004287 86
0.004288 86
0.004289 86
0.00429 85
0.004291 86
0.004292 87
0.004293 87
0.004294 87
0.004295 86
0.004296 86
0.004297 86
0.004298 88
0.004299 89
0.0043 90
0.004301 88
0.004302 87
0.004303 88
0.004304 88
0.004305 87
0.004306 87
0.004307 88
0.004308 87
0.004309 86
0.00431 85
0.004311 85
0.004312 85
0.004313 85
0.004314 85
0.004315 85
0.004316 84
0.004317 84
0.004318 85
0.004319 84
0.00432 86
0.004321 86
0.004322 85
0.004323 85
0.004324 84
0.004325 85
0.004326 85
0.004327 84
0.004328 84
0.004329 84
0.00433 83
0.004331 83
0.004332 82
0.004333 82
0.004334 80
0.004335 80
0.004336 80
0.004337 79
0.004338 80
0.004339 79
0.00434 78
0.004341 79
0.004342 79
0.004343 79
0.004344 79
0.004345 79
0.004346 80
0.004347 80
0.004348 81
0.004349 81
0.00435 80
0.004351 80
0.004352 80
0.004353 80
0.004354 79
0.004355 80
0.004356 81
0.004357 82
0.004358 82
0.004359 82
0.00436 83
0.004361 84
0.004362 84
0.004363 85
0.004364 85
0.004365 86
0.004366 86
0.004367 87
0.004368 86
0.004369 86
0.00437 86
0.004371 86
0.004372 86
0.004373 83
0.004374 82
0.004375 83
0.004376 83
0.004377 83
0.004378 83
0.004379 82
0.00438 83
0.004381 82
0.004382 81
0.004383 79
0.004384 79
0.004385 79
0.004386 81
0.004387 81
0.004388 81
0.004389 81
0.00439 81
0.004391 81
0.004392 82
0.004393 82
0.004394 81
0.004395 85
0.004396 85
0.004397 85
0.004398 85
0.004399 86
0.0044 86
0.004401 87
0.004402 87
0.004403 87
0.004404 86
0.004405 87
0.004406 89
0.004407 88
0.004408 88
0.004409 89
0.00441 89
0.004411 88
0.004412 87
0.004413 88
0.004414 87
0.004415 88
0.004416 89
0.004417 89
0.004418 89
0.004419 88
0.00442 89
0.004421 90
0.004422 90
0.004423 89
0.004424 90
0.004425 91
0.004426 90
0.004427 90
0.004428 91
0.004429 91
0.00443 90
0.004431 87
0.004432 86
0.004433 86
0.004434 86
0.004435 86
0.004436 87
0.004437 86
0.004438 84
0.004439 84
0.00444 84
0.004441 83
0.004442 83
0.004443 83
0.004444 84
0.004445 85
0.004446 85
0.004447 86
0.004448 86
0.004449 86
0.00445 87
0.004451 86
0.004452 86
0.004453 86
0.004454 86
0.004455 87
0.004456 88
0.004457 85
0.004458 84
0.004459 85
0.00446 85
0.004461 84
0.004462 84
0.004463 85
0.004464 86
0.004465 89
0.004466 89
0.004467 90
0.004468 90
0.004469 89
0.00447 88
0.004471 88
0.004472 87
0.004473 86
0.004474 84
0.004475 84
0.004476 84
0.004477 84
0.004478 84
0.004479 84
0.00448 82
0.004481 82
0.004482 82
0.004483 81
0.004484 81
0.004485 80
0.004486 80
0.004487 79
0.004488 77
0.004489 77
0.00449 77
0.004491 75
0.004492 74
0.004493 75
0.004494 74
0.004495 75
0.004496 77
0.004497 77
0.004498 78
0.004499 79
0.0045 79
0.004501 78
0.004502 78
0.004503 79
0.004504 78
0.004505 78
0.004506 78
0.004507 78
0.004508 78
0.004509 78
0.00451 79
0.004511 79
0.004512 80
0.004513 81
0.004514 81
0.004515 82
0.004516 81
0.004517 81
0.004518 82
0.004519 82
0.00452 82
0.004521 81
0.004522 81
0.004523 81
0.004524 81
0.004525 82
0.004526 83
0.004527 82
0.004528 83
0.004529 83
0.00453 85
0.004531 87
0.004532 87
0.004533 87
0.004534 87
0.004535 87
0.004536 86
0.004537 85
0.004538 85
0.004539 84
0.00454 83
0.004541 81
0.004542 82
0.004543 82
0.004544 82
0.004545 82
0.004546 81
0.004547 81
0.004548 82
0.004549 82
0.00455 82
0.004551 83
0.004552 83
0.004553 84
0.004554 84
0.004555 83
0.004556 87
0.004557 87
0.004558 88
0.004559 88
0.00456 88
0.004561 87
0.004562 87
0.004563 88
0.004564 88
0.004565 88
0.004566 87
0.004567 87
0.004568 88
0.004569 89
0.00457 89
0.004571 89
0.004572 88
0.004573 87
0.004574 89
0.004575 89
0.004576 91
0.004577 90
0.004578 89
0.004579 88
0.00458 87
0.004581 87
0.004582 87
0.004583 87
0.004584 88
0.004585 90
0.004586 89
0.004587 90
0.004588 90
0.004589 91
0.00459 91
0.004591 92
0.004592 94
0.004593 94
0.004594 96
0.004595 95
0.004596 94
0.004597 93
0.004598 93
0.004599 92
0.0046 92
0.004601 94
0.004602 93
0.004603 94
0.004604 92
0.004605 92
0.004606 92
0.004607 93
0.004608 93
0.004609 92
0.00461 92
0.004611 92
0.004612 91
0.004613 91
0.004614 89
0.004615 89
0.004616 90
0.004617 90
0.004618 89
0.004619 90
0.00462 90
0.004621 88
0.004622 88
0.004623 87
0.004624 86
0.004625 85
0.004626 83
0.004627 84
0.004628 83
0.004629 81
0.00463 81
0.004631 81
0.004632 81
0.004633 79
0.004634 80
0.004635 79
0.004636 80
0.004637 81
0.004638 81
0.004639 80
0.00464 80
0.004641 80
0.004642 79
0.004643 79
0.004644 79
0.004645 78
0.004646 78
0.004647 78
0.004648 78
0.004649 78
0.00465 77
0.004651 77
0.004652 76
0.004653 75
0.004654 74
0.004655 74
0.004656 74
0.004657 73
0.004658 73
0.004659 73
0.00466 73
0.004661 73
0.004662 73
0.004663 73
0.004664 74
0.004665 73
0.004666 74
0.004667 73
0.004668 73
0.004669 73
0.00467 72
0.004671 70
0.004672 70
0.004673 70
0.004674 70
0.004675 70
0.004676 70
0.004677 70
0.004678 70
0.004679 69
0.00468 70
0.004681 70
0.004682 71
0.004683 72
0.004684 72
0.004685 72
0.004686 73
0.004687 73
0.004688 73
0.004689 74
0.00469 73
0.004691 75
0.004692 74
0.004693 73
0.004694 73
0.004695 73
0.004696 72
0.004697 72
0.004698 72
0.004699 72
0.0047 73
0.004701 73
0.004702 71
0.004703 71
0.004704 70
0.004705 71
0.004706 71
0.004707 73
0.004708 72
0.004709 73
0.00471 73
0.004711 72
0.004712 72
0.004713 73
0.004714 72
0.004715 72
0.004716 73
0.004717 73
0.004718 72
0.004719 73
0.00472 73
0.004721 73
0.004722 73
0.004723 74
0.004724 74
0.004725 75
0.004726 75
0.004727 75
0.004728 75
0.004729 76
0.00473 77
0.004731 77
0.004732 79
0.004733 79
0.004734 79
0.004735 77
0.004736 78
0.004737 80
0.004738 80
0.004739 80
0.00474 80
0.004741 79
0.004742 78
0.004743 77
0.004744 77
0.004745 77
0.004746 80
0.004747 80
0.004748 80
0.004749 79
0.00475 78
0.004751 77
0.004752 77
0.004753 77
0.004754 79
0.004755 78
0.004756 79
0.004757 80
0.004758 81
0.004759 82
0.00476 83
0.004761 84
0.004762 85
0.004763 85
0.004764 85
0.004765 84
0.004766 84
0.004767 84
0.004768 84
0.004769 84
0.00477 84
0.004771 84
0.004772 85
0.004773 86
0.004774 85
0.004775 82
0.004776 80
0.004777 80
0.004778 81
0.004779 81
0.00478 81
0.004781 81
0.004782 81
0.004783 80
0.004784 81
0.004785 82
0.004786 80
0.004787 80
0.004788 81
0.004789 84
0.00479 84
0.004791 84
0.004792 85
0.004793 85
0.004794 85
0.004795 85
0.004796 86
0.004797 88
0.004798 87
0.004799 86
0.0048 85
0.004801 85
0.004802 84
0.004803 85
0.004804 86
0.004805 87
0.004806 86
0.004807 86
0.004808 85
0.004809 84
0.00481 84
0.004811 84
0.004812 83
0.004813 83
0.004814 83
0.004815 82
0.004816 83
0.004817 83
0.004818 83
0.004819 82
0.00482 82
0.004821 81
0.004822 81
0.004823 81
0.004824 80
0.004825 80
0.004826 81
0.004827 80
0.004828 80
0.004829 79
0.00483 79
0.004831 80
0.004832 80
0.004833 80
0.004834 80
0.004835 80
0.004836 81
0.004837 81
0.004838 81
0.004839 81
0.00484 81
0.004841 81
0.004842 81
0.004843 81
0.004844 83
0.004845 83
0.004846 83
0.004847 82
0.004848 83
0.004849 84
0.00485 85
0.004851 85
0.004852 84
0.004853 81
0.004854 82
0.004855 82
0.004856 82
0.004857 82
0.004858 82
0.004859 82
0.00486 83
0.004861 83
0.004862 82
0.004863 82
0.004864 82
0.004865 82
0.004866 83
0.004867 83
0.004868 84
0.004869 84
0.00487 84
0.004871 84
0.004872 84
0.004873 85
0.004874 84
0.004875 85
0.004876 85
0.004877 85
0.004878 85
0.004879 84
0.00488 83
0.004881 83
0.004882 83
0.004883 84
0.004884 84
0.004885 83
0.004886 83
0.004887 83
0.004888 83
0.004889 83
0.00489 83
0.004891 83
0.004892 84
0.004893 85
0.004894 84
0.004895 83
0.004896 83
0.004897 84
0.004898 83
0.004899 82
0.0049 83
0.004901 84
0.004902 83
0.004903 82
0.004904 83
0.004905 83
0.004906 83
0.004907 85
0.004908 85
0.004909 85
0.00491 85
0.004911 85
0.004912 85
0.004913 84
0.004914 84
0.004915 85
0.004916 84
0.004917 84
0.004918 83
0.004919 84
0.00492 86
0.004921 86
0.004922 85
0.004923 85
0.004924 84
0.004925 85
0.004926 85
0.004927 86
0.004928 87
0.004929 86
0.00493 87
0.004931 85
0.004932 84
0.004933 84
0.004934 85
0.004935 85
0.004936 85
0.004937 85
0.004938 86
0.004939 86
0.00494 85
0.004941 85
0.004942 85
0.004943 85
0.004944 85
0.004945 85
0.004946 86
0.004947 86
0.004948 85
0.004949 85
0.00495 82
0.004951 83
0.004952 83
0.004953 84
0.004954 84
0.004955 82
0.004956 83
0.004957 81
0.004958 81
0.004959 81
0.00496 80
0.004961 80
0.004962 80
0.004963 79
0.004964 79
0.004965 79
0.004966 78
0.004967 79
0.004968 80
0.004969 79
0.00497 79
0.004971 78
0.004972 78
0.004973 77
0.004974 77
0.004975 78
0.004976 78
0.004977 78
0.004978 78
0.004979 76
0.00498 76
0.004981 76
0.004982 77
0.004983 77
0.004984 77
0.004985 79
0.004986 79
0.004987 79
0.004988 79
0.004989 80
0.00499 79
0.004991 78
0.004992 77
0.004993 78
0.004994 77
0.004995 77
0.004996 77
0.004997 78
0.004998 76
0.004999 76
0.005 74
