0 1217
1e-06 1216
2e-06 1215
3e-06 1211
4e-06 1206
5e-06 1204
6e-06 1204
7e-06 1200
8e-06 1200
9e-06 1197
1e-05 1194
1.1e-05 1194
1.2e-05 1192
1.3e-05 1189
1.4e-05 1186
1.5e-05 1184
1.6e-05 1183
1.7e-05 1183
1.8e-05 1183
1.9e-05 1182
2e-05 1183
2.1e-05 1183
2.2e-05 1182
2.3e-05 1180
2.4e-05 1180
2.5e-05 1180
2.6e-05 1180
2.7e-05 1178
2.8e-05 1176
2.9e-05 1175
3e-05 1172
3.1e-05 1169
3.2e-05 1166
3.3e-05 1166
3.4e-05 1166
3.5e-05 1164
3.6e-05 1162
3.7e-05 1163
3.8e-05 1163
3.9e-05 1161
4e-05 1159
4.1e-05 1156
4.2e-05 1154
4.3e-05 1153
4.4e-05 1151
4.5e-05 1150
4.6e-05 1148
4.7e-05 1146
4.8e-05 1147
4.9e-05 1146
5e-05 1146
5.1e-05 1145
5.2e-05 1141
5.3e-05 1138
5.4e-05 1136
5.5e-05 1135
5.6e-05 1134
5.7e-05 1132
5.8e-05 1129
5.9e-05 1128
6e-05 1128
6.1e-05 1127
6.2e-05 1125
6.3e-05 1126
6.4e-05 1125
6.5e-05 1125
6.6e-05 1123
6.7e-05 1122
6.8e-05 1119
6.9e-05 1116
7e-05 1117
7.1e-05 1116
7.2e-05 1116
7.3e-05 1113
7.4e-05 1113
7.5e-05 1112
7.6e-05 1111
7.7e-05 1111
7.8e-05 1108
7.9e-05 1108
8e-05 1107
8.1e-05 1107
8.2e-05 1107
8.3e-05 1107
8.4e-05 1104
8.5e-05 1102
8.6e-05 1102
8.7e-05 1102
8.8e-05 1101
8.9e-05 1102
9e-05 1100
9.1e-05 1098
9.2e-05 1096
9.3e-05 1094
9.4e-05 1094
9.5e-05 1093
9.6e-05 1092
9.7e-05 1092
9.8e-05 1090
9.9e-05 1090
0.0001 1088
0.000101 1088
0.000102 1086
0.000103 1085
0.000104 1085
0.000105 1081
0.000106 1080
0.000107 1081
0.000108 1081
0.000109 1080
0.00011 1079
0.000111 1079
0.000112 1078
0.000113 1078
0.000114 1078
0.000115 1076
0.000116 1075
0.000117 1075
0.000118 1074
0.000119 1072
0.00012 1071
0.000121 1070
0.000122 1070
0.000123 1070
0.000124 1070
0.000125 1070
0.000126 1067
0.000127 1067
0.000128 1067
0.000129 1068
0.00013 1066
0.000131 1065
0.000132 1067
0.000133 1067
0.000134 1065
0.000135 1065
0.000136 1065
0.000137 1063
0.000138 1062
0.000139 1062
0.00014 1061
0.000141 1061
0.000142 1061
0.000143 1061
0.000144 1061
0.000145 1059
0.000146 1057
0.000147 1057
0.000148 1056
0.000149 1055
0.00015 1056
0.000151 1055
0.000152 1054
0.000153 1054
0.000154 1052
0.000155 1052
0.000156 1049
0.000157 1050
0.000158 1050
0.000159 1050
0.00016 1050
0.000161 1050
0.000162 1050
0.000163 1049
0.000164 1049
0.000165 1049
0.000166 1050
0.000167 1051
0.000168 1051
0.000169 1050
0.00017 1050
0.000171 1049
0.000172 1048
0.000173 1046
0.000174 1046
0.000175 1045
0.000176 1045
0.000177 1046
0.000178 1045
0.000179 1043
0.00018 1043
0.000181 1044
0.000182 1044
0.000183 1043
0.000184 1041
0.000185 1041
0.000186 1041
0.000187 1040
0.000188 1040
0.000189 1039
0.00019 1039
0.000191 1037
0.000192 1036
0.000193 1038
0.000194 1038
0.000195 1038
0.000196 1038
0.000197 1038
0.000198 1039
0.000199 1039
0.0002 1040
0.000201 1039
0.000202 1039
0.000203 1039
0.000204 1039
0.000205 1038
0.000206 1038
0.000207 1039
0.000208 1039
0.000209 1039
0.00021 1038
0.000211 1038
0.000212 1038
0.000213 1037
0.000214 1036
0.000215 1035
0.000216 1035
0.000217 1035
0.000218 1035
0.000219 1035
0.00022 1036
0.000221 1036
0.000222 1035
0.000223 1034
0.000224 1034
0.000225 1035
0.000226 1035
0.000227 1035
0.000228 1033
0.000229 1032
0.00023 1032
0.000231 1031
0.000232 1032
0.000233 1032
0.000234 1034
0.000235 1034
0.000236 1033
0.000237 1032
0.000238 1031
0.000239 1031
0.00024 1031
0.000241 1032
0.000242 1031
0.000243 1030
0.000244 1030
0.000245 1029
0.000246 1029
0.000247 1029
0.000248 1028
0.000249 1028
0.00025 1027
0.000251 1027
0.000252 1027
0.000253 1025
0.000254 1024
0.000255 1024
0.000256 1026
0.000257 1026
0.000258 1025
0.000259 1024
0.00026 1024
0.000261 1023
0.000262 1023
0.000263 1023
0.000264 1023
0.000265 1023
0.000266 1023
0.000267 1023
0.000268 1023
0.000269 1022
0.00027 1022
0.000271 1023
0.000272 1023
0.000273 1023
0.000274 1022
0.000275 1022
0.000276 1023
0.000277 1023
0.000278 1023
0.000279 1022
0.00028 1022
0.000281 1022
0.000282 1021
0.000283 1021
0.000284 1021
0.000285 1020
0.000286 1020
0.000287 1020
0.000288 1019
0.000289 1017
0.00029 1016
0.000291 1016
0.000292 1016
0.000293 1016
0.000294 1016
0.000295 1016
0.000296 1016
0.000297 1017
0.000298 1015
0.000299 1015
0.0003 1016
0.000301 1016
0.000302 1015
0.000303 1015
0.000304 1015
0.000305 1014
0.000306 1014
0.000307 1013
0.000308 1013
0.000309 1011
0.00031 1011
0.000311 1011
0.000312 1011
0.000313 1010
0.000314 1010
0.000315 1010
0.000316 1010
0.000317 1010
0.000318 1010
0.000319 1010
0.00032 1010
0.000321 1010
0.000322 1010
0.000323 1010
0.000324 1009
0.000325 1009
0.000326 1008
0.000327 1007
0.000328 1007
0.000329 1006
0.00033 1006
0.000331 1006
0.000332 1006
0.000333 1005
0.000334 1004
0.000335 1004
0.000336 1004
0.000337 1003
0.000338 1002
0.000339 1002
0.00034 1002
0.000341 1001
0.000342 1001
0.000343 1000
0.000344 1000
0.000345 1000
0.000346 1000
0.000347 1000
0.000348 1000
0.000349 1000
0.00035 1000
0.000351 1000
0.000352 1000
0.000353 1000
0.000354 1000
0.000355 1000
0.000356 999
0.000357 999
0.000358 999
0.000359 999
0.00036 999
0.000361 1000
0.000362 1000
0.000363 999
0.000364 999
0.000365 999
0.000366 999
0.000367 999
0.000368 999
0.000369 999
0.00037 999
0.000371 999
0.000372 1000
0.000373 1000
0.000374 999
0.000375 999
0.000376 999
0.000377 999
0.000378 999
0.000379 999
0.00038 999
0.000381 998
0.000382 998
0.000383 998
0.000384 998
0.000385 999
0.000386 999
0.000387 998
0.000388 997
0.000389 997
0.00039 995
0.000391 995
0.000392 995
0.000393 994
0.000394 993
0.000395 993
0.000396 993
0.000397 994
0.000398 994
0.000399 994
0.0004 994
0.000401 994
0.000402 994
0.000403 994
0.000404 994
0.000405 993
0.000406 993
0.000407 993
0.000408 993
0.000409 993
0.00041 993
0.000411 993
0.000412 993
0.000413 992
0.000414 992
0.000415 992
0.000416 993
0.000417 993
0.000418 992
0.000419 992
0.00042 991
0.000421 991
0.000422 991
0.000423 992
0.000424 992
0.000425 992
0.000426 992
0.000427 991
0.000428 990
0.000429 990
0.00043 989
0.000431 989
0.000432 989
0.000433 989
0.000434 990
0.000435 990
0.000436 990
0.000437 990
0.000438 990
0.000439 990
0.00044 990
0.000441 990
0.000442 990
0.000443 990
0.000444 990
0.000445 990
0.000446 990
0.000447 990
0.000448 990
0.000449 990
0.00045 990
0.000451 990
0.000452 990
0.000453 990
0.000454 990
0.000455 991
0.000456 991
0.000457 991
0.000458 991
0.000459 991
0.00046 990
0.000461 988
0.000462 988
0.000463 988
0.000464 988
0.000465 988
0.000466 989
0.000467 989
0.000468 989
0.000469 987
0.00047 988
0.000471 987
0.000472 987
0.000473 987
0.000474 987
0.000475 988
0.000476 988
0.000477 989
0.000478 989
0.000479 989
0.00048 989
0.000481 989
0.000482 989
0.000483 989
0.000484 989
0.000485 989
0.000486 989
0.000487 989
0.000488 989
0.000489 989
0.00049 989
0.000491 989
0.000492 989
0.000493 988
0.000494 988
0.000495 988
0.000496 988
0.000497 989
0.000498 989
0.000499 989
0.0005 989
0.000501 989
0.000502 989
0.000503 989
0.000504 989
0.000505 989
0.000506 988
0.000507 988
0.000508 988
0.000509 988
0.00051 988
0.000511 988
0.000512 988
0.000513 988
0.000514 988
0.000515 988
0.000516 988
0.000517 987
0.000518 987
0.000519 987
0.00052 986
0.000521 986
0.000522 986
0.000523 986
0.000524 986
0.000525 985
0.000526 985
0.000527 985
0.000528 985
0.000529 985
0.00053 985
0.000531 985
0.000532 985
0.000533 985
0.000534 984
0.000535 984
0.000536 984
0.000537 984
0.000538 984
0.000539 984
0.00054 983
0.000541 982
0.000542 982
0.000543 982
0.000544 982
0.000545 982
0.000546 981
0.000547 981
0.000548 981
0.000549 981
0.00055 981
0.000551 981
0.000552 981
0.000553 981
0.000554 981
0.000555 981
0.000556 981
0.000557 981
0.000558 980
0.000559 979
0.00056 979
0.000561 979
0.000562 979
0.000563 979
0.000564 979
0.000565 979
0.000566 979
0.000567 979
0.000568 979
0.000569 979
0.00057 979
0.000571 979
0.000572 979
0.000573 979
0.000574 979
0.000575 979
0.000576 979
0.000577 979
0.000578 980
0.000579 980
0.00058 980
0.000581 980
0.000582 980
0.000583 980
0.000584 980
0.000585 980
0.000586 979
0.000587 979
0.000588 979
0.000589 979
0.00059 979
0.000591 979
0.000592 979
0.000593 979
0.000594 979
0.000595 979
0.000596 979
0.000597 979
0.000598 979
0.000599 979
0.0006 980
0.000601 981
0.000602 981
0.000603 981
0.000604 981
0.000605 981
0.000606 982
0.000607 982
0.000608 981
0.000609 981
0.00061 981
0.000611 981
0.000612 981
0.000613 981
0.000614 981
0.000615 981
0.000616 981
0.000617 981
0.000618 981
0.000619 981
0.00062 981
0.000621 981
0.000622 981
0.000623 982
0.000624 982
0.000625 982
0.000626 981
0.000627 981
0.000628 981
0.000629 981
0.00063 981
0.000631 981
0.000632 981
0.000633 981
0.000634 981
0.000635 981
0.000636 981
0.000637 981
0.000638 981
0.000639 981
0.00064 981
0.000641 981
0.000642 982
0.000643 981
0.000644 981
0.000645 982
0.000646 982
0.000647 981
0.000648 981
0.000649 981
0.00065 981
0.000651 981
0.000652 981
0.000653 981
0.000654 981
0.000655 981
0.000656 981
0.000657 981
0.000658 981
0.000659 981
0.00066 981
0.000661 981
0.000662 981
0.000663 981
0.000664 981
0.000665 981
0.000666 981
0.000667 981
0.000668 981
0.000669 980
0.00067 980
0.000671 980
0.000672 980
0.000673 980
0.000674 980
0.000675 980
0.000676 980
0.000677 980
0.000678 980
0.000679 980
0.00068 979
0.000681 979
0.000682 979
0.000683 979
0.000684 979
0.000685 979
0.000686 979
0.000687 979
0.000688 978
0.000689 978
0.00069 978
0.000691 978
0.000692 979
0.000693 979
0.000694 979
0.000695 979
0.000696 979
0.000697 979
0.000698 979
0.000699 978
0.0007 978
0.000701 978
0.000702 978
0.000703 978
0.000704 978
0.000705 978
0.000706 978
0.000707 978
0.000708 978
0.000709 978
0.00071 978
0.000711 978
0.000712 978
0.000713 978
0.000714 978
0.000715 978
0.000716 978
0.000717 978
0.000718 978
0.000719 978
0.00072 978
0.000721 978
0.000722 978
0.000723 978
0.000724 978
0.000725 978
0.000726 978
0.000727 978
0.000728 978
0.000729 978
0.00073 977
0.000731 977
0.000732 977
0.000733 977
0.000734 976
0.000735 975
0.000736 975
0.000737 975
0.000738 975
0.000739 975
0.00074 975
0.000741 975
0.000742 975
0.000743 976
0.000744 977
0.000745 977
0.000746 977
0.000747 977
0.000748 977
0.000749 977
0.00075 977
0.000751 977
0.000752 977
0.000753 978
0.000754 978
0.000755 979
0.000756 979
0.000757 979
0.000758 980
0.000759 980
0.00076 980
0.000761 980
0.000762 980
0.000763 980
0.000764 979
0.000765 980
0.000766 980
0.000767 981
0.000768 981
0.000769 981
0.00077 981
0.000771 982
0.000772 982
0.000773 982
0.000774 982
0.000775 981
0.000776 981
0.000777 981
0.000778 980
0.000779 980
0.00078 980
0.000781 980
0.000782 980
0.000783 980
0.000784 979
0.000785 979
0.000786 979
0.000787 979
0.000788 979
0.000789 979
0.00079 979
0.000791 979
0.000792 979
0.000793 979
0.000794 978
0.000795 978
0.000796 978
0.000797 978
0.000798 978
0.000799 979
0.0008 978
0.000801 978
0.000802 978
0.000803 978
0.000804 978
0.000805 979
0.000806 979
0.000807 979
0.000808 979
0.000809 979
0.00081 979
0.000811 979
0.000812 979
0.000813 979
0.000814 979
0.000815 979
0.000816 979
0.000817 979
0.000818 979
0.000819 979
0.00082 979
0.000821 979
0.000822 979
0.000823 979
0.000824 979
0.000825 979
0.000826 979
0.000827 979
0.000828 979
0.000829 979
0.00083 980
0.000831 980
0.000832 980
0.000833 980
0.000834 980
0.000835 980
0.000836 981
0.000837 981
0.000838 981
0.000839 981
0.00084 981
0.000841 981
0.000842 981
0.000843 981
0.000844 981
0.000845 981
0.000846 981
0.000847 981
0.000848 981
0.000849 981
0.00085 981
0.000851 981
0.000852 981
0.000853 981
0.000854 981
0.000855 980
0.000856 980
0.000857 980
0.000858 980
0.000859 980
0.00086 980
0.000861 980
0.000862 980
0.000863 980
0.000864 980
0.000865 980
0.000866 980
0.000867 980
0.000868 980
0.000869 980
0.00087 980
0.000871 980
0.000872 980
0.000873 980
0.000874 980
0.000875 980
0.000876 981
0.000877 981
0.000878 981
0.000879 981
0.00088 981
0.000881 981
0.000882 981
0.000883 981
0.000884 981
0.000885 981
0.000886 981
0.000887 981
0.000888 981
0.000889 981
0.00089 981
0.000891 981
0.000892 981
0.000893 981
0.000894 981
0.000895 981
0.000896 981
0.000897 981
0.000898 982
0.000899 982
0.0009 982
0.000901 982
0.000902 982
0.000903 982
0.000904 982
0.000905 982
0.000906 982
0.000907 982
0.000908 982
0.000909 982
0.00091 982
0.000911 982
0.000912 982
0.000913 982
0.000914 982
0.000915 982
0.000916 982
0.000917 982
0.000918 982
0.000919 982
0.00092 982
0.000921 982
0.000922 982
0.000923 982
0.000924 982
0.000925 983
0.000926 983
0.000927 983
0.000928 983
0.000929 983
0.00093 983
0.000931 983
0.000932 983
0.000933 983
0.000934 983
0.000935 983
0.000936 983
0.000937 983
0.000938 983
0.000939 983
0.00094 983
0.000941 983
0.000942 983
0.000943 983
0.000944 983
0.000945 983
0.000946 983
0.000947 983
0.000948 983
0.000949 982
0.00095 982
0.000951 982
0.000952 982
0.000953 982
0.000954 982
0.000955 982
0.000956 982
0.000957 982
0.000958 981
0.000959 981
0.00096 982
0.000961 982
0.000962 982
0.000963 982
0.000964 982
0.000965 982
0.000966 982
0.000967 982
0.000968 982
0.000969 982
0.00097 982
0.000971 982
0.000972 982
0.000973 982
0.000974 982
0.000975 982
0.000976 982
0.000977 981
0.000978 981
0.000979 981
0.00098 981
0.000981 981
0.000982 981
0.000983 981
0.000984 980
0.000985 980
0.000986 980
0.000987 980
0.000988 980
0.000989 980
0.00099 980
0.000991 980
0.000992 979
0.000993 979
0.000994 979
0.000995 980
0.000996 980
0.000997 980
0.000998 980
0.000999 980
0.001 980
0.001001 980
0.001002 980
0.001003 980
0.001004 980
0.001005 980
0.001006 980
0.001007 980
0.001008 980
0.001009 980
0.00101 980
0.001011 980
0.001012 980
0.001013 980
0.001014 980
0.001015 980
0.001016 980
0.001017 980
0.001018 980
0.001019 980
0.00102 980
0.001021 980
0.001022 980
0.001023 979
0.001024 979
0.001025 979
0.001026 979
0.001027 979
0.001028 978
0.001029 977
0.00103 977
0.001031 977
0.001032 977
0.001033 977
0.001034 977
0.001035 977
0.001036 977
0.001037 977
0.001038 977
0.001039 977
0.00104 977
0.001041 977
0.001042 977
0.001043 976
0.001044 976
0.001045 976
0.001046 976
0.001047 976
0.001048 976
0.001049 976
0.00105 975
0.001051 975
0.001052 975
0.001053 976
0.001054 976
0.001055 976
0.001056 976
0.001057 976
0.001058 975
0.001059 975
0.00106 975
0.001061 975
0.001062 975
0.001063 975
0.001064 975
0.001065 975
0.001066 975
0.001067 975
0.001068 976
0.001069 976
0.00107 976
0.001071 976
0.001072 976
0.001073 976
0.001074 976
0.001075 976
0.001076 976
0.001077 976
0.001078 976
0.001079 977
0.00108 976
0.001081 976
0.001082 976
0.001083 976
0.001084 976
0.001085 975
0.001086 975
0.001087 975
0.001088 975
0.001089 975
0.00109 975
0.001091 975
0.001092 975
0.001093 975
0.001094 975
0.001095 975
0.001096 975
0.001097 975
0.001098 975
0.001099 975
0.0011 975
0.001101 975
0.001102 975
0.001103 975
0.001104 975
0.001105 975
0.001106 975
0.001107 975
0.001108 975
0.001109 975
0.00111 974
0.001111 974
0.001112 975
0.001113 975
0.001114 975
0.001115 975
0.001116 975
0.001117 975
0.001118 975
0.001119 975
0.00112 975
0.001121 975
0.001122 975
0.001123 975
0.001124 975
0.001125 975
0.001126 975
0.001127 975
0.001128 975
0.001129 975
0.00113 975
0.001131 975
0.001132 975
0.001133 975
0.001134 975
0.001135 976
0.001136 976
0.001137 976
0.001138 976
0.001139 976
0.00114 976
0.001141 976
0.001142 976
0.001143 976
0.001144 976
0.001145 976
0.001146 976
0.001147 975
0.001148 975
0.001149 975
0.00115 975
0.001151 975
0.001152 975
0.001153 976
0.001154 976
0.001155 976
0.001156 976
0.001157 976
0.001158 977
0.001159 977
0.00116 977
0.001161 977
0.001162 977
0.001163 977
0.001164 977
0.001165 977
0.001166 977
0.001167 977
0.001168 977
0.001169 977
0.00117 977
0.001171 977
0.001172 977
0.001173 977
0.001174 978
0.001175 978
0.001176 978
0.001177 978
0.001178 978
0.001179 978
0.00118 978
0.001181 978
0.001182 978
0.001183 978
0.001184 978
0.001185 979
0.001186 979
0.001187 979
0.001188 979
0.001189 979
0.00119 980
0.001191 980
0.001192 980
0.001193 980
0.001194 980
0.001195 980
0.001196 980
0.001197 980
0.001198 981
0.001199 981
0.0012 981
0.001201 981
0.001202 982
0.001203 982
0.001204 982
0.001205 982
0.001206 982
0.001207 982
0.001208 982
0.001209 982
0.00121 982
0.001211 982
0.001212 982
0.001213 982
0.001214 982
0.001215 982
0.001216 982
0.001217 982
0.001218 982
0.001219 982
0.00122 982
0.001221 982
0.001222 981
0.001223 981
0.001224 981
0.001225 981
0.001226 981
0.001227 981
0.001228 981
0.001229 982
0.00123 982
0.001231 982
0.001232 982
0.001233 982
0.001234 982
0.001235 982
0.001236 982
0.001237 981
0.001238 981
0.001239 981
0.00124 981
0.001241 981
0.001242 981
0.001243 980
0.001244 980
0.001245 980
0.001246 981
0.001247 981
0.001248 981
0.001249 981
0.00125 981
0.001251 981
0.001252 981
0.001253 981
0.001254 981
0.001255 981
0.001256 981
0.001257 981
0.001258 981
0.001259 981
0.00126 981
0.001261 981
0.001262 981
0.001263 981
0.001264 981
0.001265 982
0.001266 981
0.001267 981
0.001268 981
0.001269 981
0.00127 982
0.001271 982
0.001272 982
0.001273 982
0.001274 982
0.001275 982
0.001276 982
0.001277 982
0.001278 982
0.001279 982
0.00128 982
0.001281 982
0.001282 982
0.001283 982
0.001284 982
0.001285 982
0.001286 982
0.001287 982
0.001288 982
0.001289 982
0.00129 982
0.001291 982
0.001292 982
0.001293 982
0.001294 982
0.001295 982
0.001296 982
0.001297 982
0.001298 982
0.001299 982
0.0013 982
0.001301 982
0.001302 982
0.001303 982
0.001304 982
0.001305 982
0.001306 982
0.001307 982
0.001308 982
0.001309 982
0.00131 981
0.001311 981
0.001312 980
0.001313 980
0.001314 980
0.001315 980
0.001316 980
0.001317 980
0.001318 980
0.001319 980
0.00132 980
0.001321 980
0.001322 980
0.001323 980
0.001324 980
0.001325 980
0.001326 980
0.001327 981
0.001328 981
0.001329 981
0.00133 980
0.001331 980
0.001332 980
0.001333 980
0.001334 980
0.001335 980
0.001336 980
0.001337 980
0.001338 980
0.001339 980
0.00134 980
0.001341 981
0.001342 981
0.001343 981
0.001344 981
0.001345 981
0.001346 981
0.001347 982
0.001348 982
0.001349 982
0.00135 982
0.001351 982
0.001352 982
0.001353 982
0.001354 982
0.001355 982
0.001356 982
0.001357 982
0.001358 982
0.001359 982
0.00136 982
0.001361 982
0.001362 982
0.001363 982
0.001364 981
0.001365 981
0.001366 981
0.001367 981
0.001368 981
0.001369 981
0.00137 981
0.001371 980
0.001372 980
0.001373 980
0.001374 980
0.001375 981
0.001376 980
0.001377 980
0.001378 979
0.001379 979
0.00138 979
0.001381 979
0.001382 979
0.001383 979
0.001384 979
0.001385 979
0.001386 979
0.001387 979
0.001388 979
0.001389 979
0.00139 979
0.001391 979
0.001392 979
0.001393 980
0.001394 980
0.001395 980
0.001396 980
0.001397 980
0.001398 980
0.001399 980
0.0014 980
0.001401 980
0.001402 980
0.001403 980
0.001404 980
0.001405 980
0.001406 981
0.001407 981
0.001408 981
0.001409 981
0.00141 981
0.001411 981
0.001412 981
0.001413 981
0.001414 981
0.001415 981
0.001416 981
0.001417 981
0.001418 981
0.001419 981
0.00142 981
0.001421 981
0.001422 981
0.001423 981
0.001424 981
0.001425 981
0.001426 981
0.001427 981
0.001428 982
0.001429 982
0.00143 982
0.001431 982
0.001432 982
0.001433 983
0.001434 983
0.001435 983
0.001436 983
0.001437 983
0.001438 983
0.001439 983
0.00144 983
0.001441 983
0.001442 983
0.001443 983
0.001444 983
0.001445 983
0.001446 983
0.001447 983
0.001448 983
0.001449 983
0.00145 983
0.001451 983
0.001452 983
0.001453 983
0.001454 983
0.001455 983
0.001456 983
0.001457 983
0.001458 983
0.001459 983
0.00146 983
0.001461 983
0.001462 983
0.001463 983
0.001464 983
0.001465 983
0.001466 983
0.001467 983
0.001468 983
0.001469 983
0.00147 983
0.001471 983
0.001472 983
0.001473 983
0.001474 983
0.001475 983
0.001476 983
0.001477 983
0.001478 983
0.001479 983
0.00148 983
0.001481 983
0.001482 983
0.001483 983
0.001484 983
0.001485 983
0.001486 983
0.001487 983
0.001488 983
0.001489 983
0.00149 983
0.001491 983
0.001492 983
0.001493 983
0.001494 983
0.001495 983
0.001496 983
0.001497 983
0.001498 983
0.001499 983
0.0015 983
0.001501 983
0.001502 983
0.001503 983
0.001504 984
0.001505 984
0.001506 984
0.001507 984
0.001508 984
0.001509 983
0.00151 983
0.001511 983
0.001512 983
0.001513 983
0.001514 982
0.001515 982
0.001516 982
0.001517 982
0.001518 982
0.001519 982
0.00152 982
0.001521 982
0.001522 982
0.001523 982
0.001524 982
0.001525 983
0.001526 983
0.001527 983
0.001528 983
0.001529 983
0.00153 983
0.001531 983
0.001532 983
0.001533 983
0.001534 983
0.001535 984
0.001536 984
0.001537 984
0.001538 984
0.001539 984
0.00154 985
0.001541 985
0.001542 985
0.001543 985
0.001544 985
0.001545 985
0.001546 985
0.001547 985
0.001548 985
0.001549 985
0.00155 985
0.001551 985
0.001552 985
0.001553 985
0.001554 985
0.001555 985
0.001556 985
0.001557 985
0.001558 985
0.001559 985
0.00156 985
0.001561 985
0.001562 985
0.001563 985
0.001564 985
0.001565 986
0.001566 986
0.001567 986
0.001568 986
0.001569 986
0.00157 986
0.001571 986
0.001572 986
0.001573 986
0.001574 986
0.001575 986
0.001576 986
0.001577 986
0.001578 986
0.001579 986
0.00158 986
0.001581 986
0.001582 986
0.001583 986
0.001584 985
0.001585 985
0.001586 985
0.001587 985
0.001588 985
0.001589 984
0.00159 983
0.001591 983
0.001592 983
0.001593 983
0.001594 982
0.001595 982
0.001596 982
0.001597 982
0.001598 982
0.001599 982
0.0016 981
0.001601 981
0.001602 981
0.001603 981
0.001604 981
0.001605 981
0.001606 981
0.001607 981
0.001608 981
0.001609 981
0.00161 980
0.001611 980
0.001612 980
0.001613 980
0.001614 980
0.001615 980
0.001616 980
0.001617 980
0.001618 980
0.001619 980
0.00162 980
0.001621 980
0.001622 980
0.001623 980
0.001624 980
0.001625 980
0.001626 980
0.001627 980
0.001628 979
0.001629 979
0.00163 979
0.001631 979
0.001632 979
0.001633 979
0.001634 979
0.001635 979
0.001636 979
0.001637 979
0.001638 979
0.001639 979
0.00164 979
0.001641 979
0.001642 980
0.001643 980
0.001644 980
0.001645 980
0.001646 980
0.001647 980
0.001648 980
0.001649 980
0.00165 980
0.001651 980
0.001652 980
0.001653 980
0.001654 980
0.001655 980
0.001656 981
0.001657 981
0.001658 981
0.001659 981
0.00166 981
0.001661 981
0.001662 981
0.001663 981
0.001664 980
0.001665 980
0.001666 980
0.001667 980
0.001668 980
0.001669 980
0.00167 980
0.001671 980
0.001672 981
0.001673 981
0.001674 981
0.001675 981
0.001676 981
0.001677 981
0.001678 981
0.001679 981
0.00168 981
0.001681 981
0.001682 981
0.001683 981
0.001684 981
0.001685 981
0.001686 981
0.001687 981
0.001688 981
0.001689 981
0.00169 981
0.001691 981
0.001692 981
0.001693 981
0.001694 981
0.001695 981
0.001696 981
0.001697 981
0.001698 981
0.001699 981
0.0017 981
0.001701 982
0.001702 982
0.001703 982
0.001704 982
0.001705 982
0.001706 982
0.001707 982
0.001708 982
0.001709 982
0.00171 982
0.001711 982
0.001712 982
0.001713 982
0.001714 982
0.001715 982
0.001716 982
0.001717 982
0.001718 982
0.001719 982
0.00172 982
0.001721 982
0.001722 983
0.001723 983
0.001724 983
0.001725 983
0.001726 983
0.001727 983
0.001728 983
0.001729 983
0.00173 983
0.001731 983
0.001732 983
0.001733 983
0.001734 984
0.001735 984
0.001736 984
0.001737 984
0.001738 984
0.001739 984
0.00174 984
0.001741 984
0.001742 984
0.001743 984
0.001744 984
0.001745 984
0.001746 984
0.001747 984
0.001748 984
0.001749 984
0.00175 984
0.001751 984
0.001752 984
0.001753 984
0.001754 984
0.001755 984
0.001756 984
0.001757 984
0.001758 984
0.001759 984
0.00176 984
0.001761 984
0.001762 984
0.001763 984
0.001764 984
0.001765 984
0.001766 984
0.001767 984
0.001768 984
0.001769 984
0.00177 984
0.001771 984
0.001772 984
0.001773 984
0.001774 984
0.001775 984
0.001776 984
0.001777 984
0.001778 984
0.001779 984
0.00178 985
0.001781 985
0.001782 985
0.001783 985
0.001784 985
0.001785 985
0.001786 985
0.001787 985
0.001788 985
0.001789 985
0.00179 985
0.001791 986
0.001792 986
0.001793 986
0.001794 986
0.001795 987
0.001796 987
0.001797 987
0.001798 987
0.001799 986
0.0018 986
0.001801 986
0.001802 986
0.001803 986
0.001804 986
0.001805 986
0.001806 986
0.001807 986
0.001808 986
0.001809 986
0.00181 985
0.001811 985
0.001812 985
0.001813 984
0.001814 984
0.001815 984
0.001816 984
0.001817 984
0.001818 984
0.001819 984
0.00182 984
0.001821 985
0.001822 985
0.001823 985
0.001824 985
0.001825 985
0.001826 985
0.001827 985
0.001828 985
0.001829 985
0.00183 985
0.001831 985
0.001832 985
0.001833 985
0.001834 985
0.001835 985
0.001836 985
0.001837 985
0.001838 985
0.001839 985
0.00184 985
0.001841 985
0.001842 985
0.001843 985
0.001844 985
0.001845 985
0.001846 985
0.001847 985
0.001848 986
0.001849 986
0.00185 986
0.001851 986
0.001852 986
0.001853 986
0.001854 986
0.001855 986
0.001856 986
0.001857 986
0.001858 986
0.001859 986
0.00186 986
0.001861 985
0.001862 985
0.001863 985
0.001864 985
0.001865 984
0.001866 984
0.001867 984
0.001868 984
0.001869 984
0.00187 984
0.001871 984
0.001872 984
0.001873 984
0.001874 984
0.001875 984
0.001876 984
0.001877 984
0.001878 984
0.001879 984
0.00188 985
0.001881 985
0.001882 985
0.001883 985
0.001884 985
0.001885 985
0.001886 985
0.001887 985
0.001888 985
0.001889 985
0.00189 984
0.001891 984
0.001892 984
0.001893 984
0.001894 984
0.001895 984
0.001896 984
0.001897 984
0.001898 983
0.001899 983
0.0019 983
0.001901 983
0.001902 983
0.001903 983
0.001904 983
0.001905 983
0.001906 983
0.001907 983
0.001908 983
0.001909 983
0.00191 983
0.001911 983
0.001912 983
0.001913 983
0.001914 982
0.001915 982
0.001916 982
0.001917 982
0.001918 982
0.001919 982
0.00192 982
0.001921 982
0.001922 982
0.001923 982
0.001924 982
0.001925 982
0.001926 982
0.001927 982
0.001928 982
0.001929 983
0.00193 983
0.001931 983
0.001932 983
0.001933 983
0.001934 983
0.001935 983
0.001936 983
0.001937 983
0.001938 983
0.001939 983
0.00194 983
0.001941 983
0.001942 984
0.001943 984
0.001944 984
0.001945 984
0.001946 984
0.001947 984
0.001948 984
0.001949 984
0.00195 984
0.001951 984
0.001952 984
0.001953 984
0.001954 984
0.001955 984
0.001956 984
0.001957 984
0.001958 984
0.001959 984
0.00196 984
0.001961 984
0.001962 984
0.001963 984
0.001964 984
0.001965 984
0.001966 984
0.001967 985
0.001968 985
0.001969 985
0.00197 985
0.001971 985
0.001972 985
0.001973 985
0.001974 985
0.001975 985
0.001976 985
0.001977 985
0.001978 985
0.001979 986
0.00198 986
0.001981 986
0.001982 986
0.001983 986
0.001984 986
0.001985 986
0.001986 986
0.001987 986
0.001988 986
0.001989 986
0.00199 986
0.001991 986
0.001992 986
0.001993 986
0.001994 986
0.001995 986
0.001996 986
0.001997 986
0.001998 986
0.001999 986
0.002 986
0.002001 986
0.002002 986
0.002003 986
0.002004 986
0.002005 986
0.002006 987
0.002007 987
0.002008 987
0.002009 987
0.00201 987
0.002011 987
0.002012 987
0.002013 987
0.002014 987
0.002015 987
0.002016 987
0.002017 987
0.002018 987
0.002019 987
0.00202 987
0.002021 987
0.002022 987
0.002023 987
0.002024 987
0.002025 987
0.002026 987
0.002027 987
0.002028 986
0.002029 986
0.00203 986
0.002031 986
0.002032 986
0.002033 986
0.002034 986
0.002035 986
0.002036 986
0.002037 986
0.002038 986
0.002039 986
0.00204 986
0.002041 986
0.002042 987
0.002043 987
0.002044 987
0.002045 987
0.002046 987
0.002047 987
0.002048 987
0.002049 987
0.00205 987
0.002051 987
0.002052 987
0.002053 987
0.002054 987
0.002055 985
0.002056 985
0.002057 985
0.002058 985
0.002059 985
0.00206 985
0.002061 985
0.002062 985
0.002063 985
0.002064 985
0.002065 985
0.002066 985
0.002067 985
0.002068 985
0.002069 985
0.00207 984
0.002071 984
0.002072 984
0.002073 984
0.002074 984
0.002075 984
0.002076 984
0.002077 984
0.002078 984
0.002079 984
0.00208 984
0.002081 984
0.002082 984
0.002083 984
0.002084 984
0.002085 984
0.002086 984
0.002087 984
0.002088 984
0.002089 984
0.00209 984
0.002091 984
0.002092 984
0.002093 984
0.002094 984
0.002095 984
0.002096 984
0.002097 984
0.002098 984
0.002099 984
0.0021 984
0.002101 984
0.002102 984
0.002103 984
0.002104 984
0.002105 984
0.002106 984
0.002107 984
0.002108 984
0.002109 984
0.00211 984
0.002111 984
0.002112 984
0.002113 984
0.002114 984
0.002115 984
0.002116 984
0.002117 985
0.002118 984
0.002119 984
0.00212 984
0.002121 984
0.002122 984
0.002123 984
0.002124 984
0.002125 984
0.002126 984
0.002127 984
0.002128 984
0.002129 984
0.00213 984
0.002131 984
0.002132 984
0.002133 984
0.002134 984
0.002135 984
0.002136 984
0.002137 984
0.002138 984
0.002139 984
0.00214 984
0.002141 984
0.002142 984
0.002143 984
0.002144 984
0.002145 984
0.002146 984
0.002147 984
0.002148 984
0.002149 984
0.00215 984
0.002151 984
0.002152 984
0.002153 984
0.002154 984
0.002155 984
0.002156 984
0.002157 984
0.002158 984
0.002159 984
0.00216 984
0.002161 984
0.002162 984
0.002163 984
0.002164 984
0.002165 985
0.002166 985
0.002167 985
0.002168 985
0.002169 985
0.00217 985
0.002171 985
0.002172 985
0.002173 985
0.002174 985
0.002175 985
0.002176 985
0.002177 985
0.002178 985
0.002179 985
0.00218 985
0.002181 985
0.002182 985
0.002183 985
0.002184 985
0.002185 985
0.002186 985
0.002187 985
0.002188 985
0.002189 985
0.00219 985
0.002191 985
0.002192 985
0.002193 985
0.002194 985
0.002195 985
0.002196 985
0.002197 985
0.002198 985
0.002199 985
0.0022 985
0.002201 985
0.002202 985
0.002203 985
0.002204 985
0.002205 985
0.002206 985
0.002207 985
0.002208 985
0.002209 985
0.00221 985
0.002211 985
0.002212 985
0.002213 985
0.002214 985
0.002215 985
0.002216 985
0.002217 985
0.002218 985
0.002219 985
0.00222 985
0.002221 985
0.002222 985
0.002223 985
0.002224 985
0.002225 985
0.002226 985
0.002227 985
0.002228 985
0.002229 984
0.00223 984
0.002231 984
0.002232 984
0.002233 984
0.002234 984
0.002235 984
0.002236 984
0.002237 984
0.002238 984
0.002239 984
0.00224 984
0.002241 985
0.002242 986
0.002243 985
0.002244 985
0.002245 985
0.002246 985
0.002247 985
0.002248 985
0.002249 985
0.00225 985
0.002251 985
0.002252 985
0.002253 985
0.002254 985
0.002255 985
0.002256 985
0.002257 985
0.002258 986
0.002259 986
0.00226 986
0.002261 986
0.002262 986
0.002263 986
0.002264 986
0.002265 986
0.002266 986
0.002267 986
0.002268 986
0.002269 986
0.00227 986
0.002271 986
0.002272 986
0.002273 986
0.002274 986
0.002275 986
0.002276 986
0.002277 986
0.002278 986
0.002279 986
0.00228 986
0.002281 986
0.002282 987
0.002283 987
0.002284 987
0.002285 987
0.002286 987
0.002287 987
0.002288 987
0.002289 987
0.00229 987
0.002291 987
0.002292 987
0.002293 987
0.002294 987
0.002295 987
0.002296 987
0.002297 987
0.002298 987
0.002299 988
0.0023 988
0.002301 987
0.002302 987
0.002303 987
0.002304 987
0.002305 987
0.002306 987
0.002307 987
0.002308 986
0.002309 986
0.00231 986
0.002311 986
0.002312 986
0.002313 986
0.002314 986
0.002315 986
0.002316 986
0.002317 986
0.002318 986
0.002319 986
0.00232 986
0.002321 986
0.002322 986
0.002323 986
0.002324 986
0.002325 986
0.002326 986
0.002327 985
0.002328 985
0.002329 985
0.00233 984
0.002331 984
0.002332 984
0.002333 984
0.002334 984
0.002335 984
0.002336 984
0.002337 983
0.002338 983
0.002339 983
0.00234 983
0.002341 983
0.002342 983
0.002343 983
0.002344 983
0.002345 983
0.002346 983
0.002347 983
0.002348 983
0.002349 983
0.00235 983
0.002351 983
0.002352 983
0.002353 983
0.002354 983
0.002355 983
0.002356 983
0.002357 983
0.002358 983
0.002359 983
0.00236 983
0.002361 983
0.002362 984
0.002363 984
0.002364 984
0.002365 984
0.002366 984
0.002367 984
0.002368 984
0.002369 984
0.00237 984
0.002371 984
0.002372 984
0.002373 984
0.002374 984
0.002375 984
0.002376 984
0.002377 984
0.002378 984
0.002379 984
0.00238 984
0.002381 984
0.002382 983
0.002383 983
0.002384 983
0.002385 983
0.002386 983
0.002387 983
0.002388 984
0.002389 984
0.00239 984
0.002391 984
0.002392 984
0.002393 984
0.002394 984
0.002395 984
0.002396 984
0.002397 984
0.002398 985
0.002399 985
0.0024 985
0.002401 985
0.002402 985
0.002403 985
0.002404 985
0.002405 986
0.002406 986
0.002407 986
0.002408 986
0.002409 986
0.00241 986
0.002411 986
0.002412 986
0.002413 986
0.002414 987
0.002415 987
0.002416 987
0.002417 987
0.002418 987
0.002419 987
0.00242 987
0.002421 987
0.002422 987
0.002423 987
0.002424 986
0.002425 986
0.002426 986
0.002427 986
0.002428 986
0.002429 986
0.00243 986
0.002431 986
0.002432 986
0.002433 986
0.002434 986
0.002435 986
0.002436 986
0.002437 986
0.002438 986
0.002439 986
0.00244 986
0.002441 986
0.002442 986
0.002443 986
0.002444 986
0.002445 986
0.002446 986
0.002447 986
0.002448 986
0.002449 986
0.00245 986
0.002451 987
0.002452 987
0.002453 987
0.002454 987
0.002455 987
0.002456 987
0.002457 987
0.002458 987
0.002459 987
0.00246 987
0.002461 987
0.002462 987
0.002463 987
0.002464 987
0.002465 987
0.002466 987
0.002467 987
0.002468 987
0.002469 987
0.00247 987
0.002471 987
0.002472 988
0.002473 988
0.002474 988
0.002475 988
0.002476 988
0.002477 988
0.002478 988
0.002479 988
0.00248 988
0.002481 988
0.002482 988
0.002483 988
0.002484 988
0.002485 988
0.002486 988
0.002487 988
0.002488 987
0.002489 987
0.00249 987
0.002491 987
0.002492 987
0.002493 987
0.002494 987
0.002495 987
0.002496 987
0.002497 987
0.002498 987
0.002499 986
0.0025 986
0.002501 986
0.002502 986
0.002503 986
0.002504 986
0.002505 986
0.002506 986
0.002507 986
0.002508 986
0.002509 986
0.00251 986
0.002511 986
0.002512 986
0.002513 986
0.002514 986
0.002515 986
0.002516 986
0.002517 986
0.002518 986
0.002519 986
0.00252 986
0.002521 986
0.002522 986
0.002523 986
0.002524 986
0.002525 986
0.002526 986
0.002527 986
0.002528 986
0.002529 987
0.00253 987
0.002531 987
0.002532 987
0.002533 987
0.002534 988
0.002535 988
0.002536 988
0.002537 988
0.002538 988
0.002539 988
0.00254 987
0.002541 987
0.002542 987
0.002543 987
0.002544 987
0.002545 987
0.002546 987
0.002547 987
0.002548 987
0.002549 987
0.00255 987
0.002551 987
0.002552 987
0.002553 987
0.002554 986
0.002555 986
0.002556 986
0.002557 986
0.002558 986
0.002559 986
0.00256 986
0.002561 986
0.002562 986
0.002563 986
0.002564 986
0.002565 986
0.002566 986
0.002567 986
0.002568 986
0.002569 986
0.00257 986
0.002571 986
0.002572 986
0.002573 986
0.002574 986
0.002575 986
0.002576 986
0.002577 986
0.002578 986
0.002579 986
0.00258 986
0.002581 986
0.002582 986
0.002583 986
0.002584 986
0.002585 986
0.002586 986
0.002587 986
0.002588 986
0.002589 986
0.00259 986
0.002591 986
0.002592 986
0.002593 986
0.002594 986
0.002595 986
0.002596 986
0.002597 986
0.002598 986
0.002599 986
0.0026 986
0.002601 986
0.002602 986
0.002603 986
0.002604 986
0.002605 986
0.002606 986
0.002607 986
0.002608 986
0.002609 986
0.00261 986
0.002611 985
0.002612 985
0.002613 985
0.002614 985
0.002615 985
0.002616 985
0.002617 985
0.002618 985
0.002619 985
0.00262 985
0.002621 985
0.002622 985
0.002623 985
0.002624 985
0.002625 985
0.002626 985
0.002627 985
0.002628 985
0.002629 985
0.00263 985
0.002631 985
0.002632 985
0.002633 985
0.002634 985
0.002635 985
0.002636 985
0.002637 985
0.002638 985
0.002639 985
0.00264 985
0.002641 985
0.002642 985
0.002643 985
0.002644 985
0.002645 985
0.002646 985
0.002647 985
0.002648 985
0.002649 985
0.00265 985
0.002651 985
0.002652 985
0.002653 985
0.002654 985
0.002655 985
0.002656 985
0.002657 985
0.002658 985
0.002659 985
0.00266 985
0.002661 985
0.002662 985
0.002663 985
0.002664 985
0.002665 985
0.002666 985
0.002667 985
0.002668 985
0.002669 984
0.00267 984
0.002671 984
0.002672 984
0.002673 984
0.002674 984
0.002675 983
0.002676 983
0.002677 983
0.002678 983
0.002679 983
0.00268 983
0.002681 983
0.002682 983
0.002683 984
0.002684 984
0.002685 983
0.002686 983
0.002687 983
0.002688 983
0.002689 983
0.00269 983
0.002691 983
0.002692 983
0.002693 983
0.002694 983
0.002695 983
0.002696 983
0.002697 983
0.002698 983
0.002699 983
0.0027 983
0.002701 983
0.002702 984
0.002703 984
0.002704 983
0.002705 983
0.002706 983
0.002707 981
0.002708 981
0.002709 981
0.00271 981
0.002711 981
0.002712 980
0.002713 980
0.002714 980
0.002715 980
0.002716 980
0.002717 980
0.002718 980
0.002719 980
0.00272 980
0.002721 980
0.002722 980
0.002723 980
0.002724 980
0.002725 980
0.002726 979
0.002727 979
0.002728 979
0.002729 979
0.00273 979
0.002731 979
0.002732 978
0.002733 978
0.002734 978
0.002735 978
0.002736 978
0.002737 978
0.002738 978
0.002739 978
0.00274 978
0.002741 978
0.002742 978
0.002743 978
0.002744 978
0.002745 978
0.002746 978
0.002747 978
0.002748 978
0.002749 978
0.00275 978
0.002751 978
0.002752 978
0.002753 978
0.002754 978
0.002755 978
0.002756 978
0.002757 978
0.002758 978
0.002759 978
0.00276 978
0.002761 977
0.002762 977
0.002763 977
0.002764 977
0.002765 977
0.002766 977
0.002767 977
0.002768 977
0.002769 977
0.00277 977
0.002771 977
0.002772 977
0.002773 977
0.002774 977
0.002775 977
0.002776 977
0.002777 977
0.002778 977
0.002779 977
0.00278 977
0.002781 977
0.002782 977
0.002783 977
0.002784 977
0.002785 977
0.002786 977
0.002787 977
0.002788 977
0.002789 977
0.00279 977
0.002791 978
0.002792 978
0.002793 978
0.002794 978
0.002795 978
0.002796 978
0.002797 978
0.002798 978
0.002799 978
0.0028 978
0.002801 978
0.002802 978
0.002803 978
0.002804 978
0.002805 977
0.002806 977
0.002807 977
0.002808 977
0.002809 977
0.00281 977
0.002811 977
0.002812 977
0.002813 977
0.002814 977
0.002815 977
0.002816 977
0.002817 977
0.002818 977
0.002819 977
0.00282 977
0.002821 977
0.002822 977
0.002823 977
0.002824 977
0.002825 977
0.002826 977
0.002827 977
0.002828 977
0.002829 977
0.00283 977
0.002831 977
0.002832 977
0.002833 977
0.002834 977
0.002835 977
0.002836 977
0.002837 977
0.002838 977
0.002839 977
0.00284 977
0.002841 977
0.002842 977
0.002843 977
0.002844 977
0.002845 977
0.002846 977
0.002847 977
0.002848 977
0.002849 977
0.00285 977
0.002851 977
0.002852 977
0.002853 977
0.002854 977
0.002855 977
0.002856 977
0.002857 977
0.002858 977
0.002859 977
0.00286 977
0.002861 977
0.002862 977
0.002863 977
0.002864 977
0.002865 977
0.002866 977
0.002867 977
0.002868 977
0.002869 977
0.00287 977
0.002871 977
0.002872 977
0.002873 977
0.002874 977
0.002875 977
0.002876 977
0.002877 977
0.002878 977
0.002879 977
0.00288 977
0.002881 977
0.002882 977
0.002883 977
0.002884 977
0.002885 978
0.002886 978
0.002887 978
0.002888 978
0.002889 978
0.00289 978
0.002891 978
0.002892 978
0.002893 978
0.002894 978
0.002895 978
0.002896 978
0.002897 978
0.002898 977
0.002899 977
0.0029 977
0.002901 977
0.002902 977
0.002903 977
0.002904 977
0.002905 977
0.002906 977
0.002907 977
0.002908 977
0.002909 977
0.00291 977
0.002911 977
0.002912 977
0.002913 977
0.002914 977
0.002915 977
0.002916 977
0.002917 977
0.002918 977
0.002919 977
0.00292 977
0.002921 977
0.002922 977
0.002923 977
0.002924 977
0.002925 976
0.002926 975
0.002927 975
0.002928 975
0.002929 975
0.00293 975
0.002931 975
0.002932 975
0.002933 975
0.002934 975
0.002935 975
0.002936 975
0.002937 975
0.002938 975
0.002939 975
0.00294 976
0.002941 976
0.002942 976
0.002943 976
0.002944 976
0.002945 976
0.002946 976
0.002947 976
0.002948 976
0.002949 976
0.00295 977
0.002951 977
0.002952 977
0.002953 977
0.002954 977
0.002955 977
0.002956 977
0.002957 977
0.002958 977
0.002959 977
0.00296 977
0.002961 977
0.002962 977
0.002963 977
0.002964 977
0.002965 977
0.002966 977
0.002967 977
0.002968 977
0.002969 977
0.00297 977
0.002971 977
0.002972 977
0.002973 976
0.002974 976
0.002975 976
0.002976 976
0.002977 976
0.002978 976
0.002979 976
0.00298 976
0.002981 976
0.002982 977
0.002983 977
0.002984 977
0.002985 978
0.002986 978
0.002987 978
0.002988 978
0.002989 978
0.00299 978
0.002991 978
0.002992 978
0.002993 978
0.002994 978
0.002995 978
0.002996 978
0.002997 978
0.002998 978
0.002999 978
0.003 978
0.003001 978
0.003002 978
0.003003 978
0.003004 978
0.003005 977
0.003006 977
0.003007 977
0.003008 977
0.003009 977
0.00301 977
0.003011 977
0.003012 977
0.003013 977
0.003014 977
0.003015 977
0.003016 977
0.003017 977
0.003018 977
0.003019 977
0.00302 977
0.003021 977
0.003022 977
0.003023 977
0.003024 977
0.003025 977
0.003026 977
0.003027 977
0.003028 977
0.003029 978
0.00303 978
0.003031 978
0.003032 978
0.003033 978
0.003034 978
0.003035 978
0.003036 978
0.003037 978
0.003038 978
0.003039 978
0.00304 978
0.003041 978
0.003042 978
0.003043 978
0.003044 978
0.003045 979
0.003046 979
0.003047 979
0.003048 979
0.003049 979
0.00305 979
0.003051 979
0.003052 979
0.003053 979
0.003054 980
0.003055 980
0.003056 980
0.003057 979
0.003058 979
0.003059 979
0.00306 979
0.003061 978
0.003062 978
0.003063 978
0.003064 978
0.003065 978
0.003066 978
0.003067 978
0.003068 979
0.003069 979
0.00307 979
0.003071 979
0.003072 979
0.003073 979
0.003074 979
0.003075 979
0.003076 979
0.003077 979
0.003078 979
0.003079 979
0.00308 979
0.003081 980
0.003082 980
0.003083 980
0.003084 980
0.003085 980
0.003086 980
0.003087 980
0.003088 980
0.003089 980
0.00309 980
0.003091 980
0.003092 980
0.003093 980
0.003094 981
0.003095 981
0.003096 981
0.003097 981
0.003098 981
0.003099 981
0.0031 981
0.003101 981
0.003102 981
0.003103 981
0.003104 981
0.003105 981
0.003106 981
0.003107 981
0.003108 981
0.003109 981
0.00311 981
0.003111 981
0.003112 981
0.003113 981
0.003114 981
0.003115 981
0.003116 981
0.003117 981
0.003118 981
0.003119 981
0.00312 981
0.003121 981
0.003122 981
0.003123 981
0.003124 981
0.003125 980
0.003126 980
0.003127 980
0.003128 980
0.003129 980
0.00313 980
0.003131 980
0.003132 980
0.003133 980
0.003134 980
0.003135 980
0.003136 980
0.003137 980
0.003138 980
0.003139 980
0.00314 980
0.003141 980
0.003142 980
0.003143 980
0.003144 980
0.003145 980
0.003146 980
0.003147 980
0.003148 980
0.003149 980
0.00315 980
0.003151 980
0.003152 980
0.003153 980
0.003154 981
0.003155 981
0.003156 981
0.003157 981
0.003158 981
0.003159 981
0.00316 981
0.003161 980
0.003162 979
0.003163 979
0.003164 979
0.003165 979
0.003166 979
0.003167 979
0.003168 979
0.003169 979
0.00317 979
0.003171 979
0.003172 979
0.003173 979
0.003174 979
0.003175 979
0.003176 979
0.003177 979
0.003178 978
0.003179 978
0.00318 978
0.003181 978
0.003182 978
0.003183 978
0.003184 978
0.003185 978
0.003186 978
0.003187 978
0.003188 978
0.003189 979
0.00319 980
0.003191 980
0.003192 981
0.003193 981
0.003194 981
0.003195 981
0.003196 981
0.003197 981
0.003198 981
0.003199 981
0.0032 981
0.003201 981
0.003202 981
0.003203 981
0.003204 981
0.003205 981
0.003206 981
0.003207 982
0.003208 982
0.003209 982
0.00321 982
0.003211 982
0.003212 982
0.003213 982
0.003214 982
0.003215 982
0.003216 982
0.003217 982
0.003218 982
0.003219 982
0.00322 982
0.003221 982
0.003222 982
0.003223 982
0.003224 983
0.003225 983
0.003226 983
0.003227 983
0.003228 983
0.003229 983
0.00323 983
0.003231 983
0.003232 983
0.003233 983
0.003234 983
0.003235 983
0.003236 983
0.003237 983
0.003238 983
0.003239 983
0.00324 983
0.003241 983
0.003242 983
0.003243 983
0.003244 983
0.003245 983
0.003246 983
0.003247 983
0.003248 982
0.003249 982
0.00325 982
0.003251 982
0.003252 981
0.003253 981
0.003254 981
0.003255 981
0.003256 981
0.003257 981
0.003258 981
0.003259 981
0.00326 981
0.003261 981
0.003262 981
0.003263 981
0.003264 981
0.003265 981
0.003266 981
0.003267 981
0.003268 981
0.003269 981
0.00327 981
0.003271 981
0.003272 981
0.003273 981
0.003274 980
0.003275 980
0.003276 980
0.003277 981
0.003278 981
0.003279 981
0.00328 981
0.003281 981
0.003282 981
0.003283 981
0.003284 981
0.003285 981
0.003286 981
0.003287 981
0.003288 981
0.003289 982
0.00329 982
0.003291 982
0.003292 982
0.003293 982
0.003294 982
0.003295 982
0.003296 981
0.003297 981
0.003298 981
0.003299 981
0.0033 981
0.003301 981
0.003302 981
0.003303 981
0.003304 981
0.003305 981
0.003306 981
0.003307 981
0.003308 981
0.003309 981
0.00331 981
0.003311 981
0.003312 981
0.003313 981
0.003314 981
0.003315 981
0.003316 981
0.003317 981
0.003318 981
0.003319 981
0.00332 981
0.003321 981
0.003322 981
0.003323 981
0.003324 981
0.003325 981
0.003326 981
0.003327 981
0.003328 981
0.003329 981
0.00333 981
0.003331 981
0.003332 981
0.003333 981
0.003334 981
0.003335 981
0.003336 981
0.003337 981
0.003338 981
0.003339 981
0.00334 981
0.003341 981
0.003342 981
0.003343 981
0.003344 981
0.003345 981
0.003346 981
0.003347 982
0.003348 982
0.003349 982
0.00335 982
0.003351 982
0.003352 982
0.003353 982
0.003354 982
0.003355 982
0.003356 982
0.003357 982
0.003358 982
0.003359 982
0.00336 982
0.003361 982
0.003362 982
0.003363 982
0.003364 983
0.003365 983
0.003366 983
0.003367 983
0.003368 983
0.003369 983
0.00337 983
0.003371 983
0.003372 983
0.003373 983
0.003374 983
0.003375 983
0.003376 983
0.003377 984
0.003378 984
0.003379 984
0.00338 984
0.003381 984
0.003382 984
0.003383 984
0.003384 984
0.003385 984
0.003386 984
0.003387 984
0.003388 984
0.003389 984
0.00339 984
0.003391 984
0.003392 984
0.003393 984
0.003394 984
0.003395 985
0.003396 985
0.003397 985
0.003398 985
0.003399 985
0.0034 985
0.003401 985
0.003402 985
0.003403 985
0.003404 985
0.003405 985
0.003406 985
0.003407 985
0.003408 984
0.003409 984
0.00341 984
0.003411 984
0.003412 984
0.003413 984
0.003414 984
0.003415 984
0.003416 984
0.003417 984
0.003418 984
0.003419 984
0.00342 984
0.003421 984
0.003422 984
0.003423 984
0.003424 984
0.003425 984
0.003426 984
0.003427 984
0.003428 984
0.003429 984
0.00343 984
0.003431 984
0.003432 984
0.003433 984
0.003434 984
0.003435 984
0.003436 984
0.003437 984
0.003438 984
0.003439 984
0.00344 983
0.003441 983
0.003442 983
0.003443 983
0.003444 983
0.003445 982
0.003446 982
0.003447 982
0.003448 982
0.003449 982
0.00345 982
0.003451 982
0.003452 982
0.003453 982
0.003454 982
0.003455 983
0.003456 983
0.003457 983
0.003458 983
0.003459 983
0.00346 983
0.003461 983
0.003462 983
0.003463 983
0.003464 983
0.003465 983
0.003466 982
0.003467 982
0.003468 982
0.003469 982
0.00347 982
0.003471 982
0.003472 982
0.003473 981
0.003474 981
0.003475 981
0.003476 981
0.003477 981
0.003478 981
0.003479 981
0.00348 981
0.003481 981
0.003482 981
0.003483 981
0.003484 981
0.003485 981
0.003486 981
0.003487 981
0.003488 981
0.003489 981
0.00349 981
0.003491 981
0.003492 981
0.003493 981
0.003494 981
0.003495 981
0.003496 981
0.003497 981
0.003498 981
0.003499 981
0.0035 981
0.003501 981
0.003502 981
0.003503 981
0.003504 981
0.003505 981
0.003506 981
0.003507 981
0.003508 981
0.003509 981
0.00351 981
0.003511 981
0.003512 981
0.003513 981
0.003514 981
0.003515 981
0.003516 981
0.003517 981
0.003518 981
0.003519 981
0.00352 981
0.003521 982
0.003522 982
0.003523 982
0.003524 982
0.003525 982
0.003526 982
0.003527 982
0.003528 982
0.003529 982
0.00353 982
0.003531 982
0.003532 982
0.003533 982
0.003534 982
0.003535 982
0.003536 982
0.003537 982
0.003538 982
0.003539 982
0.00354 983
0.003541 983
0.003542 983
0.003543 983
0.003544 984
0.003545 984
0.003546 985
0.003547 985
0.003548 985
0.003549 985
0.00355 985
0.003551 985
0.003552 984
0.003553 984
0.003554 984
0.003555 984
0.003556 984
0.003557 984
0.003558 984
0.003559 984
0.00356 984
0.003561 984
0.003562 984
0.003563 984
0.003564 984
0.003565 984
0.003566 984
0.003567 984
0.003568 984
0.003569 984
0.00357 984
0.003571 984
0.003572 984
0.003573 984
0.003574 984
0.003575 984
0.003576 984
0.003577 984
0.003578 984
0.003579 984
0.00358 984
0.003581 984
0.003582 984
0.003583 984
0.003584 984
0.003585 983
0.003586 983
0.003587 983
0.003588 983
0.003589 983
0.00359 983
0.003591 983
0.003592 983
0.003593 983
0.003594 983
0.003595 983
0.003596 983
0.003597 983
0.003598 983
0.003599 983
0.0036 983
0.003601 983
0.003602 983
0.003603 983
0.003604 983
0.003605 982
0.003606 982
0.003607 982
0.003608 982
0.003609 982
0.00361 982
0.003611 983
0.003612 983
0.003613 983
0.003614 983
0.003615 983
0.003616 983
0.003617 983
0.003618 983
0.003619 983
0.00362 983
0.003621 983
0.003622 983
0.003623 983
0.003624 984
0.003625 984
0.003626 984
0.003627 984
0.003628 984
0.003629 984
0.00363 984
0.003631 984
0.003632 984
0.003633 984
0.003634 984
0.003635 984
0.003636 983
0.003637 985
0.003638 985
0.003639 985
0.00364 985
0.003641 985
0.003642 985
0.003643 985
0.003644 984
0.003645 984
0.003646 984
0.003647 984
0.003648 984
0.003649 984
0.00365 984
0.003651 984
0.003652 983
0.003653 983
0.003654 983
0.003655 983
0.003656 983
0.003657 983
0.003658 983
0.003659 983
0.00366 983
0.003661 983
0.003662 983
0.003663 983
0.003664 983
0.003665 983
0.003666 983
0.003667 984
0.003668 984
0.003669 984
0.00367 984
0.003671 984
0.003672 984
0.003673 984
0.003674 984
0.003675 984
0.003676 984
0.003677 984
0.003678 984
0.003679 984
0.00368 984
0.003681 984
0.003682 984
0.003683 984
0.003684 984
0.003685 984
0.003686 984
0.003687 984
0.003688 984
0.003689 984
0.00369 984
0.003691 984
0.003692 984
0.003693 984
0.003694 984
0.003695 984
0.003696 985
0.003697 985
0.003698 985
0.003699 985
0.0037 985
0.003701 985
0.003702 985
0.003703 985
0.003704 985
0.003705 985
0.003706 985
0.003707 985
0.003708 985
0.003709 984
0.00371 984
0.003711 984
0.003712 984
0.003713 984
0.003714 984
0.003715 983
0.003716 983
0.003717 983
0.003718 983
0.003719 983
0.00372 983
0.003721 983
0.003722 983
0.003723 983
0.003724 983
0.003725 983
0.003726 983
0.003727 983
0.003728 983
0.003729 984
0.00373 984
0.003731 984
0.003732 985
0.003733 985
0.003734 985
0.003735 985
0.003736 985
0.003737 985
0.003738 985
0.003739 985
0.00374 985
0.003741 985
0.003742 985
0.003743 985
0.003744 985
0.003745 985
0.003746 985
0.003747 985
0.003748 985
0.003749 985
0.00375 985
0.003751 986
0.003752 986
0.003753 986
0.003754 986
0.003755 986
0.003756 986
0.003757 986
0.003758 986
0.003759 986
0.00376 986
0.003761 986
0.003762 986
0.003763 986
0.003764 986
0.003765 986
0.003766 986
0.003767 986
0.003768 986
0.003769 986
0.00377 985
0.003771 985
0.003772 985
0.003773 985
0.003774 985
0.003775 985
0.003776 985
0.003777 985
0.003778 985
0.003779 985
0.00378 985
0.003781 985
0.003782 986
0.003783 986
0.003784 987
0.003785 987
0.003786 987
0.003787 987
0.003788 987
0.003789 988
0.00379 988
0.003791 988
0.003792 988
0.003793 988
0.003794 988
0.003795 988
0.003796 988
0.003797 988
0.003798 988
0.003799 988
0.0038 988
0.003801 989
0.003802 989
0.003803 989
0.003804 989
0.003805 989
0.003806 989
0.003807 989
0.003808 989
0.003809 989
0.00381 989
0.003811 989
0.003812 989
0.003813 989
0.003814 989
0.003815 989
0.003816 989
0.003817 989
0.003818 989
0.003819 989
0.00382 989
0.003821 989
0.003822 989
0.003823 989
0.003824 989
0.003825 988
0.003826 988
0.003827 988
0.003828 988
0.003829 988
0.00383 988
0.003831 988
0.003832 988
0.003833 987
0.003834 987
0.003835 987
0.003836 987
0.003837 987
0.003838 987
0.003839 987
0.00384 987
0.003841 987
0.003842 987
0.003843 987
0.003844 987
0.003845 986
0.003846 986
0.003847 986
0.003848 986
0.003849 985
0.00385 986
0.003851 986
0.003852 986
0.003853 986
0.003854 986
0.003855 986
0.003856 986
0.003857 986
0.003858 986
0.003859 986
0.00386 986
0.003861 987
0.003862 987
0.003863 987
0.003864 987
0.003865 987
0.003866 987
0.003867 987
0.003868 986
0.003869 986
0.00387 986
0.003871 985
0.003872 985
0.003873 985
0.003874 985
0.003875 985
0.003876 985
0.003877 985
0.003878 985
0.003879 985
0.00388 985
0.003881 985
0.003882 985
0.003883 985
0.003884 985
0.003885 986
0.003886 986
0.003887 986
0.003888 986
0.003889 986
0.00389 986
0.003891 986
0.003892 986
0.003893 986
0.003894 986
0.003895 986
0.003896 986
0.003897 987
0.003898 987
0.003899 987
0.0039 986
0.003901 986
0.003902 986
0.003903 986
0.003904 986
0.003905 986
0.003906 986
0.003907 986
0.003908 986
0.003909 986
0.00391 986
0.003911 986
0.003912 986
0.003913 986
0.003914 986
0.003915 986
0.003916 986
0.003917 986
0.003918 986
0.003919 986
0.00392 986
0.003921 986
0.003922 987
0.003923 987
0.003924 987
0.003925 987
0.003926 987
0.003927 987
0.003928 987
0.003929 987
0.00393 986
0.003931 986
0.003932 987
0.003933 987
0.003934 987
0.003935 987
0.003936 987
0.003937 987
0.003938 987
0.003939 987
0.00394 987
0.003941 987
0.003942 987
0.003943 987
0.003944 987
0.003945 987
0.003946 987
0.003947 987
0.003948 987
0.003949 987
0.00395 987
0.003951 987
0.003952 987
0.003953 987
0.003954 987
0.003955 987
0.003956 987
0.003957 988
0.003958 988
0.003959 988
0.00396 988
0.003961 988
0.003962 988
0.003963 988
0.003964 988
0.003965 988
0.003966 988
0.003967 988
0.003968 988
0.003969 988
0.00397 988
0.003971 988
0.003972 988
0.003973 988
0.003974 988
0.003975 988
0.003976 988
0.003977 988
0.003978 988
0.003979 988
0.00398 988
0.003981 988
0.003982 988
0.003983 988
0.003984 988
0.003985 988
0.003986 988
0.003987 988
0.003988 988
0.003989 988
0.00399 988
0.003991 988
0.003992 988
0.003993 988
0.003994 988
0.003995 988
0.003996 988
0.003997 988
0.003998 988
0.003999 988
0.004 988
0.004001 988
0.004002 988
0.004003 988
0.004004 988
0.004005 988
0.004006 988
0.004007 988
0.004008 988
0.004009 988
0.00401 988
0.004011 988
0.004012 988
0.004013 988
0.004014 988
0.004015 988
0.004016 988
0.004017 988
0.004018 988
0.004019 988
0.00402 988
0.004021 989
0.004022 989
0.004023 989
0.004024 989
0.004025 989
0.004026 989
0.004027 989
0.004028 989
0.004029 989
0.00403 989
0.004031 989
0.004032 989
0.004033 989
0.004034 989
0.004035 989
0.004036 990
0.004037 990
0.004038 990
0.004039 990
0.00404 990
0.004041 990
0.004042 990
0.004043 990
0.004044 991
0.004045 991
0.004046 991
0.004047 991
0.004048 991
0.004049 991
0.00405 991
0.004051 991
0.004052 991
0.004053 991
0.004054 991
0.004055 991
0.004056 992
0.004057 992
0.004058 992
0.004059 992
0.00406 992
0.004061 992
0.004062 992
0.004063 992
0.004064 992
0.004065 992
0.004066 992
0.004067 992
0.004068 992
0.004069 992
0.00407 992
0.004071 992
0.004072 992
0.004073 993
0.004074 993
0.004075 993
0.004076 993
0.004077 993
0.004078 993
0.004079 993
0.00408 994
0.004081 994
0.004082 994
0.004083 994
0.004084 994
0.004085 995
0.004086 995
0.004087 995
0.004088 995
0.004089 995
0.00409 995
0.004091 995
0.004092 995
0.004093 995
0.004094 995
0.004095 996
0.004096 996
0.004097 996
0.004098 997
0.004099 997
0.0041 997
0.004101 997
0.004102 997
0.004103 997
0.004104 997
0.004105 997
0.004106 997
0.004107 997
0.004108 997
0.004109 997
0.00411 997
0.004111 997
0.004112 997
0.004113 997
0.004114 997
0.004115 997
0.004116 997
0.004117 997
0.004118 997
0.004119 997
0.00412 997
0.004121 997
0.004122 997
0.004123 997
0.004124 997
0.004125 997
0.004126 997
0.004127 997
0.004128 997
0.004129 997
0.00413 997
0.004131 997
0.004132 997
0.004133 997
0.004134 997
0.004135 997
0.004136 997
0.004137 997
0.004138 997
0.004139 997
0.00414 997
0.004141 997
0.004142 997
0.004143 997
0.004144 997
0.004145 996
0.004146 996
0.004147 996
0.004148 996
0.004149 996
0.00415 995
0.004151 995
0.004152 995
0.004153 995
0.004154 995
0.004155 995
0.004156 995
0.004157 995
0.004158 995
0.004159 995
0.00416 995
0.004161 995
0.004162 995
0.004163 995
0.004164 995
0.004165 995
0.004166 995
0.004167 995
0.004168 995
0.004169 995
0.00417 995
0.004171 995
0.004172 995
0.004173 995
0.004174 995
0.004175 995
0.004176 995
0.004177 995
0.004178 995
0.004179 995
0.00418 995
0.004181 995
0.004182 995
0.004183 995
0.004184 995
0.004185 995
0.004186 995
0.004187 996
0.004188 996
0.004189 996
0.00419 996
0.004191 996
0.004192 996
0.004193 996
0.004194 996
0.004195 996
0.004196 996
0.004197 996
0.004198 996
0.004199 996
0.0042 996
0.004201 996
0.004202 996
0.004203 996
0.004204 996
0.004205 996
0.004206 996
0.004207 996
0.004208 996
0.004209 997
0.00421 997
0.004211 997
0.004212 997
0.004213 997
0.004214 997
0.004215 997
0.004216 997
0.004217 997
0.004218 997
0.004219 997
0.00422 997
0.004221 997
0.004222 997
0.004223 997
0.004224 997
0.004225 997
0.004226 997
0.004227 997
0.004228 998
0.004229 998
0.00423 998
0.004231 998
0.004232 998
0.004233 998
0.004234 998
0.004235 998
0.004236 998
0.004237 997
0.004238 997
0.004239 997
0.00424 997
0.004241 997
0.004242 997
0.004243 997
0.004244 997
0.004245 996
0.004246 996
0.004247 996
0.004248 996
0.004249 995
0.00425 995
0.004251 995
0.004252 995
0.004253 995
0.004254 995
0.004255 995
0.004256 995
0.004257 995
0.004258 995
0.004259 995
0.00426 995
0.004261 995
0.004262 995
0.004263 995
0.004264 995
0.004265 995
0.004266 995
0.004267 995
0.004268 994
0.004269 994
0.00427 994
0.004271 994
0.004272 994
0.004273 994
0.004274 994
0.004275 994
0.004276 994
0.004277 994
0.004278 994
0.004279 994
0.00428 993
0.004281 993
0.004282 993
0.004283 993
0.004284 993
0.004285 993
0.004286 993
0.004287 993
0.004288 993
0.004289 993
0.00429 993
0.004291 993
0.004292 993
0.004293 993
0.004294 993
0.004295 993
0.004296 993
0.004297 993
0.004298 993
0.004299 993
0.0043 993
0.004301 993
0.004302 993
0.004303 993
0.004304 993
0.004305 993
0.004306 993
0.004307 993
0.004308 993
0.004309 993
0.00431 993
0.004311 993
0.004312 993
0.004313 993
0.004314 993
0.004315 993
0.004316 993
0.004317 993
0.004318 992
0.004319 992
0.00432 992
0.004321 992
0.004322 992
0.004323 992
0.004324 992
0.004325 992
0.004326 992
0.004327 992
0.004328 992
0.004329 992
0.00433 992
0.004331 992
0.004332 992
0.004333 991
0.004334 991
0.004335 991
0.004336 991
0.004337 991
0.004338 991
0.004339 991
0.00434 991
0.004341 991
0.004342 991
0.004343 991
0.004344 992
0.004345 992
0.004346 992
0.004347 992
0.004348 992
0.004349 992
0.00435 992
0.004351 992
0.004352 992
0.004353 992
0.004354 992
0.004355 992
0.004356 992
0.004357 992
0.004358 992
0.004359 992
0.00436 992
0.004361 993
0.004362 993
0.004363 993
0.004364 993
0.004365 993
0.004366 993
0.004367 993
0.004368 993
0.004369 993
0.00437 993
0.004371 993
0.004372 993
0.004373 993
0.004374 993
0.004375 993
0.004376 993
0.004377 993
0.004378 993
0.004379 993
0.00438 993
0.004381 993
0.004382 993
0.004383 993
0.004384 993
0.004385 993
0.004386 994
0.004387 994
0.004388 994
0.004389 994
0.00439 994
0.004391 994
0.004392 994
0.004393 994
0.004394 993
0.004395 993
0.004396 993
0.004397 993
0.004398 993
0.004399 992
0.0044 993
0.004401 993
0.004402 993
0.004403 993
0.004404 993
0.004405 993
0.004406 993
0.004407 993
0.004408 993
0.004409 993
0.00441 992
0.004411 992
0.004412 992
0.004413 992
0.004414 992
0.004415 992
0.004416 992
0.004417 992
0.004418 992
0.004419 992
0.00442 992
0.004421 992
0.004422 992
0.004423 992
0.004424 992
0.004425 992
0.004426 992
0.004427 992
0.004428 992
0.004429 992
0.00443 992
0.004431 992
0.004432 992
0.004433 992
0.004434 992
0.004435 992
0.004436 992
0.004437 992
0.004438 992
0.004439 992
0.00444 992
0.004441 992
0.004442 992
0.004443 992
0.004444 992
0.004445 992
0.004446 992
0.004447 992
0.004448 992
0.004449 992
0.00445 992
0.004451 992
0.004452 992
0.004453 992
0.004454 992
0.004455 992
0.004456 992
0.004457 992
0.004458 992
0.004459 992
0.00446 992
0.004461 992
0.004462 993
0.004463 993
0.004464 993
0.004465 993
0.004466 993
0.004467 992
0.004468 992
0.004469 991
0.00447 991
0.004471 992
0.004472 992
0.004473 992
0.004474 992
0.004475 992
0.004476 992
0.004477 991
0.004478 991
0.004479 991
0.00448 991
0.004481 991
0.004482 991
0.004483 991
0.004484 991
0.004485 991
0.004486 991
0.004487 991
0.004488 991
0.004489 991
0.00449 991
0.004491 991
0.004492 991
0.004493 991
0.004494 991
0.004495 991
0.004496 991
0.004497 991
0.004498 991
0.004499 991
0.0045 991
0.004501 991
0.004502 991
0.004503 991
0.004504 991
0.004505 991
0.004506 990
0.004507 990
0.004508 990
0.004509 990
0.00451 990
0.004511 990
0.004512 989
0.004513 989
0.004514 989
0.004515 989
0.004516 989
0.004517 989
0.004518 989
0.004519 989
0.00452 989
0.004521 990
0.004522 990
0.004523 990
0.004524 990
0.004525 990
0.004526 990
0.004527 990
0.004528 990
0.004529 990
0.00453 990
0.004531 990
0.004532 990
0.004533 990
0.004534 990
0.004535 990
0.004536 990
0.004537 990
0.004538 990
0.004539 990
0.00454 990
0.004541 990
0.004542 990
0.004543 990
0.004544 989
0.004545 989
0.004546 989
0.004547 989
0.004548 989
0.004549 989
0.00455 989
0.004551 989
0.004552 989
0.004553 989
0.004554 989
0.004555 989
0.004556 989
0.004557 989
0.004558 989
0.004559 989
0.00456 989
0.004561 989
0.004562 989
0.004563 989
0.004564 989
0.004565 989
0.004566 989
0.004567 989
0.004568 989
0.004569 990
0.00457 990
0.004571 990
0.004572 990
0.004573 990
0.004574 990
0.004575 990
0.004576 990
0.004577 990
0.004578 990
0.004579 990
0.00458 990
0.004581 990
0.004582 990
0.004583 990
0.004584 990
0.004585 989
0.004586 989
0.004587 988
0.004588 988
0.004589 988
0.00459 988
0.004591 988
0.004592 988
0.004593 988
0.004594 988
0.004595 988
0.004596 988
0.004597 988
0.004598 988
0.004599 988
0.0046 988
0.004601 988
0.004602 988
0.004603 988
0.004604 989
0.004605 989
0.004606 989
0.004607 989
0.004608 989
0.004609 989
0.00461 988
0.004611 988
0.004612 988
0.004613 988
0.004614 989
0.004615 989
0.004616 989
0.004617 990
0.004618 990
0.004619 990
0.00462 990
0.004621 990
0.004622 990
0.004623 989
0.004624 989
0.004625 989
0.004626 989
0.004627 989
0.004628 989
0.004629 989
0.00463 989
0.004631 989
0.004632 989
0.004633 989
0.004634 989
0.004635 989
0.004636 989
0.004637 989
0.004638 989
0.004639 989
0.00464 989
0.004641 989
0.004642 989
0.004643 989
0.004644 989
0.004645 989
0.004646 989
0.004647 989
0.004648 989
0.004649 989
0.00465 989
0.004651 989
0.004652 989
0.004653 989
0.004654 989
0.004655 989
0.004656 989
0.004657 989
0.004658 989
0.004659 990
0.00466 990
0.004661 990
0.004662 990
0.004663 990
0.004664 990
0.004665 990
0.004666 990
0.004667 990
0.004668 990
0.004669 990
0.00467 990
0.004671 990
0.004672 990
0.004673 990
0.004674 990
0.004675 990
0.004676 990
0.004677 990
0.004678 990
0.004679 990
0.00468 990
0.004681 990
0.004682 989
0.004683 989
0.004684 989
0.004685 989
0.004686 989
0.004687 989
0.004688 989
0.004689 989
0.00469 989
0.004691 989
0.004692 989
0.004693 989
0.004694 989
0.004695 990
0.004696 990
0.004697 990
0.004698 990
0.004699 990
0.0047 990
0.004701 990
0.004702 990
0.004703 990
0.004704 990
0.004705 990
0.004706 990
0.004707 990
0.004708 990
0.004709 990
0.00471 990
0.004711 990
0.004712 990
0.004713 989
0.004714 989
0.004715 989
0.004716 989
0.004717 989
0.004718 989
0.004719 989
0.00472 989
0.004721 989
0.004722 989
0.004723 989
0.004724 989
0.004725 989
0.004726 989
0.004727 989
0.004728 989
0.004729 989
0.00473 989
0.004731 989
0.004732 989
0.004733 989
0.004734 990
0.004735 990
0.004736 990
0.004737 991
0.004738 991
0.004739 990
0.00474 990
0.004741 990
0.004742 989
0.004743 989
0.004744 989
0.004745 989
0.004746 988
0.004747 988
0.004748 988
0.004749 988
0.00475 988
0.004751 988
0.004752 988
0.004753 988
0.004754 988
0.004755 988
0.004756 988
0.004757 988
0.004758 988
0.004759 988
0.00476 987
0.004761 987
0.004762 987
0.004763 987
0.004764 987
0.004765 987
0.004766 987
0.004767 987
0.004768 987
0.004769 987
0.00477 987
0.004771 987
0.004772 987
0.004773 987
0.004774 987
0.004775 987
0.004776 987
0.004777 987
0.004778 987
0.004779 987
0.00478 987
0.004781 987
0.004782 987
0.004783 987
0.004784 987
0.004785 987
0.004786 987
0.004787 987
0.004788 987
0.004789 987
0.00479 987
0.004791 987
0.004792 987
0.004793 987
0.004794 987
0.004795 987
0.004796 987
0.004797 987
0.004798 987
0.004799 987
0.0048 987
0.004801 987
0.004802 987
0.004803 987
0.004804 987
0.004805 987
0.004806 987
0.004807 987
0.004808 989
0.004809 989
0.00481 989
0.004811 989
0.004812 989
0.004813 989
0.004814 989
0.004815 989
0.004816 989
0.004817 989
0.004818 989
0.004819 990
0.00482 990
0.004821 990
0.004822 991
0.004823 991
0.004824 991
0.004825 991
0.004826 991
0.004827 991
0.004828 991
0.004829 991
0.00483 991
0.004831 992
0.004832 993
0.004833 993
0.004834 993
0.004835 993
0.004836 993
0.004837 993
0.004838 993
0.004839 993
0.00484 993
0.004841 994
0.004842 994
0.004843 994
0.004844 995
0.004845 995
0.004846 995
0.004847 995
0.004848 995
0.004849 995
0.00485 995
0.004851 995
0.004852 995
0.004853 995
0.004854 995
0.004855 995
0.004856 995
0.004857 995
0.004858 995
0.004859 995
0.00486 995
0.004861 995
0.004862 995
0.004863 995
0.004864 995
0.004865 995
0.004866 995
0.004867 995
0.004868 995
0.004869 995
0.00487 995
0.004871 995
0.004872 995
0.004873 995
0.004874 995
0.004875 995
0.004876 995
0.004877 995
0.004878 995
0.004879 995
0.00488 995
0.004881 995
0.004882 995
0.004883 995
0.004884 995
0.004885 995
0.004886 995
0.004887 995
0.004888 995
0.004889 995
0.00489 995
0.004891 995
0.004892 995
0.004893 995
0.004894 994
0.004895 994
0.004896 994
0.004897 994
0.004898 994
0.004899 994
0.0049 994
0.004901 993
0.004902 993
0.004903 993
0.004904 993
0.004905 993
0.004906 993
0.004907 994
0.004908 994
0.004909 994
0.00491 994
0.004911 994
0.004912 994
0.004913 994
0.004914 994
0.004915 994
0.004916 994
0.004917 994
0.004918 994
0.004919 994
0.00492 994
0.004921 994
0.004922 994
0.004923 994
0.004924 994
0.004925 994
0.004926 994
0.004927 994
0.004928 994
0.004929 994
0.00493 994
0.004931 994
0.004932 994
0.004933 994
0.004934 994
0.004935 994
0.004936 994
0.004937 994
0.004938 995
0.004939 995
0.00494 995
0.004941 995
0.004942 996
0.004943 996
0.004944 996
0.004945 996
0.004946 996
0.004947 996
0.004948 996
0.004949 996
0.00495 996
0.004951 996
0.004952 996
0.004953 996
0.004954 996
0.004955 996
0.004956 996
0.004957 996
0.004958 996
0.004959 996
0.00496 996
0.004961 996
0.004962 996
0.004963 996
0.004964 996
0.004965 996
0.004966 996
0.004967 996
0.004968 996
0.004969 996
0.00497 996
0.004971 996
0.004972 996
0.004973 996
0.004974 996
0.004975 996
0.004976 996
0.004977 996
0.004978 996
0.004979 995
0.00498 995
0.004981 995
0.004982 995
0.004983 995
0.004984 995
0.004985 995
0.004986 995
0.004987 995
0.004988 995
0.004989 995
0.00499 995
0.004991 995
0.004992 995
0.004993 996
0.004994 996
0.004995 996
0.004996 996
0.004997 996
0.004998 996
0.004999 996
0.005 996
