0 3306
1e-06 3326
2e-06 3340
3e-06 3346
4e-06 3354
5e-06 3365
6e-06 3377
7e-06 3382
8e-06 3394
9e-06 3398
1e-05 3409
1.1e-05 3414
1.2e-05 3423
1.3e-05 3430
1.4e-05 3439
1.5e-05 3442
1.6e-05 3450
1.7e-05 3458
1.8e-05 3467
1.9e-05 3479
2e-05 3488
2.1e-05 3501
2.2e-05 3510
2.3e-05 3520
2.4e-05 3533
2.5e-05 3538
2.6e-05 3550
2.7e-05 3562
2.8e-05 3562
2.9e-05 3569
3e-05 3579
3.1e-05 3589
3.2e-05 3595
3.3e-05 3601
3.4e-05 3606
3.5e-05 3612
3.6e-05 3614
3.7e-05 3621
3.8e-05 3629
3.9e-05 3636
4e-05 3640
4.1e-05 3640
4.2e-05 3640
4.3e-05 3645
4.4e-05 3652
4.5e-05 3657
4.6e-05 3664
4.7e-05 3666
4.8e-05 3671
4.9e-05 3675
5e-05 3682
5.1e-05 3689
5.2e-05 3688
5.3e-05 3694
5.4e-05 3699
5.5e-05 3706
5.6e-05 3712
5.7e-05 3720
5.8e-05 3721
5.9e-05 3729
6e-05 3732
6.1e-05 3736
6.2e-05 3738
6.3e-05 3741
6.4e-05 3745
6.5e-05 3748
6.6e-05 3750
6.7e-05 3754
6.8e-05 3759
6.9e-05 3762
7e-05 3766
7.1e-05 3776
7.2e-05 3788
7.3e-05 3790
7.4e-05 3791
7.5e-05 3794
7.6e-05 3800
7.7e-05 3801
7.8e-05 3806
7.9e-05 3812
8e-05 3820
8.1e-05 3820
8.2e-05 3828
8.3e-05 3832
8.4e-05 3841
8.5e-05 3842
8.6e-05 3848
8.7e-05 3850
8.8e-05 3855
8.9e-05 3856
9e-05 3859
9.1e-05 3865
9.2e-05 3871
9.3e-05 3877
9.4e-05 3875
9.5e-05 3879
9.6e-05 3884
9.7e-05 3885
9.8e-05 3889
9.9e-05 3893
0.0001 3901
0.000101 3908
0.000102 3918
0.000103 3919
0.000104 3915
0.000105 3916
0.000106 3915
0.000107 3918
0.000108 3922
0.000109 3927
0.00011 3931
0.000111 3926
0.000112 3930
0.000113 3932
0.000114 3937
0.000115 3939
0.000116 3941
0.000117 3944
0.000118 3949
0.000119 3955
0.00012 3955
0.000121 3959
0.000122 3959
0.000123 3962
0.000124 3964
0.000125 3964
0.000126 3968
0.000127 3971
0.000128 3968
0.000129 3973
0.00013 3978
0.000131 3987
0.000132 3986
0.000133 3993
0.000134 3997
0.000135 4001
0.000136 4006
0.000137 4007
0.000138 4006
0.000139 4012
0.00014 4012
0.000141 4017
0.000142 4016
0.000143 4016
0.000144 4016
0.000145 4015
0.000146 4016
0.000147 4021
0.000148 4025
0.000149 4029
0.00015 4029
0.000151 4031
0.000152 4032
0.000153 4033
0.000154 4034
0.000155 4031
0.000156 4033
0.000157 4035
0.000158 4040
0.000159 4044
0.00016 4043
0.000161 4045
0.000162 4046
0.000163 4049
0.000164 4054
0.000165 4054
0.000166 4058
0.000167 4061
0.000168 4062
0.000169 4062
0.00017 4062
0.000171 4064
0.000172 4062
0.000173 4064
0.000174 4063
0.000175 4068
0.000176 4070
0.000177 4069
0.000178 4069
0.000179 4067
0.00018 4069
0.000181 4069
0.000182 4069
0.000183 4069
0.000184 4068
0.000185 4069
0.000186 4071
0.000187 4069
0.000188 4070
0.000189 4070
0.00019 4074
0.000191 4078
0.000192 4077
0.000193 4080
0.000194 4081
0.000195 4081
0.000196 4078
0.000197 4079
0.000198 4080
0.000199 4082
0.0002 4082
0.000201 4083
0.000202 4083
0.000203 4085
0.000204 4087
0.000205 4088
0.000206 4088
0.000207 4087
0.000208 4091
0.000209 4094
0.00021 4096
0.000211 4103
0.000212 4104
0.000213 4105
0.000214 4108
0.000215 4112
0.000216 4113
0.000217 4112
0.000218 4110
0.000219 4113
0.00022 4118
0.000221 4125
0.000222 4125
0.000223 4124
0.000224 4127
0.000225 4130
0.000226 4129
0.000227 4130
0.000228 4131
0.000229 4134
0.00023 4136
0.000231 4135
0.000232 4133
0.000233 4136
0.000234 4137
0.000235 4134
0.000236 4137
0.000237 4135
0.000238 4135
0.000239 4134
0.00024 4135
0.000241 4136
0.000242 4138
0.000243 4139
0.000244 4138
0.000245 4139
0.000246 4142
0.000247 4146
0.000248 4150
0.000249 4150
0.00025 4153
0.000251 4154
0.000252 4154
0.000253 4153
0.000254 4153
0.000255 4153
0.000256 4156
0.000257 4157
0.000258 4159
0.000259 4159
0.00026 4160
0.000261 4157
0.000262 4157
0.000263 4157
0.000264 4158
0.000265 4158
0.000266 4159
0.000267 4164
0.000268 4163
0.000269 4162
0.00027 4165
0.000271 4164
0.000272 4164
0.000273 4163
0.000274 4162
0.000275 4162
0.000276 4164
0.000277 4166
0.000278 4168
0.000279 4168
0.00028 4170
0.000281 4168
0.000282 4167
0.000283 4167
0.000284 4168
0.000285 4168
0.000286 4168
0.000287 4174
0.000288 4172
0.000289 4173
0.00029 4176
0.000291 4175
0.000292 4176
0.000293 4177
0.000294 4177
0.000295 4176
0.000296 4180
0.000297 4181
0.000298 4182
0.000299 4182
0.0003 4182
0.000301 4180
0.000302 4183
0.000303 4185
0.000304 4185
0.000305 4186
0.000306 4186
0.000307 4186
0.000308 4187
0.000309 4189
0.00031 4189
0.000311 4190
0.000312 4192
0.000313 4193
0.000314 4194
0.000315 4195
0.000316 4195
0.000317 4197
0.000318 4198
0.000319 4199
0.00032 4200
0.000321 4201
0.000322 4202
0.000323 4203
0.000324 4203
0.000325 4204
0.000326 4206
0.000327 4204
0.000328 4203
0.000329 4203
0.00033 4201
0.000331 4203
0.000332 4203
0.000333 4204
0.000334 4204
0.000335 4201
0.000336 4200
0.000337 4202
0.000338 4203
0.000339 4203
0.00034 4205
0.000341 4206
0.000342 4207
0.000343 4207
0.000344 4210
0.000345 4211
0.000346 4211
0.000347 4212
0.000348 4214
0.000349 4214
0.00035 4214
0.000351 4214
0.000352 4213
0.000353 4213
0.000354 4214
0.000355 4213
0.000356 4213
0.000357 4216
0.000358 4216
0.000359 4217
0.00036 4219
0.000361 4220
0.000362 4221
0.000363 4223
0.000364 4224
0.000365 4227
0.000366 4228
0.000367 4228
0.000368 4229
0.000369 4230
0.00037 4232
0.000371 4232
0.000372 4232
0.000373 4232
0.000374 4231
0.000375 4231
0.000376 4230
0.000377 4231
0.000378 4230
0.000379 4230
0.00038 4231
0.000381 4230
0.000382 4229
0.000383 4228
0.000384 4228
0.000385 4228
0.000386 4226
0.000387 4227
0.000388 4228
0.000389 4230
0.00039 4229
0.000391 4230
0.000392 4230
0.000393 4229
0.000394 4230
0.000395 4229
0.000396 4229
0.000397 4230
0.000398 4233
0.000399 4232
0.0004 4232
0.000401 4231
0.000402 4232
0.000403 4231
0.000404 4231
0.000405 4232
0.000406 4231
0.000407 4230
0.000408 4230
0.000409 4231
0.00041 4231
0.000411 4229
0.000412 4232
0.000413 4232
0.000414 4233
0.000415 4232
0.000416 4232
0.000417 4233
0.000418 4233
0.000419 4231
0.00042 4231
0.000421 4230
0.000422 4230
0.000423 4230
0.000424 4229
0.000425 4231
0.000426 4230
0.000427 4231
0.000428 4230
0.000429 4229
0.00043 4228
0.000431 4229
0.000432 4229
0.000433 4230
0.000434 4229
0.000435 4229
0.000436 4230
0.000437 4230
0.000438 4230
0.000439 4230
0.00044 4230
0.000441 4227
0.000442 4230
0.000443 4231
0.000444 4231
0.000445 4232
0.000446 4233
0.000447 4233
0.000448 4234
0.000449 4233
0.00045 4234
0.000451 4236
0.000452 4236
0.000453 4235
0.000454 4237
0.000455 4238
0.000456 4238
0.000457 4239
0.000458 4239
0.000459 4239
0.00046 4239
0.000461 4239
0.000462 4236
0.000463 4236
0.000464 4234
0.000465 4232
0.000466 4230
0.000467 4229
0.000468 4230
0.000469 4231
0.00047 4232
0.000471 4232
0.000472 4233
0.000473 4232
0.000474 4233
0.000475 4233
0.000476 4234
0.000477 4233
0.000478 4234
0.000479 4231
0.00048 4232
0.000481 4233
0.000482 4233
0.000483 4234
0.000484 4236
0.000485 4237
0.000486 4236
0.000487 4235
0.000488 4235
0.000489 4237
0.00049 4237
0.000491 4238
0.000492 4238
0.000493 4238
0.000494 4237
0.000495 4237
0.000496 4237
0.000497 4237
0.000498 4239
0.000499 4238
0.0005 4240
0.000501 4240
0.000502 4242
0.000503 4242
0.000504 4242
0.000505 4240
0.000506 4241
0.000507 4239
0.000508 4239
0.000509 4239
0.00051 4239
0.000511 4239
0.000512 4238
0.000513 4239
0.000514 4238
0.000515 4238
0.000516 4238
0.000517 4239
0.000518 4237
0.000519 4237
0.00052 4237
0.000521 4237
0.000522 4238
0.000523 4240
0.000524 4240
0.000525 4242
0.000526 4242
0.000527 4243
0.000528 4244
0.000529 4246
0.00053 4246
0.000531 4247
0.000532 4247
0.000533 4247
0.000534 4248
0.000535 4248
0.000536 4250
0.000537 4250
0.000538 4247
0.000539 4248
0.00054 4248
0.000541 4246
0.000542 4246
0.000543 4249
0.000544 4248
0.000545 4249
0.000546 4250
0.000547 4250
0.000548 4250
0.000549 4249
0.00055 4249
0.000551 4249
0.000552 4249
0.000553 4247
0.000554 4248
0.000555 4248
0.000556 4248
0.000557 4247
0.000558 4248
0.000559 4247
0.00056 4248
0.000561 4247
0.000562 4249
0.000563 4250
0.000564 4249
0.000565 4249
0.000566 4248
0.000567 4248
0.000568 4247
0.000569 4248
0.00057 4248
0.000571 4249
0.000572 4249
0.000573 4249
0.000574 4249
0.000575 4249
0.000576 4250
0.000577 4249
0.000578 4248
0.000579 4247
0.00058 4246
0.000581 4246
0.000582 4246
0.000583 4246
0.000584 4246
0.000585 4245
0.000586 4245
0.000587 4245
0.000588 4245
0.000589 4243
0.00059 4245
0.000591 4246
0.000592 4246
0.000593 4247
0.000594 4245
0.000595 4245
0.000596 4248
0.000597 4248
0.000598 4249
0.000599 4250
0.0006 4250
0.000601 4250
0.000602 4251
0.000603 4251
0.000604 4252
0.000605 4252
0.000606 4252
0.000607 4252
0.000608 4251
0.000609 4251
0.00061 4250
0.000611 4251
0.000612 4252
0.000613 4253
0.000614 4254
0.000615 4253
0.000616 4255
0.000617 4254
0.000618 4254
0.000619 4254
0.00062 4255
0.000621 4256
0.000622 4256
0.000623 4256
0.000624 4258
0.000625 4257
0.000626 4257
0.000627 4258
0.000628 4257
0.000629 4257
0.00063 4256
0.000631 4257
0.000632 4257
0.000633 4257
0.000634 4256
0.000635 4256
0.000636 4256
0.000637 4257
0.000638 4256
0.000639 4257
0.00064 4257
0.000641 4257
0.000642 4257
0.000643 4257
0.000644 4257
0.000645 4257
0.000646 4258
0.000647 4258
0.000648 4257
0.000649 4257
0.00065 4256
0.000651 4257
0.000652 4258
0.000653 4258
0.000654 4256
0.000655 4256
0.000656 4257
0.000657 4256
0.000658 4256
0.000659 4255
0.00066 4255
0.000661 4254
0.000662 4254
0.000663 4255
0.000664 4256
0.000665 4256
0.000666 4257
0.000667 4257
0.000668 4258
0.000669 4258
0.00067 4258
0.000671 4258
0.000672 4259
0.000673 4258
0.000674 4258
0.000675 4258
0.000676 4258
0.000677 4258
0.000678 4257
0.000679 4258
0.00068 4259
0.000681 4259
0.000682 4259
0.000683 4260
0.000684 4260
0.000685 4260
0.000686 4260
0.000687 4260
0.000688 4259
0.000689 4259
0.00069 4258
0.000691 4258
0.000692 4258
0.000693 4258
0.000694 4258
0.000695 4258
0.000696 4258
0.000697 4258
0.000698 4258
0.000699 4258
0.0007 4258
0.000701 4260
0.000702 4261
0.000703 4263
0.000704 4262
0.000705 4261
0.000706 4262
0.000707 4262
0.000708 4262
0.000709 4263
0.00071 4264
0.000711 4264
0.000712 4265
0.000713 4265
0.000714 4265
0.000715 4265
0.000716 4266
0.000717 4267
0.000718 4267
0.000719 4267
0.00072 4266
0.000721 4267
0.000722 4267
0.000723 4268
0.000724 4267
0.000725 4268
0.000726 4269
0.000727 4268
0.000728 4269
0.000729 4270
0.00073 4270
0.000731 4270
0.000732 4270
0.000733 4270
0.000734 4270
0.000735 4270
0.000736 4270
0.000737 4270
0.000738 4270
0.000739 4270
0.00074 4269
0.000741 4269
0.000742 4268
0.000743 4268
0.000744 4268
0.000745 4268
0.000746 4267
0.000747 4267
0.000748 4267
0.000749 4268
0.00075 4267
0.000751 4268
0.000752 4267
0.000753 4267
0.000754 4267
0.000755 4268
0.000756 4270
0.000757 4270
0.000758 4270
0.000759 4270
0.00076 4270
0.000761 4270
0.000762 4270
0.000763 4269
0.000764 4268
0.000765 4269
0.000766 4269
0.000767 4268
0.000768 4267
0.000769 4267
0.00077 4267
0.000771 4267
0.000772 4267
0.000773 4267
0.000774 4266
0.000775 4266
0.000776 4266
0.000777 4267
0.000778 4267
0.000779 4267
0.00078 4267
0.000781 4267
0.000782 4267
0.000783 4265
0.000784 4265
0.000785 4265
0.000786 4265
0.000787 4265
0.000788 4265
0.000789 4263
0.00079 4265
0.000791 4265
0.000792 4265
0.000793 4265
0.000794 4265
0.000795 4264
0.000796 4263
0.000797 4263
0.000798 4262
0.000799 4262
0.0008 4262
0.000801 4262
0.000802 4262
0.000803 4262
0.000804 4262
0.000805 4259
0.000806 4259
0.000807 4258
0.000808 4258
0.000809 4257
0.00081 4258
0.000811 4258
0.000812 4258
0.000813 4258
0.000814 4258
0.000815 4259
0.000816 4259
0.000817 4260
0.000818 4260
0.000819 4260
0.00082 4260
0.000821 4260
0.000822 4260
0.000823 4259
0.000824 4260
0.000825 4261
0.000826 4261
0.000827 4261
0.000828 4261
0.000829 4259
0.00083 4259
0.000831 4259
0.000832 4258
0.000833 4260
0.000834 4261
0.000835 4261
0.000836 4260
0.000837 4260
0.000838 4260
0.000839 4260
0.00084 4260
0.000841 4259
0.000842 4260
0.000843 4259
0.000844 4259
0.000845 4259
0.000846 4260
0.000847 4260
0.000848 4260
0.000849 4260
0.00085 4260
0.000851 4262
0.000852 4262
0.000853 4262
0.000854 4262
0.000855 4262
0.000856 4262
0.000857 4262
0.000858 4262
0.000859 4262
0.00086 4262
0.000861 4262
0.000862 4262
0.000863 4263
0.000864 4263
0.000865 4263
0.000866 4263
0.000867 4264
0.000868 4263
0.000869 4262
0.00087 4261
0.000871 4262
0.000872 4260
0.000873 4260
0.000874 4261
0.000875 4261
0.000876 4261
0.000877 4261
0.000878 4260
0.000879 4260
0.00088 4260
0.000881 4260
0.000882 4260
0.000883 4260
0.000884 4260
0.000885 4260
0.000886 4260
0.000887 4260
0.000888 4259
0.000889 4258
0.00089 4257
0.000891 4257
0.000892 4257
0.000893 4257
0.000894 4258
0.000895 4258
0.000896 4258
0.000897 4259
0.000898 4259
0.000899 4259
0.0009 4259
0.000901 4259
0.000902 4258
0.000903 4258
0.000904 4258
0.000905 4258
0.000906 4256
0.000907 4256
0.000908 4257
0.000909 4257
0.00091 4257
0.000911 4256
0.000912 4255
0.000913 4255
0.000914 4255
0.000915 4255
0.000916 4255
0.000917 4255
0.000918 4254
0.000919 4255
0.00092 4254
0.000921 4254
0.000922 4254
0.000923 4254
0.000924 4255
0.000925 4256
0.000926 4256
0.000927 4257
0.000928 4257
0.000929 4257
0.00093 4257
0.000931 4256
0.000932 4256
0.000933 4257
0.000934 4257
0.000935 4255
0.000936 4255
0.000937 4255
0.000938 4255
0.000939 4255
0.00094 4255
0.000941 4255
0.000942 4255
0.000943 4255
0.000944 4256
0.000945 4256
0.000946 4255
0.000947 4255
0.000948 4253
0.000949 4253
0.00095 4252
0.000951 4251
0.000952 4251
0.000953 4250
0.000954 4250
0.000955 4248
0.000956 4248
0.000957 4248
0.000958 4248
0.000959 4248
0.00096 4247
0.000961 4247
0.000962 4247
0.000963 4248
0.000964 4246
0.000965 4246
0.000966 4246
0.000967 4246
0.000968 4246
0.000969 4244
0.00097 4244
0.000971 4244
0.000972 4243
0.000973 4244
0.000974 4244
0.000975 4242
0.000976 4242
0.000977 4241
0.000978 4241
0.000979 4241
0.00098 4241
0.000981 4241
0.000982 4239
0.000983 4238
0.000984 4239
0.000985 4239
0.000986 4238
0.000987 4237
0.000988 4237
0.000989 4235
0.00099 4235
0.000991 4235
0.000992 4235
0.000993 4237
0.000994 4237
0.000995 4236
0.000996 4236
0.000997 4236
0.000998 4236
0.000999 4236
0.001 4237
0.001001 4236
0.001002 4236
0.001003 4236
0.001004 4236
0.001005 4235
0.001006 4236
0.001007 4237
0.001008 4237
0.001009 4236
0.00101 4235
0.001011 4236
0.001012 4235
0.001013 4235
0.001014 4235
0.001015 4234
0.001016 4234
0.001017 4233
0.001018 4233
0.001019 4233
0.00102 4233
0.001021 4233
0.001022 4233
0.001023 4232
0.001024 4230
0.001025 4231
0.001026 4232
0.001027 4232
0.001028 4232
0.001029 4231
0.00103 4231
0.001031 4231
0.001032 4229
0.001033 4229
0.001034 4229
0.001035 4229
0.001036 4229
0.001037 4229
0.001038 4229
0.001039 4228
0.00104 4228
0.001041 4228
0.001042 4228
0.001043 4228
0.001044 4228
0.001045 4228
0.001046 4227
0.001047 4228
0.001048 4228
0.001049 4227
0.00105 4227
0.001051 4227
0.001052 4228
0.001053 4229
0.001054 4229
0.001055 4229
0.001056 4229
0.001057 4229
0.001058 4229
0.001059 4229
0.00106 4229
0.001061 4229
0.001062 4229
0.001063 4229
0.001064 4229
0.001065 4229
0.001066 4229
0.001067 4229
0.001068 4229
0.001069 4229
0.00107 4227
0.001071 4227
0.001072 4227
0.001073 4226
0.001074 4225
0.001075 4225
0.001076 4226
0.001077 4226
0.001078 4226
0.001079 4226
0.00108 4226
0.001081 4226
0.001082 4226
0.001083 4226
0.001084 4227
0.001085 4226
0.001086 4226
0.001087 4224
0.001088 4224
0.001089 4224
0.00109 4225
0.001091 4225
0.001092 4224
0.001093 4223
0.001094 4223
0.001095 4222
0.001096 4222
0.001097 4222
0.001098 4222
0.001099 4222
0.0011 4224
0.001101 4223
0.001102 4223
0.001103 4222
0.001104 4222
0.001105 4222
0.001106 4222
0.001107 4223
0.001108 4223
0.001109 4222
0.00111 4223
0.001111 4224
0.001112 4226
0.001113 4227
0.001114 4227
0.001115 4228
0.001116 4227
0.001117 4227
0.001118 4227
0.001119 4227
0.00112 4226
0.001121 4226
0.001122 4226
0.001123 4226
0.001124 4225
0.001125 4225
0.001126 4225
0.001127 4226
0.001128 4227
0.001129 4228
0.00113 4228
0.001131 4228
0.001132 4227
0.001133 4228
0.001134 4228
0.001135 4228
0.001136 4228
0.001137 4228
0.001138 4228
0.001139 4229
0.00114 4228
0.001141 4228
0.001142 4228
0.001143 4229
0.001144 4229
0.001145 4230
0.001146 4230
0.001147 4229
0.001148 4229
0.001149 4229
0.00115 4229
0.001151 4229
0.001152 4229
0.001153 4229
0.001154 4229
0.001155 4229
0.001156 4230
0.001157 4233
0.001158 4233
0.001159 4233
0.00116 4233
0.001161 4233
0.001162 4233
0.001163 4233
0.001164 4234
0.001165 4235
0.001166 4235
0.001167 4235
0.001168 4235
0.001169 4236
0.00117 4237
0.001171 4237
0.001172 4237
0.001173 4236
0.001174 4236
0.001175 4236
0.001176 4236
0.001177 4236
0.001178 4236
0.001179 4236
0.00118 4237
0.001181 4236
0.001182 4236
0.001183 4237
0.001184 4237
0.001185 4237
0.001186 4236
0.001187 4235
0.001188 4235
0.001189 4235
0.00119 4235
0.001191 4235
0.001192 4236
0.001193 4237
0.001194 4237
0.001195 4237
0.001196 4236
0.001197 4237
0.001198 4236
0.001199 4236
0.0012 4234
0.001201 4234
0.001202 4234
0.001203 4235
0.001204 4235
0.001205 4235
0.001206 4235
0.001207 4236
0.001208 4236
0.001209 4236
0.00121 4237
0.001211 4237
0.001212 4237
0.001213 4237
0.001214 4237
0.001215 4237
0.001216 4237
0.001217 4237
0.001218 4237
0.001219 4237
0.00122 4238
0.001221 4238
0.001222 4237
0.001223 4237
0.001224 4239
0.001225 4239
0.001226 4239
0.001227 4239
0.001228 4239
0.001229 4239
0.00123 4239
0.001231 4239
0.001232 4239
0.001233 4240
0.001234 4241
0.001235 4241
0.001236 4242
0.001237 4242
0.001238 4242
0.001239 4242
0.00124 4242
0.001241 4242
0.001242 4242
0.001243 4241
0.001244 4242
0.001245 4241
0.001246 4241
0.001247 4241
0.001248 4240
0.001249 4239
0.00125 4239
0.001251 4239
0.001252 4239
0.001253 4239
0.001254 4239
0.001255 4239
0.001256 4239
0.001257 4239
0.001258 4239
0.001259 4238
0.00126 4239
0.001261 4240
0.001262 4238
0.001263 4238
0.001264 4238
0.001265 4238
0.001266 4239
0.001267 4239
0.001268 4238
0.001269 4238
0.00127 4237
0.001271 4237
0.001272 4238
0.001273 4238
0.001274 4240
0.001275 4240
0.001276 4239
0.001277 4239
0.001278 4240
0.001279 4239
0.00128 4239
0.001281 4239
0.001282 4239
0.001283 4240
0.001284 4240
0.001285 4240
0.001286 4240
0.001287 4240
0.001288 4242
0.001289 4241
0.00129 4241
0.001291 4242
0.001292 4242
0.001293 4243
0.001294 4243
0.001295 4243
0.001296 4243
0.001297 4243
0.001298 4243
0.001299 4245
0.0013 4245
0.001301 4243
0.001302 4243
0.001303 4243
0.001304 4243
0.001305 4243
0.001306 4243
0.001307 4245
0.001308 4245
0.001309 4245
0.00131 4245
0.001311 4246
0.001312 4246
0.001313 4246
0.001314 4246
0.001315 4246
0.001316 4247
0.001317 4248
0.001318 4249
0.001319 4249
0.00132 4248
0.001321 4248
0.001322 4247
0.001323 4247
0.001324 4247
0.001325 4247
0.001326 4248
0.001327 4248
0.001328 4246
0.001329 4246
0.00133 4245
0.001331 4245
0.001332 4244
0.001333 4244
0.001334 4244
0.001335 4243
0.001336 4244
0.001337 4244
0.001338 4244
0.001339 4244
0.00134 4245
0.001341 4246
0.001342 4246
0.001343 4246
0.001344 4247
0.001345 4247
0.001346 4247
0.001347 4247
0.001348 4246
0.001349 4247
0.00135 4247
0.001351 4247
0.001352 4247
0.001353 4247
0.001354 4247
0.001355 4247
0.001356 4247
0.001357 4249
0.001358 4249
0.001359 4249
0.00136 4249
0.001361 4249
0.001362 4249
0.001363 4248
0.001364 4248
0.001365 4248
0.001366 4248
0.001367 4247
0.001368 4247
0.001369 4247
0.00137 4248
0.001371 4248
0.001372 4248
0.001373 4249
0.001374 4249
0.001375 4249
0.001376 4250
0.001377 4250
0.001378 4250
0.001379 4250
0.00138 4250
0.001381 4250
0.001382 4251
0.001383 4251
0.001384 4251
0.001385 4252
0.001386 4252
0.001387 4252
0.001388 4252
0.001389 4253
0.00139 4253
0.001391 4253
0.001392 4255
0.001393 4255
0.001394 4256
0.001395 4257
0.001396 4257
0.001397 4257
0.001398 4257
0.001399 4257
0.0014 4256
0.001401 4256
0.001402 4258
0.001403 4257
0.001404 4257
0.001405 4257
0.001406 4258
0.001407 4257
0.001408 4257
0.001409 4257
0.00141 4257
0.001411 4256
0.001412 4256
0.001413 4256
0.001414 4256
0.001415 4256
0.001416 4255
0.001417 4254
0.001418 4253
0.001419 4253
0.00142 4253
0.001421 4253
0.001422 4255
0.001423 4256
0.001424 4256
0.001425 4256
0.001426 4255
0.001427 4255
0.001428 4255
0.001429 4255
0.00143 4256
0.001431 4257
0.001432 4258
0.001433 4259
0.001434 4259
0.001435 4259
0.001436 4259
0.001437 4259
0.001438 4259
0.001439 4258
0.00144 4259
0.001441 4260
0.001442 4260
0.001443 4259
0.001444 4260
0.001445 4259
0.001446 4259
0.001447 4259
0.001448 4259
0.001449 4259
0.00145 4259
0.001451 4259
0.001452 4258
0.001453 4258
0.001454 4256
0.001455 4256
0.001456 4256
0.001457 4256
0.001458 4256
0.001459 4256
0.00146 4256
0.001461 4255
0.001462 4255
0.001463 4255
0.001464 4255
0.001465 4256
0.001466 4256
0.001467 4255
0.001468 4254
0.001469 4255
0.00147 4255
0.001471 4255
0.001472 4255
0.001473 4255
0.001474 4255
0.001475 4255
0.001476 4255
0.001477 4255
0.001478 4255
0.001479 4256
0.00148 4256
0.001481 4256
0.001482 4256
0.001483 4254
0.001484 4255
0.001485 4255
0.001486 4255
0.001487 4256
0.001488 4256
0.001489 4256
0.00149 4256
0.001491 4256
0.001492 4256
0.001493 4256
0.001494 4256
0.001495 4256
0.001496 4256
0.001497 4256
0.001498 4256
0.001499 4256
0.0015 4255
0.001501 4254
0.001502 4254
0.001503 4255
0.001504 4255
0.001505 4255
0.001506 4254
0.001507 4254
0.001508 4254
0.001509 4254
0.00151 4254
0.001511 4254
0.001512 4252
0.001513 4252
0.001514 4252
0.001515 4252
0.001516 4252
0.001517 4252
0.001518 4252
0.001519 4252
0.00152 4252
0.001521 4252
0.001522 4251
0.001523 4251
0.001524 4250
0.001525 4250
0.001526 4251
0.001527 4251
0.001528 4251
0.001529 4253
0.00153 4253
0.001531 4253
0.001532 4253
0.001533 4254
0.001534 4253
0.001535 4253
0.001536 4253
0.001537 4254
0.001538 4254
0.001539 4254
0.00154 4254
0.001541 4254
0.001542 4254
0.001543 4255
0.001544 4253
0.001545 4253
0.001546 4254
0.001547 4255
0.001548 4254
0.001549 4254
0.00155 4254
0.001551 4254
0.001552 4255
0.001553 4255
0.001554 4255
0.001555 4255
0.001556 4255
0.001557 4255
0.001558 4255
0.001559 4255
0.00156 4254
0.001561 4255
0.001562 4255
0.001563 4255
0.001564 4255
0.001565 4254
0.001566 4254
0.001567 4252
0.001568 4252
0.001569 4252
0.00157 4251
0.001571 4249
0.001572 4249
0.001573 4249
0.001574 4249
0.001575 4248
0.001576 4249
0.001577 4250
0.001578 4250
0.001579 4250
0.00158 4250
0.001581 4251
0.001582 4251
0.001583 4251
0.001584 4251
0.001585 4252
0.001586 4252
0.001587 4253
0.001588 4253
0.001589 4254
0.00159 4255
0.001591 4255
0.001592 4255
0.001593 4255
0.001594 4254
0.001595 4255
0.001596 4255
0.001597 4255
0.001598 4254
0.001599 4254
0.0016 4254
0.001601 4254
0.001602 4253
0.001603 4254
0.001604 4254
0.001605 4254
0.001606 4254
0.001607 4254
0.001608 4253
0.001609 4253
0.00161 4253
0.001611 4253
0.001612 4253
0.001613 4253
0.001614 4253
0.001615 4253
0.001616 4253
0.001617 4253
0.001618 4253
0.001619 4253
0.00162 4253
0.001621 4253
0.001622 4252
0.001623 4253
0.001624 4253
0.001625 4253
0.001626 4253
0.001627 4253
0.001628 4252
0.001629 4252
0.00163 4252
0.001631 4252
0.001632 4252
0.001633 4252
0.001634 4252
0.001635 4253
0.001636 4253
0.001637 4253
0.001638 4253
0.001639 4253
0.00164 4253
0.001641 4254
0.001642 4255
0.001643 4255
0.001644 4255
0.001645 4256
0.001646 4256
0.001647 4257
0.001648 4257
0.001649 4256
0.00165 4256
0.001651 4256
0.001652 4255
0.001653 4255
0.001654 4255
0.001655 4256
0.001656 4256
0.001657 4255
0.001658 4255
0.001659 4255
0.00166 4254
0.001661 4254
0.001662 4254
0.001663 4254
0.001664 4254
0.001665 4255
0.001666 4255
0.001667 4255
0.001668 4254
0.001669 4254
0.00167 4254
0.001671 4254
0.001672 4254
0.001673 4254
0.001674 4255
0.001675 4255
0.001676 4255
0.001677 4253
0.001678 4253
0.001679 4253
0.00168 4253
0.001681 4255
0.001682 4255
0.001683 4254
0.001684 4255
0.001685 4253
0.001686 4252
0.001687 4253
0.001688 4253
0.001689 4253
0.00169 4253
0.001691 4253
0.001692 4253
0.001693 4253
0.001694 4253
0.001695 4253
0.001696 4253
0.001697 4253
0.001698 4253
0.001699 4253
0.0017 4253
0.001701 4253
0.001702 4253
0.001703 4254
0.001704 4256
0.001705 4256
0.001706 4256
0.001707 4256
0.001708 4255
0.001709 4255
0.00171 4255
0.001711 4254
0.001712 4254
0.001713 4254
0.001714 4255
0.001715 4255
0.001716 4256
0.001717 4256
0.001718 4257
0.001719 4257
0.00172 4257
0.001721 4257
0.001722 4257
0.001723 4257
0.001724 4259
0.001725 4258
0.001726 4258
0.001727 4258
0.001728 4259
0.001729 4259
0.00173 4259
0.001731 4259
0.001732 4259
0.001733 4259
0.001734 4259
0.001735 4260
0.001736 4260
0.001737 4260
0.001738 4260
0.001739 4260
0.00174 4260
0.001741 4261
0.001742 4261
0.001743 4260
0.001744 4260
0.001745 4260
0.001746 4260
0.001747 4261
0.001748 4261
0.001749 4263
0.00175 4264
0.001751 4264
0.001752 4264
0.001753 4265
0.001754 4265
0.001755 4265
0.001756 4265
0.001757 4265
0.001758 4265
0.001759 4265
0.00176 4265
0.001761 4264
0.001762 4263
0.001763 4263
0.001764 4262
0.001765 4262
0.001766 4262
0.001767 4262
0.001768 4262
0.001769 4263
0.00177 4263
0.001771 4263
0.001772 4264
0.001773 4265
0.001774 4265
0.001775 4265
0.001776 4265
0.001777 4265
0.001778 4265
0.001779 4265
0.00178 4266
0.001781 4266
0.001782 4266
0.001783 4267
0.001784 4268
0.001785 4268
0.001786 4268
0.001787 4267
0.001788 4267
0.001789 4266
0.00179 4266
0.001791 4267
0.001792 4267
0.001793 4267
0.001794 4267
0.001795 4267
0.001796 4267
0.001797 4267
0.001798 4267
0.001799 4267
0.0018 4267
0.001801 4266
0.001802 4266
0.001803 4266
0.001804 4266
0.001805 4266
0.001806 4266
0.001807 4266
0.001808 4265
0.001809 4264
0.00181 4264
0.001811 4263
0.001812 4265
0.001813 4265
0.001814 4266
0.001815 4266
0.001816 4267
0.001817 4265
0.001818 4265
0.001819 4265
0.00182 4266
0.001821 4268
0.001822 4268
0.001823 4267
0.001824 4267
0.001825 4268
0.001826 4268
0.001827 4268
0.001828 4268
0.001829 4268
0.00183 4267
0.001831 4267
0.001832 4269
0.001833 4269
0.001834 4269
0.001835 4268
0.001836 4268
0.001837 4268
0.001838 4268
0.001839 4268
0.00184 4268
0.001841 4268
0.001842 4268
0.001843 4268
0.001844 4270
0.001845 4271
0.001846 4271
0.001847 4271
0.001848 4270
0.001849 4270
0.00185 4270
0.001851 4271
0.001852 4271
0.001853 4271
0.001854 4272
0.001855 4271
0.001856 4270
0.001857 4270
0.001858 4270
0.001859 4269
0.00186 4269
0.001861 4269
0.001862 4269
0.001863 4268
0.001864 4268
0.001865 4268
0.001866 4267
0.001867 4267
0.001868 4267
0.001869 4267
0.00187 4267
0.001871 4267
0.001872 4267
0.001873 4268
0.001874 4268
0.001875 4267
0.001876 4267
0.001877 4268
0.001878 4267
0.001879 4266
0.00188 4266
0.001881 4265
0.001882 4265
0.001883 4267
0.001884 4267
0.001885 4266
0.001886 4266
0.001887 4266
0.001888 4264
0.001889 4264
0.00189 4264
0.001891 4264
0.001892 4265
0.001893 4264
0.001894 4264
0.001895 4264
0.001896 4264
0.001897 4264
0.001898 4264
0.001899 4264
0.0019 4264
0.001901 4264
0.001902 4265
0.001903 4265
0.001904 4266
0.001905 4265
0.001906 4265
0.001907 4265
0.001908 4265
0.001909 4265
0.00191 4265
0.001911 4265
0.001912 4265
0.001913 4265
0.001914 4265
0.001915 4267
0.001916 4268
0.001917 4268
0.001918 4268
0.001919 4268
0.00192 4268
0.001921 4268
0.001922 4268
0.001923 4268
0.001924 4268
0.001925 4269
0.001926 4269
0.001927 4269
0.001928 4268
0.001929 4268
0.00193 4269
0.001931 4269
0.001932 4268
0.001933 4269
0.001934 4269
0.001935 4270
0.001936 4270
0.001937 4270
0.001938 4270
0.001939 4270
0.00194 4270
0.001941 4270
0.001942 4271
0.001943 4271
0.001944 4271
0.001945 4272
0.001946 4275
0.001947 4275
0.001948 4274
0.001949 4274
0.00195 4274
0.001951 4274
0.001952 4274
0.001953 4274
0.001954 4274
0.001955 4274
0.001956 4274
0.001957 4274
0.001958 4273
0.001959 4274
0.00196 4274
0.001961 4274
0.001962 4274
0.001963 4274
0.001964 4274
0.001965 4275
0.001966 4275
0.001967 4275
0.001968 4275
0.001969 4275
0.00197 4277
0.001971 4277
0.001972 4277
0.001973 4277
0.001974 4277
0.001975 4277
0.001976 4277
0.001977 4277
0.001978 4277
0.001979 4277
0.00198 4277
0.001981 4277
0.001982 4277
0.001983 4277
0.001984 4277
0.001985 4278
0.001986 4278
0.001987 4278
0.001988 4278
0.001989 4277
0.00199 4276
0.001991 4276
0.001992 4276
0.001993 4277
0.001994 4277
0.001995 4277
0.001996 4277
0.001997 4278
0.001998 4277
0.001999 4276
0.002 4276
0.002001 4276
0.002002 4276
0.002003 4277
0.002004 4277
0.002005 4276
0.002006 4276
0.002007 4276
0.002008 4275
0.002009 4275
0.00201 4275
0.002011 4275
0.002012 4276
0.002013 4276
0.002014 4276
0.002015 4276
0.002016 4276
0.002017 4275
0.002018 4274
0.002019 4274
0.00202 4274
0.002021 4274
0.002022 4274
0.002023 4275
0.002024 4275
0.002025 4275
0.002026 4275
0.002027 4275
0.002028 4275
0.002029 4274
0.00203 4275
0.002031 4275
0.002032 4276
0.002033 4276
0.002034 4275
0.002035 4275
0.002036 4275
0.002037 4275
0.002038 4276
0.002039 4276
0.00204 4276
0.002041 4276
0.002042 4275
0.002043 4276
0.002044 4276
0.002045 4276
0.002046 4277
0.002047 4277
0.002048 4276
0.002049 4276
0.00205 4275
0.002051 4275
0.002052 4275
0.002053 4275
0.002054 4276
0.002055 4276
0.002056 4275
0.002057 4275
0.002058 4275
0.002059 4274
0.00206 4274
0.002061 4274
0.002062 4275
0.002063 4275
0.002064 4276
0.002065 4276
0.002066 4276
0.002067 4277
0.002068 4277
0.002069 4278
0.00207 4278
0.002071 4278
0.002072 4278
0.002073 4278
0.002074 4278
0.002075 4277
0.002076 4277
0.002077 4277
0.002078 4277
0.002079 4278
0.00208 4278
0.002081 4279
0.002082 4279
0.002083 4279
0.002084 4280
0.002085 4281
0.002086 4281
0.002087 4281
0.002088 4281
0.002089 4281
0.00209 4281
0.002091 4280
0.002092 4280
0.002093 4280
0.002094 4280
0.002095 4280
0.002096 4280
0.002097 4280
0.002098 4279
0.002099 4280
0.0021 4280
0.002101 4280
0.002102 4280
0.002103 4280
0.002104 4280
0.002105 4280
0.002106 4282
0.002107 4282
0.002108 4282
0.002109 4282
0.00211 4281
0.002111 4281
0.002112 4281
0.002113 4280
0.002114 4280
0.002115 4280
0.002116 4278
0.002117 4277
0.002118 4277
0.002119 4277
0.00212 4277
0.002121 4277
0.002122 4277
0.002123 4277
0.002124 4277
0.002125 4277
0.002126 4277
0.002127 4276
0.002128 4276
0.002129 4276
0.00213 4276
0.002131 4276
0.002132 4276
0.002133 4276
0.002134 4276
0.002135 4276
0.002136 4277
0.002137 4277
0.002138 4277
0.002139 4277
0.00214 4277
0.002141 4277
0.002142 4276
0.002143 4276
0.002144 4276
0.002145 4276
0.002146 4276
0.002147 4276
0.002148 4275
0.002149 4275
0.00215 4275
0.002151 4275
0.002152 4275
0.002153 4275
0.002154 4275
0.002155 4276
0.002156 4276
0.002157 4276
0.002158 4276
0.002159 4276
0.00216 4276
0.002161 4276
0.002162 4276
0.002163 4276
0.002164 4276
0.002165 4276
0.002166 4276
0.002167 4275
0.002168 4276
0.002169 4276
0.00217 4276
0.002171 4276
0.002172 4276
0.002173 4275
0.002174 4275
0.002175 4275
0.002176 4275
0.002177 4274
0.002178 4274
0.002179 4274
0.00218 4273
0.002181 4272
0.002182 4272
0.002183 4273
0.002184 4273
0.002185 4273
0.002186 4274
0.002187 4274
0.002188 4274
0.002189 4275
0.00219 4275
0.002191 4274
0.002192 4274
0.002193 4274
0.002194 4273
0.002195 4273
0.002196 4273
0.002197 4273
0.002198 4271
0.002199 4271
0.0022 4271
0.002201 4271
0.002202 4272
0.002203 4272
0.002204 4271
0.002205 4271
0.002206 4271
0.002207 4271
0.002208 4271
0.002209 4271
0.00221 4271
0.002211 4271
0.002212 4270
0.002213 4270
0.002214 4270
0.002215 4270
0.002216 4270
0.002217 4271
0.002218 4270
0.002219 4270
0.00222 4270
0.002221 4270
0.002222 4270
0.002223 4270
0.002224 4269
0.002225 4268
0.002226 4268
0.002227 4268
0.002228 4268
0.002229 4268
0.00223 4269
0.002231 4269
0.002232 4269
0.002233 4269
0.002234 4269
0.002235 4269
0.002236 4269
0.002237 4269
0.002238 4268
0.002239 4268
0.00224 4268
0.002241 4268
0.002242 4268
0.002243 4268
0.002244 4268
0.002245 4269
0.002246 4269
0.002247 4269
0.002248 4269
0.002249 4268
0.00225 4268
0.002251 4268
0.002252 4268
0.002253 4268
0.002254 4268
0.002255 4267
0.002256 4266
0.002257 4265
0.002258 4264
0.002259 4264
0.00226 4264
0.002261 4264
0.002262 4264
0.002263 4264
0.002264 4265
0.002265 4265
0.002266 4265
0.002267 4265
0.002268 4264
0.002269 4262
0.00227 4261
0.002271 4261
0.002272 4262
0.002273 4262
0.002274 4262
0.002275 4262
0.002276 4263
0.002277 4264
0.002278 4265
0.002279 4265
0.00228 4265
0.002281 4265
0.002282 4265
0.002283 4265
0.002284 4265
0.002285 4265
0.002286 4265
0.002287 4265
0.002288 4266
0.002289 4266
0.00229 4265
0.002291 4265
0.002292 4264
0.002293 4263
0.002294 4263
0.002295 4262
0.002296 4261
0.002297 4261
0.002298 4261
0.002299 4262
0.0023 4263
0.002301 4263
0.002302 4263
0.002303 4262
0.002304 4263
0.002305 4263
0.002306 4263
0.002307 4264
0.002308 4264
0.002309 4263
0.00231 4263
0.002311 4262
0.002312 4262
0.002313 4262
0.002314 4262
0.002315 4261
0.002316 4261
0.002317 4260
0.002318 4260
0.002319 4260
0.00232 4260
0.002321 4261
0.002322 4259
0.002323 4259
0.002324 4259
0.002325 4259
0.002326 4260
0.002327 4260
0.002328 4260
0.002329 4261
0.00233 4261
0.002331 4261
0.002332 4262
0.002333 4260
0.002334 4261
0.002335 4261
0.002336 4261
0.002337 4260
0.002338 4260
0.002339 4260
0.00234 4260
0.002341 4260
0.002342 4259
0.002343 4260
0.002344 4260
0.002345 4260
0.002346 4260
0.002347 4260
0.002348 4259
0.002349 4259
0.00235 4259
0.002351 4260
0.002352 4260
0.002353 4260
0.002354 4261
0.002355 4261
0.002356 4262
0.002357 4262
0.002358 4261
0.002359 4261
0.00236 4262
0.002361 4262
0.002362 4262
0.002363 4262
0.002364 4262
0.002365 4262
0.002366 4262
0.002367 4261
0.002368 4261
0.002369 4261
0.00237 4261
0.002371 4261
0.002372 4261
0.002373 4261
0.002374 4262
0.002375 4262
0.002376 4263
0.002377 4262
0.002378 4263
0.002379 4264
0.00238 4264
0.002381 4262
0.002382 4262
0.002383 4262
0.002384 4262
0.002385 4263
0.002386 4263
0.002387 4263
0.002388 4262
0.002389 4263
0.00239 4263
0.002391 4263
0.002392 4262
0.002393 4262
0.002394 4262
0.002395 4261
0.002396 4261
0.002397 4261
0.002398 4261
0.002399 4261
0.0024 4261
0.002401 4261
0.002402 4261
0.002403 4260
0.002404 4260
0.002405 4260
0.002406 4260
0.002407 4260
0.002408 4260
0.002409 4261
0.00241 4261
0.002411 4261
0.002412 4261
0.002413 4261
0.002414 4261
0.002415 4261
0.002416 4261
0.002417 4261
0.002418 4260
0.002419 4260
0.00242 4260
0.002421 4260
0.002422 4260
0.002423 4260
0.002424 4260
0.002425 4260
0.002426 4260
0.002427 4261
0.002428 4261
0.002429 4260
0.00243 4260
0.002431 4260
0.002432 4258
0.002433 4259
0.002434 4259
0.002435 4258
0.002436 4258
0.002437 4257
0.002438 4257
0.002439 4257
0.00244 4257
0.002441 4257
0.002442 4258
0.002443 4258
0.002444 4257
0.002445 4257
0.002446 4256
0.002447 4256
0.002448 4256
0.002449 4257
0.00245 4256
0.002451 4256
0.002452 4255
0.002453 4255
0.002454 4255
0.002455 4254
0.002456 4253
0.002457 4253
0.002458 4252
0.002459 4251
0.00246 4251
0.002461 4251
0.002462 4250
0.002463 4249
0.002464 4248
0.002465 4248
0.002466 4248
0.002467 4249
0.002468 4249
0.002469 4249
0.00247 4250
0.002471 4249
0.002472 4249
0.002473 4249
0.002474 4249
0.002475 4249
0.002476 4249
0.002477 4249
0.002478 4249
0.002479 4249
0.00248 4248
0.002481 4248
0.002482 4248
0.002483 4247
0.002484 4246
0.002485 4246
0.002486 4246
0.002487 4247
0.002488 4247
0.002489 4247
0.00249 4247
0.002491 4246
0.002492 4247
0.002493 4247
0.002494 4248
0.002495 4249
0.002496 4248
0.002497 4248
0.002498 4250
0.002499 4251
0.0025 4251
0.002501 4252
0.002502 4253
0.002503 4253
0.002504 4253
0.002505 4253
0.002506 4253
0.002507 4253
0.002508 4253
0.002509 4253
0.00251 4253
0.002511 4254
0.002512 4254
0.002513 4254
0.002514 4255
0.002515 4256
0.002516 4256
0.002517 4256
0.002518 4256
0.002519 4257
0.00252 4256
0.002521 4255
0.002522 4256
0.002523 4256
0.002524 4256
0.002525 4256
0.002526 4256
0.002527 4256
0.002528 4256
0.002529 4256
0.00253 4256
0.002531 4256
0.002532 4256
0.002533 4256
0.002534 4255
0.002535 4256
0.002536 4256
0.002537 4256
0.002538 4256
0.002539 4255
0.00254 4255
0.002541 4255
0.002542 4255
0.002543 4255
0.002544 4256
0.002545 4256
0.002546 4255
0.002547 4256
0.002548 4255
0.002549 4255
0.00255 4255
0.002551 4255
0.002552 4255
0.002553 4255
0.002554 4255
0.002555 4254
0.002556 4254
0.002557 4255
0.002558 4255
0.002559 4255
0.00256 4255
0.002561 4255
0.002562 4255
0.002563 4255
0.002564 4255
0.002565 4255
0.002566 4255
0.002567 4256
0.002568 4258
0.002569 4257
0.00257 4257
0.002571 4257
0.002572 4257
0.002573 4257
0.002574 4257
0.002575 4257
0.002576 4256
0.002577 4256
0.002578 4256
0.002579 4257
0.00258 4256
0.002581 4256
0.002582 4257
0.002583 4258
0.002584 4258
0.002585 4258
0.002586 4258
0.002587 4259
0.002588 4260
0.002589 4260
0.00259 4260
0.002591 4260
0.002592 4260
0.002593 4260
0.002594 4260
0.002595 4261
0.002596 4260
0.002597 4260
0.002598 4260
0.002599 4260
0.0026 4260
0.002601 4260
0.002602 4260
0.002603 4260
0.002604 4259
0.002605 4258
0.002606 4258
0.002607 4258
0.002608 4258
0.002609 4258
0.00261 4258
0.002611 4258
0.002612 4258
0.002613 4258
0.002614 4258
0.002615 4258
0.002616 4258
0.002617 4258
0.002618 4258
0.002619 4258
0.00262 4258
0.002621 4259
0.002622 4259
0.002623 4258
0.002624 4259
0.002625 4259
0.002626 4258
0.002627 4258
0.002628 4258
0.002629 4257
0.00263 4256
0.002631 4256
0.002632 4256
0.002633 4255
0.002634 4254
0.002635 4254
0.002636 4254
0.002637 4255
0.002638 4255
0.002639 4255
0.00264 4255
0.002641 4255
0.002642 4255
0.002643 4255
0.002644 4255
0.002645 4255
0.002646 4255
0.002647 4255
0.002648 4255
0.002649 4255
0.00265 4255
0.002651 4255
0.002652 4256
0.002653 4256
0.002654 4256
0.002655 4256
0.002656 4256
0.002657 4256
0.002658 4256
0.002659 4256
0.00266 4256
0.002661 4256
0.002662 4256
0.002663 4256
0.002664 4256
0.002665 4256
0.002666 4255
0.002667 4254
0.002668 4254
0.002669 4254
0.00267 4254
0.002671 4254
0.002672 4254
0.002673 4254
0.002674 4254
0.002675 4254
0.002676 4254
0.002677 4256
0.002678 4256
0.002679 4256
0.00268 4256
0.002681 4256
0.002682 4256
0.002683 4254
0.002684 4254
0.002685 4254
0.002686 4255
0.002687 4254
0.002688 4254
0.002689 4254
0.00269 4254
0.002691 4254
0.002692 4254
0.002693 4254
0.002694 4255
0.002695 4254
0.002696 4255
0.002697 4256
0.002698 4256
0.002699 4257
0.0027 4258
0.002701 4258
0.002702 4256
0.002703 4256
0.002704 4256
0.002705 4256
0.002706 4256
0.002707 4256
0.002708 4256
0.002709 4256
0.00271 4256
0.002711 4256
0.002712 4256
0.002713 4256
0.002714 4256
0.002715 4257
0.002716 4257
0.002717 4257
0.002718 4258
0.002719 4258
0.00272 4258
0.002721 4258
0.002722 4258
0.002723 4258
0.002724 4259
0.002725 4260
0.002726 4260
0.002727 4260
0.002728 4260
0.002729 4260
0.00273 4261
0.002731 4262
0.002732 4262
0.002733 4261
0.002734 4261
0.002735 4262
0.002736 4262
0.002737 4261
0.002738 4261
0.002739 4261
0.00274 4261
0.002741 4261
0.002742 4261
0.002743 4262
0.002744 4262
0.002745 4263
0.002746 4264
0.002747 4264
0.002748 4264
0.002749 4264
0.00275 4264
0.002751 4263
0.002752 4263
0.002753 4263
0.002754 4263
0.002755 4263
0.002756 4263
0.002757 4263
0.002758 4263
0.002759 4263
0.00276 4262
0.002761 4262
0.002762 4262
0.002763 4261
0.002764 4260
0.002765 4260
0.002766 4261
0.002767 4261
0.002768 4261
0.002769 4261
0.00277 4261
0.002771 4261
0.002772 4261
0.002773 4261
0.002774 4260
0.002775 4260
0.002776 4260
0.002777 4260
0.002778 4260
0.002779 4259
0.00278 4259
0.002781 4259
0.002782 4259
0.002783 4258
0.002784 4258
0.002785 4257
0.002786 4257
0.002787 4257
0.002788 4257
0.002789 4258
0.00279 4259
0.002791 4259
0.002792 4260
0.002793 4259
0.002794 4258
0.002795 4259
0.002796 4259
0.002797 4259
0.002798 4259
0.002799 4259
0.0028 4259
0.002801 4259
0.002802 4259
0.002803 4259
0.002804 4259
0.002805 4260
0.002806 4259
0.002807 4260
0.002808 4260
0.002809 4260
0.00281 4260
0.002811 4260
0.002812 4258
0.002813 4258
0.002814 4258
0.002815 4259
0.002816 4258
0.002817 4257
0.002818 4257
0.002819 4256
0.00282 4256
0.002821 4254
0.002822 4254
0.002823 4253
0.002824 4253
0.002825 4253
0.002826 4252
0.002827 4252
0.002828 4252
0.002829 4252
0.00283 4252
0.002831 4253
0.002832 4251
0.002833 4251
0.002834 4251
0.002835 4251
0.002836 4250
0.002837 4249
0.002838 4249
0.002839 4250
0.00284 4250
0.002841 4250
0.002842 4250
0.002843 4249
0.002844 4250
0.002845 4250
0.002846 4250
0.002847 4251
0.002848 4251
0.002849 4251
0.00285 4250
0.002851 4250
0.002852 4250
0.002853 4250
0.002854 4250
0.002855 4250
0.002856 4248
0.002857 4248
0.002858 4248
0.002859 4249
0.00286 4250
0.002861 4250
0.002862 4250
0.002863 4251
0.002864 4250
0.002865 4251
0.002866 4251
0.002867 4251
0.002868 4253
0.002869 4251
0.00287 4251
0.002871 4250
0.002872 4250
0.002873 4250
0.002874 4250
0.002875 4250
0.002876 4252
0.002877 4253
0.002878 4253
0.002879 4253
0.00288 4253
0.002881 4253
0.002882 4253
0.002883 4253
0.002884 4252
0.002885 4252
0.002886 4252
0.002887 4251
0.002888 4250
0.002889 4250
0.00289 4250
0.002891 4249
0.002892 4249
0.002893 4249
0.002894 4250
0.002895 4249
0.002896 4249
0.002897 4249
0.002898 4249
0.002899 4249
0.0029 4249
0.002901 4249
0.002902 4249
0.002903 4249
0.002904 4249
0.002905 4249
0.002906 4249
0.002907 4249
0.002908 4249
0.002909 4250
0.00291 4251
0.002911 4252
0.002912 4252
0.002913 4252
0.002914 4252
0.002915 4252
0.002916 4251
0.002917 4251
0.002918 4252
0.002919 4252
0.00292 4252
0.002921 4252
0.002922 4252
0.002923 4252
0.002924 4251
0.002925 4251
0.002926 4251
0.002927 4251
0.002928 4250
0.002929 4250
0.00293 4250
0.002931 4250
0.002932 4250
0.002933 4250
0.002934 4250
0.002935 4250
0.002936 4251
0.002937 4251
0.002938 4251
0.002939 4251
0.00294 4252
0.002941 4252
0.002942 4253
0.002943 4252
0.002944 4254
0.002945 4254
0.002946 4254
0.002947 4254
0.002948 4254
0.002949 4254
0.00295 4254
0.002951 4255
0.002952 4255
0.002953 4255
0.002954 4255
0.002955 4255
0.002956 4255
0.002957 4255
0.002958 4255
0.002959 4254
0.00296 4254
0.002961 4254
0.002962 4254
0.002963 4253
0.002964 4253
0.002965 4253
0.002966 4253
0.002967 4253
0.002968 4253
0.002969 4253
0.00297 4253
0.002971 4252
0.002972 4250
0.002973 4250
0.002974 4250
0.002975 4250
0.002976 4250
0.002977 4250
0.002978 4249
0.002979 4249
0.00298 4249
0.002981 4249
0.002982 4249
0.002983 4249
0.002984 4249
0.002985 4249
0.002986 4249
0.002987 4249
0.002988 4249
0.002989 4250
0.00299 4250
0.002991 4250
0.002992 4249
0.002993 4249
0.002994 4247
0.002995 4246
0.002996 4246
0.002997 4246
0.002998 4246
0.002999 4246
0.003 4247
0.003001 4247
0.003002 4247
0.003003 4247
0.003004 4247
0.003005 4247
0.003006 4246
0.003007 4246
0.003008 4247
0.003009 4246
0.00301 4247
0.003011 4246
0.003012 4246
0.003013 4246
0.003014 4246
0.003015 4246
0.003016 4246
0.003017 4246
0.003018 4246
0.003019 4245
0.00302 4246
0.003021 4245
0.003022 4245
0.003023 4244
0.003024 4243
0.003025 4242
0.003026 4241
0.003027 4241
0.003028 4241
0.003029 4241
0.00303 4241
0.003031 4241
0.003032 4242
0.003033 4242
0.003034 4242
0.003035 4242
0.003036 4242
0.003037 4242
0.003038 4241
0.003039 4241
0.00304 4242
0.003041 4241
0.003042 4241
0.003043 4240
0.003044 4240
0.003045 4240
0.003046 4240
0.003047 4240
0.003048 4240
0.003049 4241
0.00305 4241
0.003051 4239
0.003052 4239
0.003053 4239
0.003054 4240
0.003055 4240
0.003056 4241
0.003057 4241
0.003058 4241
0.003059 4241
0.00306 4241
0.003061 4241
0.003062 4241
0.003063 4241
0.003064 4241
0.003065 4241
0.003066 4241
0.003067 4241
0.003068 4241
0.003069 4241
0.00307 4241
0.003071 4242
0.003072 4242
0.003073 4242
0.003074 4242
0.003075 4241
0.003076 4242
0.003077 4242
0.003078 4240
0.003079 4240
0.00308 4240
0.003081 4240
0.003082 4240
0.003083 4241
0.003084 4241
0.003085 4241
0.003086 4242
0.003087 4242
0.003088 4242
0.003089 4242
0.00309 4242
0.003091 4242
0.003092 4243
0.003093 4243
0.003094 4243
0.003095 4242
0.003096 4243
0.003097 4243
0.003098 4242
0.003099 4243
0.0031 4242
0.003101 4241
0.003102 4241
0.003103 4241
0.003104 4243
0.003105 4243
0.003106 4242
0.003107 4242
0.003108 4243
0.003109 4244
0.00311 4242
0.003111 4243
0.003112 4242
0.003113 4242
0.003114 4242
0.003115 4242
0.003116 4241
0.003117 4241
0.003118 4241
0.003119 4241
0.00312 4242
0.003121 4241
0.003122 4241
0.003123 4241
0.003124 4241
0.003125 4241
0.003126 4242
0.003127 4243
0.003128 4243
0.003129 4244
0.00313 4244
0.003131 4244
0.003132 4244
0.003133 4244
0.003134 4244
0.003135 4244
0.003136 4244
0.003137 4243
0.003138 4243
0.003139 4243
0.00314 4244
0.003141 4245
0.003142 4246
0.003143 4245
0.003144 4245
0.003145 4244
0.003146 4243
0.003147 4243
0.003148 4242
0.003149 4242
0.00315 4242
0.003151 4242
0.003152 4243
0.003153 4242
0.003154 4241
0.003155 4240
0.003156 4239
0.003157 4238
0.003158 4237
0.003159 4236
0.00316 4237
0.003161 4237
0.003162 4237
0.003163 4237
0.003164 4237
0.003165 4237
0.003166 4237
0.003167 4236
0.003168 4236
0.003169 4236
0.00317 4236
0.003171 4236
0.003172 4234
0.003173 4234
0.003174 4233
0.003175 4234
0.003176 4235
0.003177 4235
0.003178 4235
0.003179 4234
0.00318 4234
0.003181 4234
0.003182 4233
0.003183 4233
0.003184 4233
0.003185 4233
0.003186 4233
0.003187 4233
0.003188 4233
0.003189 4234
0.00319 4234
0.003191 4234
0.003192 4235
0.003193 4235
0.003194 4235
0.003195 4235
0.003196 4234
0.003197 4234
0.003198 4234
0.003199 4235
0.0032 4235
0.003201 4234
0.003202 4233
0.003203 4234
0.003204 4234
0.003205 4235
0.003206 4235
0.003207 4235
0.003208 4235
0.003209 4235
0.00321 4235
0.003211 4234
0.003212 4234
0.003213 4235
0.003214 4235
0.003215 4235
0.003216 4235
0.003217 4235
0.003218 4235
0.003219 4235
0.00322 4235
0.003221 4237
0.003222 4237
0.003223 4237
0.003224 4237
0.003225 4237
0.003226 4237
0.003227 4237
0.003228 4237
0.003229 4237
0.00323 4236
0.003231 4236
0.003232 4235
0.003233 4236
0.003234 4236
0.003235 4237
0.003236 4236
0.003237 4237
0.003238 4238
0.003239 4238
0.00324 4239
0.003241 4240
0.003242 4240
0.003243 4240
0.003244 4239
0.003245 4239
0.003246 4239
0.003247 4238
0.003248 4238
0.003249 4238
0.00325 4237
0.003251 4237
0.003252 4237
0.003253 4237
0.003254 4237
0.003255 4237
0.003256 4237
0.003257 4237
0.003258 4236
0.003259 4236
0.00326 4236
0.003261 4237
0.003262 4238
0.003263 4238
0.003264 4237
0.003265 4237
0.003266 4237
0.003267 4239
0.003268 4239
0.003269 4239
0.00327 4239
0.003271 4239
0.003272 4239
0.003273 4239
0.003274 4239
0.003275 4240
0.003276 4241
0.003277 4241
0.003278 4241
0.003279 4240
0.00328 4240
0.003281 4240
0.003282 4239
0.003283 4239
0.003284 4239
0.003285 4239
0.003286 4239
0.003287 4239
0.003288 4238
0.003289 4237
0.00329 4237
0.003291 4236
0.003292 4236
0.003293 4236
0.003294 4235
0.003295 4236
0.003296 4235
0.003297 4236
0.003298 4236
0.003299 4236
0.0033 4237
0.003301 4237
0.003302 4237
0.003303 4237
0.003304 4237
0.003305 4237
0.003306 4238
0.003307 4238
0.003308 4238
0.003309 4238
0.00331 4238
0.003311 4238
0.003312 4239
0.003313 4239
0.003314 4239
0.003315 4239
0.003316 4239
0.003317 4240
0.003318 4240
0.003319 4240
0.00332 4239
0.003321 4239
0.003322 4239
0.003323 4238
0.003324 4238
0.003325 4238
0.003326 4237
0.003327 4236
0.003328 4236
0.003329 4236
0.00333 4235
0.003331 4236
0.003332 4237
0.003333 4237
0.003334 4236
0.003335 4236
0.003336 4237
0.003337 4237
0.003338 4238
0.003339 4238
0.00334 4239
0.003341 4238
0.003342 4238
0.003343 4238
0.003344 4238
0.003345 4238
0.003346 4238
0.003347 4238
0.003348 4238
0.003349 4240
0.00335 4240
0.003351 4239
0.003352 4239
0.003353 4238
0.003354 4238
0.003355 4239
0.003356 4239
0.003357 4239
0.003358 4240
0.003359 4240
0.00336 4240
0.003361 4240
0.003362 4240
0.003363 4240
0.003364 4240
0.003365 4240
0.003366 4240
0.003367 4240
0.003368 4240
0.003369 4240
0.00337 4240
0.003371 4240
0.003372 4241
0.003373 4241
0.003374 4241
0.003375 4240
0.003376 4240
0.003377 4241
0.003378 4242
0.003379 4241
0.00338 4241
0.003381 4240
0.003382 4241
0.003383 4241
0.003384 4241
0.003385 4241
0.003386 4242
0.003387 4243
0.003388 4243
0.003389 4243
0.00339 4243
0.003391 4243
0.003392 4243
0.003393 4243
0.003394 4244
0.003395 4245
0.003396 4245
0.003397 4246
0.003398 4246
0.003399 4245
0.0034 4245
0.003401 4245
0.003402 4246
0.003403 4246
0.003404 4246
0.003405 4246
0.003406 4246
0.003407 4247
0.003408 4247
0.003409 4247
0.00341 4246
0.003411 4246
0.003412 4246
0.003413 4245
0.003414 4245
0.003415 4244
0.003416 4243
0.003417 4243
0.003418 4243
0.003419 4243
0.00342 4243
0.003421 4243
0.003422 4243
0.003423 4244
0.003424 4243
0.003425 4243
0.003426 4243
0.003427 4243
0.003428 4243
0.003429 4243
0.00343 4241
0.003431 4241
0.003432 4241
0.003433 4241
0.003434 4241
0.003435 4241
0.003436 4241
0.003437 4242
0.003438 4241
0.003439 4242
0.00344 4242
0.003441 4241
0.003442 4241
0.003443 4241
0.003444 4239
0.003445 4240
0.003446 4240
0.003447 4240
0.003448 4240
0.003449 4239
0.00345 4239
0.003451 4240
0.003452 4240
0.003453 4240
0.003454 4239
0.003455 4239
0.003456 4239
0.003457 4239
0.003458 4239
0.003459 4240
0.00346 4241
0.003461 4241
0.003462 4243
0.003463 4243
0.003464 4243
0.003465 4243
0.003466 4243
0.003467 4243
0.003468 4243
0.003469 4243
0.00347 4243
0.003471 4243
0.003472 4243
0.003473 4242
0.003474 4243
0.003475 4243
0.003476 4242
0.003477 4242
0.003478 4242
0.003479 4242
0.00348 4242
0.003481 4242
0.003482 4242
0.003483 4242
0.003484 4242
0.003485 4242
0.003486 4242
0.003487 4241
0.003488 4241
0.003489 4242
0.00349 4241
0.003491 4241
0.003492 4242
0.003493 4242
0.003494 4242
0.003495 4242
0.003496 4242
0.003497 4242
0.003498 4243
0.003499 4244
0.0035 4244
0.003501 4244
0.003502 4244
0.003503 4244
0.003504 4244
0.003505 4245
0.003506 4246
0.003507 4246
0.003508 4247
0.003509 4248
0.00351 4248
0.003511 4247
0.003512 4247
0.003513 4246
0.003514 4247
0.003515 4248
0.003516 4249
0.003517 4250
0.003518 4250
0.003519 4250
0.00352 4251
0.003521 4251
0.003522 4251
0.003523 4252
0.003524 4252
0.003525 4249
0.003526 4248
0.003527 4247
0.003528 4247
0.003529 4247
0.00353 4248
0.003531 4248
0.003532 4249
0.003533 4249
0.003534 4248
0.003535 4249
0.003536 4249
0.003537 4250
0.003538 4250
0.003539 4249
0.00354 4250
0.003541 4250
0.003542 4250
0.003543 4250
0.003544 4250
0.003545 4250
0.003546 4249
0.003547 4249
0.003548 4249
0.003549 4249
0.00355 4247
0.003551 4247
0.003552 4247
0.003553 4247
0.003554 4245
0.003555 4245
0.003556 4244
0.003557 4244
0.003558 4244
0.003559 4244
0.00356 4245
0.003561 4246
0.003562 4246
0.003563 4246
0.003564 4245
0.003565 4245
0.003566 4245
0.003567 4245
0.003568 4245
0.003569 4245
0.00357 4244
0.003571 4244
0.003572 4244
0.003573 4243
0.003574 4243
0.003575 4243
0.003576 4242
0.003577 4242
0.003578 4242
0.003579 4242
0.00358 4242
0.003581 4242
0.003582 4242
0.003583 4242
0.003584 4242
0.003585 4242
0.003586 4242
0.003587 4242
0.003588 4243
0.003589 4243
0.00359 4243
0.003591 4243
0.003592 4243
0.003593 4243
0.003594 4242
0.003595 4241
0.003596 4241
0.003597 4241
0.003598 4241
0.003599 4241
0.0036 4241
0.003601 4241
0.003602 4242
0.003603 4243
0.003604 4244
0.003605 4244
0.003606 4244
0.003607 4244
0.003608 4242
0.003609 4241
0.00361 4241
0.003611 4242
0.003612 4243
0.003613 4243
0.003614 4243
0.003615 4243
0.003616 4244
0.003617 4244
0.003618 4244
0.003619 4244
0.00362 4245
0.003621 4246
0.003622 4245
0.003623 4244
0.003624 4245
0.003625 4245
0.003626 4244
0.003627 4244
0.003628 4245
0.003629 4244
0.00363 4245
0.003631 4245
0.003632 4245
0.003633 4245
0.003634 4244
0.003635 4244
0.003636 4246
0.003637 4245
0.003638 4245
0.003639 4245
0.00364 4245
0.003641 4245
0.003642 4245
0.003643 4245
0.003644 4245
0.003645 4245
0.003646 4245
0.003647 4245
0.003648 4245
0.003649 4245
0.00365 4245
0.003651 4244
0.003652 4244
0.003653 4244
0.003654 4244
0.003655 4242
0.003656 4242
0.003657 4242
0.003658 4241
0.003659 4241
0.00366 4242
0.003661 4242
0.003662 4242
0.003663 4243
0.003664 4243
0.003665 4242
0.003666 4242
0.003667 4242
0.003668 4242
0.003669 4242
0.00367 4242
0.003671 4242
0.003672 4243
0.003673 4243
0.003674 4243
0.003675 4243
0.003676 4242
0.003677 4241
0.003678 4243
0.003679 4243
0.00368 4242
0.003681 4242
0.003682 4241
0.003683 4242
0.003684 4242
0.003685 4242
0.003686 4242
0.003687 4242
0.003688 4242
0.003689 4242
0.00369 4242
0.003691 4242
0.003692 4242
0.003693 4241
0.003694 4241
0.003695 4240
0.003696 4240
0.003697 4242
0.003698 4242
0.003699 4241
0.0037 4241
0.003701 4241
0.003702 4241
0.003703 4241
0.003704 4241
0.003705 4240
0.003706 4240
0.003707 4240
0.003708 4240
0.003709 4240
0.00371 4240
0.003711 4240
0.003712 4240
0.003713 4242
0.003714 4242
0.003715 4242
0.003716 4242
0.003717 4242
0.003718 4241
0.003719 4242
0.00372 4242
0.003721 4243
0.003722 4242
0.003723 4242
0.003724 4241
0.003725 4240
0.003726 4240
0.003727 4240
0.003728 4240
0.003729 4240
0.00373 4241
0.003731 4241
0.003732 4241
0.003733 4241
0.003734 4241
0.003735 4241
0.003736 4241
0.003737 4241
0.003738 4242
0.003739 4243
0.00374 4243
0.003741 4243
0.003742 4244
0.003743 4244
0.003744 4244
0.003745 4244
0.003746 4244
0.003747 4244
0.003748 4244
0.003749 4243
0.00375 4243
0.003751 4243
0.003752 4244
0.003753 4244
0.003754 4243
0.003755 4243
0.003756 4243
0.003757 4243
0.003758 4243
0.003759 4243
0.00376 4243
0.003761 4243
0.003762 4243
0.003763 4243
0.003764 4244
0.003765 4244
0.003766 4244
0.003767 4243
0.003768 4244
0.003769 4245
0.00377 4247
0.003771 4247
0.003772 4247
0.003773 4247
0.003774 4247
0.003775 4247
0.003776 4248
0.003777 4249
0.003778 4248
0.003779 4247
0.00378 4247
0.003781 4247
0.003782 4247
0.003783 4247
0.003784 4247
0.003785 4247
0.003786 4247
0.003787 4247
0.003788 4247
0.003789 4247
0.00379 4248
0.003791 4247
0.003792 4247
0.003793 4247
0.003794 4246
0.003795 4245
0.003796 4245
0.003797 4245
0.003798 4244
0.003799 4243
0.0038 4243
0.003801 4243
0.003802 4243
0.003803 4243
0.003804 4243
0.003805 4243
0.003806 4242
0.003807 4243
0.003808 4244
0.003809 4243
0.00381 4243
0.003811 4243
0.003812 4243
0.003813 4242
0.003814 4242
0.003815 4241
0.003816 4239
0.003817 4240
0.003818 4241
0.003819 4241
0.00382 4241
0.003821 4241
0.003822 4241
0.003823 4241
0.003824 4241
0.003825 4242
0.003826 4242
0.003827 4242
0.003828 4242
0.003829 4242
0.00383 4242
0.003831 4242
0.003832 4243
0.003833 4242
0.003834 4242
0.003835 4242
0.003836 4243
0.003837 4242
0.003838 4242
0.003839 4242
0.00384 4242
0.003841 4243
0.003842 4243
0.003843 4244
0.003844 4244
0.003845 4244
0.003846 4244
0.003847 4244
0.003848 4242
0.003849 4242
0.00385 4243
0.003851 4244
0.003852 4244
0.003853 4244
0.003854 4244
0.003855 4244
0.003856 4244
0.003857 4242
0.003858 4243
0.003859 4244
0.00386 4244
0.003861 4244
0.003862 4244
0.003863 4242
0.003864 4244
0.003865 4244
0.003866 4244
0.003867 4243
0.003868 4244
0.003869 4245
0.00387 4247
0.003871 4246
0.003872 4245
0.003873 4244
0.003874 4244
0.003875 4243
0.003876 4243
0.003877 4242
0.003878 4242
0.003879 4242
0.00388 4241
0.003881 4241
0.003882 4242
0.003883 4242
0.003884 4241
0.003885 4241
0.003886 4241
0.003887 4241
0.003888 4242
0.003889 4243
0.00389 4243
0.003891 4243
0.003892 4242
0.003893 4242
0.003894 4243
0.003895 4243
0.003896 4243
0.003897 4243
0.003898 4243
0.003899 4243
0.0039 4242
0.003901 4242
0.003902 4243
0.003903 4243
0.003904 4243
0.003905 4243
0.003906 4244
0.003907 4243
0.003908 4240
0.003909 4240
0.00391 4240
0.003911 4241
0.003912 4241
0.003913 4241
0.003914 4241
0.003915 4241
0.003916 4241
0.003917 4242
0.003918 4242
0.003919 4242
0.00392 4242
0.003921 4242
0.003922 4243
0.003923 4244
0.003924 4244
0.003925 4244
0.003926 4244
0.003927 4244
0.003928 4244
0.003929 4241
0.00393 4241
0.003931 4241
0.003932 4241
0.003933 4240
0.003934 4240
0.003935 4240
0.003936 4240
0.003937 4241
0.003938 4240
0.003939 4239
0.00394 4239
0.003941 4240
0.003942 4240
0.003943 4239
0.003944 4239
0.003945 4238
0.003946 4237
0.003947 4237
0.003948 4237
0.003949 4237
0.00395 4237
0.003951 4238
0.003952 4239
0.003953 4239
0.003954 4239
0.003955 4239
0.003956 4237
0.003957 4237
0.003958 4234
0.003959 4234
0.00396 4234
0.003961 4236
0.003962 4236
0.003963 4236
0.003964 4237
0.003965 4237
0.003966 4237
0.003967 4237
0.003968 4237
0.003969 4237
0.00397 4238
0.003971 4238
0.003972 4238
0.003973 4238
0.003974 4238
0.003975 4239
0.003976 4239
0.003977 4240
0.003978 4240
0.003979 4240
0.00398 4240
0.003981 4240
0.003982 4240
0.003983 4240
0.003984 4241
0.003985 4240
0.003986 4240
0.003987 4240
0.003988 4239
0.003989 4238
0.00399 4239
0.003991 4239
0.003992 4239
0.003993 4239
0.003994 4239
0.003995 4239
0.003996 4239
0.003997 4239
0.003998 4239
0.003999 4239
0.004 4239
0.004001 4239
0.004002 4239
0.004003 4239
0.004004 4240
0.004005 4240
0.004006 4239
0.004007 4238
0.004008 4238
0.004009 4238
0.00401 4237
0.004011 4237
0.004012 4238
0.004013 4237
0.004014 4237
0.004015 4237
0.004016 4237
0.004017 4237
0.004018 4236
0.004019 4237
0.00402 4238
0.004021 4240
0.004022 4242
0.004023 4242
0.004024 4243
0.004025 4243
0.004026 4243
0.004027 4243
0.004028 4244
0.004029 4245
0.00403 4245
0.004031 4244
0.004032 4243
0.004033 4243
0.004034 4243
0.004035 4243
0.004036 4244
0.004037 4244
0.004038 4243
0.004039 4243
0.00404 4243
0.004041 4243
0.004042 4243
0.004043 4243
0.004044 4242
0.004045 4242
0.004046 4241
0.004047 4240
0.004048 4240
0.004049 4240
0.00405 4240
0.004051 4240
0.004052 4240
0.004053 4240
0.004054 4239
0.004055 4239
0.004056 4239
0.004057 4239
0.004058 4239
0.004059 4240
0.00406 4240
0.004061 4240
0.004062 4240
0.004063 4240
0.004064 4241
0.004065 4241
0.004066 4241
0.004067 4241
0.004068 4241
0.004069 4241
0.00407 4241
0.004071 4240
0.004072 4240
0.004073 4239
0.004074 4239
0.004075 4238
0.004076 4238
0.004077 4238
0.004078 4238
0.004079 4238
0.00408 4238
0.004081 4238
0.004082 4238
0.004083 4238
0.004084 4237
0.004085 4236
0.004086 4237
0.004087 4237
0.004088 4237
0.004089 4237
0.00409 4238
0.004091 4238
0.004092 4239
0.004093 4239
0.004094 4238
0.004095 4237
0.004096 4237
0.004097 4237
0.004098 4237
0.004099 4238
0.0041 4238
0.004101 4238
0.004102 4238
0.004103 4238
0.004104 4238
0.004105 4237
0.004106 4236
0.004107 4235
0.004108 4235
0.004109 4234
0.00411 4235
0.004111 4235
0.004112 4235
0.004113 4235
0.004114 4236
0.004115 4237
0.004116 4237
0.004117 4237
0.004118 4238
0.004119 4238
0.00412 4237
0.004121 4238
0.004122 4237
0.004123 4236
0.004124 4236
0.004125 4236
0.004126 4237
0.004127 4237
0.004128 4236
0.004129 4233
0.00413 4233
0.004131 4233
0.004132 4234
0.004133 4233
0.004134 4232
0.004135 4232
0.004136 4232
0.004137 4232
0.004138 4232
0.004139 4232
0.00414 4232
0.004141 4232
0.004142 4232
0.004143 4232
0.004144 4232
0.004145 4232
0.004146 4232
0.004147 4233
0.004148 4233
0.004149 4234
0.00415 4234
0.004151 4234
0.004152 4235
0.004153 4234
0.004154 4234
0.004155 4233
0.004156 4233
0.004157 4233
0.004158 4233
0.004159 4233
0.00416 4233
0.004161 4232
0.004162 4232
0.004163 4232
0.004164 4232
0.004165 4231
0.004166 4231
0.004167 4231
0.004168 4230
0.004169 4230
0.00417 4227
0.004171 4227
0.004172 4227
0.004173 4227
0.004174 4228
0.004175 4228
0.004176 4228
0.004177 4228
0.004178 4228
0.004179 4227
0.00418 4227
0.004181 4226
0.004182 4225
0.004183 4225
0.004184 4225
0.004185 4225
0.004186 4226
0.004187 4226
0.004188 4226
0.004189 4226
0.00419 4226
0.004191 4226
0.004192 4227
0.004193 4227
0.004194 4227
0.004195 4227
0.004196 4227
0.004197 4227
0.004198 4227
0.004199 4228
0.0042 4228
0.004201 4228
0.004202 4229
0.004203 4229
0.004204 4228
0.004205 4229
0.004206 4229
0.004207 4229
0.004208 4228
0.004209 4229
0.00421 4229
0.004211 4231
0.004212 4231
0.004213 4231
0.004214 4231
0.004215 4230
0.004216 4231
0.004217 4232
0.004218 4230
0.004219 4229
0.00422 4229
0.004221 4230
0.004222 4230
0.004223 4230
0.004224 4230
0.004225 4230
0.004226 4230
0.004227 4230
0.004228 4230
0.004229 4230
0.00423 4229
0.004231 4230
0.004232 4230
0.004233 4230
0.004234 4231
0.004235 4231
0.004236 4230
0.004237 4231
0.004238 4231
0.004239 4231
0.00424 4232
0.004241 4231
0.004242 4231
0.004243 4232
0.004244 4232
0.004245 4231
0.004246 4232
0.004247 4232
0.004248 4232
0.004249 4232
0.00425 4231
0.004251 4231
0.004252 4232
0.004253 4232
0.004254 4231
0.004255 4231
0.004256 4231
0.004257 4230
0.004258 4230
0.004259 4230
0.00426 4230
0.004261 4230
0.004262 4230
0.004263 4230
0.004264 4230
0.004265 4229
0.004266 4230
0.004267 4231
0.004268 4231
0.004269 4231
0.00427 4231
0.004271 4231
0.004272 4231
0.004273 4231
0.004274 4231
0.004275 4232
0.004276 4231
0.004277 4231
0.004278 4231
0.004279 4229
0.00428 4229
0.004281 4229
0.004282 4229
0.004283 4227
0.004284 4227
0.004285 4227
0.004286 4227
0.004287 4227
0.004288 4227
0.004289 4227
0.00429 4227
0.004291 4227
0.004292 4227
0.004293 4227
0.004294 4227
0.004295 4227
0.004296 4227
0.004297 4227
0.004298 4227
0.004299 4227
0.0043 4226
0.004301 4226
0.004302 4225
0.004303 4225
0.004304 4225
0.004305 4226
0.004306 4226
0.004307 4226
0.004308 4226
0.004309 4226
0.00431 4225
0.004311 4225
0.004312 4226
0.004313 4226
0.004314 4226
0.004315 4227
0.004316 4226
0.004317 4226
0.004318 4226
0.004319 4226
0.00432 4226
0.004321 4226
0.004322 4226
0.004323 4226
0.004324 4226
0.004325 4227
0.004326 4227
0.004327 4227
0.004328 4228
0.004329 4227
0.00433 4227
0.004331 4226
0.004332 4226
0.004333 4225
0.004334 4225
0.004335 4224
0.004336 4223
0.004337 4223
0.004338 4223
0.004339 4223
0.00434 4223
0.004341 4223
0.004342 4223
0.004343 4222
0.004344 4221
0.004345 4221
0.004346 4221
0.004347 4221
0.004348 4221
0.004349 4221
0.00435 4220
0.004351 4220
0.004352 4219
0.004353 4220
0.004354 4220
0.004355 4220
0.004356 4220
0.004357 4219
0.004358 4219
0.004359 4220
0.00436 4220
0.004361 4220
0.004362 4220
0.004363 4220
0.004364 4220
0.004365 4220
0.004366 4220
0.004367 4221
0.004368 4220
0.004369 4220
0.00437 4220
0.004371 4220
0.004372 4220
0.004373 4220
0.004374 4221
0.004375 4220
0.004376 4219
0.004377 4219
0.004378 4219
0.004379 4220
0.00438 4220
0.004381 4220
0.004382 4218
0.004383 4216
0.004384 4216
0.004385 4216
0.004386 4216
0.004387 4217
0.004388 4217
0.004389 4216
0.00439 4216
0.004391 4216
0.004392 4216
0.004393 4216
0.004394 4217
0.004395 4218
0.004396 4218
0.004397 4217
0.004398 4217
0.004399 4216
0.0044 4215
0.004401 4213
0.004402 4212
0.004403 4213
0.004404 4213
0.004405 4213
0.004406 4212
0.004407 4212
0.004408 4212
0.004409 4213
0.00441 4213
0.004411 4213
0.004412 4213
0.004413 4213
0.004414 4212
0.004415 4212
0.004416 4212
0.004417 4212
0.004418 4211
0.004419 4210
0.00442 4210
0.004421 4210
0.004422 4210
0.004423 4210
0.004424 4210
0.004425 4208
0.004426 4208
0.004427 4208
0.004428 4208
0.004429 4206
0.00443 4205
0.004431 4205
0.004432 4205
0.004433 4205
0.004434 4204
0.004435 4204
0.004436 4207
0.004437 4208
0.004438 4209
0.004439 4208
0.00444 4209
0.004441 4208
0.004442 4208
0.004443 4207
0.004444 4207
0.004445 4207
0.004446 4207
0.004447 4207
0.004448 4206
0.004449 4207
0.00445 4207
0.004451 4207
0.004452 4208
0.004453 4207
0.004454 4208
0.004455 4208
0.004456 4209
0.004457 4209
0.004458 4208
0.004459 4207
0.00446 4207
0.004461 4207
0.004462 4205
0.004463 4205
0.004464 4205
0.004465 4205
0.004466 4205
0.004467 4205
0.004468 4206
0.004469 4205
0.00447 4205
0.004471 4205
0.004472 4205
0.004473 4205
0.004474 4205
0.004475 4205
0.004476 4205
0.004477 4205
0.004478 4205
0.004479 4204
0.00448 4205
0.004481 4205
0.004482 4205
0.004483 4206
0.004484 4205
0.004485 4205
0.004486 4205
0.004487 4204
0.004488 4204
0.004489 4204
0.00449 4204
0.004491 4203
0.004492 4202
0.004493 4202
0.004494 4202
0.004495 4203
0.004496 4202
0.004497 4202
0.004498 4202
0.004499 4202
0.0045 4201
0.004501 4201
0.004502 4201
0.004503 4202
0.004504 4202
0.004505 4202
0.004506 4201
0.004507 4202
0.004508 4202
0.004509 4202
0.00451 4201
0.004511 4201
0.004512 4200
0.004513 4200
0.004514 4199
0.004515 4199
0.004516 4200
0.004517 4200
0.004518 4200
0.004519 4200
0.00452 4200
0.004521 4200
0.004522 4200
0.004523 4200
0.004524 4200
0.004525 4200
0.004526 4200
0.004527 4198
0.004528 4197
0.004529 4197
0.00453 4197
0.004531 4197
0.004532 4199
0.004533 4199
0.004534 4199
0.004535 4200
0.004536 4201
0.004537 4202
0.004538 4203
0.004539 4203
0.00454 4202
0.004541 4202
0.004542 4202
0.004543 4202
0.004544 4203
0.004545 4203
0.004546 4203
0.004547 4204
0.004548 4204
0.004549 4204
0.00455 4203
0.004551 4203
0.004552 4202
0.004553 4202
0.004554 4202
0.004555 4202
0.004556 4203
0.004557 4203
0.004558 4204
0.004559 4205
0.00456 4205
0.004561 4205
0.004562 4204
0.004563 4205
0.004564 4206
0.004565 4207
0.004566 4207
0.004567 4207
0.004568 4206
0.004569 4206
0.00457 4204
0.004571 4204
0.004572 4203
0.004573 4202
0.004574 4201
0.004575 4200
0.004576 4200
0.004577 4200
0.004578 4200
0.004579 4200
0.00458 4200
0.004581 4201
0.004582 4199
0.004583 4199
0.004584 4199
0.004585 4199
0.004586 4199
0.004587 4199
0.004588 4199
0.004589 4199
0.00459 4199
0.004591 4198
0.004592 4198
0.004593 4198
0.004594 4198
0.004595 4199
0.004596 4200
0.004597 4201
0.004598 4201
0.004599 4200
0.0046 4201
0.004601 4201
0.004602 4201
0.004603 4201
0.004604 4201
0.004605 4201
0.004606 4200
0.004607 4200
0.004608 4200
0.004609 4201
0.00461 4201
0.004611 4201
0.004612 4201
0.004613 4201
0.004614 4201
0.004615 4202
0.004616 4202
0.004617 4202
0.004618 4203
0.004619 4203
0.00462 4203
0.004621 4202
0.004622 4201
0.004623 4201
0.004624 4201
0.004625 4201
0.004626 4201
0.004627 4202
0.004628 4202
0.004629 4204
0.00463 4205
0.004631 4205
0.004632 4205
0.004633 4205
0.004634 4205
0.004635 4205
0.004636 4203
0.004637 4202
0.004638 4203
0.004639 4203
0.00464 4203
0.004641 4203
0.004642 4203
0.004643 4203
0.004644 4202
0.004645 4201
0.004646 4200
0.004647 4200
0.004648 4200
0.004649 4200
0.00465 4200
0.004651 4200
0.004652 4200
0.004653 4200
0.004654 4198
0.004655 4197
0.004656 4197
0.004657 4197
0.004658 4197
0.004659 4197
0.00466 4197
0.004661 4197
0.004662 4197
0.004663 4197
0.004664 4197
0.004665 4197
0.004666 4197
0.004667 4197
0.004668 4197
0.004669 4198
0.00467 4198
0.004671 4198
0.004672 4198
0.004673 4198
0.004674 4198
0.004675 4198
0.004676 4198
0.004677 4197
0.004678 4197
0.004679 4197
0.00468 4197
0.004681 4197
0.004682 4197
0.004683 4198
0.004684 4198
0.004685 4198
0.004686 4198
0.004687 4198
0.004688 4199
0.004689 4199
0.00469 4200
0.004691 4200
0.004692 4200
0.004693 4200
0.004694 4200
0.004695 4200
0.004696 4200
0.004697 4200
0.004698 4200
0.004699 4200
0.0047 4199
0.004701 4200
0.004702 4200
0.004703 4202
0.004704 4201
0.004705 4201
0.004706 4201
0.004707 4200
0.004708 4200
0.004709 4200
0.00471 4200
0.004711 4200
0.004712 4200
0.004713 4199
0.004714 4199
0.004715 4199
0.004716 4200
0.004717 4200
0.004718 4200
0.004719 4200
0.00472 4200
0.004721 4199
0.004722 4198
0.004723 4197
0.004724 4196
0.004725 4196
0.004726 4196
0.004727 4196
0.004728 4196
0.004729 4196
0.00473 4196
0.004731 4196
0.004732 4196
0.004733 4195
0.004734 4195
0.004735 4196
0.004736 4197
0.004737 4197
0.004738 4197
0.004739 4195
0.00474 4195
0.004741 4195
0.004742 4195
0.004743 4195
0.004744 4195
0.004745 4195
0.004746 4196
0.004747 4195
0.004748 4195
0.004749 4195
0.00475 4195
0.004751 4195
0.004752 4195
0.004753 4195
0.004754 4195
0.004755 4196
0.004756 4198
0.004757 4201
0.004758 4202
0.004759 4202
0.00476 4201
0.004761 4201
0.004762 4201
0.004763 4201
0.004764 4201
0.004765 4201
0.004766 4201
0.004767 4200
0.004768 4200
0.004769 4200
0.00477 4200
0.004771 4200
0.004772 4200
0.004773 4201
0.004774 4201
0.004775 4202
0.004776 4201
0.004777 4201
0.004778 4200
0.004779 4200
0.00478 4200
0.004781 4200
0.004782 4199
0.004783 4198
0.004784 4198
0.004785 4198
0.004786 4198
0.004787 4198
0.004788 4197
0.004789 4197
0.00479 4197
0.004791 4198
0.004792 4198
0.004793 4199
0.004794 4199
0.004795 4199
0.004796 4200
0.004797 4200
0.004798 4201
0.004799 4203
0.0048 4203
0.004801 4203
0.004802 4203
0.004803 4203
0.004804 4203
0.004805 4204
0.004806 4204
0.004807 4204
0.004808 4205
0.004809 4206
0.00481 4206
0.004811 4206
0.004812 4206
0.004813 4206
0.004814 4206
0.004815 4207
0.004816 4207
0.004817 4208
0.004818 4208
0.004819 4208
0.00482 4208
0.004821 4207
0.004822 4206
0.004823 4206
0.004824 4206
0.004825 4204
0.004826 4203
0.004827 4204
0.004828 4205
0.004829 4205
0.00483 4205
0.004831 4205
0.004832 4205
0.004833 4203
0.004834 4203
0.004835 4204
0.004836 4205
0.004837 4204
0.004838 4204
0.004839 4204
0.00484 4204
0.004841 4204
0.004842 4204
0.004843 4204
0.004844 4204
0.004845 4204
0.004846 4204
0.004847 4205
0.004848 4205
0.004849 4203
0.00485 4202
0.004851 4202
0.004852 4203
0.004853 4203
0.004854 4203
0.004855 4202
0.004856 4202
0.004857 4201
0.004858 4201
0.004859 4201
0.00486 4203
0.004861 4203
0.004862 4202
0.004863 4202
0.004864 4202
0.004865 4202
0.004866 4202
0.004867 4202
0.004868 4202
0.004869 4202
0.00487 4202
0.004871 4202
0.004872 4201
0.004873 4202
0.004874 4203
0.004875 4203
0.004876 4203
0.004877 4203
0.004878 4204
0.004879 4204
0.00488 4205
0.004881 4205
0.004882 4205
0.004883 4205
0.004884 4205
0.004885 4205
0.004886 4205
0.004887 4206
0.004888 4206
0.004889 4206
0.00489 4206
0.004891 4206
0.004892 4205
0.004893 4206
0.004894 4206
0.004895 4206
0.004896 4206
0.004897 4206
0.004898 4207
0.004899 4207
0.0049 4208
0.004901 4210
0.004902 4210
0.004903 4210
0.004904 4210
0.004905 4210
0.004906 4209
0.004907 4210
0.004908 4210
0.004909 4210
0.00491 4210
0.004911 4210
0.004912 4210
0.004913 4210
0.004914 4209
0.004915 4209
0.004916 4209
0.004917 4208
0.004918 4207
0.004919 4207
0.00492 4207
0.004921 4207
0.004922 4208
0.004923 4208
0.004924 4208
0.004925 4207
0.004926 4208
0.004927 4209
0.004928 4209
0.004929 4209
0.00493 4208
0.004931 4208
0.004932 4209
0.004933 4211
0.004934 4211
0.004935 4212
0.004936 4210
0.004937 4210
0.004938 4208
0.004939 4208
0.00494 4210
0.004941 4210
0.004942 4210
0.004943 4209
0.004944 4209
0.004945 4209
0.004946 4209
0.004947 4209
0.004948 4208
0.004949 4208
0.00495 4208
0.004951 4209
0.004952 4209
0.004953 4208
0.004954 4208
0.004955 4209
0.004956 4207
0.004957 4207
0.004958 4208
0.004959 4208
0.00496 4207
0.004961 4207
0.004962 4207
0.004963 4207
0.004964 4208
0.004965 4208
0.004966 4208
0.004967 4208
0.004968 4208
0.004969 4209
0.00497 4209
0.004971 4208
0.004972 4207
0.004973 4207
0.004974 4207
0.004975 4207
0.004976 4205
0.004977 4205
0.004978 4205
0.004979 4205
0.00498 4205
0.004981 4205
0.004982 4205
0.004983 4204
0.004984 4204
0.004985 4204
0.004986 4206
0.004987 4206
0.004988 4205
0.004989 4203
0.00499 4203
0.004991 4203
0.004992 4203
0.004993 4203
0.004994 4204
0.004995 4203
0.004996 4203
0.004997 4204
0.004998 4203
0.004999 4203
0.005 4203
