0 3306
1e-06 3312
2e-06 3326
3e-06 3349
4e-06 3360
5e-06 3368
6e-06 3375
7e-06 3375
8e-06 3383
9e-06 3386
1e-05 3396
1.1e-05 3399
1.2e-05 3409
1.3e-05 3414
1.4e-05 3421
1.5e-05 3434
1.6e-05 3444
1.7e-05 3449
1.8e-05 3455
1.9e-05 3470
2e-05 3470
2.1e-05 3474
2.2e-05 3483
2.3e-05 3490
2.4e-05 3497
2.5e-05 3503
2.6e-05 3517
2.7e-05 3530
2.8e-05 3546
2.9e-05 3554
3e-05 3556
3.1e-05 3558
3.2e-05 3561
3.3e-05 3567
3.4e-05 3570
3.5e-05 3574
3.6e-05 3587
3.7e-05 3594
3.8e-05 3602
3.9e-05 3606
4e-05 3611
4.1e-05 3619
4.2e-05 3624
4.3e-05 3630
4.4e-05 3632
4.5e-05 3638
4.6e-05 3645
4.7e-05 3653
4.8e-05 3661
4.9e-05 3664
5e-05 3667
5.1e-05 3672
5.2e-05 3678
5.3e-05 3682
5.4e-05 3688
5.5e-05 3692
5.6e-05 3696
5.7e-05 3700
5.8e-05 3703
5.9e-05 3714
6e-05 3721
6.1e-05 3725
6.2e-05 3731
6.3e-05 3744
6.4e-05 3756
6.5e-05 3759
6.6e-05 3759
6.7e-05 3766
6.8e-05 3774
6.9e-05 3781
7e-05 3796
7.1e-05 3797
7.2e-05 3798
7.3e-05 3803
7.4e-05 3806
7.5e-05 3809
7.6e-05 3815
7.7e-05 3821
7.8e-05 3823
7.9e-05 3826
8e-05 3832
8.1e-05 3834
8.2e-05 3839
8.3e-05 3845
8.4e-05 3853
8.5e-05 3856
8.6e-05 3861
8.7e-05 3870
8.8e-05 3879
8.9e-05 3884
9e-05 3889
9.1e-05 3894
9.2e-05 3896
9.3e-05 3900
9.4e-05 3905
9.5e-05 3908
9.6e-05 3909
9.7e-05 3914
9.8e-05 3919
9.9e-05 3919
0.0001 3921
0.000101 3928
0.000102 3933
0.000103 3937
0.000104 3939
0.000105 3939
0.000106 3944
0.000107 3949
0.000108 3954
0.000109 3953
0.00011 3958
0.000111 3961
0.000112 3958
0.000113 3959
0.000114 3963
0.000115 3966
0.000116 3970
0.000117 3971
0.000118 3971
0.000119 3975
0.00012 3980
0.000121 3980
0.000122 3981
0.000123 3989
0.000124 3993
0.000125 3995
0.000126 3995
0.000127 3998
0.000128 4001
0.000129 4003
0.00013 4006
0.000131 4009
0.000132 4012
0.000133 4018
0.000134 4019
0.000135 4018
0.000136 4021
0.000137 4024
0.000138 4030
0.000139 4036
0.00014 4041
0.000141 4045
0.000142 4045
0.000143 4046
0.000144 4050
0.000145 4051
0.000146 4048
0.000147 4054
0.000148 4054
0.000149 4054
0.00015 4058
0.000151 4057
0.000152 4058
0.000153 4060
0.000154 4064
0.000155 4064
0.000156 4066
0.000157 4074
0.000158 4074
0.000159 4076
0.00016 4079
0.000161 4078
0.000162 4076
0.000163 4075
0.000164 4079
0.000165 4080
0.000166 4082
0.000167 4082
0.000168 4082
0.000169 4081
0.00017 4082
0.000171 4086
0.000172 4089
0.000173 4092
0.000174 4095
0.000175 4097
0.000176 4099
0.000177 4102
0.000178 4101
0.000179 4104
0.00018 4109
0.000181 4113
0.000182 4119
0.000183 4120
0.000184 4120
0.000185 4122
0.000186 4123
0.000187 4128
0.000188 4124
0.000189 4126
0.00019 4124
0.000191 4122
0.000192 4123
0.000193 4128
0.000194 4127
0.000195 4128
0.000196 4134
0.000197 4137
0.000198 4135
0.000199 4137
0.0002 4137
0.000201 4138
0.000202 4137
0.000203 4140
0.000204 4143
0.000205 4145
0.000206 4147
0.000207 4146
0.000208 4145
0.000209 4145
0.00021 4145
0.000211 4144
0.000212 4146
0.000213 4146
0.000214 4147
0.000215 4147
0.000216 4149
0.000217 4149
0.000218 4148
0.000219 4148
0.00022 4147
0.000221 4150
0.000222 4151
0.000223 4152
0.000224 4152
0.000225 4153
0.000226 4152
0.000227 4153
0.000228 4157
0.000229 4157
0.00023 4158
0.000231 4158
0.000232 4162
0.000233 4160
0.000234 4161
0.000235 4164
0.000236 4164
0.000237 4167
0.000238 4168
0.000239 4169
0.00024 4170
0.000241 4172
0.000242 4175
0.000243 4172
0.000244 4175
0.000245 4172
0.000246 4175
0.000247 4176
0.000248 4177
0.000249 4177
0.00025 4179
0.000251 4181
0.000252 4185
0.000253 4183
0.000254 4184
0.000255 4188
0.000256 4191
0.000257 4191
0.000258 4193
0.000259 4193
0.00026 4197
0.000261 4201
0.000262 4200
0.000263 4201
0.000264 4202
0.000265 4202
0.000266 4202
0.000267 4204
0.000268 4205
0.000269 4205
0.00027 4207
0.000271 4208
0.000272 4209
0.000273 4210
0.000274 4210
0.000275 4209
0.000276 4209
0.000277 4209
0.000278 4209
0.000279 4208
0.00028 4205
0.000281 4206
0.000282 4204
0.000283 4206
0.000284 4209
0.000285 4208
0.000286 4210
0.000287 4209
0.000288 4205
0.000289 4208
0.00029 4209
0.000291 4208
0.000292 4207
0.000293 4205
0.000294 4205
0.000295 4208
0.000296 4208
0.000297 4210
0.000298 4209
0.000299 4211
0.0003 4211
0.000301 4211
0.000302 4212
0.000303 4214
0.000304 4216
0.000305 4216
0.000306 4214
0.000307 4214
0.000308 4217
0.000309 4217
0.00031 4217
0.000311 4219
0.000312 4219
0.000313 4218
0.000314 4219
0.000315 4219
0.000316 4218
0.000317 4220
0.000318 4220
0.000319 4220
0.00032 4219
0.000321 4222
0.000322 4223
0.000323 4227
0.000324 4228
0.000325 4230
0.000326 4230
0.000327 4231
0.000328 4233
0.000329 4233
0.00033 4233
0.000331 4235
0.000332 4235
0.000333 4234
0.000334 4237
0.000335 4235
0.000336 4240
0.000337 4242
0.000338 4242
0.000339 4243
0.00034 4242
0.000341 4241
0.000342 4239
0.000343 4238
0.000344 4239
0.000345 4240
0.000346 4239
0.000347 4239
0.000348 4240
0.000349 4241
0.00035 4242
0.000351 4242
0.000352 4243
0.000353 4243
0.000354 4245
0.000355 4246
0.000356 4245
0.000357 4245
0.000358 4245
0.000359 4245
0.00036 4247
0.000361 4246
0.000362 4245
0.000363 4244
0.000364 4244
0.000365 4244
0.000366 4244
0.000367 4243
0.000368 4244
0.000369 4244
0.00037 4243
0.000371 4242
0.000372 4239
0.000373 4239
0.000374 4239
0.000375 4239
0.000376 4239
0.000377 4238
0.000378 4238
0.000379 4239
0.00038 4240
0.000381 4237
0.000382 4237
0.000383 4238
0.000384 4238
0.000385 4238
0.000386 4239
0.000387 4237
0.000388 4239
0.000389 4239
0.00039 4239
0.000391 4237
0.000392 4239
0.000393 4237
0.000394 4238
0.000395 4237
0.000396 4237
0.000397 4240
0.000398 4242
0.000399 4242
0.0004 4244
0.000401 4246
0.000402 4245
0.000403 4247
0.000404 4246
0.000405 4246
0.000406 4246
0.000407 4244
0.000408 4243
0.000409 4245
0.00041 4245
0.000411 4246
0.000412 4246
0.000413 4246
0.000414 4247
0.000415 4247
0.000416 4247
0.000417 4247
0.000418 4249
0.000419 4249
0.00042 4248
0.000421 4247
0.000422 4248
0.000423 4247
0.000424 4247
0.000425 4244
0.000426 4244
0.000427 4246
0.000428 4247
0.000429 4247
0.00043 4247
0.000431 4247
0.000432 4248
0.000433 4249
0.000434 4250
0.000435 4250
0.000436 4249
0.000437 4250
0.000438 4248
0.000439 4249
0.00044 4248
0.000441 4248
0.000442 4249
0.000443 4251
0.000444 4250
0.000445 4250
0.000446 4250
0.000447 4253
0.000448 4253
0.000449 4253
0.00045 4253
0.000451 4253
0.000452 4254
0.000453 4253
0.000454 4253
0.000455 4253
0.000456 4253
0.000457 4253
0.000458 4253
0.000459 4256
0.00046 4257
0.000461 4256
0.000462 4258
0.000463 4262
0.000464 4264
0.000465 4264
0.000466 4265
0.000467 4266
0.000468 4264
0.000469 4265
0.00047 4265
0.000471 4263
0.000472 4266
0.000473 4266
0.000474 4267
0.000475 4267
0.000476 4266
0.000477 4266
0.000478 4265
0.000479 4262
0.00048 4261
0.000481 4262
0.000482 4262
0.000483 4261
0.000484 4262
0.000485 4261
0.000486 4261
0.000487 4263
0.000488 4263
0.000489 4263
0.00049 4265
0.000491 4266
0.000492 4265
0.000493 4266
0.000494 4265
0.000495 4266
0.000496 4266
0.000497 4266
0.000498 4267
0.000499 4268
0.0005 4269
0.000501 4268
0.000502 4271
0.000503 4269
0.000504 4272
0.000505 4272
0.000506 4273
0.000507 4275
0.000508 4275
0.000509 4276
0.00051 4276
0.000511 4277
0.000512 4278
0.000513 4278
0.000514 4277
0.000515 4274
0.000516 4275
0.000517 4275
0.000518 4276
0.000519 4276
0.00052 4275
0.000521 4275
0.000522 4275
0.000523 4274
0.000524 4275
0.000525 4275
0.000526 4275
0.000527 4277
0.000528 4277
0.000529 4277
0.00053 4277
0.000531 4277
0.000532 4278
0.000533 4279
0.000534 4280
0.000535 4280
0.000536 4280
0.000537 4279
0.000538 4280
0.000539 4281
0.00054 4281
0.000541 4281
0.000542 4281
0.000543 4281
0.000544 4282
0.000545 4283
0.000546 4281
0.000547 4282
0.000548 4282
0.000549 4283
0.00055 4284
0.000551 4282
0.000552 4282
0.000553 4282
0.000554 4282
0.000555 4282
0.000556 4283
0.000557 4283
0.000558 4284
0.000559 4283
0.00056 4284
0.000561 4285
0.000562 4285
0.000563 4284
0.000564 4283
0.000565 4283
0.000566 4282
0.000567 4282
0.000568 4281
0.000569 4281
0.00057 4281
0.000571 4282
0.000572 4283
0.000573 4283
0.000574 4283
0.000575 4284
0.000576 4284
0.000577 4285
0.000578 4285
0.000579 4285
0.00058 4286
0.000581 4286
0.000582 4284
0.000583 4284
0.000584 4284
0.000585 4287
0.000586 4287
0.000587 4286
0.000588 4286
0.000589 4284
0.00059 4284
0.000591 4285
0.000592 4284
0.000593 4283
0.000594 4281
0.000595 4279
0.000596 4279
0.000597 4278
0.000598 4278
0.000599 4279
0.0006 4280
0.000601 4279
0.000602 4278
0.000603 4279
0.000604 4279
0.000605 4281
0.000606 4281
0.000607 4280
0.000608 4281
0.000609 4282
0.00061 4283
0.000611 4285
0.000612 4284
0.000613 4287
0.000614 4288
0.000615 4288
0.000616 4289
0.000617 4289
0.000618 4288
0.000619 4286
0.00062 4286
0.000621 4286
0.000622 4285
0.000623 4286
0.000624 4286
0.000625 4286
0.000626 4286
0.000627 4286
0.000628 4285
0.000629 4284
0.00063 4284
0.000631 4284
0.000632 4285
0.000633 4285
0.000634 4284
0.000635 4284
0.000636 4284
0.000637 4285
0.000638 4285
0.000639 4286
0.00064 4286
0.000641 4285
0.000642 4286
0.000643 4286
0.000644 4286
0.000645 4286
0.000646 4286
0.000647 4286
0.000648 4287
0.000649 4288
0.00065 4289
0.000651 4289
0.000652 4288
0.000653 4289
0.000654 4290
0.000655 4290
0.000656 4290
0.000657 4289
0.000658 4289
0.000659 4289
0.00066 4288
0.000661 4287
0.000662 4287
0.000663 4286
0.000664 4286
0.000665 4287
0.000666 4287
0.000667 4287
0.000668 4287
0.000669 4287
0.00067 4287
0.000671 4287
0.000672 4286
0.000673 4286
0.000674 4285
0.000675 4285
0.000676 4286
0.000677 4287
0.000678 4287
0.000679 4287
0.00068 4287
0.000681 4287
0.000682 4289
0.000683 4290
0.000684 4290
0.000685 4290
0.000686 4291
0.000687 4292
0.000688 4292
0.000689 4292
0.00069 4294
0.000691 4294
0.000692 4294
0.000693 4294
0.000694 4295
0.000695 4295
0.000696 4294
0.000697 4295
0.000698 4295
0.000699 4295
0.0007 4297
0.000701 4298
0.000702 4298
0.000703 4298
0.000704 4298
0.000705 4298
0.000706 4298
0.000707 4298
0.000708 4298
0.000709 4298
0.00071 4298
0.000711 4299
0.000712 4300
0.000713 4300
0.000714 4300
0.000715 4300
0.000716 4300
0.000717 4301
0.000718 4302
0.000719 4302
0.00072 4303
0.000721 4303
0.000722 4303
0.000723 4303
0.000724 4305
0.000725 4305
0.000726 4306
0.000727 4306
0.000728 4306
0.000729 4307
0.00073 4307
0.000731 4305
0.000732 4306
0.000733 4305
0.000734 4305
0.000735 4305
0.000736 4305
0.000737 4306
0.000738 4306
0.000739 4306
0.00074 4304
0.000741 4303
0.000742 4303
0.000743 4304
0.000744 4304
0.000745 4304
0.000746 4304
0.000747 4304
0.000748 4305
0.000749 4305
0.00075 4304
0.000751 4304
0.000752 4305
0.000753 4305
0.000754 4306
0.000755 4307
0.000756 4306
0.000757 4306
0.000758 4305
0.000759 4305
0.00076 4305
0.000761 4305
0.000762 4305
0.000763 4305
0.000764 4305
0.000765 4305
0.000766 4305
0.000767 4305
0.000768 4305
0.000769 4306
0.00077 4306
0.000771 4305
0.000772 4305
0.000773 4306
0.000774 4305
0.000775 4305
0.000776 4308
0.000777 4308
0.000778 4308
0.000779 4308
0.00078 4308
0.000781 4308
0.000782 4308
0.000783 4307
0.000784 4306
0.000785 4306
0.000786 4306
0.000787 4305
0.000788 4305
0.000789 4305
0.00079 4305
0.000791 4306
0.000792 4306
0.000793 4307
0.000794 4306
0.000795 4306
0.000796 4307
0.000797 4307
0.000798 4306
0.000799 4306
0.0008 4306
0.000801 4306
0.000802 4306
0.000803 4306
0.000804 4306
0.000805 4306
0.000806 4307
0.000807 4308
0.000808 4308
0.000809 4310
0.00081 4308
0.000811 4308
0.000812 4307
0.000813 4308
0.000814 4308
0.000815 4308
0.000816 4308
0.000817 4308
0.000818 4308
0.000819 4308
0.00082 4308
0.000821 4308
0.000822 4308
0.000823 4308
0.000824 4308
0.000825 4308
0.000826 4307
0.000827 4307
0.000828 4307
0.000829 4307
0.00083 4307
0.000831 4307
0.000832 4307
0.000833 4308
0.000834 4307
0.000835 4307
0.000836 4307
0.000837 4307
0.000838 4308
0.000839 4308
0.00084 4307
0.000841 4307
0.000842 4306
0.000843 4306
0.000844 4305
0.000845 4305
0.000846 4305
0.000847 4305
0.000848 4306
0.000849 4306
0.00085 4308
0.000851 4308
0.000852 4308
0.000853 4307
0.000854 4307
0.000855 4308
0.000856 4307
0.000857 4307
0.000858 4308
0.000859 4308
0.00086 4308
0.000861 4310
0.000862 4312
0.000863 4311
0.000864 4310
0.000865 4310
0.000866 4310
0.000867 4310
0.000868 4310
0.000869 4310
0.00087 4310
0.000871 4310
0.000872 4310
0.000873 4310
0.000874 4310
0.000875 4310
0.000876 4308
0.000877 4308
0.000878 4307
0.000879 4307
0.00088 4307
0.000881 4307
0.000882 4307
0.000883 4308
0.000884 4308
0.000885 4308
0.000886 4308
0.000887 4308
0.000888 4308
0.000889 4308
0.00089 4308
0.000891 4308
0.000892 4308
0.000893 4309
0.000894 4309
0.000895 4309
0.000896 4310
0.000897 4310
0.000898 4311
0.000899 4311
0.0009 4310
0.000901 4309
0.000902 4310
0.000903 4309
0.000904 4309
0.000905 4310
0.000906 4309
0.000907 4309
0.000908 4309
0.000909 4309
0.00091 4309
0.000911 4309
0.000912 4308
0.000913 4308
0.000914 4306
0.000915 4306
0.000916 4307
0.000917 4307
0.000918 4307
0.000919 4308
0.00092 4308
0.000921 4308
0.000922 4307
0.000923 4308
0.000924 4308
0.000925 4307
0.000926 4307
0.000927 4307
0.000928 4306
0.000929 4306
0.00093 4306
0.000931 4307
0.000932 4307
0.000933 4308
0.000934 4306
0.000935 4306
0.000936 4306
0.000937 4307
0.000938 4308
0.000939 4307
0.00094 4307
0.000941 4307
0.000942 4309
0.000943 4311
0.000944 4311
0.000945 4312
0.000946 4312
0.000947 4312
0.000948 4312
0.000949 4312
0.00095 4311
0.000951 4309
0.000952 4311
0.000953 4311
0.000954 4311
0.000955 4311
0.000956 4310
0.000957 4311
0.000958 4311
0.000959 4311
0.00096 4310
0.000961 4310
0.000962 4310
0.000963 4310
0.000964 4311
0.000965 4312
0.000966 4312
0.000967 4311
0.000968 4311
0.000969 4312
0.00097 4312
0.000971 4312
0.000972 4311
0.000973 4311
0.000974 4311
0.000975 4310
0.000976 4311
0.000977 4311
0.000978 4310
0.000979 4309
0.00098 4308
0.000981 4307
0.000982 4307
0.000983 4307
0.000984 4307
0.000985 4307
0.000986 4308
0.000987 4308
0.000988 4308
0.000989 4308
0.00099 4308
0.000991 4308
0.000992 4309
0.000993 4309
0.000994 4309
0.000995 4309
0.000996 4309
0.000997 4308
0.000998 4309
0.000999 4309
0.001 4309
0.001001 4309
0.001002 4309
0.001003 4309
0.001004 4310
0.001005 4310
0.001006 4310
0.001007 4310
0.001008 4309
0.001009 4309
0.00101 4309
0.001011 4309
0.001012 4309
0.001013 4309
0.001014 4309
0.001015 4309
0.001016 4309
0.001017 4308
0.001018 4308
0.001019 4308
0.00102 4308
0.001021 4308
0.001022 4308
0.001023 4307
0.001024 4308
0.001025 4307
0.001026 4306
0.001027 4306
0.001028 4305
0.001029 4305
0.00103 4305
0.001031 4306
0.001032 4305
0.001033 4305
0.001034 4306
0.001035 4307
0.001036 4306
0.001037 4307
0.001038 4307
0.001039 4308
0.00104 4308
0.001041 4309
0.001042 4309
0.001043 4308
0.001044 4308
0.001045 4309
0.001046 4309
0.001047 4309
0.001048 4308
0.001049 4308
0.00105 4308
0.001051 4309
0.001052 4310
0.001053 4310
0.001054 4309
0.001055 4309
0.001056 4309
0.001057 4309
0.001058 4309
0.001059 4309
0.00106 4308
0.001061 4307
0.001062 4307
0.001063 4308
0.001064 4308
0.001065 4307
0.001066 4308
0.001067 4309
0.001068 4309
0.001069 4309
0.00107 4309
0.001071 4309
0.001072 4310
0.001073 4310
0.001074 4310
0.001075 4310
0.001076 4310
0.001077 4310
0.001078 4309
0.001079 4310
0.00108 4310
0.001081 4311
0.001082 4311
0.001083 4312
0.001084 4311
0.001085 4311
0.001086 4311
0.001087 4311
0.001088 4310
0.001089 4311
0.00109 4309
0.001091 4309
0.001092 4310
0.001093 4310
0.001094 4310
0.001095 4311
0.001096 4310
0.001097 4310
0.001098 4310
0.001099 4311
0.0011 4312
0.001101 4311
0.001102 4312
0.001103 4313
0.001104 4313
0.001105 4312
0.001106 4312
0.001107 4312
0.001108 4311
0.001109 4310
0.00111 4310
0.001111 4311
0.001112 4310
0.001113 4311
0.001114 4312
0.001115 4312
0.001116 4312
0.001117 4312
0.001118 4313
0.001119 4313
0.00112 4313
0.001121 4313
0.001122 4313
0.001123 4313
0.001124 4313
0.001125 4313
0.001126 4313
0.001127 4313
0.001128 4314
0.001129 4314
0.00113 4315
0.001131 4315
0.001132 4314
0.001133 4314
0.001134 4314
0.001135 4314
0.001136 4314
0.001137 4314
0.001138 4315
0.001139 4316
0.00114 4317
0.001141 4317
0.001142 4317
0.001143 4317
0.001144 4315
0.001145 4315
0.001146 4315
0.001147 4314
0.001148 4314
0.001149 4314
0.00115 4313
0.001151 4313
0.001152 4313
0.001153 4313
0.001154 4313
0.001155 4312
0.001156 4312
0.001157 4311
0.001158 4311
0.001159 4310
0.00116 4310
0.001161 4310
0.001162 4310
0.001163 4310
0.001164 4310
0.001165 4310
0.001166 4310
0.001167 4311
0.001168 4309
0.001169 4309
0.00117 4310
0.001171 4310
0.001172 4310
0.001173 4310
0.001174 4309
0.001175 4310
0.001176 4310
0.001177 4310
0.001178 4311
0.001179 4311
0.00118 4310
0.001181 4311
0.001182 4311
0.001183 4311
0.001184 4310
0.001185 4311
0.001186 4312
0.001187 4312
0.001188 4311
0.001189 4311
0.00119 4311
0.001191 4311
0.001192 4312
0.001193 4312
0.001194 4312
0.001195 4312
0.001196 4312
0.001197 4312
0.001198 4312
0.001199 4312
0.0012 4312
0.001201 4311
0.001202 4311
0.001203 4311
0.001204 4310
0.001205 4309
0.001206 4309
0.001207 4309
0.001208 4309
0.001209 4309
0.00121 4310
0.001211 4310
0.001212 4310
0.001213 4311
0.001214 4314
0.001215 4314
0.001216 4314
0.001217 4317
0.001218 4318
0.001219 4318
0.00122 4317
0.001221 4317
0.001222 4317
0.001223 4317
0.001224 4317
0.001225 4317
0.001226 4316
0.001227 4318
0.001228 4317
0.001229 4317
0.00123 4317
0.001231 4316
0.001232 4316
0.001233 4316
0.001234 4316
0.001235 4316
0.001236 4317
0.001237 4316
0.001238 4315
0.001239 4315
0.00124 4315
0.001241 4315
0.001242 4315
0.001243 4315
0.001244 4316
0.001245 4315
0.001246 4315
0.001247 4313
0.001248 4312
0.001249 4312
0.00125 4312
0.001251 4312
0.001252 4312
0.001253 4311
0.001254 4311
0.001255 4310
0.001256 4310
0.001257 4310
0.001258 4310
0.001259 4310
0.00126 4310
0.001261 4311
0.001262 4311
0.001263 4313
0.001264 4313
0.001265 4313
0.001266 4312
0.001267 4310
0.001268 4310
0.001269 4310
0.00127 4310
0.001271 4310
0.001272 4310
0.001273 4310
0.001274 4310
0.001275 4310
0.001276 4310
0.001277 4309
0.001278 4309
0.001279 4309
0.00128 4309
0.001281 4308
0.001282 4308
0.001283 4306
0.001284 4307
0.001285 4307
0.001286 4307
0.001287 4306
0.001288 4306
0.001289 4305
0.00129 4305
0.001291 4304
0.001292 4304
0.001293 4304
0.001294 4306
0.001295 4306
0.001296 4306
0.001297 4306
0.001298 4306
0.001299 4306
0.0013 4305
0.001301 4307
0.001302 4306
0.001303 4306
0.001304 4306
0.001305 4305
0.001306 4304
0.001307 4305
0.001308 4305
0.001309 4305
0.00131 4305
0.001311 4305
0.001312 4305
0.001313 4304
0.001314 4304
0.001315 4305
0.001316 4304
0.001317 4304
0.001318 4304
0.001319 4305
0.00132 4306
0.001321 4306
0.001322 4306
0.001323 4306
0.001324 4306
0.001325 4306
0.001326 4306
0.001327 4306
0.001328 4305
0.001329 4305
0.00133 4305
0.001331 4305
0.001332 4305
0.001333 4305
0.001334 4305
0.001335 4305
0.001336 4306
0.001337 4307
0.001338 4307
0.001339 4307
0.00134 4306
0.001341 4305
0.001342 4307
0.001343 4307
0.001344 4307
0.001345 4305
0.001346 4304
0.001347 4303
0.001348 4303
0.001349 4302
0.00135 4302
0.001351 4302
0.001352 4302
0.001353 4302
0.001354 4302
0.001355 4304
0.001356 4304
0.001357 4304
0.001358 4304
0.001359 4304
0.00136 4304
0.001361 4304
0.001362 4304
0.001363 4304
0.001364 4304
0.001365 4303
0.001366 4303
0.001367 4302
0.001368 4302
0.001369 4302
0.00137 4302
0.001371 4302
0.001372 4302
0.001373 4302
0.001374 4298
0.001375 4298
0.001376 4298
0.001377 4298
0.001378 4298
0.001379 4299
0.00138 4299
0.001381 4298
0.001382 4298
0.001383 4298
0.001384 4298
0.001385 4298
0.001386 4298
0.001387 4298
0.001388 4298
0.001389 4298
0.00139 4298
0.001391 4298
0.001392 4298
0.001393 4297
0.001394 4297
0.001395 4297
0.001396 4296
0.001397 4295
0.001398 4295
0.001399 4295
0.0014 4294
0.001401 4294
0.001402 4294
0.001403 4294
0.001404 4294
0.001405 4294
0.001406 4293
0.001407 4293
0.001408 4295
0.001409 4295
0.00141 4295
0.001411 4294
0.001412 4294
0.001413 4294
0.001414 4294
0.001415 4294
0.001416 4294
0.001417 4294
0.001418 4294
0.001419 4293
0.00142 4293
0.001421 4293
0.001422 4293
0.001423 4293
0.001424 4292
0.001425 4292
0.001426 4291
0.001427 4291
0.001428 4289
0.001429 4289
0.00143 4289
0.001431 4291
0.001432 4291
0.001433 4291
0.001434 4291
0.001435 4291
0.001436 4291
0.001437 4290
0.001438 4291
0.001439 4290
0.00144 4290
0.001441 4290
0.001442 4290
0.001443 4290
0.001444 4290
0.001445 4290
0.001446 4290
0.001447 4289
0.001448 4289
0.001449 4289
0.00145 4290
0.001451 4290
0.001452 4290
0.001453 4290
0.001454 4290
0.001455 4290
0.001456 4292
0.001457 4291
0.001458 4291
0.001459 4291
0.00146 4291
0.001461 4290
0.001462 4290
0.001463 4290
0.001464 4289
0.001465 4291
0.001466 4291
0.001467 4292
0.001468 4290
0.001469 4289
0.00147 4288
0.001471 4288
0.001472 4288
0.001473 4288
0.001474 4287
0.001475 4286
0.001476 4286
0.001477 4286
0.001478 4287
0.001479 4287
0.00148 4287
0.001481 4287
0.001482 4287
0.001483 4286
0.001484 4286
0.001485 4285
0.001486 4286
0.001487 4286
0.001488 4286
0.001489 4287
0.00149 4287
0.001491 4287
0.001492 4286
0.001493 4286
0.001494 4286
0.001495 4286
0.001496 4287
0.001497 4287
0.001498 4287
0.001499 4287
0.0015 4287
0.001501 4287
0.001502 4287
0.001503 4287
0.001504 4286
0.001505 4286
0.001506 4286
0.001507 4286
0.001508 4286
0.001509 4286
0.00151 4286
0.001511 4286
0.001512 4286
0.001513 4286
0.001514 4286
0.001515 4285
0.001516 4285
0.001517 4285
0.001518 4285
0.001519 4285
0.00152 4286
0.001521 4286
0.001522 4287
0.001523 4287
0.001524 4287
0.001525 4287
0.001526 4287
0.001527 4287
0.001528 4287
0.001529 4286
0.00153 4286
0.001531 4287
0.001532 4287
0.001533 4286
0.001534 4286
0.001535 4286
0.001536 4286
0.001537 4286
0.001538 4286
0.001539 4285
0.00154 4285
0.001541 4285
0.001542 4286
0.001543 4287
0.001544 4286
0.001545 4286
0.001546 4286
0.001547 4286
0.001548 4287
0.001549 4287
0.00155 4288
0.001551 4288
0.001552 4287
0.001553 4287
0.001554 4287
0.001555 4286
0.001556 4285
0.001557 4285
0.001558 4286
0.001559 4286
0.00156 4286
0.001561 4286
0.001562 4286
0.001563 4285
0.001564 4284
0.001565 4283
0.001566 4283
0.001567 4283
0.001568 4284
0.001569 4284
0.00157 4285
0.001571 4285
0.001572 4285
0.001573 4286
0.001574 4286
0.001575 4285
0.001576 4285
0.001577 4285
0.001578 4285
0.001579 4286
0.00158 4287
0.001581 4286
0.001582 4286
0.001583 4286
0.001584 4286
0.001585 4285
0.001586 4286
0.001587 4285
0.001588 4285
0.001589 4285
0.00159 4285
0.001591 4286
0.001592 4285
0.001593 4284
0.001594 4284
0.001595 4284
0.001596 4285
0.001597 4286
0.001598 4286
0.001599 4286
0.0016 4286
0.001601 4285
0.001602 4285
0.001603 4285
0.001604 4283
0.001605 4283
0.001606 4283
0.001607 4282
0.001608 4282
0.001609 4282
0.00161 4282
0.001611 4282
0.001612 4282
0.001613 4280
0.001614 4280
0.001615 4279
0.001616 4279
0.001617 4279
0.001618 4279
0.001619 4279
0.00162 4278
0.001621 4278
0.001622 4278
0.001623 4277
0.001624 4277
0.001625 4277
0.001626 4277
0.001627 4277
0.001628 4279
0.001629 4280
0.00163 4280
0.001631 4280
0.001632 4279
0.001633 4279
0.001634 4279
0.001635 4279
0.001636 4277
0.001637 4277
0.001638 4277
0.001639 4276
0.00164 4275
0.001641 4275
0.001642 4275
0.001643 4275
0.001644 4274
0.001645 4273
0.001646 4273
0.001647 4272
0.001648 4272
0.001649 4271
0.00165 4271
0.001651 4270
0.001652 4270
0.001653 4271
0.001654 4271
0.001655 4271
0.001656 4271
0.001657 4271
0.001658 4270
0.001659 4270
0.00166 4269
0.001661 4269
0.001662 4269
0.001663 4268
0.001664 4268
0.001665 4269
0.001666 4268
0.001667 4268
0.001668 4269
0.001669 4269
0.00167 4268
0.001671 4268
0.001672 4268
0.001673 4267
0.001674 4267
0.001675 4268
0.001676 4269
0.001677 4269
0.001678 4269
0.001679 4269
0.00168 4269
0.001681 4268
0.001682 4268
0.001683 4268
0.001684 4267
0.001685 4268
0.001686 4267
0.001687 4267
0.001688 4267
0.001689 4267
0.00169 4267
0.001691 4266
0.001692 4266
0.001693 4266
0.001694 4266
0.001695 4266
0.001696 4265
0.001697 4263
0.001698 4264
0.001699 4264
0.0017 4264
0.001701 4264
0.001702 4264
0.001703 4263
0.001704 4264
0.001705 4264
0.001706 4264
0.001707 4265
0.001708 4266
0.001709 4267
0.00171 4267
0.001711 4266
0.001712 4266
0.001713 4267
0.001714 4267
0.001715 4267
0.001716 4267
0.001717 4267
0.001718 4266
0.001719 4267
0.00172 4267
0.001721 4266
0.001722 4266
0.001723 4266
0.001724 4267
0.001725 4266
0.001726 4266
0.001727 4266
0.001728 4266
0.001729 4265
0.00173 4265
0.001731 4265
0.001732 4265
0.001733 4264
0.001734 4264
0.001735 4264
0.001736 4264
0.001737 4265
0.001738 4265
0.001739 4265
0.00174 4266
0.001741 4266
0.001742 4267
0.001743 4267
0.001744 4267
0.001745 4267
0.001746 4268
0.001747 4267
0.001748 4267
0.001749 4265
0.00175 4266
0.001751 4266
0.001752 4265
0.001753 4265
0.001754 4265
0.001755 4266
0.001756 4266
0.001757 4266
0.001758 4267
0.001759 4267
0.00176 4267
0.001761 4267
0.001762 4266
0.001763 4267
0.001764 4267
0.001765 4268
0.001766 4268
0.001767 4268
0.001768 4269
0.001769 4269
0.00177 4269
0.001771 4268
0.001772 4268
0.001773 4268
0.001774 4268
0.001775 4268
0.001776 4268
0.001777 4268
0.001778 4269
0.001779 4269
0.00178 4268
0.001781 4268
0.001782 4268
0.001783 4268
0.001784 4268
0.001785 4268
0.001786 4268
0.001787 4268
0.001788 4267
0.001789 4267
0.00179 4268
0.001791 4268
0.001792 4268
0.001793 4267
0.001794 4267
0.001795 4267
0.001796 4267
0.001797 4266
0.001798 4267
0.001799 4267
0.0018 4266
0.001801 4266
0.001802 4266
0.001803 4267
0.001804 4268
0.001805 4269
0.001806 4270
0.001807 4270
0.001808 4269
0.001809 4268
0.00181 4268
0.001811 4268
0.001812 4268
0.001813 4268
0.001814 4268
0.001815 4268
0.001816 4268
0.001817 4268
0.001818 4268
0.001819 4268
0.00182 4268
0.001821 4268
0.001822 4267
0.001823 4266
0.001824 4267
0.001825 4267
0.001826 4266
0.001827 4266
0.001828 4265
0.001829 4265
0.00183 4266
0.001831 4266
0.001832 4267
0.001833 4268
0.001834 4268
0.001835 4268
0.001836 4268
0.001837 4268
0.001838 4268
0.001839 4268
0.00184 4268
0.001841 4268
0.001842 4268
0.001843 4268
0.001844 4268
0.001845 4267
0.001846 4267
0.001847 4267
0.001848 4266
0.001849 4267
0.00185 4267
0.001851 4267
0.001852 4266
0.001853 4267
0.001854 4267
0.001855 4267
0.001856 4266
0.001857 4266
0.001858 4265
0.001859 4265
0.00186 4265
0.001861 4265
0.001862 4265
0.001863 4265
0.001864 4265
0.001865 4265
0.001866 4263
0.001867 4263
0.001868 4263
0.001869 4263
0.00187 4263
0.001871 4262
0.001872 4262
0.001873 4262
0.001874 4261
0.001875 4261
0.001876 4261
0.001877 4262
0.001878 4261
0.001879 4260
0.00188 4260
0.001881 4260
0.001882 4260
0.001883 4260
0.001884 4259
0.001885 4259
0.001886 4260
0.001887 4261
0.001888 4261
0.001889 4259
0.00189 4259
0.001891 4259
0.001892 4258
0.001893 4258
0.001894 4258
0.001895 4258
0.001896 4257
0.001897 4257
0.001898 4257
0.001899 4257
0.0019 4257
0.001901 4257
0.001902 4257
0.001903 4256
0.001904 4256
0.001905 4255
0.001906 4255
0.001907 4256
0.001908 4256
0.001909 4257
0.00191 4257
0.001911 4257
0.001912 4258
0.001913 4258
0.001914 4258
0.001915 4259
0.001916 4259
0.001917 4258
0.001918 4258
0.001919 4259
0.00192 4259
0.001921 4259
0.001922 4259
0.001923 4259
0.001924 4258
0.001925 4257
0.001926 4257
0.001927 4257
0.001928 4257
0.001929 4257
0.00193 4257
0.001931 4257
0.001932 4258
0.001933 4257
0.001934 4257
0.001935 4257
0.001936 4257
0.001937 4257
0.001938 4257
0.001939 4258
0.00194 4258
0.001941 4258
0.001942 4258
0.001943 4257
0.001944 4257
0.001945 4257
0.001946 4257
0.001947 4257
0.001948 4259
0.001949 4259
0.00195 4260
0.001951 4260
0.001952 4258
0.001953 4258
0.001954 4258
0.001955 4257
0.001956 4257
0.001957 4257
0.001958 4257
0.001959 4257
0.00196 4257
0.001961 4256
0.001962 4256
0.001963 4257
0.001964 4256
0.001965 4257
0.001966 4257
0.001967 4257
0.001968 4257
0.001969 4257
0.00197 4257
0.001971 4257
0.001972 4257
0.001973 4257
0.001974 4257
0.001975 4257
0.001976 4257
0.001977 4257
0.001978 4256
0.001979 4256
0.00198 4257
0.001981 4256
0.001982 4255
0.001983 4257
0.001984 4257
0.001985 4256
0.001986 4256
0.001987 4256
0.001988 4256
0.001989 4257
0.00199 4257
0.001991 4257
0.001992 4256
0.001993 4256
0.001994 4256
0.001995 4257
0.001996 4257
0.001997 4257
0.001998 4257
0.001999 4257
0.002 4257
0.002001 4257
0.002002 4257
0.002003 4257
0.002004 4255
0.002005 4255
0.002006 4255
0.002007 4255
0.002008 4255
0.002009 4257
0.00201 4257
0.002011 4257
0.002012 4257
0.002013 4257
0.002014 4257
0.002015 4259
0.002016 4259
0.002017 4259
0.002018 4259
0.002019 4260
0.00202 4260
0.002021 4261
0.002022 4261
0.002023 4261
0.002024 4260
0.002025 4260
0.002026 4260
0.002027 4259
0.002028 4259
0.002029 4259
0.00203 4259
0.002031 4260
0.002032 4260
0.002033 4260
0.002034 4260
0.002035 4259
0.002036 4259
0.002037 4259
0.002038 4259
0.002039 4259
0.00204 4259
0.002041 4259
0.002042 4259
0.002043 4260
0.002044 4260
0.002045 4262
0.002046 4262
0.002047 4262
0.002048 4262
0.002049 4262
0.00205 4264
0.002051 4264
0.002052 4264
0.002053 4265
0.002054 4265
0.002055 4266
0.002056 4266
0.002057 4267
0.002058 4266
0.002059 4266
0.00206 4267
0.002061 4267
0.002062 4266
0.002063 4266
0.002064 4266
0.002065 4266
0.002066 4266
0.002067 4268
0.002068 4266
0.002069 4266
0.00207 4267
0.002071 4268
0.002072 4267
0.002073 4267
0.002074 4267
0.002075 4267
0.002076 4267
0.002077 4267
0.002078 4266
0.002079 4267
0.00208 4268
0.002081 4266
0.002082 4266
0.002083 4266
0.002084 4265
0.002085 4266
0.002086 4266
0.002087 4265
0.002088 4265
0.002089 4265
0.00209 4265
0.002091 4265
0.002092 4264
0.002093 4264
0.002094 4264
0.002095 4264
0.002096 4265
0.002097 4265
0.002098 4265
0.002099 4265
0.0021 4264
0.002101 4264
0.002102 4264
0.002103 4264
0.002104 4264
0.002105 4263
0.002106 4263
0.002107 4263
0.002108 4263
0.002109 4263
0.00211 4263
0.002111 4263
0.002112 4263
0.002113 4263
0.002114 4263
0.002115 4263
0.002116 4262
0.002117 4262
0.002118 4262
0.002119 4263
0.00212 4263
0.002121 4263
0.002122 4263
0.002123 4263
0.002124 4263
0.002125 4263
0.002126 4263
0.002127 4263
0.002128 4263
0.002129 4262
0.00213 4262
0.002131 4262
0.002132 4262
0.002133 4261
0.002134 4261
0.002135 4261
0.002136 4261
0.002137 4261
0.002138 4261
0.002139 4261
0.00214 4260
0.002141 4259
0.002142 4258
0.002143 4258
0.002144 4256
0.002145 4256
0.002146 4256
0.002147 4256
0.002148 4256
0.002149 4255
0.00215 4255
0.002151 4255
0.002152 4255
0.002153 4255
0.002154 4255
0.002155 4254
0.002156 4253
0.002157 4251
0.002158 4251
0.002159 4251
0.00216 4253
0.002161 4255
0.002162 4253
0.002163 4253
0.002164 4253
0.002165 4253
0.002166 4254
0.002167 4255
0.002168 4255
0.002169 4256
0.00217 4256
0.002171 4255
0.002172 4255
0.002173 4255
0.002174 4255
0.002175 4255
0.002176 4254
0.002177 4254
0.002178 4254
0.002179 4254
0.00218 4254
0.002181 4253
0.002182 4253
0.002183 4253
0.002184 4253
0.002185 4254
0.002186 4255
0.002187 4255
0.002188 4255
0.002189 4255
0.00219 4256
0.002191 4255
0.002192 4254
0.002193 4252
0.002194 4251
0.002195 4251
0.002196 4251
0.002197 4251
0.002198 4251
0.002199 4251
0.0022 4250
0.002201 4251
0.002202 4251
0.002203 4251
0.002204 4251
0.002205 4250
0.002206 4250
0.002207 4250
0.002208 4250
0.002209 4251
0.00221 4250
0.002211 4251
0.002212 4250
0.002213 4250
0.002214 4250
0.002215 4250
0.002216 4250
0.002217 4250
0.002218 4249
0.002219 4249
0.00222 4249
0.002221 4248
0.002222 4248
0.002223 4248
0.002224 4247
0.002225 4247
0.002226 4248
0.002227 4248
0.002228 4248
0.002229 4248
0.00223 4249
0.002231 4250
0.002232 4249
0.002233 4249
0.002234 4250
0.002235 4250
0.002236 4250
0.002237 4250
0.002238 4250
0.002239 4250
0.00224 4250
0.002241 4251
0.002242 4252
0.002243 4252
0.002244 4252
0.002245 4252
0.002246 4252
0.002247 4254
0.002248 4255
0.002249 4254
0.00225 4255
0.002251 4256
0.002252 4255
0.002253 4255
0.002254 4255
0.002255 4255
0.002256 4255
0.002257 4255
0.002258 4255
0.002259 4256
0.00226 4255
0.002261 4255
0.002262 4255
0.002263 4257
0.002264 4256
0.002265 4255
0.002266 4255
0.002267 4256
0.002268 4255
0.002269 4255
0.00227 4255
0.002271 4255
0.002272 4255
0.002273 4255
0.002274 4255
0.002275 4255
0.002276 4255
0.002277 4255
0.002278 4255
0.002279 4255
0.00228 4255
0.002281 4255
0.002282 4255
0.002283 4255
0.002284 4254
0.002285 4254
0.002286 4254
0.002287 4255
0.002288 4255
0.002289 4256
0.00229 4255
0.002291 4255
0.002292 4255
0.002293 4255
0.002294 4256
0.002295 4256
0.002296 4256
0.002297 4255
0.002298 4256
0.002299 4257
0.0023 4256
0.002301 4256
0.002302 4255
0.002303 4256
0.002304 4256
0.002305 4256
0.002306 4256
0.002307 4255
0.002308 4255
0.002309 4255
0.00231 4254
0.002311 4254
0.002312 4254
0.002313 4254
0.002314 4254
0.002315 4254
0.002316 4254
0.002317 4255
0.002318 4254
0.002319 4255
0.00232 4255
0.002321 4255
0.002322 4256
0.002323 4256
0.002324 4255
0.002325 4255
0.002326 4256
0.002327 4256
0.002328 4255
0.002329 4255
0.00233 4255
0.002331 4255
0.002332 4255
0.002333 4256
0.002334 4256
0.002335 4256
0.002336 4256
0.002337 4256
0.002338 4256
0.002339 4256
0.00234 4256
0.002341 4255
0.002342 4255
0.002343 4255
0.002344 4254
0.002345 4255
0.002346 4255
0.002347 4256
0.002348 4255
0.002349 4255
0.00235 4255
0.002351 4255
0.002352 4256
0.002353 4256
0.002354 4256
0.002355 4257
0.002356 4257
0.002357 4258
0.002358 4258
0.002359 4258
0.00236 4258
0.002361 4258
0.002362 4259
0.002363 4259
0.002364 4259
0.002365 4259
0.002366 4259
0.002367 4259
0.002368 4259
0.002369 4260
0.00237 4259
0.002371 4259
0.002372 4259
0.002373 4259
0.002374 4259
0.002375 4258
0.002376 4258
0.002377 4258
0.002378 4257
0.002379 4257
0.00238 4257
0.002381 4258
0.002382 4258
0.002383 4259
0.002384 4260
0.002385 4259
0.002386 4259
0.002387 4258
0.002388 4259
0.002389 4259
0.00239 4259
0.002391 4258
0.002392 4258
0.002393 4259
0.002394 4260
0.002395 4260
0.002396 4258
0.002397 4258
0.002398 4258
0.002399 4258
0.0024 4257
0.002401 4258
0.002402 4257
0.002403 4256
0.002404 4255
0.002405 4255
0.002406 4255
0.002407 4255
0.002408 4255
0.002409 4255
0.00241 4256
0.002411 4255
0.002412 4255
0.002413 4255
0.002414 4256
0.002415 4256
0.002416 4256
0.002417 4256
0.002418 4256
0.002419 4256
0.00242 4256
0.002421 4256
0.002422 4256
0.002423 4255
0.002424 4256
0.002425 4256
0.002426 4256
0.002427 4257
0.002428 4257
0.002429 4258
0.00243 4257
0.002431 4257
0.002432 4257
0.002433 4259
0.002434 4258
0.002435 4258
0.002436 4259
0.002437 4259
0.002438 4260
0.002439 4260
0.00244 4260
0.002441 4259
0.002442 4259
0.002443 4259
0.002444 4259
0.002445 4259
0.002446 4259
0.002447 4260
0.002448 4260
0.002449 4261
0.00245 4261
0.002451 4261
0.002452 4261
0.002453 4261
0.002454 4260
0.002455 4261
0.002456 4261
0.002457 4261
0.002458 4261
0.002459 4261
0.00246 4261
0.002461 4260
0.002462 4260
0.002463 4259
0.002464 4259
0.002465 4259
0.002466 4259
0.002467 4259
0.002468 4259
0.002469 4259
0.00247 4260
0.002471 4259
0.002472 4259
0.002473 4260
0.002474 4261
0.002475 4261
0.002476 4261
0.002477 4260
0.002478 4260
0.002479 4258
0.00248 4258
0.002481 4258
0.002482 4258
0.002483 4257
0.002484 4259
0.002485 4259
0.002486 4259
0.002487 4260
0.002488 4260
0.002489 4259
0.00249 4258
0.002491 4258
0.002492 4258
0.002493 4258
0.002494 4257
0.002495 4258
0.002496 4258
0.002497 4259
0.002498 4259
0.002499 4259
0.0025 4260
0.002501 4260
0.002502 4260
0.002503 4260
0.002504 4260
0.002505 4260
0.002506 4260
0.002507 4260
0.002508 4259
0.002509 4259
0.00251 4259
0.002511 4259
0.002512 4259
0.002513 4259
0.002514 4260
0.002515 4259
0.002516 4259
0.002517 4259
0.002518 4260
0.002519 4260
0.00252 4260
0.002521 4260
0.002522 4260
0.002523 4260
0.002524 4260
0.002525 4261
0.002526 4261
0.002527 4261
0.002528 4261
0.002529 4261
0.00253 4261
0.002531 4260
0.002532 4260
0.002533 4260
0.002534 4260
0.002535 4260
0.002536 4260
0.002537 4260
0.002538 4260
0.002539 4260
0.00254 4260
0.002541 4260
0.002542 4258
0.002543 4258
0.002544 4257
0.002545 4257
0.002546 4257
0.002547 4257
0.002548 4257
0.002549 4257
0.00255 4257
0.002551 4257
0.002552 4257
0.002553 4257
0.002554 4257
0.002555 4257
0.002556 4257
0.002557 4257
0.002558 4256
0.002559 4256
0.00256 4256
0.002561 4256
0.002562 4256
0.002563 4257
0.002564 4257
0.002565 4258
0.002566 4259
0.002567 4259
0.002568 4259
0.002569 4259
0.00257 4260
0.002571 4260
0.002572 4260
0.002573 4260
0.002574 4260
0.002575 4259
0.002576 4259
0.002577 4260
0.002578 4260
0.002579 4260
0.00258 4258
0.002581 4258
0.002582 4258
0.002583 4258
0.002584 4258
0.002585 4258
0.002586 4258
0.002587 4258
0.002588 4258
0.002589 4256
0.00259 4256
0.002591 4256
0.002592 4256
0.002593 4258
0.002594 4258
0.002595 4258
0.002596 4258
0.002597 4258
0.002598 4258
0.002599 4258
0.0026 4257
0.002601 4257
0.002602 4257
0.002603 4255
0.002604 4254
0.002605 4254
0.002606 4255
0.002607 4256
0.002608 4256
0.002609 4256
0.00261 4256
0.002611 4257
0.002612 4257
0.002613 4259
0.002614 4259
0.002615 4259
0.002616 4260
0.002617 4260
0.002618 4260
0.002619 4260
0.00262 4260
0.002621 4261
0.002622 4262
0.002623 4263
0.002624 4263
0.002625 4263
0.002626 4263
0.002627 4263
0.002628 4263
0.002629 4263
0.00263 4263
0.002631 4263
0.002632 4263
0.002633 4263
0.002634 4263
0.002635 4263
0.002636 4263
0.002637 4264
0.002638 4264
0.002639 4264
0.00264 4265
0.002641 4268
0.002642 4268
0.002643 4268
0.002644 4267
0.002645 4267
0.002646 4268
0.002647 4268
0.002648 4268
0.002649 4268
0.00265 4268
0.002651 4268
0.002652 4268
0.002653 4268
0.002654 4268
0.002655 4268
0.002656 4267
0.002657 4267
0.002658 4267
0.002659 4267
0.00266 4267
0.002661 4267
0.002662 4266
0.002663 4265
0.002664 4266
0.002665 4266
0.002666 4265
0.002667 4264
0.002668 4264
0.002669 4264
0.00267 4264
0.002671 4264
0.002672 4264
0.002673 4265
0.002674 4266
0.002675 4266
0.002676 4267
0.002677 4266
0.002678 4265
0.002679 4265
0.00268 4264
0.002681 4264
0.002682 4264
0.002683 4263
0.002684 4262
0.002685 4262
0.002686 4262
0.002687 4262
0.002688 4262
0.002689 4262
0.00269 4262
0.002691 4262
0.002692 4263
0.002693 4263
0.002694 4263
0.002695 4262
0.002696 4262
0.002697 4262
0.002698 4262
0.002699 4263
0.0027 4262
0.002701 4262
0.002702 4262
0.002703 4263
0.002704 4262
0.002705 4262
0.002706 4261
0.002707 4261
0.002708 4260
0.002709 4260
0.00271 4261
0.002711 4261
0.002712 4261
0.002713 4261
0.002714 4262
0.002715 4262
0.002716 4262
0.002717 4262
0.002718 4262
0.002719 4262
0.00272 4263
0.002721 4263
0.002722 4263
0.002723 4263
0.002724 4263
0.002725 4263
0.002726 4263
0.002727 4263
0.002728 4264
0.002729 4264
0.00273 4264
0.002731 4264
0.002732 4265
0.002733 4265
0.002734 4265
0.002735 4265
0.002736 4265
0.002737 4265
0.002738 4266
0.002739 4265
0.00274 4264
0.002741 4264
0.002742 4265
0.002743 4265
0.002744 4265
0.002745 4265
0.002746 4265
0.002747 4266
0.002748 4266
0.002749 4266
0.00275 4266
0.002751 4267
0.002752 4266
0.002753 4266
0.002754 4265
0.002755 4265
0.002756 4265
0.002757 4265
0.002758 4265
0.002759 4265
0.00276 4266
0.002761 4269
0.002762 4270
0.002763 4270
0.002764 4271
0.002765 4271
0.002766 4271
0.002767 4272
0.002768 4272
0.002769 4272
0.00277 4272
0.002771 4272
0.002772 4271
0.002773 4271
0.002774 4271
0.002775 4271
0.002776 4272
0.002777 4272
0.002778 4272
0.002779 4272
0.00278 4272
0.002781 4272
0.002782 4272
0.002783 4271
0.002784 4272
0.002785 4270
0.002786 4269
0.002787 4269
0.002788 4269
0.002789 4268
0.00279 4268
0.002791 4269
0.002792 4268
0.002793 4269
0.002794 4270
0.002795 4270
0.002796 4269
0.002797 4270
0.002798 4270
0.002799 4270
0.0028 4271
0.002801 4271
0.002802 4271
0.002803 4273
0.002804 4273
0.002805 4272
0.002806 4272
0.002807 4271
0.002808 4270
0.002809 4270
0.00281 4270
0.002811 4270
0.002812 4270
0.002813 4270
0.002814 4270
0.002815 4269
0.002816 4269
0.002817 4269
0.002818 4269
0.002819 4269
0.00282 4269
0.002821 4269
0.002822 4271
0.002823 4271
0.002824 4271
0.002825 4272
0.002826 4271
0.002827 4270
0.002828 4270
0.002829 4270
0.00283 4270
0.002831 4270
0.002832 4270
0.002833 4271
0.002834 4271
0.002835 4270
0.002836 4270
0.002837 4270
0.002838 4270
0.002839 4270
0.00284 4270
0.002841 4270
0.002842 4270
0.002843 4271
0.002844 4271
0.002845 4271
0.002846 4271
0.002847 4270
0.002848 4269
0.002849 4266
0.00285 4267
0.002851 4267
0.002852 4268
0.002853 4268
0.002854 4267
0.002855 4267
0.002856 4270
0.002857 4270
0.002858 4270
0.002859 4271
0.00286 4271
0.002861 4271
0.002862 4271
0.002863 4271
0.002864 4271
0.002865 4273
0.002866 4273
0.002867 4274
0.002868 4274
0.002869 4273
0.00287 4273
0.002871 4274
0.002872 4274
0.002873 4273
0.002874 4273
0.002875 4272
0.002876 4272
0.002877 4273
0.002878 4273
0.002879 4273
0.00288 4273
0.002881 4273
0.002882 4273
0.002883 4273
0.002884 4273
0.002885 4274
0.002886 4273
0.002887 4273
0.002888 4274
0.002889 4273
0.00289 4273
0.002891 4273
0.002892 4273
0.002893 4273
0.002894 4273
0.002895 4273
0.002896 4273
0.002897 4273
0.002898 4272
0.002899 4272
0.0029 4272
0.002901 4272
0.002902 4273
0.002903 4273
0.002904 4273
0.002905 4273
0.002906 4272
0.002907 4272
0.002908 4272
0.002909 4272
0.00291 4273
0.002911 4273
0.002912 4273
0.002913 4273
0.002914 4274
0.002915 4274
0.002916 4274
0.002917 4275
0.002918 4275
0.002919 4275
0.00292 4274
0.002921 4274
0.002922 4274
0.002923 4274
0.002924 4274
0.002925 4274
0.002926 4274
0.002927 4275
0.002928 4275
0.002929 4276
0.00293 4276
0.002931 4277
0.002932 4277
0.002933 4277
0.002934 4277
0.002935 4276
0.002936 4276
0.002937 4274
0.002938 4274
0.002939 4274
0.00294 4274
0.002941 4274
0.002942 4274
0.002943 4275
0.002944 4275
0.002945 4275
0.002946 4275
0.002947 4274
0.002948 4274
0.002949 4274
0.00295 4274
0.002951 4274
0.002952 4274
0.002953 4273
0.002954 4274
0.002955 4274
0.002956 4274
0.002957 4274
0.002958 4274
0.002959 4274
0.00296 4273
0.002961 4272
0.002962 4272
0.002963 4270
0.002964 4270
0.002965 4269
0.002966 4269
0.002967 4269
0.002968 4269
0.002969 4269
0.00297 4268
0.002971 4268
0.002972 4267
0.002973 4268
0.002974 4269
0.002975 4270
0.002976 4271
0.002977 4270
0.002978 4270
0.002979 4271
0.00298 4271
0.002981 4271
0.002982 4271
0.002983 4271
0.002984 4271
0.002985 4271
0.002986 4271
0.002987 4271
0.002988 4271
0.002989 4271
0.00299 4271
0.002991 4271
0.002992 4272
0.002993 4272
0.002994 4272
0.002995 4272
0.002996 4272
0.002997 4271
0.002998 4272
0.002999 4273
0.003 4272
0.003001 4272
0.003002 4271
0.003003 4271
0.003004 4271
0.003005 4271
0.003006 4270
0.003007 4270
0.003008 4271
0.003009 4270
0.00301 4270
0.003011 4270
0.003012 4270
0.003013 4270
0.003014 4270
0.003015 4270
0.003016 4272
0.003017 4272
0.003018 4272
0.003019 4272
0.00302 4271
0.003021 4271
0.003022 4270
0.003023 4270
0.003024 4270
0.003025 4269
0.003026 4269
0.003027 4269
0.003028 4268
0.003029 4268
0.00303 4268
0.003031 4268
0.003032 4268
0.003033 4268
0.003034 4268
0.003035 4268
0.003036 4268
0.003037 4268
0.003038 4268
0.003039 4268
0.00304 4269
0.003041 4268
0.003042 4268
0.003043 4268
0.003044 4269
0.003045 4268
0.003046 4269
0.003047 4269
0.003048 4269
0.003049 4270
0.00305 4270
0.003051 4270
0.003052 4270
0.003053 4271
0.003054 4271
0.003055 4272
0.003056 4272
0.003057 4272
0.003058 4272
0.003059 4272
0.00306 4272
0.003061 4273
0.003062 4272
0.003063 4272
0.003064 4271
0.003065 4271
0.003066 4270
0.003067 4270
0.003068 4270
0.003069 4270
0.00307 4271
0.003071 4271
0.003072 4271
0.003073 4271
0.003074 4271
0.003075 4271
0.003076 4271
0.003077 4270
0.003078 4270
0.003079 4270
0.00308 4270
0.003081 4270
0.003082 4270
0.003083 4270
0.003084 4269
0.003085 4269
0.003086 4269
0.003087 4270
0.003088 4270
0.003089 4270
0.00309 4270
0.003091 4270
0.003092 4269
0.003093 4271
0.003094 4271
0.003095 4271
0.003096 4272
0.003097 4272
0.003098 4272
0.003099 4272
0.0031 4272
0.003101 4273
0.003102 4273
0.003103 4272
0.003104 4272
0.003105 4271
0.003106 4271
0.003107 4271
0.003108 4271
0.003109 4272
0.00311 4272
0.003111 4271
0.003112 4272
0.003113 4272
0.003114 4273
0.003115 4273
0.003116 4273
0.003117 4273
0.003118 4273
0.003119 4273
0.00312 4272
0.003121 4272
0.003122 4273
0.003123 4273
0.003124 4273
0.003125 4272
0.003126 4272
0.003127 4272
0.003128 4272
0.003129 4272
0.00313 4272
0.003131 4273
0.003132 4273
0.003133 4271
0.003134 4272
0.003135 4272
0.003136 4272
0.003137 4271
0.003138 4271
0.003139 4271
0.00314 4271
0.003141 4271
0.003142 4270
0.003143 4268
0.003144 4267
0.003145 4267
0.003146 4269
0.003147 4269
0.003148 4269
0.003149 4269
0.00315 4270
0.003151 4270
0.003152 4272
0.003153 4272
0.003154 4272
0.003155 4272
0.003156 4272
0.003157 4271
0.003158 4271
0.003159 4270
0.00316 4269
0.003161 4269
0.003162 4269
0.003163 4269
0.003164 4269
0.003165 4269
0.003166 4267
0.003167 4268
0.003168 4268
0.003169 4268
0.00317 4269
0.003171 4269
0.003172 4269
0.003173 4267
0.003174 4267
0.003175 4266
0.003176 4266
0.003177 4266
0.003178 4267
0.003179 4267
0.00318 4267
0.003181 4268
0.003182 4266
0.003183 4266
0.003184 4267
0.003185 4267
0.003186 4266
0.003187 4267
0.003188 4267
0.003189 4267
0.00319 4268
0.003191 4268
0.003192 4268
0.003193 4269
0.003194 4269
0.003195 4269
0.003196 4269
0.003197 4270
0.003198 4270
0.003199 4270
0.0032 4271
0.003201 4271
0.003202 4270
0.003203 4270
0.003204 4270
0.003205 4270
0.003206 4270
0.003207 4270
0.003208 4269
0.003209 4269
0.00321 4269
0.003211 4268
0.003212 4268
0.003213 4268
0.003214 4268
0.003215 4268
0.003216 4267
0.003217 4267
0.003218 4266
0.003219 4266
0.00322 4266
0.003221 4267
0.003222 4266
0.003223 4266
0.003224 4266
0.003225 4265
0.003226 4265
0.003227 4265
0.003228 4265
0.003229 4266
0.00323 4266
0.003231 4266
0.003232 4266
0.003233 4266
0.003234 4266
0.003235 4266
0.003236 4266
0.003237 4265
0.003238 4264
0.003239 4262
0.00324 4262
0.003241 4263
0.003242 4264
0.003243 4265
0.003244 4266
0.003245 4266
0.003246 4268
0.003247 4267
0.003248 4266
0.003249 4265
0.00325 4265
0.003251 4265
0.003252 4264
0.003253 4264
0.003254 4264
0.003255 4266
0.003256 4266
0.003257 4266
0.003258 4266
0.003259 4267
0.00326 4267
0.003261 4268
0.003262 4268
0.003263 4268
0.003264 4268
0.003265 4269
0.003266 4271
0.003267 4271
0.003268 4272
0.003269 4272
0.00327 4272
0.003271 4272
0.003272 4273
0.003273 4273
0.003274 4272
0.003275 4271
0.003276 4274
0.003277 4274
0.003278 4274
0.003279 4274
0.00328 4273
0.003281 4273
0.003282 4274
0.003283 4275
0.003284 4275
0.003285 4275
0.003286 4275
0.003287 4274
0.003288 4274
0.003289 4274
0.00329 4274
0.003291 4275
0.003292 4274
0.003293 4272
0.003294 4272
0.003295 4271
0.003296 4271
0.003297 4271
0.003298 4271
0.003299 4271
0.0033 4271
0.003301 4271
0.003302 4272
0.003303 4270
0.003304 4269
0.003305 4269
0.003306 4269
0.003307 4269
0.003308 4269
0.003309 4269
0.00331 4270
0.003311 4271
0.003312 4271
0.003313 4272
0.003314 4271
0.003315 4271
0.003316 4271
0.003317 4271
0.003318 4271
0.003319 4271
0.00332 4271
0.003321 4271
0.003322 4271
0.003323 4271
0.003324 4272
0.003325 4272
0.003326 4273
0.003327 4273
0.003328 4273
0.003329 4274
0.00333 4275
0.003331 4275
0.003332 4275
0.003333 4274
0.003334 4274
0.003335 4274
0.003336 4274
0.003337 4274
0.003338 4274
0.003339 4274
0.00334 4273
0.003341 4272
0.003342 4272
0.003343 4272
0.003344 4272
0.003345 4271
0.003346 4271
0.003347 4271
0.003348 4271
0.003349 4270
0.00335 4271
0.003351 4271
0.003352 4271
0.003353 4271
0.003354 4271
0.003355 4271
0.003356 4271
0.003357 4270
0.003358 4270
0.003359 4270
0.00336 4270
0.003361 4270
0.003362 4270
0.003363 4270
0.003364 4270
0.003365 4270
0.003366 4271
0.003367 4271
0.003368 4270
0.003369 4269
0.00337 4271
0.003371 4270
0.003372 4269
0.003373 4269
0.003374 4269
0.003375 4268
0.003376 4269
0.003377 4270
0.003378 4269
0.003379 4269
0.00338 4269
0.003381 4269
0.003382 4269
0.003383 4269
0.003384 4269
0.003385 4269
0.003386 4269
0.003387 4268
0.003388 4268
0.003389 4269
0.00339 4269
0.003391 4268
0.003392 4268
0.003393 4267
0.003394 4267
0.003395 4265
0.003396 4266
0.003397 4267
0.003398 4267
0.003399 4266
0.0034 4266
0.003401 4266
0.003402 4265
0.003403 4264
0.003404 4264
0.003405 4264
0.003406 4264
0.003407 4264
0.003408 4264
0.003409 4264
0.00341 4263
0.003411 4263
0.003412 4264
0.003413 4264
0.003414 4264
0.003415 4264
0.003416 4264
0.003417 4263
0.003418 4262
0.003419 4262
0.00342 4262
0.003421 4263
0.003422 4263
0.003423 4263
0.003424 4263
0.003425 4263
0.003426 4263
0.003427 4262
0.003428 4262
0.003429 4263
0.00343 4263
0.003431 4263
0.003432 4264
0.003433 4264
0.003434 4264
0.003435 4264
0.003436 4264
0.003437 4264
0.003438 4264
0.003439 4264
0.00344 4264
0.003441 4264
0.003442 4265
0.003443 4266
0.003444 4266
0.003445 4266
0.003446 4267
0.003447 4267
0.003448 4267
0.003449 4265
0.00345 4266
0.003451 4266
0.003452 4266
0.003453 4265
0.003454 4265
0.003455 4265
0.003456 4265
0.003457 4265
0.003458 4265
0.003459 4265
0.00346 4265
0.003461 4266
0.003462 4264
0.003463 4264
0.003464 4264
0.003465 4266
0.003466 4267
0.003467 4267
0.003468 4267
0.003469 4267
0.00347 4268
0.003471 4268
0.003472 4268
0.003473 4268
0.003474 4268
0.003475 4267
0.003476 4267
0.003477 4267
0.003478 4268
0.003479 4268
0.00348 4268
0.003481 4268
0.003482 4268
0.003483 4268
0.003484 4268
0.003485 4268
0.003486 4269
0.003487 4269
0.003488 4269
0.003489 4270
0.00349 4269
0.003491 4269
0.003492 4270
0.003493 4270
0.003494 4269
0.003495 4270
0.003496 4270
0.003497 4270
0.003498 4270
0.003499 4270
0.0035 4269
0.003501 4269
0.003502 4269
0.003503 4269
0.003504 4270
0.003505 4270
0.003506 4270
0.003507 4270
0.003508 4270
0.003509 4268
0.00351 4267
0.003511 4266
0.003512 4266
0.003513 4266
0.003514 4265
0.003515 4264
0.003516 4264
0.003517 4264
0.003518 4264
0.003519 4263
0.00352 4265
0.003521 4265
0.003522 4264
0.003523 4262
0.003524 4262
0.003525 4262
0.003526 4261
0.003527 4263
0.003528 4263
0.003529 4262
0.00353 4262
0.003531 4262
0.003532 4262
0.003533 4262
0.003534 4262
0.003535 4262
0.003536 4262
0.003537 4262
0.003538 4263
0.003539 4263
0.00354 4263
0.003541 4262
0.003542 4262
0.003543 4262
0.003544 4263
0.003545 4262
0.003546 4262
0.003547 4262
0.003548 4261
0.003549 4261
0.00355 4263
0.003551 4263
0.003552 4263
0.003553 4263
0.003554 4263
0.003555 4263
0.003556 4263
0.003557 4263
0.003558 4263
0.003559 4263
0.00356 4263
0.003561 4263
0.003562 4264
0.003563 4265
0.003564 4266
0.003565 4266
0.003566 4266
0.003567 4266
0.003568 4265
0.003569 4266
0.00357 4266
0.003571 4266
0.003572 4266
0.003573 4267
0.003574 4268
0.003575 4268
0.003576 4268
0.003577 4267
0.003578 4267
0.003579 4268
0.00358 4268
0.003581 4268
0.003582 4268
0.003583 4268
0.003584 4268
0.003585 4268
0.003586 4267
0.003587 4268
0.003588 4268
0.003589 4268
0.00359 4267
0.003591 4266
0.003592 4266
0.003593 4266
0.003594 4266
0.003595 4267
0.003596 4267
0.003597 4266
0.003598 4266
0.003599 4266
0.0036 4268
0.003601 4268
0.003602 4268
0.003603 4268
0.003604 4268
0.003605 4267
0.003606 4267
0.003607 4268
0.003608 4268
0.003609 4268
0.00361 4268
0.003611 4268
0.003612 4268
0.003613 4268
0.003614 4270
0.003615 4270
0.003616 4271
0.003617 4271
0.003618 4271
0.003619 4271
0.00362 4272
0.003621 4273
0.003622 4273
0.003623 4272
0.003624 4273
0.003625 4273
0.003626 4273
0.003627 4273
0.003628 4273
0.003629 4273
0.00363 4273
0.003631 4273
0.003632 4273
0.003633 4272
0.003634 4272
0.003635 4273
0.003636 4273
0.003637 4272
0.003638 4272
0.003639 4271
0.00364 4272
0.003641 4272
0.003642 4272
0.003643 4272
0.003644 4271
0.003645 4271
0.003646 4270
0.003647 4269
0.003648 4269
0.003649 4268
0.00365 4269
0.003651 4269
0.003652 4269
0.003653 4269
0.003654 4269
0.003655 4269
0.003656 4270
0.003657 4270
0.003658 4270
0.003659 4268
0.00366 4268
0.003661 4268
0.003662 4269
0.003663 4269
0.003664 4269
0.003665 4269
0.003666 4269
0.003667 4269
0.003668 4270
0.003669 4270
0.00367 4270
0.003671 4271
0.003672 4271
0.003673 4271
0.003674 4269
0.003675 4269
0.003676 4267
0.003677 4267
0.003678 4267
0.003679 4266
0.00368 4265
0.003681 4265
0.003682 4264
0.003683 4265
0.003684 4265
0.003685 4265
0.003686 4264
0.003687 4263
0.003688 4265
0.003689 4265
0.00369 4265
0.003691 4268
0.003692 4268
0.003693 4268
0.003694 4268
0.003695 4269
0.003696 4270
0.003697 4270
0.003698 4270
0.003699 4270
0.0037 4270
0.003701 4270
0.003702 4269
0.003703 4269
0.003704 4269
0.003705 4269
0.003706 4269
0.003707 4269
0.003708 4269
0.003709 4271
0.00371 4270
0.003711 4270
0.003712 4271
0.003713 4272
0.003714 4272
0.003715 4272
0.003716 4271
0.003717 4270
0.003718 4270
0.003719 4270
0.00372 4270
0.003721 4270
0.003722 4269
0.003723 4268
0.003724 4268
0.003725 4268
0.003726 4267
0.003727 4267
0.003728 4268
0.003729 4269
0.00373 4269
0.003731 4269
0.003732 4269
0.003733 4269
0.003734 4270
0.003735 4270
0.003736 4269
0.003737 4269
0.003738 4269
0.003739 4269
0.00374 4269
0.003741 4269
0.003742 4268
0.003743 4268
0.003744 4268
0.003745 4267
0.003746 4267
0.003747 4269
0.003748 4269
0.003749 4268
0.00375 4267
0.003751 4267
0.003752 4267
0.003753 4267
0.003754 4269
0.003755 4269
0.003756 4269
0.003757 4269
0.003758 4270
0.003759 4270
0.00376 4269
0.003761 4270
0.003762 4270
0.003763 4270
0.003764 4271
0.003765 4270
0.003766 4270
0.003767 4270
0.003768 4270
0.003769 4270
0.00377 4270
0.003771 4270
0.003772 4271
0.003773 4270
0.003774 4270
0.003775 4269
0.003776 4270
0.003777 4270
0.003778 4270
0.003779 4270
0.00378 4270
0.003781 4270
0.003782 4270
0.003783 4269
0.003784 4270
0.003785 4270
0.003786 4272
0.003787 4273
0.003788 4273
0.003789 4273
0.00379 4272
0.003791 4271
0.003792 4271
0.003793 4271
0.003794 4270
0.003795 4270
0.003796 4269
0.003797 4269
0.003798 4269
0.003799 4269
0.0038 4270
0.003801 4270
0.003802 4270
0.003803 4269
0.003804 4269
0.003805 4269
0.003806 4268
0.003807 4268
0.003808 4267
0.003809 4267
0.00381 4267
0.003811 4267
0.003812 4267
0.003813 4267
0.003814 4266
0.003815 4266
0.003816 4266
0.003817 4266
0.003818 4265
0.003819 4265
0.00382 4265
0.003821 4265
0.003822 4266
0.003823 4266
0.003824 4267
0.003825 4268
0.003826 4268
0.003827 4268
0.003828 4268
0.003829 4268
0.00383 4268
0.003831 4268
0.003832 4268
0.003833 4268
0.003834 4267
0.003835 4267
0.003836 4268
0.003837 4268
0.003838 4268
0.003839 4268
0.00384 4269
0.003841 4269
0.003842 4269
0.003843 4269
0.003844 4268
0.003845 4268
0.003846 4268
0.003847 4268
0.003848 4268
0.003849 4268
0.00385 4268
0.003851 4268
0.003852 4268
0.003853 4269
0.003854 4269
0.003855 4269
0.003856 4269
0.003857 4269
0.003858 4268
0.003859 4267
0.00386 4267
0.003861 4267
0.003862 4267
0.003863 4268
0.003864 4268
0.003865 4268
0.003866 4268
0.003867 4267
0.003868 4267
0.003869 4266
0.00387 4266
0.003871 4266
0.003872 4266
0.003873 4266
0.003874 4266
0.003875 4266
0.003876 4267
0.003877 4267
0.003878 4267
0.003879 4267
0.00388 4267
0.003881 4267
0.003882 4268
0.003883 4268
0.003884 4268
0.003885 4268
0.003886 4268
0.003887 4268
0.003888 4268
0.003889 4268
0.00389 4268
0.003891 4268
0.003892 4268
0.003893 4268
0.003894 4269
0.003895 4269
0.003896 4269
0.003897 4269
0.003898 4269
0.003899 4269
0.0039 4269
0.003901 4268
0.003902 4268
0.003903 4267
0.003904 4267
0.003905 4267
0.003906 4267
0.003907 4267
0.003908 4268
0.003909 4269
0.00391 4269
0.003911 4269
0.003912 4268
0.003913 4268
0.003914 4268
0.003915 4267
0.003916 4267
0.003917 4267
0.003918 4267
0.003919 4267
0.00392 4267
0.003921 4265
0.003922 4265
0.003923 4265
0.003924 4265
0.003925 4264
0.003926 4264
0.003927 4265
0.003928 4265
0.003929 4265
0.00393 4265
0.003931 4265
0.003932 4264
0.003933 4264
0.003934 4264
0.003935 4264
0.003936 4264
0.003937 4263
0.003938 4263
0.003939 4261
0.00394 4261
0.003941 4261
0.003942 4262
0.003943 4262
0.003944 4261
0.003945 4261
0.003946 4261
0.003947 4261
0.003948 4259
0.003949 4259
0.00395 4259
0.003951 4259
0.003952 4258
0.003953 4258
0.003954 4259
0.003955 4260
0.003956 4258
0.003957 4258
0.003958 4258
0.003959 4258
0.00396 4257
0.003961 4257
0.003962 4257
0.003963 4258
0.003964 4258
0.003965 4258
0.003966 4257
0.003967 4257
0.003968 4256
0.003969 4256
0.00397 4256
0.003971 4256
0.003972 4256
0.003973 4256
0.003974 4258
0.003975 4258
0.003976 4258
0.003977 4258
0.003978 4258
0.003979 4258
0.00398 4258
0.003981 4258
0.003982 4258
0.003983 4258
0.003984 4258
0.003985 4258
0.003986 4258
0.003987 4257
0.003988 4256
0.003989 4256
0.00399 4256
0.003991 4256
0.003992 4256
0.003993 4256
0.003994 4256
0.003995 4256
0.003996 4256
0.003997 4257
0.003998 4257
0.003999 4258
0.004 4258
0.004001 4258
0.004002 4260
0.004003 4260
0.004004 4260
0.004005 4261
0.004006 4262
0.004007 4262
0.004008 4262
0.004009 4262
0.00401 4262
0.004011 4262
0.004012 4262
0.004013 4262
0.004014 4262
0.004015 4262
0.004016 4263
0.004017 4263
0.004018 4263
0.004019 4262
0.00402 4263
0.004021 4263
0.004022 4262
0.004023 4262
0.004024 4263
0.004025 4263
0.004026 4263
0.004027 4263
0.004028 4262
0.004029 4261
0.00403 4261
0.004031 4260
0.004032 4259
0.004033 4259
0.004034 4258
0.004035 4258
0.004036 4260
0.004037 4260
0.004038 4261
0.004039 4261
0.00404 4261
0.004041 4260
0.004042 4259
0.004043 4260
0.004044 4260
0.004045 4260
0.004046 4260
0.004047 4260
0.004048 4260
0.004049 4261
0.00405 4260
0.004051 4260
0.004052 4259
0.004053 4259
0.004054 4259
0.004055 4259
0.004056 4258
0.004057 4258
0.004058 4259
0.004059 4259
0.00406 4259
0.004061 4259
0.004062 4259
0.004063 4259
0.004064 4258
0.004065 4258
0.004066 4258
0.004067 4258
0.004068 4258
0.004069 4258
0.00407 4260
0.004071 4260
0.004072 4260
0.004073 4260
0.004074 4260
0.004075 4261
0.004076 4261
0.004077 4262
0.004078 4262
0.004079 4263
0.00408 4263
0.004081 4263
0.004082 4263
0.004083 4263
0.004084 4263
0.004085 4264
0.004086 4263
0.004087 4263
0.004088 4263
0.004089 4263
0.00409 4262
0.004091 4262
0.004092 4261
0.004093 4261
0.004094 4261
0.004095 4261
0.004096 4263
0.004097 4263
0.004098 4263
0.004099 4263
0.0041 4262
0.004101 4262
0.004102 4263
0.004103 4264
0.004104 4264
0.004105 4264
0.004106 4262
0.004107 4262
0.004108 4262
0.004109 4263
0.00411 4263
0.004111 4263
0.004112 4264
0.004113 4265
0.004114 4265
0.004115 4265
0.004116 4265
0.004117 4265
0.004118 4266
0.004119 4266
0.00412 4267
0.004121 4267
0.004122 4266
0.004123 4266
0.004124 4266
0.004125 4266
0.004126 4266
0.004127 4265
0.004128 4266
0.004129 4266
0.00413 4266
0.004131 4266
0.004132 4266
0.004133 4266
0.004134 4266
0.004135 4266
0.004136 4266
0.004137 4267
0.004138 4267
0.004139 4267
0.00414 4267
0.004141 4267
0.004142 4268
0.004143 4268
0.004144 4268
0.004145 4268
0.004146 4268
0.004147 4268
0.004148 4268
0.004149 4269
0.00415 4269
0.004151 4269
0.004152 4269
0.004153 4269
0.004154 4269
0.004155 4269
0.004156 4269
0.004157 4269
0.004158 4269
0.004159 4269
0.00416 4269
0.004161 4269
0.004162 4270
0.004163 4270
0.004164 4270
0.004165 4270
0.004166 4271
0.004167 4272
0.004168 4272
0.004169 4273
0.00417 4272
0.004171 4271
0.004172 4271
0.004173 4271
0.004174 4271
0.004175 4272
0.004176 4273
0.004177 4273
0.004178 4273
0.004179 4273
0.00418 4272
0.004181 4273
0.004182 4273
0.004183 4273
0.004184 4273
0.004185 4274
0.004186 4275
0.004187 4273
0.004188 4273
0.004189 4273
0.00419 4272
0.004191 4273
0.004192 4270
0.004193 4270
0.004194 4270
0.004195 4271
0.004196 4270
0.004197 4270
0.004198 4271
0.004199 4270
0.0042 4269
0.004201 4269
0.004202 4269
0.004203 4268
0.004204 4269
0.004205 4268
0.004206 4268
0.004207 4267
0.004208 4267
0.004209 4267
0.00421 4267
0.004211 4268
0.004212 4268
0.004213 4268
0.004214 4267
0.004215 4267
0.004216 4267
0.004217 4267
0.004218 4266
0.004219 4266
0.00422 4266
0.004221 4266
0.004222 4266
0.004223 4266
0.004224 4267
0.004225 4268
0.004226 4268
0.004227 4267
0.004228 4267
0.004229 4267
0.00423 4267
0.004231 4267
0.004232 4266
0.004233 4266
0.004234 4264
0.004235 4264
0.004236 4264
0.004237 4264
0.004238 4264
0.004239 4264
0.00424 4264
0.004241 4263
0.004242 4263
0.004243 4263
0.004244 4263
0.004245 4263
0.004246 4263
0.004247 4263
0.004248 4263
0.004249 4263
0.00425 4263
0.004251 4263
0.004252 4263
0.004253 4263
0.004254 4263
0.004255 4264
0.004256 4265
0.004257 4264
0.004258 4264
0.004259 4264
0.00426 4264
0.004261 4264
0.004262 4264
0.004263 4263
0.004264 4263
0.004265 4263
0.004266 4263
0.004267 4264
0.004268 4265
0.004269 4266
0.00427 4266
0.004271 4266
0.004272 4266
0.004273 4266
0.004274 4265
0.004275 4263
0.004276 4263
0.004277 4263
0.004278 4263
0.004279 4264
0.00428 4265
0.004281 4265
0.004282 4265
0.004283 4265
0.004284 4264
0.004285 4265
0.004286 4267
0.004287 4267
0.004288 4267
0.004289 4267
0.00429 4267
0.004291 4267
0.004292 4270
0.004293 4270
0.004294 4270
0.004295 4269
0.004296 4268
0.004297 4268
0.004298 4267
0.004299 4266
0.0043 4266
0.004301 4266
0.004302 4266
0.004303 4266
0.004304 4267
0.004305 4267
0.004306 4268
0.004307 4268
0.004308 4268
0.004309 4268
0.00431 4268
0.004311 4268
0.004312 4268
0.004313 4269
0.004314 4269
0.004315 4269
0.004316 4269
0.004317 4269
0.004318 4269
0.004319 4268
0.00432 4268
0.004321 4268
0.004322 4268
0.004323 4268
0.004324 4268
0.004325 4268
0.004326 4267
0.004327 4268
0.004328 4269
0.004329 4269
0.00433 4269
0.004331 4272
0.004332 4273
0.004333 4273
0.004334 4273
0.004335 4273
0.004336 4273
0.004337 4273
0.004338 4272
0.004339 4272
0.00434 4272
0.004341 4272
0.004342 4272
0.004343 4272
0.004344 4272
0.004345 4272
0.004346 4273
0.004347 4273
0.004348 4273
0.004349 4273
0.00435 4272
0.004351 4272
0.004352 4272
0.004353 4273
0.004354 4272
0.004355 4272
0.004356 4271
0.004357 4271
0.004358 4271
0.004359 4271
0.00436 4273
0.004361 4272
0.004362 4273
0.004363 4272
0.004364 4272
0.004365 4272
0.004366 4272
0.004367 4272
0.004368 4272
0.004369 4273
0.00437 4273
0.004371 4273
0.004372 4272
0.004373 4272
0.004374 4271
0.004375 4271
0.004376 4272
0.004377 4272
0.004378 4272
0.004379 4272
0.00438 4272
0.004381 4272
0.004382 4273
0.004383 4273
0.004384 4272
0.004385 4273
0.004386 4272
0.004387 4272
0.004388 4270
0.004389 4270
0.00439 4269
0.004391 4269
0.004392 4270
0.004393 4270
0.004394 4271
0.004395 4272
0.004396 4272
0.004397 4272
0.004398 4272
0.004399 4273
0.0044 4273
0.004401 4273
0.004402 4274
0.004403 4274
0.004404 4274
0.004405 4274
0.004406 4274
0.004407 4274
0.004408 4274
0.004409 4274
0.00441 4274
0.004411 4273
0.004412 4273
0.004413 4272
0.004414 4271
0.004415 4272
0.004416 4271
0.004417 4272
0.004418 4272
0.004419 4272
0.00442 4272
0.004421 4272
0.004422 4272
0.004423 4271
0.004424 4272
0.004425 4272
0.004426 4271
0.004427 4272
0.004428 4271
0.004429 4271
0.00443 4271
0.004431 4271
0.004432 4271
0.004433 4270
0.004434 4270
0.004435 4270
0.004436 4270
0.004437 4270
0.004438 4269
0.004439 4269
0.00444 4269
0.004441 4268
0.004442 4268
0.004443 4268
0.004444 4269
0.004445 4269
0.004446 4270
0.004447 4268
0.004448 4268
0.004449 4269
0.00445 4269
0.004451 4269
0.004452 4269
0.004453 4269
0.004454 4269
0.004455 4269
0.004456 4269
0.004457 4269
0.004458 4269
0.004459 4269
0.00446 4270
0.004461 4270
0.004462 4270
0.004463 4270
0.004464 4271
0.004465 4271
0.004466 4271
0.004467 4271
0.004468 4271
0.004469 4271
0.00447 4273
0.004471 4274
0.004472 4274
0.004473 4274
0.004474 4274
0.004475 4274
0.004476 4274
0.004477 4274
0.004478 4273
0.004479 4271
0.00448 4271
0.004481 4271
0.004482 4271
0.004483 4271
0.004484 4272
0.004485 4271
0.004486 4269
0.004487 4268
0.004488 4268
0.004489 4268
0.00449 4268
0.004491 4268
0.004492 4268
0.004493 4268
0.004494 4266
0.004495 4266
0.004496 4265
0.004497 4266
0.004498 4267
0.004499 4268
0.0045 4268
0.004501 4268
0.004502 4268
0.004503 4268
0.004504 4268
0.004505 4267
0.004506 4267
0.004507 4268
0.004508 4270
0.004509 4270
0.00451 4270
0.004511 4270
0.004512 4269
0.004513 4269
0.004514 4269
0.004515 4270
0.004516 4270
0.004517 4270
0.004518 4270
0.004519 4270
0.00452 4270
0.004521 4270
0.004522 4271
0.004523 4270
0.004524 4270
0.004525 4270
0.004526 4270
0.004527 4270
0.004528 4270
0.004529 4270
0.00453 4272
0.004531 4272
0.004532 4272
0.004533 4272
0.004534 4271
0.004535 4271
0.004536 4271
0.004537 4272
0.004538 4273
0.004539 4273
0.00454 4273
0.004541 4273
0.004542 4273
0.004543 4273
0.004544 4273
0.004545 4273
0.004546 4273
0.004547 4274
0.004548 4274
0.004549 4274
0.00455 4273
0.004551 4274
0.004552 4274
0.004553 4274
0.004554 4274
0.004555 4274
0.004556 4274
0.004557 4274
0.004558 4274
0.004559 4274
0.00456 4274
0.004561 4274
0.004562 4273
0.004563 4273
0.004564 4273
0.004565 4274
0.004566 4275
0.004567 4274
0.004568 4274
0.004569 4273
0.00457 4273
0.004571 4273
0.004572 4273
0.004573 4273
0.004574 4273
0.004575 4272
0.004576 4273
0.004577 4273
0.004578 4273
0.004579 4273
0.00458 4273
0.004581 4272
0.004582 4272
0.004583 4272
0.004584 4272
0.004585 4271
0.004586 4270
0.004587 4270
0.004588 4271
0.004589 4271
0.00459 4271
0.004591 4270
0.004592 4270
0.004593 4270
0.004594 4270
0.004595 4270
0.004596 4272
0.004597 4271
0.004598 4271
0.004599 4270
0.0046 4270
0.004601 4270
0.004602 4270
0.004603 4269
0.004604 4269
0.004605 4267
0.004606 4267
0.004607 4267
0.004608 4266
0.004609 4266
0.00461 4266
0.004611 4266
0.004612 4267
0.004613 4267
0.004614 4268
0.004615 4268
0.004616 4267
0.004617 4267
0.004618 4267
0.004619 4267
0.00462 4267
0.004621 4267
0.004622 4265
0.004623 4264
0.004624 4265
0.004625 4265
0.004626 4265
0.004627 4265
0.004628 4266
0.004629 4266
0.00463 4266
0.004631 4266
0.004632 4265
0.004633 4265
0.004634 4265
0.004635 4265
0.004636 4265
0.004637 4265
0.004638 4265
0.004639 4265
0.00464 4267
0.004641 4266
0.004642 4265
0.004643 4265
0.004644 4266
0.004645 4266
0.004646 4266
0.004647 4267
0.004648 4267
0.004649 4267
0.00465 4267
0.004651 4267
0.004652 4267
0.004653 4267
0.004654 4267
0.004655 4267
0.004656 4267
0.004657 4267
0.004658 4267
0.004659 4268
0.00466 4268
0.004661 4269
0.004662 4269
0.004663 4269
0.004664 4269
0.004665 4268
0.004666 4267
0.004667 4267
0.004668 4267
0.004669 4267
0.00467 4267
0.004671 4267
0.004672 4267
0.004673 4267
0.004674 4268
0.004675 4268
0.004676 4269
0.004677 4270
0.004678 4270
0.004679 4270
0.00468 4271
0.004681 4271
0.004682 4271
0.004683 4271
0.004684 4271
0.004685 4271
0.004686 4272
0.004687 4272
0.004688 4272
0.004689 4272
0.00469 4272
0.004691 4272
0.004692 4272
0.004693 4273
0.004694 4274
0.004695 4274
0.004696 4273
0.004697 4274
0.004698 4274
0.004699 4274
0.0047 4274
0.004701 4274
0.004702 4275
0.004703 4275
0.004704 4274
0.004705 4274
0.004706 4275
0.004707 4275
0.004708 4275
0.004709 4275
0.00471 4275
0.004711 4275
0.004712 4275
0.004713 4275
0.004714 4275
0.004715 4274
0.004716 4275
0.004717 4276
0.004718 4276
0.004719 4277
0.00472 4279
0.004721 4279
0.004722 4279
0.004723 4279
0.004724 4279
0.004725 4279
0.004726 4279
0.004727 4278
0.004728 4278
0.004729 4278
0.00473 4278
0.004731 4278
0.004732 4279
0.004733 4278
0.004734 4278
0.004735 4277
0.004736 4277
0.004737 4277
0.004738 4277
0.004739 4276
0.00474 4276
0.004741 4276
0.004742 4276
0.004743 4276
0.004744 4276
0.004745 4276
0.004746 4275
0.004747 4274
0.004748 4274
0.004749 4274
0.00475 4274
0.004751 4274
0.004752 4274
0.004753 4275
0.004754 4275
0.004755 4275
0.004756 4275
0.004757 4274
0.004758 4274
0.004759 4274
0.00476 4274
0.004761 4274
0.004762 4273
0.004763 4273
0.004764 4273
0.004765 4273
0.004766 4273
0.004767 4274
0.004768 4275
0.004769 4276
0.00477 4276
0.004771 4276
0.004772 4277
0.004773 4278
0.004774 4276
0.004775 4275
0.004776 4275
0.004777 4274
0.004778 4275
0.004779 4276
0.00478 4276
0.004781 4275
0.004782 4275
0.004783 4275
0.004784 4275
0.004785 4275
0.004786 4275
0.004787 4275
0.004788 4276
0.004789 4275
0.00479 4275
0.004791 4274
0.004792 4274
0.004793 4274
0.004794 4274
0.004795 4275
0.004796 4275
0.004797 4275
0.004798 4276
0.004799 4277
0.0048 4277
0.004801 4276
0.004802 4276
0.004803 4276
0.004804 4277
0.004805 4277
0.004806 4277
0.004807 4277
0.004808 4277
0.004809 4278
0.00481 4278
0.004811 4279
0.004812 4278
0.004813 4279
0.004814 4279
0.004815 4279
0.004816 4280
0.004817 4278
0.004818 4278
0.004819 4278
0.00482 4276
0.004821 4276
0.004822 4277
0.004823 4277
0.004824 4277
0.004825 4277
0.004826 4277
0.004827 4277
0.004828 4277
0.004829 4277
0.00483 4277
0.004831 4276
0.004832 4276
0.004833 4276
0.004834 4276
0.004835 4277
0.004836 4278
0.004837 4279
0.004838 4279
0.004839 4280
0.00484 4280
0.004841 4280
0.004842 4280
0.004843 4280
0.004844 4280
0.004845 4280
0.004846 4279
0.004847 4279
0.004848 4279
0.004849 4278
0.00485 4278
0.004851 4278
0.004852 4277
0.004853 4278
0.004854 4278
0.004855 4277
0.004856 4276
0.004857 4276
0.004858 4276
0.004859 4276
0.00486 4276
0.004861 4276
0.004862 4275
0.004863 4274
0.004864 4275
0.004865 4275
0.004866 4275
0.004867 4274
0.004868 4274
0.004869 4274
0.00487 4274
0.004871 4272
0.004872 4270
0.004873 4271
0.004874 4271
0.004875 4271
0.004876 4272
0.004877 4272
0.004878 4272
0.004879 4272
0.00488 4272
0.004881 4272
0.004882 4271
0.004883 4271
0.004884 4272
0.004885 4273
0.004886 4273
0.004887 4273
0.004888 4273
0.004889 4274
0.00489 4274
0.004891 4274
0.004892 4273
0.004893 4272
0.004894 4272
0.004895 4272
0.004896 4273
0.004897 4274
0.004898 4274
0.004899 4274
0.0049 4274
0.004901 4275
0.004902 4274
0.004903 4273
0.004904 4273
0.004905 4271
0.004906 4271
0.004907 4270
0.004908 4269
0.004909 4269
0.00491 4269
0.004911 4266
0.004912 4267
0.004913 4267
0.004914 4267
0.004915 4269
0.004916 4269
0.004917 4269
0.004918 4269
0.004919 4269
0.00492 4269
0.004921 4269
0.004922 4269
0.004923 4269
0.004924 4269
0.004925 4269
0.004926 4268
0.004927 4267
0.004928 4267
0.004929 4266
0.00493 4267
0.004931 4267
0.004932 4267
0.004933 4267
0.004934 4267
0.004935 4267
0.004936 4268
0.004937 4267
0.004938 4268
0.004939 4268
0.00494 4268
0.004941 4267
0.004942 4267
0.004943 4267
0.004944 4267
0.004945 4266
0.004946 4266
0.004947 4266
0.004948 4265
0.004949 4265
0.00495 4263
0.004951 4262
0.004952 4262
0.004953 4263
0.004954 4262
0.004955 4262
0.004956 4261
0.004957 4260
0.004958 4260
0.004959 4260
0.00496 4260
0.004961 4260
0.004962 4260
0.004963 4260
0.004964 4260
0.004965 4262
0.004966 4261
0.004967 4263
0.004968 4263
0.004969 4263
0.00497 4263
0.004971 4263
0.004972 4263
0.004973 4264
0.004974 4265
0.004975 4265
0.004976 4265
0.004977 4266
0.004978 4267
0.004979 4267
0.00498 4267
0.004981 4267
0.004982 4266
0.004983 4266
0.004984 4266
0.004985 4266
0.004986 4266
0.004987 4265
0.004988 4265
0.004989 4266
0.00499 4266
0.004991 4267
0.004992 4267
0.004993 4268
0.004994 4267
0.004995 4267
0.004996 4267
0.004997 4266
0.004998 4266
0.004999 4266
0.005 4266
