0 6802
1e-06 6789
2e-06 6770
3e-06 6756
4e-06 6744
5e-06 6723
6e-06 6708
7e-06 6694
8e-06 6677
9e-06 6661
1e-05 6644
1.1e-05 6630
1.2e-05 6605
1.3e-05 6594
1.4e-05 6577
1.5e-05 6562
1.6e-05 6552
1.7e-05 6542
1.8e-05 6533
1.9e-05 6522
2e-05 6508
2.1e-05 6499
2.2e-05 6492
2.3e-05 6482
2.4e-05 6471
2.5e-05 6454
2.6e-05 6438
2.7e-05 6427
2.8e-05 6413
2.9e-05 6406
3e-05 6388
3.1e-05 6373
3.2e-05 6360
3.3e-05 6349
3.4e-05 6332
3.5e-05 6321
3.6e-05 6306
3.7e-05 6295
3.8e-05 6285
3.9e-05 6271
4e-05 6266
4.1e-05 6262
4.2e-05 6257
4.3e-05 6245
4.4e-05 6235
4.5e-05 6228
4.6e-05 6217
4.7e-05 6206
4.8e-05 6200
4.9e-05 6189
5e-05 6179
5.1e-05 6172
5.2e-05 6165
5.3e-05 6157
5.4e-05 6150
5.5e-05 6141
5.6e-05 6132
5.7e-05 6121
5.8e-05 6111
5.9e-05 6104
6e-05 6097
6.1e-05 6090
6.2e-05 6084
6.3e-05 6078
6.4e-05 6064
6.5e-05 6056
6.6e-05 6045
6.7e-05 6037
6.8e-05 6028
6.9e-05 6018
7e-05 6005
7.1e-05 5999
7.2e-05 5994
7.3e-05 5987
7.4e-05 5981
7.5e-05 5974
7.6e-05 5970
7.7e-05 5960
7.8e-05 5954
7.9e-05 5948
8e-05 5934
8.1e-05 5927
8.2e-05 5919
8.3e-05 5905
8.4e-05 5900
8.5e-05 5890
8.6e-05 5885
8.7e-05 5880
8.8e-05 5874
8.9e-05 5870
9e-05 5865
9.1e-05 5858
9.2e-05 5853
9.3e-05 5843
9.4e-05 5834
9.5e-05 5827
9.6e-05 5821
9.7e-05 5815
9.8e-05 5808
9.9e-05 5802
0.0001 5795
0.000101 5787
0.000102 5779
0.000103 5775
0.000104 5769
0.000105 5764
0.000106 5763
0.000107 5759
0.000108 5757
0.000109 5751
0.00011 5743
0.000111 5737
0.000112 5734
0.000113 5721
0.000114 5717
0.000115 5714
0.000116 5706
0.000117 5700
0.000118 5692
0.000119 5683
0.00012 5677
0.000121 5674
0.000122 5668
0.000123 5660
0.000124 5655
0.000125 5649
0.000126 5639
0.000127 5637
0.000128 5632
0.000129 5629
0.00013 5624
0.000131 5620
0.000132 5617
0.000133 5610
0.000134 5602
0.000135 5599
0.000136 5595
0.000137 5589
0.000138 5585
0.000139 5583
0.00014 5581
0.000141 5577
0.000142 5571
0.000143 5567
0.000144 5563
0.000145 5559
0.000146 5557
0.000147 5554
0.000148 5549
0.000149 5546
0.00015 5545
0.000151 5537
0.000152 5531
0.000153 5528
0.000154 5523
0.000155 5519
0.000156 5514
0.000157 5509
0.000158 5502
0.000159 5500
0.00016 5492
0.000161 5488
0.000162 5485
0.000163 5480
0.000164 5477
0.000165 5469
0.000166 5466
0.000167 5462
0.000168 5457
0.000169 5453
0.00017 5448
0.000171 5440
0.000172 5437
0.000173 5436
0.000174 5434
0.000175 5429
0.000176 5430
0.000177 5427
0.000178 5425
0.000179 5424
0.00018 5424
0.000181 5423
0.000182 5420
0.000183 5418
0.000184 5416
0.000185 5414
0.000186 5407
0.000187 5400
0.000188 5399
0.000189 5397
0.00019 5396
0.000191 5393
0.000192 5390
0.000193 5386
0.000194 5380
0.000195 5376
0.000196 5375
0.000197 5373
0.000198 5368
0.000199 5363
0.0002 5359
0.000201 5356
0.000202 5355
0.000203 5352
0.000204 5350
0.000205 5350
0.000206 5343
0.000207 5340
0.000208 5337
0.000209 5335
0.00021 5333
0.000211 5330
0.000212 5329
0.000213 5328
0.000214 5325
0.000215 5317
0.000216 5316
0.000217 5313
0.000218 5311
0.000219 5307
0.00022 5306
0.000221 5304
0.000222 5303
0.000223 5302
0.000224 5300
0.000225 5299
0.000226 5295
0.000227 5293
0.000228 5290
0.000229 5289
0.00023 5285
0.000231 5284
0.000232 5283
0.000233 5282
0.000234 5280
0.000235 5278
0.000236 5275
0.000237 5272
0.000238 5267
0.000239 5266
0.00024 5263
0.000241 5264
0.000242 5263
0.000243 5262
0.000244 5257
0.000245 5256
0.000246 5254
0.000247 5251
0.000248 5251
0.000249 5248
0.00025 5244
0.000251 5243
0.000252 5242
0.000253 5238
0.000254 5234
0.000255 5232
0.000256 5230
0.000257 5228
0.000258 5227
0.000259 5225
0.00026 5225
0.000261 5221
0.000262 5216
0.000263 5214
0.000264 5212
0.000265 5212
0.000266 5210
0.000267 5207
0.000268 5205
0.000269 5201
0.00027 5201
0.000271 5199
0.000272 5196
0.000273 5192
0.000274 5189
0.000275 5188
0.000276 5185
0.000277 5183
0.000278 5181
0.000279 5178
0.00028 5176
0.000281 5174
0.000282 5168
0.000283 5168
0.000284 5167
0.000285 5166
0.000286 5166
0.000287 5165
0.000288 5162
0.000289 5161
0.00029 5161
0.000291 5157
0.000292 5153
0.000293 5149
0.000294 5146
0.000295 5142
0.000296 5139
0.000297 5137
0.000298 5135
0.000299 5133
0.0003 5131
0.000301 5131
0.000302 5127
0.000303 5127
0.000304 5128
0.000305 5126
0.000306 5125
0.000307 5120
0.000308 5118
0.000309 5118
0.00031 5116
0.000311 5116
0.000312 5115
0.000313 5112
0.000314 5109
0.000315 5107
0.000316 5104
0.000317 5103
0.000318 5099
0.000319 5098
0.00032 5095
0.000321 5095
0.000322 5092
0.000323 5090
0.000324 5089
0.000325 5088
0.000326 5087
0.000327 5086
0.000328 5085
0.000329 5084
0.00033 5084
0.000331 5084
0.000332 5085
0.000333 5085
0.000334 5086
0.000335 5087
0.000336 5085
0.000337 5084
0.000338 5082
0.000339 5079
0.00034 5078
0.000341 5076
0.000342 5074
0.000343 5073
0.000344 5070
0.000345 5070
0.000346 5069
0.000347 5068
0.000348 5067
0.000349 5067
0.00035 5067
0.000351 5067
0.000352 5067
0.000353 5066
0.000354 5064
0.000355 5060
0.000356 5060
0.000357 5060
0.000358 5059
0.000359 5059
0.00036 5058
0.000361 5057
0.000362 5055
0.000363 5053
0.000364 5052
0.000365 5051
0.000366 5051
0.000367 5051
0.000368 5046
0.000369 5043
0.00037 5042
0.000371 5042
0.000372 5042
0.000373 5042
0.000374 5041
0.000375 5040
0.000376 5040
0.000377 5040
0.000378 5040
0.000379 5039
0.00038 5039
0.000381 5035
0.000382 5034
0.000383 5033
0.000384 5032
0.000385 5027
0.000386 5026
0.000387 5024
0.000388 5023
0.000389 5021
0.00039 5020
0.000391 5018
0.000392 5017
0.000393 5014
0.000394 5013
0.000395 5013
0.000396 5013
0.000397 5012
0.000398 5008
0.000399 5006
0.0004 5004
0.000401 5003
0.000402 5001
0.000403 4999
0.000404 4999
0.000405 4997
0.000406 4995
0.000407 4995
0.000408 4992
0.000409 4992
0.00041 4991
0.000411 4990
0.000412 4988
0.000413 4986
0.000414 4985
0.000415 4984
0.000416 4983
0.000417 4982
0.000418 4981
0.000419 4980
0.00042 4978
0.000421 4978
0.000422 4977
0.000423 4977
0.000424 4977
0.000425 4977
0.000426 4976
0.000427 4977
0.000428 4977
0.000429 4976
0.00043 4975
0.000431 4975
0.000432 4975
0.000433 4974
0.000434 4973
0.000435 4972
0.000436 4972
0.000437 4971
0.000438 4971
0.000439 4971
0.00044 4972
0.000441 4972
0.000442 4972
0.000443 4972
0.000444 4972
0.000445 4971
0.000446 4969
0.000447 4969
0.000448 4968
0.000449 4967
0.00045 4966
0.000451 4965
0.000452 4965
0.000453 4965
0.000454 4965
0.000455 4964
0.000456 4963
0.000457 4961
0.000458 4960
0.000459 4960
0.00046 4961
0.000461 4960
0.000462 4956
0.000463 4955
0.000464 4953
0.000465 4952
0.000466 4953
0.000467 4954
0.000468 4953
0.000469 4953
0.00047 4952
0.000471 4952
0.000472 4950
0.000473 4950
0.000474 4949
0.000475 4947
0.000476 4947
0.000477 4947
0.000478 4947
0.000479 4947
0.00048 4947
0.000481 4946
0.000482 4946
0.000483 4946
0.000484 4945
0.000485 4944
0.000486 4943
0.000487 4943
0.000488 4942
0.000489 4942
0.00049 4942
0.000491 4941
0.000492 4943
0.000493 4943
0.000494 4943
0.000495 4942
0.000496 4942
0.000497 4941
0.000498 4941
0.000499 4942
0.0005 4940
0.000501 4940
0.000502 4940
0.000503 4937
0.000504 4938
0.000505 4937
0.000506 4937
0.000507 4935
0.000508 4935
0.000509 4934
0.00051 4934
0.000511 4934
0.000512 4933
0.000513 4934
0.000514 4933
0.000515 4932
0.000516 4931
0.000517 4931
0.000518 4932
0.000519 4932
0.00052 4930
0.000521 4930
0.000522 4931
0.000523 4931
0.000524 4931
0.000525 4931
0.000526 4931
0.000527 4932
0.000528 4928
0.000529 4928
0.00053 4928
0.000531 4927
0.000532 4926
0.000533 4926
0.000534 4926
0.000535 4926
0.000536 4926
0.000537 4927
0.000538 4927
0.000539 4925
0.00054 4925
0.000541 4924
0.000542 4922
0.000543 4921
0.000544 4922
0.000545 4922
0.000546 4920
0.000547 4920
0.000548 4920
0.000549 4920
0.00055 4920
0.000551 4920
0.000552 4920
0.000553 4920
0.000554 4920
0.000555 4919
0.000556 4919
0.000557 4918
0.000558 4917
0.000559 4916
0.00056 4916
0.000561 4916
0.000562 4916
0.000563 4916
0.000564 4916
0.000565 4915
0.000566 4913
0.000567 4913
0.000568 4912
0.000569 4912
0.00057 4911
0.000571 4912
0.000572 4912
0.000573 4912
0.000574 4912
0.000575 4911
0.000576 4910
0.000577 4910
0.000578 4908
0.000579 4909
0.00058 4909
0.000581 4910
0.000582 4910
0.000583 4910
0.000584 4909
0.000585 4909
0.000586 4908
0.000587 4908
0.000588 4908
0.000589 4909
0.00059 4909
0.000591 4909
0.000592 4908
0.000593 4907
0.000594 4907
0.000595 4906
0.000596 4906
0.000597 4906
0.000598 4906
0.000599 4905
0.0006 4904
0.000601 4903
0.000602 4903
0.000603 4902
0.000604 4902
0.000605 4902
0.000606 4902
0.000607 4903
0.000608 4903
0.000609 4903
0.00061 4903
0.000611 4903
0.000612 4903
0.000613 4903
0.000614 4903
0.000615 4904
0.000616 4904
0.000617 4904
0.000618 4903
0.000619 4903
0.00062 4903
0.000621 4903
0.000622 4903
0.000623 4903
0.000624 4902
0.000625 4902
0.000626 4902
0.000627 4902
0.000628 4901
0.000629 4900
0.00063 4898
0.000631 4896
0.000632 4896
0.000633 4896
0.000634 4895
0.000635 4895
0.000636 4895
0.000637 4895
0.000638 4895
0.000639 4895
0.00064 4895
0.000641 4895
0.000642 4895
0.000643 4894
0.000644 4894
0.000645 4895
0.000646 4895
0.000647 4894
0.000648 4895
0.000649 4895
0.00065 4895
0.000651 4896
0.000652 4895
0.000653 4895
0.000654 4896
0.000655 4896
0.000656 4897
0.000657 4897
0.000658 4897
0.000659 4897
0.00066 4896
0.000661 4896
0.000662 4895
0.000663 4895
0.000664 4895
0.000665 4896
0.000666 4895
0.000667 4895
0.000668 4895
0.000669 4895
0.00067 4895
0.000671 4895
0.000672 4895
0.000673 4894
0.000674 4894
0.000675 4894
0.000676 4894
0.000677 4894
0.000678 4894
0.000679 4894
0.00068 4895
0.000681 4894
0.000682 4896
0.000683 4897
0.000684 4897
0.000685 4896
0.000686 4896
0.000687 4895
0.000688 4895
0.000689 4895
0.00069 4895
0.000691 4895
0.000692 4895
0.000693 4895
0.000694 4895
0.000695 4895
0.000696 4895
0.000697 4895
0.000698 4895
0.000699 4895
0.0007 4895
0.000701 4895
0.000702 4894
0.000703 4894
0.000704 4894
0.000705 4893
0.000706 4893
0.000707 4894
0.000708 4893
0.000709 4892
0.00071 4892
0.000711 4892
0.000712 4891
0.000713 4891
0.000714 4891
0.000715 4891
0.000716 4891
0.000717 4890
0.000718 4890
0.000719 4890
0.00072 4890
0.000721 4890
0.000722 4890
0.000723 4891
0.000724 4891
0.000725 4891
0.000726 4891
0.000727 4891
0.000728 4890
0.000729 4889
0.00073 4889
0.000731 4888
0.000732 4888
0.000733 4888
0.000734 4887
0.000735 4888
0.000736 4888
0.000737 4888
0.000738 4888
0.000739 4888
0.00074 4888
0.000741 4887
0.000742 4887
0.000743 4888
0.000744 4888
0.000745 4887
0.000746 4887
0.000747 4886
0.000748 4885
0.000749 4885
0.00075 4885
0.000751 4885
0.000752 4885
0.000753 4885
0.000754 4885
0.000755 4885
0.000756 4886
0.000757 4886
0.000758 4886
0.000759 4886
0.00076 4886
0.000761 4886
0.000762 4886
0.000763 4886
0.000764 4886
0.000765 4887
0.000766 4887
0.000767 4887
0.000768 4886
0.000769 4886
0.00077 4885
0.000771 4885
0.000772 4885
0.000773 4885
0.000774 4885
0.000775 4885
0.000776 4885
0.000777 4886
0.000778 4887
0.000779 4887
0.00078 4886
0.000781 4886
0.000782 4885
0.000783 4885
0.000784 4884
0.000785 4884
0.000786 4884
0.000787 4883
0.000788 4883
0.000789 4883
0.00079 4884
0.000791 4882
0.000792 4883
0.000793 4883
0.000794 4883
0.000795 4883
0.000796 4883
0.000797 4883
0.000798 4883
0.000799 4883
0.0008 4881
0.000801 4881
0.000802 4881
0.000803 4881
0.000804 4881
0.000805 4881
0.000806 4881
0.000807 4881
0.000808 4880
0.000809 4880
0.00081 4880
0.000811 4880
0.000812 4880
0.000813 4880
0.000814 4879
0.000815 4879
0.000816 4879
0.000817 4878
0.000818 4878
0.000819 4877
0.00082 4877
0.000821 4877
0.000822 4877
0.000823 4877
0.000824 4876
0.000825 4876
0.000826 4876
0.000827 4876
0.000828 4876
0.000829 4876
0.00083 4874
0.000831 4874
0.000832 4874
0.000833 4874
0.000834 4874
0.000835 4873
0.000836 4873
0.000837 4873
0.000838 4873
0.000839 4873
0.00084 4873
0.000841 4873
0.000842 4873
0.000843 4873
0.000844 4873
0.000845 4873
0.000846 4873
0.000847 4874
0.000848 4874
0.000849 4873
0.00085 4873
0.000851 4871
0.000852 4870
0.000853 4870
0.000854 4870
0.000855 4870
0.000856 4870
0.000857 4870
0.000858 4871
0.000859 4870
0.00086 4870
0.000861 4870
0.000862 4871
0.000863 4871
0.000864 4871
0.000865 4871
0.000866 4870
0.000867 4870
0.000868 4870
0.000869 4869
0.00087 4869
0.000871 4869
0.000872 4870
0.000873 4870
0.000874 4870
0.000875 4870
0.000876 4870
0.000877 4870
0.000878 4870
0.000879 4870
0.00088 4870
0.000881 4870
0.000882 4870
0.000883 4870
0.000884 4869
0.000885 4868
0.000886 4868
0.000887 4868
0.000888 4868
0.000889 4868
0.00089 4868
0.000891 4869
0.000892 4869
0.000893 4869
0.000894 4869
0.000895 4869
0.000896 4868
0.000897 4869
0.000898 4869
0.000899 4869
0.0009 4869
0.000901 4869
0.000902 4869
0.000903 4869
0.000904 4869
0.000905 4869
0.000906 4869
0.000907 4869
0.000908 4868
0.000909 4868
0.00091 4868
0.000911 4868
0.000912 4867
0.000913 4867
0.000914 4866
0.000915 4866
0.000916 4866
0.000917 4867
0.000918 4866
0.000919 4866
0.00092 4865
0.000921 4865
0.000922 4865
0.000923 4865
0.000924 4865
0.000925 4865
0.000926 4865
0.000927 4865
0.000928 4865
0.000929 4865
0.00093 4865
0.000931 4866
0.000932 4865
0.000933 4863
0.000934 4862
0.000935 4863
0.000936 4863
0.000937 4863
0.000938 4863
0.000939 4865
0.00094 4865
0.000941 4865
0.000942 4865
0.000943 4865
0.000944 4865
0.000945 4865
0.000946 4865
0.000947 4865
0.000948 4865
0.000949 4866
0.00095 4867
0.000951 4868
0.000952 4868
0.000953 4868
0.000954 4868
0.000955 4869
0.000956 4869
0.000957 4869
0.000958 4869
0.000959 4869
0.00096 4869
0.000961 4870
0.000962 4871
0.000963 4871
0.000964 4871
0.000965 4871
0.000966 4871
0.000967 4871
0.000968 4871
0.000969 4871
0.00097 4871
0.000971 4871
0.000972 4872
0.000973 4872
0.000974 4872
0.000975 4872
0.000976 4872
0.000977 4872
0.000978 4872
0.000979 4873
0.00098 4873
0.000981 4873
0.000982 4875
0.000983 4875
0.000984 4875
0.000985 4875
0.000986 4875
0.000987 4875
0.000988 4874
0.000989 4875
0.00099 4875
0.000991 4875
0.000992 4875
0.000993 4875
0.000994 4875
0.000995 4875
0.000996 4874
0.000997 4874
0.000998 4874
0.000999 4874
0.001 4874
0.001001 4874
0.001002 4874
0.001003 4874
0.001004 4874
0.001005 4874
0.001006 4875
0.001007 4875
0.001008 4875
0.001009 4874
0.00101 4873
0.001011 4873
0.001012 4873
0.001013 4873
0.001014 4873
0.001015 4873
0.001016 4873
0.001017 4873
0.001018 4873
0.001019 4873
0.00102 4873
0.001021 4874
0.001022 4874
0.001023 4874
0.001024 4874
0.001025 4874
0.001026 4873
0.001027 4873
0.001028 4873
0.001029 4873
0.00103 4873
0.001031 4872
0.001032 4872
0.001033 4872
0.001034 4872
0.001035 4872
0.001036 4872
0.001037 4871
0.001038 4872
0.001039 4873
0.00104 4874
0.001041 4873
0.001042 4873
0.001043 4873
0.001044 4873
0.001045 4873
0.001046 4873
0.001047 4873
0.001048 4874
0.001049 4874
0.00105 4874
0.001051 4874
0.001052 4874
0.001053 4874
0.001054 4874
0.001055 4874
0.001056 4875
0.001057 4875
0.001058 4874
0.001059 4874
0.00106 4874
0.001061 4873
0.001062 4873
0.001063 4873
0.001064 4875
0.001065 4875
0.001066 4875
0.001067 4876
0.001068 4875
0.001069 4875
0.00107 4875
0.001071 4875
0.001072 4876
0.001073 4876
0.001074 4876
0.001075 4875
0.001076 4875
0.001077 4874
0.001078 4874
0.001079 4873
0.00108 4873
0.001081 4873
0.001082 4873
0.001083 4874
0.001084 4873
0.001085 4873
0.001086 4873
0.001087 4873
0.001088 4873
0.001089 4873
0.00109 4873
0.001091 4873
0.001092 4873
0.001093 4873
0.001094 4873
0.001095 4874
0.001096 4873
0.001097 4873
0.001098 4873
0.001099 4873
0.0011 4873
0.001101 4873
0.001102 4873
0.001103 4873
0.001104 4873
0.001105 4873
0.001106 4873
0.001107 4873
0.001108 4873
0.001109 4873
0.00111 4873
0.001111 4872
0.001112 4872
0.001113 4872
0.001114 4872
0.001115 4873
0.001116 4873
0.001117 4873
0.001118 4873
0.001119 4873
0.00112 4873
0.001121 4873
0.001122 4873
0.001123 4873
0.001124 4874
0.001125 4875
0.001126 4875
0.001127 4875
0.001128 4875
0.001129 4875
0.00113 4875
0.001131 4875
0.001132 4874
0.001133 4872
0.001134 4872
0.001135 4871
0.001136 4871
0.001137 4870
0.001138 4870
0.001139 4871
0.00114 4871
0.001141 4871
0.001142 4873
0.001143 4873
0.001144 4873
0.001145 4873
0.001146 4873
0.001147 4873
0.001148 4873
0.001149 4873
0.00115 4873
0.001151 4873
0.001152 4873
0.001153 4873
0.001154 4873
0.001155 4873
0.001156 4873
0.001157 4874
0.001158 4872
0.001159 4872
0.00116 4872
0.001161 4872
0.001162 4872
0.001163 4872
0.001164 4871
0.001165 4871
0.001166 4871
0.001167 4871
0.001168 4871
0.001169 4871
0.00117 4870
0.001171 4871
0.001172 4871
0.001173 4872
0.001174 4873
0.001175 4873
0.001176 4873
0.001177 4873
0.001178 4873
0.001179 4872
0.00118 4872
0.001181 4872
0.001182 4872
0.001183 4872
0.001184 4872
0.001185 4873
0.001186 4873
0.001187 4873
0.001188 4875
0.001189 4875
0.00119 4875
0.001191 4875
0.001192 4876
0.001193 4876
0.001194 4877
0.001195 4877
0.001196 4876
0.001197 4876
0.001198 4877
0.001199 4875
0.0012 4875
0.001201 4875
0.001202 4876
0.001203 4876
0.001204 4876
0.001205 4876
0.001206 4876
0.001207 4876
0.001208 4876
0.001209 4876
0.00121 4876
0.001211 4875
0.001212 4875
0.001213 4875
0.001214 4875
0.001215 4876
0.001216 4876
0.001217 4876
0.001218 4876
0.001219 4877
0.00122 4877
0.001221 4877
0.001222 4877
0.001223 4877
0.001224 4875
0.001225 4875
0.001226 4875
0.001227 4875
0.001228 4875
0.001229 4875
0.00123 4875
0.001231 4875
0.001232 4875
0.001233 4875
0.001234 4875
0.001235 4875
0.001236 4875
0.001237 4875
0.001238 4875
0.001239 4875
0.00124 4875
0.001241 4875
0.001242 4876
0.001243 4876
0.001244 4876
0.001245 4876
0.001246 4875
0.001247 4875
0.001248 4874
0.001249 4874
0.00125 4874
0.001251 4874
0.001252 4874
0.001253 4874
0.001254 4875
0.001255 4875
0.001256 4875
0.001257 4875
0.001258 4875
0.001259 4875
0.00126 4875
0.001261 4875
0.001262 4876
0.001263 4876
0.001264 4876
0.001265 4876
0.001266 4877
0.001267 4877
0.001268 4877
0.001269 4877
0.00127 4877
0.001271 4877
0.001272 4877
0.001273 4877
0.001274 4877
0.001275 4877
0.001276 4877
0.001277 4877
0.001278 4877
0.001279 4877
0.00128 4877
0.001281 4877
0.001282 4877
0.001283 4877
0.001284 4878
0.001285 4877
0.001286 4877
0.001287 4877
0.001288 4878
0.001289 4877
0.00129 4877
0.001291 4877
0.001292 4878
0.001293 4878
0.001294 4878
0.001295 4876
0.001296 4876
0.001297 4876
0.001298 4875
0.001299 4876
0.0013 4876
0.001301 4875
0.001302 4875
0.001303 4875
0.001304 4875
0.001305 4875
0.001306 4876
0.001307 4876
0.001308 4876
0.001309 4875
0.00131 4875
0.001311 4875
0.001312 4875
0.001313 4875
0.001314 4875
0.001315 4875
0.001316 4875
0.001317 4874
0.001318 4874
0.001319 4874
0.00132 4874
0.001321 4874
0.001322 4874
0.001323 4873
0.001324 4873
0.001325 4873
0.001326 4872
0.001327 4873
0.001328 4872
0.001329 4872
0.00133 4871
0.001331 4871
0.001332 4871
0.001333 4872
0.001334 4872
0.001335 4872
0.001336 4872
0.001337 4873
0.001338 4874
0.001339 4874
0.00134 4874
0.001341 4874
0.001342 4874
0.001343 4874
0.001344 4873
0.001345 4874
0.001346 4873
0.001347 4873
0.001348 4874
0.001349 4874
0.00135 4874
0.001351 4874
0.001352 4875
0.001353 4875
0.001354 4875
0.001355 4876
0.001356 4876
0.001357 4876
0.001358 4876
0.001359 4876
0.00136 4876
0.001361 4876
0.001362 4877
0.001363 4877
0.001364 4877
0.001365 4879
0.001366 4879
0.001367 4879
0.001368 4879
0.001369 4879
0.00137 4878
0.001371 4878
0.001372 4878
0.001373 4878
0.001374 4877
0.001375 4877
0.001376 4877
0.001377 4877
0.001378 4877
0.001379 4878
0.00138 4877
0.001381 4878
0.001382 4878
0.001383 4877
0.001384 4877
0.001385 4877
0.001386 4878
0.001387 4878
0.001388 4879
0.001389 4879
0.00139 4879
0.001391 4879
0.001392 4879
0.001393 4879
0.001394 4879
0.001395 4879
0.001396 4879
0.001397 4879
0.001398 4879
0.001399 4878
0.0014 4878
0.001401 4878
0.001402 4878
0.001403 4878
0.001404 4878
0.001405 4877
0.001406 4877
0.001407 4879
0.001408 4879
0.001409 4879
0.00141 4879
0.001411 4879
0.001412 4880
0.001413 4879
0.001414 4880
0.001415 4880
0.001416 4879
0.001417 4880
0.001418 4880
0.001419 4880
0.00142 4880
0.001421 4880
0.001422 4880
0.001423 4879
0.001424 4878
0.001425 4878
0.001426 4878
0.001427 4878
0.001428 4879
0.001429 4880
0.00143 4880
0.001431 4880
0.001432 4880
0.001433 4879
0.001434 4880
0.001435 4880
0.001436 4880
0.001437 4880
0.001438 4880
0.001439 4880
0.00144 4880
0.001441 4879
0.001442 4879
0.001443 4879
0.001444 4879
0.001445 4879
0.001446 4879
0.001447 4879
0.001448 4880
0.001449 4880
0.00145 4880
0.001451 4880
0.001452 4880
0.001453 4880
0.001454 4881
0.001455 4881
0.001456 4881
0.001457 4880
0.001458 4880
0.001459 4880
0.00146 4880
0.001461 4880
0.001462 4879
0.001463 4879
0.001464 4878
0.001465 4878
0.001466 4878
0.001467 4878
0.001468 4878
0.001469 4878
0.00147 4878
0.001471 4878
0.001472 4878
0.001473 4878
0.001474 4878
0.001475 4878
0.001476 4878
0.001477 4878
0.001478 4878
0.001479 4878
0.00148 4877
0.001481 4877
0.001482 4877
0.001483 4877
0.001484 4877
0.001485 4878
0.001486 4879
0.001487 4878
0.001488 4878
0.001489 4879
0.00149 4878
0.001491 4878
0.001492 4878
0.001493 4878
0.001494 4878
0.001495 4878
0.001496 4878
0.001497 4877
0.001498 4877
0.001499 4877
0.0015 4878
0.001501 4880
0.001502 4880
0.001503 4879
0.001504 4879
0.001505 4879
0.001506 4879
0.001507 4880
0.001508 4880
0.001509 4880
0.00151 4880
0.001511 4880
0.001512 4880
0.001513 4880
0.001514 4880
0.001515 4880
0.001516 4880
0.001517 4880
0.001518 4880
0.001519 4881
0.00152 4881
0.001521 4881
0.001522 4881
0.001523 4880
0.001524 4880
0.001525 4879
0.001526 4879
0.001527 4879
0.001528 4879
0.001529 4879
0.00153 4879
0.001531 4878
0.001532 4878
0.001533 4878
0.001534 4878
0.001535 4878
0.001536 4878
0.001537 4878
0.001538 4878
0.001539 4878
0.00154 4878
0.001541 4878
0.001542 4877
0.001543 4877
0.001544 4876
0.001545 4875
0.001546 4875
0.001547 4875
0.001548 4875
0.001549 4875
0.00155 4875
0.001551 4875
0.001552 4875
0.001553 4875
0.001554 4875
0.001555 4875
0.001556 4875
0.001557 4876
0.001558 4877
0.001559 4877
0.00156 4877
0.001561 4877
0.001562 4877
0.001563 4877
0.001564 4877
0.001565 4877
0.001566 4877
0.001567 4877
0.001568 4877
0.001569 4877
0.00157 4877
0.001571 4877
0.001572 4876
0.001573 4875
0.001574 4875
0.001575 4875
0.001576 4875
0.001577 4876
0.001578 4876
0.001579 4876
0.00158 4876
0.001581 4877
0.001582 4877
0.001583 4877
0.001584 4877
0.001585 4876
0.001586 4876
0.001587 4876
0.001588 4875
0.001589 4875
0.00159 4875
0.001591 4874
0.001592 4875
0.001593 4875
0.001594 4875
0.001595 4875
0.001596 4875
0.001597 4875
0.001598 4876
0.001599 4876
0.0016 4876
0.001601 4876
0.001602 4876
0.001603 4876
0.001604 4875
0.001605 4875
0.001606 4875
0.001607 4875
0.001608 4875
0.001609 4875
0.00161 4875
0.001611 4875
0.001612 4875
0.001613 4875
0.001614 4875
0.001615 4875
0.001616 4875
0.001617 4875
0.001618 4876
0.001619 4875
0.00162 4874
0.001621 4875
0.001622 4875
0.001623 4874
0.001624 4874
0.001625 4874
0.001626 4874
0.001627 4875
0.001628 4876
0.001629 4875
0.00163 4876
0.001631 4876
0.001632 4876
0.001633 4876
0.001634 4876
0.001635 4876
0.001636 4876
0.001637 4876
0.001638 4876
0.001639 4877
0.00164 4877
0.001641 4877
0.001642 4877
0.001643 4877
0.001644 4877
0.001645 4877
0.001646 4876
0.001647 4876
0.001648 4876
0.001649 4876
0.00165 4875
0.001651 4875
0.001652 4875
0.001653 4875
0.001654 4875
0.001655 4875
0.001656 4875
0.001657 4875
0.001658 4875
0.001659 4875
0.00166 4875
0.001661 4875
0.001662 4875
0.001663 4875
0.001664 4875
0.001665 4875
0.001666 4875
0.001667 4875
0.001668 4876
0.001669 4876
0.00167 4876
0.001671 4876
0.001672 4876
0.001673 4876
0.001674 4876
0.001675 4876
0.001676 4876
0.001677 4876
0.001678 4876
0.001679 4877
0.00168 4877
0.001681 4877
0.001682 4877
0.001683 4877
0.001684 4877
0.001685 4878
0.001686 4878
0.001687 4878
0.001688 4878
0.001689 4878
0.00169 4878
0.001691 4877
0.001692 4878
0.001693 4878
0.001694 4878
0.001695 4878
0.001696 4878
0.001697 4877
0.001698 4878
0.001699 4878
0.0017 4878
0.001701 4878
0.001702 4878
0.001703 4879
0.001704 4879
0.001705 4879
0.001706 4880
0.001707 4880
0.001708 4881
0.001709 4881
0.00171 4881
0.001711 4881
0.001712 4881
0.001713 4881
0.001714 4881
0.001715 4882
0.001716 4881
0.001717 4882
0.001718 4882
0.001719 4881
0.00172 4881
0.001721 4881
0.001722 4882
0.001723 4882
0.001724 4882
0.001725 4882
0.001726 4881
0.001727 4881
0.001728 4882
0.001729 4882
0.00173 4882
0.001731 4882
0.001732 4882
0.001733 4882
0.001734 4883
0.001735 4884
0.001736 4884
0.001737 4883
0.001738 4883
0.001739 4882
0.00174 4882
0.001741 4882
0.001742 4882
0.001743 4882
0.001744 4882
0.001745 4882
0.001746 4883
0.001747 4883
0.001748 4883
0.001749 4883
0.00175 4882
0.001751 4882
0.001752 4882
0.001753 4882
0.001754 4883
0.001755 4883
0.001756 4882
0.001757 4882
0.001758 4882
0.001759 4882
0.00176 4882
0.001761 4881
0.001762 4881
0.001763 4880
0.001764 4880
0.001765 4879
0.001766 4879
0.001767 4879
0.001768 4879
0.001769 4879
0.00177 4879
0.001771 4879
0.001772 4879
0.001773 4880
0.001774 4880
0.001775 4879
0.001776 4880
0.001777 4879
0.001778 4879
0.001779 4879
0.00178 4879
0.001781 4879
0.001782 4879
0.001783 4879
0.001784 4879
0.001785 4879
0.001786 4880
0.001787 4880
0.001788 4879
0.001789 4879
0.00179 4879
0.001791 4880
0.001792 4880
0.001793 4880
0.001794 4880
0.001795 4880
0.001796 4880
0.001797 4879
0.001798 4878
0.001799 4878
0.0018 4878
0.001801 4878
0.001802 4877
0.001803 4876
0.001804 4876
0.001805 4876
0.001806 4877
0.001807 4877
0.001808 4877
0.001809 4877
0.00181 4877
0.001811 4877
0.001812 4877
0.001813 4877
0.001814 4877
0.001815 4877
0.001816 4877
0.001817 4877
0.001818 4877
0.001819 4878
0.00182 4877
0.001821 4877
0.001822 4876
0.001823 4876
0.001824 4876
0.001825 4877
0.001826 4876
0.001827 4876
0.001828 4874
0.001829 4875
0.00183 4874
0.001831 4874
0.001832 4875
0.001833 4874
0.001834 4875
0.001835 4875
0.001836 4875
0.001837 4875
0.001838 4875
0.001839 4875
0.00184 4875
0.001841 4875
0.001842 4875
0.001843 4875
0.001844 4875
0.001845 4875
0.001846 4875
0.001847 4875
0.001848 4875
0.001849 4875
0.00185 4875
0.001851 4873
0.001852 4873
0.001853 4873
0.001854 4873
0.001855 4873
0.001856 4873
0.001857 4873
0.001858 4873
0.001859 4873
0.00186 4873
0.001861 4873
0.001862 4873
0.001863 4873
0.001864 4874
0.001865 4874
0.001866 4874
0.001867 4874
0.001868 4874
0.001869 4874
0.00187 4874
0.001871 4873
0.001872 4873
0.001873 4873
0.001874 4873
0.001875 4873
0.001876 4873
0.001877 4873
0.001878 4873
0.001879 4873
0.00188 4873
0.001881 4873
0.001882 4873
0.001883 4873
0.001884 4873
0.001885 4873
0.001886 4874
0.001887 4875
0.001888 4875
0.001889 4874
0.00189 4874
0.001891 4875
0.001892 4875
0.001893 4874
0.001894 4874
0.001895 4874
0.001896 4873
0.001897 4873
0.001898 4872
0.001899 4872
0.0019 4872
0.001901 4871
0.001902 4870
0.001903 4870
0.001904 4870
0.001905 4870
0.001906 4870
0.001907 4870
0.001908 4870
0.001909 4870
0.00191 4870
0.001911 4870
0.001912 4870
0.001913 4870
0.001914 4870
0.001915 4870
0.001916 4870
0.001917 4870
0.001918 4870
0.001919 4870
0.00192 4870
0.001921 4870
0.001922 4869
0.001923 4869
0.001924 4869
0.001925 4869
0.001926 4870
0.001927 4870
0.001928 4869
0.001929 4871
0.00193 4871
0.001931 4871
0.001932 4870
0.001933 4870
0.001934 4870
0.001935 4870
0.001936 4870
0.001937 4869
0.001938 4869
0.001939 4869
0.00194 4870
0.001941 4869
0.001942 4869
0.001943 4870
0.001944 4871
0.001945 4871
0.001946 4871
0.001947 4871
0.001948 4871
0.001949 4871
0.00195 4872
0.001951 4872
0.001952 4872
0.001953 4872
0.001954 4872
0.001955 4872
0.001956 4872
0.001957 4872
0.001958 4872
0.001959 4873
0.00196 4873
0.001961 4873
0.001962 4873
0.001963 4874
0.001964 4875
0.001965 4875
0.001966 4875
0.001967 4875
0.001968 4875
0.001969 4875
0.00197 4874
0.001971 4874
0.001972 4875
0.001973 4878
0.001974 4878
0.001975 4877
0.001976 4878
0.001977 4878
0.001978 4878
0.001979 4878
0.00198 4878
0.001981 4878
0.001982 4878
0.001983 4878
0.001984 4878
0.001985 4876
0.001986 4876
0.001987 4876
0.001988 4876
0.001989 4876
0.00199 4877
0.001991 4878
0.001992 4878
0.001993 4879
0.001994 4879
0.001995 4879
0.001996 4879
0.001997 4879
0.001998 4880
0.001999 4879
0.002 4879
0.002001 4879
0.002002 4879
0.002003 4879
0.002004 4879
0.002005 4879
0.002006 4879
0.002007 4879
0.002008 4879
0.002009 4878
0.00201 4877
0.002011 4877
0.002012 4877
0.002013 4877
0.002014 4877
0.002015 4876
0.002016 4876
0.002017 4876
0.002018 4876
0.002019 4876
0.00202 4876
0.002021 4876
0.002022 4876
0.002023 4876
0.002024 4876
0.002025 4876
0.002026 4875
0.002027 4875
0.002028 4875
0.002029 4874
0.00203 4874
0.002031 4874
0.002032 4874
0.002033 4875
0.002034 4875
0.002035 4874
0.002036 4875
0.002037 4875
0.002038 4875
0.002039 4875
0.00204 4877
0.002041 4877
0.002042 4877
0.002043 4877
0.002044 4877
0.002045 4877
0.002046 4877
0.002047 4877
0.002048 4877
0.002049 4878
0.00205 4877
0.002051 4877
0.002052 4877
0.002053 4877
0.002054 4877
0.002055 4877
0.002056 4877
0.002057 4877
0.002058 4877
0.002059 4877
0.00206 4877
0.002061 4875
0.002062 4875
0.002063 4875
0.002064 4875
0.002065 4877
0.002066 4877
0.002067 4877
0.002068 4877
0.002069 4877
0.00207 4877
0.002071 4876
0.002072 4875
0.002073 4875
0.002074 4876
0.002075 4876
0.002076 4876
0.002077 4876
0.002078 4877
0.002079 4876
0.00208 4876
0.002081 4876
0.002082 4876
0.002083 4876
0.002084 4876
0.002085 4876
0.002086 4876
0.002087 4876
0.002088 4876
0.002089 4877
0.00209 4877
0.002091 4878
0.002092 4877
0.002093 4876
0.002094 4876
0.002095 4876
0.002096 4876
0.002097 4877
0.002098 4876
0.002099 4876
0.0021 4876
0.002101 4876
0.002102 4875
0.002103 4874
0.002104 4874
0.002105 4874
0.002106 4873
0.002107 4873
0.002108 4873
0.002109 4873
0.00211 4871
0.002111 4871
0.002112 4871
0.002113 4871
0.002114 4871
0.002115 4871
0.002116 4871
0.002117 4871
0.002118 4871
0.002119 4870
0.00212 4870
0.002121 4870
0.002122 4870
0.002123 4869
0.002124 4869
0.002125 4869
0.002126 4869
0.002127 4868
0.002128 4868
0.002129 4869
0.00213 4869
0.002131 4869
0.002132 4870
0.002133 4870
0.002134 4870
0.002135 4870
0.002136 4870
0.002137 4870
0.002138 4870
0.002139 4870
0.00214 4870
0.002141 4870
0.002142 4870
0.002143 4870
0.002144 4870
0.002145 4870
0.002146 4870
0.002147 4871
0.002148 4870
0.002149 4870
0.00215 4869
0.002151 4869
0.002152 4870
0.002153 4870
0.002154 4870
0.002155 4870
0.002156 4871
0.002157 4872
0.002158 4872
0.002159 4873
0.00216 4873
0.002161 4874
0.002162 4874
0.002163 4875
0.002164 4875
0.002165 4875
0.002166 4875
0.002167 4875
0.002168 4875
0.002169 4875
0.00217 4875
0.002171 4876
0.002172 4876
0.002173 4876
0.002174 4874
0.002175 4874
0.002176 4874
0.002177 4874
0.002178 4873
0.002179 4873
0.00218 4873
0.002181 4873
0.002182 4873
0.002183 4873
0.002184 4873
0.002185 4873
0.002186 4873
0.002187 4873
0.002188 4873
0.002189 4873
0.00219 4874
0.002191 4874
0.002192 4874
0.002193 4874
0.002194 4873
0.002195 4873
0.002196 4873
0.002197 4873
0.002198 4873
0.002199 4873
0.0022 4873
0.002201 4873
0.002202 4874
0.002203 4874
0.002204 4874
0.002205 4873
0.002206 4873
0.002207 4873
0.002208 4873
0.002209 4873
0.00221 4872
0.002211 4872
0.002212 4872
0.002213 4872
0.002214 4872
0.002215 4871
0.002216 4871
0.002217 4871
0.002218 4871
0.002219 4871
0.00222 4871
0.002221 4872
0.002222 4872
0.002223 4870
0.002224 4870
0.002225 4871
0.002226 4871
0.002227 4871
0.002228 4871
0.002229 4870
0.00223 4871
0.002231 4871
0.002232 4871
0.002233 4870
0.002234 4870
0.002235 4870
0.002236 4870
0.002237 4870
0.002238 4870
0.002239 4870
0.00224 4871
0.002241 4872
0.002242 4872
0.002243 4872
0.002244 4872
0.002245 4873
0.002246 4872
0.002247 4872
0.002248 4872
0.002249 4870
0.00225 4870
0.002251 4870
0.002252 4870
0.002253 4870
0.002254 4870
0.002255 4871
0.002256 4872
0.002257 4872
0.002258 4872
0.002259 4872
0.00226 4872
0.002261 4872
0.002262 4872
0.002263 4872
0.002264 4872
0.002265 4873
0.002266 4873
0.002267 4873
0.002268 4873
0.002269 4873
0.00227 4873
0.002271 4873
0.002272 4873
0.002273 4872
0.002274 4871
0.002275 4870
0.002276 4870
0.002277 4870
0.002278 4870
0.002279 4870
0.00228 4870
0.002281 4870
0.002282 4870
0.002283 4870
0.002284 4870
0.002285 4870
0.002286 4870
0.002287 4870
0.002288 4870
0.002289 4870
0.00229 4870
0.002291 4870
0.002292 4870
0.002293 4870
0.002294 4870
0.002295 4870
0.002296 4871
0.002297 4871
0.002298 4871
0.002299 4871
0.0023 4872
0.002301 4872
0.002302 4872
0.002303 4873
0.002304 4873
0.002305 4873
0.002306 4873
0.002307 4873
0.002308 4874
0.002309 4874
0.00231 4874
0.002311 4875
0.002312 4875
0.002313 4875
0.002314 4874
0.002315 4874
0.002316 4874
0.002317 4874
0.002318 4874
0.002319 4874
0.00232 4875
0.002321 4874
0.002322 4874
0.002323 4874
0.002324 4873
0.002325 4873
0.002326 4873
0.002327 4873
0.002328 4873
0.002329 4873
0.00233 4873
0.002331 4873
0.002332 4873
0.002333 4873
0.002334 4873
0.002335 4874
0.002336 4875
0.002337 4875
0.002338 4875
0.002339 4875
0.00234 4875
0.002341 4875
0.002342 4876
0.002343 4876
0.002344 4876
0.002345 4875
0.002346 4876
0.002347 4876
0.002348 4876
0.002349 4876
0.00235 4875
0.002351 4874
0.002352 4874
0.002353 4874
0.002354 4874
0.002355 4874
0.002356 4874
0.002357 4874
0.002358 4874
0.002359 4874
0.00236 4874
0.002361 4874
0.002362 4875
0.002363 4875
0.002364 4874
0.002365 4874
0.002366 4875
0.002367 4875
0.002368 4875
0.002369 4875
0.00237 4875
0.002371 4875
0.002372 4875
0.002373 4875
0.002374 4876
0.002375 4877
0.002376 4877
0.002377 4877
0.002378 4876
0.002379 4875
0.00238 4875
0.002381 4875
0.002382 4875
0.002383 4875
0.002384 4876
0.002385 4875
0.002386 4875
0.002387 4874
0.002388 4873
0.002389 4874
0.00239 4874
0.002391 4874
0.002392 4874
0.002393 4874
0.002394 4873
0.002395 4873
0.002396 4873
0.002397 4873
0.002398 4872
0.002399 4872
0.0024 4872
0.002401 4873
0.002402 4873
0.002403 4873
0.002404 4873
0.002405 4874
0.002406 4874
0.002407 4874
0.002408 4874
0.002409 4874
0.00241 4874
0.002411 4874
0.002412 4874
0.002413 4875
0.002414 4874
0.002415 4875
0.002416 4875
0.002417 4875
0.002418 4875
0.002419 4875
0.00242 4875
0.002421 4876
0.002422 4877
0.002423 4877
0.002424 4878
0.002425 4877
0.002426 4877
0.002427 4876
0.002428 4878
0.002429 4877
0.00243 4877
0.002431 4877
0.002432 4877
0.002433 4877
0.002434 4877
0.002435 4877
0.002436 4877
0.002437 4877
0.002438 4877
0.002439 4877
0.00244 4877
0.002441 4878
0.002442 4879
0.002443 4881
0.002444 4880
0.002445 4880
0.002446 4880
0.002447 4879
0.002448 4879
0.002449 4879
0.00245 4879
0.002451 4879
0.002452 4879
0.002453 4879
0.002454 4879
0.002455 4879
0.002456 4879
0.002457 4879
0.002458 4880
0.002459 4880
0.00246 4880
0.002461 4880
0.002462 4880
0.002463 4880
0.002464 4883
0.002465 4881
0.002466 4881
0.002467 4880
0.002468 4879
0.002469 4877
0.00247 4876
0.002471 4876
0.002472 4876
0.002473 4876
0.002474 4876
0.002475 4877
0.002476 4878
0.002477 4878
0.002478 4878
0.002479 4878
0.00248 4877
0.002481 4877
0.002482 4877
0.002483 4877
0.002484 4877
0.002485 4878
0.002486 4878
0.002487 4879
0.002488 4879
0.002489 4878
0.00249 4878
0.002491 4878
0.002492 4878
0.002493 4878
0.002494 4878
0.002495 4878
0.002496 4878
0.002497 4878
0.002498 4878
0.002499 4878
0.0025 4878
0.002501 4878
0.002502 4878
0.002503 4879
0.002504 4879
0.002505 4879
0.002506 4879
0.002507 4879
0.002508 4879
0.002509 4879
0.00251 4879
0.002511 4879
0.002512 4879
0.002513 4879
0.002514 4879
0.002515 4879
0.002516 4879
0.002517 4880
0.002518 4881
0.002519 4881
0.00252 4881
0.002521 4881
0.002522 4880
0.002523 4880
0.002524 4880
0.002525 4880
0.002526 4879
0.002527 4879
0.002528 4879
0.002529 4879
0.00253 4880
0.002531 4879
0.002532 4879
0.002533 4880
0.002534 4880
0.002535 4880
0.002536 4880
0.002537 4879
0.002538 4879
0.002539 4879
0.00254 4879
0.002541 4879
0.002542 4878
0.002543 4878
0.002544 4878
0.002545 4878
0.002546 4876
0.002547 4876
0.002548 4876
0.002549 4876
0.00255 4876
0.002551 4876
0.002552 4877
0.002553 4877
0.002554 4878
0.002555 4878
0.002556 4878
0.002557 4878
0.002558 4878
0.002559 4878
0.00256 4879
0.002561 4879
0.002562 4879
0.002563 4878
0.002564 4878
0.002565 4877
0.002566 4877
0.002567 4878
0.002568 4877
0.002569 4877
0.00257 4877
0.002571 4877
0.002572 4877
0.002573 4877
0.002574 4877
0.002575 4877
0.002576 4876
0.002577 4876
0.002578 4876
0.002579 4876
0.00258 4875
0.002581 4875
0.002582 4875
0.002583 4875
0.002584 4875
0.002585 4875
0.002586 4875
0.002587 4875
0.002588 4874
0.002589 4874
0.00259 4874
0.002591 4874
0.002592 4874
0.002593 4874
0.002594 4874
0.002595 4873
0.002596 4873
0.002597 4874
0.002598 4875
0.002599 4875
0.0026 4875
0.002601 4875
0.002602 4875
0.002603 4875
0.002604 4875
0.002605 4874
0.002606 4875
0.002607 4874
0.002608 4874
0.002609 4874
0.00261 4873
0.002611 4873
0.002612 4873
0.002613 4873
0.002614 4873
0.002615 4873
0.002616 4873
0.002617 4873
0.002618 4873
0.002619 4873
0.00262 4873
0.002621 4872
0.002622 4872
0.002623 4872
0.002624 4872
0.002625 4872
0.002626 4873
0.002627 4873
0.002628 4873
0.002629 4874
0.00263 4874
0.002631 4874
0.002632 4875
0.002633 4875
0.002634 4875
0.002635 4875
0.002636 4874
0.002637 4875
0.002638 4875
0.002639 4875
0.00264 4875
0.002641 4876
0.002642 4876
0.002643 4877
0.002644 4877
0.002645 4877
0.002646 4875
0.002647 4874
0.002648 4874
0.002649 4874
0.00265 4874
0.002651 4874
0.002652 4874
0.002653 4874
0.002654 4874
0.002655 4874
0.002656 4875
0.002657 4875
0.002658 4874
0.002659 4874
0.00266 4874
0.002661 4874
0.002662 4874
0.002663 4874
0.002664 4873
0.002665 4873
0.002666 4873
0.002667 4873
0.002668 4873
0.002669 4873
0.00267 4873
0.002671 4873
0.002672 4873
0.002673 4873
0.002674 4874
0.002675 4872
0.002676 4872
0.002677 4873
0.002678 4873
0.002679 4873
0.00268 4873
0.002681 4873
0.002682 4872
0.002683 4872
0.002684 4872
0.002685 4872
0.002686 4872
0.002687 4872
0.002688 4872
0.002689 4872
0.00269 4872
0.002691 4872
0.002692 4872
0.002693 4873
0.002694 4873
0.002695 4873
0.002696 4874
0.002697 4874
0.002698 4874
0.002699 4874
0.0027 4873
0.002701 4874
0.002702 4875
0.002703 4873
0.002704 4873
0.002705 4874
0.002706 4874
0.002707 4873
0.002708 4872
0.002709 4872
0.00271 4872
0.002711 4872
0.002712 4872
0.002713 4871
0.002714 4870
0.002715 4870
0.002716 4870
0.002717 4871
0.002718 4871
0.002719 4871
0.00272 4871
0.002721 4871
0.002722 4871
0.002723 4871
0.002724 4871
0.002725 4871
0.002726 4871
0.002727 4872
0.002728 4872
0.002729 4872
0.00273 4872
0.002731 4872
0.002732 4871
0.002733 4870
0.002734 4870
0.002735 4870
0.002736 4870
0.002737 4870
0.002738 4870
0.002739 4871
0.00274 4871
0.002741 4871
0.002742 4871
0.002743 4871
0.002744 4871
0.002745 4870
0.002746 4870
0.002747 4870
0.002748 4870
0.002749 4869
0.00275 4869
0.002751 4869
0.002752 4869
0.002753 4868
0.002754 4868
0.002755 4868
0.002756 4868
0.002757 4868
0.002758 4868
0.002759 4868
0.00276 4868
0.002761 4868
0.002762 4868
0.002763 4868
0.002764 4868
0.002765 4868
0.002766 4868
0.002767 4868
0.002768 4866
0.002769 4866
0.00277 4867
0.002771 4866
0.002772 4866
0.002773 4866
0.002774 4866
0.002775 4866
0.002776 4866
0.002777 4866
0.002778 4865
0.002779 4864
0.00278 4865
0.002781 4865
0.002782 4866
0.002783 4867
0.002784 4867
0.002785 4867
0.002786 4867
0.002787 4867
0.002788 4866
0.002789 4866
0.00279 4866
0.002791 4866
0.002792 4865
0.002793 4865
0.002794 4865
0.002795 4864
0.002796 4865
0.002797 4865
0.002798 4866
0.002799 4866
0.0028 4865
0.002801 4865
0.002802 4865
0.002803 4865
0.002804 4864
0.002805 4865
0.002806 4865
0.002807 4865
0.002808 4865
0.002809 4865
0.00281 4865
0.002811 4865
0.002812 4865
0.002813 4867
0.002814 4867
0.002815 4867
0.002816 4867
0.002817 4868
0.002818 4869
0.002819 4868
0.00282 4868
0.002821 4869
0.002822 4869
0.002823 4869
0.002824 4870
0.002825 4870
0.002826 4870
0.002827 4870
0.002828 4870
0.002829 4870
0.00283 4870
0.002831 4870
0.002832 4870
0.002833 4870
0.002834 4870
0.002835 4870
0.002836 4870
0.002837 4870
0.002838 4870
0.002839 4870
0.00284 4870
0.002841 4870
0.002842 4871
0.002843 4871
0.002844 4871
0.002845 4871
0.002846 4871
0.002847 4871
0.002848 4871
0.002849 4870
0.00285 4870
0.002851 4870
0.002852 4870
0.002853 4870
0.002854 4869
0.002855 4870
0.002856 4870
0.002857 4870
0.002858 4869
0.002859 4869
0.00286 4869
0.002861 4871
0.002862 4872
0.002863 4872
0.002864 4872
0.002865 4871
0.002866 4870
0.002867 4869
0.002868 4869
0.002869 4869
0.00287 4869
0.002871 4870
0.002872 4869
0.002873 4869
0.002874 4870
0.002875 4870
0.002876 4870
0.002877 4869
0.002878 4868
0.002879 4868
0.00288 4868
0.002881 4868
0.002882 4868
0.002883 4868
0.002884 4868
0.002885 4869
0.002886 4869
0.002887 4869
0.002888 4868
0.002889 4868
0.00289 4868
0.002891 4868
0.002892 4868
0.002893 4868
0.002894 4868
0.002895 4868
0.002896 4868
0.002897 4868
0.002898 4868
0.002899 4868
0.0029 4868
0.002901 4868
0.002902 4869
0.002903 4868
0.002904 4868
0.002905 4868
0.002906 4869
0.002907 4869
0.002908 4868
0.002909 4868
0.00291 4868
0.002911 4867
0.002912 4866
0.002913 4866
0.002914 4866
0.002915 4866
0.002916 4866
0.002917 4866
0.002918 4866
0.002919 4866
0.00292 4866
0.002921 4866
0.002922 4865
0.002923 4865
0.002924 4865
0.002925 4865
0.002926 4865
0.002927 4865
0.002928 4864
0.002929 4862
0.00293 4862
0.002931 4863
0.002932 4863
0.002933 4863
0.002934 4863
0.002935 4863
0.002936 4863
0.002937 4863
0.002938 4863
0.002939 4863
0.00294 4863
0.002941 4863
0.002942 4863
0.002943 4863
0.002944 4862
0.002945 4862
0.002946 4862
0.002947 4861
0.002948 4861
0.002949 4861
0.00295 4861
0.002951 4860
0.002952 4860
0.002953 4859
0.002954 4859
0.002955 4858
0.002956 4858
0.002957 4857
0.002958 4857
0.002959 4857
0.00296 4857
0.002961 4857
0.002962 4857
0.002963 4857
0.002964 4858
0.002965 4858
0.002966 4857
0.002967 4856
0.002968 4857
0.002969 4857
0.00297 4857
0.002971 4857
0.002972 4857
0.002973 4857
0.002974 4857
0.002975 4857
0.002976 4858
0.002977 4859
0.002978 4857
0.002979 4857
0.00298 4857
0.002981 4858
0.002982 4858
0.002983 4858
0.002984 4858
0.002985 4857
0.002986 4857
0.002987 4857
0.002988 4857
0.002989 4858
0.00299 4858
0.002991 4859
0.002992 4859
0.002993 4859
0.002994 4859
0.002995 4859
0.002996 4859
0.002997 4859
0.002998 4858
0.002999 4857
0.003 4857
0.003001 4857
0.003002 4857
0.003003 4857
0.003004 4858
0.003005 4858
0.003006 4858
0.003007 4857
0.003008 4859
0.003009 4859
0.00301 4859
0.003011 4858
0.003012 4858
0.003013 4858
0.003014 4858
0.003015 4858
0.003016 4858
0.003017 4857
0.003018 4858
0.003019 4859
0.00302 4858
0.003021 4858
0.003022 4858
0.003023 4858
0.003024 4859
0.003025 4859
0.003026 4858
0.003027 4858
0.003028 4858
0.003029 4858
0.00303 4858
0.003031 4858
0.003032 4858
0.003033 4858
0.003034 4858
0.003035 4859
0.003036 4859
0.003037 4859
0.003038 4860
0.003039 4860
0.00304 4861
0.003041 4862
0.003042 4862
0.003043 4862
0.003044 4861
0.003045 4861
0.003046 4861
0.003047 4861
0.003048 4860
0.003049 4861
0.00305 4861
0.003051 4861
0.003052 4861
0.003053 4862
0.003054 4863
0.003055 4863
0.003056 4862
0.003057 4862
0.003058 4862
0.003059 4862
0.00306 4862
0.003061 4862
0.003062 4863
0.003063 4863
0.003064 4863
0.003065 4863
0.003066 4863
0.003067 4864
0.003068 4864
0.003069 4865
0.00307 4865
0.003071 4865
0.003072 4865
0.003073 4865
0.003074 4864
0.003075 4864
0.003076 4864
0.003077 4864
0.003078 4864
0.003079 4864
0.00308 4864
0.003081 4864
0.003082 4864
0.003083 4865
0.003084 4867
0.003085 4867
0.003086 4868
0.003087 4868
0.003088 4869
0.003089 4869
0.00309 4868
0.003091 4867
0.003092 4867
0.003093 4867
0.003094 4868
0.003095 4869
0.003096 4869
0.003097 4869
0.003098 4869
0.003099 4869
0.0031 4869
0.003101 4869
0.003102 4869
0.003103 4869
0.003104 4869
0.003105 4870
0.003106 4870
0.003107 4870
0.003108 4870
0.003109 4870
0.00311 4870
0.003111 4871
0.003112 4872
0.003113 4872
0.003114 4872
0.003115 4871
0.003116 4871
0.003117 4871
0.003118 4871
0.003119 4871
0.00312 4871
0.003121 4871
0.003122 4871
0.003123 4870
0.003124 4870
0.003125 4870
0.003126 4870
0.003127 4870
0.003128 4870
0.003129 4870
0.00313 4870
0.003131 4869
0.003132 4869
0.003133 4869
0.003134 4868
0.003135 4865
0.003136 4865
0.003137 4865
0.003138 4865
0.003139 4866
0.00314 4867
0.003141 4867
0.003142 4867
0.003143 4867
0.003144 4867
0.003145 4867
0.003146 4867
0.003147 4867
0.003148 4867
0.003149 4867
0.00315 4867
0.003151 4867
0.003152 4867
0.003153 4867
0.003154 4866
0.003155 4866
0.003156 4865
0.003157 4865
0.003158 4865
0.003159 4865
0.00316 4865
0.003161 4865
0.003162 4865
0.003163 4866
0.003164 4865
0.003165 4865
0.003166 4865
0.003167 4865
0.003168 4865
0.003169 4865
0.00317 4865
0.003171 4865
0.003172 4865
0.003173 4865
0.003174 4865
0.003175 4865
0.003176 4865
0.003177 4865
0.003178 4864
0.003179 4864
0.00318 4862
0.003181 4862
0.003182 4862
0.003183 4862
0.003184 4862
0.003185 4862
0.003186 4863
0.003187 4863
0.003188 4863
0.003189 4863
0.00319 4863
0.003191 4863
0.003192 4863
0.003193 4863
0.003194 4863
0.003195 4863
0.003196 4863
0.003197 4863
0.003198 4863
0.003199 4864
0.0032 4864
0.003201 4866
0.003202 4866
0.003203 4867
0.003204 4867
0.003205 4867
0.003206 4867
0.003207 4867
0.003208 4866
0.003209 4866
0.00321 4866
0.003211 4867
0.003212 4867
0.003213 4866
0.003214 4865
0.003215 4865
0.003216 4865
0.003217 4864
0.003218 4864
0.003219 4865
0.00322 4865
0.003221 4865
0.003222 4864
0.003223 4864
0.003224 4864
0.003225 4864
0.003226 4864
0.003227 4863
0.003228 4863
0.003229 4864
0.00323 4864
0.003231 4864
0.003232 4864
0.003233 4864
0.003234 4864
0.003235 4864
0.003236 4864
0.003237 4864
0.003238 4864
0.003239 4864
0.00324 4864
0.003241 4864
0.003242 4865
0.003243 4865
0.003244 4865
0.003245 4865
0.003246 4865
0.003247 4865
0.003248 4865
0.003249 4866
0.00325 4866
0.003251 4867
0.003252 4867
0.003253 4867
0.003254 4867
0.003255 4867
0.003256 4868
0.003257 4868
0.003258 4867
0.003259 4867
0.00326 4867
0.003261 4868
0.003262 4868
0.003263 4867
0.003264 4868
0.003265 4869
0.003266 4869
0.003267 4869
0.003268 4869
0.003269 4869
0.00327 4868
0.003271 4869
0.003272 4868
0.003273 4868
0.003274 4868
0.003275 4868
0.003276 4868
0.003277 4868
0.003278 4868
0.003279 4867
0.00328 4867
0.003281 4866
0.003282 4866
0.003283 4866
0.003284 4866
0.003285 4866
0.003286 4866
0.003287 4865
0.003288 4865
0.003289 4864
0.00329 4865
0.003291 4865
0.003292 4865
0.003293 4866
0.003294 4866
0.003295 4866
0.003296 4865
0.003297 4865
0.003298 4865
0.003299 4865
0.0033 4865
0.003301 4864
0.003302 4864
0.003303 4864
0.003304 4864
0.003305 4864
0.003306 4864
0.003307 4864
0.003308 4864
0.003309 4864
0.00331 4864
0.003311 4864
0.003312 4864
0.003313 4863
0.003314 4864
0.003315 4864
0.003316 4864
0.003317 4864
0.003318 4864
0.003319 4864
0.00332 4865
0.003321 4865
0.003322 4865
0.003323 4865
0.003324 4864
0.003325 4864
0.003326 4864
0.003327 4864
0.003328 4864
0.003329 4865
0.00333 4865
0.003331 4865
0.003332 4865
0.003333 4866
0.003334 4866
0.003335 4866
0.003336 4865
0.003337 4865
0.003338 4865
0.003339 4865
0.00334 4865
0.003341 4865
0.003342 4865
0.003343 4866
0.003344 4866
0.003345 4866
0.003346 4866
0.003347 4866
0.003348 4866
0.003349 4865
0.00335 4865
0.003351 4865
0.003352 4864
0.003353 4864
0.003354 4864
0.003355 4864
0.003356 4864
0.003357 4864
0.003358 4864
0.003359 4865
0.00336 4865
0.003361 4864
0.003362 4864
0.003363 4864
0.003364 4864
0.003365 4863
0.003366 4862
0.003367 4863
0.003368 4864
0.003369 4864
0.00337 4864
0.003371 4866
0.003372 4865
0.003373 4865
0.003374 4865
0.003375 4865
0.003376 4865
0.003377 4865
0.003378 4865
0.003379 4865
0.00338 4865
0.003381 4865
0.003382 4865
0.003383 4865
0.003384 4864
0.003385 4865
0.003386 4865
0.003387 4864
0.003388 4864
0.003389 4864
0.00339 4864
0.003391 4865
0.003392 4865
0.003393 4863
0.003394 4863
0.003395 4865
0.003396 4865
0.003397 4866
0.003398 4866
0.003399 4866
0.0034 4866
0.003401 4866
0.003402 4865
0.003403 4865
0.003404 4865
0.003405 4864
0.003406 4864
0.003407 4864
0.003408 4864
0.003409 4864
0.00341 4864
0.003411 4864
0.003412 4864
0.003413 4864
0.003414 4864
0.003415 4862
0.003416 4862
0.003417 4862
0.003418 4861
0.003419 4861
0.00342 4860
0.003421 4860
0.003422 4860
0.003423 4859
0.003424 4859
0.003425 4859
0.003426 4859
0.003427 4858
0.003428 4858
0.003429 4859
0.00343 4859
0.003431 4859
0.003432 4860
0.003433 4860
0.003434 4860
0.003435 4860
0.003436 4859
0.003437 4859
0.003438 4858
0.003439 4858
0.00344 4858
0.003441 4858
0.003442 4856
0.003443 4856
0.003444 4856
0.003445 4856
0.003446 4856
0.003447 4856
0.003448 4856
0.003449 4856
0.00345 4856
0.003451 4856
0.003452 4855
0.003453 4855
0.003454 4855
0.003455 4855
0.003456 4854
0.003457 4854
0.003458 4854
0.003459 4854
0.00346 4854
0.003461 4854
0.003462 4856
0.003463 4856
0.003464 4856
0.003465 4856
0.003466 4856
0.003467 4856
0.003468 4856
0.003469 4856
0.00347 4856
0.003471 4857
0.003472 4857
0.003473 4857
0.003474 4855
0.003475 4855
0.003476 4856
0.003477 4856
0.003478 4856
0.003479 4857
0.00348 4858
0.003481 4858
0.003482 4859
0.003483 4859
0.003484 4859
0.003485 4859
0.003486 4859
0.003487 4859
0.003488 4859
0.003489 4859
0.00349 4860
0.003491 4860
0.003492 4860
0.003493 4860
0.003494 4860
0.003495 4860
0.003496 4860
0.003497 4860
0.003498 4859
0.003499 4859
0.0035 4861
0.003501 4861
0.003502 4861
0.003503 4861
0.003504 4861
0.003505 4861
0.003506 4862
0.003507 4862
0.003508 4862
0.003509 4862
0.00351 4862
0.003511 4862
0.003512 4861
0.003513 4862
0.003514 4862
0.003515 4862
0.003516 4862
0.003517 4862
0.003518 4862
0.003519 4862
0.00352 4862
0.003521 4862
0.003522 4862
0.003523 4863
0.003524 4864
0.003525 4864
0.003526 4864
0.003527 4864
0.003528 4864
0.003529 4864
0.00353 4864
0.003531 4865
0.003532 4865
0.003533 4865
0.003534 4865
0.003535 4865
0.003536 4865
0.003537 4865
0.003538 4865
0.003539 4865
0.00354 4865
0.003541 4866
0.003542 4865
0.003543 4866
0.003544 4865
0.003545 4865
0.003546 4864
0.003547 4865
0.003548 4865
0.003549 4865
0.00355 4865
0.003551 4866
0.003552 4866
0.003553 4866
0.003554 4866
0.003555 4866
0.003556 4866
0.003557 4866
0.003558 4866
0.003559 4866
0.00356 4866
0.003561 4865
0.003562 4865
0.003563 4866
0.003564 4866
0.003565 4866
0.003566 4866
0.003567 4866
0.003568 4866
0.003569 4866
0.00357 4866
0.003571 4866
0.003572 4867
0.003573 4867
0.003574 4867
0.003575 4867
0.003576 4867
0.003577 4867
0.003578 4867
0.003579 4867
0.00358 4867
0.003581 4867
0.003582 4867
0.003583 4868
0.003584 4868
0.003585 4868
0.003586 4868
0.003587 4867
0.003588 4869
0.003589 4869
0.00359 4869
0.003591 4869
0.003592 4869
0.003593 4869
0.003594 4869
0.003595 4869
0.003596 4869
0.003597 4869
0.003598 4870
0.003599 4870
0.0036 4870
0.003601 4870
0.003602 4870
0.003603 4869
0.003604 4869
0.003605 4869
0.003606 4869
0.003607 4869
0.003608 4868
0.003609 4868
0.00361 4867
0.003611 4866
0.003612 4866
0.003613 4866
0.003614 4866
0.003615 4866
0.003616 4866
0.003617 4865
0.003618 4864
0.003619 4864
0.00362 4864
0.003621 4864
0.003622 4865
0.003623 4864
0.003624 4864
0.003625 4864
0.003626 4864
0.003627 4864
0.003628 4864
0.003629 4864
0.00363 4863
0.003631 4862
0.003632 4863
0.003633 4863
0.003634 4861
0.003635 4861
0.003636 4860
0.003637 4859
0.003638 4859
0.003639 4859
0.00364 4859
0.003641 4860
0.003642 4860
0.003643 4860
0.003644 4860
0.003645 4861
0.003646 4861
0.003647 4860
0.003648 4861
0.003649 4861
0.00365 4861
0.003651 4860
0.003652 4860
0.003653 4860
0.003654 4860
0.003655 4862
0.003656 4862
0.003657 4862
0.003658 4862
0.003659 4862
0.00366 4862
0.003661 4863
0.003662 4862
0.003663 4862
0.003664 4862
0.003665 4863
0.003666 4863
0.003667 4863
0.003668 4863
0.003669 4863
0.00367 4863
0.003671 4863
0.003672 4863
0.003673 4863
0.003674 4863
0.003675 4864
0.003676 4863
0.003677 4863
0.003678 4864
0.003679 4864
0.00368 4864
0.003681 4864
0.003682 4864
0.003683 4864
0.003684 4863
0.003685 4863
0.003686 4863
0.003687 4863
0.003688 4863
0.003689 4863
0.00369 4863
0.003691 4863
0.003692 4863
0.003693 4863
0.003694 4863
0.003695 4863
0.003696 4863
0.003697 4864
0.003698 4864
0.003699 4864
0.0037 4864
0.003701 4863
0.003702 4864
0.003703 4864
0.003704 4864
0.003705 4864
0.003706 4864
0.003707 4864
0.003708 4864
0.003709 4865
0.00371 4865
0.003711 4866
0.003712 4865
0.003713 4865
0.003714 4865
0.003715 4865
0.003716 4865
0.003717 4865
0.003718 4865
0.003719 4866
0.00372 4866
0.003721 4866
0.003722 4866
0.003723 4866
0.003724 4866
0.003725 4866
0.003726 4866
0.003727 4865
0.003728 4864
0.003729 4867
0.00373 4867
0.003731 4866
0.003732 4866
0.003733 4866
0.003734 4866
0.003735 4866
0.003736 4866
0.003737 4865
0.003738 4865
0.003739 4865
0.00374 4865
0.003741 4865
0.003742 4865
0.003743 4865
0.003744 4865
0.003745 4865
0.003746 4865
0.003747 4865
0.003748 4864
0.003749 4864
0.00375 4864
0.003751 4864
0.003752 4864
0.003753 4864
0.003754 4864
0.003755 4864
0.003756 4864
0.003757 4864
0.003758 4864
0.003759 4865
0.00376 4865
0.003761 4864
0.003762 4864
0.003763 4862
0.003764 4862
0.003765 4861
0.003766 4861
0.003767 4861
0.003768 4861
0.003769 4862
0.00377 4862
0.003771 4861
0.003772 4861
0.003773 4861
0.003774 4861
0.003775 4861
0.003776 4861
0.003777 4862
0.003778 4862
0.003779 4861
0.00378 4861
0.003781 4861
0.003782 4861
0.003783 4862
0.003784 4862
0.003785 4862
0.003786 4862
0.003787 4862
0.003788 4862
0.003789 4861
0.00379 4861
0.003791 4862
0.003792 4862
0.003793 4861
0.003794 4861
0.003795 4861
0.003796 4860
0.003797 4860
0.003798 4860
0.003799 4860
0.0038 4859
0.003801 4859
0.003802 4859
0.003803 4859
0.003804 4859
0.003805 4859
0.003806 4859
0.003807 4860
0.003808 4860
0.003809 4860
0.00381 4860
0.003811 4860
0.003812 4861
0.003813 4862
0.003814 4862
0.003815 4862
0.003816 4863
0.003817 4864
0.003818 4863
0.003819 4863
0.00382 4863
0.003821 4863
0.003822 4864
0.003823 4864
0.003824 4864
0.003825 4864
0.003826 4864
0.003827 4864
0.003828 4862
0.003829 4862
0.00383 4862
0.003831 4862
0.003832 4862
0.003833 4862
0.003834 4862
0.003835 4862
0.003836 4861
0.003837 4862
0.003838 4862
0.003839 4861
0.00384 4861
0.003841 4861
0.003842 4861
0.003843 4861
0.003844 4862
0.003845 4862
0.003846 4862
0.003847 4862
0.003848 4862
0.003849 4862
0.00385 4862
0.003851 4861
0.003852 4861
0.003853 4861
0.003854 4861
0.003855 4862
0.003856 4862
0.003857 4862
0.003858 4862
0.003859 4862
0.00386 4861
0.003861 4861
0.003862 4861
0.003863 4860
0.003864 4860
0.003865 4860
0.003866 4859
0.003867 4859
0.003868 4859
0.003869 4860
0.00387 4861
0.003871 4861
0.003872 4860
0.003873 4860
0.003874 4860
0.003875 4860
0.003876 4859
0.003877 4859
0.003878 4859
0.003879 4859
0.00388 4859
0.003881 4859
0.003882 4859
0.003883 4858
0.003884 4859
0.003885 4859
0.003886 4860
0.003887 4860
0.003888 4860
0.003889 4860
0.00389 4860
0.003891 4860
0.003892 4860
0.003893 4860
0.003894 4859
0.003895 4860
0.003896 4861
0.003897 4861
0.003898 4861
0.003899 4860
0.0039 4860
0.003901 4861
0.003902 4861
0.003903 4861
0.003904 4861
0.003905 4861
0.003906 4861
0.003907 4861
0.003908 4862
0.003909 4862
0.00391 4862
0.003911 4863
0.003912 4863
0.003913 4862
0.003914 4861
0.003915 4861
0.003916 4860
0.003917 4860
0.003918 4860
0.003919 4860
0.00392 4860
0.003921 4861
0.003922 4861
0.003923 4861
0.003924 4861
0.003925 4860
0.003926 4861
0.003927 4861
0.003928 4861
0.003929 4861
0.00393 4861
0.003931 4861
0.003932 4861
0.003933 4860
0.003934 4860
0.003935 4860
0.003936 4860
0.003937 4860
0.003938 4859
0.003939 4859
0.00394 4859
0.003941 4859
0.003942 4859
0.003943 4859
0.003944 4859
0.003945 4859
0.003946 4860
0.003947 4860
0.003948 4861
0.003949 4861
0.00395 4862
0.003951 4862
0.003952 4862
0.003953 4862
0.003954 4862
0.003955 4862
0.003956 4862
0.003957 4862
0.003958 4861
0.003959 4861
0.00396 4861
0.003961 4861
0.003962 4861
0.003963 4861
0.003964 4861
0.003965 4861
0.003966 4861
0.003967 4861
0.003968 4861
0.003969 4861
0.00397 4861
0.003971 4861
0.003972 4861
0.003973 4861
0.003974 4862
0.003975 4862
0.003976 4862
0.003977 4862
0.003978 4862
0.003979 4862
0.00398 4862
0.003981 4862
0.003982 4862
0.003983 4863
0.003984 4863
0.003985 4863
0.003986 4863
0.003987 4862
0.003988 4862
0.003989 4861
0.00399 4862
0.003991 4862
0.003992 4862
0.003993 4862
0.003994 4862
0.003995 4862
0.003996 4861
0.003997 4861
0.003998 4860
0.003999 4860
0.004 4860
0.004001 4860
0.004002 4859
0.004003 4859
0.004004 4860
0.004005 4860
0.004006 4860
0.004007 4860
0.004008 4860
0.004009 4860
0.00401 4860
0.004011 4860
0.004012 4859
0.004013 4859
0.004014 4859
0.004015 4861
0.004016 4861
0.004017 4861
0.004018 4861
0.004019 4861
0.00402 4861
0.004021 4860
0.004022 4861
0.004023 4861
0.004024 4860
0.004025 4861
0.004026 4861
0.004027 4861
0.004028 4861
0.004029 4861
0.00403 4861
0.004031 4861
0.004032 4861
0.004033 4861
0.004034 4861
0.004035 4861
0.004036 4861
0.004037 4861
0.004038 4861
0.004039 4861
0.00404 4861
0.004041 4861
0.004042 4861
0.004043 4862
0.004044 4862
0.004045 4862
0.004046 4862
0.004047 4862
0.004048 4862
0.004049 4862
0.00405 4862
0.004051 4862
0.004052 4862
0.004053 4863
0.004054 4864
0.004055 4863
0.004056 4863
0.004057 4863
0.004058 4863
0.004059 4863
0.00406 4863
0.004061 4863
0.004062 4863
0.004063 4863
0.004064 4864
0.004065 4864
0.004066 4864
0.004067 4864
0.004068 4864
0.004069 4864
0.00407 4864
0.004071 4864
0.004072 4867
0.004073 4867
0.004074 4867
0.004075 4867
0.004076 4866
0.004077 4866
0.004078 4866
0.004079 4866
0.00408 4866
0.004081 4866
0.004082 4866
0.004083 4866
0.004084 4866
0.004085 4867
0.004086 4867
0.004087 4867
0.004088 4867
0.004089 4867
0.00409 4867
0.004091 4867
0.004092 4867
0.004093 4867
0.004094 4866
0.004095 4866
0.004096 4865
0.004097 4865
0.004098 4866
0.004099 4868
0.0041 4868
0.004101 4868
0.004102 4868
0.004103 4868
0.004104 4869
0.004105 4869
0.004106 4869
0.004107 4869
0.004108 4869
0.004109 4869
0.00411 4869
0.004111 4870
0.004112 4869
0.004113 4869
0.004114 4869
0.004115 4869
0.004116 4869
0.004117 4869
0.004118 4869
0.004119 4869
0.00412 4869
0.004121 4869
0.004122 4869
0.004123 4869
0.004124 4869
0.004125 4869
0.004126 4869
0.004127 4869
0.004128 4870
0.004129 4870
0.00413 4870
0.004131 4870
0.004132 4870
0.004133 4870
0.004134 4871
0.004135 4871
0.004136 4871
0.004137 4870
0.004138 4870
0.004139 4870
0.00414 4870
0.004141 4869
0.004142 4869
0.004143 4870
0.004144 4869
0.004145 4869
0.004146 4869
0.004147 4869
0.004148 4870
0.004149 4871
0.00415 4872
0.004151 4870
0.004152 4870
0.004153 4871
0.004154 4870
0.004155 4871
0.004156 4870
0.004157 4871
0.004158 4871
0.004159 4872
0.00416 4872
0.004161 4872
0.004162 4872
0.004163 4872
0.004164 4871
0.004165 4872
0.004166 4872
0.004167 4872
0.004168 4872
0.004169 4871
0.00417 4871
0.004171 4871
0.004172 4870
0.004173 4870
0.004174 4870
0.004175 4869
0.004176 4870
0.004177 4870
0.004178 4870
0.004179 4870
0.00418 4870
0.004181 4870
0.004182 4870
0.004183 4870
0.004184 4870
0.004185 4870
0.004186 4870
0.004187 4870
0.004188 4871
0.004189 4871
0.00419 4870
0.004191 4870
0.004192 4870
0.004193 4870
0.004194 4870
0.004195 4869
0.004196 4868
0.004197 4869
0.004198 4869
0.004199 4869
0.0042 4869
0.004201 4869
0.004202 4869
0.004203 4869
0.004204 4868
0.004205 4868
0.004206 4868
0.004207 4869
0.004208 4869
0.004209 4869
0.00421 4869
0.004211 4869
0.004212 4869
0.004213 4869
0.004214 4869
0.004215 4870
0.004216 4870
0.004217 4870
0.004218 4870
0.004219 4870
0.00422 4869
0.004221 4869
0.004222 4869
0.004223 4869
0.004224 4868
0.004225 4868
0.004226 4867
0.004227 4867
0.004228 4867
0.004229 4868
0.00423 4868
0.004231 4868
0.004232 4869
0.004233 4869
0.004234 4869
0.004235 4869
0.004236 4868
0.004237 4868
0.004238 4866
0.004239 4867
0.00424 4867
0.004241 4867
0.004242 4867
0.004243 4868
0.004244 4868
0.004245 4868
0.004246 4868
0.004247 4869
0.004248 4869
0.004249 4869
0.00425 4869
0.004251 4869
0.004252 4869
0.004253 4869
0.004254 4869
0.004255 4869
0.004256 4869
0.004257 4869
0.004258 4870
0.004259 4871
0.00426 4870
0.004261 4870
0.004262 4870
0.004263 4870
0.004264 4870
0.004265 4870
0.004266 4870
0.004267 4870
0.004268 4870
0.004269 4870
0.00427 4870
0.004271 4870
0.004272 4870
0.004273 4870
0.004274 4870
0.004275 4870
0.004276 4870
0.004277 4870
0.004278 4870
0.004279 4870
0.00428 4869
0.004281 4869
0.004282 4869
0.004283 4869
0.004284 4870
0.004285 4870
0.004286 4870
0.004287 4871
0.004288 4871
0.004289 4871
0.00429 4871
0.004291 4871
0.004292 4871
0.004293 4871
0.004294 4871
0.004295 4871
0.004296 4871
0.004297 4871
0.004298 4871
0.004299 4872
0.0043 4871
0.004301 4871
0.004302 4871
0.004303 4872
0.004304 4872
0.004305 4872
0.004306 4872
0.004307 4872
0.004308 4872
0.004309 4872
0.00431 4872
0.004311 4872
0.004312 4871
0.004313 4872
0.004314 4872
0.004315 4872
0.004316 4872
0.004317 4872
0.004318 4872
0.004319 4872
0.00432 4872
0.004321 4872
0.004322 4872
0.004323 4872
0.004324 4872
0.004325 4872
0.004326 4872
0.004327 4872
0.004328 4872
0.004329 4872
0.00433 4872
0.004331 4872
0.004332 4872
0.004333 4872
0.004334 4872
0.004335 4872
0.004336 4872
0.004337 4872
0.004338 4872
0.004339 4872
0.00434 4872
0.004341 4874
0.004342 4874
0.004343 4874
0.004344 4872
0.004345 4872
0.004346 4872
0.004347 4872
0.004348 4870
0.004349 4870
0.00435 4870
0.004351 4871
0.004352 4871
0.004353 4871
0.004354 4871
0.004355 4871
0.004356 4871
0.004357 4871
0.004358 4869
0.004359 4869
0.00436 4869
0.004361 4869
0.004362 4869
0.004363 4869
0.004364 4870
0.004365 4870
0.004366 4868
0.004367 4868
0.004368 4868
0.004369 4868
0.00437 4868
0.004371 4868
0.004372 4868
0.004373 4868
0.004374 4869
0.004375 4869
0.004376 4870
0.004377 4872
0.004378 4872
0.004379 4872
0.00438 4872
0.004381 4871
0.004382 4870
0.004383 4870
0.004384 4870
0.004385 4870
0.004386 4870
0.004387 4869
0.004388 4869
0.004389 4868
0.00439 4868
0.004391 4868
0.004392 4868
0.004393 4866
0.004394 4866
0.004395 4866
0.004396 4866
0.004397 4866
0.004398 4866
0.004399 4866
0.0044 4866
0.004401 4866
0.004402 4866
0.004403 4866
0.004404 4867
0.004405 4867
0.004406 4867
0.004407 4867
0.004408 4867
0.004409 4867
0.00441 4867
0.004411 4867
0.004412 4867
0.004413 4865
0.004414 4865
0.004415 4865
0.004416 4865
0.004417 4865
0.004418 4865
0.004419 4866
0.00442 4866
0.004421 4866
0.004422 4866
0.004423 4866
0.004424 4866
0.004425 4866
0.004426 4866
0.004427 4867
0.004428 4866
0.004429 4866
0.00443 4866
0.004431 4866
0.004432 4866
0.004433 4866
0.004434 4866
0.004435 4866
0.004436 4866
0.004437 4864
0.004438 4863
0.004439 4863
0.00444 4863
0.004441 4862
0.004442 4862
0.004443 4862
0.004444 4862
0.004445 4862
0.004446 4862
0.004447 4863
0.004448 4862
0.004449 4863
0.00445 4863
0.004451 4863
0.004452 4863
0.004453 4863
0.004454 4865
0.004455 4865
0.004456 4865
0.004457 4864
0.004458 4864
0.004459 4864
0.00446 4864
0.004461 4864
0.004462 4864
0.004463 4864
0.004464 4864
0.004465 4864
0.004466 4864
0.004467 4864
0.004468 4864
0.004469 4864
0.00447 4863
0.004471 4863
0.004472 4863
0.004473 4863
0.004474 4862
0.004475 4862
0.004476 4863
0.004477 4863
0.004478 4863
0.004479 4863
0.00448 4863
0.004481 4863
0.004482 4863
0.004483 4863
0.004484 4864
0.004485 4863
0.004486 4863
0.004487 4863
0.004488 4863
0.004489 4864
0.00449 4864
0.004491 4864
0.004492 4864
0.004493 4864
0.004494 4864
0.004495 4864
0.004496 4864
0.004497 4865
0.004498 4865
0.004499 4865
0.0045 4866
0.004501 4867
0.004502 4867
0.004503 4866
0.004504 4867
0.004505 4866
0.004506 4866
0.004507 4866
0.004508 4866
0.004509 4866
0.00451 4866
0.004511 4868
0.004512 4867
0.004513 4867
0.004514 4867
0.004515 4865
0.004516 4865
0.004517 4865
0.004518 4867
0.004519 4867
0.00452 4867
0.004521 4869
0.004522 4869
0.004523 4869
0.004524 4869
0.004525 4869
0.004526 4869
0.004527 4870
0.004528 4871
0.004529 4870
0.00453 4870
0.004531 4870
0.004532 4870
0.004533 4870
0.004534 4870
0.004535 4870
0.004536 4870
0.004537 4870
0.004538 4871
0.004539 4871
0.00454 4871
0.004541 4871
0.004542 4873
0.004543 4873
0.004544 4873
0.004545 4872
0.004546 4872
0.004547 4872
0.004548 4872
0.004549 4872
0.00455 4872
0.004551 4872
0.004552 4873
0.004553 4873
0.004554 4873
0.004555 4872
0.004556 4873
0.004557 4873
0.004558 4873
0.004559 4873
0.00456 4872
0.004561 4872
0.004562 4871
0.004563 4872
0.004564 4872
0.004565 4872
0.004566 4872
0.004567 4872
0.004568 4872
0.004569 4872
0.00457 4872
0.004571 4873
0.004572 4872
0.004573 4872
0.004574 4873
0.004575 4873
0.004576 4872
0.004577 4873
0.004578 4873
0.004579 4873
0.00458 4873
0.004581 4873
0.004582 4874
0.004583 4874
0.004584 4874
0.004585 4874
0.004586 4874
0.004587 4874
0.004588 4873
0.004589 4873
0.00459 4872
0.004591 4872
0.004592 4872
0.004593 4873
0.004594 4873
0.004595 4873
0.004596 4872
0.004597 4872
0.004598 4871
0.004599 4871
0.0046 4872
0.004601 4873
0.004602 4873
0.004603 4872
0.004604 4872
0.004605 4872
0.004606 4872
0.004607 4872
0.004608 4872
0.004609 4872
0.00461 4872
0.004611 4872
0.004612 4872
0.004613 4871
0.004614 4872
0.004615 4872
0.004616 4872
0.004617 4872
0.004618 4872
0.004619 4872
0.00462 4872
0.004621 4872
0.004622 4872
0.004623 4872
0.004624 4872
0.004625 4873
0.004626 4874
0.004627 4874
0.004628 4875
0.004629 4875
0.00463 4875
0.004631 4874
0.004632 4874
0.004633 4873
0.004634 4874
0.004635 4874
0.004636 4874
0.004637 4874
0.004638 4874
0.004639 4873
0.00464 4873
0.004641 4873
0.004642 4873
0.004643 4873
0.004644 4873
0.004645 4873
0.004646 4873
0.004647 4875
0.004648 4876
0.004649 4875
0.00465 4876
0.004651 4876
0.004652 4876
0.004653 4876
0.004654 4876
0.004655 4875
0.004656 4877
0.004657 4877
0.004658 4877
0.004659 4877
0.00466 4877
0.004661 4878
0.004662 4878
0.004663 4878
0.004664 4877
0.004665 4877
0.004666 4877
0.004667 4876
0.004668 4876
0.004669 4875
0.00467 4875
0.004671 4875
0.004672 4875
0.004673 4875
0.004674 4875
0.004675 4875
0.004676 4875
0.004677 4875
0.004678 4874
0.004679 4874
0.00468 4874
0.004681 4874
0.004682 4874
0.004683 4874
0.004684 4874
0.004685 4874
0.004686 4874
0.004687 4873
0.004688 4873
0.004689 4873
0.00469 4873
0.004691 4873
0.004692 4873
0.004693 4873
0.004694 4873
0.004695 4872
0.004696 4871
0.004697 4871
0.004698 4870
0.004699 4868
0.0047 4868
0.004701 4870
0.004702 4870
0.004703 4870
0.004704 4871
0.004705 4871
0.004706 4872
0.004707 4872
0.004708 4872
0.004709 4872
0.00471 4872
0.004711 4872
0.004712 4870
0.004713 4870
0.004714 4870
0.004715 4871
0.004716 4872
0.004717 4874
0.004718 4874
0.004719 4874
0.00472 4874
0.004721 4874
0.004722 4874
0.004723 4875
0.004724 4875
0.004725 4876
0.004726 4875
0.004727 4875
0.004728 4875
0.004729 4875
0.00473 4875
0.004731 4875
0.004732 4875
0.004733 4875
0.004734 4875
0.004735 4875
0.004736 4874
0.004737 4874
0.004738 4874
0.004739 4874
0.00474 4873
0.004741 4873
0.004742 4874
0.004743 4875
0.004744 4874
0.004745 4873
0.004746 4873
0.004747 4873
0.004748 4872
0.004749 4872
0.00475 4873
0.004751 4873
0.004752 4873
0.004753 4873
0.004754 4872
0.004755 4871
0.004756 4871
0.004757 4870
0.004758 4870
0.004759 4870
0.00476 4872
0.004761 4872
0.004762 4872
0.004763 4872
0.004764 4872
0.004765 4872
0.004766 4873
0.004767 4873
0.004768 4873
0.004769 4874
0.00477 4874
0.004771 4874
0.004772 4876
0.004773 4877
0.004774 4877
0.004775 4877
0.004776 4877
0.004777 4877
0.004778 4877
0.004779 4876
0.00478 4876
0.004781 4876
0.004782 4876
0.004783 4876
0.004784 4876
0.004785 4876
0.004786 4876
0.004787 4875
0.004788 4875
0.004789 4875
0.00479 4875
0.004791 4875
0.004792 4876
0.004793 4876
0.004794 4874
0.004795 4874
0.004796 4874
0.004797 4874
0.004798 4874
0.004799 4873
0.0048 4873
0.004801 4872
0.004802 4872
0.004803 4872
0.004804 4872
0.004805 4872
0.004806 4871
0.004807 4872
0.004808 4872
0.004809 4873
0.00481 4873
0.004811 4872
0.004812 4872
0.004813 4872
0.004814 4872
0.004815 4872
0.004816 4872
0.004817 4871
0.004818 4871
0.004819 4871
0.00482 4872
0.004821 4872
0.004822 4872
0.004823 4872
0.004824 4873
0.004825 4872
0.004826 4873
0.004827 4873
0.004828 4873
0.004829 4873
0.00483 4872
0.004831 4872
0.004832 4872
0.004833 4873
0.004834 4873
0.004835 4873
0.004836 4874
0.004837 4874
0.004838 4874
0.004839 4874
0.00484 4873
0.004841 4873
0.004842 4875
0.004843 4875
0.004844 4875
0.004845 4875
0.004846 4876
0.004847 4876
0.004848 4878
0.004849 4878
0.00485 4877
0.004851 4877
0.004852 4877
0.004853 4877
0.004854 4877
0.004855 4878
0.004856 4878
0.004857 4878
0.004858 4879
0.004859 4879
0.00486 4880
0.004861 4880
0.004862 4880
0.004863 4879
0.004864 4879
0.004865 4878
0.004866 4878
0.004867 4876
0.004868 4876
0.004869 4876
0.00487 4876
0.004871 4877
0.004872 4877
0.004873 4877
0.004874 4877
0.004875 4877
0.004876 4877
0.004877 4877
0.004878 4878
0.004879 4878
0.00488 4878
0.004881 4877
0.004882 4877
0.004883 4877
0.004884 4877
0.004885 4877
0.004886 4877
0.004887 4876
0.004888 4876
0.004889 4876
0.00489 4876
0.004891 4875
0.004892 4875
0.004893 4876
0.004894 4876
0.004895 4875
0.004896 4874
0.004897 4874
0.004898 4874
0.004899 4874
0.0049 4874
0.004901 4873
0.004902 4872
0.004903 4872
0.004904 4873
0.004905 4873
0.004906 4873
0.004907 4873
0.004908 4874
0.004909 4874
0.00491 4873
0.004911 4873
0.004912 4873
0.004913 4873
0.004914 4874
0.004915 4875
0.004916 4875
0.004917 4875
0.004918 4874
0.004919 4874
0.00492 4873
0.004921 4873
0.004922 4874
0.004923 4874
0.004924 4873
0.004925 4873
0.004926 4874
0.004927 4874
0.004928 4874
0.004929 4874
0.00493 4874
0.004931 4874
0.004932 4874
0.004933 4874
0.004934 4874
0.004935 4874
0.004936 4874
0.004937 4874
0.004938 4874
0.004939 4874
0.00494 4875
0.004941 4876
0.004942 4876
0.004943 4876
0.004944 4876
0.004945 4876
0.004946 4875
0.004947 4875
0.004948 4875
0.004949 4875
0.00495 4875
0.004951 4875
0.004952 4875
0.004953 4876
0.004954 4876
0.004955 4876
0.004956 4876
0.004957 4876
0.004958 4876
0.004959 4875
0.00496 4875
0.004961 4875
0.004962 4875
0.004963 4875
0.004964 4875
0.004965 4875
0.004966 4875
0.004967 4875
0.004968 4875
0.004969 4875
0.00497 4875
0.004971 4876
0.004972 4876
0.004973 4876
0.004974 4876
0.004975 4875
0.004976 4875
0.004977 4875
0.004978 4875
0.004979 4875
0.00498 4875
0.004981 4875
0.004982 4875
0.004983 4875
0.004984 4875
0.004985 4875
0.004986 4875
0.004987 4875
0.004988 4875
0.004989 4877
0.00499 4877
0.004991 4878
0.004992 4878
0.004993 4878
0.004994 4878
0.004995 4879
0.004996 4880
0.004997 4880
0.004998 4880
0.004999 4880
0.005 4880
