0 591
1e-06 590
2e-06 590
3e-06 592
4e-06 593
5e-06 595
6e-06 596
7e-06 602
8e-06 605
9e-06 607
1e-05 608
1.1e-05 611
1.2e-05 611
1.3e-05 610
1.4e-05 611
1.5e-05 614
1.6e-05 615
1.7e-05 616
1.8e-05 617
1.9e-05 618
2e-05 620
2.1e-05 625
2.2e-05 625
2.3e-05 623
2.4e-05 625
2.5e-05 627
2.6e-05 626
2.7e-05 631
2.8e-05 632
2.9e-05 636
3e-05 635
3.1e-05 641
3.2e-05 640
3.3e-05 642
3.4e-05 644
3.5e-05 645
3.6e-05 644
3.7e-05 644
3.8e-05 646
3.9e-05 651
4e-05 652
4.1e-05 653
4.2e-05 655
4.3e-05 657
4.4e-05 655
4.5e-05 655
4.6e-05 658
4.7e-05 659
4.8e-05 660
4.9e-05 662
5e-05 661
5.1e-05 665
5.2e-05 666
5.3e-05 668
5.4e-05 669
5.5e-05 672
5.6e-05 673
5.7e-05 674
5.8e-05 675
5.9e-05 676
6e-05 679
6.1e-05 683
6.2e-05 686
6.3e-05 689
6.4e-05 690
6.5e-05 690
6.6e-05 692
6.7e-05 694
6.8e-05 696
6.9e-05 697
7e-05 696
7.1e-05 698
7.2e-05 699
7.3e-05 701
7.4e-05 704
7.5e-05 706
7.6e-05 706
7.7e-05 707
7.8e-05 710
7.9e-05 712
8e-05 713
8.1e-05 714
8.2e-05 713
8.3e-05 712
8.4e-05 713
8.5e-05 715
8.6e-05 713
8.7e-05 714
8.8e-05 715
8.9e-05 715
9e-05 714
9.1e-05 718
9.2e-05 717
9.3e-05 717
9.4e-05 717
9.5e-05 719
9.6e-05 721
9.7e-05 720
9.8e-05 721
9.9e-05 722
0.0001 722
0.000101 725
0.000102 725
0.000103 726
0.000104 730
0.000105 729
0.000106 729
0.000107 732
0.000108 732
0.000109 733
0.00011 734
0.000111 735
0.000112 736
0.000113 734
0.000114 737
0.000115 739
0.000116 741
0.000117 742
0.000118 742
0.000119 740
0.00012 741
0.000121 742
0.000122 741
0.000123 744
0.000124 745
0.000125 745
0.000126 748
0.000127 749
0.000128 752
0.000129 750
0.00013 753
0.000131 754
0.000132 756
0.000133 756
0.000134 756
0.000135 757
0.000136 757
0.000137 760
0.000138 759
0.000139 760
0.00014 762
0.000141 763
0.000142 764
0.000143 764
0.000144 766
0.000145 764
0.000146 761
0.000147 761
0.000148 761
0.000149 762
0.00015 762
0.000151 762
0.000152 762
0.000153 761
0.000154 761
0.000155 761
0.000156 762
0.000157 762
0.000158 762
0.000159 762
0.00016 761
0.000161 762
0.000162 763
0.000163 764
0.000164 764
0.000165 763
0.000166 763
0.000167 763
0.000168 763
0.000169 766
0.00017 767
0.000171 767
0.000172 767
0.000173 767
0.000174 769
0.000175 772
0.000176 770
0.000177 771
0.000178 772
0.000179 774
0.00018 774
0.000181 775
0.000182 775
0.000183 774
0.000184 776
0.000185 777
0.000186 777
0.000187 777
0.000188 777
0.000189 777
0.00019 779
0.000191 778
0.000192 779
0.000193 780
0.000194 781
0.000195 783
0.000196 782
0.000197 782
0.000198 781
0.000199 781
0.0002 781
0.000201 782
0.000202 782
0.000203 783
0.000204 786
0.000205 787
0.000206 787
0.000207 788
0.000208 789
0.000209 788
0.00021 788
0.000211 787
0.000212 788
0.000213 790
0.000214 790
0.000215 790
0.000216 792
0.000217 794
0.000218 794
0.000219 795
0.00022 795
0.000221 796
0.000222 796
0.000223 795
0.000224 795
0.000225 797
0.000226 795
0.000227 796
0.000228 796
0.000229 797
0.00023 796
0.000231 796
0.000232 795
0.000233 795
0.000234 795
0.000235 795
0.000236 795
0.000237 795
0.000238 795
0.000239 796
0.00024 796
0.000241 797
0.000242 797
0.000243 798
0.000244 799
0.000245 802
0.000246 803
0.000247 802
0.000248 802
0.000249 802
0.00025 802
0.000251 802
0.000252 802
0.000253 801
0.000254 801
0.000255 803
0.000256 803
0.000257 803
0.000258 804
0.000259 804
0.00026 804
0.000261 806
0.000262 806
0.000263 807
0.000264 807
0.000265 808
0.000266 809
0.000267 809
0.000268 810
0.000269 809
0.00027 809
0.000271 810
0.000272 811
0.000273 811
0.000274 811
0.000275 812
0.000276 812
0.000277 813
0.000278 813
0.000279 813
0.00028 812
0.000281 812
0.000282 812
0.000283 812
0.000284 811
0.000285 811
0.000286 811
0.000287 812
0.000288 812
0.000289 812
0.00029 812
0.000291 814
0.000292 814
0.000293 813
0.000294 813
0.000295 813
0.000296 813
0.000297 815
0.000298 817
0.000299 818
0.0003 819
0.000301 820
0.000302 821
0.000303 821
0.000304 821
0.000305 822
0.000306 823
0.000307 823
0.000308 824
0.000309 824
0.00031 823
0.000311 823
0.000312 826
0.000313 826
0.000314 826
0.000315 826
0.000316 826
0.000317 826
0.000318 826
0.000319 826
0.00032 826
0.000321 825
0.000322 826
0.000323 826
0.000324 826
0.000325 827
0.000326 827
0.000327 827
0.000328 827
0.000329 828
0.00033 828
0.000331 829
0.000332 828
0.000333 828
0.000334 828
0.000335 828
0.000336 829
0.000337 829
0.000338 829
0.000339 829
0.00034 830
0.000341 831
0.000342 831
0.000343 831
0.000344 831
0.000345 831
0.000346 830
0.000347 830
0.000348 830
0.000349 830
0.00035 831
0.000351 831
0.000352 833
0.000353 833
0.000354 834
0.000355 834
0.000356 834
0.000357 835
0.000358 835
0.000359 835
0.00036 835
0.000361 835
0.000362 836
0.000363 836
0.000364 836
0.000365 836
0.000366 836
0.000367 836
0.000368 836
0.000369 836
0.00037 836
0.000371 836
0.000372 836
0.000373 836
0.000374 836
0.000375 836
0.000376 836
0.000377 836
0.000378 837
0.000379 838
0.00038 839
0.000381 839
0.000382 839
0.000383 838
0.000384 838
0.000385 838
0.000386 838
0.000387 838
0.000388 838
0.000389 838
0.00039 838
0.000391 838
0.000392 839
0.000393 840
0.000394 840
0.000395 840
0.000396 840
0.000397 839
0.000398 839
0.000399 839
0.0004 839
0.000401 838
0.000402 838
0.000403 838
0.000404 839
0.000405 838
0.000406 838
0.000407 838
0.000408 838
0.000409 838
0.00041 839
0.000411 839
0.000412 839
0.000413 839
0.000414 839
0.000415 839
0.000416 839
0.000417 839
0.000418 839
0.000419 838
0.00042 838
0.000421 838
0.000422 838
0.000423 837
0.000424 837
0.000425 837
0.000426 839
0.000427 839
0.000428 839
0.000429 838
0.00043 838
0.000431 838
0.000432 838
0.000433 838
0.000434 838
0.000435 839
0.000436 840
0.000437 840
0.000438 840
0.000439 840
0.00044 841
0.000441 841
0.000442 841
0.000443 842
0.000444 843
0.000445 845
0.000446 845
0.000447 845
0.000448 845
0.000449 845
0.00045 845
0.000451 844
0.000452 844
0.000453 844
0.000454 845
0.000455 844
0.000456 845
0.000457 845
0.000458 845
0.000459 845
0.00046 845
0.000461 845
0.000462 845
0.000463 845
0.000464 844
0.000465 844
0.000466 846
0.000467 846
0.000468 846
0.000469 846
0.00047 846
0.000471 846
0.000472 848
0.000473 847
0.000474 847
0.000475 847
0.000476 848
0.000477 848
0.000478 849
0.000479 849
0.00048 849
0.000481 849
0.000482 849
0.000483 849
0.000484 850
0.000485 850
0.000486 850
0.000487 850
0.000488 850
0.000489 848
0.00049 848
0.000491 848
0.000492 848
0.000493 848
0.000494 848
0.000495 848
0.000496 848
0.000497 848
0.000498 848
0.000499 848
0.0005 849
0.000501 849
0.000502 849
0.000503 849
0.000504 850
0.000505 850
0.000506 849
0.000507 849
0.000508 849
0.000509 849
0.00051 849
0.000511 849
0.000512 849
0.000513 849
0.000514 849
0.000515 849
0.000516 849
0.000517 849
0.000518 849
0.000519 849
0.00052 848
0.000521 848
0.000522 848
0.000523 848
0.000524 848
0.000525 848
0.000526 848
0.000527 848
0.000528 849
0.000529 849
0.00053 850
0.000531 850
0.000532 850
0.000533 850
0.000534 850
0.000535 850
0.000536 851
0.000537 851
0.000538 851
0.000539 851
0.00054 852
0.000541 852
0.000542 852
0.000543 852
0.000544 852
0.000545 853
0.000546 853
0.000547 853
0.000548 854
0.000549 854
0.00055 854
0.000551 854
0.000552 854
0.000553 855
0.000554 855
0.000555 856
0.000556 856
0.000557 856
0.000558 857
0.000559 857
0.00056 857
0.000561 857
0.000562 857
0.000563 857
0.000564 857
0.000565 857
0.000566 857
0.000567 857
0.000568 857
0.000569 858
0.00057 858
0.000571 858
0.000572 858
0.000573 858
0.000574 858
0.000575 858
0.000576 857
0.000577 857
0.000578 857
0.000579 857
0.00058 856
0.000581 857
0.000582 859
0.000583 859
0.000584 859
0.000585 859
0.000586 859
0.000587 859
0.000588 859
0.000589 859
0.00059 858
0.000591 859
0.000592 859
0.000593 859
0.000594 860
0.000595 860
0.000596 860
0.000597 860
0.000598 861
0.000599 861
0.0006 861
0.000601 861
0.000602 861
0.000603 860
0.000604 860
0.000605 860
0.000606 860
0.000607 860
0.000608 860
0.000609 860
0.00061 860
0.000611 860
0.000612 860
0.000613 860
0.000614 860
0.000615 859
0.000616 859
0.000617 859
0.000618 859
0.000619 859
0.00062 859
0.000621 860
0.000622 860
0.000623 860
0.000624 860
0.000625 860
0.000626 860
0.000627 860
0.000628 860
0.000629 860
0.00063 860
0.000631 860
0.000632 860
0.000633 860
0.000634 860
0.000635 860
0.000636 860
0.000637 860
0.000638 860
0.000639 860
0.00064 860
0.000641 860
0.000642 860
0.000643 860
0.000644 860
0.000645 860
0.000646 860
0.000647 859
0.000648 859
0.000649 859
0.00065 860
0.000651 860
0.000652 859
0.000653 859
0.000654 859
0.000655 860
0.000656 860
0.000657 860
0.000658 861
0.000659 861
0.00066 861
0.000661 861
0.000662 861
0.000663 861
0.000664 861
0.000665 861
0.000666 862
0.000667 862
0.000668 862
0.000669 862
0.00067 862
0.000671 862
0.000672 862
0.000673 862
0.000674 862
0.000675 862
0.000676 862
0.000677 861
0.000678 861
0.000679 861
0.00068 861
0.000681 862
0.000682 862
0.000683 862
0.000684 861
0.000685 861
0.000686 861
0.000687 861
0.000688 861
0.000689 862
0.00069 862
0.000691 862
0.000692 863
0.000693 864
0.000694 864
0.000695 864
0.000696 864
0.000697 864
0.000698 865
0.000699 865
0.0007 865
0.000701 865
0.000702 866
0.000703 866
0.000704 866
0.000705 866
0.000706 866
0.000707 866
0.000708 866
0.000709 866
0.00071 866
0.000711 866
0.000712 866
0.000713 866
0.000714 866
0.000715 866
0.000716 866
0.000717 866
0.000718 866
0.000719 866
0.00072 866
0.000721 866
0.000722 866
0.000723 866
0.000724 866
0.000725 866
0.000726 866
0.000727 866
0.000728 866
0.000729 866
0.00073 866
0.000731 866
0.000732 866
0.000733 866
0.000734 866
0.000735 866
0.000736 865
0.000737 865
0.000738 866
0.000739 866
0.00074 866
0.000741 866
0.000742 866
0.000743 866
0.000744 866
0.000745 866
0.000746 866
0.000747 866
0.000748 866
0.000749 866
0.00075 866
0.000751 866
0.000752 866
0.000753 866
0.000754 866
0.000755 866
0.000756 866
0.000757 866
0.000758 866
0.000759 866
0.00076 865
0.000761 865
0.000762 864
0.000763 864
0.000764 864
0.000765 864
0.000766 865
0.000767 865
0.000768 865
0.000769 865
0.00077 865
0.000771 866
0.000772 866
0.000773 866
0.000774 866
0.000775 866
0.000776 866
0.000777 866
0.000778 866
0.000779 866
0.00078 866
0.000781 866
0.000782 865
0.000783 866
0.000784 866
0.000785 866
0.000786 866
0.000787 866
0.000788 866
0.000789 866
0.00079 866
0.000791 866
0.000792 866
0.000793 866
0.000794 866
0.000795 866
0.000796 866
0.000797 866
0.000798 866
0.000799 866
0.0008 866
0.000801 866
0.000802 866
0.000803 866
0.000804 866
0.000805 866
0.000806 866
0.000807 866
0.000808 866
0.000809 865
0.00081 865
0.000811 865
0.000812 865
0.000813 865
0.000814 865
0.000815 865
0.000816 865
0.000817 865
0.000818 865
0.000819 865
0.00082 865
0.000821 865
0.000822 865
0.000823 865
0.000824 865
0.000825 865
0.000826 866
0.000827 866
0.000828 866
0.000829 867
0.00083 866
0.000831 866
0.000832 866
0.000833 866
0.000834 866
0.000835 866
0.000836 866
0.000837 866
0.000838 867
0.000839 867
0.00084 868
0.000841 868
0.000842 868
0.000843 868
0.000844 868
0.000845 868
0.000846 868
0.000847 868
0.000848 868
0.000849 868
0.00085 868
0.000851 868
0.000852 868
0.000853 868
0.000854 868
0.000855 868
0.000856 868
0.000857 869
0.000858 869
0.000859 869
0.00086 869
0.000861 869
0.000862 869
0.000863 869
0.000864 869
0.000865 869
0.000866 869
0.000867 869
0.000868 869
0.000869 869
0.00087 869
0.000871 869
0.000872 869
0.000873 869
0.000874 869
0.000875 869
0.000876 869
0.000877 869
0.000878 869
0.000879 869
0.00088 869
0.000881 869
0.000882 869
0.000883 868
0.000884 868
0.000885 868
0.000886 868
0.000887 869
0.000888 869
0.000889 869
0.00089 869
0.000891 869
0.000892 869
0.000893 869
0.000894 869
0.000895 869
0.000896 868
0.000897 867
0.000898 867
0.000899 867
0.0009 867
0.000901 867
0.000902 867
0.000903 867
0.000904 867
0.000905 867
0.000906 867
0.000907 868
0.000908 868
0.000909 868
0.00091 868
0.000911 868
0.000912 868
0.000913 867
0.000914 866
0.000915 866
0.000916 866
0.000917 866
0.000918 866
0.000919 866
0.00092 866
0.000921 866
0.000922 866
0.000923 866
0.000924 866
0.000925 866
0.000926 866
0.000927 866
0.000928 866
0.000929 866
0.00093 865
0.000931 865
0.000932 865
0.000933 865
0.000934 865
0.000935 865
0.000936 865
0.000937 865
0.000938 865
0.000939 865
0.00094 865
0.000941 865
0.000942 865
0.000943 865
0.000944 866
0.000945 867
0.000946 866
0.000947 866
0.000948 866
0.000949 866
0.00095 866
0.000951 866
0.000952 866
0.000953 866
0.000954 866
0.000955 866
0.000956 866
0.000957 865
0.000958 865
0.000959 865
0.00096 865
0.000961 865
0.000962 865
0.000963 865
0.000964 865
0.000965 866
0.000966 866
0.000967 866
0.000968 865
0.000969 865
0.00097 865
0.000971 865
0.000972 865
0.000973 865
0.000974 865
0.000975 867
0.000976 867
0.000977 867
0.000978 867
0.000979 867
0.00098 867
0.000981 867
0.000982 867
0.000983 867
0.000984 867
0.000985 867
0.000986 867
0.000987 867
0.000988 867
0.000989 867
0.00099 867
0.000991 867
0.000992 867
0.000993 867
0.000994 867
0.000995 867
0.000996 866
0.000997 865
0.000998 865
0.000999 865
0.001 865
0.001001 864
0.001002 864
0.001003 864
0.001004 865
0.001005 865
0.001006 865
0.001007 865
0.001008 865
0.001009 865
0.00101 865
0.001011 865
0.001012 865
0.001013 865
0.001014 865
0.001015 864
0.001016 864
0.001017 864
0.001018 864
0.001019 864
0.00102 864
0.001021 864
0.001022 864
0.001023 864
0.001024 864
0.001025 864
0.001026 864
0.001027 864
0.001028 864
0.001029 864
0.00103 864
0.001031 864
0.001032 864
0.001033 864
0.001034 864
0.001035 864
0.001036 864
0.001037 864
0.001038 864
0.001039 864
0.00104 864
0.001041 864
0.001042 864
0.001043 864
0.001044 864
0.001045 864
0.001046 864
0.001047 865
0.001048 865
0.001049 865
0.00105 865
0.001051 865
0.001052 865
0.001053 865
0.001054 865
0.001055 865
0.001056 865
0.001057 865
0.001058 865
0.001059 865
0.00106 865
0.001061 865
0.001062 865
0.001063 865
0.001064 865
0.001065 865
0.001066 865
0.001067 864
0.001068 864
0.001069 864
0.00107 864
0.001071 864
0.001072 864
0.001073 864
0.001074 864
0.001075 864
0.001076 864
0.001077 864
0.001078 863
0.001079 863
0.00108 863
0.001081 863
0.001082 863
0.001083 863
0.001084 863
0.001085 862
0.001086 862
0.001087 862
0.001088 862
0.001089 862
0.00109 862
0.001091 862
0.001092 862
0.001093 862
0.001094 862
0.001095 862
0.001096 862
0.001097 862
0.001098 862
0.001099 862
0.0011 862
0.001101 862
0.001102 862
0.001103 862
0.001104 862
0.001105 862
0.001106 862
0.001107 862
0.001108 862
0.001109 862
0.00111 862
0.001111 862
0.001112 862
0.001113 862
0.001114 862
0.001115 862
0.001116 862
0.001117 862
0.001118 862
0.001119 862
0.00112 861
0.001121 861
0.001122 861
0.001123 861
0.001124 861
0.001125 861
0.001126 861
0.001127 861
0.001128 861
0.001129 860
0.00113 860
0.001131 860
0.001132 860
0.001133 860
0.001134 860
0.001135 859
0.001136 859
0.001137 859
0.001138 859
0.001139 859
0.00114 859
0.001141 859
0.001142 859
0.001143 859
0.001144 859
0.001145 859
0.001146 858
0.001147 858
0.001148 858
0.001149 858
0.00115 858
0.001151 858
0.001152 858
0.001153 858
0.001154 859
0.001155 859
0.001156 858
0.001157 858
0.001158 858
0.001159 858
0.00116 858
0.001161 858
0.001162 858
0.001163 858
0.001164 858
0.001165 858
0.001166 859
0.001167 859
0.001168 859
0.001169 859
0.00117 859
0.001171 859
0.001172 859
0.001173 859
0.001174 859
0.001175 859
0.001176 859
0.001177 859
0.001178 859
0.001179 859
0.00118 859
0.001181 859
0.001182 859
0.001183 858
0.001184 858
0.001185 858
0.001186 858
0.001187 858
0.001188 858
0.001189 858
0.00119 858
0.001191 858
0.001192 858
0.001193 858
0.001194 858
0.001195 858
0.001196 858
0.001197 858
0.001198 858
0.001199 858
0.0012 858
0.001201 858
0.001202 858
0.001203 858
0.001204 858
0.001205 858
0.001206 858
0.001207 858
0.001208 858
0.001209 858
0.00121 858
0.001211 858
0.001212 858
0.001213 857
0.001214 857
0.001215 857
0.001216 857
0.001217 857
0.001218 857
0.001219 857
0.00122 857
0.001221 857
0.001222 857
0.001223 857
0.001224 857
0.001225 857
0.001226 857
0.001227 857
0.001228 857
0.001229 857
0.00123 857
0.001231 857
0.001232 857
0.001233 857
0.001234 857
0.001235 857
0.001236 857
0.001237 857
0.001238 857
0.001239 857
0.00124 857
0.001241 857
0.001242 857
0.001243 857
0.001244 857
0.001245 857
0.001246 857
0.001247 858
0.001248 858
0.001249 858
0.00125 857
0.001251 857
0.001252 857
0.001253 857
0.001254 857
0.001255 857
0.001256 857
0.001257 857
0.001258 857
0.001259 857
0.00126 857
0.001261 857
0.001262 857
0.001263 857
0.001264 857
0.001265 857
0.001266 857
0.001267 857
0.001268 857
0.001269 857
0.00127 857
0.001271 857
0.001272 857
0.001273 857
0.001274 857
0.001275 857
0.001276 857
0.001277 856
0.001278 856
0.001279 856
0.00128 856
0.001281 856
0.001282 856
0.001283 856
0.001284 856
0.001285 856
0.001286 856
0.001287 856
0.001288 856
0.001289 856
0.00129 856
0.001291 856
0.001292 856
0.001293 856
0.001294 856
0.001295 856
0.001296 856
0.001297 856
0.001298 856
0.001299 856
0.0013 856
0.001301 856
0.001302 856
0.001303 856
0.001304 857
0.001305 857
0.001306 857
0.001307 857
0.001308 857
0.001309 857
0.00131 857
0.001311 857
0.001312 857
0.001313 857
0.001314 857
0.001315 857
0.001316 857
0.001317 857
0.001318 858
0.001319 858
0.00132 858
0.001321 858
0.001322 858
0.001323 858
0.001324 858
0.001325 858
0.001326 858
0.001327 858
0.001328 858
0.001329 858
0.00133 858
0.001331 858
0.001332 858
0.001333 858
0.001334 858
0.001335 858
0.001336 857
0.001337 857
0.001338 857
0.001339 857
0.00134 857
0.001341 857
0.001342 857
0.001343 857
0.001344 857
0.001345 857
0.001346 856
0.001347 856
0.001348 856
0.001349 856
0.00135 856
0.001351 856
0.001352 856
0.001353 856
0.001354 856
0.001355 856
0.001356 856
0.001357 856
0.001358 856
0.001359 856
0.00136 856
0.001361 856
0.001362 856
0.001363 856
0.001364 856
0.001365 856
0.001366 856
0.001367 856
0.001368 856
0.001369 856
0.00137 856
0.001371 856
0.001372 856
0.001373 856
0.001374 856
0.001375 856
0.001376 856
0.001377 856
0.001378 856
0.001379 856
0.00138 856
0.001381 856
0.001382 856
0.001383 856
0.001384 857
0.001385 857
0.001386 857
0.001387 857
0.001388 857
0.001389 857
0.00139 857
0.001391 857
0.001392 857
0.001393 857
0.001394 857
0.001395 857
0.001396 857
0.001397 857
0.001398 857
0.001399 857
0.0014 857
0.001401 857
0.001402 857
0.001403 857
0.001404 857
0.001405 858
0.001406 858
0.001407 858
0.001408 858
0.001409 858
0.00141 859
0.001411 859
0.001412 859
0.001413 859
0.001414 859
0.001415 860
0.001416 860
0.001417 860
0.001418 860
0.001419 860
0.00142 860
0.001421 860
0.001422 860
0.001423 859
0.001424 859
0.001425 858
0.001426 858
0.001427 858
0.001428 858
0.001429 858
0.00143 858
0.001431 858
0.001432 858
0.001433 858
0.001434 858
0.001435 858
0.001436 858
0.001437 858
0.001438 858
0.001439 858
0.00144 858
0.001441 858
0.001442 858
0.001443 858
0.001444 858
0.001445 858
0.001446 858
0.001447 858
0.001448 858
0.001449 860
0.00145 860
0.001451 860
0.001452 860
0.001453 860
0.001454 860
0.001455 860
0.001456 860
0.001457 860
0.001458 860
0.001459 860
0.00146 860
0.001461 860
0.001462 860
0.001463 861
0.001464 860
0.001465 860
0.001466 860
0.001467 860
0.001468 860
0.001469 860
0.00147 860
0.001471 860
0.001472 860
0.001473 860
0.001474 860
0.001475 860
0.001476 860
0.001477 860
0.001478 860
0.001479 860
0.00148 860
0.001481 860
0.001482 860
0.001483 860
0.001484 860
0.001485 860
0.001486 860
0.001487 860
0.001488 860
0.001489 860
0.00149 860
0.001491 860
0.001492 860
0.001493 860
0.001494 860
0.001495 860
0.001496 860
0.001497 860
0.001498 860
0.001499 860
0.0015 860
0.001501 860
0.001502 860
0.001503 860
0.001504 860
0.001505 860
0.001506 861
0.001507 861
0.001508 861
0.001509 861
0.00151 861
0.001511 861
0.001512 861
0.001513 861
0.001514 861
0.001515 861
0.001516 861
0.001517 861
0.001518 861
0.001519 861
0.00152 861
0.001521 861
0.001522 861
0.001523 861
0.001524 861
0.001525 861
0.001526 861
0.001527 860
0.001528 860
0.001529 860
0.00153 860
0.001531 860
0.001532 860
0.001533 860
0.001534 860
0.001535 860
0.001536 860
0.001537 860
0.001538 860
0.001539 860
0.00154 860
0.001541 860
0.001542 860
0.001543 860
0.001544 860
0.001545 860
0.001546 860
0.001547 860
0.001548 860
0.001549 860
0.00155 860
0.001551 860
0.001552 860
0.001553 859
0.001554 859
0.001555 859
0.001556 859
0.001557 859
0.001558 859
0.001559 859
0.00156 859
0.001561 859
0.001562 859
0.001563 859
0.001564 859
0.001565 859
0.001566 859
0.001567 859
0.001568 859
0.001569 859
0.00157 859
0.001571 859
0.001572 859
0.001573 859
0.001574 859
0.001575 859
0.001576 859
0.001577 859
0.001578 859
0.001579 859
0.00158 859
0.001581 859
0.001582 859
0.001583 859
0.001584 859
0.001585 859
0.001586 858
0.001587 858
0.001588 858
0.001589 858
0.00159 858
0.001591 858
0.001592 857
0.001593 857
0.001594 857
0.001595 857
0.001596 857
0.001597 857
0.001598 856
0.001599 856
0.0016 856
0.001601 856
0.001602 856
0.001603 856
0.001604 856
0.001605 856
0.001606 856
0.001607 856
0.001608 856
0.001609 855
0.00161 855
0.001611 855
0.001612 855
0.001613 855
0.001614 855
0.001615 855
0.001616 855
0.001617 855
0.001618 855
0.001619 855
0.00162 855
0.001621 855
0.001622 855
0.001623 854
0.001624 855
0.001625 854
0.001626 854
0.001627 854
0.001628 854
0.001629 854
0.00163 854
0.001631 854
0.001632 854
0.001633 854
0.001634 854
0.001635 854
0.001636 854
0.001637 854
0.001638 855
0.001639 855
0.00164 855
0.001641 855
0.001642 855
0.001643 855
0.001644 856
0.001645 856
0.001646 856
0.001647 856
0.001648 856
0.001649 856
0.00165 856
0.001651 856
0.001652 856
0.001653 856
0.001654 856
0.001655 856
0.001656 856
0.001657 856
0.001658 856
0.001659 856
0.00166 855
0.001661 855
0.001662 855
0.001663 855
0.001664 855
0.001665 855
0.001666 855
0.001667 855
0.001668 855
0.001669 855
0.00167 855
0.001671 855
0.001672 855
0.001673 855
0.001674 855
0.001675 855
0.001676 855
0.001677 855
0.001678 855
0.001679 855
0.00168 855
0.001681 855
0.001682 855
0.001683 855
0.001684 855
0.001685 855
0.001686 855
0.001687 855
0.001688 855
0.001689 855
0.00169 855
0.001691 854
0.001692 854
0.001693 854
0.001694 854
0.001695 854
0.001696 854
0.001697 854
0.001698 854
0.001699 854
0.0017 854
0.001701 854
0.001702 854
0.001703 854
0.001704 854
0.001705 854
0.001706 854
0.001707 854
0.001708 854
0.001709 854
0.00171 854
0.001711 854
0.001712 854
0.001713 853
0.001714 854
0.001715 854
0.001716 854
0.001717 854
0.001718 854
0.001719 854
0.00172 855
0.001721 855
0.001722 855
0.001723 855
0.001724 855
0.001725 855
0.001726 855
0.001727 855
0.001728 855
0.001729 855
0.00173 855
0.001731 855
0.001732 855
0.001733 855
0.001734 855
0.001735 855
0.001736 855
0.001737 855
0.001738 855
0.001739 856
0.00174 856
0.001741 856
0.001742 856
0.001743 856
0.001744 856
0.001745 856
0.001746 856
0.001747 857
0.001748 857
0.001749 857
0.00175 857
0.001751 857
0.001752 857
0.001753 857
0.001754 857
0.001755 857
0.001756 857
0.001757 857
0.001758 857
0.001759 857
0.00176 857
0.001761 857
0.001762 857
0.001763 857
0.001764 857
0.001765 858
0.001766 858
0.001767 858
0.001768 858
0.001769 858
0.00177 858
0.001771 858
0.001772 859
0.001773 859
0.001774 860
0.001775 860
0.001776 860
0.001777 860
0.001778 860
0.001779 860
0.00178 860
0.001781 860
0.001782 860
0.001783 860
0.001784 860
0.001785 860
0.001786 861
0.001787 861
0.001788 861
0.001789 861
0.00179 861
0.001791 861
0.001792 861
0.001793 861
0.001794 861
0.001795 861
0.001796 861
0.001797 861
0.001798 861
0.001799 861
0.0018 861
0.001801 861
0.001802 861
0.001803 861
0.001804 861
0.001805 861
0.001806 861
0.001807 860
0.001808 860
0.001809 860
0.00181 860
0.001811 860
0.001812 860
0.001813 861
0.001814 862
0.001815 862
0.001816 862
0.001817 862
0.001818 862
0.001819 862
0.00182 862
0.001821 862
0.001822 862
0.001823 862
0.001824 862
0.001825 862
0.001826 862
0.001827 862
0.001828 862
0.001829 862
0.00183 862
0.001831 862
0.001832 862
0.001833 862
0.001834 862
0.001835 862
0.001836 862
0.001837 862
0.001838 861
0.001839 861
0.00184 861
0.001841 861
0.001842 861
0.001843 861
0.001844 861
0.001845 861
0.001846 861
0.001847 861
0.001848 861
0.001849 861
0.00185 861
0.001851 861
0.001852 861
0.001853 861
0.001854 861
0.001855 861
0.001856 861
0.001857 861
0.001858 860
0.001859 860
0.00186 860
0.001861 860
0.001862 860
0.001863 860
0.001864 860
0.001865 860
0.001866 860
0.001867 859
0.001868 859
0.001869 859
0.00187 859
0.001871 859
0.001872 859
0.001873 859
0.001874 860
0.001875 860
0.001876 860
0.001877 860
0.001878 861
0.001879 861
0.00188 861
0.001881 862
0.001882 862
0.001883 862
0.001884 862
0.001885 862
0.001886 862
0.001887 863
0.001888 863
0.001889 863
0.00189 863
0.001891 863
0.001892 863
0.001893 864
0.001894 863
0.001895 863
0.001896 863
0.001897 863
0.001898 863
0.001899 863
0.0019 863
0.001901 863
0.001902 863
0.001903 862
0.001904 862
0.001905 862
0.001906 862
0.001907 862
0.001908 861
0.001909 861
0.00191 861
0.001911 861
0.001912 862
0.001913 862
0.001914 862
0.001915 862
0.001916 862
0.001917 862
0.001918 862
0.001919 862
0.00192 860
0.001921 860
0.001922 860
0.001923 860
0.001924 860
0.001925 860
0.001926 860
0.001927 860
0.001928 860
0.001929 860
0.00193 860
0.001931 860
0.001932 858
0.001933 858
0.001934 858
0.001935 858
0.001936 858
0.001937 858
0.001938 858
0.001939 858
0.00194 858
0.001941 857
0.001942 857
0.001943 857
0.001944 857
0.001945 856
0.001946 856
0.001947 856
0.001948 856
0.001949 857
0.00195 857
0.001951 857
0.001952 857
0.001953 857
0.001954 857
0.001955 857
0.001956 857
0.001957 857
0.001958 857
0.001959 857
0.00196 857
0.001961 857
0.001962 856
0.001963 856
0.001964 856
0.001965 856
0.001966 856
0.001967 856
0.001968 856
0.001969 856
0.00197 856
0.001971 856
0.001972 856
0.001973 856
0.001974 856
0.001975 856
0.001976 856
0.001977 856
0.001978 856
0.001979 856
0.00198 856
0.001981 856
0.001982 856
0.001983 856
0.001984 856
0.001985 856
0.001986 856
0.001987 856
0.001988 856
0.001989 856
0.00199 856
0.001991 856
0.001992 856
0.001993 857
0.001994 857
0.001995 857
0.001996 857
0.001997 857
0.001998 857
0.001999 857
0.002 857
0.002001 857
0.002002 857
0.002003 857
0.002004 857
0.002005 857
0.002006 857
0.002007 857
0.002008 857
0.002009 857
0.00201 857
0.002011 857
0.002012 857
0.002013 857
0.002014 857
0.002015 857
0.002016 857
0.002017 857
0.002018 857
0.002019 857
0.00202 857
0.002021 857
0.002022 857
0.002023 857
0.002024 857
0.002025 857
0.002026 856
0.002027 856
0.002028 857
0.002029 857
0.00203 857
0.002031 857
0.002032 857
0.002033 857
0.002034 857
0.002035 857
0.002036 857
0.002037 857
0.002038 856
0.002039 856
0.00204 855
0.002041 855
0.002042 855
0.002043 855
0.002044 855
0.002045 855
0.002046 855
0.002047 855
0.002048 855
0.002049 855
0.00205 855
0.002051 855
0.002052 855
0.002053 855
0.002054 855
0.002055 855
0.002056 855
0.002057 855
0.002058 855
0.002059 855
0.00206 855
0.002061 855
0.002062 855
0.002063 855
0.002064 855
0.002065 855
0.002066 855
0.002067 854
0.002068 854
0.002069 854
0.00207 854
0.002071 854
0.002072 854
0.002073 854
0.002074 853
0.002075 853
0.002076 853
0.002077 853
0.002078 853
0.002079 853
0.00208 853
0.002081 853
0.002082 853
0.002083 853
0.002084 853
0.002085 853
0.002086 853
0.002087 853
0.002088 853
0.002089 853
0.00209 853
0.002091 853
0.002092 853
0.002093 853
0.002094 853
0.002095 853
0.002096 853
0.002097 853
0.002098 853
0.002099 853
0.0021 853
0.002101 853
0.002102 853
0.002103 853
0.002104 853
0.002105 853
0.002106 853
0.002107 853
0.002108 853
0.002109 853
0.00211 853
0.002111 853
0.002112 853
0.002113 853
0.002114 853
0.002115 853
0.002116 853
0.002117 853
0.002118 853
0.002119 853
0.00212 853
0.002121 853
0.002122 853
0.002123 853
0.002124 853
0.002125 853
0.002126 853
0.002127 853
0.002128 853
0.002129 853
0.00213 853
0.002131 853
0.002132 853
0.002133 854
0.002134 854
0.002135 854
0.002136 854
0.002137 854
0.002138 854
0.002139 854
0.00214 854
0.002141 854
0.002142 854
0.002143 854
0.002144 853
0.002145 853
0.002146 853
0.002147 853
0.002148 854
0.002149 853
0.00215 853
0.002151 853
0.002152 853
0.002153 853
0.002154 853
0.002155 853
0.002156 853
0.002157 853
0.002158 853
0.002159 853
0.00216 853
0.002161 853
0.002162 853
0.002163 853
0.002164 853
0.002165 853
0.002166 853
0.002167 853
0.002168 853
0.002169 853
0.00217 853
0.002171 853
0.002172 853
0.002173 853
0.002174 853
0.002175 853
0.002176 853
0.002177 853
0.002178 853
0.002179 853
0.00218 853
0.002181 853
0.002182 853
0.002183 853
0.002184 853
0.002185 853
0.002186 853
0.002187 853
0.002188 853
0.002189 853
0.00219 853
0.002191 853
0.002192 853
0.002193 853
0.002194 853
0.002195 853
0.002196 853
0.002197 853
0.002198 853
0.002199 853
0.0022 853
0.002201 853
0.002202 853
0.002203 853
0.002204 853
0.002205 853
0.002206 853
0.002207 853
0.002208 853
0.002209 852
0.00221 852
0.002211 852
0.002212 852
0.002213 852
0.002214 852
0.002215 852
0.002216 852
0.002217 852
0.002218 852
0.002219 852
0.00222 852
0.002221 852
0.002222 852
0.002223 852
0.002224 851
0.002225 851
0.002226 851
0.002227 851
0.002228 851
0.002229 851
0.00223 850
0.002231 850
0.002232 850
0.002233 850
0.002234 849
0.002235 849
0.002236 849
0.002237 849
0.002238 849
0.002239 849
0.00224 849
0.002241 849
0.002242 849
0.002243 849
0.002244 849
0.002245 849
0.002246 849
0.002247 849
0.002248 849
0.002249 849
0.00225 849
0.002251 849
0.002252 849
0.002253 848
0.002254 848
0.002255 848
0.002256 848
0.002257 848
0.002258 848
0.002259 848
0.00226 848
0.002261 848
0.002262 848
0.002263 848
0.002264 848
0.002265 848
0.002266 849
0.002267 849
0.002268 849
0.002269 849
0.00227 849
0.002271 849
0.002272 849
0.002273 849
0.002274 850
0.002275 850
0.002276 850
0.002277 850
0.002278 850
0.002279 850
0.00228 850
0.002281 850
0.002282 850
0.002283 850
0.002284 850
0.002285 850
0.002286 850
0.002287 850
0.002288 850
0.002289 850
0.00229 850
0.002291 849
0.002292 849
0.002293 849
0.002294 849
0.002295 849
0.002296 849
0.002297 849
0.002298 849
0.002299 849
0.0023 849
0.002301 849
0.002302 849
0.002303 849
0.002304 849
0.002305 849
0.002306 849
0.002307 849
0.002308 849
0.002309 849
0.00231 849
0.002311 849
0.002312 850
0.002313 850
0.002314 850
0.002315 850
0.002316 850
0.002317 850
0.002318 850
0.002319 850
0.00232 850
0.002321 850
0.002322 850
0.002323 850
0.002324 850
0.002325 850
0.002326 850
0.002327 850
0.002328 851
0.002329 852
0.00233 852
0.002331 852
0.002332 852
0.002333 852
0.002334 852
0.002335 853
0.002336 853
0.002337 853
0.002338 853
0.002339 852
0.00234 852
0.002341 852
0.002342 852
0.002343 852
0.002344 852
0.002345 852
0.002346 852
0.002347 852
0.002348 853
0.002349 853
0.00235 853
0.002351 853
0.002352 853
0.002353 854
0.002354 854
0.002355 854
0.002356 854
0.002357 854
0.002358 854
0.002359 854
0.00236 854
0.002361 854
0.002362 854
0.002363 854
0.002364 854
0.002365 854
0.002366 854
0.002367 853
0.002368 854
0.002369 854
0.00237 854
0.002371 854
0.002372 854
0.002373 854
0.002374 854
0.002375 854
0.002376 854
0.002377 854
0.002378 854
0.002379 853
0.00238 853
0.002381 853
0.002382 853
0.002383 853
0.002384 853
0.002385 853
0.002386 853
0.002387 853
0.002388 853
0.002389 853
0.00239 853
0.002391 853
0.002392 853
0.002393 854
0.002394 854
0.002395 854
0.002396 854
0.002397 854
0.002398 854
0.002399 854
0.0024 853
0.002401 854
0.002402 854
0.002403 854
0.002404 854
0.002405 854
0.002406 854
0.002407 854
0.002408 854
0.002409 854
0.00241 854
0.002411 854
0.002412 854
0.002413 854
0.002414 854
0.002415 854
0.002416 854
0.002417 854
0.002418 854
0.002419 854
0.00242 854
0.002421 854
0.002422 854
0.002423 854
0.002424 854
0.002425 854
0.002426 854
0.002427 855
0.002428 855
0.002429 855
0.00243 855
0.002431 854
0.002432 854
0.002433 854
0.002434 854
0.002435 854
0.002436 854
0.002437 854
0.002438 854
0.002439 854
0.00244 854
0.002441 854
0.002442 854
0.002443 854
0.002444 854
0.002445 854
0.002446 854
0.002447 854
0.002448 854
0.002449 854
0.00245 854
0.002451 854
0.002452 855
0.002453 855
0.002454 855
0.002455 855
0.002456 855
0.002457 855
0.002458 855
0.002459 855
0.00246 855
0.002461 855
0.002462 855
0.002463 855
0.002464 855
0.002465 855
0.002466 855
0.002467 855
0.002468 855
0.002469 854
0.00247 854
0.002471 854
0.002472 855
0.002473 855
0.002474 855
0.002475 855
0.002476 855
0.002477 855
0.002478 855
0.002479 855
0.00248 856
0.002481 856
0.002482 856
0.002483 856
0.002484 856
0.002485 856
0.002486 856
0.002487 856
0.002488 856
0.002489 856
0.00249 856
0.002491 856
0.002492 856
0.002493 856
0.002494 856
0.002495 856
0.002496 856
0.002497 856
0.002498 856
0.002499 856
0.0025 856
0.002501 856
0.002502 855
0.002503 855
0.002504 855
0.002505 855
0.002506 855
0.002507 855
0.002508 855
0.002509 855
0.00251 855
0.002511 855
0.002512 855
0.002513 855
0.002514 855
0.002515 855
0.002516 855
0.002517 855
0.002518 855
0.002519 855
0.00252 855
0.002521 855
0.002522 855
0.002523 855
0.002524 855
0.002525 855
0.002526 854
0.002527 854
0.002528 854
0.002529 854
0.00253 854
0.002531 854
0.002532 854
0.002533 854
0.002534 854
0.002535 854
0.002536 854
0.002537 854
0.002538 854
0.002539 854
0.00254 855
0.002541 855
0.002542 855
0.002543 855
0.002544 855
0.002545 855
0.002546 855
0.002547 855
0.002548 856
0.002549 856
0.00255 856
0.002551 856
0.002552 856
0.002553 856
0.002554 856
0.002555 856
0.002556 856
0.002557 856
0.002558 856
0.002559 856
0.00256 856
0.002561 856
0.002562 856
0.002563 856
0.002564 856
0.002565 856
0.002566 856
0.002567 856
0.002568 855
0.002569 855
0.00257 855
0.002571 855
0.002572 855
0.002573 855
0.002574 855
0.002575 855
0.002576 855
0.002577 855
0.002578 855
0.002579 855
0.00258 855
0.002581 855
0.002582 855
0.002583 855
0.002584 855
0.002585 855
0.002586 855
0.002587 855
0.002588 855
0.002589 855
0.00259 855
0.002591 855
0.002592 855
0.002593 855
0.002594 855
0.002595 855
0.002596 855
0.002597 855
0.002598 855
0.002599 855
0.0026 855
0.002601 855
0.002602 855
0.002603 855
0.002604 855
0.002605 855
0.002606 855
0.002607 855
0.002608 855
0.002609 855
0.00261 855
0.002611 855
0.002612 855
0.002613 855
0.002614 855
0.002615 855
0.002616 855
0.002617 855
0.002618 855
0.002619 855
0.00262 855
0.002621 855
0.002622 855
0.002623 855
0.002624 855
0.002625 856
0.002626 856
0.002627 856
0.002628 856
0.002629 857
0.00263 857
0.002631 857
0.002632 857
0.002633 857
0.002634 857
0.002635 857
0.002636 857
0.002637 857
0.002638 857
0.002639 857
0.00264 857
0.002641 857
0.002642 857
0.002643 857
0.002644 857
0.002645 857
0.002646 857
0.002647 856
0.002648 856
0.002649 856
0.00265 856
0.002651 857
0.002652 857
0.002653 857
0.002654 857
0.002655 857
0.002656 857
0.002657 857
0.002658 857
0.002659 857
0.00266 857
0.002661 857
0.002662 857
0.002663 857
0.002664 857
0.002665 857
0.002666 857
0.002667 857
0.002668 857
0.002669 857
0.00267 857
0.002671 857
0.002672 857
0.002673 857
0.002674 857
0.002675 857
0.002676 857
0.002677 857
0.002678 857
0.002679 857
0.00268 857
0.002681 857
0.002682 857
0.002683 857
0.002684 856
0.002685 856
0.002686 854
0.002687 854
0.002688 854
0.002689 854
0.00269 854
0.002691 854
0.002692 854
0.002693 854
0.002694 854
0.002695 854
0.002696 854
0.002697 854
0.002698 854
0.002699 854
0.0027 854
0.002701 854
0.002702 854
0.002703 854
0.002704 854
0.002705 854
0.002706 854
0.002707 854
0.002708 854
0.002709 854
0.00271 854
0.002711 854
0.002712 854
0.002713 854
0.002714 854
0.002715 854
0.002716 854
0.002717 854
0.002718 854
0.002719 854
0.00272 854
0.002721 854
0.002722 854
0.002723 854
0.002724 854
0.002725 854
0.002726 854
0.002727 854
0.002728 854
0.002729 854
0.00273 854
0.002731 854
0.002732 854
0.002733 854
0.002734 854
0.002735 854
0.002736 854
0.002737 854
0.002738 855
0.002739 855
0.00274 855
0.002741 855
0.002742 855
0.002743 855
0.002744 855
0.002745 855
0.002746 855
0.002747 855
0.002748 855
0.002749 855
0.00275 855
0.002751 854
0.002752 854
0.002753 854
0.002754 854
0.002755 854
0.002756 854
0.002757 854
0.002758 854
0.002759 854
0.00276 854
0.002761 854
0.002762 854
0.002763 854
0.002764 854
0.002765 854
0.002766 854
0.002767 854
0.002768 854
0.002769 854
0.00277 854
0.002771 854
0.002772 854
0.002773 854
0.002774 853
0.002775 852
0.002776 853
0.002777 853
0.002778 853
0.002779 853
0.00278 853
0.002781 853
0.002782 853
0.002783 853
0.002784 853
0.002785 853
0.002786 853
0.002787 853
0.002788 853
0.002789 853
0.00279 853
0.002791 853
0.002792 853
0.002793 853
0.002794 853
0.002795 853
0.002796 853
0.002797 853
0.002798 853
0.002799 853
0.0028 853
0.002801 854
0.002802 854
0.002803 854
0.002804 854
0.002805 854
0.002806 854
0.002807 854
0.002808 854
0.002809 854
0.00281 854
0.002811 854
0.002812 854
0.002813 854
0.002814 855
0.002815 856
0.002816 856
0.002817 856
0.002818 856
0.002819 856
0.00282 856
0.002821 856
0.002822 857
0.002823 857
0.002824 857
0.002825 857
0.002826 857
0.002827 857
0.002828 857
0.002829 857
0.00283 857
0.002831 857
0.002832 857
0.002833 857
0.002834 857
0.002835 857
0.002836 857
0.002837 857
0.002838 857
0.002839 857
0.00284 857
0.002841 857
0.002842 857
0.002843 857
0.002844 857
0.002845 857
0.002846 857
0.002847 857
0.002848 857
0.002849 857
0.00285 857
0.002851 857
0.002852 857
0.002853 857
0.002854 857
0.002855 857
0.002856 857
0.002857 857
0.002858 857
0.002859 857
0.00286 856
0.002861 856
0.002862 857
0.002863 857
0.002864 857
0.002865 857
0.002866 857
0.002867 857
0.002868 857
0.002869 857
0.00287 857
0.002871 857
0.002872 857
0.002873 857
0.002874 857
0.002875 855
0.002876 855
0.002877 855
0.002878 855
0.002879 855
0.00288 855
0.002881 856
0.002882 856
0.002883 856
0.002884 856
0.002885 856
0.002886 856
0.002887 856
0.002888 856
0.002889 856
0.00289 856
0.002891 856
0.002892 856
0.002893 856
0.002894 856
0.002895 856
0.002896 856
0.002897 855
0.002898 855
0.002899 855
0.0029 855
0.002901 855
0.002902 855
0.002903 855
0.002904 855
0.002905 856
0.002906 857
0.002907 857
0.002908 857
0.002909 857
0.00291 857
0.002911 857
0.002912 857
0.002913 857
0.002914 857
0.002915 857
0.002916 857
0.002917 857
0.002918 857
0.002919 857
0.00292 857
0.002921 857
0.002922 857
0.002923 857
0.002924 857
0.002925 857
0.002926 857
0.002927 858
0.002928 858
0.002929 858
0.00293 858
0.002931 858
0.002932 858
0.002933 858
0.002934 858
0.002935 858
0.002936 858
0.002937 858
0.002938 858
0.002939 858
0.00294 858
0.002941 858
0.002942 858
0.002943 858
0.002944 859
0.002945 858
0.002946 858
0.002947 858
0.002948 858
0.002949 858
0.00295 857
0.002951 857
0.002952 857
0.002953 857
0.002954 857
0.002955 858
0.002956 858
0.002957 858
0.002958 857
0.002959 857
0.00296 857
0.002961 857
0.002962 857
0.002963 857
0.002964 857
0.002965 857
0.002966 857
0.002967 857
0.002968 856
0.002969 856
0.00297 856
0.002971 856
0.002972 856
0.002973 856
0.002974 857
0.002975 857
0.002976 857
0.002977 857
0.002978 856
0.002979 855
0.00298 855
0.002981 855
0.002982 855
0.002983 855
0.002984 855
0.002985 855
0.002986 855
0.002987 855
0.002988 855
0.002989 854
0.00299 854
0.002991 854
0.002992 854
0.002993 853
0.002994 853
0.002995 853
0.002996 853
0.002997 853
0.002998 853
0.002999 853
0.003 853
0.003001 853
0.003002 853
0.003003 853
0.003004 853
0.003005 853
0.003006 853
0.003007 852
0.003008 852
0.003009 852
0.00301 852
0.003011 852
0.003012 852
0.003013 852
0.003014 852
0.003015 852
0.003016 852
0.003017 852
0.003018 852
0.003019 852
0.00302 852
0.003021 852
0.003022 853
0.003023 853
0.003024 853
0.003025 853
0.003026 853
0.003027 853
0.003028 853
0.003029 853
0.00303 853
0.003031 853
0.003032 853
0.003033 853
0.003034 853
0.003035 853
0.003036 853
0.003037 853
0.003038 853
0.003039 853
0.00304 853
0.003041 853
0.003042 853
0.003043 853
0.003044 853
0.003045 853
0.003046 853
0.003047 853
0.003048 852
0.003049 852
0.00305 852
0.003051 852
0.003052 852
0.003053 853
0.003054 853
0.003055 853
0.003056 853
0.003057 853
0.003058 853
0.003059 853
0.00306 853
0.003061 853
0.003062 853
0.003063 854
0.003064 854
0.003065 854
0.003066 854
0.003067 854
0.003068 854
0.003069 854
0.00307 854
0.003071 854
0.003072 854
0.003073 854
0.003074 854
0.003075 854
0.003076 854
0.003077 854
0.003078 854
0.003079 854
0.00308 854
0.003081 854
0.003082 854
0.003083 854
0.003084 854
0.003085 854
0.003086 854
0.003087 854
0.003088 854
0.003089 854
0.00309 854
0.003091 854
0.003092 854
0.003093 854
0.003094 854
0.003095 854
0.003096 854
0.003097 854
0.003098 854
0.003099 854
0.0031 854
0.003101 854
0.003102 854
0.003103 854
0.003104 854
0.003105 854
0.003106 854
0.003107 853
0.003108 853
0.003109 854
0.00311 854
0.003111 854
0.003112 854
0.003113 854
0.003114 854
0.003115 853
0.003116 853
0.003117 853
0.003118 853
0.003119 853
0.00312 853
0.003121 853
0.003122 853
0.003123 853
0.003124 853
0.003125 853
0.003126 853
0.003127 853
0.003128 853
0.003129 854
0.00313 854
0.003131 854
0.003132 854
0.003133 854
0.003134 854
0.003135 854
0.003136 855
0.003137 855
0.003138 856
0.003139 856
0.00314 856
0.003141 856
0.003142 856
0.003143 856
0.003144 856
0.003145 856
0.003146 856
0.003147 856
0.003148 856
0.003149 856
0.00315 856
0.003151 856
0.003152 856
0.003153 856
0.003154 856
0.003155 856
0.003156 856
0.003157 856
0.003158 856
0.003159 856
0.00316 856
0.003161 856
0.003162 856
0.003163 856
0.003164 856
0.003165 856
0.003166 856
0.003167 856
0.003168 856
0.003169 856
0.00317 856
0.003171 856
0.003172 855
0.003173 855
0.003174 855
0.003175 855
0.003176 855
0.003177 855
0.003178 855
0.003179 855
0.00318 855
0.003181 855
0.003182 855
0.003183 855
0.003184 855
0.003185 854
0.003186 854
0.003187 855
0.003188 855
0.003189 855
0.00319 854
0.003191 854
0.003192 854
0.003193 854
0.003194 854
0.003195 854
0.003196 854
0.003197 853
0.003198 854
0.003199 854
0.0032 854
0.003201 854
0.003202 854
0.003203 854
0.003204 854
0.003205 854
0.003206 854
0.003207 856
0.003208 856
0.003209 856
0.00321 856
0.003211 856
0.003212 856
0.003213 856
0.003214 856
0.003215 856
0.003216 856
0.003217 856
0.003218 856
0.003219 856
0.00322 856
0.003221 857
0.003222 857
0.003223 857
0.003224 857
0.003225 857
0.003226 857
0.003227 857
0.003228 857
0.003229 858
0.00323 858
0.003231 858
0.003232 858
0.003233 858
0.003234 858
0.003235 858
0.003236 859
0.003237 859
0.003238 859
0.003239 859
0.00324 859
0.003241 859
0.003242 859
0.003243 859
0.003244 859
0.003245 859
0.003246 859
0.003247 859
0.003248 859
0.003249 858
0.00325 858
0.003251 858
0.003252 858
0.003253 857
0.003254 857
0.003255 857
0.003256 857
0.003257 857
0.003258 857
0.003259 857
0.00326 858
0.003261 858
0.003262 858
0.003263 858
0.003264 858
0.003265 858
0.003266 858
0.003267 858
0.003268 858
0.003269 858
0.00327 858
0.003271 858
0.003272 858
0.003273 859
0.003274 859
0.003275 859
0.003276 859
0.003277 859
0.003278 859
0.003279 859
0.00328 860
0.003281 860
0.003282 860
0.003283 860
0.003284 860
0.003285 860
0.003286 860
0.003287 860
0.003288 860
0.003289 860
0.00329 860
0.003291 861
0.003292 861
0.003293 861
0.003294 861
0.003295 861
0.003296 861
0.003297 861
0.003298 861
0.003299 861
0.0033 861
0.003301 861
0.003302 861
0.003303 861
0.003304 861
0.003305 861
0.003306 861
0.003307 861
0.003308 861
0.003309 861
0.00331 861
0.003311 861
0.003312 861
0.003313 861
0.003314 861
0.003315 861
0.003316 861
0.003317 861
0.003318 861
0.003319 861
0.00332 861
0.003321 861
0.003322 861
0.003323 861
0.003324 861
0.003325 862
0.003326 862
0.003327 862
0.003328 862
0.003329 862
0.00333 862
0.003331 862
0.003332 862
0.003333 863
0.003334 863
0.003335 863
0.003336 863
0.003337 863
0.003338 863
0.003339 863
0.00334 863
0.003341 863
0.003342 862
0.003343 862
0.003344 862
0.003345 862
0.003346 862
0.003347 862
0.003348 862
0.003349 862
0.00335 862
0.003351 862
0.003352 862
0.003353 862
0.003354 862
0.003355 862
0.003356 862
0.003357 862
0.003358 862
0.003359 862
0.00336 862
0.003361 862
0.003362 862
0.003363 862
0.003364 862
0.003365 861
0.003366 861
0.003367 861
0.003368 861
0.003369 861
0.00337 861
0.003371 861
0.003372 861
0.003373 861
0.003374 861
0.003375 861
0.003376 861
0.003377 861
0.003378 860
0.003379 860
0.00338 860
0.003381 860
0.003382 860
0.003383 860
0.003384 861
0.003385 861
0.003386 861
0.003387 861
0.003388 861
0.003389 861
0.00339 861
0.003391 861
0.003392 861
0.003393 861
0.003394 861
0.003395 862
0.003396 862
0.003397 862
0.003398 862
0.003399 862
0.0034 862
0.003401 861
0.003402 861
0.003403 861
0.003404 861
0.003405 861
0.003406 861
0.003407 861
0.003408 861
0.003409 862
0.00341 862
0.003411 862
0.003412 862
0.003413 862
0.003414 862
0.003415 862
0.003416 862
0.003417 862
0.003418 862
0.003419 862
0.00342 863
0.003421 863
0.003422 863
0.003423 863
0.003424 863
0.003425 863
0.003426 863
0.003427 863
0.003428 863
0.003429 863
0.00343 863
0.003431 863
0.003432 863
0.003433 862
0.003434 862
0.003435 863
0.003436 863
0.003437 863
0.003438 863
0.003439 863
0.00344 863
0.003441 863
0.003442 863
0.003443 863
0.003444 863
0.003445 863
0.003446 863
0.003447 863
0.003448 863
0.003449 863
0.00345 863
0.003451 863
0.003452 863
0.003453 863
0.003454 863
0.003455 863
0.003456 863
0.003457 863
0.003458 863
0.003459 863
0.00346 863
0.003461 863
0.003462 863
0.003463 863
0.003464 862
0.003465 862
0.003466 861
0.003467 861
0.003468 861
0.003469 861
0.00347 861
0.003471 861
0.003472 861
0.003473 861
0.003474 861
0.003475 861
0.003476 861
0.003477 861
0.003478 861
0.003479 861
0.00348 861
0.003481 861
0.003482 861
0.003483 862
0.003484 863
0.003485 863
0.003486 862
0.003487 862
0.003488 862
0.003489 862
0.00349 862
0.003491 862
0.003492 862
0.003493 862
0.003494 862
0.003495 862
0.003496 862
0.003497 862
0.003498 862
0.003499 862
0.0035 861
0.003501 861
0.003502 861
0.003503 861
0.003504 861
0.003505 861
0.003506 861
0.003507 861
0.003508 861
0.003509 861
0.00351 861
0.003511 860
0.003512 860
0.003513 860
0.003514 860
0.003515 860
0.003516 860
0.003517 860
0.003518 860
0.003519 860
0.00352 860
0.003521 860
0.003522 860
0.003523 860
0.003524 860
0.003525 860
0.003526 860
0.003527 860
0.003528 860
0.003529 860
0.00353 860
0.003531 860
0.003532 860
0.003533 860
0.003534 860
0.003535 860
0.003536 860
0.003537 860
0.003538 860
0.003539 860
0.00354 860
0.003541 860
0.003542 860
0.003543 860
0.003544 860
0.003545 860
0.003546 860
0.003547 860
0.003548 860
0.003549 860
0.00355 861
0.003551 861
0.003552 861
0.003553 861
0.003554 861
0.003555 861
0.003556 861
0.003557 861
0.003558 861
0.003559 861
0.00356 861
0.003561 861
0.003562 861
0.003563 861
0.003564 861
0.003565 861
0.003566 861
0.003567 861
0.003568 861
0.003569 861
0.00357 861
0.003571 861
0.003572 861
0.003573 862
0.003574 862
0.003575 862
0.003576 862
0.003577 862
0.003578 862
0.003579 862
0.00358 862
0.003581 862
0.003582 862
0.003583 862
0.003584 863
0.003585 863
0.003586 863
0.003587 863
0.003588 863
0.003589 863
0.00359 863
0.003591 863
0.003592 863
0.003593 863
0.003594 863
0.003595 863
0.003596 863
0.003597 863
0.003598 863
0.003599 863
0.0036 862
0.003601 862
0.003602 862
0.003603 862
0.003604 862
0.003605 862
0.003606 862
0.003607 862
0.003608 862
0.003609 863
0.00361 863
0.003611 863
0.003612 863
0.003613 863
0.003614 863
0.003615 863
0.003616 863
0.003617 863
0.003618 863
0.003619 863
0.00362 863
0.003621 863
0.003622 863
0.003623 863
0.003624 863
0.003625 863
0.003626 863
0.003627 863
0.003628 863
0.003629 863
0.00363 863
0.003631 863
0.003632 863
0.003633 863
0.003634 863
0.003635 863
0.003636 863
0.003637 863
0.003638 863
0.003639 862
0.00364 862
0.003641 862
0.003642 862
0.003643 863
0.003644 863
0.003645 863
0.003646 863
0.003647 863
0.003648 864
0.003649 864
0.00365 864
0.003651 864
0.003652 865
0.003653 865
0.003654 865
0.003655 865
0.003656 865
0.003657 865
0.003658 865
0.003659 865
0.00366 865
0.003661 865
0.003662 865
0.003663 866
0.003664 867
0.003665 867
0.003666 867
0.003667 867
0.003668 867
0.003669 867
0.00367 866
0.003671 866
0.003672 866
0.003673 866
0.003674 867
0.003675 867
0.003676 869
0.003677 869
0.003678 869
0.003679 869
0.00368 869
0.003681 869
0.003682 869
0.003683 869
0.003684 869
0.003685 868
0.003686 868
0.003687 868
0.003688 869
0.003689 869
0.00369 869
0.003691 869
0.003692 868
0.003693 868
0.003694 868
0.003695 868
0.003696 868
0.003697 868
0.003698 869
0.003699 869
0.0037 869
0.003701 869
0.003702 869
0.003703 869
0.003704 869
0.003705 869
0.003706 869
0.003707 868
0.003708 868
0.003709 868
0.00371 869
0.003711 869
0.003712 869
0.003713 869
0.003714 869
0.003715 869
0.003716 869
0.003717 868
0.003718 868
0.003719 868
0.00372 868
0.003721 868
0.003722 868
0.003723 868
0.003724 868
0.003725 868
0.003726 868
0.003727 868
0.003728 868
0.003729 868
0.00373 867
0.003731 866
0.003732 866
0.003733 866
0.003734 867
0.003735 867
0.003736 867
0.003737 867
0.003738 867
0.003739 867
0.00374 867
0.003741 867
0.003742 867
0.003743 867
0.003744 867
0.003745 867
0.003746 866
0.003747 866
0.003748 866
0.003749 866
0.00375 866
0.003751 866
0.003752 866
0.003753 866
0.003754 866
0.003755 866
0.003756 866
0.003757 866
0.003758 865
0.003759 865
0.00376 865
0.003761 865
0.003762 865
0.003763 865
0.003764 865
0.003765 864
0.003766 864
0.003767 864
0.003768 863
0.003769 863
0.00377 863
0.003771 863
0.003772 863
0.003773 863
0.003774 863
0.003775 863
0.003776 863
0.003777 863
0.003778 863
0.003779 863
0.00378 863
0.003781 863
0.003782 863
0.003783 863
0.003784 863
0.003785 863
0.003786 863
0.003787 863
0.003788 863
0.003789 863
0.00379 863
0.003791 863
0.003792 863
0.003793 863
0.003794 863
0.003795 863
0.003796 863
0.003797 863
0.003798 863
0.003799 863
0.0038 863
0.003801 863
0.003802 863
0.003803 863
0.003804 863
0.003805 863
0.003806 863
0.003807 863
0.003808 863
0.003809 862
0.00381 862
0.003811 862
0.003812 862
0.003813 862
0.003814 862
0.003815 862
0.003816 862
0.003817 862
0.003818 862
0.003819 862
0.00382 862
0.003821 862
0.003822 862
0.003823 862
0.003824 862
0.003825 862
0.003826 862
0.003827 862
0.003828 862
0.003829 862
0.00383 862
0.003831 862
0.003832 862
0.003833 862
0.003834 861
0.003835 861
0.003836 861
0.003837 861
0.003838 861
0.003839 861
0.00384 861
0.003841 861
0.003842 861
0.003843 861
0.003844 861
0.003845 861
0.003846 860
0.003847 860
0.003848 860
0.003849 860
0.00385 860
0.003851 860
0.003852 860
0.003853 860
0.003854 860
0.003855 860
0.003856 860
0.003857 860
0.003858 861
0.003859 862
0.00386 862
0.003861 862
0.003862 862
0.003863 862
0.003864 862
0.003865 862
0.003866 861
0.003867 861
0.003868 861
0.003869 861
0.00387 861
0.003871 861
0.003872 861
0.003873 861
0.003874 860
0.003875 859
0.003876 859
0.003877 861
0.003878 861
0.003879 861
0.00388 861
0.003881 861
0.003882 861
0.003883 861
0.003884 861
0.003885 861
0.003886 861
0.003887 861
0.003888 861
0.003889 861
0.00389 861
0.003891 861
0.003892 861
0.003893 861
0.003894 860
0.003895 860
0.003896 860
0.003897 860
0.003898 860
0.003899 860
0.0039 860
0.003901 860
0.003902 860
0.003903 860
0.003904 860
0.003905 860
0.003906 860
0.003907 860
0.003908 860
0.003909 860
0.00391 860
0.003911 861
0.003912 861
0.003913 861
0.003914 861
0.003915 861
0.003916 861
0.003917 862
0.003918 862
0.003919 862
0.00392 862
0.003921 862
0.003922 862
0.003923 862
0.003924 862
0.003925 862
0.003926 862
0.003927 862
0.003928 862
0.003929 862
0.00393 862
0.003931 862
0.003932 862
0.003933 862
0.003934 862
0.003935 862
0.003936 861
0.003937 861
0.003938 861
0.003939 861
0.00394 861
0.003941 861
0.003942 861
0.003943 861
0.003944 861
0.003945 861
0.003946 861
0.003947 861
0.003948 861
0.003949 861
0.00395 861
0.003951 861
0.003952 861
0.003953 861
0.003954 861
0.003955 861
0.003956 861
0.003957 861
0.003958 862
0.003959 862
0.00396 862
0.003961 862
0.003962 862
0.003963 862
0.003964 862
0.003965 862
0.003966 862
0.003967 862
0.003968 862
0.003969 862
0.00397 862
0.003971 862
0.003972 862
0.003973 862
0.003974 862
0.003975 862
0.003976 862
0.003977 862
0.003978 862
0.003979 862
0.00398 862
0.003981 862
0.003982 862
0.003983 861
0.003984 861
0.003985 861
0.003986 861
0.003987 861
0.003988 861
0.003989 861
0.00399 861
0.003991 860
0.003992 860
0.003993 860
0.003994 860
0.003995 860
0.003996 860
0.003997 860
0.003998 860
0.003999 860
0.004 860
0.004001 860
0.004002 860
0.004003 860
0.004004 860
0.004005 860
0.004006 860
0.004007 859
0.004008 858
0.004009 858
0.00401 858
0.004011 858
0.004012 858
0.004013 858
0.004014 858
0.004015 858
0.004016 858
0.004017 858
0.004018 859
0.004019 858
0.00402 858
0.004021 858
0.004022 858
0.004023 858
0.004024 858
0.004025 858
0.004026 858
0.004027 858
0.004028 858
0.004029 858
0.00403 858
0.004031 858
0.004032 858
0.004033 856
0.004034 856
0.004035 856
0.004036 856
0.004037 856
0.004038 856
0.004039 856
0.00404 856
0.004041 856
0.004042 855
0.004043 855
0.004044 855
0.004045 855
0.004046 855
0.004047 855
0.004048 854
0.004049 854
0.00405 854
0.004051 854
0.004052 854
0.004053 854
0.004054 854
0.004055 854
0.004056 854
0.004057 854
0.004058 853
0.004059 853
0.00406 853
0.004061 853
0.004062 853
0.004063 854
0.004064 854
0.004065 854
0.004066 854
0.004067 854
0.004068 854
0.004069 854
0.00407 854
0.004071 854
0.004072 854
0.004073 854
0.004074 854
0.004075 854
0.004076 854
0.004077 854
0.004078 853
0.004079 853
0.00408 853
0.004081 853
0.004082 853
0.004083 853
0.004084 853
0.004085 853
0.004086 853
0.004087 853
0.004088 853
0.004089 853
0.00409 853
0.004091 853
0.004092 853
0.004093 853
0.004094 853
0.004095 853
0.004096 853
0.004097 853
0.004098 853
0.004099 854
0.0041 854
0.004101 854
0.004102 854
0.004103 854
0.004104 854
0.004105 854
0.004106 854
0.004107 854
0.004108 854
0.004109 854
0.00411 854
0.004111 854
0.004112 854
0.004113 854
0.004114 854
0.004115 854
0.004116 854
0.004117 854
0.004118 854
0.004119 854
0.00412 855
0.004121 855
0.004122 855
0.004123 855
0.004124 855
0.004125 855
0.004126 855
0.004127 855
0.004128 855
0.004129 855
0.00413 855
0.004131 855
0.004132 855
0.004133 855
0.004134 855
0.004135 855
0.004136 855
0.004137 855
0.004138 855
0.004139 855
0.00414 855
0.004141 855
0.004142 855
0.004143 856
0.004144 856
0.004145 856
0.004146 856
0.004147 856
0.004148 856
0.004149 856
0.00415 856
0.004151 856
0.004152 856
0.004153 856
0.004154 855
0.004155 856
0.004156 857
0.004157 857
0.004158 857
0.004159 857
0.00416 858
0.004161 858
0.004162 858
0.004163 858
0.004164 858
0.004165 858
0.004166 858
0.004167 858
0.004168 858
0.004169 858
0.00417 858
0.004171 858
0.004172 858
0.004173 858
0.004174 858
0.004175 858
0.004176 858
0.004177 858
0.004178 858
0.004179 858
0.00418 858
0.004181 858
0.004182 858
0.004183 858
0.004184 858
0.004185 858
0.004186 858
0.004187 858
0.004188 859
0.004189 859
0.00419 859
0.004191 859
0.004192 858
0.004193 858
0.004194 858
0.004195 858
0.004196 858
0.004197 858
0.004198 858
0.004199 858
0.0042 858
0.004201 858
0.004202 858
0.004203 858
0.004204 858
0.004205 859
0.004206 859
0.004207 860
0.004208 860
0.004209 860
0.00421 860
0.004211 860
0.004212 860
0.004213 860
0.004214 860
0.004215 860
0.004216 860
0.004217 860
0.004218 860
0.004219 860
0.00422 860
0.004221 860
0.004222 860
0.004223 860
0.004224 860
0.004225 860
0.004226 860
0.004227 861
0.004228 861
0.004229 861
0.00423 860
0.004231 860
0.004232 860
0.004233 860
0.004234 860
0.004235 860
0.004236 860
0.004237 860
0.004238 860
0.004239 860
0.00424 860
0.004241 860
0.004242 860
0.004243 860
0.004244 860
0.004245 859
0.004246 859
0.004247 859
0.004248 859
0.004249 859
0.00425 859
0.004251 859
0.004252 859
0.004253 858
0.004254 858
0.004255 858
0.004256 858
0.004257 858
0.004258 858
0.004259 858
0.00426 858
0.004261 858
0.004262 858
0.004263 858
0.004264 858
0.004265 858
0.004266 858
0.004267 858
0.004268 858
0.004269 859
0.00427 859
0.004271 859
0.004272 859
0.004273 859
0.004274 859
0.004275 859
0.004276 859
0.004277 859
0.004278 859
0.004279 859
0.00428 859
0.004281 859
0.004282 859
0.004283 859
0.004284 859
0.004285 859
0.004286 859
0.004287 859
0.004288 859
0.004289 859
0.00429 859
0.004291 859
0.004292 859
0.004293 859
0.004294 859
0.004295 859
0.004296 859
0.004297 858
0.004298 858
0.004299 858
0.0043 858
0.004301 858
0.004302 858
0.004303 858
0.004304 858
0.004305 858
0.004306 858
0.004307 858
0.004308 859
0.004309 859
0.00431 859
0.004311 859
0.004312 859
0.004313 860
0.004314 860
0.004315 860
0.004316 860
0.004317 860
0.004318 860
0.004319 860
0.00432 860
0.004321 860
0.004322 860
0.004323 860
0.004324 860
0.004325 860
0.004326 860
0.004327 860
0.004328 860
0.004329 860
0.00433 860
0.004331 860
0.004332 860
0.004333 861
0.004334 861
0.004335 861
0.004336 861
0.004337 860
0.004338 860
0.004339 860
0.00434 860
0.004341 860
0.004342 860
0.004343 859
0.004344 859
0.004345 859
0.004346 859
0.004347 859
0.004348 859
0.004349 859
0.00435 858
0.004351 859
0.004352 859
0.004353 859
0.004354 859
0.004355 859
0.004356 859
0.004357 859
0.004358 859
0.004359 860
0.00436 860
0.004361 860
0.004362 860
0.004363 860
0.004364 860
0.004365 860
0.004366 860
0.004367 860
0.004368 860
0.004369 860
0.00437 860
0.004371 860
0.004372 860
0.004373 860
0.004374 860
0.004375 859
0.004376 859
0.004377 859
0.004378 859
0.004379 859
0.00438 859
0.004381 859
0.004382 859
0.004383 859
0.004384 859
0.004385 859
0.004386 859
0.004387 859
0.004388 859
0.004389 859
0.00439 860
0.004391 860
0.004392 860
0.004393 860
0.004394 860
0.004395 860
0.004396 860
0.004397 860
0.004398 860
0.004399 860
0.0044 860
0.004401 860
0.004402 860
0.004403 861
0.004404 861
0.004405 861
0.004406 861
0.004407 861
0.004408 861
0.004409 861
0.00441 862
0.004411 862
0.004412 862
0.004413 862
0.004414 862
0.004415 861
0.004416 861
0.004417 861
0.004418 860
0.004419 860
0.00442 860
0.004421 860
0.004422 860
0.004423 860
0.004424 860
0.004425 860
0.004426 860
0.004427 859
0.004428 860
0.004429 860
0.00443 860
0.004431 860
0.004432 860
0.004433 860
0.004434 861
0.004435 861
0.004436 861
0.004437 861
0.004438 861
0.004439 861
0.00444 861
0.004441 861
0.004442 861
0.004443 861
0.004444 861
0.004445 861
0.004446 861
0.004447 861
0.004448 861
0.004449 862
0.00445 862
0.004451 862
0.004452 862
0.004453 862
0.004454 862
0.004455 862
0.004456 862
0.004457 862
0.004458 862
0.004459 862
0.00446 862
0.004461 862
0.004462 862
0.004463 862
0.004464 862
0.004465 862
0.004466 862
0.004467 862
0.004468 861
0.004469 861
0.00447 861
0.004471 861
0.004472 861
0.004473 861
0.004474 861
0.004475 861
0.004476 861
0.004477 861
0.004478 861
0.004479 861
0.00448 861
0.004481 861
0.004482 861
0.004483 861
0.004484 861
0.004485 861
0.004486 861
0.004487 861
0.004488 861
0.004489 861
0.00449 861
0.004491 861
0.004492 861
0.004493 861
0.004494 861
0.004495 861
0.004496 862
0.004497 862
0.004498 862
0.004499 862
0.0045 862
0.004501 862
0.004502 862
0.004503 862
0.004504 862
0.004505 862
0.004506 862
0.004507 862
0.004508 862
0.004509 862
0.00451 862
0.004511 862
0.004512 862
0.004513 862
0.004514 861
0.004515 861
0.004516 861
0.004517 862
0.004518 862
0.004519 863
0.00452 863
0.004521 863
0.004522 863
0.004523 863
0.004524 863
0.004525 863
0.004526 863
0.004527 863
0.004528 863
0.004529 863
0.00453 864
0.004531 864
0.004532 864
0.004533 863
0.004534 863
0.004535 863
0.004536 864
0.004537 864
0.004538 864
0.004539 864
0.00454 863
0.004541 863
0.004542 863
0.004543 863
0.004544 863
0.004545 862
0.004546 862
0.004547 862
0.004548 862
0.004549 862
0.00455 862
0.004551 862
0.004552 862
0.004553 862
0.004554 862
0.004555 862
0.004556 862
0.004557 862
0.004558 862
0.004559 862
0.00456 862
0.004561 862
0.004562 862
0.004563 862
0.004564 862
0.004565 862
0.004566 862
0.004567 862
0.004568 862
0.004569 862
0.00457 862
0.004571 862
0.004572 862
0.004573 862
0.004574 862
0.004575 862
0.004576 861
0.004577 861
0.004578 861
0.004579 862
0.00458 862
0.004581 862
0.004582 862
0.004583 862
0.004584 862
0.004585 862
0.004586 862
0.004587 862
0.004588 862
0.004589 862
0.00459 862
0.004591 862
0.004592 862
0.004593 862
0.004594 862
0.004595 862
0.004596 862
0.004597 862
0.004598 862
0.004599 862
0.0046 862
0.004601 862
0.004602 861
0.004603 861
0.004604 861
0.004605 861
0.004606 861
0.004607 861
0.004608 861
0.004609 862
0.00461 862
0.004611 861
0.004612 861
0.004613 861
0.004614 861
0.004615 861
0.004616 861
0.004617 861
0.004618 861
0.004619 861
0.00462 861
0.004621 861
0.004622 861
0.004623 861
0.004624 861
0.004625 861
0.004626 861
0.004627 861
0.004628 861
0.004629 861
0.00463 861
0.004631 861
0.004632 861
0.004633 861
0.004634 861
0.004635 861
0.004636 861
0.004637 861
0.004638 861
0.004639 861
0.00464 861
0.004641 861
0.004642 861
0.004643 861
0.004644 861
0.004645 861
0.004646 861
0.004647 861
0.004648 861
0.004649 861
0.00465 861
0.004651 861
0.004652 861
0.004653 861
0.004654 861
0.004655 861
0.004656 861
0.004657 861
0.004658 859
0.004659 859
0.00466 859
0.004661 859
0.004662 859
0.004663 859
0.004664 859
0.004665 861
0.004666 861
0.004667 861
0.004668 861
0.004669 861
0.00467 861
0.004671 861
0.004672 861
0.004673 861
0.004674 861
0.004675 861
0.004676 861
0.004677 861
0.004678 861
0.004679 861
0.00468 861
0.004681 862
0.004682 862
0.004683 862
0.004684 862
0.004685 862
0.004686 862
0.004687 862
0.004688 862
0.004689 862
0.00469 862
0.004691 862
0.004692 862
0.004693 862
0.004694 862
0.004695 862
0.004696 862
0.004697 862
0.004698 862
0.004699 862
0.0047 862
0.004701 862
0.004702 862
0.004703 862
0.004704 862
0.004705 862
0.004706 862
0.004707 862
0.004708 862
0.004709 862
0.00471 862
0.004711 862
0.004712 862
0.004713 862
0.004714 862
0.004715 862
0.004716 862
0.004717 862
0.004718 862
0.004719 862
0.00472 862
0.004721 862
0.004722 862
0.004723 862
0.004724 862
0.004725 862
0.004726 862
0.004727 862
0.004728 862
0.004729 861
0.00473 861
0.004731 861
0.004732 861
0.004733 861
0.004734 861
0.004735 861
0.004736 861
0.004737 861
0.004738 861
0.004739 861
0.00474 861
0.004741 861
0.004742 861
0.004743 861
0.004744 861
0.004745 861
0.004746 861
0.004747 861
0.004748 862
0.004749 862
0.00475 862
0.004751 862
0.004752 862
0.004753 862
0.004754 862
0.004755 862
0.004756 862
0.004757 862
0.004758 861
0.004759 861
0.00476 861
0.004761 861
0.004762 861
0.004763 861
0.004764 861
0.004765 861
0.004766 861
0.004767 861
0.004768 861
0.004769 861
0.00477 861
0.004771 861
0.004772 861
0.004773 861
0.004774 861
0.004775 861
0.004776 861
0.004777 860
0.004778 860
0.004779 860
0.00478 860
0.004781 860
0.004782 860
0.004783 860
0.004784 860
0.004785 860
0.004786 860
0.004787 860
0.004788 860
0.004789 860
0.00479 860
0.004791 860
0.004792 860
0.004793 860
0.004794 860
0.004795 860
0.004796 860
0.004797 860
0.004798 860
0.004799 860
0.0048 860
0.004801 860
0.004802 860
0.004803 859
0.004804 860
0.004805 860
0.004806 860
0.004807 860
0.004808 860
0.004809 860
0.00481 860
0.004811 860
0.004812 860
0.004813 860
0.004814 860
0.004815 860
0.004816 860
0.004817 860
0.004818 860
0.004819 860
0.00482 860
0.004821 860
0.004822 860
0.004823 860
0.004824 860
0.004825 860
0.004826 860
0.004827 860
0.004828 860
0.004829 860
0.00483 860
0.004831 860
0.004832 860
0.004833 860
0.004834 860
0.004835 860
0.004836 860
0.004837 860
0.004838 860
0.004839 860
0.00484 860
0.004841 860
0.004842 860
0.004843 860
0.004844 859
0.004845 859
0.004846 859
0.004847 859
0.004848 859
0.004849 859
0.00485 859
0.004851 859
0.004852 858
0.004853 857
0.004854 857
0.004855 857
0.004856 857
0.004857 857
0.004858 858
0.004859 858
0.00486 858
0.004861 858
0.004862 858
0.004863 858
0.004864 858
0.004865 858
0.004866 858
0.004867 858
0.004868 858
0.004869 858
0.00487 858
0.004871 858
0.004872 858
0.004873 858
0.004874 858
0.004875 858
0.004876 858
0.004877 858
0.004878 858
0.004879 858
0.00488 858
0.004881 858
0.004882 858
0.004883 858
0.004884 858
0.004885 858
0.004886 858
0.004887 858
0.004888 857
0.004889 857
0.00489 857
0.004891 857
0.004892 857
0.004893 857
0.004894 857
0.004895 856
0.004896 856
0.004897 856
0.004898 856
0.004899 855
0.0049 855
0.004901 855
0.004902 855
0.004903 855
0.004904 855
0.004905 855
0.004906 855
0.004907 855
0.004908 855
0.004909 855
0.00491 855
0.004911 855
0.004912 855
0.004913 854
0.004914 854
0.004915 854
0.004916 854
0.004917 855
0.004918 855
0.004919 855
0.00492 855
0.004921 855
0.004922 855
0.004923 855
0.004924 855
0.004925 855
0.004926 855
0.004927 855
0.004928 855
0.004929 855
0.00493 855
0.004931 855
0.004932 855
0.004933 855
0.004934 855
0.004935 855
0.004936 855
0.004937 856
0.004938 856
0.004939 856
0.00494 856
0.004941 856
0.004942 856
0.004943 856
0.004944 856
0.004945 856
0.004946 857
0.004947 857
0.004948 857
0.004949 857
0.00495 857
0.004951 857
0.004952 857
0.004953 857
0.004954 858
0.004955 858
0.004956 858
0.004957 858
0.004958 858
0.004959 858
0.00496 858
0.004961 858
0.004962 858
0.004963 858
0.004964 858
0.004965 858
0.004966 858
0.004967 858
0.004968 858
0.004969 858
0.00497 858
0.004971 858
0.004972 858
0.004973 858
0.004974 858
0.004975 858
0.004976 857
0.004977 857
0.004978 857
0.004979 857
0.00498 858
0.004981 858
0.004982 858
0.004983 858
0.004984 858
0.004985 858
0.004986 858
0.004987 858
0.004988 858
0.004989 858
0.00499 858
0.004991 858
0.004992 859
0.004993 859
0.004994 859
0.004995 859
0.004996 859
0.004997 859
0.004998 859
0.004999 859
0.005 859
