0 1217
1e-06 1215
2e-06 1213
3e-06 1212
4e-06 1208
5e-06 1208
6e-06 1205
7e-06 1205
8e-06 1202
9e-06 1202
1e-05 1203
1.1e-05 1202
1.2e-05 1204
1.3e-05 1205
1.4e-05 1205
1.5e-05 1204
1.6e-05 1201
1.7e-05 1201
1.8e-05 1195
1.9e-05 1194
2e-05 1194
2.1e-05 1194
2.2e-05 1192
2.3e-05 1191
2.4e-05 1191
2.5e-05 1192
2.6e-05 1191
2.7e-05 1191
2.8e-05 1190
2.9e-05 1190
3e-05 1188
3.1e-05 1187
3.2e-05 1185
3.3e-05 1183
3.4e-05 1183
3.5e-05 1179
3.6e-05 1179
3.7e-05 1177
3.8e-05 1176
3.9e-05 1173
4e-05 1172
4.1e-05 1171
4.2e-05 1170
4.3e-05 1166
4.4e-05 1165
4.5e-05 1164
4.6e-05 1163
4.7e-05 1163
4.8e-05 1162
4.9e-05 1160
5e-05 1163
5.1e-05 1162
5.2e-05 1159
5.3e-05 1158
5.4e-05 1154
5.5e-05 1153
5.6e-05 1151
5.7e-05 1149
5.8e-05 1148
5.9e-05 1147
6e-05 1147
6.1e-05 1144
6.2e-05 1142
6.3e-05 1141
6.4e-05 1139
6.5e-05 1138
6.6e-05 1137
6.7e-05 1139
6.8e-05 1135
6.9e-05 1134
7e-05 1134
7.1e-05 1134
7.2e-05 1131
7.3e-05 1132
7.4e-05 1131
7.5e-05 1130
7.6e-05 1129
7.7e-05 1126
7.8e-05 1126
7.9e-05 1126
8e-05 1125
8.1e-05 1121
8.2e-05 1119
8.3e-05 1118
8.4e-05 1118
8.5e-05 1117
8.6e-05 1117
8.7e-05 1116
8.8e-05 1116
8.9e-05 1116
9e-05 1116
9.1e-05 1114
9.2e-05 1114
9.3e-05 1113
9.4e-05 1112
9.5e-05 1111
9.6e-05 1112
9.7e-05 1112
9.8e-05 1111
9.9e-05 1110
0.0001 1108
0.000101 1106
0.000102 1104
0.000103 1105
0.000104 1105
0.000105 1103
0.000106 1103
0.000107 1101
0.000108 1100
0.000109 1101
0.00011 1101
0.000111 1101
0.000112 1098
0.000113 1099
0.000114 1097
0.000115 1096
0.000116 1094
0.000117 1095
0.000118 1094
0.000119 1092
0.00012 1090
0.000121 1088
0.000122 1084
0.000123 1084
0.000124 1084
0.000125 1084
0.000126 1082
0.000127 1080
0.000128 1079
0.000129 1080
0.00013 1078
0.000131 1075
0.000132 1075
0.000133 1074
0.000134 1072
0.000135 1071
0.000136 1069
0.000137 1068
0.000138 1066
0.000139 1066
0.00014 1064
0.000141 1064
0.000142 1063
0.000143 1061
0.000144 1061
0.000145 1060
0.000146 1062
0.000147 1061
0.000148 1060
0.000149 1060
0.00015 1061
0.000151 1061
0.000152 1061
0.000153 1061
0.000154 1061
0.000155 1060
0.000156 1058
0.000157 1058
0.000158 1058
0.000159 1059
0.00016 1058
0.000161 1060
0.000162 1058
0.000163 1058
0.000164 1058
0.000165 1057
0.000166 1055
0.000167 1055
0.000168 1055
0.000169 1055
0.00017 1056
0.000171 1055
0.000172 1053
0.000173 1053
0.000174 1053
0.000175 1052
0.000176 1051
0.000177 1051
0.000178 1052
0.000179 1051
0.00018 1050
0.000181 1050
0.000182 1051
0.000183 1051
0.000184 1049
0.000185 1049
0.000186 1049
0.000187 1049
0.000188 1049
0.000189 1048
0.00019 1047
0.000191 1048
0.000192 1047
0.000193 1049
0.000194 1048
0.000195 1047
0.000196 1046
0.000197 1046
0.000198 1044
0.000199 1043
0.0002 1041
0.000201 1041
0.000202 1041
0.000203 1041
0.000204 1042
0.000205 1044
0.000206 1044
0.000207 1043
0.000208 1043
0.000209 1043
0.00021 1043
0.000211 1043
0.000212 1043
0.000213 1042
0.000214 1042
0.000215 1042
0.000216 1041
0.000217 1041
0.000218 1041
0.000219 1040
0.00022 1039
0.000221 1039
0.000222 1038
0.000223 1037
0.000224 1037
0.000225 1038
0.000226 1038
0.000227 1038
0.000228 1038
0.000229 1039
0.00023 1041
0.000231 1040
0.000232 1040
0.000233 1039
0.000234 1039
0.000235 1038
0.000236 1038
0.000237 1038
0.000238 1037
0.000239 1037
0.00024 1037
0.000241 1034
0.000242 1035
0.000243 1035
0.000244 1035
0.000245 1034
0.000246 1034
0.000247 1035
0.000248 1036
0.000249 1036
0.00025 1036
0.000251 1036
0.000252 1035
0.000253 1035
0.000254 1034
0.000255 1034
0.000256 1034
0.000257 1034
0.000258 1033
0.000259 1033
0.00026 1033
0.000261 1034
0.000262 1032
0.000263 1032
0.000264 1032
0.000265 1031
0.000266 1031
0.000267 1031
0.000268 1031
0.000269 1031
0.00027 1030
0.000271 1030
0.000272 1029
0.000273 1029
0.000274 1028
0.000275 1028
0.000276 1030
0.000277 1030
0.000278 1031
0.000279 1030
0.00028 1029
0.000281 1029
0.000282 1029
0.000283 1031
0.000284 1031
0.000285 1031
0.000286 1031
0.000287 1031
0.000288 1030
0.000289 1030
0.00029 1030
0.000291 1030
0.000292 1030
0.000293 1030
0.000294 1030
0.000295 1030
0.000296 1030
0.000297 1030
0.000298 1029
0.000299 1029
0.0003 1029
0.000301 1029
0.000302 1029
0.000303 1029
0.000304 1029
0.000305 1029
0.000306 1029
0.000307 1029
0.000308 1028
0.000309 1029
0.00031 1029
0.000311 1028
0.000312 1028
0.000313 1028
0.000314 1028
0.000315 1028
0.000316 1027
0.000317 1027
0.000318 1027
0.000319 1027
0.00032 1028
0.000321 1027
0.000322 1027
0.000323 1027
0.000324 1027
0.000325 1026
0.000326 1027
0.000327 1026
0.000328 1026
0.000329 1025
0.00033 1023
0.000331 1020
0.000332 1020
0.000333 1019
0.000334 1019
0.000335 1019
0.000336 1019
0.000337 1019
0.000338 1019
0.000339 1019
0.00034 1019
0.000341 1018
0.000342 1018
0.000343 1018
0.000344 1018
0.000345 1017
0.000346 1017
0.000347 1017
0.000348 1016
0.000349 1016
0.00035 1016
0.000351 1015
0.000352 1015
0.000353 1015
0.000354 1015
0.000355 1015
0.000356 1014
0.000357 1014
0.000358 1013
0.000359 1013
0.00036 1014
0.000361 1014
0.000362 1014
0.000363 1013
0.000364 1013
0.000365 1013
0.000366 1013
0.000367 1013
0.000368 1012
0.000369 1012
0.00037 1012
0.000371 1012
0.000372 1012
0.000373 1012
0.000374 1012
0.000375 1012
0.000376 1012
0.000377 1012
0.000378 1011
0.000379 1011
0.00038 1011
0.000381 1011
0.000382 1011
0.000383 1011
0.000384 1012
0.000385 1012
0.000386 1011
0.000387 1011
0.000388 1011
0.000389 1011
0.00039 1012
0.000391 1012
0.000392 1012
0.000393 1012
0.000394 1012
0.000395 1012
0.000396 1013
0.000397 1012
0.000398 1011
0.000399 1011
0.0004 1011
0.000401 1010
0.000402 1010
0.000403 1010
0.000404 1010
0.000405 1010
0.000406 1010
0.000407 1011
0.000408 1011
0.000409 1011
0.00041 1011
0.000411 1011
0.000412 1012
0.000413 1012
0.000414 1012
0.000415 1011
0.000416 1011
0.000417 1011
0.000418 1011
0.000419 1011
0.00042 1011
0.000421 1010
0.000422 1010
0.000423 1010
0.000424 1010
0.000425 1010
0.000426 1010
0.000427 1009
0.000428 1009
0.000429 1009
0.00043 1009
0.000431 1008
0.000432 1008
0.000433 1008
0.000434 1007
0.000435 1007
0.000436 1009
0.000437 1010
0.000438 1010
0.000439 1009
0.00044 1009
0.000441 1009
0.000442 1009
0.000443 1009
0.000444 1009
0.000445 1009
0.000446 1009
0.000447 1009
0.000448 1009
0.000449 1009
0.00045 1009
0.000451 1009
0.000452 1009
0.000453 1010
0.000454 1011
0.000455 1011
0.000456 1011
0.000457 1010
0.000458 1010
0.000459 1010
0.00046 1010
0.000461 1010
0.000462 1010
0.000463 1010
0.000464 1009
0.000465 1009
0.000466 1009
0.000467 1009
0.000468 1009
0.000469 1008
0.00047 1008
0.000471 1008
0.000472 1007
0.000473 1007
0.000474 1006
0.000475 1006
0.000476 1006
0.000477 1006
0.000478 1006
0.000479 1006
0.00048 1006
0.000481 1006
0.000482 1006
0.000483 1006
0.000484 1006
0.000485 1006
0.000486 1006
0.000487 1006
0.000488 1006
0.000489 1006
0.00049 1006
0.000491 1006
0.000492 1006
0.000493 1006
0.000494 1006
0.000495 1006
0.000496 1006
0.000497 1007
0.000498 1007
0.000499 1006
0.0005 1006
0.000501 1007
0.000502 1007
0.000503 1007
0.000504 1007
0.000505 1007
0.000506 1007
0.000507 1007
0.000508 1007
0.000509 1007
0.00051 1007
0.000511 1007
0.000512 1007
0.000513 1007
0.000514 1007
0.000515 1007
0.000516 1006
0.000517 1006
0.000518 1006
0.000519 1006
0.00052 1007
0.000521 1007
0.000522 1007
0.000523 1007
0.000524 1007
0.000525 1007
0.000526 1007
0.000527 1006
0.000528 1006
0.000529 1006
0.00053 1006
0.000531 1006
0.000532 1006
0.000533 1006
0.000534 1005
0.000535 1005
0.000536 1005
0.000537 1005
0.000538 1005
0.000539 1005
0.00054 1005
0.000541 1005
0.000542 1005
0.000543 1004
0.000544 1004
0.000545 1004
0.000546 1004
0.000547 1004
0.000548 1004
0.000549 1004
0.00055 1004
0.000551 1004
0.000552 1003
0.000553 1003
0.000554 1003
0.000555 1003
0.000556 1003
0.000557 1002
0.000558 1002
0.000559 1002
0.00056 1002
0.000561 1002
0.000562 1002
0.000563 1001
0.000564 1001
0.000565 1001
0.000566 1001
0.000567 1001
0.000568 1001
0.000569 1001
0.00057 1001
0.000571 1001
0.000572 1000
0.000573 1000
0.000574 1000
0.000575 1000
0.000576 1000
0.000577 1000
0.000578 1000
0.000579 1000
0.00058 1000
0.000581 999
0.000582 999
0.000583 999
0.000584 999
0.000585 999
0.000586 999
0.000587 999
0.000588 1000
0.000589 1000
0.00059 1000
0.000591 1000
0.000592 1000
0.000593 1000
0.000594 999
0.000595 1000
0.000596 1000
0.000597 1000
0.000598 1000
0.000599 1000
0.0006 1000
0.000601 1000
0.000602 1000
0.000603 1000
0.000604 1000
0.000605 1000
0.000606 1000
0.000607 1000
0.000608 1000
0.000609 1000
0.00061 1000
0.000611 1000
0.000612 1000
0.000613 1000
0.000614 1000
0.000615 1000
0.000616 1000
0.000617 1000
0.000618 999
0.000619 999
0.00062 999
0.000621 999
0.000622 999
0.000623 999
0.000624 999
0.000625 999
0.000626 998
0.000627 998
0.000628 998
0.000629 998
0.00063 998
0.000631 998
0.000632 998
0.000633 998
0.000634 998
0.000635 998
0.000636 998
0.000637 997
0.000638 997
0.000639 997
0.00064 997
0.000641 997
0.000642 998
0.000643 998
0.000644 998
0.000645 998
0.000646 998
0.000647 998
0.000648 998
0.000649 998
0.00065 998
0.000651 998
0.000652 998
0.000653 998
0.000654 998
0.000655 998
0.000656 998
0.000657 998
0.000658 998
0.000659 998
0.00066 998
0.000661 998
0.000662 998
0.000663 998
0.000664 998
0.000665 998
0.000666 998
0.000667 997
0.000668 997
0.000669 997
0.00067 997
0.000671 997
0.000672 997
0.000673 997
0.000674 997
0.000675 997
0.000676 996
0.000677 996
0.000678 996
0.000679 996
0.00068 996
0.000681 996
0.000682 996
0.000683 996
0.000684 996
0.000685 996
0.000686 996
0.000687 995
0.000688 995
0.000689 995
0.00069 995
0.000691 995
0.000692 995
0.000693 994
0.000694 994
0.000695 994
0.000696 994
0.000697 994
0.000698 994
0.000699 993
0.0007 992
0.000701 992
0.000702 992
0.000703 992
0.000704 992
0.000705 992
0.000706 992
0.000707 992
0.000708 992
0.000709 991
0.00071 991
0.000711 991
0.000712 991
0.000713 991
0.000714 991
0.000715 991
0.000716 991
0.000717 991
0.000718 991
0.000719 991
0.00072 991
0.000721 991
0.000722 990
0.000723 990
0.000724 990
0.000725 990
0.000726 990
0.000727 989
0.000728 989
0.000729 989
0.00073 989
0.000731 989
0.000732 989
0.000733 989
0.000734 989
0.000735 989
0.000736 990
0.000737 990
0.000738 990
0.000739 991
0.00074 991
0.000741 991
0.000742 991
0.000743 991
0.000744 991
0.000745 991
0.000746 991
0.000747 991
0.000748 991
0.000749 991
0.00075 991
0.000751 991
0.000752 992
0.000753 992
0.000754 992
0.000755 992
0.000756 992
0.000757 992
0.000758 992
0.000759 992
0.00076 992
0.000761 992
0.000762 992
0.000763 992
0.000764 992
0.000765 992
0.000766 992
0.000767 992
0.000768 992
0.000769 992
0.00077 992
0.000771 992
0.000772 992
0.000773 992
0.000774 992
0.000775 992
0.000776 992
0.000777 992
0.000778 992
0.000779 992
0.00078 992
0.000781 992
0.000782 992
0.000783 992
0.000784 991
0.000785 991
0.000786 991
0.000787 990
0.000788 990
0.000789 990
0.00079 990
0.000791 990
0.000792 990
0.000793 990
0.000794 990
0.000795 990
0.000796 990
0.000797 990
0.000798 990
0.000799 990
0.0008 990
0.000801 990
0.000802 990
0.000803 990
0.000804 989
0.000805 989
0.000806 988
0.000807 988
0.000808 988
0.000809 988
0.00081 988
0.000811 988
0.000812 988
0.000813 988
0.000814 988
0.000815 988
0.000816 988
0.000817 988
0.000818 988
0.000819 988
0.00082 988
0.000821 988
0.000822 988
0.000823 988
0.000824 988
0.000825 988
0.000826 988
0.000827 988
0.000828 988
0.000829 988
0.00083 988
0.000831 988
0.000832 988
0.000833 988
0.000834 988
0.000835 988
0.000836 988
0.000837 988
0.000838 988
0.000839 988
0.00084 988
0.000841 989
0.000842 989
0.000843 989
0.000844 989
0.000845 989
0.000846 989
0.000847 990
0.000848 990
0.000849 990
0.00085 990
0.000851 990
0.000852 990
0.000853 990
0.000854 990
0.000855 990
0.000856 990
0.000857 990
0.000858 990
0.000859 990
0.00086 990
0.000861 990
0.000862 990
0.000863 990
0.000864 990
0.000865 990
0.000866 990
0.000867 990
0.000868 991
0.000869 991
0.00087 991
0.000871 991
0.000872 991
0.000873 991
0.000874 991
0.000875 991
0.000876 991
0.000877 991
0.000878 991
0.000879 991
0.00088 991
0.000881 991
0.000882 991
0.000883 992
0.000884 992
0.000885 992
0.000886 992
0.000887 992
0.000888 992
0.000889 992
0.00089 992
0.000891 992
0.000892 992
0.000893 992
0.000894 992
0.000895 992
0.000896 992
0.000897 992
0.000898 992
0.000899 992
0.0009 992
0.000901 992
0.000902 992
0.000903 992
0.000904 992
0.000905 992
0.000906 992
0.000907 992
0.000908 992
0.000909 992
0.00091 992
0.000911 992
0.000912 992
0.000913 992
0.000914 992
0.000915 992
0.000916 992
0.000917 992
0.000918 992
0.000919 992
0.00092 992
0.000921 992
0.000922 992
0.000923 992
0.000924 992
0.000925 992
0.000926 992
0.000927 992
0.000928 992
0.000929 992
0.00093 992
0.000931 992
0.000932 992
0.000933 992
0.000934 992
0.000935 992
0.000936 992
0.000937 992
0.000938 992
0.000939 992
0.00094 992
0.000941 992
0.000942 993
0.000943 993
0.000944 994
0.000945 994
0.000946 994
0.000947 994
0.000948 994
0.000949 994
0.00095 994
0.000951 993
0.000952 993
0.000953 993
0.000954 994
0.000955 994
0.000956 994
0.000957 994
0.000958 993
0.000959 993
0.00096 993
0.000961 993
0.000962 993
0.000963 993
0.000964 993
0.000965 993
0.000966 993
0.000967 993
0.000968 993
0.000969 993
0.00097 993
0.000971 993
0.000972 993
0.000973 993
0.000974 993
0.000975 993
0.000976 993
0.000977 994
0.000978 993
0.000979 993
0.00098 994
0.000981 994
0.000982 994
0.000983 994
0.000984 995
0.000985 994
0.000986 994
0.000987 994
0.000988 994
0.000989 994
0.00099 994
0.000991 994
0.000992 994
0.000993 994
0.000994 994
0.000995 994
0.000996 994
0.000997 994
0.000998 994
0.000999 993
0.001 993
0.001001 993
0.001002 993
0.001003 993
0.001004 993
0.001005 993
0.001006 993
0.001007 993
0.001008 993
0.001009 993
0.00101 993
0.001011 993
0.001012 993
0.001013 993
0.001014 993
0.001015 993
0.001016 993
0.001017 993
0.001018 993
0.001019 993
0.00102 993
0.001021 993
0.001022 993
0.001023 993
0.001024 993
0.001025 993
0.001026 993
0.001027 993
0.001028 994
0.001029 994
0.00103 994
0.001031 994
0.001032 994
0.001033 994
0.001034 994
0.001035 994
0.001036 994
0.001037 994
0.001038 994
0.001039 994
0.00104 994
0.001041 994
0.001042 994
0.001043 994
0.001044 994
0.001045 994
0.001046 994
0.001047 994
0.001048 994
0.001049 994
0.00105 994
0.001051 994
0.001052 994
0.001053 994
0.001054 994
0.001055 994
0.001056 994
0.001057 994
0.001058 994
0.001059 994
0.00106 994
0.001061 994
0.001062 994
0.001063 994
0.001064 993
0.001065 993
0.001066 993
0.001067 993
0.001068 994
0.001069 994
0.00107 994
0.001071 994
0.001072 994
0.001073 994
0.001074 994
0.001075 995
0.001076 995
0.001077 995
0.001078 995
0.001079 995
0.00108 995
0.001081 995
0.001082 996
0.001083 996
0.001084 996
0.001085 996
0.001086 996
0.001087 996
0.001088 996
0.001089 996
0.00109 996
0.001091 996
0.001092 996
0.001093 996
0.001094 996
0.001095 996
0.001096 996
0.001097 996
0.001098 996
0.001099 996
0.0011 995
0.001101 995
0.001102 995
0.001103 995
0.001104 994
0.001105 994
0.001106 995
0.001107 995
0.001108 995
0.001109 995
0.00111 995
0.001111 995
0.001112 995
0.001113 995
0.001114 995
0.001115 995
0.001116 995
0.001117 995
0.001118 995
0.001119 995
0.00112 995
0.001121 995
0.001122 995
0.001123 995
0.001124 995
0.001125 995
0.001126 995
0.001127 995
0.001128 995
0.001129 995
0.00113 995
0.001131 995
0.001132 995
0.001133 995
0.001134 995
0.001135 995
0.001136 995
0.001137 995
0.001138 995
0.001139 995
0.00114 995
0.001141 995
0.001142 995
0.001143 995
0.001144 995
0.001145 995
0.001146 995
0.001147 995
0.001148 995
0.001149 995
0.00115 995
0.001151 995
0.001152 996
0.001153 996
0.001154 996
0.001155 996
0.001156 996
0.001157 996
0.001158 996
0.001159 996
0.00116 996
0.001161 997
0.001162 997
0.001163 997
0.001164 997
0.001165 997
0.001166 997
0.001167 997
0.001168 997
0.001169 997
0.00117 997
0.001171 997
0.001172 997
0.001173 997
0.001174 997
0.001175 997
0.001176 997
0.001177 996
0.001178 995
0.001179 995
0.00118 995
0.001181 995
0.001182 995
0.001183 995
0.001184 995
0.001185 995
0.001186 995
0.001187 995
0.001188 995
0.001189 995
0.00119 995
0.001191 995
0.001192 995
0.001193 995
0.001194 995
0.001195 995
0.001196 995
0.001197 995
0.001198 995
0.001199 995
0.0012 994
0.001201 994
0.001202 994
0.001203 994
0.001204 994
0.001205 994
0.001206 994
0.001207 994
0.001208 994
0.001209 994
0.00121 994
0.001211 994
0.001212 994
0.001213 994
0.001214 994
0.001215 994
0.001216 994
0.001217 994
0.001218 994
0.001219 994
0.00122 995
0.001221 995
0.001222 995
0.001223 995
0.001224 995
0.001225 995
0.001226 995
0.001227 995
0.001228 995
0.001229 995
0.00123 995
0.001231 995
0.001232 994
0.001233 994
0.001234 994
0.001235 994
0.001236 994
0.001237 994
0.001238 994
0.001239 994
0.00124 994
0.001241 994
0.001242 994
0.001243 994
0.001244 994
0.001245 994
0.001246 994
0.001247 994
0.001248 994
0.001249 994
0.00125 994
0.001251 994
0.001252 994
0.001253 994
0.001254 994
0.001255 994
0.001256 994
0.001257 994
0.001258 994
0.001259 994
0.00126 994
0.001261 994
0.001262 994
0.001263 994
0.001264 994
0.001265 994
0.001266 994
0.001267 994
0.001268 994
0.001269 994
0.00127 995
0.001271 995
0.001272 995
0.001273 995
0.001274 995
0.001275 995
0.001276 995
0.001277 995
0.001278 995
0.001279 995
0.00128 995
0.001281 995
0.001282 995
0.001283 995
0.001284 995
0.001285 995
0.001286 996
0.001287 996
0.001288 996
0.001289 996
0.00129 996
0.001291 996
0.001292 996
0.001293 996
0.001294 996
0.001295 995
0.001296 995
0.001297 995
0.001298 995
0.001299 995
0.0013 994
0.001301 994
0.001302 994
0.001303 994
0.001304 994
0.001305 994
0.001306 994
0.001307 994
0.001308 994
0.001309 994
0.00131 994
0.001311 994
0.001312 994
0.001313 995
0.001314 995
0.001315 995
0.001316 995
0.001317 995
0.001318 995
0.001319 994
0.00132 994
0.001321 994
0.001322 994
0.001323 993
0.001324 992
0.001325 992
0.001326 992
0.001327 992
0.001328 992
0.001329 992
0.00133 992
0.001331 992
0.001332 992
0.001333 992
0.001334 992
0.001335 992
0.001336 992
0.001337 992
0.001338 992
0.001339 992
0.00134 992
0.001341 992
0.001342 992
0.001343 992
0.001344 992
0.001345 992
0.001346 992
0.001347 992
0.001348 992
0.001349 992
0.00135 992
0.001351 992
0.001352 992
0.001353 992
0.001354 993
0.001355 993
0.001356 993
0.001357 993
0.001358 993
0.001359 993
0.00136 993
0.001361 993
0.001362 993
0.001363 993
0.001364 993
0.001365 993
0.001366 993
0.001367 994
0.001368 995
0.001369 995
0.00137 995
0.001371 994
0.001372 994
0.001373 994
0.001374 994
0.001375 994
0.001376 994
0.001377 994
0.001378 994
0.001379 994
0.00138 994
0.001381 994
0.001382 994
0.001383 994
0.001384 993
0.001385 993
0.001386 993
0.001387 993
0.001388 993
0.001389 993
0.00139 993
0.001391 992
0.001392 992
0.001393 992
0.001394 992
0.001395 992
0.001396 992
0.001397 992
0.001398 992
0.001399 992
0.0014 992
0.001401 992
0.001402 992
0.001403 992
0.001404 992
0.001405 992
0.001406 992
0.001407 992
0.001408 992
0.001409 992
0.00141 992
0.001411 992
0.001412 992
0.001413 992
0.001414 992
0.001415 992
0.001416 992
0.001417 992
0.001418 992
0.001419 992
0.00142 992
0.001421 992
0.001422 992
0.001423 992
0.001424 992
0.001425 992
0.001426 992
0.001427 992
0.001428 992
0.001429 992
0.00143 992
0.001431 992
0.001432 992
0.001433 993
0.001434 993
0.001435 993
0.001436 993
0.001437 993
0.001438 993
0.001439 993
0.00144 993
0.001441 993
0.001442 993
0.001443 993
0.001444 993
0.001445 993
0.001446 993
0.001447 993
0.001448 993
0.001449 993
0.00145 993
0.001451 993
0.001452 993
0.001453 993
0.001454 993
0.001455 993
0.001456 994
0.001457 994
0.001458 994
0.001459 994
0.00146 994
0.001461 994
0.001462 994
0.001463 994
0.001464 994
0.001465 994
0.001466 995
0.001467 994
0.001468 994
0.001469 994
0.00147 994
0.001471 994
0.001472 994
0.001473 995
0.001474 995
0.001475 995
0.001476 995
0.001477 995
0.001478 995
0.001479 995
0.00148 995
0.001481 995
0.001482 995
0.001483 995
0.001484 995
0.001485 995
0.001486 995
0.001487 996
0.001488 996
0.001489 996
0.00149 997
0.001491 997
0.001492 997
0.001493 997
0.001494 997
0.001495 997
0.001496 997
0.001497 997
0.001498 997
0.001499 997
0.0015 997
0.001501 997
0.001502 997
0.001503 997
0.001504 997
0.001505 997
0.001506 997
0.001507 997
0.001508 997
0.001509 997
0.00151 997
0.001511 997
0.001512 997
0.001513 997
0.001514 997
0.001515 997
0.001516 997
0.001517 997
0.001518 997
0.001519 998
0.00152 998
0.001521 998
0.001522 998
0.001523 998
0.001524 998
0.001525 998
0.001526 998
0.001527 998
0.001528 998
0.001529 998
0.00153 998
0.001531 998
0.001532 998
0.001533 998
0.001534 998
0.001535 998
0.001536 998
0.001537 998
0.001538 998
0.001539 998
0.00154 998
0.001541 998
0.001542 999
0.001543 999
0.001544 999
0.001545 999
0.001546 999
0.001547 999
0.001548 999
0.001549 999
0.00155 999
0.001551 999
0.001552 999
0.001553 998
0.001554 998
0.001555 998
0.001556 998
0.001557 998
0.001558 997
0.001559 997
0.00156 997
0.001561 996
0.001562 996
0.001563 997
0.001564 997
0.001565 997
0.001566 997
0.001567 996
0.001568 996
0.001569 996
0.00157 996
0.001571 996
0.001572 996
0.001573 996
0.001574 996
0.001575 996
0.001576 996
0.001577 996
0.001578 996
0.001579 996
0.00158 996
0.001581 996
0.001582 996
0.001583 996
0.001584 996
0.001585 996
0.001586 995
0.001587 996
0.001588 996
0.001589 996
0.00159 995
0.001591 995
0.001592 995
0.001593 995
0.001594 995
0.001595 995
0.001596 995
0.001597 995
0.001598 995
0.001599 995
0.0016 995
0.001601 995
0.001602 995
0.001603 995
0.001604 995
0.001605 995
0.001606 995
0.001607 995
0.001608 995
0.001609 995
0.00161 995
0.001611 995
0.001612 995
0.001613 995
0.001614 995
0.001615 995
0.001616 995
0.001617 995
0.001618 995
0.001619 995
0.00162 995
0.001621 995
0.001622 995
0.001623 995
0.001624 995
0.001625 995
0.001626 995
0.001627 995
0.001628 995
0.001629 995
0.00163 995
0.001631 995
0.001632 995
0.001633 995
0.001634 995
0.001635 995
0.001636 995
0.001637 995
0.001638 995
0.001639 995
0.00164 995
0.001641 995
0.001642 995
0.001643 995
0.001644 995
0.001645 995
0.001646 996
0.001647 996
0.001648 996
0.001649 996
0.00165 996
0.001651 996
0.001652 996
0.001653 996
0.001654 995
0.001655 995
0.001656 995
0.001657 995
0.001658 995
0.001659 995
0.00166 995
0.001661 995
0.001662 995
0.001663 995
0.001664 995
0.001665 995
0.001666 995
0.001667 995
0.001668 995
0.001669 995
0.00167 995
0.001671 996
0.001672 996
0.001673 996
0.001674 996
0.001675 996
0.001676 996
0.001677 996
0.001678 996
0.001679 996
0.00168 996
0.001681 996
0.001682 996
0.001683 996
0.001684 996
0.001685 996
0.001686 996
0.001687 996
0.001688 996
0.001689 996
0.00169 996
0.001691 996
0.001692 996
0.001693 996
0.001694 996
0.001695 996
0.001696 996
0.001697 996
0.001698 996
0.001699 996
0.0017 996
0.001701 996
0.001702 996
0.001703 996
0.001704 996
0.001705 996
0.001706 996
0.001707 996
0.001708 996
0.001709 996
0.00171 996
0.001711 996
0.001712 996
0.001713 996
0.001714 996
0.001715 996
0.001716 996
0.001717 996
0.001718 996
0.001719 996
0.00172 996
0.001721 996
0.001722 996
0.001723 996
0.001724 996
0.001725 996
0.001726 996
0.001727 996
0.001728 997
0.001729 997
0.00173 997
0.001731 997
0.001732 997
0.001733 997
0.001734 997
0.001735 997
0.001736 997
0.001737 997
0.001738 997
0.001739 997
0.00174 997
0.001741 997
0.001742 998
0.001743 998
0.001744 997
0.001745 997
0.001746 997
0.001747 997
0.001748 997
0.001749 997
0.00175 997
0.001751 997
0.001752 997
0.001753 997
0.001754 997
0.001755 997
0.001756 997
0.001757 997
0.001758 997
0.001759 997
0.00176 998
0.001761 998
0.001762 997
0.001763 997
0.001764 997
0.001765 997
0.001766 997
0.001767 997
0.001768 997
0.001769 997
0.00177 997
0.001771 997
0.001772 997
0.001773 997
0.001774 996
0.001775 996
0.001776 996
0.001777 996
0.001778 996
0.001779 996
0.00178 996
0.001781 996
0.001782 995
0.001783 995
0.001784 995
0.001785 995
0.001786 995
0.001787 995
0.001788 995
0.001789 995
0.00179 995
0.001791 995
0.001792 995
0.001793 995
0.001794 995
0.001795 995
0.001796 995
0.001797 995
0.001798 995
0.001799 995
0.0018 995
0.001801 995
0.001802 994
0.001803 994
0.001804 994
0.001805 994
0.001806 994
0.001807 994
0.001808 994
0.001809 994
0.00181 994
0.001811 994
0.001812 994
0.001813 994
0.001814 994
0.001815 994
0.001816 994
0.001817 994
0.001818 994
0.001819 994
0.00182 994
0.001821 994
0.001822 994
0.001823 994
0.001824 993
0.001825 993
0.001826 993
0.001827 993
0.001828 993
0.001829 993
0.00183 993
0.001831 992
0.001832 992
0.001833 992
0.001834 992
0.001835 992
0.001836 992
0.001837 992
0.001838 992
0.001839 992
0.00184 992
0.001841 992
0.001842 992
0.001843 992
0.001844 993
0.001845 993
0.001846 993
0.001847 993
0.001848 993
0.001849 993
0.00185 993
0.001851 993
0.001852 993
0.001853 993
0.001854 993
0.001855 993
0.001856 993
0.001857 993
0.001858 993
0.001859 993
0.00186 994
0.001861 993
0.001862 993
0.001863 993
0.001864 994
0.001865 994
0.001866 994
0.001867 994
0.001868 993
0.001869 993
0.00187 992
0.001871 992
0.001872 992
0.001873 992
0.001874 993
0.001875 993
0.001876 993
0.001877 993
0.001878 994
0.001879 994
0.00188 994
0.001881 994
0.001882 994
0.001883 994
0.001884 994
0.001885 994
0.001886 994
0.001887 994
0.001888 994
0.001889 994
0.00189 994
0.001891 994
0.001892 994
0.001893 994
0.001894 994
0.001895 994
0.001896 994
0.001897 994
0.001898 994
0.001899 993
0.0019 993
0.001901 993
0.001902 993
0.001903 993
0.001904 993
0.001905 993
0.001906 993
0.001907 993
0.001908 993
0.001909 993
0.00191 993
0.001911 993
0.001912 993
0.001913 992
0.001914 991
0.001915 991
0.001916 991
0.001917 991
0.001918 991
0.001919 991
0.00192 991
0.001921 991
0.001922 992
0.001923 992
0.001924 992
0.001925 992
0.001926 992
0.001927 993
0.001928 993
0.001929 993
0.00193 993
0.001931 993
0.001932 993
0.001933 993
0.001934 993
0.001935 993
0.001936 993
0.001937 993
0.001938 993
0.001939 993
0.00194 993
0.001941 993
0.001942 993
0.001943 993
0.001944 993
0.001945 993
0.001946 992
0.001947 992
0.001948 992
0.001949 992
0.00195 991
0.001951 991
0.001952 991
0.001953 991
0.001954 991
0.001955 991
0.001956 991
0.001957 991
0.001958 991
0.001959 991
0.00196 991
0.001961 992
0.001962 991
0.001963 991
0.001964 991
0.001965 991
0.001966 991
0.001967 991
0.001968 991
0.001969 991
0.00197 992
0.001971 992
0.001972 992
0.001973 992
0.001974 992
0.001975 992
0.001976 992
0.001977 992
0.001978 992
0.001979 992
0.00198 992
0.001981 992
0.001982 992
0.001983 992
0.001984 992
0.001985 992
0.001986 992
0.001987 992
0.001988 992
0.001989 992
0.00199 992
0.001991 992
0.001992 992
0.001993 992
0.001994 992
0.001995 992
0.001996 992
0.001997 992
0.001998 992
0.001999 992
0.002 992
0.002001 992
0.002002 992
0.002003 992
0.002004 992
0.002005 992
0.002006 991
0.002007 991
0.002008 991
0.002009 991
0.00201 991
0.002011 991
0.002012 991
0.002013 991
0.002014 990
0.002015 990
0.002016 990
0.002017 990
0.002018 990
0.002019 990
0.00202 990
0.002021 990
0.002022 990
0.002023 990
0.002024 990
0.002025 990
0.002026 990
0.002027 991
0.002028 991
0.002029 991
0.00203 991
0.002031 992
0.002032 992
0.002033 992
0.002034 992
0.002035 992
0.002036 992
0.002037 992
0.002038 992
0.002039 992
0.00204 993
0.002041 993
0.002042 993
0.002043 994
0.002044 994
0.002045 994
0.002046 994
0.002047 994
0.002048 994
0.002049 994
0.00205 995
0.002051 995
0.002052 995
0.002053 995
0.002054 995
0.002055 995
0.002056 995
0.002057 995
0.002058 995
0.002059 995
0.00206 994
0.002061 994
0.002062 994
0.002063 994
0.002064 994
0.002065 994
0.002066 994
0.002067 994
0.002068 994
0.002069 994
0.00207 994
0.002071 994
0.002072 994
0.002073 994
0.002074 994
0.002075 994
0.002076 994
0.002077 994
0.002078 994
0.002079 994
0.00208 994
0.002081 994
0.002082 994
0.002083 994
0.002084 994
0.002085 994
0.002086 994
0.002087 994
0.002088 994
0.002089 994
0.00209 994
0.002091 995
0.002092 995
0.002093 995
0.002094 995
0.002095 995
0.002096 995
0.002097 995
0.002098 995
0.002099 995
0.0021 995
0.002101 995
0.002102 995
0.002103 995
0.002104 995
0.002105 995
0.002106 995
0.002107 995
0.002108 995
0.002109 996
0.00211 996
0.002111 996
0.002112 996
0.002113 996
0.002114 996
0.002115 996
0.002116 996
0.002117 996
0.002118 996
0.002119 996
0.00212 996
0.002121 995
0.002122 995
0.002123 995
0.002124 995
0.002125 995
0.002126 995
0.002127 995
0.002128 995
0.002129 995
0.00213 995
0.002131 995
0.002132 995
0.002133 995
0.002134 995
0.002135 995
0.002136 995
0.002137 995
0.002138 995
0.002139 995
0.00214 995
0.002141 995
0.002142 996
0.002143 995
0.002144 995
0.002145 995
0.002146 995
0.002147 995
0.002148 995
0.002149 995
0.00215 995
0.002151 995
0.002152 995
0.002153 995
0.002154 995
0.002155 995
0.002156 995
0.002157 995
0.002158 995
0.002159 995
0.00216 995
0.002161 995
0.002162 995
0.002163 995
0.002164 995
0.002165 995
0.002166 995
0.002167 995
0.002168 995
0.002169 995
0.00217 995
0.002171 995
0.002172 995
0.002173 995
0.002174 995
0.002175 995
0.002176 995
0.002177 995
0.002178 995
0.002179 995
0.00218 995
0.002181 995
0.002182 995
0.002183 995
0.002184 995
0.002185 995
0.002186 995
0.002187 995
0.002188 995
0.002189 995
0.00219 995
0.002191 995
0.002192 995
0.002193 994
0.002194 994
0.002195 994
0.002196 994
0.002197 994
0.002198 994
0.002199 994
0.0022 995
0.002201 995
0.002202 995
0.002203 995
0.002204 995
0.002205 995
0.002206 996
0.002207 996
0.002208 996
0.002209 996
0.00221 996
0.002211 995
0.002212 996
0.002213 996
0.002214 996
0.002215 996
0.002216 996
0.002217 996
0.002218 996
0.002219 996
0.00222 996
0.002221 997
0.002222 997
0.002223 997
0.002224 997
0.002225 997
0.002226 997
0.002227 997
0.002228 997
0.002229 997
0.00223 997
0.002231 997
0.002232 997
0.002233 997
0.002234 997
0.002235 997
0.002236 997
0.002237 997
0.002238 997
0.002239 997
0.00224 997
0.002241 997
0.002242 997
0.002243 997
0.002244 997
0.002245 997
0.002246 997
0.002247 997
0.002248 997
0.002249 997
0.00225 997
0.002251 997
0.002252 996
0.002253 996
0.002254 996
0.002255 996
0.002256 996
0.002257 996
0.002258 996
0.002259 995
0.00226 995
0.002261 995
0.002262 995
0.002263 995
0.002264 995
0.002265 995
0.002266 995
0.002267 995
0.002268 995
0.002269 995
0.00227 995
0.002271 995
0.002272 995
0.002273 995
0.002274 995
0.002275 995
0.002276 995
0.002277 995
0.002278 995
0.002279 995
0.00228 995
0.002281 995
0.002282 995
0.002283 995
0.002284 995
0.002285 995
0.002286 995
0.002287 995
0.002288 995
0.002289 995
0.00229 995
0.002291 995
0.002292 995
0.002293 995
0.002294 995
0.002295 995
0.002296 995
0.002297 995
0.002298 995
0.002299 995
0.0023 995
0.002301 995
0.002302 995
0.002303 995
0.002304 995
0.002305 995
0.002306 995
0.002307 995
0.002308 996
0.002309 996
0.00231 996
0.002311 996
0.002312 996
0.002313 996
0.002314 996
0.002315 996
0.002316 996
0.002317 996
0.002318 996
0.002319 997
0.00232 997
0.002321 997
0.002322 997
0.002323 997
0.002324 997
0.002325 997
0.002326 997
0.002327 997
0.002328 997
0.002329 997
0.00233 997
0.002331 997
0.002332 997
0.002333 997
0.002334 997
0.002335 997
0.002336 997
0.002337 997
0.002338 997
0.002339 997
0.00234 997
0.002341 997
0.002342 997
0.002343 997
0.002344 997
0.002345 997
0.002346 999
0.002347 999
0.002348 999
0.002349 999
0.00235 999
0.002351 998
0.002352 998
0.002353 998
0.002354 998
0.002355 998
0.002356 998
0.002357 999
0.002358 999
0.002359 999
0.00236 999
0.002361 999
0.002362 999
0.002363 999
0.002364 999
0.002365 999
0.002366 999
0.002367 1000
0.002368 1000
0.002369 1000
0.00237 1000
0.002371 1000
0.002372 1000
0.002373 1000
0.002374 1000
0.002375 1000
0.002376 1000
0.002377 1000
0.002378 1000
0.002379 1000
0.00238 1000
0.002381 1000
0.002382 1000
0.002383 1000
0.002384 1000
0.002385 1000
0.002386 1001
0.002387 1001
0.002388 1001
0.002389 1001
0.00239 1001
0.002391 1001
0.002392 1001
0.002393 1001
0.002394 1001
0.002395 1001
0.002396 1001
0.002397 1001
0.002398 1001
0.002399 1001
0.0024 1001
0.002401 1001
0.002402 1001
0.002403 1001
0.002404 1001
0.002405 1001
0.002406 1001
0.002407 1001
0.002408 1001
0.002409 1001
0.00241 1001
0.002411 1001
0.002412 1001
0.002413 1001
0.002414 1001
0.002415 1001
0.002416 1000
0.002417 1000
0.002418 1000
0.002419 1000
0.00242 1000
0.002421 1000
0.002422 1000
0.002423 1000
0.002424 1000
0.002425 1000
0.002426 1000
0.002427 1000
0.002428 1000
0.002429 1000
0.00243 1000
0.002431 1000
0.002432 1000
0.002433 1000
0.002434 999
0.002435 999
0.002436 999
0.002437 999
0.002438 999
0.002439 999
0.00244 999
0.002441 999
0.002442 999
0.002443 999
0.002444 999
0.002445 999
0.002446 998
0.002447 998
0.002448 998
0.002449 998
0.00245 998
0.002451 998
0.002452 998
0.002453 998
0.002454 998
0.002455 998
0.002456 998
0.002457 998
0.002458 998
0.002459 998
0.00246 998
0.002461 998
0.002462 998
0.002463 998
0.002464 998
0.002465 998
0.002466 998
0.002467 998
0.002468 998
0.002469 998
0.00247 998
0.002471 998
0.002472 998
0.002473 998
0.002474 998
0.002475 998
0.002476 998
0.002477 999
0.002478 999
0.002479 999
0.00248 999
0.002481 999
0.002482 999
0.002483 999
0.002484 999
0.002485 999
0.002486 999
0.002487 999
0.002488 999
0.002489 999
0.00249 999
0.002491 999
0.002492 999
0.002493 999
0.002494 999
0.002495 999
0.002496 999
0.002497 998
0.002498 998
0.002499 998
0.0025 999
0.002501 999
0.002502 999
0.002503 999
0.002504 999
0.002505 999
0.002506 999
0.002507 999
0.002508 999
0.002509 999
0.00251 999
0.002511 999
0.002512 999
0.002513 999
0.002514 999
0.002515 1000
0.002516 1000
0.002517 1000
0.002518 1000
0.002519 1000
0.00252 1001
0.002521 1001
0.002522 1001
0.002523 1001
0.002524 1001
0.002525 1001
0.002526 1001
0.002527 1001
0.002528 1001
0.002529 1001
0.00253 1001
0.002531 1001
0.002532 1001
0.002533 1001
0.002534 1001
0.002535 1001
0.002536 1001
0.002537 1001
0.002538 1001
0.002539 1001
0.00254 1001
0.002541 1001
0.002542 1001
0.002543 1001
0.002544 1001
0.002545 1001
0.002546 1001
0.002547 1001
0.002548 1001
0.002549 1001
0.00255 1001
0.002551 1001
0.002552 1001
0.002553 1001
0.002554 1000
0.002555 1000
0.002556 1000
0.002557 1000
0.002558 1000
0.002559 1000
0.00256 1000
0.002561 1000
0.002562 1000
0.002563 1000
0.002564 1000
0.002565 1000
0.002566 1000
0.002567 1000
0.002568 1000
0.002569 1000
0.00257 999
0.002571 999
0.002572 999
0.002573 999
0.002574 999
0.002575 999
0.002576 999
0.002577 999
0.002578 999
0.002579 999
0.00258 999
0.002581 999
0.002582 999
0.002583 999
0.002584 999
0.002585 999
0.002586 999
0.002587 999
0.002588 999
0.002589 999
0.00259 999
0.002591 999
0.002592 999
0.002593 998
0.002594 998
0.002595 998
0.002596 998
0.002597 998
0.002598 998
0.002599 997
0.0026 997
0.002601 997
0.002602 997
0.002603 997
0.002604 997
0.002605 997
0.002606 998
0.002607 998
0.002608 998
0.002609 998
0.00261 998
0.002611 998
0.002612 998
0.002613 998
0.002614 998
0.002615 998
0.002616 998
0.002617 998
0.002618 998
0.002619 998
0.00262 998
0.002621 1000
0.002622 1000
0.002623 1000
0.002624 1000
0.002625 1000
0.002626 1000
0.002627 1000
0.002628 1000
0.002629 1000
0.00263 1000
0.002631 1000
0.002632 1000
0.002633 1000
0.002634 1000
0.002635 1000
0.002636 1000
0.002637 999
0.002638 999
0.002639 999
0.00264 999
0.002641 999
0.002642 999
0.002643 999
0.002644 999
0.002645 999
0.002646 999
0.002647 999
0.002648 999
0.002649 999
0.00265 999
0.002651 999
0.002652 999
0.002653 999
0.002654 999
0.002655 999
0.002656 999
0.002657 999
0.002658 999
0.002659 999
0.00266 999
0.002661 999
0.002662 999
0.002663 999
0.002664 999
0.002665 1000
0.002666 1000
0.002667 1000
0.002668 1000
0.002669 1000
0.00267 1000
0.002671 1000
0.002672 1000
0.002673 1000
0.002674 1000
0.002675 1000
0.002676 1000
0.002677 1000
0.002678 999
0.002679 999
0.00268 999
0.002681 998
0.002682 998
0.002683 998
0.002684 998
0.002685 998
0.002686 998
0.002687 998
0.002688 998
0.002689 998
0.00269 998
0.002691 998
0.002692 998
0.002693 998
0.002694 998
0.002695 998
0.002696 998
0.002697 998
0.002698 998
0.002699 998
0.0027 998
0.002701 998
0.002702 998
0.002703 998
0.002704 998
0.002705 998
0.002706 998
0.002707 998
0.002708 998
0.002709 998
0.00271 998
0.002711 998
0.002712 998
0.002713 998
0.002714 998
0.002715 998
0.002716 998
0.002717 998
0.002718 998
0.002719 998
0.00272 998
0.002721 998
0.002722 998
0.002723 998
0.002724 998
0.002725 998
0.002726 998
0.002727 998
0.002728 998
0.002729 998
0.00273 998
0.002731 998
0.002732 998
0.002733 998
0.002734 998
0.002735 998
0.002736 998
0.002737 998
0.002738 998
0.002739 998
0.00274 998
0.002741 998
0.002742 998
0.002743 998
0.002744 998
0.002745 998
0.002746 998
0.002747 998
0.002748 998
0.002749 998
0.00275 998
0.002751 998
0.002752 998
0.002753 998
0.002754 998
0.002755 998
0.002756 998
0.002757 998
0.002758 998
0.002759 998
0.00276 998
0.002761 998
0.002762 999
0.002763 999
0.002764 1000
0.002765 1001
0.002766 1002
0.002767 1001
0.002768 1002
0.002769 1002
0.00277 1002
0.002771 1002
0.002772 1002
0.002773 1002
0.002774 1002
0.002775 1002
0.002776 1003
0.002777 1003
0.002778 1003
0.002779 1003
0.00278 1003
0.002781 1003
0.002782 1003
0.002783 1003
0.002784 1003
0.002785 1003
0.002786 1003
0.002787 1003
0.002788 1003
0.002789 1003
0.00279 1003
0.002791 1003
0.002792 1004
0.002793 1004
0.002794 1004
0.002795 1004
0.002796 1004
0.002797 1004
0.002798 1004
0.002799 1004
0.0028 1004
0.002801 1004
0.002802 1004
0.002803 1004
0.002804 1004
0.002805 1004
0.002806 1004
0.002807 1004
0.002808 1004
0.002809 1004
0.00281 1004
0.002811 1004
0.002812 1004
0.002813 1004
0.002814 1004
0.002815 1004
0.002816 1004
0.002817 1004
0.002818 1004
0.002819 1004
0.00282 1004
0.002821 1003
0.002822 1003
0.002823 1003
0.002824 1003
0.002825 1003
0.002826 1003
0.002827 1003
0.002828 1003
0.002829 1003
0.00283 1003
0.002831 1003
0.002832 1003
0.002833 1003
0.002834 1003
0.002835 1003
0.002836 1003
0.002837 1003
0.002838 1003
0.002839 1003
0.00284 1003
0.002841 1003
0.002842 1003
0.002843 1003
0.002844 1003
0.002845 1003
0.002846 1003
0.002847 1004
0.002848 1004
0.002849 1004
0.00285 1004
0.002851 1004
0.002852 1004
0.002853 1004
0.002854 1004
0.002855 1004
0.002856 1004
0.002857 1004
0.002858 1004
0.002859 1004
0.00286 1003
0.002861 1003
0.002862 1003
0.002863 1003
0.002864 1003
0.002865 1003
0.002866 1003
0.002867 1003
0.002868 1003
0.002869 1003
0.00287 1003
0.002871 1003
0.002872 1003
0.002873 1003
0.002874 1003
0.002875 1003
0.002876 1003
0.002877 1003
0.002878 1003
0.002879 1003
0.00288 1003
0.002881 1003
0.002882 1003
0.002883 1003
0.002884 1003
0.002885 1003
0.002886 1004
0.002887 1004
0.002888 1004
0.002889 1004
0.00289 1004
0.002891 1004
0.002892 1004
0.002893 1004
0.002894 1004
0.002895 1004
0.002896 1003
0.002897 1003
0.002898 1002
0.002899 1002
0.0029 1002
0.002901 1002
0.002902 1002
0.002903 1002
0.002904 1002
0.002905 1001
0.002906 1001
0.002907 1002
0.002908 1002
0.002909 1002
0.00291 1002
0.002911 1002
0.002912 1002
0.002913 1002
0.002914 1002
0.002915 1002
0.002916 1002
0.002917 1002
0.002918 1002
0.002919 1002
0.00292 1002
0.002921 1002
0.002922 1002
0.002923 1002
0.002924 1002
0.002925 1002
0.002926 1002
0.002927 1002
0.002928 1002
0.002929 1002
0.00293 1002
0.002931 1002
0.002932 1001
0.002933 1001
0.002934 1001
0.002935 1001
0.002936 1001
0.002937 1001
0.002938 1001
0.002939 1001
0.00294 1000
0.002941 1000
0.002942 1000
0.002943 1000
0.002944 1000
0.002945 1000
0.002946 1000
0.002947 1000
0.002948 1001
0.002949 1001
0.00295 1001
0.002951 1001
0.002952 1001
0.002953 1001
0.002954 1001
0.002955 1001
0.002956 1000
0.002957 1000
0.002958 1000
0.002959 1000
0.00296 1000
0.002961 1000
0.002962 1000
0.002963 1000
0.002964 1000
0.002965 1000
0.002966 1000
0.002967 1000
0.002968 1000
0.002969 1000
0.00297 1000
0.002971 1000
0.002972 1000
0.002973 999
0.002974 999
0.002975 999
0.002976 999
0.002977 999
0.002978 999
0.002979 999
0.00298 999
0.002981 999
0.002982 999
0.002983 999
0.002984 999
0.002985 999
0.002986 999
0.002987 999
0.002988 999
0.002989 999
0.00299 999
0.002991 999
0.002992 999
0.002993 999
0.002994 999
0.002995 999
0.002996 999
0.002997 999
0.002998 999
0.002999 999
0.003 999
0.003001 999
0.003002 999
0.003003 999
0.003004 999
0.003005 999
0.003006 1000
0.003007 1000
0.003008 1000
0.003009 1000
0.00301 1000
0.003011 1000
0.003012 1000
0.003013 1000
0.003014 1001
0.003015 1001
0.003016 1001
0.003017 1001
0.003018 1001
0.003019 1001
0.00302 1001
0.003021 1001
0.003022 1001
0.003023 1001
0.003024 1001
0.003025 1001
0.003026 1001
0.003027 1001
0.003028 1001
0.003029 1001
0.00303 1001
0.003031 1001
0.003032 1001
0.003033 1001
0.003034 1001
0.003035 1001
0.003036 1001
0.003037 1001
0.003038 1001
0.003039 1001
0.00304 1001
0.003041 1001
0.003042 1001
0.003043 1001
0.003044 1001
0.003045 1001
0.003046 1001
0.003047 1001
0.003048 1001
0.003049 1001
0.00305 1001
0.003051 1001
0.003052 1001
0.003053 1001
0.003054 1001
0.003055 1001
0.003056 1001
0.003057 1001
0.003058 1001
0.003059 1001
0.00306 1001
0.003061 1001
0.003062 1001
0.003063 1001
0.003064 1001
0.003065 1001
0.003066 1001
0.003067 1001
0.003068 1001
0.003069 1001
0.00307 1001
0.003071 1001
0.003072 1001
0.003073 1002
0.003074 1002
0.003075 1002
0.003076 1002
0.003077 1002
0.003078 1002
0.003079 1002
0.00308 1002
0.003081 1002
0.003082 1002
0.003083 1002
0.003084 1002
0.003085 1002
0.003086 1002
0.003087 1002
0.003088 1002
0.003089 1002
0.00309 1002
0.003091 1002
0.003092 1002
0.003093 1002
0.003094 1003
0.003095 1003
0.003096 1003
0.003097 1003
0.003098 1003
0.003099 1003
0.0031 1003
0.003101 1003
0.003102 1002
0.003103 1002
0.003104 1002
0.003105 1002
0.003106 1002
0.003107 1002
0.003108 1002
0.003109 1002
0.00311 1002
0.003111 1002
0.003112 1002
0.003113 1002
0.003114 1002
0.003115 1002
0.003116 1002
0.003117 1002
0.003118 1002
0.003119 1002
0.00312 1002
0.003121 1002
0.003122 1002
0.003123 1002
0.003124 1002
0.003125 1002
0.003126 1002
0.003127 1002
0.003128 1002
0.003129 1002
0.00313 1002
0.003131 1002
0.003132 1002
0.003133 1002
0.003134 1002
0.003135 1002
0.003136 1002
0.003137 1002
0.003138 1002
0.003139 1002
0.00314 1002
0.003141 1002
0.003142 1002
0.003143 1002
0.003144 1002
0.003145 1002
0.003146 1001
0.003147 1001
0.003148 1001
0.003149 1001
0.00315 1001
0.003151 1001
0.003152 1001
0.003153 1001
0.003154 1001
0.003155 1001
0.003156 1001
0.003157 1001
0.003158 1001
0.003159 1001
0.00316 1001
0.003161 1001
0.003162 1002
0.003163 1002
0.003164 1002
0.003165 1002
0.003166 1002
0.003167 1002
0.003168 1002
0.003169 1003
0.00317 1002
0.003171 1002
0.003172 1002
0.003173 1002
0.003174 1002
0.003175 1002
0.003176 1002
0.003177 1002
0.003178 1002
0.003179 1002
0.00318 1002
0.003181 1002
0.003182 1002
0.003183 1002
0.003184 1002
0.003185 1002
0.003186 1002
0.003187 1002
0.003188 1002
0.003189 1002
0.00319 1002
0.003191 1002
0.003192 1002
0.003193 1002
0.003194 1002
0.003195 1002
0.003196 1002
0.003197 1002
0.003198 1002
0.003199 1002
0.0032 1002
0.003201 1002
0.003202 1002
0.003203 1002
0.003204 1002
0.003205 1002
0.003206 1002
0.003207 1002
0.003208 1002
0.003209 1002
0.00321 1002
0.003211 1002
0.003212 1002
0.003213 1001
0.003214 1001
0.003215 1001
0.003216 1001
0.003217 1000
0.003218 1000
0.003219 1000
0.00322 1000
0.003221 1000
0.003222 1000
0.003223 1000
0.003224 1000
0.003225 1000
0.003226 1000
0.003227 1000
0.003228 1000
0.003229 1000
0.00323 1000
0.003231 1000
0.003232 1000
0.003233 1000
0.003234 1000
0.003235 1000
0.003236 1000
0.003237 1001
0.003238 1001
0.003239 1001
0.00324 1001
0.003241 1001
0.003242 1001
0.003243 1001
0.003244 1001
0.003245 1001
0.003246 1001
0.003247 1001
0.003248 1001
0.003249 1001
0.00325 1001
0.003251 1001
0.003252 1001
0.003253 1002
0.003254 1002
0.003255 1002
0.003256 1002
0.003257 1002
0.003258 1002
0.003259 1002
0.00326 1002
0.003261 1003
0.003262 1003
0.003263 1003
0.003264 1003
0.003265 1003
0.003266 1004
0.003267 1004
0.003268 1004
0.003269 1004
0.00327 1004
0.003271 1004
0.003272 1004
0.003273 1004
0.003274 1004
0.003275 1004
0.003276 1004
0.003277 1004
0.003278 1004
0.003279 1004
0.00328 1004
0.003281 1004
0.003282 1004
0.003283 1004
0.003284 1004
0.003285 1004
0.003286 1004
0.003287 1004
0.003288 1004
0.003289 1004
0.00329 1004
0.003291 1004
0.003292 1004
0.003293 1004
0.003294 1004
0.003295 1004
0.003296 1004
0.003297 1004
0.003298 1004
0.003299 1004
0.0033 1004
0.003301 1004
0.003302 1004
0.003303 1004
0.003304 1004
0.003305 1004
0.003306 1004
0.003307 1004
0.003308 1004
0.003309 1003
0.00331 1002
0.003311 1002
0.003312 1002
0.003313 1002
0.003314 1002
0.003315 1002
0.003316 1002
0.003317 1002
0.003318 1002
0.003319 1002
0.00332 1002
0.003321 1002
0.003322 1002
0.003323 1002
0.003324 1002
0.003325 1002
0.003326 1002
0.003327 1002
0.003328 1002
0.003329 1002
0.00333 1002
0.003331 1002
0.003332 1002
0.003333 1002
0.003334 1002
0.003335 1002
0.003336 1003
0.003337 1003
0.003338 1003
0.003339 1003
0.00334 1003
0.003341 1003
0.003342 1003
0.003343 1003
0.003344 1003
0.003345 1003
0.003346 1003
0.003347 1003
0.003348 1003
0.003349 1003
0.00335 1004
0.003351 1004
0.003352 1004
0.003353 1004
0.003354 1005
0.003355 1004
0.003356 1004
0.003357 1004
0.003358 1004
0.003359 1004
0.00336 1004
0.003361 1004
0.003362 1003
0.003363 1003
0.003364 1003
0.003365 1002
0.003366 1002
0.003367 1002
0.003368 1002
0.003369 1002
0.00337 1002
0.003371 1002
0.003372 1002
0.003373 1002
0.003374 1002
0.003375 1002
0.003376 1002
0.003377 1002
0.003378 1002
0.003379 1002
0.00338 1002
0.003381 1002
0.003382 1003
0.003383 1003
0.003384 1003
0.003385 1003
0.003386 1003
0.003387 1003
0.003388 1003
0.003389 1003
0.00339 1003
0.003391 1003
0.003392 1003
0.003393 1003
0.003394 1003
0.003395 1003
0.003396 1003
0.003397 1003
0.003398 1003
0.003399 1003
0.0034 1003
0.003401 1003
0.003402 1003
0.003403 1003
0.003404 1003
0.003405 1003
0.003406 1003
0.003407 1003
0.003408 1003
0.003409 1003
0.00341 1003
0.003411 1003
0.003412 1003
0.003413 1003
0.003414 1003
0.003415 1003
0.003416 1003
0.003417 1003
0.003418 1003
0.003419 1003
0.00342 1003
0.003421 1003
0.003422 1003
0.003423 1003
0.003424 1003
0.003425 1004
0.003426 1005
0.003427 1005
0.003428 1005
0.003429 1005
0.00343 1005
0.003431 1005
0.003432 1005
0.003433 1005
0.003434 1005
0.003435 1005
0.003436 1005
0.003437 1005
0.003438 1005
0.003439 1005
0.00344 1006
0.003441 1006
0.003442 1006
0.003443 1006
0.003444 1006
0.003445 1006
0.003446 1006
0.003447 1006
0.003448 1006
0.003449 1006
0.00345 1006
0.003451 1006
0.003452 1006
0.003453 1006
0.003454 1006
0.003455 1006
0.003456 1006
0.003457 1006
0.003458 1006
0.003459 1006
0.00346 1006
0.003461 1006
0.003462 1006
0.003463 1006
0.003464 1006
0.003465 1006
0.003466 1006
0.003467 1006
0.003468 1006
0.003469 1006
0.00347 1005
0.003471 1005
0.003472 1005
0.003473 1005
0.003474 1005
0.003475 1005
0.003476 1005
0.003477 1005
0.003478 1005
0.003479 1005
0.00348 1005
0.003481 1005
0.003482 1005
0.003483 1005
0.003484 1005
0.003485 1005
0.003486 1005
0.003487 1005
0.003488 1005
0.003489 1005
0.00349 1005
0.003491 1005
0.003492 1005
0.003493 1005
0.003494 1005
0.003495 1005
0.003496 1005
0.003497 1005
0.003498 1005
0.003499 1005
0.0035 1005
0.003501 1005
0.003502 1005
0.003503 1005
0.003504 1005
0.003505 1005
0.003506 1005
0.003507 1005
0.003508 1005
0.003509 1005
0.00351 1005
0.003511 1005
0.003512 1005
0.003513 1005
0.003514 1005
0.003515 1005
0.003516 1005
0.003517 1005
0.003518 1005
0.003519 1005
0.00352 1005
0.003521 1005
0.003522 1005
0.003523 1005
0.003524 1005
0.003525 1005
0.003526 1007
0.003527 1007
0.003528 1007
0.003529 1007
0.00353 1007
0.003531 1007
0.003532 1007
0.003533 1007
0.003534 1007
0.003535 1006
0.003536 1005
0.003537 1005
0.003538 1005
0.003539 1005
0.00354 1005
0.003541 1005
0.003542 1005
0.003543 1005
0.003544 1005
0.003545 1004
0.003546 1004
0.003547 1004
0.003548 1004
0.003549 1004
0.00355 1004
0.003551 1004
0.003552 1004
0.003553 1004
0.003554 1004
0.003555 1004
0.003556 1004
0.003557 1004
0.003558 1004
0.003559 1004
0.00356 1005
0.003561 1005
0.003562 1005
0.003563 1005
0.003564 1005
0.003565 1005
0.003566 1005
0.003567 1005
0.003568 1005
0.003569 1005
0.00357 1005
0.003571 1005
0.003572 1005
0.003573 1005
0.003574 1005
0.003575 1005
0.003576 1005
0.003577 1005
0.003578 1005
0.003579 1005
0.00358 1005
0.003581 1005
0.003582 1005
0.003583 1005
0.003584 1005
0.003585 1005
0.003586 1005
0.003587 1005
0.003588 1005
0.003589 1005
0.00359 1005
0.003591 1005
0.003592 1005
0.003593 1005
0.003594 1005
0.003595 1005
0.003596 1005
0.003597 1005
0.003598 1005
0.003599 1004
0.0036 1004
0.003601 1004
0.003602 1004
0.003603 1004
0.003604 1004
0.003605 1004
0.003606 1004
0.003607 1004
0.003608 1005
0.003609 1005
0.00361 1005
0.003611 1005
0.003612 1005
0.003613 1005
0.003614 1005
0.003615 1005
0.003616 1005
0.003617 1005
0.003618 1005
0.003619 1005
0.00362 1005
0.003621 1005
0.003622 1005
0.003623 1005
0.003624 1005
0.003625 1005
0.003626 1005
0.003627 1006
0.003628 1007
0.003629 1007
0.00363 1007
0.003631 1007
0.003632 1007
0.003633 1007
0.003634 1007
0.003635 1007
0.003636 1007
0.003637 1007
0.003638 1007
0.003639 1007
0.00364 1007
0.003641 1007
0.003642 1007
0.003643 1007
0.003644 1007
0.003645 1007
0.003646 1007
0.003647 1008
0.003648 1008
0.003649 1008
0.00365 1009
0.003651 1009
0.003652 1009
0.003653 1009
0.003654 1009
0.003655 1009
0.003656 1008
0.003657 1008
0.003658 1008
0.003659 1008
0.00366 1008
0.003661 1009
0.003662 1009
0.003663 1009
0.003664 1009
0.003665 1009
0.003666 1009
0.003667 1010
0.003668 1010
0.003669 1010
0.00367 1010
0.003671 1010
0.003672 1010
0.003673 1010
0.003674 1010
0.003675 1010
0.003676 1010
0.003677 1010
0.003678 1010
0.003679 1010
0.00368 1010
0.003681 1010
0.003682 1010
0.003683 1010
0.003684 1010
0.003685 1010
0.003686 1010
0.003687 1010
0.003688 1010
0.003689 1010
0.00369 1010
0.003691 1010
0.003692 1010
0.003693 1010
0.003694 1010
0.003695 1009
0.003696 1009
0.003697 1009
0.003698 1009
0.003699 1009
0.0037 1009
0.003701 1009
0.003702 1009
0.003703 1009
0.003704 1009
0.003705 1009
0.003706 1009
0.003707 1009
0.003708 1009
0.003709 1009
0.00371 1009
0.003711 1009
0.003712 1009
0.003713 1009
0.003714 1009
0.003715 1009
0.003716 1009
0.003717 1009
0.003718 1009
0.003719 1009
0.00372 1009
0.003721 1009
0.003722 1009
0.003723 1009
0.003724 1009
0.003725 1009
0.003726 1009
0.003727 1009
0.003728 1009
0.003729 1009
0.00373 1009
0.003731 1009
0.003732 1009
0.003733 1009
0.003734 1009
0.003735 1010
0.003736 1010
0.003737 1010
0.003738 1010
0.003739 1010
0.00374 1010
0.003741 1010
0.003742 1010
0.003743 1010
0.003744 1010
0.003745 1010
0.003746 1010
0.003747 1010
0.003748 1010
0.003749 1010
0.00375 1010
0.003751 1010
0.003752 1010
0.003753 1010
0.003754 1010
0.003755 1010
0.003756 1010
0.003757 1010
0.003758 1010
0.003759 1010
0.00376 1009
0.003761 1010
0.003762 1010
0.003763 1010
0.003764 1010
0.003765 1010
0.003766 1010
0.003767 1011
0.003768 1011
0.003769 1010
0.00377 1010
0.003771 1010
0.003772 1011
0.003773 1011
0.003774 1011
0.003775 1011
0.003776 1011
0.003777 1011
0.003778 1011
0.003779 1011
0.00378 1011
0.003781 1011
0.003782 1011
0.003783 1011
0.003784 1011
0.003785 1011
0.003786 1010
0.003787 1010
0.003788 1010
0.003789 1010
0.00379 1010
0.003791 1010
0.003792 1010
0.003793 1010
0.003794 1010
0.003795 1010
0.003796 1010
0.003797 1010
0.003798 1010
0.003799 1011
0.0038 1011
0.003801 1011
0.003802 1011
0.003803 1011
0.003804 1011
0.003805 1011
0.003806 1011
0.003807 1011
0.003808 1011
0.003809 1012
0.00381 1012
0.003811 1012
0.003812 1013
0.003813 1013
0.003814 1014
0.003815 1014
0.003816 1014
0.003817 1014
0.003818 1014
0.003819 1014
0.00382 1014
0.003821 1014
0.003822 1014
0.003823 1014
0.003824 1014
0.003825 1014
0.003826 1014
0.003827 1014
0.003828 1014
0.003829 1014
0.00383 1014
0.003831 1015
0.003832 1015
0.003833 1015
0.003834 1015
0.003835 1015
0.003836 1015
0.003837 1015
0.003838 1015
0.003839 1015
0.00384 1015
0.003841 1015
0.003842 1015
0.003843 1015
0.003844 1015
0.003845 1015
0.003846 1015
0.003847 1015
0.003848 1015
0.003849 1015
0.00385 1015
0.003851 1015
0.003852 1015
0.003853 1015
0.003854 1015
0.003855 1015
0.003856 1015
0.003857 1015
0.003858 1016
0.003859 1016
0.00386 1016
0.003861 1016
0.003862 1016
0.003863 1016
0.003864 1016
0.003865 1016
0.003866 1016
0.003867 1016
0.003868 1016
0.003869 1016
0.00387 1016
0.003871 1016
0.003872 1016
0.003873 1016
0.003874 1016
0.003875 1015
0.003876 1015
0.003877 1015
0.003878 1015
0.003879 1016
0.00388 1016
0.003881 1016
0.003882 1016
0.003883 1016
0.003884 1016
0.003885 1016
0.003886 1017
0.003887 1017
0.003888 1016
0.003889 1016
0.00389 1016
0.003891 1016
0.003892 1016
0.003893 1016
0.003894 1016
0.003895 1017
0.003896 1018
0.003897 1018
0.003898 1018
0.003899 1018
0.0039 1018
0.003901 1018
0.003902 1018
0.003903 1018
0.003904 1018
0.003905 1018
0.003906 1018
0.003907 1018
0.003908 1018
0.003909 1018
0.00391 1018
0.003911 1018
0.003912 1018
0.003913 1018
0.003914 1018
0.003915 1018
0.003916 1018
0.003917 1018
0.003918 1018
0.003919 1017
0.00392 1017
0.003921 1017
0.003922 1017
0.003923 1017
0.003924 1017
0.003925 1017
0.003926 1017
0.003927 1017
0.003928 1017
0.003929 1017
0.00393 1017
0.003931 1017
0.003932 1018
0.003933 1018
0.003934 1018
0.003935 1018
0.003936 1018
0.003937 1018
0.003938 1018
0.003939 1018
0.00394 1018
0.003941 1018
0.003942 1018
0.003943 1018
0.003944 1018
0.003945 1018
0.003946 1018
0.003947 1019
0.003948 1019
0.003949 1019
0.00395 1019
0.003951 1019
0.003952 1020
0.003953 1020
0.003954 1020
0.003955 1021
0.003956 1021
0.003957 1021
0.003958 1021
0.003959 1021
0.00396 1021
0.003961 1020
0.003962 1020
0.003963 1021
0.003964 1021
0.003965 1021
0.003966 1021
0.003967 1021
0.003968 1021
0.003969 1021
0.00397 1021
0.003971 1021
0.003972 1021
0.003973 1022
0.003974 1022
0.003975 1022
0.003976 1022
0.003977 1022
0.003978 1022
0.003979 1022
0.00398 1022
0.003981 1022
0.003982 1022
0.003983 1022
0.003984 1022
0.003985 1022
0.003986 1022
0.003987 1023
0.003988 1023
0.003989 1023
0.00399 1023
0.003991 1023
0.003992 1023
0.003993 1024
0.003994 1024
0.003995 1024
0.003996 1024
0.003997 1024
0.003998 1024
0.003999 1024
0.004 1024
0.004001 1024
0.004002 1024
0.004003 1025
0.004004 1025
0.004005 1025
0.004006 1025
0.004007 1025
0.004008 1025
0.004009 1025
0.00401 1025
0.004011 1025
0.004012 1025
0.004013 1025
0.004014 1025
0.004015 1025
0.004016 1025
0.004017 1025
0.004018 1025
0.004019 1025
0.00402 1025
0.004021 1025
0.004022 1025
0.004023 1025
0.004024 1025
0.004025 1025
0.004026 1025
0.004027 1025
0.004028 1025
0.004029 1025
0.00403 1025
0.004031 1025
0.004032 1025
0.004033 1025
0.004034 1025
0.004035 1025
0.004036 1025
0.004037 1025
0.004038 1025
0.004039 1025
0.00404 1025
0.004041 1025
0.004042 1025
0.004043 1025
0.004044 1024
0.004045 1024
0.004046 1024
0.004047 1023
0.004048 1023
0.004049 1023
0.00405 1023
0.004051 1023
0.004052 1023
0.004053 1023
0.004054 1023
0.004055 1023
0.004056 1023
0.004057 1023
0.004058 1023
0.004059 1023
0.00406 1023
0.004061 1023
0.004062 1023
0.004063 1023
0.004064 1023
0.004065 1023
0.004066 1023
0.004067 1023
0.004068 1023
0.004069 1023
0.00407 1023
0.004071 1023
0.004072 1023
0.004073 1023
0.004074 1023
0.004075 1023
0.004076 1023
0.004077 1023
0.004078 1022
0.004079 1022
0.00408 1022
0.004081 1022
0.004082 1022
0.004083 1022
0.004084 1022
0.004085 1022
0.004086 1022
0.004087 1022
0.004088 1022
0.004089 1022
0.00409 1022
0.004091 1022
0.004092 1022
0.004093 1022
0.004094 1022
0.004095 1022
0.004096 1022
0.004097 1022
0.004098 1022
0.004099 1022
0.0041 1022
0.004101 1022
0.004102 1022
0.004103 1022
0.004104 1022
0.004105 1022
0.004106 1022
0.004107 1022
0.004108 1022
0.004109 1022
0.00411 1022
0.004111 1022
0.004112 1022
0.004113 1022
0.004114 1022
0.004115 1022
0.004116 1022
0.004117 1021
0.004118 1021
0.004119 1021
0.00412 1021
0.004121 1021
0.004122 1021
0.004123 1021
0.004124 1021
0.004125 1021
0.004126 1021
0.004127 1021
0.004128 1021
0.004129 1020
0.00413 1020
0.004131 1020
0.004132 1020
0.004133 1020
0.004134 1020
0.004135 1020
0.004136 1020
0.004137 1020
0.004138 1020
0.004139 1020
0.00414 1020
0.004141 1020
0.004142 1020
0.004143 1020
0.004144 1020
0.004145 1020
0.004146 1020
0.004147 1020
0.004148 1020
0.004149 1020
0.00415 1020
0.004151 1020
0.004152 1020
0.004153 1020
0.004154 1020
0.004155 1020
0.004156 1020
0.004157 1020
0.004158 1020
0.004159 1020
0.00416 1020
0.004161 1020
0.004162 1020
0.004163 1020
0.004164 1020
0.004165 1020
0.004166 1020
0.004167 1020
0.004168 1020
0.004169 1020
0.00417 1020
0.004171 1020
0.004172 1020
0.004173 1020
0.004174 1021
0.004175 1021
0.004176 1021
0.004177 1021
0.004178 1021
0.004179 1021
0.00418 1021
0.004181 1021
0.004182 1021
0.004183 1021
0.004184 1022
0.004185 1022
0.004186 1022
0.004187 1022
0.004188 1022
0.004189 1022
0.00419 1022
0.004191 1022
0.004192 1022
0.004193 1022
0.004194 1022
0.004195 1022
0.004196 1022
0.004197 1022
0.004198 1022
0.004199 1022
0.0042 1022
0.004201 1022
0.004202 1022
0.004203 1022
0.004204 1022
0.004205 1022
0.004206 1022
0.004207 1022
0.004208 1022
0.004209 1022
0.00421 1022
0.004211 1022
0.004212 1022
0.004213 1021
0.004214 1021
0.004215 1021
0.004216 1021
0.004217 1021
0.004218 1021
0.004219 1021
0.00422 1021
0.004221 1021
0.004222 1021
0.004223 1020
0.004224 1020
0.004225 1020
0.004226 1020
0.004227 1020
0.004228 1020
0.004229 1020
0.00423 1020
0.004231 1020
0.004232 1020
0.004233 1020
0.004234 1020
0.004235 1020
0.004236 1020
0.004237 1019
0.004238 1019
0.004239 1019
0.00424 1019
0.004241 1019
0.004242 1019
0.004243 1019
0.004244 1019
0.004245 1019
0.004246 1019
0.004247 1019
0.004248 1019
0.004249 1019
0.00425 1019
0.004251 1019
0.004252 1019
0.004253 1019
0.004254 1019
0.004255 1019
0.004256 1019
0.004257 1019
0.004258 1019
0.004259 1019
0.00426 1019
0.004261 1019
0.004262 1019
0.004263 1019
0.004264 1019
0.004265 1019
0.004266 1019
0.004267 1019
0.004268 1019
0.004269 1019
0.00427 1019
0.004271 1019
0.004272 1019
0.004273 1019
0.004274 1019
0.004275 1019
0.004276 1019
0.004277 1019
0.004278 1019
0.004279 1019
0.00428 1019
0.004281 1019
0.004282 1019
0.004283 1019
0.004284 1019
0.004285 1019
0.004286 1018
0.004287 1018
0.004288 1017
0.004289 1017
0.00429 1017
0.004291 1017
0.004292 1017
0.004293 1017
0.004294 1017
0.004295 1017
0.004296 1017
0.004297 1017
0.004298 1016
0.004299 1017
0.0043 1017
0.004301 1017
0.004302 1017
0.004303 1018
0.004304 1018
0.004305 1018
0.004306 1018
0.004307 1018
0.004308 1018
0.004309 1018
0.00431 1018
0.004311 1018
0.004312 1018
0.004313 1018
0.004314 1018
0.004315 1018
0.004316 1018
0.004317 1019
0.004318 1019
0.004319 1019
0.00432 1019
0.004321 1019
0.004322 1019
0.004323 1019
0.004324 1019
0.004325 1019
0.004326 1019
0.004327 1019
0.004328 1019
0.004329 1019
0.00433 1019
0.004331 1019
0.004332 1019
0.004333 1019
0.004334 1019
0.004335 1019
0.004336 1019
0.004337 1019
0.004338 1019
0.004339 1019
0.00434 1020
0.004341 1020
0.004342 1020
0.004343 1020
0.004344 1020
0.004345 1020
0.004346 1020
0.004347 1020
0.004348 1020
0.004349 1020
0.00435 1020
0.004351 1020
0.004352 1020
0.004353 1020
0.004354 1020
0.004355 1020
0.004356 1020
0.004357 1020
0.004358 1019
0.004359 1019
0.00436 1019
0.004361 1019
0.004362 1019
0.004363 1019
0.004364 1019
0.004365 1019
0.004366 1019
0.004367 1019
0.004368 1019
0.004369 1019
0.00437 1020
0.004371 1020
0.004372 1020
0.004373 1020
0.004374 1020
0.004375 1020
0.004376 1020
0.004377 1020
0.004378 1020
0.004379 1020
0.00438 1021
0.004381 1021
0.004382 1021
0.004383 1021
0.004384 1021
0.004385 1021
0.004386 1021
0.004387 1021
0.004388 1021
0.004389 1021
0.00439 1021
0.004391 1021
0.004392 1021
0.004393 1021
0.004394 1021
0.004395 1021
0.004396 1021
0.004397 1021
0.004398 1021
0.004399 1021
0.0044 1021
0.004401 1021
0.004402 1021
0.004403 1021
0.004404 1021
0.004405 1021
0.004406 1021
0.004407 1021
0.004408 1021
0.004409 1021
0.00441 1021
0.004411 1021
0.004412 1021
0.004413 1021
0.004414 1021
0.004415 1020
0.004416 1020
0.004417 1020
0.004418 1020
0.004419 1020
0.00442 1021
0.004421 1021
0.004422 1021
0.004423 1021
0.004424 1021
0.004425 1021
0.004426 1021
0.004427 1021
0.004428 1021
0.004429 1021
0.00443 1021
0.004431 1021
0.004432 1021
0.004433 1021
0.004434 1021
0.004435 1021
0.004436 1021
0.004437 1021
0.004438 1021
0.004439 1021
0.00444 1021
0.004441 1021
0.004442 1021
0.004443 1021
0.004444 1021
0.004445 1021
0.004446 1021
0.004447 1021
0.004448 1021
0.004449 1021
0.00445 1021
0.004451 1021
0.004452 1021
0.004453 1021
0.004454 1021
0.004455 1021
0.004456 1021
0.004457 1021
0.004458 1022
0.004459 1022
0.00446 1022
0.004461 1022
0.004462 1022
0.004463 1022
0.004464 1022
0.004465 1022
0.004466 1022
0.004467 1022
0.004468 1022
0.004469 1022
0.00447 1021
0.004471 1021
0.004472 1021
0.004473 1021
0.004474 1021
0.004475 1021
0.004476 1021
0.004477 1021
0.004478 1022
0.004479 1022
0.00448 1022
0.004481 1022
0.004482 1022
0.004483 1022
0.004484 1022
0.004485 1022
0.004486 1022
0.004487 1022
0.004488 1022
0.004489 1022
0.00449 1022
0.004491 1022
0.004492 1022
0.004493 1022
0.004494 1022
0.004495 1022
0.004496 1022
0.004497 1022
0.004498 1022
0.004499 1022
0.0045 1022
0.004501 1022
0.004502 1022
0.004503 1022
0.004504 1022
0.004505 1022
0.004506 1022
0.004507 1022
0.004508 1022
0.004509 1022
0.00451 1022
0.004511 1022
0.004512 1022
0.004513 1022
0.004514 1022
0.004515 1022
0.004516 1022
0.004517 1022
0.004518 1022
0.004519 1022
0.00452 1022
0.004521 1022
0.004522 1022
0.004523 1022
0.004524 1022
0.004525 1022
0.004526 1022
0.004527 1022
0.004528 1022
0.004529 1022
0.00453 1022
0.004531 1022
0.004532 1022
0.004533 1022
0.004534 1022
0.004535 1022
0.004536 1022
0.004537 1022
0.004538 1022
0.004539 1022
0.00454 1022
0.004541 1022
0.004542 1022
0.004543 1022
0.004544 1022
0.004545 1022
0.004546 1022
0.004547 1022
0.004548 1022
0.004549 1022
0.00455 1022
0.004551 1022
0.004552 1021
0.004553 1021
0.004554 1021
0.004555 1021
0.004556 1022
0.004557 1021
0.004558 1021
0.004559 1021
0.00456 1021
0.004561 1021
0.004562 1021
0.004563 1021
0.004564 1022
0.004565 1022
0.004566 1022
0.004567 1022
0.004568 1022
0.004569 1022
0.00457 1022
0.004571 1022
0.004572 1022
0.004573 1022
0.004574 1022
0.004575 1022
0.004576 1022
0.004577 1022
0.004578 1022
0.004579 1022
0.00458 1022
0.004581 1022
0.004582 1022
0.004583 1022
0.004584 1022
0.004585 1022
0.004586 1022
0.004587 1022
0.004588 1022
0.004589 1022
0.00459 1022
0.004591 1023
0.004592 1023
0.004593 1022
0.004594 1022
0.004595 1022
0.004596 1022
0.004597 1022
0.004598 1022
0.004599 1022
0.0046 1022
0.004601 1022
0.004602 1022
0.004603 1022
0.004604 1022
0.004605 1022
0.004606 1022
0.004607 1022
0.004608 1022
0.004609 1022
0.00461 1022
0.004611 1022
0.004612 1022
0.004613 1022
0.004614 1022
0.004615 1022
0.004616 1022
0.004617 1022
0.004618 1022
0.004619 1022
0.00462 1022
0.004621 1022
0.004622 1022
0.004623 1022
0.004624 1022
0.004625 1022
0.004626 1022
0.004627 1022
0.004628 1022
0.004629 1022
0.00463 1022
0.004631 1022
0.004632 1022
0.004633 1022
0.004634 1022
0.004635 1022
0.004636 1022
0.004637 1022
0.004638 1022
0.004639 1022
0.00464 1022
0.004641 1022
0.004642 1022
0.004643 1021
0.004644 1021
0.004645 1021
0.004646 1021
0.004647 1021
0.004648 1020
0.004649 1020
0.00465 1020
0.004651 1020
0.004652 1020
0.004653 1020
0.004654 1020
0.004655 1020
0.004656 1020
0.004657 1020
0.004658 1020
0.004659 1020
0.00466 1020
0.004661 1020
0.004662 1020
0.004663 1020
0.004664 1020
0.004665 1020
0.004666 1020
0.004667 1020
0.004668 1020
0.004669 1020
0.00467 1020
0.004671 1020
0.004672 1020
0.004673 1020
0.004674 1020
0.004675 1020
0.004676 1020
0.004677 1020
0.004678 1020
0.004679 1019
0.00468 1019
0.004681 1019
0.004682 1019
0.004683 1019
0.004684 1019
0.004685 1019
0.004686 1019
0.004687 1019
0.004688 1019
0.004689 1019
0.00469 1019
0.004691 1019
0.004692 1019
0.004693 1019
0.004694 1019
0.004695 1019
0.004696 1019
0.004697 1019
0.004698 1019
0.004699 1019
0.0047 1019
0.004701 1019
0.004702 1020
0.004703 1020
0.004704 1020
0.004705 1020
0.004706 1020
0.004707 1020
0.004708 1020
0.004709 1020
0.00471 1020
0.004711 1020
0.004712 1020
0.004713 1020
0.004714 1020
0.004715 1020
0.004716 1020
0.004717 1020
0.004718 1019
0.004719 1019
0.00472 1019
0.004721 1019
0.004722 1019
0.004723 1019
0.004724 1019
0.004725 1019
0.004726 1019
0.004727 1019
0.004728 1019
0.004729 1019
0.00473 1019
0.004731 1019
0.004732 1019
0.004733 1019
0.004734 1019
0.004735 1019
0.004736 1019
0.004737 1019
0.004738 1019
0.004739 1019
0.00474 1019
0.004741 1019
0.004742 1019
0.004743 1019
0.004744 1019
0.004745 1019
0.004746 1019
0.004747 1019
0.004748 1019
0.004749 1019
0.00475 1019
0.004751 1019
0.004752 1019
0.004753 1019
0.004754 1019
0.004755 1019
0.004756 1019
0.004757 1019
0.004758 1019
0.004759 1019
0.00476 1019
0.004761 1019
0.004762 1019
0.004763 1019
0.004764 1019
0.004765 1019
0.004766 1019
0.004767 1019
0.004768 1020
0.004769 1020
0.00477 1020
0.004771 1020
0.004772 1020
0.004773 1020
0.004774 1020
0.004775 1020
0.004776 1020
0.004777 1020
0.004778 1020
0.004779 1020
0.00478 1020
0.004781 1020
0.004782 1020
0.004783 1020
0.004784 1020
0.004785 1020
0.004786 1020
0.004787 1020
0.004788 1020
0.004789 1019
0.00479 1019
0.004791 1019
0.004792 1019
0.004793 1019
0.004794 1019
0.004795 1019
0.004796 1019
0.004797 1019
0.004798 1019
0.004799 1019
0.0048 1019
0.004801 1019
0.004802 1020
0.004803 1020
0.004804 1020
0.004805 1020
0.004806 1019
0.004807 1019
0.004808 1019
0.004809 1020
0.00481 1020
0.004811 1020
0.004812 1020
0.004813 1020
0.004814 1020
0.004815 1020
0.004816 1020
0.004817 1020
0.004818 1020
0.004819 1020
0.00482 1020
0.004821 1020
0.004822 1020
0.004823 1020
0.004824 1020
0.004825 1020
0.004826 1020
0.004827 1020
0.004828 1020
0.004829 1020
0.00483 1020
0.004831 1020
0.004832 1020
0.004833 1019
0.004834 1019
0.004835 1019
0.004836 1019
0.004837 1019
0.004838 1019
0.004839 1019
0.00484 1020
0.004841 1021
0.004842 1021
0.004843 1022
0.004844 1022
0.004845 1022
0.004846 1022
0.004847 1022
0.004848 1023
0.004849 1023
0.00485 1023
0.004851 1024
0.004852 1024
0.004853 1024
0.004854 1024
0.004855 1023
0.004856 1023
0.004857 1023
0.004858 1023
0.004859 1023
0.00486 1023
0.004861 1023
0.004862 1023
0.004863 1024
0.004864 1024
0.004865 1024
0.004866 1025
0.004867 1025
0.004868 1025
0.004869 1025
0.00487 1025
0.004871 1025
0.004872 1025
0.004873 1025
0.004874 1025
0.004875 1025
0.004876 1024
0.004877 1024
0.004878 1025
0.004879 1025
0.00488 1025
0.004881 1025
0.004882 1025
0.004883 1025
0.004884 1025
0.004885 1025
0.004886 1026
0.004887 1026
0.004888 1026
0.004889 1025
0.00489 1026
0.004891 1026
0.004892 1026
0.004893 1026
0.004894 1026
0.004895 1026
0.004896 1026
0.004897 1026
0.004898 1026
0.004899 1026
0.0049 1026
0.004901 1025
0.004902 1025
0.004903 1025
0.004904 1025
0.004905 1025
0.004906 1025
0.004907 1025
0.004908 1025
0.004909 1025
0.00491 1025
0.004911 1025
0.004912 1025
0.004913 1025
0.004914 1025
0.004915 1025
0.004916 1025
0.004917 1025
0.004918 1025
0.004919 1025
0.00492 1025
0.004921 1025
0.004922 1024
0.004923 1024
0.004924 1023
0.004925 1023
0.004926 1023
0.004927 1023
0.004928 1023
0.004929 1023
0.00493 1023
0.004931 1023
0.004932 1023
0.004933 1023
0.004934 1023
0.004935 1023
0.004936 1023
0.004937 1023
0.004938 1023
0.004939 1023
0.00494 1023
0.004941 1023
0.004942 1023
0.004943 1023
0.004944 1023
0.004945 1023
0.004946 1023
0.004947 1023
0.004948 1023
0.004949 1023
0.00495 1023
0.004951 1023
0.004952 1022
0.004953 1023
0.004954 1023
0.004955 1023
0.004956 1023
0.004957 1023
0.004958 1023
0.004959 1023
0.00496 1023
0.004961 1023
0.004962 1023
0.004963 1023
0.004964 1023
0.004965 1023
0.004966 1023
0.004967 1023
0.004968 1023
0.004969 1024
0.00497 1023
0.004971 1023
0.004972 1023
0.004973 1024
0.004974 1024
0.004975 1024
0.004976 1024
0.004977 1024
0.004978 1024
0.004979 1025
0.00498 1025
0.004981 1025
0.004982 1025
0.004983 1025
0.004984 1024
0.004985 1024
0.004986 1024
0.004987 1024
0.004988 1024
0.004989 1024
0.00499 1024
0.004991 1024
0.004992 1024
0.004993 1024
0.004994 1024
0.004995 1024
0.004996 1024
0.004997 1024
0.004998 1024
0.004999 1024
0.005 1023
