0 401
1e-06 402
2e-06 406
3e-06 407
4e-06 411
5e-06 415
6e-06 423
7e-06 428
8e-06 428
9e-06 430
1e-05 434
1.1e-05 437
1.2e-05 442
1.3e-05 448
1.4e-05 452
1.5e-05 456
1.6e-05 460
1.7e-05 463
1.8e-05 465
1.9e-05 468
2e-05 470
2.1e-05 470
2.2e-05 473
2.3e-05 475
2.4e-05 477
2.5e-05 481
2.6e-05 483
2.7e-05 487
2.8e-05 490
2.9e-05 494
3e-05 497
3.1e-05 500
3.2e-05 501
3.3e-05 505
3.4e-05 508
3.5e-05 510
3.6e-05 513
3.7e-05 516
3.8e-05 518
3.9e-05 522
4e-05 524
4.1e-05 527
4.2e-05 529
4.3e-05 533
4.4e-05 535
4.5e-05 537
4.6e-05 540
4.7e-05 540
4.8e-05 544
4.9e-05 545
5e-05 547
5.1e-05 549
5.2e-05 554
5.3e-05 555
5.4e-05 558
5.5e-05 561
5.6e-05 563
5.7e-05 564
5.8e-05 566
5.9e-05 566
6e-05 567
6.1e-05 567
6.2e-05 572
6.3e-05 575
6.4e-05 576
6.5e-05 581
6.6e-05 582
6.7e-05 587
6.8e-05 589
6.9e-05 590
7e-05 594
7.1e-05 596
7.2e-05 600
7.3e-05 601
7.4e-05 601
7.5e-05 604
7.6e-05 606
7.7e-05 607
7.8e-05 610
7.9e-05 611
8e-05 614
8.1e-05 617
8.2e-05 617
8.3e-05 619
8.4e-05 624
8.5e-05 626
8.6e-05 626
8.7e-05 627
8.8e-05 627
8.9e-05 631
9e-05 632
9.1e-05 638
9.2e-05 640
9.3e-05 641
9.4e-05 644
9.5e-05 649
9.6e-05 650
9.7e-05 652
9.8e-05 653
9.9e-05 653
0.0001 654
0.000101 656
0.000102 656
0.000103 657
0.000104 658
0.000105 659
0.000106 661
0.000107 664
0.000108 666
0.000109 667
0.00011 668
0.000111 671
0.000112 674
0.000113 676
0.000114 678
0.000115 677
0.000116 679
0.000117 680
0.000118 683
0.000119 684
0.00012 684
0.000121 687
0.000122 688
0.000123 689
0.000124 693
0.000125 696
0.000126 698
0.000127 702
0.000128 702
0.000129 703
0.00013 705
0.000131 707
0.000132 709
0.000133 710
0.000134 712
0.000135 712
0.000136 712
0.000137 715
0.000138 716
0.000139 717
0.00014 718
0.000141 718
0.000142 718
0.000143 719
0.000144 719
0.000145 720
0.000146 721
0.000147 720
0.000148 721
0.000149 722
0.00015 723
0.000151 725
0.000152 726
0.000153 727
0.000154 728
0.000155 728
0.000156 728
0.000157 729
0.000158 730
0.000159 731
0.00016 733
0.000161 734
0.000162 735
0.000163 736
0.000164 735
0.000165 737
0.000166 738
0.000167 738
0.000168 739
0.000169 741
0.00017 742
0.000171 742
0.000172 745
0.000173 750
0.000174 750
0.000175 750
0.000176 750
0.000177 752
0.000178 751
0.000179 752
0.00018 755
0.000181 755
0.000182 755
0.000183 759
0.000184 760
0.000185 760
0.000186 764
0.000187 766
0.000188 765
0.000189 765
0.00019 766
0.000191 768
0.000192 768
0.000193 769
0.000194 769
0.000195 771
0.000196 773
0.000197 773
0.000198 773
0.000199 774
0.0002 775
0.000201 780
0.000202 782
0.000203 782
0.000204 782
0.000205 781
0.000206 782
0.000207 783
0.000208 783
0.000209 783
0.00021 785
0.000211 787
0.000212 787
0.000213 787
0.000214 789
0.000215 794
0.000216 796
0.000217 795
0.000218 796
0.000219 797
0.00022 799
0.000221 801
0.000222 802
0.000223 804
0.000224 809
0.000225 810
0.000226 810
0.000227 812
0.000228 812
0.000229 812
0.00023 813
0.000231 814
0.000232 814
0.000233 815
0.000234 816
0.000235 816
0.000236 816
0.000237 816
0.000238 822
0.000239 822
0.00024 823
0.000241 824
0.000242 827
0.000243 831
0.000244 834
0.000245 834
0.000246 836
0.000247 836
0.000248 839
0.000249 842
0.00025 842
0.000251 842
0.000252 843
0.000253 843
0.000254 843
0.000255 843
0.000256 844
0.000257 845
0.000258 846
0.000259 847
0.00026 847
0.000261 848
0.000262 848
0.000263 848
0.000264 848
0.000265 850
0.000266 851
0.000267 851
0.000268 851
0.000269 851
0.00027 851
0.000271 851
0.000272 851
0.000273 851
0.000274 853
0.000275 856
0.000276 855
0.000277 856
0.000278 856
0.000279 856
0.00028 856
0.000281 857
0.000282 858
0.000283 858
0.000284 859
0.000285 859
0.000286 861
0.000287 861
0.000288 861
0.000289 863
0.00029 864
0.000291 864
0.000292 864
0.000293 864
0.000294 864
0.000295 864
0.000296 864
0.000297 864
0.000298 864
0.000299 864
0.0003 864
0.000301 864
0.000302 865
0.000303 866
0.000304 866
0.000305 866
0.000306 867
0.000307 867
0.000308 867
0.000309 868
0.00031 868
0.000311 867
0.000312 868
0.000313 869
0.000314 869
0.000315 869
0.000316 870
0.000317 869
0.000318 871
0.000319 872
0.00032 873
0.000321 873
0.000322 875
0.000323 876
0.000324 877
0.000325 878
0.000326 877
0.000327 877
0.000328 875
0.000329 874
0.00033 874
0.000331 874
0.000332 873
0.000333 872
0.000334 872
0.000335 872
0.000336 874
0.000337 874
0.000338 874
0.000339 875
0.00034 876
0.000341 876
0.000342 876
0.000343 877
0.000344 879
0.000345 880
0.000346 880
0.000347 880
0.000348 880
0.000349 881
0.00035 881
0.000351 881
0.000352 881
0.000353 883
0.000354 886
0.000355 887
0.000356 887
0.000357 887
0.000358 887
0.000359 886
0.00036 886
0.000361 887
0.000362 887
0.000363 887
0.000364 887
0.000365 888
0.000366 888
0.000367 887
0.000368 887
0.000369 888
0.00037 888
0.000371 888
0.000372 888
0.000373 890
0.000374 890
0.000375 890
0.000376 890
0.000377 890
0.000378 890
0.000379 891
0.00038 891
0.000381 891
0.000382 891
0.000383 891
0.000384 891
0.000385 891
0.000386 892
0.000387 892
0.000388 892
0.000389 892
0.00039 892
0.000391 892
0.000392 892
0.000393 892
0.000394 892
0.000395 893
0.000396 894
0.000397 894
0.000398 894
0.000399 894
0.0004 895
0.000401 896
0.000402 896
0.000403 895
0.000404 895
0.000405 895
0.000406 894
0.000407 894
0.000408 894
0.000409 894
0.00041 894
0.000411 895
0.000412 895
0.000413 895
0.000414 895
0.000415 895
0.000416 895
0.000417 895
0.000418 895
0.000419 895
0.00042 895
0.000421 895
0.000422 895
0.000423 895
0.000424 895
0.000425 895
0.000426 895
0.000427 894
0.000428 894
0.000429 894
0.00043 895
0.000431 895
0.000432 893
0.000433 893
0.000434 893
0.000435 893
0.000436 892
0.000437 893
0.000438 893
0.000439 893
0.00044 893
0.000441 893
0.000442 893
0.000443 893
0.000444 893
0.000445 894
0.000446 894
0.000447 894
0.000448 894
0.000449 893
0.00045 893
0.000451 893
0.000452 893
0.000453 893
0.000454 894
0.000455 895
0.000456 896
0.000457 896
0.000458 896
0.000459 897
0.00046 898
0.000461 898
0.000462 898
0.000463 898
0.000464 898
0.000465 898
0.000466 898
0.000467 899
0.000468 900
0.000469 900
0.00047 900
0.000471 900
0.000472 901
0.000473 901
0.000474 901
0.000475 903
0.000476 903
0.000477 903
0.000478 904
0.000479 903
0.00048 903
0.000481 903
0.000482 903
0.000483 903
0.000484 903
0.000485 903
0.000486 903
0.000487 903
0.000488 903
0.000489 903
0.00049 903
0.000491 903
0.000492 903
0.000493 902
0.000494 903
0.000495 903
0.000496 904
0.000497 904
0.000498 904
0.000499 904
0.0005 904
0.000501 904
0.000502 904
0.000503 903
0.000504 903
0.000505 903
0.000506 903
0.000507 903
0.000508 903
0.000509 903
0.00051 903
0.000511 903
0.000512 902
0.000513 902
0.000514 902
0.000515 902
0.000516 902
0.000517 902
0.000518 902
0.000519 902
0.00052 902
0.000521 902
0.000522 902
0.000523 902
0.000524 904
0.000525 904
0.000526 904
0.000527 904
0.000528 904
0.000529 905
0.00053 905
0.000531 905
0.000532 905
0.000533 905
0.000534 906
0.000535 906
0.000536 906
0.000537 906
0.000538 906
0.000539 906
0.00054 906
0.000541 906
0.000542 906
0.000543 906
0.000544 906
0.000545 906
0.000546 906
0.000547 907
0.000548 906
0.000549 907
0.00055 907
0.000551 907
0.000552 907
0.000553 907
0.000554 906
0.000555 906
0.000556 906
0.000557 906
0.000558 906
0.000559 906
0.00056 906
0.000561 906
0.000562 906
0.000563 907
0.000564 907
0.000565 907
0.000566 907
0.000567 906
0.000568 906
0.000569 906
0.00057 906
0.000571 908
0.000572 909
0.000573 909
0.000574 909
0.000575 909
0.000576 909
0.000577 909
0.000578 909
0.000579 910
0.00058 910
0.000581 910
0.000582 910
0.000583 910
0.000584 910
0.000585 911
0.000586 911
0.000587 911
0.000588 911
0.000589 911
0.00059 911
0.000591 911
0.000592 910
0.000593 910
0.000594 910
0.000595 910
0.000596 910
0.000597 911
0.000598 912
0.000599 912
0.0006 911
0.000601 911
0.000602 911
0.000603 911
0.000604 911
0.000605 911
0.000606 911
0.000607 911
0.000608 911
0.000609 911
0.00061 911
0.000611 911
0.000612 912
0.000613 912
0.000614 912
0.000615 912
0.000616 912
0.000617 913
0.000618 913
0.000619 914
0.00062 914
0.000621 915
0.000622 915
0.000623 914
0.000624 914
0.000625 914
0.000626 914
0.000627 914
0.000628 914
0.000629 915
0.00063 914
0.000631 914
0.000632 914
0.000633 914
0.000634 914
0.000635 914
0.000636 914
0.000637 914
0.000638 915
0.000639 915
0.00064 915
0.000641 915
0.000642 915
0.000643 915
0.000644 916
0.000645 914
0.000646 914
0.000647 914
0.000648 914
0.000649 914
0.00065 914
0.000651 914
0.000652 914
0.000653 914
0.000654 914
0.000655 913
0.000656 913
0.000657 912
0.000658 912
0.000659 912
0.00066 912
0.000661 912
0.000662 912
0.000663 912
0.000664 912
0.000665 912
0.000666 912
0.000667 912
0.000668 912
0.000669 912
0.00067 912
0.000671 912
0.000672 913
0.000673 913
0.000674 913
0.000675 913
0.000676 914
0.000677 914
0.000678 913
0.000679 913
0.00068 913
0.000681 913
0.000682 913
0.000683 913
0.000684 913
0.000685 913
0.000686 913
0.000687 913
0.000688 913
0.000689 914
0.00069 914
0.000691 914
0.000692 914
0.000693 915
0.000694 915
0.000695 914
0.000696 914
0.000697 915
0.000698 915
0.000699 915
0.0007 915
0.000701 915
0.000702 915
0.000703 916
0.000704 916
0.000705 916
0.000706 916
0.000707 916
0.000708 915
0.000709 915
0.00071 915
0.000711 916
0.000712 917
0.000713 917
0.000714 918
0.000715 917
0.000716 917
0.000717 919
0.000718 919
0.000719 919
0.00072 919
0.000721 919
0.000722 919
0.000723 919
0.000724 919
0.000725 919
0.000726 919
0.000727 920
0.000728 920
0.000729 920
0.00073 920
0.000731 920
0.000732 920
0.000733 920
0.000734 920
0.000735 920
0.000736 922
0.000737 923
0.000738 923
0.000739 924
0.00074 924
0.000741 924
0.000742 924
0.000743 924
0.000744 924
0.000745 924
0.000746 924
0.000747 924
0.000748 925
0.000749 924
0.00075 925
0.000751 925
0.000752 925
0.000753 924
0.000754 924
0.000755 924
0.000756 924
0.000757 924
0.000758 924
0.000759 924
0.00076 923
0.000761 923
0.000762 923
0.000763 923
0.000764 924
0.000765 924
0.000766 923
0.000767 923
0.000768 923
0.000769 923
0.00077 923
0.000771 923
0.000772 923
0.000773 923
0.000774 923
0.000775 923
0.000776 924
0.000777 924
0.000778 925
0.000779 925
0.00078 925
0.000781 924
0.000782 924
0.000783 924
0.000784 926
0.000785 926
0.000786 926
0.000787 926
0.000788 926
0.000789 926
0.00079 926
0.000791 926
0.000792 926
0.000793 928
0.000794 928
0.000795 928
0.000796 928
0.000797 928
0.000798 928
0.000799 928
0.0008 927
0.000801 927
0.000802 927
0.000803 927
0.000804 927
0.000805 927
0.000806 927
0.000807 928
0.000808 928
0.000809 928
0.00081 928
0.000811 928
0.000812 928
0.000813 928
0.000814 929
0.000815 929
0.000816 929
0.000817 929
0.000818 929
0.000819 929
0.00082 929
0.000821 929
0.000822 929
0.000823 930
0.000824 930
0.000825 930
0.000826 930
0.000827 930
0.000828 930
0.000829 930
0.00083 930
0.000831 930
0.000832 930
0.000833 930
0.000834 929
0.000835 929
0.000836 929
0.000837 929
0.000838 929
0.000839 928
0.00084 927
0.000841 927
0.000842 929
0.000843 929
0.000844 929
0.000845 929
0.000846 929
0.000847 929
0.000848 929
0.000849 929
0.00085 929
0.000851 929
0.000852 929
0.000853 929
0.000854 929
0.000855 929
0.000856 929
0.000857 929
0.000858 928
0.000859 928
0.00086 928
0.000861 929
0.000862 929
0.000863 929
0.000864 929
0.000865 929
0.000866 929
0.000867 929
0.000868 929
0.000869 929
0.00087 929
0.000871 929
0.000872 929
0.000873 929
0.000874 929
0.000875 929
0.000876 929
0.000877 929
0.000878 928
0.000879 928
0.00088 928
0.000881 928
0.000882 927
0.000883 927
0.000884 927
0.000885 927
0.000886 927
0.000887 927
0.000888 927
0.000889 926
0.00089 927
0.000891 927
0.000892 927
0.000893 927
0.000894 927
0.000895 927
0.000896 927
0.000897 927
0.000898 927
0.000899 927
0.0009 927
0.000901 927
0.000902 927
0.000903 927
0.000904 927
0.000905 927
0.000906 927
0.000907 927
0.000908 927
0.000909 927
0.00091 927
0.000911 927
0.000912 927
0.000913 927
0.000914 927
0.000915 927
0.000916 929
0.000917 929
0.000918 929
0.000919 929
0.00092 929
0.000921 929
0.000922 929
0.000923 929
0.000924 929
0.000925 929
0.000926 929
0.000927 929
0.000928 929
0.000929 929
0.00093 929
0.000931 929
0.000932 929
0.000933 931
0.000934 931
0.000935 931
0.000936 931
0.000937 931
0.000938 931
0.000939 931
0.00094 931
0.000941 931
0.000942 931
0.000943 931
0.000944 931
0.000945 931
0.000946 931
0.000947 931
0.000948 931
0.000949 931
0.00095 931
0.000951 931
0.000952 931
0.000953 931
0.000954 932
0.000955 932
0.000956 932
0.000957 932
0.000958 932
0.000959 932
0.00096 932
0.000961 932
0.000962 932
0.000963 932
0.000964 933
0.000965 933
0.000966 933
0.000967 933
0.000968 933
0.000969 933
0.00097 933
0.000971 933
0.000972 933
0.000973 933
0.000974 933
0.000975 933
0.000976 933
0.000977 933
0.000978 933
0.000979 933
0.00098 933
0.000981 933
0.000982 933
0.000983 933
0.000984 933
0.000985 933
0.000986 933
0.000987 933
0.000988 933
0.000989 933
0.00099 933
0.000991 932
0.000992 932
0.000993 932
0.000994 932
0.000995 932
0.000996 932
0.000997 932
0.000998 932
0.000999 932
0.001 931
0.001001 931
0.001002 931
0.001003 931
0.001004 931
0.001005 931
0.001006 931
0.001007 931
0.001008 931
0.001009 931
0.00101 931
0.001011 931
0.001012 931
0.001013 932
0.001014 932
0.001015 932
0.001016 931
0.001017 931
0.001018 932
0.001019 931
0.00102 931
0.001021 931
0.001022 931
0.001023 932
0.001024 932
0.001025 932
0.001026 933
0.001027 933
0.001028 933
0.001029 932
0.00103 932
0.001031 932
0.001032 932
0.001033 932
0.001034 932
0.001035 932
0.001036 932
0.001037 932
0.001038 932
0.001039 932
0.00104 932
0.001041 932
0.001042 932
0.001043 932
0.001044 934
0.001045 934
0.001046 933
0.001047 933
0.001048 933
0.001049 933
0.00105 933
0.001051 933
0.001052 932
0.001053 932
0.001054 931
0.001055 931
0.001056 931
0.001057 931
0.001058 931
0.001059 932
0.00106 932
0.001061 931
0.001062 931
0.001063 931
0.001064 931
0.001065 931
0.001066 931
0.001067 931
0.001068 931
0.001069 931
0.00107 931
0.001071 930
0.001072 930
0.001073 930
0.001074 930
0.001075 930
0.001076 930
0.001077 929
0.001078 929
0.001079 929
0.00108 929
0.001081 929
0.001082 929
0.001083 929
0.001084 929
0.001085 929
0.001086 928
0.001087 928
0.001088 928
0.001089 928
0.00109 928
0.001091 928
0.001092 928
0.001093 928
0.001094 928
0.001095 928
0.001096 928
0.001097 928
0.001098 929
0.001099 928
0.0011 928
0.001101 928
0.001102 928
0.001103 928
0.001104 928
0.001105 928
0.001106 928
0.001107 928
0.001108 928
0.001109 928
0.00111 928
0.001111 928
0.001112 928
0.001113 928
0.001114 928
0.001115 928
0.001116 928
0.001117 928
0.001118 928
0.001119 928
0.00112 928
0.001121 928
0.001122 928
0.001123 928
0.001124 929
0.001125 929
0.001126 929
0.001127 929
0.001128 929
0.001129 929
0.00113 929
0.001131 928
0.001132 928
0.001133 928
0.001134 928
0.001135 928
0.001136 928
0.001137 928
0.001138 928
0.001139 928
0.00114 928
0.001141 928
0.001142 928
0.001143 929
0.001144 929
0.001145 930
0.001146 930
0.001147 930
0.001148 931
0.001149 931
0.00115 931
0.001151 931
0.001152 931
0.001153 931
0.001154 930
0.001155 930
0.001156 930
0.001157 930
0.001158 930
0.001159 929
0.00116 929
0.001161 929
0.001162 929
0.001163 929
0.001164 929
0.001165 929
0.001166 929
0.001167 929
0.001168 929
0.001169 929
0.00117 929
0.001171 929
0.001172 929
0.001173 929
0.001174 929
0.001175 928
0.001176 927
0.001177 927
0.001178 927
0.001179 926
0.00118 926
0.001181 926
0.001182 926
0.001183 926
0.001184 926
0.001185 927
0.001186 927
0.001187 928
0.001188 928
0.001189 927
0.00119 927
0.001191 927
0.001192 927
0.001193 927
0.001194 927
0.001195 927
0.001196 927
0.001197 926
0.001198 925
0.001199 925
0.0012 925
0.001201 925
0.001202 925
0.001203 925
0.001204 926
0.001205 926
0.001206 926
0.001207 926
0.001208 926
0.001209 926
0.00121 926
0.001211 926
0.001212 926
0.001213 926
0.001214 926
0.001215 926
0.001216 926
0.001217 926
0.001218 926
0.001219 926
0.00122 926
0.001221 926
0.001222 926
0.001223 926
0.001224 926
0.001225 926
0.001226 926
0.001227 926
0.001228 926
0.001229 926
0.00123 926
0.001231 926
0.001232 926
0.001233 925
0.001234 925
0.001235 925
0.001236 925
0.001237 925
0.001238 926
0.001239 926
0.00124 926
0.001241 926
0.001242 926
0.001243 926
0.001244 926
0.001245 926
0.001246 925
0.001247 925
0.001248 925
0.001249 925
0.00125 925
0.001251 925
0.001252 925
0.001253 925
0.001254 925
0.001255 926
0.001256 925
0.001257 925
0.001258 925
0.001259 924
0.00126 924
0.001261 924
0.001262 924
0.001263 924
0.001264 924
0.001265 924
0.001266 925
0.001267 925
0.001268 925
0.001269 925
0.00127 925
0.001271 925
0.001272 925
0.001273 925
0.001274 925
0.001275 925
0.001276 925
0.001277 925
0.001278 925
0.001279 925
0.00128 925
0.001281 925
0.001282 925
0.001283 925
0.001284 925
0.001285 925
0.001286 925
0.001287 925
0.001288 925
0.001289 925
0.00129 925
0.001291 925
0.001292 925
0.001293 925
0.001294 925
0.001295 925
0.001296 925
0.001297 925
0.001298 925
0.001299 925
0.0013 925
0.001301 925
0.001302 925
0.001303 924
0.001304 924
0.001305 924
0.001306 924
0.001307 924
0.001308 924
0.001309 924
0.00131 924
0.001311 924
0.001312 924
0.001313 924
0.001314 924
0.001315 924
0.001316 924
0.001317 924
0.001318 924
0.001319 924
0.00132 924
0.001321 924
0.001322 924
0.001323 924
0.001324 923
0.001325 923
0.001326 923
0.001327 923
0.001328 923
0.001329 923
0.00133 923
0.001331 923
0.001332 923
0.001333 922
0.001334 922
0.001335 922
0.001336 922
0.001337 922
0.001338 922
0.001339 923
0.00134 923
0.001341 923
0.001342 923
0.001343 923
0.001344 923
0.001345 923
0.001346 923
0.001347 923
0.001348 923
0.001349 923
0.00135 923
0.001351 923
0.001352 923
0.001353 923
0.001354 923
0.001355 923
0.001356 923
0.001357 923
0.001358 924
0.001359 924
0.00136 925
0.001361 925
0.001362 925
0.001363 925
0.001364 925
0.001365 925
0.001366 925
0.001367 925
0.001368 925
0.001369 925
0.00137 925
0.001371 925
0.001372 925
0.001373 925
0.001374 925
0.001375 925
0.001376 925
0.001377 924
0.001378 924
0.001379 923
0.00138 923
0.001381 923
0.001382 923
0.001383 923
0.001384 923
0.001385 923
0.001386 923
0.001387 923
0.001388 923
0.001389 923
0.00139 923
0.001391 923
0.001392 923
0.001393 923
0.001394 923
0.001395 923
0.001396 923
0.001397 923
0.001398 923
0.001399 923
0.0014 923
0.001401 923
0.001402 923
0.001403 923
0.001404 923
0.001405 923
0.001406 922
0.001407 922
0.001408 921
0.001409 921
0.00141 920
0.001411 920
0.001412 920
0.001413 920
0.001414 919
0.001415 919
0.001416 919
0.001417 919
0.001418 919
0.001419 919
0.00142 919
0.001421 919
0.001422 919
0.001423 919
0.001424 919
0.001425 920
0.001426 920
0.001427 920
0.001428 921
0.001429 921
0.00143 921
0.001431 921
0.001432 920
0.001433 920
0.001434 920
0.001435 920
0.001436 920
0.001437 920
0.001438 920
0.001439 920
0.00144 920
0.001441 920
0.001442 919
0.001443 919
0.001444 919
0.001445 919
0.001446 919
0.001447 919
0.001448 919
0.001449 919
0.00145 918
0.001451 919
0.001452 919
0.001453 919
0.001454 919
0.001455 919
0.001456 919
0.001457 919
0.001458 919
0.001459 919
0.00146 919
0.001461 919
0.001462 918
0.001463 918
0.001464 918
0.001465 918
0.001466 918
0.001467 918
0.001468 919
0.001469 919
0.00147 919
0.001471 919
0.001472 919
0.001473 919
0.001474 918
0.001475 918
0.001476 918
0.001477 918
0.001478 918
0.001479 918
0.00148 918
0.001481 918
0.001482 918
0.001483 918
0.001484 918
0.001485 918
0.001486 919
0.001487 919
0.001488 920
0.001489 920
0.00149 920
0.001491 920
0.001492 920
0.001493 920
0.001494 920
0.001495 920
0.001496 920
0.001497 920
0.001498 920
0.001499 920
0.0015 920
0.001501 920
0.001502 920
0.001503 920
0.001504 920
0.001505 920
0.001506 920
0.001507 920
0.001508 920
0.001509 920
0.00151 920
0.001511 920
0.001512 920
0.001513 920
0.001514 920
0.001515 921
0.001516 920
0.001517 920
0.001518 920
0.001519 920
0.00152 920
0.001521 920
0.001522 920
0.001523 920
0.001524 920
0.001525 920
0.001526 920
0.001527 920
0.001528 920
0.001529 920
0.00153 920
0.001531 921
0.001532 921
0.001533 921
0.001534 921
0.001535 921
0.001536 921
0.001537 921
0.001538 921
0.001539 921
0.00154 921
0.001541 922
0.001542 922
0.001543 922
0.001544 921
0.001545 921
0.001546 921
0.001547 921
0.001548 921
0.001549 921
0.00155 921
0.001551 921
0.001552 921
0.001553 921
0.001554 921
0.001555 921
0.001556 921
0.001557 921
0.001558 921
0.001559 921
0.00156 920
0.001561 921
0.001562 921
0.001563 921
0.001564 921
0.001565 921
0.001566 921
0.001567 921
0.001568 921
0.001569 921
0.00157 921
0.001571 921
0.001572 921
0.001573 921
0.001574 921
0.001575 921
0.001576 921
0.001577 921
0.001578 921
0.001579 921
0.00158 922
0.001581 922
0.001582 922
0.001583 922
0.001584 922
0.001585 922
0.001586 922
0.001587 922
0.001588 922
0.001589 922
0.00159 922
0.001591 921
0.001592 921
0.001593 921
0.001594 921
0.001595 920
0.001596 920
0.001597 920
0.001598 920
0.001599 920
0.0016 920
0.001601 920
0.001602 920
0.001603 922
0.001604 922
0.001605 922
0.001606 921
0.001607 921
0.001608 921
0.001609 921
0.00161 921
0.001611 921
0.001612 920
0.001613 919
0.001614 919
0.001615 918
0.001616 918
0.001617 918
0.001618 918
0.001619 919
0.00162 919
0.001621 919
0.001622 919
0.001623 919
0.001624 919
0.001625 919
0.001626 919
0.001627 919
0.001628 919
0.001629 919
0.00163 919
0.001631 918
0.001632 918
0.001633 918
0.001634 918
0.001635 918
0.001636 918
0.001637 918
0.001638 918
0.001639 918
0.00164 918
0.001641 918
0.001642 918
0.001643 918
0.001644 918
0.001645 918
0.001646 918
0.001647 919
0.001648 919
0.001649 919
0.00165 919
0.001651 919
0.001652 919
0.001653 919
0.001654 919
0.001655 919
0.001656 919
0.001657 919
0.001658 918
0.001659 918
0.00166 918
0.001661 917
0.001662 916
0.001663 917
0.001664 917
0.001665 917
0.001666 917
0.001667 917
0.001668 917
0.001669 918
0.00167 918
0.001671 918
0.001672 918
0.001673 917
0.001674 917
0.001675 917
0.001676 918
0.001677 918
0.001678 918
0.001679 918
0.00168 918
0.001681 918
0.001682 918
0.001683 918
0.001684 918
0.001685 918
0.001686 918
0.001687 918
0.001688 919
0.001689 919
0.00169 919
0.001691 919
0.001692 919
0.001693 919
0.001694 919
0.001695 919
0.001696 919
0.001697 919
0.001698 919
0.001699 918
0.0017 918
0.001701 918
0.001702 918
0.001703 918
0.001704 918
0.001705 918
0.001706 918
0.001707 918
0.001708 918
0.001709 918
0.00171 918
0.001711 917
0.001712 917
0.001713 917
0.001714 917
0.001715 917
0.001716 917
0.001717 917
0.001718 916
0.001719 916
0.00172 916
0.001721 916
0.001722 916
0.001723 916
0.001724 916
0.001725 916
0.001726 915
0.001727 915
0.001728 915
0.001729 915
0.00173 915
0.001731 915
0.001732 915
0.001733 915
0.001734 915
0.001735 915
0.001736 915
0.001737 914
0.001738 914
0.001739 914
0.00174 914
0.001741 914
0.001742 914
0.001743 914
0.001744 914
0.001745 914
0.001746 914
0.001747 914
0.001748 914
0.001749 913
0.00175 913
0.001751 913
0.001752 913
0.001753 913
0.001754 913
0.001755 913
0.001756 913
0.001757 913
0.001758 913
0.001759 913
0.00176 914
0.001761 914
0.001762 914
0.001763 914
0.001764 914
0.001765 914
0.001766 914
0.001767 914
0.001768 914
0.001769 914
0.00177 914
0.001771 914
0.001772 914
0.001773 914
0.001774 914
0.001775 914
0.001776 914
0.001777 914
0.001778 914
0.001779 914
0.00178 913
0.001781 913
0.001782 913
0.001783 913
0.001784 913
0.001785 913
0.001786 913
0.001787 913
0.001788 913
0.001789 913
0.00179 913
0.001791 913
0.001792 914
0.001793 914
0.001794 914
0.001795 914
0.001796 914
0.001797 914
0.001798 914
0.001799 914
0.0018 914
0.001801 914
0.001802 914
0.001803 914
0.001804 914
0.001805 914
0.001806 914
0.001807 914
0.001808 914
0.001809 914
0.00181 914
0.001811 914
0.001812 914
0.001813 913
0.001814 913
0.001815 913
0.001816 913
0.001817 913
0.001818 912
0.001819 912
0.00182 912
0.001821 912
0.001822 912
0.001823 912
0.001824 912
0.001825 912
0.001826 912
0.001827 912
0.001828 912
0.001829 912
0.00183 912
0.001831 911
0.001832 911
0.001833 911
0.001834 911
0.001835 911
0.001836 911
0.001837 911
0.001838 911
0.001839 911
0.00184 911
0.001841 911
0.001842 911
0.001843 911
0.001844 911
0.001845 911
0.001846 911
0.001847 911
0.001848 911
0.001849 911
0.00185 911
0.001851 912
0.001852 912
0.001853 912
0.001854 912
0.001855 912
0.001856 912
0.001857 912
0.001858 912
0.001859 912
0.00186 912
0.001861 913
0.001862 913
0.001863 913
0.001864 913
0.001865 913
0.001866 913
0.001867 914
0.001868 913
0.001869 913
0.00187 913
0.001871 913
0.001872 913
0.001873 913
0.001874 913
0.001875 912
0.001876 912
0.001877 912
0.001878 912
0.001879 912
0.00188 912
0.001881 912
0.001882 912
0.001883 911
0.001884 911
0.001885 910
0.001886 911
0.001887 911
0.001888 911
0.001889 911
0.00189 912
0.001891 912
0.001892 913
0.001893 913
0.001894 913
0.001895 913
0.001896 912
0.001897 912
0.001898 912
0.001899 912
0.0019 912
0.001901 912
0.001902 912
0.001903 912
0.001904 912
0.001905 912
0.001906 911
0.001907 911
0.001908 911
0.001909 911
0.00191 911
0.001911 911
0.001912 911
0.001913 911
0.001914 911
0.001915 911
0.001916 910
0.001917 910
0.001918 910
0.001919 910
0.00192 910
0.001921 910
0.001922 910
0.001923 909
0.001924 909
0.001925 909
0.001926 909
0.001927 909
0.001928 910
0.001929 910
0.00193 910
0.001931 910
0.001932 910
0.001933 910
0.001934 910
0.001935 910
0.001936 910
0.001937 910
0.001938 910
0.001939 911
0.00194 911
0.001941 911
0.001942 911
0.001943 910
0.001944 910
0.001945 910
0.001946 910
0.001947 910
0.001948 910
0.001949 910
0.00195 910
0.001951 910
0.001952 909
0.001953 909
0.001954 908
0.001955 908
0.001956 908
0.001957 908
0.001958 908
0.001959 908
0.00196 908
0.001961 908
0.001962 908
0.001963 908
0.001964 909
0.001965 909
0.001966 909
0.001967 909
0.001968 909
0.001969 909
0.00197 909
0.001971 909
0.001972 909
0.001973 909
0.001974 909
0.001975 909
0.001976 909
0.001977 909
0.001978 909
0.001979 909
0.00198 909
0.001981 909
0.001982 908
0.001983 908
0.001984 908
0.001985 908
0.001986 908
0.001987 908
0.001988 908
0.001989 908
0.00199 908
0.001991 908
0.001992 908
0.001993 908
0.001994 908
0.001995 908
0.001996 908
0.001997 908
0.001998 909
0.001999 908
0.002 908
0.002001 909
0.002002 909
0.002003 909
0.002004 909
0.002005 909
0.002006 909
0.002007 909
0.002008 909
0.002009 909
0.00201 908
0.002011 908
0.002012 908
0.002013 908
0.002014 908
0.002015 907
0.002016 908
0.002017 908
0.002018 908
0.002019 908
0.00202 908
0.002021 908
0.002022 908
0.002023 908
0.002024 908
0.002025 909
0.002026 909
0.002027 910
0.002028 910
0.002029 910
0.00203 910
0.002031 910
0.002032 910
0.002033 910
0.002034 910
0.002035 910
0.002036 910
0.002037 910
0.002038 910
0.002039 910
0.00204 910
0.002041 910
0.002042 910
0.002043 909
0.002044 909
0.002045 909
0.002046 908
0.002047 908
0.002048 908
0.002049 908
0.00205 908
0.002051 909
0.002052 909
0.002053 909
0.002054 909
0.002055 908
0.002056 908
0.002057 908
0.002058 908
0.002059 908
0.00206 908
0.002061 908
0.002062 908
0.002063 908
0.002064 908
0.002065 908
0.002066 908
0.002067 908
0.002068 908
0.002069 908
0.00207 908
0.002071 908
0.002072 908
0.002073 908
0.002074 908
0.002075 908
0.002076 908
0.002077 908
0.002078 908
0.002079 908
0.00208 909
0.002081 909
0.002082 910
0.002083 910
0.002084 911
0.002085 910
0.002086 910
0.002087 910
0.002088 910
0.002089 910
0.00209 910
0.002091 910
0.002092 910
0.002093 910
0.002094 910
0.002095 910
0.002096 910
0.002097 910
0.002098 909
0.002099 909
0.0021 910
0.002101 910
0.002102 911
0.002103 911
0.002104 911
0.002105 911
0.002106 911
0.002107 911
0.002108 912
0.002109 912
0.00211 912
0.002111 912
0.002112 912
0.002113 912
0.002114 912
0.002115 911
0.002116 911
0.002117 911
0.002118 911
0.002119 911
0.00212 911
0.002121 911
0.002122 910
0.002123 910
0.002124 910
0.002125 910
0.002126 910
0.002127 910
0.002128 910
0.002129 910
0.00213 910
0.002131 910
0.002132 910
0.002133 910
0.002134 910
0.002135 910
0.002136 910
0.002137 909
0.002138 909
0.002139 909
0.00214 909
0.002141 909
0.002142 909
0.002143 908
0.002144 908
0.002145 908
0.002146 908
0.002147 909
0.002148 909
0.002149 908
0.00215 908
0.002151 908
0.002152 908
0.002153 907
0.002154 907
0.002155 907
0.002156 906
0.002157 906
0.002158 906
0.002159 907
0.00216 907
0.002161 907
0.002162 907
0.002163 907
0.002164 907
0.002165 907
0.002166 907
0.002167 907
0.002168 907
0.002169 907
0.00217 907
0.002171 907
0.002172 907
0.002173 907
0.002174 907
0.002175 906
0.002176 906
0.002177 906
0.002178 906
0.002179 906
0.00218 906
0.002181 906
0.002182 906
0.002183 904
0.002184 904
0.002185 904
0.002186 904
0.002187 904
0.002188 905
0.002189 905
0.00219 905
0.002191 905
0.002192 904
0.002193 904
0.002194 904
0.002195 904
0.002196 905
0.002197 905
0.002198 905
0.002199 905
0.0022 905
0.002201 905
0.002202 906
0.002203 906
0.002204 906
0.002205 906
0.002206 906
0.002207 906
0.002208 906
0.002209 906
0.00221 906
0.002211 906
0.002212 906
0.002213 906
0.002214 906
0.002215 906
0.002216 906
0.002217 906
0.002218 906
0.002219 906
0.00222 906
0.002221 906
0.002222 906
0.002223 906
0.002224 906
0.002225 906
0.002226 906
0.002227 906
0.002228 906
0.002229 906
0.00223 906
0.002231 906
0.002232 905
0.002233 905
0.002234 905
0.002235 905
0.002236 905
0.002237 906
0.002238 906
0.002239 906
0.00224 905
0.002241 905
0.002242 905
0.002243 905
0.002244 905
0.002245 905
0.002246 905
0.002247 905
0.002248 905
0.002249 905
0.00225 905
0.002251 905
0.002252 905
0.002253 905
0.002254 905
0.002255 905
0.002256 905
0.002257 905
0.002258 905
0.002259 905
0.00226 906
0.002261 906
0.002262 906
0.002263 907
0.002264 907
0.002265 907
0.002266 907
0.002267 907
0.002268 907
0.002269 907
0.00227 907
0.002271 906
0.002272 906
0.002273 906
0.002274 907
0.002275 908
0.002276 908
0.002277 908
0.002278 909
0.002279 909
0.00228 909
0.002281 909
0.002282 910
0.002283 911
0.002284 911
0.002285 911
0.002286 912
0.002287 912
0.002288 912
0.002289 912
0.00229 912
0.002291 912
0.002292 912
0.002293 912
0.002294 912
0.002295 912
0.002296 911
0.002297 912
0.002298 913
0.002299 913
0.0023 913
0.002301 913
0.002302 912
0.002303 912
0.002304 912
0.002305 913
0.002306 913
0.002307 913
0.002308 913
0.002309 913
0.00231 913
0.002311 913
0.002312 913
0.002313 912
0.002314 912
0.002315 912
0.002316 912
0.002317 912
0.002318 912
0.002319 912
0.00232 912
0.002321 912
0.002322 912
0.002323 912
0.002324 912
0.002325 911
0.002326 911
0.002327 910
0.002328 910
0.002329 910
0.00233 910
0.002331 910
0.002332 910
0.002333 910
0.002334 911
0.002335 911
0.002336 911
0.002337 912
0.002338 912
0.002339 912
0.00234 912
0.002341 912
0.002342 912
0.002343 912
0.002344 912
0.002345 912
0.002346 912
0.002347 912
0.002348 911
0.002349 911
0.00235 911
0.002351 911
0.002352 910
0.002353 910
0.002354 910
0.002355 910
0.002356 910
0.002357 910
0.002358 910
0.002359 910
0.00236 910
0.002361 910
0.002362 910
0.002363 910
0.002364 910
0.002365 910
0.002366 911
0.002367 911
0.002368 910
0.002369 910
0.00237 910
0.002371 909
0.002372 909
0.002373 909
0.002374 909
0.002375 909
0.002376 909
0.002377 909
0.002378 909
0.002379 909
0.00238 909
0.002381 909
0.002382 909
0.002383 908
0.002384 908
0.002385 908
0.002386 908
0.002387 908
0.002388 908
0.002389 908
0.00239 908
0.002391 908
0.002392 909
0.002393 909
0.002394 909
0.002395 909
0.002396 909
0.002397 910
0.002398 911
0.002399 911
0.0024 911
0.002401 911
0.002402 911
0.002403 912
0.002404 912
0.002405 911
0.002406 911
0.002407 911
0.002408 911
0.002409 911
0.00241 911
0.002411 911
0.002412 911
0.002413 911
0.002414 911
0.002415 911
0.002416 911
0.002417 910
0.002418 909
0.002419 909
0.00242 910
0.002421 910
0.002422 910
0.002423 911
0.002424 912
0.002425 912
0.002426 912
0.002427 912
0.002428 912
0.002429 912
0.00243 912
0.002431 912
0.002432 912
0.002433 910
0.002434 910
0.002435 910
0.002436 910
0.002437 910
0.002438 910
0.002439 910
0.00244 910
0.002441 910
0.002442 910
0.002443 910
0.002444 910
0.002445 910
0.002446 910
0.002447 910
0.002448 910
0.002449 911
0.00245 911
0.002451 911
0.002452 911
0.002453 911
0.002454 911
0.002455 911
0.002456 911
0.002457 911
0.002458 912
0.002459 912
0.00246 912
0.002461 912
0.002462 912
0.002463 912
0.002464 912
0.002465 912
0.002466 911
0.002467 911
0.002468 911
0.002469 911
0.00247 910
0.002471 910
0.002472 910
0.002473 910
0.002474 911
0.002475 911
0.002476 911
0.002477 911
0.002478 911
0.002479 911
0.00248 911
0.002481 911
0.002482 911
0.002483 911
0.002484 911
0.002485 910
0.002486 910
0.002487 910
0.002488 910
0.002489 910
0.00249 910
0.002491 910
0.002492 910
0.002493 910
0.002494 910
0.002495 910
0.002496 910
0.002497 910
0.002498 910
0.002499 911
0.0025 911
0.002501 910
0.002502 910
0.002503 911
0.002504 910
0.002505 910
0.002506 910
0.002507 910
0.002508 912
0.002509 912
0.00251 912
0.002511 912
0.002512 912
0.002513 912
0.002514 909
0.002515 909
0.002516 908
0.002517 908
0.002518 908
0.002519 908
0.00252 908
0.002521 908
0.002522 907
0.002523 907
0.002524 908
0.002525 908
0.002526 908
0.002527 908
0.002528 908
0.002529 908
0.00253 908
0.002531 908
0.002532 908
0.002533 908
0.002534 908
0.002535 908
0.002536 908
0.002537 908
0.002538 908
0.002539 908
0.00254 908
0.002541 908
0.002542 908
0.002543 908
0.002544 908
0.002545 907
0.002546 907
0.002547 907
0.002548 907
0.002549 907
0.00255 907
0.002551 907
0.002552 907
0.002553 907
0.002554 907
0.002555 907
0.002556 907
0.002557 907
0.002558 907
0.002559 907
0.00256 907
0.002561 907
0.002562 906
0.002563 906
0.002564 906
0.002565 905
0.002566 905
0.002567 905
0.002568 905
0.002569 905
0.00257 906
0.002571 906
0.002572 906
0.002573 906
0.002574 906
0.002575 906
0.002576 906
0.002577 905
0.002578 905
0.002579 905
0.00258 905
0.002581 904
0.002582 904
0.002583 904
0.002584 904
0.002585 904
0.002586 904
0.002587 904
0.002588 904
0.002589 904
0.00259 905
0.002591 905
0.002592 905
0.002593 905
0.002594 905
0.002595 905
0.002596 905
0.002597 905
0.002598 905
0.002599 905
0.0026 905
0.002601 905
0.002602 905
0.002603 905
0.002604 905
0.002605 905
0.002606 905
0.002607 905
0.002608 905
0.002609 905
0.00261 905
0.002611 905
0.002612 905
0.002613 905
0.002614 905
0.002615 905
0.002616 905
0.002617 905
0.002618 906
0.002619 906
0.00262 906
0.002621 906
0.002622 906
0.002623 906
0.002624 906
0.002625 906
0.002626 906
0.002627 906
0.002628 906
0.002629 906
0.00263 906
0.002631 906
0.002632 906
0.002633 906
0.002634 907
0.002635 907
0.002636 907
0.002637 907
0.002638 907
0.002639 907
0.00264 907
0.002641 907
0.002642 907
0.002643 907
0.002644 907
0.002645 907
0.002646 908
0.002647 908
0.002648 908
0.002649 908
0.00265 908
0.002651 908
0.002652 908
0.002653 908
0.002654 908
0.002655 908
0.002656 908
0.002657 908
0.002658 908
0.002659 908
0.00266 908
0.002661 908
0.002662 907
0.002663 907
0.002664 907
0.002665 907
0.002666 907
0.002667 907
0.002668 907
0.002669 907
0.00267 907
0.002671 907
0.002672 907
0.002673 907
0.002674 907
0.002675 907
0.002676 907
0.002677 907
0.002678 907
0.002679 907
0.00268 907
0.002681 907
0.002682 907
0.002683 907
0.002684 907
0.002685 907
0.002686 907
0.002687 907
0.002688 907
0.002689 906
0.00269 906
0.002691 906
0.002692 906
0.002693 906
0.002694 906
0.002695 906
0.002696 906
0.002697 906
0.002698 906
0.002699 906
0.0027 906
0.002701 906
0.002702 906
0.002703 906
0.002704 906
0.002705 906
0.002706 906
0.002707 906
0.002708 905
0.002709 904
0.00271 904
0.002711 904
0.002712 904
0.002713 904
0.002714 904
0.002715 904
0.002716 904
0.002717 904
0.002718 904
0.002719 904
0.00272 903
0.002721 903
0.002722 903
0.002723 903
0.002724 903
0.002725 903
0.002726 903
0.002727 903
0.002728 902
0.002729 902
0.00273 902
0.002731 902
0.002732 902
0.002733 902
0.002734 902
0.002735 902
0.002736 902
0.002737 901
0.002738 901
0.002739 901
0.00274 901
0.002741 901
0.002742 901
0.002743 901
0.002744 901
0.002745 901
0.002746 901
0.002747 901
0.002748 901
0.002749 901
0.00275 901
0.002751 901
0.002752 901
0.002753 901
0.002754 901
0.002755 901
0.002756 901
0.002757 901
0.002758 901
0.002759 901
0.00276 901
0.002761 901
0.002762 901
0.002763 901
0.002764 901
0.002765 901
0.002766 901
0.002767 901
0.002768 901
0.002769 901
0.00277 900
0.002771 900
0.002772 900
0.002773 900
0.002774 900
0.002775 900
0.002776 900
0.002777 900
0.002778 900
0.002779 900
0.00278 900
0.002781 900
0.002782 900
0.002783 900
0.002784 900
0.002785 900
0.002786 901
0.002787 901
0.002788 901
0.002789 901
0.00279 901
0.002791 902
0.002792 902
0.002793 902
0.002794 902
0.002795 902
0.002796 902
0.002797 902
0.002798 902
0.002799 902
0.0028 902
0.002801 902
0.002802 903
0.002803 903
0.002804 903
0.002805 903
0.002806 903
0.002807 903
0.002808 903
0.002809 903
0.00281 903
0.002811 903
0.002812 903
0.002813 903
0.002814 903
0.002815 903
0.002816 903
0.002817 903
0.002818 903
0.002819 903
0.00282 903
0.002821 903
0.002822 903
0.002823 903
0.002824 903
0.002825 903
0.002826 904
0.002827 904
0.002828 904
0.002829 904
0.00283 904
0.002831 904
0.002832 904
0.002833 904
0.002834 904
0.002835 904
0.002836 904
0.002837 904
0.002838 904
0.002839 904
0.00284 904
0.002841 904
0.002842 904
0.002843 904
0.002844 904
0.002845 904
0.002846 905
0.002847 905
0.002848 904
0.002849 904
0.00285 904
0.002851 904
0.002852 904
0.002853 904
0.002854 904
0.002855 904
0.002856 904
0.002857 904
0.002858 904
0.002859 903
0.00286 903
0.002861 903
0.002862 903
0.002863 903
0.002864 903
0.002865 903
0.002866 903
0.002867 903
0.002868 903
0.002869 903
0.00287 903
0.002871 904
0.002872 904
0.002873 904
0.002874 904
0.002875 904
0.002876 904
0.002877 904
0.002878 905
0.002879 904
0.00288 904
0.002881 904
0.002882 904
0.002883 904
0.002884 904
0.002885 904
0.002886 904
0.002887 904
0.002888 904
0.002889 904
0.00289 904
0.002891 904
0.002892 904
0.002893 904
0.002894 904
0.002895 904
0.002896 904
0.002897 903
0.002898 903
0.002899 903
0.0029 903
0.002901 903
0.002902 903
0.002903 903
0.002904 903
0.002905 903
0.002906 903
0.002907 903
0.002908 903
0.002909 903
0.00291 903
0.002911 903
0.002912 903
0.002913 903
0.002914 903
0.002915 903
0.002916 903
0.002917 903
0.002918 903
0.002919 903
0.00292 902
0.002921 902
0.002922 901
0.002923 901
0.002924 901
0.002925 901
0.002926 901
0.002927 901
0.002928 902
0.002929 902
0.00293 902
0.002931 901
0.002932 901
0.002933 901
0.002934 902
0.002935 902
0.002936 902
0.002937 902
0.002938 902
0.002939 902
0.00294 901
0.002941 902
0.002942 902
0.002943 902
0.002944 903
0.002945 903
0.002946 903
0.002947 903
0.002948 903
0.002949 903
0.00295 902
0.002951 901
0.002952 902
0.002953 902
0.002954 902
0.002955 901
0.002956 901
0.002957 901
0.002958 901
0.002959 901
0.00296 901
0.002961 901
0.002962 901
0.002963 901
0.002964 901
0.002965 901
0.002966 901
0.002967 901
0.002968 901
0.002969 901
0.00297 901
0.002971 901
0.002972 901
0.002973 901
0.002974 901
0.002975 901
0.002976 901
0.002977 901
0.002978 902
0.002979 902
0.00298 902
0.002981 902
0.002982 902
0.002983 902
0.002984 902
0.002985 902
0.002986 902
0.002987 902
0.002988 902
0.002989 902
0.00299 902
0.002991 902
0.002992 902
0.002993 902
0.002994 902
0.002995 902
0.002996 902
0.002997 902
0.002998 902
0.002999 902
0.003 902
0.003001 902
0.003002 902
0.003003 902
0.003004 902
0.003005 902
0.003006 902
0.003007 902
0.003008 902
0.003009 902
0.00301 902
0.003011 902
0.003012 902
0.003013 902
0.003014 902
0.003015 902
0.003016 902
0.003017 902
0.003018 902
0.003019 902
0.00302 902
0.003021 902
0.003022 902
0.003023 902
0.003024 902
0.003025 902
0.003026 902
0.003027 902
0.003028 902
0.003029 902
0.00303 902
0.003031 902
0.003032 902
0.003033 902
0.003034 902
0.003035 902
0.003036 902
0.003037 902
0.003038 902
0.003039 902
0.00304 902
0.003041 902
0.003042 902
0.003043 902
0.003044 902
0.003045 903
0.003046 903
0.003047 903
0.003048 902
0.003049 902
0.00305 902
0.003051 902
0.003052 902
0.003053 902
0.003054 902
0.003055 902
0.003056 902
0.003057 902
0.003058 902
0.003059 902
0.00306 901
0.003061 901
0.003062 901
0.003063 901
0.003064 900
0.003065 900
0.003066 899
0.003067 899
0.003068 899
0.003069 899
0.00307 899
0.003071 899
0.003072 899
0.003073 900
0.003074 900
0.003075 900
0.003076 900
0.003077 900
0.003078 900
0.003079 900
0.00308 900
0.003081 900
0.003082 900
0.003083 900
0.003084 900
0.003085 899
0.003086 899
0.003087 899
0.003088 899
0.003089 899
0.00309 899
0.003091 899
0.003092 899
0.003093 899
0.003094 899
0.003095 899
0.003096 899
0.003097 899
0.003098 899
0.003099 899
0.0031 899
0.003101 899
0.003102 899
0.003103 899
0.003104 899
0.003105 899
0.003106 899
0.003107 899
0.003108 899
0.003109 899
0.00311 899
0.003111 899
0.003112 899
0.003113 900
0.003114 900
0.003115 900
0.003116 899
0.003117 899
0.003118 899
0.003119 899
0.00312 899
0.003121 899
0.003122 899
0.003123 899
0.003124 899
0.003125 899
0.003126 899
0.003127 899
0.003128 900
0.003129 900
0.00313 900
0.003131 900
0.003132 900
0.003133 900
0.003134 900
0.003135 900
0.003136 900
0.003137 900
0.003138 900
0.003139 900
0.00314 900
0.003141 900
0.003142 900
0.003143 900
0.003144 901
0.003145 901
0.003146 901
0.003147 900
0.003148 900
0.003149 899
0.00315 899
0.003151 899
0.003152 899
0.003153 899
0.003154 899
0.003155 899
0.003156 899
0.003157 899
0.003158 899
0.003159 899
0.00316 899
0.003161 900
0.003162 900
0.003163 900
0.003164 900
0.003165 900
0.003166 900
0.003167 900
0.003168 900
0.003169 900
0.00317 900
0.003171 900
0.003172 900
0.003173 901
0.003174 902
0.003175 902
0.003176 902
0.003177 902
0.003178 902
0.003179 902
0.00318 902
0.003181 902
0.003182 902
0.003183 902
0.003184 902
0.003185 902
0.003186 902
0.003187 902
0.003188 902
0.003189 902
0.00319 902
0.003191 902
0.003192 902
0.003193 902
0.003194 903
0.003195 903
0.003196 904
0.003197 904
0.003198 904
0.003199 904
0.0032 904
0.003201 903
0.003202 903
0.003203 903
0.003204 903
0.003205 903
0.003206 903
0.003207 903
0.003208 903
0.003209 903
0.00321 903
0.003211 902
0.003212 903
0.003213 903
0.003214 903
0.003215 903
0.003216 903
0.003217 903
0.003218 903
0.003219 904
0.00322 904
0.003221 904
0.003222 904
0.003223 904
0.003224 904
0.003225 904
0.003226 904
0.003227 904
0.003228 904
0.003229 904
0.00323 904
0.003231 904
0.003232 904
0.003233 904
0.003234 904
0.003235 904
0.003236 904
0.003237 904
0.003238 904
0.003239 904
0.00324 904
0.003241 904
0.003242 904
0.003243 904
0.003244 904
0.003245 904
0.003246 904
0.003247 904
0.003248 904
0.003249 904
0.00325 904
0.003251 904
0.003252 904
0.003253 904
0.003254 904
0.003255 904
0.003256 904
0.003257 904
0.003258 904
0.003259 905
0.00326 905
0.003261 905
0.003262 905
0.003263 905
0.003264 905
0.003265 906
0.003266 906
0.003267 906
0.003268 906
0.003269 906
0.00327 906
0.003271 905
0.003272 906
0.003273 906
0.003274 906
0.003275 906
0.003276 906
0.003277 906
0.003278 906
0.003279 906
0.00328 906
0.003281 906
0.003282 907
0.003283 907
0.003284 907
0.003285 907
0.003286 907
0.003287 907
0.003288 907
0.003289 907
0.00329 906
0.003291 906
0.003292 906
0.003293 905
0.003294 905
0.003295 904
0.003296 904
0.003297 904
0.003298 904
0.003299 904
0.0033 904
0.003301 904
0.003302 904
0.003303 904
0.003304 904
0.003305 903
0.003306 903
0.003307 903
0.003308 902
0.003309 902
0.00331 902
0.003311 903
0.003312 903
0.003313 903
0.003314 903
0.003315 903
0.003316 902
0.003317 901
0.003318 901
0.003319 902
0.00332 902
0.003321 902
0.003322 902
0.003323 902
0.003324 902
0.003325 902
0.003326 902
0.003327 902
0.003328 902
0.003329 902
0.00333 902
0.003331 901
0.003332 901
0.003333 901
0.003334 902
0.003335 902
0.003336 902
0.003337 902
0.003338 902
0.003339 902
0.00334 902
0.003341 903
0.003342 903
0.003343 904
0.003344 904
0.003345 904
0.003346 904
0.003347 904
0.003348 904
0.003349 904
0.00335 904
0.003351 904
0.003352 904
0.003353 904
0.003354 904
0.003355 904
0.003356 904
0.003357 904
0.003358 904
0.003359 904
0.00336 904
0.003361 904
0.003362 905
0.003363 905
0.003364 906
0.003365 906
0.003366 906
0.003367 906
0.003368 906
0.003369 906
0.00337 906
0.003371 906
0.003372 906
0.003373 906
0.003374 907
0.003375 907
0.003376 907
0.003377 907
0.003378 907
0.003379 907
0.00338 907
0.003381 907
0.003382 907
0.003383 907
0.003384 907
0.003385 907
0.003386 907
0.003387 907
0.003388 907
0.003389 907
0.00339 907
0.003391 907
0.003392 907
0.003393 907
0.003394 907
0.003395 907
0.003396 907
0.003397 907
0.003398 907
0.003399 907
0.0034 907
0.003401 907
0.003402 908
0.003403 908
0.003404 909
0.003405 909
0.003406 910
0.003407 909
0.003408 909
0.003409 909
0.00341 909
0.003411 909
0.003412 909
0.003413 909
0.003414 909
0.003415 909
0.003416 909
0.003417 909
0.003418 910
0.003419 910
0.00342 910
0.003421 910
0.003422 910
0.003423 910
0.003424 910
0.003425 910
0.003426 910
0.003427 910
0.003428 910
0.003429 910
0.00343 910
0.003431 910
0.003432 910
0.003433 910
0.003434 910
0.003435 910
0.003436 910
0.003437 910
0.003438 910
0.003439 910
0.00344 910
0.003441 910
0.003442 910
0.003443 910
0.003444 910
0.003445 910
0.003446 911
0.003447 911
0.003448 912
0.003449 912
0.00345 912
0.003451 912
0.003452 912
0.003453 912
0.003454 912
0.003455 912
0.003456 912
0.003457 912
0.003458 912
0.003459 912
0.00346 912
0.003461 912
0.003462 912
0.003463 912
0.003464 912
0.003465 912
0.003466 912
0.003467 912
0.003468 912
0.003469 911
0.00347 911
0.003471 911
0.003472 911
0.003473 911
0.003474 911
0.003475 911
0.003476 911
0.003477 911
0.003478 911
0.003479 911
0.00348 911
0.003481 911
0.003482 911
0.003483 911
0.003484 912
0.003485 912
0.003486 912
0.003487 912
0.003488 912
0.003489 912
0.00349 912
0.003491 912
0.003492 912
0.003493 912
0.003494 913
0.003495 912
0.003496 912
0.003497 912
0.003498 912
0.003499 912
0.0035 912
0.003501 912
0.003502 912
0.003503 912
0.003504 912
0.003505 912
0.003506 912
0.003507 913
0.003508 913
0.003509 913
0.00351 913
0.003511 913
0.003512 913
0.003513 913
0.003514 913
0.003515 913
0.003516 913
0.003517 913
0.003518 913
0.003519 914
0.00352 914
0.003521 914
0.003522 913
0.003523 913
0.003524 912
0.003525 912
0.003526 912
0.003527 912
0.003528 912
0.003529 911
0.00353 911
0.003531 911
0.003532 911
0.003533 911
0.003534 911
0.003535 911
0.003536 911
0.003537 911
0.003538 911
0.003539 911
0.00354 911
0.003541 911
0.003542 911
0.003543 911
0.003544 911
0.003545 911
0.003546 911
0.003547 911
0.003548 911
0.003549 911
0.00355 911
0.003551 911
0.003552 911
0.003553 911
0.003554 911
0.003555 911
0.003556 911
0.003557 911
0.003558 911
0.003559 910
0.00356 910
0.003561 910
0.003562 910
0.003563 910
0.003564 910
0.003565 911
0.003566 911
0.003567 911
0.003568 912
0.003569 911
0.00357 911
0.003571 912
0.003572 912
0.003573 912
0.003574 912
0.003575 912
0.003576 912
0.003577 912
0.003578 912
0.003579 912
0.00358 912
0.003581 912
0.003582 912
0.003583 912
0.003584 912
0.003585 912
0.003586 912
0.003587 912
0.003588 912
0.003589 912
0.00359 911
0.003591 911
0.003592 910
0.003593 910
0.003594 910
0.003595 909
0.003596 909
0.003597 909
0.003598 909
0.003599 909
0.0036 908
0.003601 908
0.003602 908
0.003603 909
0.003604 909
0.003605 909
0.003606 909
0.003607 908
0.003608 908
0.003609 908
0.00361 907
0.003611 907
0.003612 907
0.003613 907
0.003614 907
0.003615 907
0.003616 909
0.003617 909
0.003618 909
0.003619 909
0.00362 909
0.003621 909
0.003622 909
0.003623 909
0.003624 909
0.003625 909
0.003626 909
0.003627 909
0.003628 909
0.003629 909
0.00363 909
0.003631 909
0.003632 909
0.003633 909
0.003634 909
0.003635 909
0.003636 909
0.003637 910
0.003638 910
0.003639 910
0.00364 910
0.003641 910
0.003642 910
0.003643 910
0.003644 910
0.003645 910
0.003646 910
0.003647 910
0.003648 910
0.003649 910
0.00365 911
0.003651 911
0.003652 912
0.003653 912
0.003654 912
0.003655 912
0.003656 912
0.003657 912
0.003658 912
0.003659 912
0.00366 912
0.003661 912
0.003662 912
0.003663 912
0.003664 912
0.003665 912
0.003666 912
0.003667 912
0.003668 913
0.003669 913
0.00367 912
0.003671 911
0.003672 910
0.003673 911
0.003674 911
0.003675 911
0.003676 911
0.003677 911
0.003678 911
0.003679 911
0.00368 911
0.003681 911
0.003682 911
0.003683 911
0.003684 911
0.003685 911
0.003686 911
0.003687 911
0.003688 911
0.003689 911
0.00369 911
0.003691 911
0.003692 911
0.003693 911
0.003694 911
0.003695 911
0.003696 911
0.003697 911
0.003698 910
0.003699 910
0.0037 910
0.003701 910
0.003702 910
0.003703 910
0.003704 910
0.003705 910
0.003706 910
0.003707 909
0.003708 909
0.003709 909
0.00371 909
0.003711 909
0.003712 909
0.003713 909
0.003714 909
0.003715 909
0.003716 909
0.003717 909
0.003718 909
0.003719 910
0.00372 910
0.003721 910
0.003722 910
0.003723 910
0.003724 910
0.003725 910
0.003726 911
0.003727 911
0.003728 911
0.003729 911
0.00373 911
0.003731 912
0.003732 912
0.003733 912
0.003734 912
0.003735 912
0.003736 911
0.003737 911
0.003738 910
0.003739 910
0.00374 910
0.003741 911
0.003742 911
0.003743 911
0.003744 911
0.003745 911
0.003746 911
0.003747 911
0.003748 911
0.003749 911
0.00375 911
0.003751 911
0.003752 911
0.003753 911
0.003754 911
0.003755 911
0.003756 911
0.003757 911
0.003758 911
0.003759 911
0.00376 911
0.003761 911
0.003762 911
0.003763 911
0.003764 911
0.003765 911
0.003766 911
0.003767 911
0.003768 911
0.003769 911
0.00377 911
0.003771 913
0.003772 913
0.003773 913
0.003774 913
0.003775 913
0.003776 913
0.003777 913
0.003778 912
0.003779 912
0.00378 912
0.003781 912
0.003782 912
0.003783 912
0.003784 912
0.003785 912
0.003786 912
0.003787 912
0.003788 912
0.003789 912
0.00379 912
0.003791 912
0.003792 912
0.003793 912
0.003794 912
0.003795 912
0.003796 912
0.003797 912
0.003798 912
0.003799 911
0.0038 911
0.003801 911
0.003802 911
0.003803 911
0.003804 911
0.003805 911
0.003806 911
0.003807 911
0.003808 911
0.003809 911
0.00381 911
0.003811 911
0.003812 911
0.003813 910
0.003814 910
0.003815 910
0.003816 910
0.003817 910
0.003818 910
0.003819 910
0.00382 910
0.003821 910
0.003822 910
0.003823 910
0.003824 910
0.003825 910
0.003826 910
0.003827 910
0.003828 910
0.003829 910
0.00383 910
0.003831 911
0.003832 911
0.003833 911
0.003834 911
0.003835 911
0.003836 911
0.003837 911
0.003838 911
0.003839 911
0.00384 912
0.003841 912
0.003842 912
0.003843 912
0.003844 912
0.003845 912
0.003846 912
0.003847 913
0.003848 913
0.003849 912
0.00385 912
0.003851 912
0.003852 912
0.003853 912
0.003854 912
0.003855 912
0.003856 912
0.003857 911
0.003858 911
0.003859 911
0.00386 911
0.003861 911
0.003862 911
0.003863 911
0.003864 910
0.003865 910
0.003866 910
0.003867 910
0.003868 910
0.003869 910
0.00387 910
0.003871 910
0.003872 910
0.003873 910
0.003874 910
0.003875 910
0.003876 910
0.003877 910
0.003878 910
0.003879 910
0.00388 910
0.003881 910
0.003882 910
0.003883 910
0.003884 910
0.003885 909
0.003886 909
0.003887 909
0.003888 909
0.003889 908
0.00389 908
0.003891 908
0.003892 908
0.003893 908
0.003894 908
0.003895 908
0.003896 908
0.003897 908
0.003898 908
0.003899 908
0.0039 908
0.003901 908
0.003902 908
0.003903 908
0.003904 908
0.003905 908
0.003906 908
0.003907 907
0.003908 907
0.003909 907
0.00391 908
0.003911 908
0.003912 908
0.003913 909
0.003914 908
0.003915 908
0.003916 908
0.003917 908
0.003918 908
0.003919 908
0.00392 908
0.003921 907
0.003922 907
0.003923 908
0.003924 908
0.003925 908
0.003926 908
0.003927 908
0.003928 908
0.003929 908
0.00393 908
0.003931 908
0.003932 908
0.003933 908
0.003934 908
0.003935 908
0.003936 908
0.003937 908
0.003938 909
0.003939 909
0.00394 909
0.003941 909
0.003942 909
0.003943 909
0.003944 909
0.003945 909
0.003946 908
0.003947 908
0.003948 908
0.003949 908
0.00395 908
0.003951 909
0.003952 909
0.003953 909
0.003954 909
0.003955 909
0.003956 909
0.003957 909
0.003958 909
0.003959 908
0.00396 908
0.003961 908
0.003962 908
0.003963 908
0.003964 908
0.003965 908
0.003966 908
0.003967 908
0.003968 908
0.003969 908
0.00397 908
0.003971 908
0.003972 909
0.003973 909
0.003974 909
0.003975 909
0.003976 909
0.003977 909
0.003978 909
0.003979 910
0.00398 910
0.003981 910
0.003982 910
0.003983 909
0.003984 909
0.003985 909
0.003986 909
0.003987 909
0.003988 909
0.003989 909
0.00399 909
0.003991 910
0.003992 910
0.003993 910
0.003994 910
0.003995 910
0.003996 910
0.003997 910
0.003998 909
0.003999 909
0.004 909
0.004001 909
0.004002 909
0.004003 909
0.004004 909
0.004005 909
0.004006 909
0.004007 909
0.004008 909
0.004009 909
0.00401 909
0.004011 909
0.004012 909
0.004013 909
0.004014 909
0.004015 909
0.004016 909
0.004017 910
0.004018 910
0.004019 910
0.00402 910
0.004021 910
0.004022 910
0.004023 910
0.004024 910
0.004025 910
0.004026 910
0.004027 910
0.004028 910
0.004029 910
0.00403 910
0.004031 910
0.004032 910
0.004033 910
0.004034 909
0.004035 909
0.004036 909
0.004037 909
0.004038 909
0.004039 909
0.00404 909
0.004041 909
0.004042 909
0.004043 908
0.004044 908
0.004045 908
0.004046 908
0.004047 908
0.004048 908
0.004049 908
0.00405 908
0.004051 908
0.004052 908
0.004053 908
0.004054 908
0.004055 908
0.004056 908
0.004057 908
0.004058 907
0.004059 907
0.00406 907
0.004061 907
0.004062 907
0.004063 908
0.004064 908
0.004065 908
0.004066 908
0.004067 908
0.004068 908
0.004069 908
0.00407 908
0.004071 908
0.004072 907
0.004073 907
0.004074 907
0.004075 907
0.004076 907
0.004077 907
0.004078 907
0.004079 907
0.00408 907
0.004081 907
0.004082 907
0.004083 906
0.004084 906
0.004085 906
0.004086 907
0.004087 908
0.004088 908
0.004089 908
0.00409 907
0.004091 907
0.004092 907
0.004093 907
0.004094 907
0.004095 907
0.004096 907
0.004097 907
0.004098 907
0.004099 907
0.0041 907
0.004101 907
0.004102 907
0.004103 907
0.004104 907
0.004105 908
0.004106 908
0.004107 908
0.004108 908
0.004109 908
0.00411 908
0.004111 908
0.004112 908
0.004113 908
0.004114 908
0.004115 908
0.004116 908
0.004117 908
0.004118 908
0.004119 908
0.00412 908
0.004121 908
0.004122 908
0.004123 908
0.004124 908
0.004125 908
0.004126 908
0.004127 909
0.004128 909
0.004129 909
0.00413 909
0.004131 909
0.004132 909
0.004133 909
0.004134 909
0.004135 910
0.004136 910
0.004137 910
0.004138 910
0.004139 910
0.00414 910
0.004141 910
0.004142 910
0.004143 910
0.004144 910
0.004145 910
0.004146 910
0.004147 910
0.004148 910
0.004149 910
0.00415 910
0.004151 910
0.004152 910
0.004153 910
0.004154 910
0.004155 910
0.004156 910
0.004157 910
0.004158 910
0.004159 910
0.00416 910
0.004161 911
0.004162 911
0.004163 910
0.004164 910
0.004165 910
0.004166 910
0.004167 910
0.004168 910
0.004169 910
0.00417 910
0.004171 910
0.004172 910
0.004173 910
0.004174 910
0.004175 910
0.004176 910
0.004177 911
0.004178 911
0.004179 911
0.00418 912
0.004181 912
0.004182 912
0.004183 912
0.004184 912
0.004185 912
0.004186 911
0.004187 910
0.004188 910
0.004189 910
0.00419 910
0.004191 910
0.004192 910
0.004193 910
0.004194 910
0.004195 909
0.004196 909
0.004197 909
0.004198 909
0.004199 909
0.0042 909
0.004201 909
0.004202 909
0.004203 909
0.004204 908
0.004205 908
0.004206 908
0.004207 908
0.004208 908
0.004209 908
0.00421 908
0.004211 908
0.004212 908
0.004213 908
0.004214 909
0.004215 909
0.004216 909
0.004217 910
0.004218 911
0.004219 911
0.00422 911
0.004221 911
0.004222 911
0.004223 910
0.004224 910
0.004225 910
0.004226 910
0.004227 909
0.004228 909
0.004229 909
0.00423 909
0.004231 908
0.004232 908
0.004233 908
0.004234 908
0.004235 909
0.004236 908
0.004237 908
0.004238 908
0.004239 908
0.00424 909
0.004241 909
0.004242 909
0.004243 909
0.004244 909
0.004245 909
0.004246 909
0.004247 909
0.004248 908
0.004249 908
0.00425 907
0.004251 907
0.004252 907
0.004253 907
0.004254 907
0.004255 907
0.004256 907
0.004257 907
0.004258 907
0.004259 907
0.00426 907
0.004261 907
0.004262 907
0.004263 907
0.004264 906
0.004265 906
0.004266 906
0.004267 906
0.004268 906
0.004269 905
0.00427 905
0.004271 905
0.004272 905
0.004273 906
0.004274 906
0.004275 906
0.004276 906
0.004277 906
0.004278 906
0.004279 906
0.00428 906
0.004281 906
0.004282 906
0.004283 906
0.004284 906
0.004285 906
0.004286 905
0.004287 905
0.004288 905
0.004289 905
0.00429 905
0.004291 905
0.004292 905
0.004293 906
0.004294 905
0.004295 905
0.004296 905
0.004297 905
0.004298 904
0.004299 905
0.0043 905
0.004301 904
0.004302 904
0.004303 904
0.004304 904
0.004305 904
0.004306 904
0.004307 904
0.004308 903
0.004309 903
0.00431 902
0.004311 902
0.004312 901
0.004313 901
0.004314 901
0.004315 901
0.004316 901
0.004317 901
0.004318 901
0.004319 901
0.00432 901
0.004321 899
0.004322 899
0.004323 899
0.004324 899
0.004325 899
0.004326 899
0.004327 899
0.004328 899
0.004329 899
0.00433 899
0.004331 899
0.004332 898
0.004333 898
0.004334 898
0.004335 898
0.004336 898
0.004337 898
0.004338 898
0.004339 898
0.00434 898
0.004341 897
0.004342 897
0.004343 897
0.004344 897
0.004345 896
0.004346 896
0.004347 896
0.004348 897
0.004349 897
0.00435 896
0.004351 896
0.004352 896
0.004353 896
0.004354 896
0.004355 896
0.004356 896
0.004357 896
0.004358 896
0.004359 896
0.00436 896
0.004361 897
0.004362 897
0.004363 897
0.004364 897
0.004365 897
0.004366 897
0.004367 897
0.004368 898
0.004369 898
0.00437 898
0.004371 898
0.004372 898
0.004373 898
0.004374 898
0.004375 898
0.004376 898
0.004377 898
0.004378 898
0.004379 898
0.00438 898
0.004381 898
0.004382 898
0.004383 899
0.004384 899
0.004385 899
0.004386 899
0.004387 899
0.004388 899
0.004389 899
0.00439 899
0.004391 900
0.004392 900
0.004393 900
0.004394 901
0.004395 901
0.004396 901
0.004397 901
0.004398 901
0.004399 901
0.0044 901
0.004401 901
0.004402 901
0.004403 901
0.004404 901
0.004405 901
0.004406 901
0.004407 901
0.004408 901
0.004409 901
0.00441 902
0.004411 902
0.004412 902
0.004413 902
0.004414 902
0.004415 902
0.004416 902
0.004417 903
0.004418 903
0.004419 903
0.00442 903
0.004421 903
0.004422 904
0.004423 904
0.004424 904
0.004425 904
0.004426 904
0.004427 904
0.004428 904
0.004429 904
0.00443 906
0.004431 906
0.004432 906
0.004433 906
0.004434 906
0.004435 906
0.004436 906
0.004437 906
0.004438 906
0.004439 906
0.00444 906
0.004441 906
0.004442 906
0.004443 906
0.004444 906
0.004445 905
0.004446 905
0.004447 905
0.004448 905
0.004449 905
0.00445 905
0.004451 905
0.004452 905
0.004453 905
0.004454 905
0.004455 905
0.004456 905
0.004457 905
0.004458 905
0.004459 905
0.00446 905
0.004461 905
0.004462 905
0.004463 904
0.004464 904
0.004465 904
0.004466 904
0.004467 904
0.004468 904
0.004469 904
0.00447 904
0.004471 903
0.004472 903
0.004473 903
0.004474 902
0.004475 902
0.004476 902
0.004477 902
0.004478 902
0.004479 902
0.00448 902
0.004481 902
0.004482 902
0.004483 903
0.004484 904
0.004485 904
0.004486 904
0.004487 904
0.004488 903
0.004489 903
0.00449 903
0.004491 904
0.004492 904
0.004493 904
0.004494 904
0.004495 904
0.004496 904
0.004497 904
0.004498 904
0.004499 904
0.0045 904
0.004501 904
0.004502 904
0.004503 904
0.004504 904
0.004505 904
0.004506 904
0.004507 905
0.004508 905
0.004509 906
0.00451 907
0.004511 907
0.004512 907
0.004513 907
0.004514 907
0.004515 907
0.004516 908
0.004517 908
0.004518 908
0.004519 907
0.00452 907
0.004521 907
0.004522 907
0.004523 907
0.004524 907
0.004525 907
0.004526 907
0.004527 907
0.004528 907
0.004529 907
0.00453 907
0.004531 907
0.004532 908
0.004533 908
0.004534 908
0.004535 908
0.004536 908
0.004537 908
0.004538 908
0.004539 908
0.00454 908
0.004541 908
0.004542 908
0.004543 908
0.004544 907
0.004545 907
0.004546 907
0.004547 908
0.004548 908
0.004549 908
0.00455 908
0.004551 908
0.004552 908
0.004553 908
0.004554 908
0.004555 908
0.004556 908
0.004557 908
0.004558 908
0.004559 908
0.00456 909
0.004561 909
0.004562 909
0.004563 909
0.004564 910
0.004565 910
0.004566 910
0.004567 909
0.004568 909
0.004569 909
0.00457 909
0.004571 909
0.004572 909
0.004573 909
0.004574 909
0.004575 908
0.004576 907
0.004577 907
0.004578 907
0.004579 907
0.00458 907
0.004581 907
0.004582 907
0.004583 907
0.004584 907
0.004585 907
0.004586 907
0.004587 907
0.004588 906
0.004589 906
0.00459 906
0.004591 905
0.004592 905
0.004593 905
0.004594 905
0.004595 905
0.004596 905
0.004597 905
0.004598 905
0.004599 905
0.0046 905
0.004601 905
0.004602 905
0.004603 904
0.004604 904
0.004605 904
0.004606 904
0.004607 904
0.004608 904
0.004609 905
0.00461 905
0.004611 905
0.004612 905
0.004613 905
0.004614 905
0.004615 906
0.004616 906
0.004617 905
0.004618 905
0.004619 905
0.00462 904
0.004621 904
0.004622 904
0.004623 904
0.004624 904
0.004625 904
0.004626 904
0.004627 904
0.004628 904
0.004629 904
0.00463 904
0.004631 904
0.004632 904
0.004633 904
0.004634 904
0.004635 904
0.004636 904
0.004637 904
0.004638 904
0.004639 905
0.00464 905
0.004641 904
0.004642 904
0.004643 904
0.004644 904
0.004645 904
0.004646 904
0.004647 904
0.004648 904
0.004649 904
0.00465 904
0.004651 904
0.004652 904
0.004653 902
0.004654 902
0.004655 902
0.004656 903
0.004657 903
0.004658 903
0.004659 903
0.00466 903
0.004661 903
0.004662 903
0.004663 903
0.004664 903
0.004665 903
0.004666 903
0.004667 903
0.004668 903
0.004669 903
0.00467 903
0.004671 903
0.004672 902
0.004673 902
0.004674 903
0.004675 903
0.004676 903
0.004677 903
0.004678 903
0.004679 903
0.00468 903
0.004681 903
0.004682 903
0.004683 903
0.004684 903
0.004685 903
0.004686 903
0.004687 903
0.004688 903
0.004689 903
0.00469 903
0.004691 903
0.004692 903
0.004693 903
0.004694 903
0.004695 903
0.004696 903
0.004697 903
0.004698 903
0.004699 903
0.0047 903
0.004701 903
0.004702 903
0.004703 903
0.004704 902
0.004705 902
0.004706 902
0.004707 902
0.004708 902
0.004709 902
0.00471 902
0.004711 902
0.004712 903
0.004713 903
0.004714 903
0.004715 903
0.004716 903
0.004717 903
0.004718 903
0.004719 903
0.00472 903
0.004721 903
0.004722 903
0.004723 903
0.004724 903
0.004725 902
0.004726 902
0.004727 902
0.004728 902
0.004729 902
0.00473 902
0.004731 902
0.004732 902
0.004733 902
0.004734 902
0.004735 902
0.004736 902
0.004737 902
0.004738 901
0.004739 900
0.00474 900
0.004741 900
0.004742 901
0.004743 901
0.004744 901
0.004745 901
0.004746 901
0.004747 901
0.004748 901
0.004749 901
0.00475 901
0.004751 901
0.004752 901
0.004753 901
0.004754 901
0.004755 901
0.004756 901
0.004757 901
0.004758 901
0.004759 900
0.00476 900
0.004761 900
0.004762 900
0.004763 900
0.004764 899
0.004765 899
0.004766 900
0.004767 900
0.004768 900
0.004769 900
0.00477 900
0.004771 900
0.004772 900
0.004773 900
0.004774 900
0.004775 900
0.004776 901
0.004777 901
0.004778 901
0.004779 901
0.00478 901
0.004781 900
0.004782 900
0.004783 900
0.004784 900
0.004785 900
0.004786 900
0.004787 900
0.004788 900
0.004789 900
0.00479 900
0.004791 900
0.004792 900
0.004793 900
0.004794 900
0.004795 900
0.004796 900
0.004797 901
0.004798 902
0.004799 902
0.0048 902
0.004801 902
0.004802 902
0.004803 902
0.004804 901
0.004805 901
0.004806 901
0.004807 901
0.004808 901
0.004809 901
0.00481 901
0.004811 901
0.004812 901
0.004813 901
0.004814 901
0.004815 901
0.004816 901
0.004817 902
0.004818 902
0.004819 902
0.00482 902
0.004821 902
0.004822 902
0.004823 902
0.004824 902
0.004825 902
0.004826 902
0.004827 902
0.004828 901
0.004829 901
0.00483 901
0.004831 901
0.004832 901
0.004833 901
0.004834 901
0.004835 901
0.004836 901
0.004837 901
0.004838 901
0.004839 901
0.00484 901
0.004841 901
0.004842 901
0.004843 901
0.004844 900
0.004845 900
0.004846 900
0.004847 899
0.004848 899
0.004849 899
0.00485 899
0.004851 899
0.004852 899
0.004853 899
0.004854 899
0.004855 899
0.004856 899
0.004857 900
0.004858 899
0.004859 899
0.00486 899
0.004861 899
0.004862 899
0.004863 899
0.004864 899
0.004865 899
0.004866 899
0.004867 899
0.004868 899
0.004869 900
0.00487 900
0.004871 900
0.004872 900
0.004873 900
0.004874 900
0.004875 900
0.004876 899
0.004877 899
0.004878 899
0.004879 899
0.00488 899
0.004881 899
0.004882 899
0.004883 899
0.004884 899
0.004885 899
0.004886 898
0.004887 898
0.004888 898
0.004889 898
0.00489 898
0.004891 898
0.004892 898
0.004893 898
0.004894 899
0.004895 899
0.004896 899
0.004897 899
0.004898 899
0.004899 898
0.0049 898
0.004901 898
0.004902 899
0.004903 899
0.004904 899
0.004905 900
0.004906 900
0.004907 900
0.004908 900
0.004909 900
0.00491 900
0.004911 900
0.004912 900
0.004913 900
0.004914 900
0.004915 900
0.004916 900
0.004917 900
0.004918 899
0.004919 898
0.00492 898
0.004921 898
0.004922 897
0.004923 897
0.004924 897
0.004925 897
0.004926 897
0.004927 897
0.004928 897
0.004929 897
0.00493 897
0.004931 897
0.004932 897
0.004933 897
0.004934 897
0.004935 897
0.004936 897
0.004937 897
0.004938 897
0.004939 897
0.00494 897
0.004941 897
0.004942 897
0.004943 897
0.004944 896
0.004945 896
0.004946 896
0.004947 896
0.004948 896
0.004949 896
0.00495 896
0.004951 896
0.004952 896
0.004953 896
0.004954 896
0.004955 896
0.004956 896
0.004957 896
0.004958 896
0.004959 896
0.00496 896
0.004961 896
0.004962 897
0.004963 897
0.004964 897
0.004965 897
0.004966 898
0.004967 898
0.004968 898
0.004969 898
0.00497 898
0.004971 898
0.004972 898
0.004973 898
0.004974 898
0.004975 897
0.004976 897
0.004977 897
0.004978 897
0.004979 896
0.00498 896
0.004981 896
0.004982 896
0.004983 896
0.004984 896
0.004985 896
0.004986 896
0.004987 895
0.004988 895
0.004989 894
0.00499 894
0.004991 893
0.004992 893
0.004993 893
0.004994 893
0.004995 892
0.004996 892
0.004997 892
0.004998 892
0.004999 892
0.005 892
