0 1217
1e-06 1216
2e-06 1216
3e-06 1215
4e-06 1215
5e-06 1213
6e-06 1210
7e-06 1209
8e-06 1209
9e-06 1208
1e-05 1200
1.1e-05 1199
1.2e-05 1195
1.3e-05 1195
1.4e-05 1194
1.5e-05 1192
1.6e-05 1191
1.7e-05 1191
1.8e-05 1189
1.9e-05 1190
2e-05 1191
2.1e-05 1189
2.2e-05 1189
2.3e-05 1189
2.4e-05 1185
2.5e-05 1185
2.6e-05 1185
2.7e-05 1183
2.8e-05 1182
2.9e-05 1181
3e-05 1179
3.1e-05 1179
3.2e-05 1178
3.3e-05 1178
3.4e-05 1176
3.5e-05 1175
3.6e-05 1177
3.7e-05 1172
3.8e-05 1170
3.9e-05 1170
4e-05 1171
4.1e-05 1169
4.2e-05 1169
4.3e-05 1167
4.4e-05 1167
4.5e-05 1164
4.6e-05 1165
4.7e-05 1165
4.8e-05 1165
4.9e-05 1163
5e-05 1162
5.1e-05 1160
5.2e-05 1160
5.3e-05 1158
5.4e-05 1158
5.5e-05 1155
5.6e-05 1155
5.7e-05 1154
5.8e-05 1154
5.9e-05 1151
6e-05 1150
6.1e-05 1148
6.2e-05 1148
6.3e-05 1145
6.4e-05 1144
6.5e-05 1142
6.6e-05 1139
6.7e-05 1136
6.8e-05 1138
6.9e-05 1136
7e-05 1133
7.1e-05 1129
7.2e-05 1128
7.3e-05 1128
7.4e-05 1128
7.5e-05 1127
7.6e-05 1126
7.7e-05 1125
7.8e-05 1125
7.9e-05 1124
8e-05 1123
8.1e-05 1122
8.2e-05 1121
8.3e-05 1117
8.4e-05 1117
8.5e-05 1116
8.6e-05 1113
8.7e-05 1112
8.8e-05 1114
8.9e-05 1113
9e-05 1112
9.1e-05 1110
9.2e-05 1112
9.3e-05 1110
9.4e-05 1109
9.5e-05 1107
9.6e-05 1106
9.7e-05 1104
9.8e-05 1105
9.9e-05 1105
0.0001 1104
0.000101 1102
0.000102 1101
0.000103 1101
0.000104 1100
0.000105 1099
0.000106 1099
0.000107 1098
0.000108 1098
0.000109 1095
0.00011 1094
0.000111 1094
0.000112 1094
0.000113 1094
0.000114 1094
0.000115 1093
0.000116 1093
0.000117 1090
0.000118 1086
0.000119 1086
0.00012 1086
0.000121 1087
0.000122 1086
0.000123 1085
0.000124 1085
0.000125 1084
0.000126 1083
0.000127 1082
0.000128 1081
0.000129 1080
0.00013 1077
0.000131 1078
0.000132 1078
0.000133 1077
0.000134 1077
0.000135 1077
0.000136 1077
0.000137 1076
0.000138 1075
0.000139 1074
0.00014 1074
0.000141 1074
0.000142 1073
0.000143 1072
0.000144 1073
0.000145 1072
0.000146 1071
0.000147 1071
0.000148 1073
0.000149 1074
0.00015 1074
0.000151 1073
0.000152 1073
0.000153 1070
0.000154 1070
0.000155 1068
0.000156 1069
0.000157 1067
0.000158 1066
0.000159 1066
0.00016 1067
0.000161 1068
0.000162 1067
0.000163 1065
0.000164 1064
0.000165 1063
0.000166 1063
0.000167 1063
0.000168 1063
0.000169 1063
0.00017 1063
0.000171 1063
0.000172 1062
0.000173 1060
0.000174 1059
0.000175 1058
0.000176 1059
0.000177 1058
0.000178 1055
0.000179 1055
0.00018 1055
0.000181 1052
0.000182 1052
0.000183 1054
0.000184 1054
0.000185 1053
0.000186 1052
0.000187 1052
0.000188 1052
0.000189 1052
0.00019 1051
0.000191 1051
0.000192 1051
0.000193 1049
0.000194 1048
0.000195 1047
0.000196 1046
0.000197 1046
0.000198 1047
0.000199 1044
0.0002 1044
0.000201 1044
0.000202 1044
0.000203 1043
0.000204 1042
0.000205 1042
0.000206 1042
0.000207 1041
0.000208 1041
0.000209 1040
0.00021 1040
0.000211 1040
0.000212 1040
0.000213 1040
0.000214 1040
0.000215 1041
0.000216 1041
0.000217 1041
0.000218 1040
0.000219 1037
0.00022 1037
0.000221 1035
0.000222 1033
0.000223 1033
0.000224 1033
0.000225 1033
0.000226 1033
0.000227 1032
0.000228 1031
0.000229 1029
0.00023 1028
0.000231 1028
0.000232 1028
0.000233 1027
0.000234 1027
0.000235 1027
0.000236 1028
0.000237 1027
0.000238 1026
0.000239 1027
0.00024 1024
0.000241 1024
0.000242 1024
0.000243 1023
0.000244 1023
0.000245 1022
0.000246 1022
0.000247 1022
0.000248 1022
0.000249 1022
0.00025 1022
0.000251 1022
0.000252 1022
0.000253 1023
0.000254 1022
0.000255 1022
0.000256 1023
0.000257 1023
0.000258 1022
0.000259 1021
0.00026 1021
0.000261 1021
0.000262 1019
0.000263 1019
0.000264 1019
0.000265 1018
0.000266 1019
0.000267 1019
0.000268 1017
0.000269 1017
0.00027 1016
0.000271 1016
0.000272 1016
0.000273 1016
0.000274 1016
0.000275 1015
0.000276 1015
0.000277 1015
0.000278 1015
0.000279 1016
0.00028 1015
0.000281 1016
0.000282 1017
0.000283 1016
0.000284 1016
0.000285 1016
0.000286 1016
0.000287 1016
0.000288 1017
0.000289 1017
0.00029 1017
0.000291 1017
0.000292 1016
0.000293 1016
0.000294 1016
0.000295 1017
0.000296 1016
0.000297 1017
0.000298 1017
0.000299 1016
0.0003 1016
0.000301 1015
0.000302 1014
0.000303 1013
0.000304 1012
0.000305 1012
0.000306 1013
0.000307 1013
0.000308 1013
0.000309 1013
0.00031 1011
0.000311 1011
0.000312 1011
0.000313 1011
0.000314 1011
0.000315 1010
0.000316 1010
0.000317 1010
0.000318 1009
0.000319 1009
0.00032 1008
0.000321 1008
0.000322 1008
0.000323 1008
0.000324 1009
0.000325 1009
0.000326 1009
0.000327 1008
0.000328 1008
0.000329 1008
0.00033 1006
0.000331 1006
0.000332 1006
0.000333 1006
0.000334 1006
0.000335 1006
0.000336 1006
0.000337 1006
0.000338 1006
0.000339 1006
0.00034 1005
0.000341 1005
0.000342 1005
0.000343 1005
0.000344 1005
0.000345 1004
0.000346 1004
0.000347 1004
0.000348 1005
0.000349 1005
0.00035 1005
0.000351 1005
0.000352 1005
0.000353 1005
0.000354 1005
0.000355 1005
0.000356 1004
0.000357 1002
0.000358 1002
0.000359 1001
0.00036 1000
0.000361 999
0.000362 999
0.000363 999
0.000364 999
0.000365 999
0.000366 999
0.000367 999
0.000368 999
0.000369 1000
0.00037 1000
0.000371 1001
0.000372 1001
0.000373 1001
0.000374 1002
0.000375 1002
0.000376 1002
0.000377 1001
0.000378 1001
0.000379 1001
0.00038 1002
0.000381 1002
0.000382 1002
0.000383 1002
0.000384 1002
0.000385 1002
0.000386 1002
0.000387 1001
0.000388 1001
0.000389 1000
0.00039 1001
0.000391 1000
0.000392 1000
0.000393 1000
0.000394 1000
0.000395 1001
0.000396 1001
0.000397 1001
0.000398 1001
0.000399 1001
0.0004 1001
0.000401 1001
0.000402 1001
0.000403 1001
0.000404 1001
0.000405 1001
0.000406 1002
0.000407 1001
0.000408 1001
0.000409 1001
0.00041 1001
0.000411 1000
0.000412 1000
0.000413 1000
0.000414 1000
0.000415 1000
0.000416 1000
0.000417 1000
0.000418 999
0.000419 999
0.00042 999
0.000421 999
0.000422 999
0.000423 1000
0.000424 1000
0.000425 1000
0.000426 1000
0.000427 1000
0.000428 1000
0.000429 1000
0.00043 1000
0.000431 1000
0.000432 1000
0.000433 1000
0.000434 998
0.000435 998
0.000436 999
0.000437 1000
0.000438 1001
0.000439 1002
0.00044 1002
0.000441 1002
0.000442 1002
0.000443 1002
0.000444 1001
0.000445 1002
0.000446 1002
0.000447 1001
0.000448 1001
0.000449 1001
0.00045 1001
0.000451 1001
0.000452 1001
0.000453 1000
0.000454 1000
0.000455 1000
0.000456 1000
0.000457 1000
0.000458 999
0.000459 999
0.00046 999
0.000461 999
0.000462 999
0.000463 998
0.000464 997
0.000465 997
0.000466 997
0.000467 997
0.000468 997
0.000469 997
0.00047 997
0.000471 997
0.000472 997
0.000473 997
0.000474 997
0.000475 997
0.000476 997
0.000477 997
0.000478 996
0.000479 996
0.00048 996
0.000481 996
0.000482 996
0.000483 996
0.000484 997
0.000485 997
0.000486 997
0.000487 997
0.000488 997
0.000489 997
0.00049 997
0.000491 997
0.000492 997
0.000493 996
0.000494 996
0.000495 996
0.000496 995
0.000497 995
0.000498 995
0.000499 995
0.0005 995
0.000501 996
0.000502 996
0.000503 996
0.000504 996
0.000505 996
0.000506 996
0.000507 996
0.000508 996
0.000509 996
0.00051 996
0.000511 996
0.000512 995
0.000513 995
0.000514 995
0.000515 995
0.000516 995
0.000517 995
0.000518 994
0.000519 993
0.00052 993
0.000521 994
0.000522 995
0.000523 995
0.000524 995
0.000525 995
0.000526 995
0.000527 995
0.000528 995
0.000529 995
0.00053 995
0.000531 995
0.000532 995
0.000533 995
0.000534 995
0.000535 995
0.000536 994
0.000537 994
0.000538 994
0.000539 994
0.00054 994
0.000541 994
0.000542 994
0.000543 994
0.000544 994
0.000545 994
0.000546 994
0.000547 994
0.000548 994
0.000549 994
0.00055 994
0.000551 994
0.000552 994
0.000553 994
0.000554 993
0.000555 993
0.000556 993
0.000557 993
0.000558 993
0.000559 993
0.00056 993
0.000561 993
0.000562 993
0.000563 993
0.000564 993
0.000565 993
0.000566 993
0.000567 993
0.000568 993
0.000569 993
0.00057 993
0.000571 993
0.000572 992
0.000573 992
0.000574 992
0.000575 992
0.000576 992
0.000577 992
0.000578 992
0.000579 992
0.00058 993
0.000581 993
0.000582 993
0.000583 993
0.000584 993
0.000585 993
0.000586 993
0.000587 993
0.000588 993
0.000589 993
0.00059 993
0.000591 993
0.000592 993
0.000593 993
0.000594 993
0.000595 993
0.000596 993
0.000597 993
0.000598 993
0.000599 994
0.0006 994
0.000601 992
0.000602 992
0.000603 992
0.000604 992
0.000605 992
0.000606 992
0.000607 991
0.000608 991
0.000609 991
0.00061 991
0.000611 991
0.000612 992
0.000613 992
0.000614 992
0.000615 992
0.000616 992
0.000617 992
0.000618 992
0.000619 992
0.00062 992
0.000621 992
0.000622 992
0.000623 992
0.000624 992
0.000625 992
0.000626 992
0.000627 992
0.000628 992
0.000629 992
0.00063 992
0.000631 992
0.000632 992
0.000633 992
0.000634 993
0.000635 992
0.000636 992
0.000637 992
0.000638 992
0.000639 992
0.00064 992
0.000641 992
0.000642 991
0.000643 991
0.000644 990
0.000645 990
0.000646 990
0.000647 990
0.000648 990
0.000649 990
0.00065 990
0.000651 990
0.000652 990
0.000653 990
0.000654 990
0.000655 990
0.000656 990
0.000657 990
0.000658 990
0.000659 990
0.00066 991
0.000661 991
0.000662 991
0.000663 991
0.000664 991
0.000665 991
0.000666 991
0.000667 991
0.000668 990
0.000669 990
0.00067 990
0.000671 990
0.000672 990
0.000673 990
0.000674 990
0.000675 990
0.000676 990
0.000677 990
0.000678 990
0.000679 990
0.00068 990
0.000681 990
0.000682 990
0.000683 990
0.000684 990
0.000685 990
0.000686 989
0.000687 989
0.000688 989
0.000689 989
0.00069 989
0.000691 989
0.000692 989
0.000693 989
0.000694 989
0.000695 989
0.000696 988
0.000697 988
0.000698 988
0.000699 988
0.0007 987
0.000701 987
0.000702 987
0.000703 987
0.000704 987
0.000705 987
0.000706 987
0.000707 987
0.000708 987
0.000709 987
0.00071 987
0.000711 987
0.000712 987
0.000713 987
0.000714 986
0.000715 986
0.000716 986
0.000717 986
0.000718 986
0.000719 986
0.00072 986
0.000721 986
0.000722 986
0.000723 986
0.000724 987
0.000725 987
0.000726 987
0.000727 987
0.000728 987
0.000729 987
0.00073 987
0.000731 987
0.000732 986
0.000733 986
0.000734 986
0.000735 986
0.000736 986
0.000737 986
0.000738 986
0.000739 986
0.00074 986
0.000741 986
0.000742 985
0.000743 985
0.000744 985
0.000745 985
0.000746 985
0.000747 985
0.000748 985
0.000749 985
0.00075 985
0.000751 984
0.000752 984
0.000753 984
0.000754 984
0.000755 984
0.000756 984
0.000757 984
0.000758 984
0.000759 984
0.00076 984
0.000761 984
0.000762 984
0.000763 984
0.000764 983
0.000765 983
0.000766 983
0.000767 983
0.000768 983
0.000769 982
0.00077 982
0.000771 982
0.000772 982
0.000773 982
0.000774 982
0.000775 982
0.000776 982
0.000777 982
0.000778 982
0.000779 982
0.00078 982
0.000781 982
0.000782 982
0.000783 982
0.000784 982
0.000785 982
0.000786 982
0.000787 982
0.000788 982
0.000789 982
0.00079 982
0.000791 982
0.000792 982
0.000793 982
0.000794 982
0.000795 983
0.000796 983
0.000797 983
0.000798 983
0.000799 983
0.0008 983
0.000801 983
0.000802 983
0.000803 983
0.000804 983
0.000805 983
0.000806 983
0.000807 983
0.000808 983
0.000809 983
0.00081 983
0.000811 983
0.000812 983
0.000813 983
0.000814 983
0.000815 983
0.000816 983
0.000817 983
0.000818 983
0.000819 983
0.00082 983
0.000821 983
0.000822 983
0.000823 983
0.000824 983
0.000825 983
0.000826 983
0.000827 983
0.000828 983
0.000829 983
0.00083 983
0.000831 983
0.000832 983
0.000833 983
0.000834 983
0.000835 983
0.000836 983
0.000837 983
0.000838 983
0.000839 983
0.00084 983
0.000841 983
0.000842 983
0.000843 983
0.000844 983
0.000845 983
0.000846 983
0.000847 982
0.000848 982
0.000849 982
0.00085 982
0.000851 982
0.000852 982
0.000853 982
0.000854 982
0.000855 982
0.000856 982
0.000857 982
0.000858 982
0.000859 982
0.00086 982
0.000861 982
0.000862 982
0.000863 982
0.000864 982
0.000865 982
0.000866 982
0.000867 982
0.000868 982
0.000869 982
0.00087 982
0.000871 982
0.000872 982
0.000873 982
0.000874 982
0.000875 982
0.000876 982
0.000877 982
0.000878 983
0.000879 983
0.00088 984
0.000881 984
0.000882 984
0.000883 984
0.000884 984
0.000885 984
0.000886 984
0.000887 984
0.000888 984
0.000889 984
0.00089 984
0.000891 984
0.000892 984
0.000893 984
0.000894 984
0.000895 984
0.000896 984
0.000897 984
0.000898 984
0.000899 984
0.0009 984
0.000901 984
0.000902 983
0.000903 983
0.000904 983
0.000905 983
0.000906 983
0.000907 983
0.000908 983
0.000909 983
0.00091 983
0.000911 982
0.000912 982
0.000913 982
0.000914 982
0.000915 982
0.000916 982
0.000917 982
0.000918 982
0.000919 982
0.00092 982
0.000921 982
0.000922 982
0.000923 982
0.000924 982
0.000925 982
0.000926 982
0.000927 982
0.000928 982
0.000929 982
0.00093 982
0.000931 982
0.000932 982
0.000933 982
0.000934 983
0.000935 983
0.000936 983
0.000937 983
0.000938 983
0.000939 983
0.00094 983
0.000941 982
0.000942 981
0.000943 981
0.000944 981
0.000945 981
0.000946 981
0.000947 981
0.000948 981
0.000949 981
0.00095 981
0.000951 981
0.000952 981
0.000953 981
0.000954 981
0.000955 981
0.000956 981
0.000957 981
0.000958 981
0.000959 981
0.00096 981
0.000961 981
0.000962 981
0.000963 981
0.000964 981
0.000965 981
0.000966 981
0.000967 982
0.000968 982
0.000969 982
0.00097 981
0.000971 981
0.000972 980
0.000973 980
0.000974 980
0.000975 980
0.000976 980
0.000977 980
0.000978 980
0.000979 980
0.00098 980
0.000981 980
0.000982 980
0.000983 980
0.000984 980
0.000985 980
0.000986 980
0.000987 979
0.000988 979
0.000989 979
0.00099 979
0.000991 979
0.000992 979
0.000993 979
0.000994 979
0.000995 979
0.000996 979
0.000997 979
0.000998 979
0.000999 979
0.001 979
0.001001 979
0.001002 979
0.001003 979
0.001004 979
0.001005 979
0.001006 979
0.001007 979
0.001008 979
0.001009 979
0.00101 979
0.001011 979
0.001012 979
0.001013 979
0.001014 979
0.001015 979
0.001016 979
0.001017 979
0.001018 979
0.001019 979
0.00102 979
0.001021 979
0.001022 979
0.001023 979
0.001024 979
0.001025 979
0.001026 979
0.001027 979
0.001028 979
0.001029 979
0.00103 979
0.001031 979
0.001032 979
0.001033 979
0.001034 979
0.001035 979
0.001036 979
0.001037 979
0.001038 979
0.001039 979
0.00104 979
0.001041 979
0.001042 979
0.001043 979
0.001044 979
0.001045 978
0.001046 978
0.001047 978
0.001048 978
0.001049 978
0.00105 978
0.001051 978
0.001052 978
0.001053 978
0.001054 978
0.001055 978
0.001056 978
0.001057 978
0.001058 978
0.001059 978
0.00106 978
0.001061 978
0.001062 978
0.001063 978
0.001064 978
0.001065 978
0.001066 978
0.001067 978
0.001068 978
0.001069 978
0.00107 978
0.001071 978
0.001072 978
0.001073 978
0.001074 978
0.001075 978
0.001076 978
0.001077 978
0.001078 978
0.001079 977
0.00108 977
0.001081 977
0.001082 977
0.001083 977
0.001084 977
0.001085 977
0.001086 977
0.001087 977
0.001088 977
0.001089 977
0.00109 977
0.001091 977
0.001092 977
0.001093 977
0.001094 977
0.001095 977
0.001096 977
0.001097 977
0.001098 977
0.001099 977
0.0011 977
0.001101 977
0.001102 977
0.001103 977
0.001104 977
0.001105 977
0.001106 977
0.001107 977
0.001108 977
0.001109 977
0.00111 977
0.001111 977
0.001112 977
0.001113 977
0.001114 977
0.001115 978
0.001116 978
0.001117 978
0.001118 978
0.001119 978
0.00112 978
0.001121 978
0.001122 978
0.001123 978
0.001124 979
0.001125 979
0.001126 979
0.001127 979
0.001128 978
0.001129 978
0.00113 978
0.001131 978
0.001132 978
0.001133 978
0.001134 979
0.001135 980
0.001136 980
0.001137 979
0.001138 979
0.001139 979
0.00114 979
0.001141 979
0.001142 979
0.001143 979
0.001144 979
0.001145 979
0.001146 979
0.001147 979
0.001148 979
0.001149 979
0.00115 980
0.001151 980
0.001152 980
0.001153 980
0.001154 980
0.001155 980
0.001156 980
0.001157 980
0.001158 980
0.001159 980
0.00116 980
0.001161 980
0.001162 980
0.001163 980
0.001164 980
0.001165 980
0.001166 980
0.001167 980
0.001168 980
0.001169 980
0.00117 980
0.001171 980
0.001172 980
0.001173 980
0.001174 980
0.001175 980
0.001176 980
0.001177 980
0.001178 981
0.001179 981
0.00118 981
0.001181 981
0.001182 981
0.001183 981
0.001184 981
0.001185 981
0.001186 981
0.001187 981
0.001188 981
0.001189 981
0.00119 981
0.001191 981
0.001192 981
0.001193 981
0.001194 981
0.001195 981
0.001196 981
0.001197 981
0.001198 981
0.001199 981
0.0012 981
0.001201 981
0.001202 981
0.001203 981
0.001204 980
0.001205 980
0.001206 980
0.001207 980
0.001208 980
0.001209 980
0.00121 980
0.001211 980
0.001212 980
0.001213 981
0.001214 980
0.001215 980
0.001216 980
0.001217 980
0.001218 980
0.001219 980
0.00122 980
0.001221 980
0.001222 980
0.001223 980
0.001224 980
0.001225 981
0.001226 981
0.001227 981
0.001228 981
0.001229 981
0.00123 981
0.001231 981
0.001232 981
0.001233 980
0.001234 980
0.001235 980
0.001236 980
0.001237 979
0.001238 979
0.001239 979
0.00124 979
0.001241 979
0.001242 979
0.001243 979
0.001244 979
0.001245 979
0.001246 979
0.001247 979
0.001248 979
0.001249 979
0.00125 979
0.001251 979
0.001252 979
0.001253 979
0.001254 979
0.001255 978
0.001256 978
0.001257 978
0.001258 978
0.001259 978
0.00126 978
0.001261 978
0.001262 978
0.001263 978
0.001264 978
0.001265 978
0.001266 978
0.001267 978
0.001268 978
0.001269 978
0.00127 978
0.001271 978
0.001272 978
0.001273 978
0.001274 978
0.001275 978
0.001276 978
0.001277 978
0.001278 978
0.001279 978
0.00128 978
0.001281 978
0.001282 978
0.001283 978
0.001284 978
0.001285 979
0.001286 978
0.001287 978
0.001288 978
0.001289 978
0.00129 978
0.001291 978
0.001292 978
0.001293 978
0.001294 978
0.001295 979
0.001296 979
0.001297 979
0.001298 979
0.001299 978
0.0013 978
0.001301 978
0.001302 978
0.001303 978
0.001304 978
0.001305 978
0.001306 978
0.001307 978
0.001308 978
0.001309 978
0.00131 978
0.001311 978
0.001312 978
0.001313 978
0.001314 978
0.001315 978
0.001316 978
0.001317 978
0.001318 978
0.001319 977
0.00132 977
0.001321 977
0.001322 977
0.001323 977
0.001324 977
0.001325 977
0.001326 977
0.001327 977
0.001328 977
0.001329 977
0.00133 977
0.001331 977
0.001332 977
0.001333 977
0.001334 977
0.001335 977
0.001336 978
0.001337 978
0.001338 978
0.001339 978
0.00134 977
0.001341 977
0.001342 977
0.001343 977
0.001344 977
0.001345 977
0.001346 977
0.001347 977
0.001348 977
0.001349 977
0.00135 977
0.001351 977
0.001352 977
0.001353 977
0.001354 977
0.001355 977
0.001356 977
0.001357 977
0.001358 977
0.001359 977
0.00136 977
0.001361 977
0.001362 977
0.001363 977
0.001364 977
0.001365 977
0.001366 977
0.001367 977
0.001368 977
0.001369 977
0.00137 977
0.001371 977
0.001372 977
0.001373 977
0.001374 977
0.001375 978
0.001376 978
0.001377 978
0.001378 978
0.001379 978
0.00138 978
0.001381 978
0.001382 978
0.001383 978
0.001384 978
0.001385 979
0.001386 979
0.001387 979
0.001388 979
0.001389 979
0.00139 981
0.001391 981
0.001392 981
0.001393 981
0.001394 981
0.001395 981
0.001396 981
0.001397 981
0.001398 981
0.001399 981
0.0014 981
0.001401 981
0.001402 981
0.001403 981
0.001404 981
0.001405 981
0.001406 981
0.001407 981
0.001408 981
0.001409 981
0.00141 981
0.001411 981
0.001412 980
0.001413 980
0.001414 980
0.001415 980
0.001416 980
0.001417 980
0.001418 980
0.001419 980
0.00142 980
0.001421 980
0.001422 980
0.001423 980
0.001424 980
0.001425 980
0.001426 980
0.001427 980
0.001428 980
0.001429 980
0.00143 980
0.001431 980
0.001432 980
0.001433 980
0.001434 980
0.001435 980
0.001436 980
0.001437 980
0.001438 981
0.001439 981
0.00144 981
0.001441 981
0.001442 981
0.001443 981
0.001444 981
0.001445 981
0.001446 981
0.001447 981
0.001448 981
0.001449 982
0.00145 982
0.001451 982
0.001452 982
0.001453 982
0.001454 982
0.001455 982
0.001456 982
0.001457 982
0.001458 982
0.001459 982
0.00146 982
0.001461 982
0.001462 982
0.001463 982
0.001464 982
0.001465 982
0.001466 982
0.001467 982
0.001468 982
0.001469 982
0.00147 982
0.001471 982
0.001472 982
0.001473 982
0.001474 982
0.001475 982
0.001476 982
0.001477 981
0.001478 981
0.001479 981
0.00148 981
0.001481 981
0.001482 981
0.001483 981
0.001484 981
0.001485 981
0.001486 981
0.001487 981
0.001488 980
0.001489 980
0.00149 980
0.001491 980
0.001492 979
0.001493 979
0.001494 979
0.001495 979
0.001496 979
0.001497 979
0.001498 979
0.001499 979
0.0015 979
0.001501 979
0.001502 978
0.001503 978
0.001504 978
0.001505 978
0.001506 978
0.001507 978
0.001508 978
0.001509 978
0.00151 978
0.001511 978
0.001512 978
0.001513 978
0.001514 978
0.001515 978
0.001516 978
0.001517 978
0.001518 978
0.001519 978
0.00152 978
0.001521 978
0.001522 978
0.001523 978
0.001524 978
0.001525 978
0.001526 978
0.001527 978
0.001528 978
0.001529 978
0.00153 979
0.001531 979
0.001532 979
0.001533 979
0.001534 979
0.001535 979
0.001536 979
0.001537 979
0.001538 979
0.001539 979
0.00154 979
0.001541 979
0.001542 979
0.001543 979
0.001544 979
0.001545 979
0.001546 979
0.001547 979
0.001548 979
0.001549 979
0.00155 979
0.001551 979
0.001552 980
0.001553 980
0.001554 980
0.001555 980
0.001556 980
0.001557 980
0.001558 982
0.001559 982
0.00156 982
0.001561 982
0.001562 982
0.001563 982
0.001564 983
0.001565 983
0.001566 983
0.001567 983
0.001568 983
0.001569 983
0.00157 983
0.001571 983
0.001572 983
0.001573 983
0.001574 983
0.001575 983
0.001576 983
0.001577 983
0.001578 983
0.001579 983
0.00158 983
0.001581 983
0.001582 983
0.001583 983
0.001584 983
0.001585 983
0.001586 983
0.001587 983
0.001588 983
0.001589 983
0.00159 983
0.001591 983
0.001592 983
0.001593 983
0.001594 984
0.001595 984
0.001596 985
0.001597 985
0.001598 985
0.001599 985
0.0016 985
0.001601 985
0.001602 985
0.001603 985
0.001604 985
0.001605 985
0.001606 985
0.001607 985
0.001608 985
0.001609 985
0.00161 986
0.001611 986
0.001612 985
0.001613 984
0.001614 984
0.001615 984
0.001616 984
0.001617 984
0.001618 984
0.001619 984
0.00162 984
0.001621 984
0.001622 984
0.001623 984
0.001624 984
0.001625 984
0.001626 984
0.001627 984
0.001628 984
0.001629 984
0.00163 984
0.001631 984
0.001632 984
0.001633 985
0.001634 985
0.001635 985
0.001636 985
0.001637 985
0.001638 985
0.001639 985
0.00164 985
0.001641 985
0.001642 985
0.001643 985
0.001644 985
0.001645 985
0.001646 986
0.001647 986
0.001648 986
0.001649 986
0.00165 986
0.001651 986
0.001652 986
0.001653 986
0.001654 986
0.001655 986
0.001656 986
0.001657 986
0.001658 986
0.001659 986
0.00166 986
0.001661 985
0.001662 985
0.001663 985
0.001664 985
0.001665 985
0.001666 985
0.001667 985
0.001668 985
0.001669 985
0.00167 985
0.001671 985
0.001672 985
0.001673 985
0.001674 985
0.001675 985
0.001676 985
0.001677 985
0.001678 985
0.001679 985
0.00168 985
0.001681 984
0.001682 984
0.001683 984
0.001684 984
0.001685 984
0.001686 984
0.001687 984
0.001688 984
0.001689 984
0.00169 985
0.001691 985
0.001692 985
0.001693 985
0.001694 985
0.001695 985
0.001696 985
0.001697 985
0.001698 985
0.001699 985
0.0017 985
0.001701 984
0.001702 984
0.001703 984
0.001704 984
0.001705 984
0.001706 984
0.001707 984
0.001708 984
0.001709 984
0.00171 984
0.001711 984
0.001712 984
0.001713 984
0.001714 984
0.001715 984
0.001716 984
0.001717 984
0.001718 983
0.001719 983
0.00172 984
0.001721 984
0.001722 984
0.001723 984
0.001724 984
0.001725 984
0.001726 984
0.001727 984
0.001728 984
0.001729 984
0.00173 984
0.001731 984
0.001732 984
0.001733 984
0.001734 984
0.001735 984
0.001736 984
0.001737 984
0.001738 984
0.001739 984
0.00174 984
0.001741 984
0.001742 984
0.001743 984
0.001744 984
0.001745 984
0.001746 984
0.001747 985
0.001748 984
0.001749 984
0.00175 984
0.001751 984
0.001752 984
0.001753 984
0.001754 984
0.001755 985
0.001756 985
0.001757 985
0.001758 985
0.001759 985
0.00176 985
0.001761 985
0.001762 985
0.001763 985
0.001764 985
0.001765 985
0.001766 985
0.001767 985
0.001768 985
0.001769 985
0.00177 985
0.001771 985
0.001772 985
0.001773 985
0.001774 985
0.001775 985
0.001776 985
0.001777 985
0.001778 985
0.001779 985
0.00178 985
0.001781 985
0.001782 985
0.001783 985
0.001784 985
0.001785 985
0.001786 985
0.001787 985
0.001788 985
0.001789 985
0.00179 985
0.001791 985
0.001792 985
0.001793 985
0.001794 985
0.001795 985
0.001796 985
0.001797 985
0.001798 985
0.001799 985
0.0018 985
0.001801 985
0.001802 985
0.001803 985
0.001804 985
0.001805 985
0.001806 985
0.001807 985
0.001808 985
0.001809 985
0.00181 985
0.001811 985
0.001812 985
0.001813 985
0.001814 985
0.001815 986
0.001816 986
0.001817 986
0.001818 986
0.001819 986
0.00182 986
0.001821 986
0.001822 986
0.001823 986
0.001824 985
0.001825 985
0.001826 985
0.001827 985
0.001828 985
0.001829 985
0.00183 985
0.001831 985
0.001832 985
0.001833 985
0.001834 985
0.001835 985
0.001836 985
0.001837 985
0.001838 985
0.001839 985
0.00184 985
0.001841 986
0.001842 986
0.001843 986
0.001844 986
0.001845 986
0.001846 986
0.001847 986
0.001848 986
0.001849 986
0.00185 986
0.001851 986
0.001852 986
0.001853 986
0.001854 986
0.001855 986
0.001856 987
0.001857 988
0.001858 988
0.001859 988
0.00186 988
0.001861 988
0.001862 989
0.001863 989
0.001864 989
0.001865 989
0.001866 989
0.001867 989
0.001868 989
0.001869 989
0.00187 989
0.001871 989
0.001872 989
0.001873 989
0.001874 989
0.001875 989
0.001876 989
0.001877 989
0.001878 989
0.001879 989
0.00188 989
0.001881 989
0.001882 989
0.001883 989
0.001884 989
0.001885 989
0.001886 989
0.001887 989
0.001888 989
0.001889 989
0.00189 989
0.001891 989
0.001892 989
0.001893 989
0.001894 989
0.001895 989
0.001896 989
0.001897 989
0.001898 989
0.001899 989
0.0019 989
0.001901 989
0.001902 989
0.001903 990
0.001904 989
0.001905 989
0.001906 989
0.001907 989
0.001908 989
0.001909 989
0.00191 989
0.001911 989
0.001912 989
0.001913 989
0.001914 989
0.001915 989
0.001916 989
0.001917 989
0.001918 989
0.001919 989
0.00192 988
0.001921 988
0.001922 988
0.001923 988
0.001924 988
0.001925 988
0.001926 988
0.001927 988
0.001928 988
0.001929 988
0.00193 988
0.001931 988
0.001932 988
0.001933 988
0.001934 988
0.001935 988
0.001936 987
0.001937 987
0.001938 987
0.001939 987
0.00194 987
0.001941 987
0.001942 987
0.001943 987
0.001944 987
0.001945 987
0.001946 987
0.001947 987
0.001948 987
0.001949 987
0.00195 987
0.001951 987
0.001952 987
0.001953 987
0.001954 987
0.001955 987
0.001956 987
0.001957 987
0.001958 987
0.001959 987
0.00196 987
0.001961 987
0.001962 987
0.001963 987
0.001964 987
0.001965 987
0.001966 987
0.001967 987
0.001968 987
0.001969 986
0.00197 986
0.001971 986
0.001972 986
0.001973 986
0.001974 986
0.001975 986
0.001976 987
0.001977 987
0.001978 987
0.001979 987
0.00198 987
0.001981 987
0.001982 987
0.001983 987
0.001984 987
0.001985 987
0.001986 987
0.001987 987
0.001988 987
0.001989 987
0.00199 987
0.001991 987
0.001992 987
0.001993 987
0.001994 987
0.001995 987
0.001996 987
0.001997 987
0.001998 987
0.001999 987
0.002 987
0.002001 987
0.002002 987
0.002003 987
0.002004 987
0.002005 987
0.002006 987
0.002007 987
0.002008 987
0.002009 987
0.00201 987
0.002011 987
0.002012 987
0.002013 987
0.002014 987
0.002015 987
0.002016 987
0.002017 987
0.002018 987
0.002019 987
0.00202 987
0.002021 987
0.002022 987
0.002023 987
0.002024 987
0.002025 987
0.002026 987
0.002027 987
0.002028 987
0.002029 987
0.00203 987
0.002031 987
0.002032 987
0.002033 987
0.002034 987
0.002035 987
0.002036 987
0.002037 988
0.002038 988
0.002039 988
0.00204 988
0.002041 988
0.002042 988
0.002043 988
0.002044 988
0.002045 988
0.002046 988
0.002047 988
0.002048 988
0.002049 988
0.00205 988
0.002051 988
0.002052 987
0.002053 987
0.002054 987
0.002055 987
0.002056 987
0.002057 987
0.002058 987
0.002059 987
0.00206 987
0.002061 987
0.002062 987
0.002063 987
0.002064 987
0.002065 987
0.002066 987
0.002067 987
0.002068 987
0.002069 987
0.00207 987
0.002071 987
0.002072 987
0.002073 987
0.002074 988
0.002075 988
0.002076 988
0.002077 988
0.002078 988
0.002079 988
0.00208 988
0.002081 988
0.002082 988
0.002083 988
0.002084 988
0.002085 988
0.002086 988
0.002087 988
0.002088 988
0.002089 988
0.00209 988
0.002091 989
0.002092 989
0.002093 989
0.002094 989
0.002095 989
0.002096 989
0.002097 989
0.002098 989
0.002099 989
0.0021 989
0.002101 989
0.002102 988
0.002103 989
0.002104 989
0.002105 989
0.002106 989
0.002107 989
0.002108 989
0.002109 989
0.00211 989
0.002111 989
0.002112 989
0.002113 989
0.002114 989
0.002115 989
0.002116 989
0.002117 989
0.002118 989
0.002119 989
0.00212 989
0.002121 989
0.002122 989
0.002123 988
0.002124 989
0.002125 989
0.002126 989
0.002127 989
0.002128 989
0.002129 989
0.00213 990
0.002131 989
0.002132 989
0.002133 989
0.002134 989
0.002135 989
0.002136 989
0.002137 989
0.002138 989
0.002139 989
0.00214 989
0.002141 989
0.002142 989
0.002143 989
0.002144 988
0.002145 988
0.002146 988
0.002147 988
0.002148 988
0.002149 989
0.00215 989
0.002151 989
0.002152 989
0.002153 989
0.002154 989
0.002155 989
0.002156 989
0.002157 989
0.002158 989
0.002159 988
0.00216 988
0.002161 988
0.002162 989
0.002163 989
0.002164 989
0.002165 989
0.002166 989
0.002167 989
0.002168 989
0.002169 990
0.00217 990
0.002171 990
0.002172 990
0.002173 990
0.002174 990
0.002175 990
0.002176 990
0.002177 990
0.002178 990
0.002179 990
0.00218 990
0.002181 990
0.002182 991
0.002183 991
0.002184 991
0.002185 991
0.002186 991
0.002187 991
0.002188 991
0.002189 991
0.00219 991
0.002191 991
0.002192 991
0.002193 991
0.002194 991
0.002195 991
0.002196 991
0.002197 991
0.002198 991
0.002199 991
0.0022 991
0.002201 990
0.002202 990
0.002203 990
0.002204 990
0.002205 990
0.002206 990
0.002207 990
0.002208 990
0.002209 990
0.00221 990
0.002211 990
0.002212 990
0.002213 990
0.002214 990
0.002215 990
0.002216 990
0.002217 990
0.002218 990
0.002219 990
0.00222 990
0.002221 990
0.002222 990
0.002223 990
0.002224 990
0.002225 990
0.002226 990
0.002227 990
0.002228 990
0.002229 990
0.00223 990
0.002231 990
0.002232 990
0.002233 990
0.002234 990
0.002235 990
0.002236 990
0.002237 990
0.002238 991
0.002239 991
0.00224 991
0.002241 991
0.002242 991
0.002243 991
0.002244 991
0.002245 991
0.002246 991
0.002247 991
0.002248 991
0.002249 991
0.00225 991
0.002251 991
0.002252 991
0.002253 991
0.002254 991
0.002255 992
0.002256 992
0.002257 992
0.002258 991
0.002259 991
0.00226 991
0.002261 991
0.002262 991
0.002263 991
0.002264 990
0.002265 990
0.002266 990
0.002267 990
0.002268 990
0.002269 990
0.00227 990
0.002271 990
0.002272 990
0.002273 990
0.002274 990
0.002275 990
0.002276 990
0.002277 990
0.002278 990
0.002279 990
0.00228 990
0.002281 990
0.002282 990
0.002283 990
0.002284 990
0.002285 990
0.002286 990
0.002287 990
0.002288 990
0.002289 990
0.00229 990
0.002291 990
0.002292 990
0.002293 990
0.002294 990
0.002295 990
0.002296 990
0.002297 990
0.002298 990
0.002299 990
0.0023 990
0.002301 990
0.002302 990
0.002303 990
0.002304 990
0.002305 990
0.002306 989
0.002307 989
0.002308 989
0.002309 989
0.00231 989
0.002311 989
0.002312 988
0.002313 988
0.002314 988
0.002315 988
0.002316 988
0.002317 988
0.002318 988
0.002319 988
0.00232 988
0.002321 988
0.002322 988
0.002323 989
0.002324 989
0.002325 989
0.002326 989
0.002327 989
0.002328 989
0.002329 990
0.00233 989
0.002331 989
0.002332 989
0.002333 989
0.002334 989
0.002335 989
0.002336 989
0.002337 989
0.002338 988
0.002339 988
0.00234 988
0.002341 988
0.002342 988
0.002343 988
0.002344 988
0.002345 988
0.002346 988
0.002347 988
0.002348 988
0.002349 988
0.00235 988
0.002351 988
0.002352 988
0.002353 988
0.002354 988
0.002355 988
0.002356 988
0.002357 988
0.002358 988
0.002359 988
0.00236 988
0.002361 988
0.002362 988
0.002363 988
0.002364 988
0.002365 988
0.002366 988
0.002367 988
0.002368 988
0.002369 988
0.00237 988
0.002371 988
0.002372 988
0.002373 988
0.002374 988
0.002375 987
0.002376 986
0.002377 986
0.002378 986
0.002379 986
0.00238 986
0.002381 986
0.002382 986
0.002383 986
0.002384 986
0.002385 986
0.002386 986
0.002387 986
0.002388 986
0.002389 986
0.00239 986
0.002391 986
0.002392 986
0.002393 986
0.002394 986
0.002395 987
0.002396 987
0.002397 987
0.002398 987
0.002399 987
0.0024 987
0.002401 988
0.002402 988
0.002403 988
0.002404 988
0.002405 988
0.002406 988
0.002407 988
0.002408 988
0.002409 988
0.00241 988
0.002411 988
0.002412 988
0.002413 988
0.002414 988
0.002415 988
0.002416 988
0.002417 988
0.002418 988
0.002419 988
0.00242 988
0.002421 988
0.002422 988
0.002423 988
0.002424 988
0.002425 988
0.002426 988
0.002427 988
0.002428 988
0.002429 988
0.00243 988
0.002431 988
0.002432 988
0.002433 989
0.002434 989
0.002435 989
0.002436 989
0.002437 989
0.002438 989
0.002439 989
0.00244 989
0.002441 990
0.002442 990
0.002443 990
0.002444 990
0.002445 990
0.002446 990
0.002447 990
0.002448 989
0.002449 989
0.00245 989
0.002451 989
0.002452 989
0.002453 989
0.002454 989
0.002455 989
0.002456 989
0.002457 989
0.002458 989
0.002459 989
0.00246 988
0.002461 989
0.002462 989
0.002463 989
0.002464 989
0.002465 989
0.002466 990
0.002467 990
0.002468 990
0.002469 990
0.00247 990
0.002471 990
0.002472 989
0.002473 989
0.002474 989
0.002475 989
0.002476 989
0.002477 989
0.002478 989
0.002479 989
0.00248 989
0.002481 989
0.002482 989
0.002483 989
0.002484 989
0.002485 989
0.002486 989
0.002487 989
0.002488 989
0.002489 989
0.00249 989
0.002491 989
0.002492 989
0.002493 989
0.002494 989
0.002495 989
0.002496 989
0.002497 989
0.002498 989
0.002499 989
0.0025 989
0.002501 989
0.002502 989
0.002503 989
0.002504 989
0.002505 989
0.002506 989
0.002507 989
0.002508 989
0.002509 989
0.00251 989
0.002511 989
0.002512 989
0.002513 989
0.002514 989
0.002515 989
0.002516 989
0.002517 989
0.002518 989
0.002519 989
0.00252 989
0.002521 989
0.002522 989
0.002523 989
0.002524 989
0.002525 989
0.002526 989
0.002527 989
0.002528 989
0.002529 989
0.00253 988
0.002531 988
0.002532 988
0.002533 988
0.002534 988
0.002535 988
0.002536 988
0.002537 988
0.002538 988
0.002539 988
0.00254 988
0.002541 988
0.002542 988
0.002543 988
0.002544 988
0.002545 988
0.002546 988
0.002547 988
0.002548 988
0.002549 988
0.00255 988
0.002551 988
0.002552 987
0.002553 987
0.002554 987
0.002555 987
0.002556 987
0.002557 987
0.002558 987
0.002559 986
0.00256 986
0.002561 986
0.002562 986
0.002563 986
0.002564 986
0.002565 986
0.002566 986
0.002567 986
0.002568 986
0.002569 986
0.00257 986
0.002571 986
0.002572 986
0.002573 986
0.002574 986
0.002575 986
0.002576 986
0.002577 986
0.002578 986
0.002579 986
0.00258 987
0.002581 987
0.002582 987
0.002583 987
0.002584 987
0.002585 987
0.002586 987
0.002587 987
0.002588 987
0.002589 987
0.00259 987
0.002591 987
0.002592 987
0.002593 987
0.002594 987
0.002595 987
0.002596 987
0.002597 988
0.002598 988
0.002599 988
0.0026 988
0.002601 989
0.002602 988
0.002603 988
0.002604 988
0.002605 988
0.002606 988
0.002607 988
0.002608 988
0.002609 988
0.00261 989
0.002611 989
0.002612 989
0.002613 989
0.002614 989
0.002615 989
0.002616 989
0.002617 989
0.002618 989
0.002619 989
0.00262 989
0.002621 989
0.002622 988
0.002623 989
0.002624 989
0.002625 990
0.002626 989
0.002627 989
0.002628 989
0.002629 989
0.00263 989
0.002631 989
0.002632 989
0.002633 989
0.002634 989
0.002635 989
0.002636 989
0.002637 989
0.002638 988
0.002639 988
0.00264 988
0.002641 988
0.002642 988
0.002643 988
0.002644 988
0.002645 989
0.002646 989
0.002647 989
0.002648 989
0.002649 989
0.00265 989
0.002651 989
0.002652 989
0.002653 990
0.002654 990
0.002655 990
0.002656 990
0.002657 990
0.002658 990
0.002659 990
0.00266 990
0.002661 990
0.002662 990
0.002663 990
0.002664 990
0.002665 990
0.002666 990
0.002667 990
0.002668 990
0.002669 990
0.00267 990
0.002671 990
0.002672 990
0.002673 989
0.002674 989
0.002675 990
0.002676 990
0.002677 990
0.002678 990
0.002679 991
0.00268 991
0.002681 991
0.002682 991
0.002683 991
0.002684 991
0.002685 991
0.002686 990
0.002687 990
0.002688 990
0.002689 990
0.00269 990
0.002691 989
0.002692 989
0.002693 989
0.002694 989
0.002695 989
0.002696 990
0.002697 990
0.002698 990
0.002699 990
0.0027 990
0.002701 990
0.002702 990
0.002703 990
0.002704 990
0.002705 991
0.002706 991
0.002707 991
0.002708 991
0.002709 991
0.00271 991
0.002711 991
0.002712 991
0.002713 991
0.002714 991
0.002715 991
0.002716 991
0.002717 992
0.002718 992
0.002719 992
0.00272 992
0.002721 992
0.002722 992
0.002723 992
0.002724 992
0.002725 992
0.002726 992
0.002727 992
0.002728 992
0.002729 992
0.00273 993
0.002731 993
0.002732 993
0.002733 993
0.002734 993
0.002735 993
0.002736 993
0.002737 993
0.002738 993
0.002739 993
0.00274 993
0.002741 993
0.002742 993
0.002743 993
0.002744 993
0.002745 993
0.002746 993
0.002747 993
0.002748 993
0.002749 993
0.00275 993
0.002751 993
0.002752 993
0.002753 993
0.002754 993
0.002755 993
0.002756 993
0.002757 993
0.002758 993
0.002759 992
0.00276 992
0.002761 992
0.002762 992
0.002763 992
0.002764 992
0.002765 992
0.002766 992
0.002767 992
0.002768 992
0.002769 992
0.00277 992
0.002771 993
0.002772 993
0.002773 993
0.002774 993
0.002775 993
0.002776 993
0.002777 993
0.002778 993
0.002779 993
0.00278 993
0.002781 993
0.002782 993
0.002783 993
0.002784 993
0.002785 993
0.002786 993
0.002787 993
0.002788 992
0.002789 992
0.00279 992
0.002791 992
0.002792 992
0.002793 992
0.002794 992
0.002795 992
0.002796 992
0.002797 992
0.002798 992
0.002799 992
0.0028 992
0.002801 992
0.002802 992
0.002803 992
0.002804 992
0.002805 992
0.002806 992
0.002807 992
0.002808 993
0.002809 993
0.00281 993
0.002811 993
0.002812 993
0.002813 993
0.002814 993
0.002815 992
0.002816 992
0.002817 992
0.002818 992
0.002819 992
0.00282 992
0.002821 992
0.002822 992
0.002823 992
0.002824 992
0.002825 992
0.002826 992
0.002827 992
0.002828 992
0.002829 992
0.00283 992
0.002831 992
0.002832 993
0.002833 993
0.002834 993
0.002835 993
0.002836 993
0.002837 992
0.002838 992
0.002839 992
0.00284 992
0.002841 992
0.002842 992
0.002843 992
0.002844 992
0.002845 992
0.002846 992
0.002847 992
0.002848 992
0.002849 992
0.00285 992
0.002851 992
0.002852 992
0.002853 992
0.002854 992
0.002855 992
0.002856 992
0.002857 992
0.002858 992
0.002859 993
0.00286 992
0.002861 993
0.002862 993
0.002863 993
0.002864 993
0.002865 993
0.002866 993
0.002867 993
0.002868 993
0.002869 993
0.00287 992
0.002871 992
0.002872 992
0.002873 992
0.002874 992
0.002875 992
0.002876 992
0.002877 992
0.002878 992
0.002879 992
0.00288 992
0.002881 992
0.002882 992
0.002883 992
0.002884 992
0.002885 992
0.002886 992
0.002887 992
0.002888 992
0.002889 992
0.00289 992
0.002891 992
0.002892 992
0.002893 992
0.002894 992
0.002895 992
0.002896 992
0.002897 992
0.002898 992
0.002899 992
0.0029 992
0.002901 992
0.002902 992
0.002903 991
0.002904 991
0.002905 991
0.002906 991
0.002907 991
0.002908 991
0.002909 991
0.00291 991
0.002911 991
0.002912 991
0.002913 991
0.002914 991
0.002915 991
0.002916 991
0.002917 991
0.002918 991
0.002919 991
0.00292 991
0.002921 991
0.002922 991
0.002923 991
0.002924 990
0.002925 991
0.002926 991
0.002927 991
0.002928 991
0.002929 991
0.00293 991
0.002931 991
0.002932 991
0.002933 991
0.002934 991
0.002935 991
0.002936 991
0.002937 991
0.002938 991
0.002939 991
0.00294 991
0.002941 991
0.002942 991
0.002943 991
0.002944 991
0.002945 991
0.002946 991
0.002947 991
0.002948 991
0.002949 991
0.00295 991
0.002951 991
0.002952 991
0.002953 991
0.002954 991
0.002955 991
0.002956 991
0.002957 991
0.002958 991
0.002959 991
0.00296 991
0.002961 991
0.002962 991
0.002963 991
0.002964 991
0.002965 991
0.002966 991
0.002967 991
0.002968 991
0.002969 991
0.00297 991
0.002971 991
0.002972 991
0.002973 991
0.002974 991
0.002975 991
0.002976 991
0.002977 991
0.002978 991
0.002979 991
0.00298 991
0.002981 991
0.002982 991
0.002983 991
0.002984 991
0.002985 991
0.002986 991
0.002987 991
0.002988 991
0.002989 991
0.00299 992
0.002991 991
0.002992 991
0.002993 990
0.002994 990
0.002995 990
0.002996 990
0.002997 990
0.002998 990
0.002999 990
0.003 990
0.003001 990
0.003002 990
0.003003 990
0.003004 989
0.003005 989
0.003006 989
0.003007 989
0.003008 989
0.003009 989
0.00301 988
0.003011 988
0.003012 988
0.003013 988
0.003014 988
0.003015 988
0.003016 988
0.003017 987
0.003018 987
0.003019 987
0.00302 987
0.003021 987
0.003022 987
0.003023 987
0.003024 987
0.003025 987
0.003026 987
0.003027 987
0.003028 987
0.003029 987
0.00303 987
0.003031 987
0.003032 987
0.003033 987
0.003034 987
0.003035 987
0.003036 987
0.003037 987
0.003038 987
0.003039 987
0.00304 987
0.003041 987
0.003042 987
0.003043 987
0.003044 987
0.003045 987
0.003046 986
0.003047 986
0.003048 986
0.003049 986
0.00305 986
0.003051 986
0.003052 986
0.003053 987
0.003054 987
0.003055 987
0.003056 987
0.003057 987
0.003058 987
0.003059 987
0.00306 987
0.003061 987
0.003062 987
0.003063 987
0.003064 987
0.003065 987
0.003066 987
0.003067 987
0.003068 987
0.003069 987
0.00307 987
0.003071 987
0.003072 988
0.003073 989
0.003074 989
0.003075 989
0.003076 989
0.003077 989
0.003078 989
0.003079 989
0.00308 989
0.003081 989
0.003082 990
0.003083 990
0.003084 990
0.003085 990
0.003086 990
0.003087 990
0.003088 990
0.003089 990
0.00309 990
0.003091 990
0.003092 990
0.003093 990
0.003094 990
0.003095 990
0.003096 991
0.003097 991
0.003098 991
0.003099 991
0.0031 991
0.003101 991
0.003102 991
0.003103 991
0.003104 991
0.003105 991
0.003106 991
0.003107 991
0.003108 991
0.003109 991
0.00311 991
0.003111 991
0.003112 991
0.003113 991
0.003114 991
0.003115 991
0.003116 991
0.003117 991
0.003118 991
0.003119 991
0.00312 991
0.003121 991
0.003122 991
0.003123 991
0.003124 991
0.003125 991
0.003126 991
0.003127 991
0.003128 991
0.003129 991
0.00313 991
0.003131 991
0.003132 991
0.003133 991
0.003134 991
0.003135 991
0.003136 991
0.003137 991
0.003138 991
0.003139 991
0.00314 991
0.003141 991
0.003142 991
0.003143 991
0.003144 991
0.003145 991
0.003146 991
0.003147 991
0.003148 991
0.003149 991
0.00315 991
0.003151 991
0.003152 991
0.003153 991
0.003154 991
0.003155 991
0.003156 991
0.003157 991
0.003158 992
0.003159 992
0.00316 992
0.003161 991
0.003162 991
0.003163 991
0.003164 991
0.003165 991
0.003166 991
0.003167 991
0.003168 991
0.003169 991
0.00317 991
0.003171 991
0.003172 991
0.003173 991
0.003174 991
0.003175 991
0.003176 991
0.003177 991
0.003178 991
0.003179 991
0.00318 991
0.003181 991
0.003182 991
0.003183 991
0.003184 991
0.003185 991
0.003186 991
0.003187 991
0.003188 991
0.003189 991
0.00319 991
0.003191 991
0.003192 991
0.003193 991
0.003194 991
0.003195 991
0.003196 991
0.003197 991
0.003198 991
0.003199 991
0.0032 991
0.003201 991
0.003202 991
0.003203 991
0.003204 991
0.003205 991
0.003206 992
0.003207 992
0.003208 992
0.003209 992
0.00321 992
0.003211 992
0.003212 992
0.003213 992
0.003214 992
0.003215 992
0.003216 992
0.003217 992
0.003218 992
0.003219 992
0.00322 992
0.003221 992
0.003222 992
0.003223 992
0.003224 992
0.003225 992
0.003226 992
0.003227 992
0.003228 992
0.003229 992
0.00323 992
0.003231 992
0.003232 992
0.003233 992
0.003234 992
0.003235 992
0.003236 992
0.003237 992
0.003238 992
0.003239 992
0.00324 992
0.003241 992
0.003242 992
0.003243 992
0.003244 992
0.003245 993
0.003246 993
0.003247 993
0.003248 993
0.003249 993
0.00325 993
0.003251 993
0.003252 993
0.003253 993
0.003254 993
0.003255 993
0.003256 993
0.003257 993
0.003258 993
0.003259 993
0.00326 993
0.003261 993
0.003262 993
0.003263 993
0.003264 993
0.003265 993
0.003266 993
0.003267 993
0.003268 993
0.003269 993
0.00327 993
0.003271 993
0.003272 993
0.003273 993
0.003274 993
0.003275 993
0.003276 993
0.003277 993
0.003278 993
0.003279 993
0.00328 993
0.003281 993
0.003282 993
0.003283 993
0.003284 993
0.003285 993
0.003286 993
0.003287 993
0.003288 993
0.003289 993
0.00329 993
0.003291 993
0.003292 993
0.003293 993
0.003294 993
0.003295 993
0.003296 993
0.003297 993
0.003298 993
0.003299 993
0.0033 993
0.003301 993
0.003302 993
0.003303 993
0.003304 993
0.003305 993
0.003306 993
0.003307 993
0.003308 993
0.003309 993
0.00331 993
0.003311 993
0.003312 993
0.003313 993
0.003314 994
0.003315 994
0.003316 994
0.003317 994
0.003318 994
0.003319 994
0.00332 994
0.003321 994
0.003322 994
0.003323 994
0.003324 994
0.003325 994
0.003326 994
0.003327 994
0.003328 993
0.003329 993
0.00333 993
0.003331 993
0.003332 993
0.003333 993
0.003334 993
0.003335 994
0.003336 994
0.003337 994
0.003338 995
0.003339 995
0.00334 995
0.003341 995
0.003342 995
0.003343 996
0.003344 996
0.003345 995
0.003346 995
0.003347 994
0.003348 994
0.003349 994
0.00335 994
0.003351 994
0.003352 994
0.003353 994
0.003354 994
0.003355 994
0.003356 994
0.003357 994
0.003358 994
0.003359 994
0.00336 995
0.003361 996
0.003362 996
0.003363 996
0.003364 996
0.003365 996
0.003366 996
0.003367 997
0.003368 997
0.003369 997
0.00337 997
0.003371 997
0.003372 997
0.003373 997
0.003374 997
0.003375 997
0.003376 997
0.003377 997
0.003378 997
0.003379 997
0.00338 997
0.003381 997
0.003382 997
0.003383 997
0.003384 996
0.003385 996
0.003386 996
0.003387 996
0.003388 996
0.003389 996
0.00339 996
0.003391 996
0.003392 996
0.003393 996
0.003394 996
0.003395 996
0.003396 996
0.003397 996
0.003398 996
0.003399 996
0.0034 996
0.003401 996
0.003402 996
0.003403 996
0.003404 996
0.003405 996
0.003406 996
0.003407 996
0.003408 996
0.003409 996
0.00341 996
0.003411 996
0.003412 996
0.003413 996
0.003414 996
0.003415 996
0.003416 996
0.003417 996
0.003418 996
0.003419 996
0.00342 996
0.003421 996
0.003422 996
0.003423 996
0.003424 997
0.003425 996
0.003426 996
0.003427 996
0.003428 996
0.003429 996
0.00343 997
0.003431 997
0.003432 997
0.003433 997
0.003434 997
0.003435 997
0.003436 997
0.003437 997
0.003438 997
0.003439 997
0.00344 997
0.003441 997
0.003442 996
0.003443 996
0.003444 996
0.003445 996
0.003446 996
0.003447 996
0.003448 996
0.003449 996
0.00345 996
0.003451 996
0.003452 996
0.003453 996
0.003454 995
0.003455 995
0.003456 995
0.003457 995
0.003458 995
0.003459 995
0.00346 995
0.003461 995
0.003462 995
0.003463 995
0.003464 995
0.003465 994
0.003466 994
0.003467 994
0.003468 993
0.003469 993
0.00347 993
0.003471 993
0.003472 993
0.003473 993
0.003474 992
0.003475 992
0.003476 992
0.003477 992
0.003478 992
0.003479 992
0.00348 992
0.003481 992
0.003482 992
0.003483 992
0.003484 992
0.003485 992
0.003486 992
0.003487 992
0.003488 992
0.003489 992
0.00349 992
0.003491 992
0.003492 992
0.003493 992
0.003494 992
0.003495 992
0.003496 992
0.003497 992
0.003498 992
0.003499 992
0.0035 992
0.003501 992
0.003502 992
0.003503 992
0.003504 992
0.003505 992
0.003506 992
0.003507 992
0.003508 992
0.003509 992
0.00351 992
0.003511 993
0.003512 993
0.003513 993
0.003514 993
0.003515 993
0.003516 994
0.003517 994
0.003518 995
0.003519 995
0.00352 995
0.003521 995
0.003522 995
0.003523 995
0.003524 995
0.003525 995
0.003526 995
0.003527 995
0.003528 995
0.003529 995
0.00353 996
0.003531 996
0.003532 996
0.003533 996
0.003534 996
0.003535 996
0.003536 996
0.003537 995
0.003538 995
0.003539 995
0.00354 995
0.003541 994
0.003542 994
0.003543 994
0.003544 994
0.003545 994
0.003546 994
0.003547 994
0.003548 994
0.003549 994
0.00355 994
0.003551 994
0.003552 994
0.003553 994
0.003554 994
0.003555 993
0.003556 993
0.003557 993
0.003558 993
0.003559 993
0.00356 993
0.003561 993
0.003562 994
0.003563 994
0.003564 994
0.003565 994
0.003566 994
0.003567 994
0.003568 994
0.003569 994
0.00357 994
0.003571 994
0.003572 994
0.003573 994
0.003574 995
0.003575 995
0.003576 995
0.003577 995
0.003578 995
0.003579 995
0.00358 995
0.003581 994
0.003582 994
0.003583 994
0.003584 994
0.003585 994
0.003586 994
0.003587 994
0.003588 994
0.003589 994
0.00359 994
0.003591 994
0.003592 994
0.003593 994
0.003594 994
0.003595 994
0.003596 994
0.003597 994
0.003598 994
0.003599 994
0.0036 994
0.003601 994
0.003602 994
0.003603 994
0.003604 994
0.003605 994
0.003606 993
0.003607 993
0.003608 993
0.003609 992
0.00361 992
0.003611 992
0.003612 992
0.003613 992
0.003614 992
0.003615 992
0.003616 992
0.003617 992
0.003618 992
0.003619 992
0.00362 992
0.003621 992
0.003622 992
0.003623 992
0.003624 992
0.003625 992
0.003626 992
0.003627 992
0.003628 992
0.003629 992
0.00363 992
0.003631 992
0.003632 992
0.003633 992
0.003634 992
0.003635 992
0.003636 992
0.003637 992
0.003638 992
0.003639 992
0.00364 992
0.003641 992
0.003642 992
0.003643 992
0.003644 992
0.003645 992
0.003646 992
0.003647 992
0.003648 992
0.003649 992
0.00365 992
0.003651 992
0.003652 992
0.003653 992
0.003654 992
0.003655 992
0.003656 992
0.003657 992
0.003658 992
0.003659 992
0.00366 992
0.003661 992
0.003662 992
0.003663 992
0.003664 993
0.003665 993
0.003666 993
0.003667 993
0.003668 993
0.003669 993
0.00367 993
0.003671 993
0.003672 993
0.003673 993
0.003674 994
0.003675 994
0.003676 994
0.003677 994
0.003678 994
0.003679 994
0.00368 994
0.003681 994
0.003682 994
0.003683 994
0.003684 994
0.003685 994
0.003686 994
0.003687 994
0.003688 994
0.003689 994
0.00369 994
0.003691 993
0.003692 993
0.003693 993
0.003694 993
0.003695 993
0.003696 993
0.003697 993
0.003698 993
0.003699 993
0.0037 993
0.003701 993
0.003702 993
0.003703 993
0.003704 993
0.003705 993
0.003706 993
0.003707 993
0.003708 993
0.003709 993
0.00371 993
0.003711 993
0.003712 993
0.003713 993
0.003714 993
0.003715 993
0.003716 993
0.003717 993
0.003718 993
0.003719 993
0.00372 993
0.003721 993
0.003722 992
0.003723 992
0.003724 992
0.003725 992
0.003726 992
0.003727 992
0.003728 992
0.003729 992
0.00373 992
0.003731 992
0.003732 992
0.003733 992
0.003734 992
0.003735 992
0.003736 993
0.003737 993
0.003738 993
0.003739 993
0.00374 993
0.003741 993
0.003742 993
0.003743 993
0.003744 993
0.003745 993
0.003746 993
0.003747 993
0.003748 993
0.003749 993
0.00375 993
0.003751 993
0.003752 993
0.003753 994
0.003754 994
0.003755 994
0.003756 994
0.003757 994
0.003758 994
0.003759 994
0.00376 994
0.003761 994
0.003762 994
0.003763 994
0.003764 994
0.003765 994
0.003766 994
0.003767 994
0.003768 994
0.003769 994
0.00377 994
0.003771 994
0.003772 994
0.003773 994
0.003774 994
0.003775 994
0.003776 994
0.003777 994
0.003778 994
0.003779 994
0.00378 994
0.003781 994
0.003782 994
0.003783 994
0.003784 994
0.003785 994
0.003786 994
0.003787 994
0.003788 994
0.003789 994
0.00379 994
0.003791 994
0.003792 994
0.003793 994
0.003794 994
0.003795 994
0.003796 994
0.003797 994
0.003798 994
0.003799 994
0.0038 994
0.003801 994
0.003802 994
0.003803 993
0.003804 993
0.003805 993
0.003806 993
0.003807 993
0.003808 993
0.003809 993
0.00381 993
0.003811 993
0.003812 993
0.003813 993
0.003814 993
0.003815 993
0.003816 992
0.003817 992
0.003818 991
0.003819 991
0.00382 991
0.003821 991
0.003822 991
0.003823 991
0.003824 991
0.003825 991
0.003826 991
0.003827 991
0.003828 991
0.003829 991
0.00383 991
0.003831 991
0.003832 991
0.003833 991
0.003834 991
0.003835 991
0.003836 991
0.003837 991
0.003838 991
0.003839 991
0.00384 991
0.003841 991
0.003842 991
0.003843 991
0.003844 991
0.003845 991
0.003846 991
0.003847 991
0.003848 991
0.003849 991
0.00385 991
0.003851 991
0.003852 991
0.003853 991
0.003854 991
0.003855 991
0.003856 991
0.003857 991
0.003858 991
0.003859 991
0.00386 991
0.003861 991
0.003862 991
0.003863 992
0.003864 992
0.003865 992
0.003866 992
0.003867 992
0.003868 992
0.003869 992
0.00387 991
0.003871 991
0.003872 991
0.003873 991
0.003874 991
0.003875 991
0.003876 991
0.003877 991
0.003878 991
0.003879 991
0.00388 991
0.003881 991
0.003882 991
0.003883 991
0.003884 991
0.003885 991
0.003886 991
0.003887 991
0.003888 991
0.003889 991
0.00389 990
0.003891 990
0.003892 990
0.003893 991
0.003894 991
0.003895 991
0.003896 991
0.003897 991
0.003898 991
0.003899 991
0.0039 991
0.003901 991
0.003902 991
0.003903 991
0.003904 991
0.003905 991
0.003906 990
0.003907 990
0.003908 990
0.003909 990
0.00391 990
0.003911 990
0.003912 990
0.003913 990
0.003914 990
0.003915 990
0.003916 990
0.003917 990
0.003918 990
0.003919 990
0.00392 991
0.003921 991
0.003922 991
0.003923 991
0.003924 991
0.003925 991
0.003926 991
0.003927 991
0.003928 991
0.003929 991
0.00393 991
0.003931 991
0.003932 991
0.003933 991
0.003934 991
0.003935 991
0.003936 991
0.003937 991
0.003938 991
0.003939 991
0.00394 991
0.003941 992
0.003942 992
0.003943 992
0.003944 992
0.003945 992
0.003946 992
0.003947 992
0.003948 992
0.003949 992
0.00395 993
0.003951 993
0.003952 993
0.003953 993
0.003954 993
0.003955 993
0.003956 993
0.003957 993
0.003958 993
0.003959 993
0.00396 993
0.003961 993
0.003962 993
0.003963 993
0.003964 993
0.003965 993
0.003966 993
0.003967 993
0.003968 993
0.003969 993
0.00397 993
0.003971 993
0.003972 993
0.003973 993
0.003974 993
0.003975 993
0.003976 993
0.003977 994
0.003978 994
0.003979 994
0.00398 994
0.003981 994
0.003982 994
0.003983 994
0.003984 994
0.003985 994
0.003986 994
0.003987 994
0.003988 994
0.003989 994
0.00399 994
0.003991 994
0.003992 994
0.003993 994
0.003994 994
0.003995 994
0.003996 994
0.003997 994
0.003998 994
0.003999 994
0.004 994
0.004001 994
0.004002 994
0.004003 994
0.004004 994
0.004005 994
0.004006 994
0.004007 994
0.004008 994
0.004009 994
0.00401 994
0.004011 994
0.004012 995
0.004013 995
0.004014 995
0.004015 995
0.004016 995
0.004017 996
0.004018 996
0.004019 996
0.00402 996
0.004021 996
0.004022 996
0.004023 996
0.004024 996
0.004025 996
0.004026 996
0.004027 996
0.004028 996
0.004029 996
0.00403 996
0.004031 996
0.004032 996
0.004033 996
0.004034 996
0.004035 996
0.004036 996
0.004037 996
0.004038 996
0.004039 996
0.00404 996
0.004041 996
0.004042 996
0.004043 996
0.004044 996
0.004045 996
0.004046 996
0.004047 996
0.004048 996
0.004049 996
0.00405 995
0.004051 995
0.004052 995
0.004053 995
0.004054 995
0.004055 995
0.004056 995
0.004057 995
0.004058 995
0.004059 995
0.00406 995
0.004061 995
0.004062 995
0.004063 995
0.004064 995
0.004065 995
0.004066 995
0.004067 995
0.004068 995
0.004069 995
0.00407 995
0.004071 995
0.004072 995
0.004073 995
0.004074 995
0.004075 995
0.004076 995
0.004077 995
0.004078 995
0.004079 996
0.00408 996
0.004081 996
0.004082 996
0.004083 996
0.004084 996
0.004085 996
0.004086 996
0.004087 996
0.004088 996
0.004089 996
0.00409 996
0.004091 996
0.004092 996
0.004093 996
0.004094 996
0.004095 996
0.004096 996
0.004097 996
0.004098 996
0.004099 997
0.0041 997
0.004101 997
0.004102 997
0.004103 997
0.004104 997
0.004105 997
0.004106 997
0.004107 997
0.004108 997
0.004109 997
0.00411 997
0.004111 997
0.004112 997
0.004113 997
0.004114 997
0.004115 997
0.004116 997
0.004117 997
0.004118 997
0.004119 998
0.00412 998
0.004121 998
0.004122 998
0.004123 998
0.004124 998
0.004125 998
0.004126 998
0.004127 998
0.004128 997
0.004129 997
0.00413 997
0.004131 997
0.004132 997
0.004133 997
0.004134 998
0.004135 998
0.004136 998
0.004137 998
0.004138 998
0.004139 998
0.00414 998
0.004141 998
0.004142 998
0.004143 998
0.004144 998
0.004145 998
0.004146 998
0.004147 998
0.004148 998
0.004149 998
0.00415 998
0.004151 998
0.004152 998
0.004153 998
0.004154 998
0.004155 998
0.004156 998
0.004157 998
0.004158 998
0.004159 998
0.00416 998
0.004161 998
0.004162 998
0.004163 998
0.004164 998
0.004165 997
0.004166 997
0.004167 997
0.004168 997
0.004169 997
0.00417 997
0.004171 997
0.004172 997
0.004173 997
0.004174 997
0.004175 997
0.004176 998
0.004177 998
0.004178 998
0.004179 998
0.00418 998
0.004181 998
0.004182 998
0.004183 998
0.004184 998
0.004185 998
0.004186 998
0.004187 998
0.004188 998
0.004189 998
0.00419 998
0.004191 998
0.004192 998
0.004193 998
0.004194 998
0.004195 998
0.004196 998
0.004197 998
0.004198 998
0.004199 998
0.0042 998
0.004201 999
0.004202 999
0.004203 999
0.004204 999
0.004205 1000
0.004206 1000
0.004207 1000
0.004208 1000
0.004209 1000
0.00421 1000
0.004211 1000
0.004212 1000
0.004213 1000
0.004214 1000
0.004215 1000
0.004216 1000
0.004217 1000
0.004218 1000
0.004219 1000
0.00422 1001
0.004221 1001
0.004222 1001
0.004223 1002
0.004224 1001
0.004225 1001
0.004226 1001
0.004227 1001
0.004228 1001
0.004229 1001
0.00423 1001
0.004231 1001
0.004232 1001
0.004233 1001
0.004234 1001
0.004235 1001
0.004236 1001
0.004237 1001
0.004238 1001
0.004239 1001
0.00424 1001
0.004241 1001
0.004242 1000
0.004243 1000
0.004244 1000
0.004245 1000
0.004246 1000
0.004247 1000
0.004248 1000
0.004249 1000
0.00425 1000
0.004251 1000
0.004252 1000
0.004253 1000
0.004254 1000
0.004255 1000
0.004256 1000
0.004257 1000
0.004258 1000
0.004259 1000
0.00426 1000
0.004261 1000
0.004262 1000
0.004263 1000
0.004264 1000
0.004265 1000
0.004266 1000
0.004267 1000
0.004268 1000
0.004269 1000
0.00427 1000
0.004271 1000
0.004272 1000
0.004273 1000
0.004274 1000
0.004275 1000
0.004276 1000
0.004277 1000
0.004278 1000
0.004279 1000
0.00428 1000
0.004281 1000
0.004282 1000
0.004283 1000
0.004284 1000
0.004285 1001
0.004286 1002
0.004287 1002
0.004288 1002
0.004289 1002
0.00429 1002
0.004291 1002
0.004292 1002
0.004293 1002
0.004294 1002
0.004295 1002
0.004296 1002
0.004297 1002
0.004298 1002
0.004299 1002
0.0043 1002
0.004301 1002
0.004302 1002
0.004303 1002
0.004304 1002
0.004305 1001
0.004306 1001
0.004307 1001
0.004308 1001
0.004309 1001
0.00431 1001
0.004311 1001
0.004312 1001
0.004313 1001
0.004314 1001
0.004315 1001
0.004316 1001
0.004317 1001
0.004318 1001
0.004319 1001
0.00432 1001
0.004321 1001
0.004322 1001
0.004323 1002
0.004324 1001
0.004325 1001
0.004326 1001
0.004327 1001
0.004328 1001
0.004329 1001
0.00433 1002
0.004331 1002
0.004332 1002
0.004333 1002
0.004334 1002
0.004335 1002
0.004336 1002
0.004337 1002
0.004338 1002
0.004339 1002
0.00434 1002
0.004341 1002
0.004342 1002
0.004343 1002
0.004344 1002
0.004345 1002
0.004346 1002
0.004347 1002
0.004348 1002
0.004349 1002
0.00435 1002
0.004351 1002
0.004352 1002
0.004353 1002
0.004354 1002
0.004355 1002
0.004356 1002
0.004357 1002
0.004358 1002
0.004359 1002
0.00436 1002
0.004361 1002
0.004362 1002
0.004363 1002
0.004364 1002
0.004365 1002
0.004366 1002
0.004367 1002
0.004368 1003
0.004369 1004
0.00437 1004
0.004371 1004
0.004372 1004
0.004373 1004
0.004374 1004
0.004375 1004
0.004376 1005
0.004377 1005
0.004378 1005
0.004379 1005
0.00438 1005
0.004381 1005
0.004382 1005
0.004383 1005
0.004384 1005
0.004385 1005
0.004386 1005
0.004387 1005
0.004388 1005
0.004389 1005
0.00439 1005
0.004391 1005
0.004392 1005
0.004393 1005
0.004394 1005
0.004395 1005
0.004396 1004
0.004397 1004
0.004398 1004
0.004399 1004
0.0044 1005
0.004401 1005
0.004402 1005
0.004403 1005
0.004404 1005
0.004405 1005
0.004406 1005
0.004407 1005
0.004408 1005
0.004409 1005
0.00441 1005
0.004411 1005
0.004412 1006
0.004413 1006
0.004414 1006
0.004415 1006
0.004416 1006
0.004417 1006
0.004418 1006
0.004419 1006
0.00442 1006
0.004421 1006
0.004422 1006
0.004423 1006
0.004424 1007
0.004425 1007
0.004426 1007
0.004427 1008
0.004428 1008
0.004429 1008
0.00443 1008
0.004431 1008
0.004432 1008
0.004433 1008
0.004434 1007
0.004435 1007
0.004436 1007
0.004437 1007
0.004438 1007
0.004439 1007
0.00444 1007
0.004441 1006
0.004442 1005
0.004443 1005
0.004444 1005
0.004445 1005
0.004446 1005
0.004447 1005
0.004448 1005
0.004449 1005
0.00445 1005
0.004451 1005
0.004452 1005
0.004453 1005
0.004454 1005
0.004455 1005
0.004456 1005
0.004457 1005
0.004458 1005
0.004459 1005
0.00446 1005
0.004461 1005
0.004462 1005
0.004463 1005
0.004464 1005
0.004465 1005
0.004466 1005
0.004467 1005
0.004468 1005
0.004469 1005
0.00447 1005
0.004471 1005
0.004472 1005
0.004473 1005
0.004474 1005
0.004475 1005
0.004476 1005
0.004477 1005
0.004478 1004
0.004479 1004
0.00448 1004
0.004481 1005
0.004482 1005
0.004483 1005
0.004484 1005
0.004485 1005
0.004486 1005
0.004487 1005
0.004488 1005
0.004489 1005
0.00449 1005
0.004491 1005
0.004492 1005
0.004493 1005
0.004494 1005
0.004495 1005
0.004496 1005
0.004497 1005
0.004498 1005
0.004499 1005
0.0045 1005
0.004501 1005
0.004502 1005
0.004503 1005
0.004504 1005
0.004505 1005
0.004506 1005
0.004507 1005
0.004508 1005
0.004509 1004
0.00451 1005
0.004511 1005
0.004512 1005
0.004513 1005
0.004514 1005
0.004515 1005
0.004516 1005
0.004517 1005
0.004518 1005
0.004519 1004
0.00452 1003
0.004521 1003
0.004522 1003
0.004523 1003
0.004524 1003
0.004525 1003
0.004526 1003
0.004527 1003
0.004528 1003
0.004529 1003
0.00453 1004
0.004531 1004
0.004532 1004
0.004533 1004
0.004534 1004
0.004535 1004
0.004536 1004
0.004537 1004
0.004538 1004
0.004539 1003
0.00454 1003
0.004541 1003
0.004542 1003
0.004543 1003
0.004544 1003
0.004545 1003
0.004546 1003
0.004547 1004
0.004548 1004
0.004549 1004
0.00455 1004
0.004551 1004
0.004552 1004
0.004553 1004
0.004554 1004
0.004555 1004
0.004556 1004
0.004557 1004
0.004558 1004
0.004559 1004
0.00456 1004
0.004561 1004
0.004562 1004
0.004563 1004
0.004564 1004
0.004565 1004
0.004566 1004
0.004567 1004
0.004568 1004
0.004569 1004
0.00457 1004
0.004571 1004
0.004572 1004
0.004573 1004
0.004574 1004
0.004575 1004
0.004576 1004
0.004577 1004
0.004578 1004
0.004579 1005
0.00458 1005
0.004581 1005
0.004582 1005
0.004583 1005
0.004584 1005
0.004585 1005
0.004586 1005
0.004587 1005
0.004588 1005
0.004589 1005
0.00459 1005
0.004591 1005
0.004592 1005
0.004593 1005
0.004594 1005
0.004595 1005
0.004596 1005
0.004597 1005
0.004598 1005
0.004599 1005
0.0046 1005
0.004601 1005
0.004602 1005
0.004603 1005
0.004604 1004
0.004605 1005
0.004606 1005
0.004607 1005
0.004608 1005
0.004609 1005
0.00461 1005
0.004611 1005
0.004612 1005
0.004613 1005
0.004614 1005
0.004615 1005
0.004616 1005
0.004617 1005
0.004618 1005
0.004619 1005
0.00462 1005
0.004621 1005
0.004622 1005
0.004623 1005
0.004624 1005
0.004625 1005
0.004626 1005
0.004627 1005
0.004628 1005
0.004629 1005
0.00463 1005
0.004631 1005
0.004632 1005
0.004633 1005
0.004634 1005
0.004635 1005
0.004636 1005
0.004637 1005
0.004638 1005
0.004639 1006
0.00464 1006
0.004641 1006
0.004642 1006
0.004643 1006
0.004644 1006
0.004645 1006
0.004646 1006
0.004647 1006
0.004648 1006
0.004649 1006
0.00465 1006
0.004651 1006
0.004652 1006
0.004653 1006
0.004654 1006
0.004655 1006
0.004656 1006
0.004657 1006
0.004658 1006
0.004659 1006
0.00466 1006
0.004661 1007
0.004662 1007
0.004663 1007
0.004664 1007
0.004665 1007
0.004666 1007
0.004667 1007
0.004668 1007
0.004669 1007
0.00467 1007
0.004671 1007
0.004672 1007
0.004673 1007
0.004674 1007
0.004675 1007
0.004676 1007
0.004677 1007
0.004678 1006
0.004679 1006
0.00468 1006
0.004681 1006
0.004682 1006
0.004683 1006
0.004684 1006
0.004685 1006
0.004686 1006
0.004687 1006
0.004688 1006
0.004689 1006
0.00469 1006
0.004691 1005
0.004692 1005
0.004693 1005
0.004694 1005
0.004695 1005
0.004696 1005
0.004697 1005
0.004698 1005
0.004699 1005
0.0047 1005
0.004701 1006
0.004702 1006
0.004703 1006
0.004704 1006
0.004705 1006
0.004706 1006
0.004707 1006
0.004708 1006
0.004709 1006
0.00471 1006
0.004711 1006
0.004712 1006
0.004713 1006
0.004714 1006
0.004715 1006
0.004716 1006
0.004717 1006
0.004718 1006
0.004719 1006
0.00472 1006
0.004721 1006
0.004722 1006
0.004723 1006
0.004724 1006
0.004725 1006
0.004726 1006
0.004727 1006
0.004728 1007
0.004729 1007
0.00473 1007
0.004731 1007
0.004732 1007
0.004733 1007
0.004734 1006
0.004735 1006
0.004736 1006
0.004737 1006
0.004738 1006
0.004739 1006
0.00474 1006
0.004741 1006
0.004742 1006
0.004743 1006
0.004744 1006
0.004745 1006
0.004746 1005
0.004747 1005
0.004748 1005
0.004749 1005
0.00475 1005
0.004751 1005
0.004752 1005
0.004753 1005
0.004754 1005
0.004755 1005
0.004756 1005
0.004757 1005
0.004758 1005
0.004759 1005
0.00476 1005
0.004761 1005
0.004762 1005
0.004763 1005
0.004764 1005
0.004765 1005
0.004766 1005
0.004767 1004
0.004768 1004
0.004769 1004
0.00477 1004
0.004771 1004
0.004772 1004
0.004773 1004
0.004774 1004
0.004775 1004
0.004776 1005
0.004777 1005
0.004778 1005
0.004779 1005
0.00478 1005
0.004781 1005
0.004782 1005
0.004783 1005
0.004784 1005
0.004785 1005
0.004786 1005
0.004787 1005
0.004788 1004
0.004789 1004
0.00479 1004
0.004791 1004
0.004792 1004
0.004793 1004
0.004794 1004
0.004795 1004
0.004796 1004
0.004797 1004
0.004798 1004
0.004799 1004
0.0048 1004
0.004801 1004
0.004802 1004
0.004803 1004
0.004804 1004
0.004805 1004
0.004806 1004
0.004807 1004
0.004808 1005
0.004809 1005
0.00481 1005
0.004811 1005
0.004812 1005
0.004813 1005
0.004814 1004
0.004815 1004
0.004816 1004
0.004817 1004
0.004818 1004
0.004819 1004
0.00482 1004
0.004821 1004
0.004822 1004
0.004823 1003
0.004824 1003
0.004825 1003
0.004826 1003
0.004827 1003
0.004828 1003
0.004829 1003
0.00483 1003
0.004831 1003
0.004832 1003
0.004833 1003
0.004834 1004
0.004835 1004
0.004836 1004
0.004837 1003
0.004838 1003
0.004839 1003
0.00484 1003
0.004841 1003
0.004842 1003
0.004843 1003
0.004844 1003
0.004845 1003
0.004846 1003
0.004847 1003
0.004848 1003
0.004849 1003
0.00485 1003
0.004851 1003
0.004852 1003
0.004853 1004
0.004854 1004
0.004855 1004
0.004856 1004
0.004857 1004
0.004858 1004
0.004859 1004
0.00486 1004
0.004861 1004
0.004862 1004
0.004863 1004
0.004864 1004
0.004865 1004
0.004866 1004
0.004867 1004
0.004868 1004
0.004869 1004
0.00487 1004
0.004871 1004
0.004872 1004
0.004873 1004
0.004874 1004
0.004875 1004
0.004876 1005
0.004877 1005
0.004878 1004
0.004879 1004
0.00488 1004
0.004881 1004
0.004882 1003
0.004883 1003
0.004884 1003
0.004885 1003
0.004886 1003
0.004887 1003
0.004888 1003
0.004889 1003
0.00489 1003
0.004891 1003
0.004892 1003
0.004893 1003
0.004894 1003
0.004895 1003
0.004896 1003
0.004897 1003
0.004898 1003
0.004899 1003
0.0049 1003
0.004901 1002
0.004902 1002
0.004903 1001
0.004904 1001
0.004905 1001
0.004906 1001
0.004907 1001
0.004908 1001
0.004909 1001
0.00491 1002
0.004911 1002
0.004912 1002
0.004913 1002
0.004914 1002
0.004915 1002
0.004916 1002
0.004917 1002
0.004918 1002
0.004919 1002
0.00492 1002
0.004921 1002
0.004922 1002
0.004923 1002
0.004924 1002
0.004925 1002
0.004926 1002
0.004927 1002
0.004928 1002
0.004929 1002
0.00493 1003
0.004931 1003
0.004932 1003
0.004933 1003
0.004934 1003
0.004935 1003
0.004936 1003
0.004937 1003
0.004938 1003
0.004939 1003
0.00494 1002
0.004941 1003
0.004942 1003
0.004943 1003
0.004944 1003
0.004945 1003
0.004946 1003
0.004947 1003
0.004948 1003
0.004949 1003
0.00495 1003
0.004951 1003
0.004952 1003
0.004953 1003
0.004954 1003
0.004955 1003
0.004956 1003
0.004957 1003
0.004958 1003
0.004959 1003
0.00496 1003
0.004961 1003
0.004962 1003
0.004963 1003
0.004964 1003
0.004965 1003
0.004966 1003
0.004967 1003
0.004968 1003
0.004969 1003
0.00497 1003
0.004971 1003
0.004972 1003
0.004973 1003
0.004974 1004
0.004975 1004
0.004976 1004
0.004977 1004
0.004978 1004
0.004979 1004
0.00498 1004
0.004981 1004
0.004982 1005
0.004983 1005
0.004984 1005
0.004985 1005
0.004986 1005
0.004987 1005
0.004988 1005
0.004989 1005
0.00499 1005
0.004991 1005
0.004992 1005
0.004993 1005
0.004994 1005
0.004995 1005
0.004996 1005
0.004997 1004
0.004998 1004
0.004999 1004
0.005 1004
