0 5322
1e-06 5291
2e-06 5250
3e-06 5225
4e-06 5181
5e-06 5143
6e-06 5105
7e-06 5051
8e-06 5008
9e-06 4978
1e-05 4953
1.1e-05 4929
1.2e-05 4894
1.3e-05 4863
1.4e-05 4838
1.5e-05 4811
1.6e-05 4783
1.7e-05 4749
1.8e-05 4711
1.9e-05 4683
2e-05 4653
2.1e-05 4619
2.2e-05 4596
2.3e-05 4563
2.4e-05 4529
2.5e-05 4500
2.6e-05 4465
2.7e-05 4447
2.8e-05 4414
2.9e-05 4393
3e-05 4355
3.1e-05 4325
3.2e-05 4297
3.3e-05 4273
3.4e-05 4245
3.5e-05 4222
3.6e-05 4195
3.7e-05 4165
3.8e-05 4136
3.9e-05 4121
4e-05 4096
4.1e-05 4071
4.2e-05 4046
4.3e-05 4015
4.4e-05 3996
4.5e-05 3964
4.6e-05 3943
4.7e-05 3915
4.8e-05 3883
4.9e-05 3864
5e-05 3831
5.1e-05 3805
5.2e-05 3780
5.3e-05 3755
5.4e-05 3731
5.5e-05 3709
5.6e-05 3673
5.7e-05 3653
5.8e-05 3629
5.9e-05 3609
6e-05 3587
6.1e-05 3564
6.2e-05 3539
6.3e-05 3522
6.4e-05 3502
6.5e-05 3488
6.6e-05 3462
6.7e-05 3438
6.8e-05 3413
6.9e-05 3396
7e-05 3372
7.1e-05 3341
7.2e-05 3325
7.3e-05 3303
7.4e-05 3282
7.5e-05 3262
7.6e-05 3246
7.7e-05 3223
7.8e-05 3205
7.9e-05 3187
8e-05 3171
8.1e-05 3150
8.2e-05 3131
8.3e-05 3113
8.4e-05 3084
8.5e-05 3062
8.6e-05 3049
8.7e-05 3027
8.8e-05 3011
8.9e-05 2991
9e-05 2969
9.1e-05 2955
9.2e-05 2937
9.3e-05 2922
9.4e-05 2901
9.5e-05 2884
9.6e-05 2871
9.7e-05 2852
9.8e-05 2831
9.9e-05 2811
0.0001 2797
0.000101 2784
0.000102 2765
0.000103 2753
0.000104 2738
0.000105 2722
0.000106 2706
0.000107 2689
0.000108 2669
0.000109 2648
0.00011 2637
0.000111 2621
0.000112 2607
0.000113 2594
0.000114 2574
0.000115 2558
0.000116 2542
0.000117 2529
0.000118 2513
0.000119 2496
0.00012 2479
0.000121 2461
0.000122 2448
0.000123 2429
0.000124 2419
0.000125 2405
0.000126 2388
0.000127 2376
0.000128 2367
0.000129 2344
0.00013 2325
0.000131 2305
0.000132 2291
0.000133 2278
0.000134 2262
0.000135 2250
0.000136 2234
0.000137 2216
0.000138 2203
0.000139 2194
0.00014 2182
0.000141 2171
0.000142 2166
0.000143 2156
0.000144 2145
0.000145 2137
0.000146 2128
0.000147 2119
0.000148 2113
0.000149 2101
0.00015 2086
0.000151 2077
0.000152 2060
0.000153 2047
0.000154 2030
0.000155 2019
0.000156 2007
0.000157 1993
0.000158 1979
0.000159 1975
0.00016 1962
0.000161 1954
0.000162 1946
0.000163 1941
0.000164 1930
0.000165 1915
0.000166 1902
0.000167 1888
0.000168 1883
0.000169 1873
0.00017 1862
0.000171 1848
0.000172 1836
0.000173 1831
0.000174 1818
0.000175 1801
0.000176 1795
0.000177 1783
0.000178 1777
0.000179 1766
0.00018 1750
0.000181 1735
0.000182 1727
0.000183 1716
0.000184 1703
0.000185 1696
0.000186 1686
0.000187 1677
0.000188 1669
0.000189 1661
0.00019 1647
0.000191 1643
0.000192 1636
0.000193 1624
0.000194 1615
0.000195 1608
0.000196 1596
0.000197 1580
0.000198 1564
0.000199 1551
0.0002 1547
0.000201 1537
0.000202 1521
0.000203 1514
0.000204 1506
0.000205 1500
0.000206 1493
0.000207 1484
0.000208 1477
0.000209 1471
0.00021 1466
0.000211 1455
0.000212 1448
0.000213 1440
0.000214 1431
0.000215 1419
0.000216 1409
0.000217 1400
0.000218 1391
0.000219 1381
0.00022 1367
0.000221 1363
0.000222 1351
0.000223 1338
0.000224 1335
0.000225 1328
0.000226 1324
0.000227 1314
0.000228 1309
0.000229 1305
0.00023 1300
0.000231 1292
0.000232 1283
0.000233 1276
0.000234 1270
0.000235 1262
0.000236 1254
0.000237 1246
0.000238 1238
0.000239 1227
0.00024 1217
0.000241 1210
0.000242 1199
0.000243 1195
0.000244 1195
0.000245 1190
0.000246 1190
0.000247 1186
0.000248 1179
0.000249 1173
0.00025 1163
0.000251 1159
0.000252 1153
0.000253 1145
0.000254 1140
0.000255 1133
0.000256 1127
0.000257 1117
0.000258 1111
0.000259 1100
0.00026 1092
0.000261 1082
0.000262 1077
0.000263 1070
0.000264 1062
0.000265 1055
0.000266 1051
0.000267 1046
0.000268 1039
0.000269 1034
0.00027 1028
0.000271 1023
0.000272 1018
0.000273 1014
0.000274 1008
0.000275 1002
0.000276 1002
0.000277 995
0.000278 989
0.000279 984
0.00028 977
0.000281 968
0.000282 965
0.000283 964
0.000284 959
0.000285 953
0.000286 949
0.000287 941
0.000288 939
0.000289 936
0.00029 932
0.000291 930
0.000292 927
0.000293 921
0.000294 912
0.000295 909
0.000296 907
0.000297 899
0.000298 891
0.000299 885
0.0003 885
0.000301 877
0.000302 870
0.000303 866
0.000304 864
0.000305 860
0.000306 855
0.000307 853
0.000308 848
0.000309 844
0.00031 836
0.000311 832
0.000312 824
0.000313 817
0.000314 814
0.000315 806
0.000316 803
0.000317 800
0.000318 797
0.000319 786
0.00032 782
0.000321 778
0.000322 772
0.000323 770
0.000324 765
0.000325 761
0.000326 761
0.000327 759
0.000328 755
0.000329 754
0.00033 752
0.000331 752
0.000332 750
0.000333 747
0.000334 744
0.000335 742
0.000336 739
0.000337 735
0.000338 737
0.000339 736
0.00034 732
0.000341 731
0.000342 729
0.000343 719
0.000344 717
0.000345 713
0.000346 707
0.000347 704
0.000348 701
0.000349 700
0.00035 693
0.000351 689
0.000352 684
0.000353 681
0.000354 676
0.000355 676
0.000356 673
0.000357 669
0.000358 666
0.000359 663
0.00036 661
0.000361 662
0.000362 656
0.000363 652
0.000364 649
0.000365 645
0.000366 642
0.000367 638
0.000368 633
0.000369 629
0.00037 628
0.000371 625
0.000372 625
0.000373 623
0.000374 620
0.000375 612
0.000376 611
0.000377 608
0.000378 605
0.000379 603
0.00038 600
0.000381 596
0.000382 594
0.000383 591
0.000384 585
0.000385 585
0.000386 583
0.000387 579
0.000388 574
0.000389 570
0.00039 571
0.000391 569
0.000392 562
0.000393 558
0.000394 553
0.000395 550
0.000396 547
0.000397 547
0.000398 544
0.000399 543
0.0004 538
0.000401 536
0.000402 534
0.000403 532
0.000404 530
0.000405 528
0.000406 527
0.000407 524
0.000408 523
0.000409 521
0.00041 517
0.000411 514
0.000412 509
0.000413 505
0.000414 502
0.000415 498
0.000416 496
0.000417 496
0.000418 492
0.000419 485
0.00042 487
0.000421 485
0.000422 480
0.000423 479
0.000424 475
0.000425 471
0.000426 471
0.000427 470
0.000428 468
0.000429 466
0.00043 465
0.000431 464
0.000432 464
0.000433 460
0.000434 458
0.000435 458
0.000436 456
0.000437 453
0.000438 451
0.000439 451
0.00044 448
0.000441 445
0.000442 445
0.000443 445
0.000444 440
0.000445 437
0.000446 437
0.000447 434
0.000448 429
0.000449 428
0.00045 426
0.000451 423
0.000452 422
0.000453 419
0.000454 419
0.000455 418
0.000456 416
0.000457 413
0.000458 410
0.000459 405
0.00046 401
0.000461 400
0.000462 397
0.000463 395
0.000464 388
0.000465 383
0.000466 382
0.000467 382
0.000468 381
0.000469 377
0.00047 374
0.000471 372
0.000472 370
0.000473 369
0.000474 369
0.000475 368
0.000476 365
0.000477 361
0.000478 360
0.000479 358
0.00048 358
0.000481 353
0.000482 349
0.000483 345
0.000484 340
0.000485 337
0.000486 335
0.000487 334
0.000488 332
0.000489 330
0.00049 331
0.000491 329
0.000492 328
0.000493 326
0.000494 323
0.000495 321
0.000496 322
0.000497 318
0.000498 316
0.000499 316
0.0005 314
0.000501 312
0.000502 312
0.000503 311
0.000504 308
0.000505 309
0.000506 308
0.000507 307
0.000508 308
0.000509 308
0.00051 306
0.000511 306
0.000512 305
0.000513 304
0.000514 302
0.000515 300
0.000516 301
0.000517 299
0.000518 298
0.000519 298
0.00052 298
0.000521 297
0.000522 293
0.000523 291
0.000524 290
0.000525 289
0.000526 288
0.000527 287
0.000528 287
0.000529 285
0.00053 284
0.000531 283
0.000532 282
0.000533 282
0.000534 282
0.000535 282
0.000536 281
0.000537 281
0.000538 279
0.000539 277
0.00054 275
0.000541 274
0.000542 270
0.000543 269
0.000544 268
0.000545 268
0.000546 267
0.000547 268
0.000548 264
0.000549 261
0.00055 259
0.000551 257
0.000552 256
0.000553 252
0.000554 253
0.000555 254
0.000556 253
0.000557 251
0.000558 249
0.000559 248
0.00056 248
0.000561 247
0.000562 247
0.000563 247
0.000564 246
0.000565 247
0.000566 247
0.000567 246
0.000568 245
0.000569 244
0.00057 243
0.000571 244
0.000572 241
0.000573 240
0.000574 238
0.000575 238
0.000576 238
0.000577 238
0.000578 238
0.000579 238
0.00058 238
0.000581 235
0.000582 233
0.000583 234
0.000584 234
0.000585 232
0.000586 231
0.000587 230
0.000588 228
0.000589 229
0.00059 226
0.000591 225
0.000592 225
0.000593 223
0.000594 222
0.000595 221
0.000596 219
0.000597 216
0.000598 214
0.000599 213
0.0006 212
0.000601 212
0.000602 210
0.000603 208
0.000604 210
0.000605 207
0.000606 208
0.000607 208
0.000608 208
0.000609 206
0.00061 205
0.000611 207
0.000612 207
0.000613 207
0.000614 205
0.000615 201
0.000616 199
0.000617 199
0.000618 197
0.000619 198
0.00062 196
0.000621 196
0.000622 194
0.000623 192
0.000624 191
0.000625 191
0.000626 191
0.000627 190
0.000628 190
0.000629 189
0.00063 187
0.000631 186
0.000632 183
0.000633 184
0.000634 182
0.000635 179
0.000636 179
0.000637 178
0.000638 177
0.000639 177
0.00064 177
0.000641 177
0.000642 177
0.000643 175
0.000644 174
0.000645 174
0.000646 174
0.000647 173
0.000648 171
0.000649 170
0.00065 170
0.000651 168
0.000652 167
0.000653 168
0.000654 168
0.000655 168
0.000656 170
0.000657 170
0.000658 170
0.000659 169
0.00066 168
0.000661 167
0.000662 165
0.000663 167
0.000664 168
0.000665 167
0.000666 166
0.000667 166
0.000668 166
0.000669 166
0.00067 165
0.000671 165
0.000672 165
0.000673 166
0.000674 166
0.000675 166
0.000676 162
0.000677 163
0.000678 162
0.000679 163
0.00068 164
0.000681 164
0.000682 164
0.000683 165
0.000684 162
0.000685 160
0.000686 158
0.000687 159
0.000688 159
0.000689 158
0.00069 159
0.000691 158
0.000692 156
0.000693 155
0.000694 153
0.000695 152
0.000696 152
0.000697 152
0.000698 152
0.000699 151
0.0007 149
0.000701 148
0.000702 148
0.000703 147
0.000704 146
0.000705 146
0.000706 146
0.000707 144
0.000708 145
0.000709 147
0.00071 146
0.000711 145
0.000712 144
0.000713 143
0.000714 142
0.000715 141
0.000716 142
0.000717 141
0.000718 140
0.000719 139
0.00072 139
0.000721 139
0.000722 139
0.000723 138
0.000724 137
0.000725 136
0.000726 137
0.000727 134
0.000728 133
0.000729 131
0.00073 131
0.000731 130
0.000732 129
0.000733 129
0.000734 130
0.000735 130
0.000736 129
0.000737 130
0.000738 128
0.000739 127
0.00074 128
0.000741 128
0.000742 128
0.000743 127
0.000744 127
0.000745 126
0.000746 124
0.000747 124
0.000748 123
0.000749 123
0.00075 123
0.000751 123
0.000752 122
0.000753 125
0.000754 123
0.000755 123
0.000756 123
0.000757 123
0.000758 119
0.000759 119
0.00076 120
0.000761 120
0.000762 122
0.000763 122
0.000764 121
0.000765 121
0.000766 122
0.000767 122
0.000768 123
0.000769 123
0.00077 122
0.000771 121
0.000772 122
0.000773 119
0.000774 117
0.000775 116
0.000776 117
0.000777 117
0.000778 117
0.000779 117
0.00078 118
0.000781 116
0.000782 116
0.000783 117
0.000784 116
0.000785 115
0.000786 115
0.000787 117
0.000788 114
0.000789 115
0.00079 113
0.000791 113
0.000792 112
0.000793 109
0.000794 110
0.000795 109
0.000796 109
0.000797 107
0.000798 107
0.000799 106
0.0008 106
0.000801 107
0.000802 108
0.000803 108
0.000804 107
0.000805 108
0.000806 108
0.000807 109
0.000808 109
0.000809 109
0.00081 109
0.000811 109
0.000812 109
0.000813 108
0.000814 111
0.000815 109
0.000816 109
0.000817 109
0.000818 109
0.000819 109
0.00082 109
0.000821 110
0.000822 112
0.000823 113
0.000824 113
0.000825 112
0.000826 112
0.000827 110
0.000828 112
0.000829 110
0.00083 111
0.000831 109
0.000832 109
0.000833 110
0.000834 111
0.000835 110
0.000836 110
0.000837 110
0.000838 110
0.000839 110
0.00084 111
0.000841 111
0.000842 109
0.000843 109
0.000844 109
0.000845 110
0.000846 111
0.000847 111
0.000848 111
0.000849 111
0.00085 111
0.000851 111
0.000852 110
0.000853 110
0.000854 110
0.000855 108
0.000856 108
0.000857 109
0.000858 111
0.000859 111
0.00086 111
0.000861 109
0.000862 110
0.000863 110
0.000864 111
0.000865 112
0.000866 112
0.000867 112
0.000868 111
0.000869 111
0.00087 110
0.000871 108
0.000872 107
0.000873 107
0.000874 106
0.000875 106
0.000876 106
0.000877 107
0.000878 107
0.000879 108
0.00088 106
0.000881 105
0.000882 105
0.000883 104
0.000884 104
0.000885 103
0.000886 104
0.000887 104
0.000888 104
0.000889 103
0.00089 103
0.000891 103
0.000892 103
0.000893 103
0.000894 103
0.000895 104
0.000896 102
0.000897 100
0.000898 99
0.000899 100
0.0009 102
0.000901 101
0.000902 102
0.000903 99
0.000904 100
0.000905 100
0.000906 102
0.000907 102
0.000908 101
0.000909 101
0.00091 101
0.000911 102
0.000912 103
0.000913 103
0.000914 101
0.000915 101
0.000916 101
0.000917 100
0.000918 100
0.000919 100
0.00092 101
0.000921 103
0.000922 102
0.000923 102
0.000924 102
0.000925 102
0.000926 102
0.000927 101
0.000928 101
0.000929 101
0.00093 102
0.000931 101
0.000932 98
0.000933 98
0.000934 99
0.000935 99
0.000936 99
0.000937 100
0.000938 100
0.000939 100
0.00094 100
0.000941 99
0.000942 100
0.000943 100
0.000944 100
0.000945 99
0.000946 99
0.000947 98
0.000948 99
0.000949 99
0.00095 99
0.000951 100
0.000952 99
0.000953 100
0.000954 98
0.000955 98
0.000956 97
0.000957 97
0.000958 98
0.000959 96
0.00096 95
0.000961 95
0.000962 96
0.000963 95
0.000964 96
0.000965 96
0.000966 96
0.000967 96
0.000968 97
0.000969 96
0.00097 97
0.000971 95
0.000972 96
0.000973 97
0.000974 97
0.000975 98
0.000976 98
0.000977 98
0.000978 100
0.000979 100
0.00098 101
0.000981 102
0.000982 103
0.000983 104
0.000984 105
0.000985 106
0.000986 106
0.000987 107
0.000988 108
0.000989 109
0.00099 109
0.000991 109
0.000992 108
0.000993 109
0.000994 108
0.000995 107
0.000996 107
0.000997 107
0.000998 106
0.000999 105
0.001 105
0.001001 107
0.001002 104
0.001003 103
0.001004 102
0.001005 102
0.001006 103
0.001007 102
0.001008 102
0.001009 100
0.00101 100
0.001011 100
0.001012 101
0.001013 101
0.001014 103
0.001015 101
0.001016 101
0.001017 102
0.001018 102
0.001019 100
0.00102 101
0.001021 100
0.001022 101
0.001023 101
0.001024 101
0.001025 103
0.001026 103
0.001027 102
0.001028 102
0.001029 102
0.00103 102
0.001031 102
0.001032 102
0.001033 101
0.001034 100
0.001035 100
0.001036 100
0.001037 100
0.001038 99
0.001039 97
0.00104 96
0.001041 95
0.001042 95
0.001043 96
0.001044 97
0.001045 98
0.001046 98
0.001047 97
0.001048 97
0.001049 97
0.00105 96
0.001051 98
0.001052 99
0.001053 99
0.001054 98
0.001055 98
0.001056 98
0.001057 97
0.001058 97
0.001059 97
0.00106 99
0.001061 99
0.001062 98
0.001063 98
0.001064 99
0.001065 101
0.001066 103
0.001067 103
0.001068 103
0.001069 103
0.00107 103
0.001071 103
0.001072 102
0.001073 103
0.001074 104
0.001075 104
0.001076 104
0.001077 106
0.001078 107
0.001079 107
0.00108 106
0.001081 107
0.001082 107
0.001083 108
0.001084 107
0.001085 107
0.001086 108
0.001087 105
0.001088 105
0.001089 105
0.00109 105
0.001091 104
0.001092 103
0.001093 102
0.001094 102
0.001095 102
0.001096 103
0.001097 104
0.001098 105
0.001099 105
0.0011 107
0.001101 108
0.001102 109
0.001103 108
0.001104 108
0.001105 108
0.001106 109
0.001107 108
0.001108 107
0.001109 109
0.00111 109
0.001111 107
0.001112 107
0.001113 106
0.001114 106
0.001115 105
0.001116 108
0.001117 107
0.001118 105
0.001119 106
0.00112 105
0.001121 106
0.001122 104
0.001123 105
0.001124 103
0.001125 104
0.001126 104
0.001127 106
0.001128 107
0.001129 106
0.00113 106
0.001131 106
0.001132 105
0.001133 105
0.001134 105
0.001135 105
0.001136 105
0.001137 105
0.001138 104
0.001139 104
0.00114 103
0.001141 103
0.001142 103
0.001143 104
0.001144 105
0.001145 105
0.001146 104
0.001147 104
0.001148 102
0.001149 101
0.00115 101
0.001151 98
0.001152 100
0.001153 100
0.001154 101
0.001155 101
0.001156 101
0.001157 102
0.001158 100
0.001159 100
0.00116 102
0.001161 100
0.001162 100
0.001163 100
0.001164 100
0.001165 100
0.001166 99
0.001167 99
0.001168 99
0.001169 100
0.00117 99
0.001171 98
0.001172 98
0.001173 98
0.001174 98
0.001175 97
0.001176 97
0.001177 98
0.001178 98
0.001179 98
0.00118 99
0.001181 100
0.001182 100
0.001183 101
0.001184 100
0.001185 100
0.001186 100
0.001187 99
0.001188 99
0.001189 100
0.00119 100
0.001191 100
0.001192 100
0.001193 100
0.001194 101
0.001195 100
0.001196 100
0.001197 101
0.001198 100
0.001199 100
0.0012 99
0.001201 99
0.001202 99
0.001203 98
0.001204 98
0.001205 98
0.001206 97
0.001207 97
0.001208 96
0.001209 95
0.00121 93
0.001211 92
0.001212 91
0.001213 90
0.001214 87
0.001215 87
0.001216 87
0.001217 86
0.001218 85
0.001219 85
0.00122 86
0.001221 85
0.001222 84
0.001223 85
0.001224 85
0.001225 85
0.001226 85
0.001227 83
0.001228 81
0.001229 82
0.00123 83
0.001231 83
0.001232 83
0.001233 81
0.001234 82
0.001235 79
0.001236 79
0.001237 77
0.001238 77
0.001239 77
0.00124 79
0.001241 77
0.001242 77
0.001243 77
0.001244 77
0.001245 76
0.001246 76
0.001247 76
0.001248 76
0.001249 76
0.00125 76
0.001251 77
0.001252 79
0.001253 79
0.001254 79
0.001255 78
0.001256 80
0.001257 80
0.001258 81
0.001259 80
0.00126 80
0.001261 76
0.001262 76
0.001263 74
0.001264 74
0.001265 74
0.001266 74
0.001267 72
0.001268 73
0.001269 73
0.00127 71
0.001271 72
0.001272 72
0.001273 73
0.001274 73
0.001275 73
0.001276 73
0.001277 73
0.001278 72
0.001279 72
0.00128 72
0.001281 73
0.001282 72
0.001283 74
0.001284 73
0.001285 73
0.001286 74
0.001287 74
0.001288 75
0.001289 76
0.00129 79
0.001291 79
0.001292 78
0.001293 78
0.001294 78
0.001295 77
0.001296 77
0.001297 77
0.001298 77
0.001299 78
0.0013 77
0.001301 77
0.001302 76
0.001303 76
0.001304 75
0.001305 78
0.001306 78
0.001307 79
0.001308 79
0.001309 80
0.00131 80
0.001311 81
0.001312 80
0.001313 81
0.001314 78
0.001315 78
0.001316 78
0.001317 79
0.001318 80
0.001319 80
0.00132 79
0.001321 80
0.001322 81
0.001323 83
0.001324 84
0.001325 85
0.001326 85
0.001327 85
0.001328 86
0.001329 86
0.00133 87
0.001331 85
0.001332 85
0.001333 85
0.001334 85
0.001335 86
0.001336 85
0.001337 83
0.001338 81
0.001339 83
0.00134 81
0.001341 81
0.001342 82
0.001343 83
0.001344 81
0.001345 82
0.001346 81
0.001347 81
0.001348 82
0.001349 82
0.00135 83
0.001351 82
0.001352 82
0.001353 83
0.001354 82
0.001355 84
0.001356 84
0.001357 84
0.001358 83
0.001359 83
0.00136 82
0.001361 83
0.001362 84
0.001363 85
0.001364 86
0.001365 86
0.001366 85
0.001367 86
0.001368 86
0.001369 85
0.00137 85
0.001371 87
0.001372 85
0.001373 85
0.001374 85
0.001375 85
0.001376 86
0.001377 86
0.001378 86
0.001379 86
0.00138 86
0.001381 85
0.001382 83
0.001383 83
0.001384 84
0.001385 84
0.001386 85
0.001387 86
0.001388 86
0.001389 86
0.00139 86
0.001391 87
0.001392 87
0.001393 87
0.001394 87
0.001395 87
0.001396 88
0.001397 88
0.001398 88
0.001399 88
0.0014 88
0.001401 89
0.001402 90
0.001403 91
0.001404 91
0.001405 90
0.001406 92
0.001407 91
0.001408 90
0.001409 92
0.00141 92
0.001411 92
0.001412 92
0.001413 91
0.001414 91
0.001415 92
0.001416 93
0.001417 93
0.001418 92
0.001419 91
0.00142 90
0.001421 90
0.001422 90
0.001423 90
0.001424 90
0.001425 90
0.001426 90
0.001427 90
0.001428 91
0.001429 92
0.00143 93
0.001431 93
0.001432 91
0.001433 90
0.001434 91
0.001435 93
0.001436 93
0.001437 93
0.001438 94
0.001439 94
0.00144 93
0.001441 93
0.001442 93
0.001443 92
0.001444 93
0.001445 93
0.001446 92
0.001447 92
0.001448 92
0.001449 92
0.00145 93
0.001451 93
0.001452 94
0.001453 94
0.001454 94
0.001455 94
0.001456 95
0.001457 97
0.001458 96
0.001459 96
0.00146 96
0.001461 96
0.001462 95
0.001463 95
0.001464 96
0.001465 95
0.001466 96
0.001467 98
0.001468 100
0.001469 99
0.00147 99
0.001471 100
0.001472 100
0.001473 100
0.001474 101
0.001475 103
0.001476 102
0.001477 102
0.001478 102
0.001479 101
0.00148 100
0.001481 99
0.001482 99
0.001483 100
0.001484 100
0.001485 102
0.001486 101
0.001487 102
0.001488 102
0.001489 101
0.00149 101
0.001491 102
0.001492 102
0.001493 101
0.001494 102
0.001495 101
0.001496 100
0.001497 99
0.001498 99
0.001499 97
0.0015 96
0.001501 95
0.001502 96
0.001503 95
0.001504 96
0.001505 95
0.001506 96
0.001507 96
0.001508 96
0.001509 95
0.00151 95
0.001511 95
0.001512 95
0.001513 94
0.001514 95
0.001515 92
0.001516 92
0.001517 93
0.001518 94
0.001519 93
0.00152 93
0.001521 89
0.001522 88
0.001523 88
0.001524 88
0.001525 87
0.001526 89
0.001527 87
0.001528 87
0.001529 84
0.00153 83
0.001531 83
0.001532 83
0.001533 81
0.001534 81
0.001535 80
0.001536 80
0.001537 80
0.001538 80
0.001539 79
0.00154 79
0.001541 80
0.001542 80
0.001543 80
0.001544 82
0.001545 82
0.001546 81
0.001547 82
0.001548 81
0.001549 82
0.00155 83
0.001551 82
0.001552 82
0.001553 82
0.001554 82
0.001555 83
0.001556 83
0.001557 83
0.001558 84
0.001559 83
0.00156 83
0.001561 83
0.001562 81
0.001563 81
0.001564 81
0.001565 81
0.001566 82
0.001567 83
0.001568 82
0.001569 81
0.00157 82
0.001571 83
0.001572 84
0.001573 84
0.001574 84
0.001575 85
0.001576 84
0.001577 85
0.001578 85
0.001579 85
0.00158 85
0.001581 85
0.001582 85
0.001583 87
0.001584 88
0.001585 89
0.001586 89
0.001587 89
0.001588 89
0.001589 91
0.00159 90
0.001591 91
0.001592 91
0.001593 91
0.001594 92
0.001595 92
0.001596 94
0.001597 96
0.001598 98
0.001599 99
0.0016 100
0.001601 99
0.001602 99
0.001603 100
0.001604 100
0.001605 102
0.001606 101
0.001607 101
0.001608 100
0.001609 100
0.00161 99
0.001611 99
0.001612 99
0.001613 99
0.001614 97
0.001615 98
0.001616 98
0.001617 98
0.001618 97
0.001619 96
0.00162 96
0.001621 95
0.001622 98
0.001623 97
0.001624 97
0.001625 97
0.001626 97
0.001627 97
0.001628 97
0.001629 96
0.00163 97
0.001631 97
0.001632 98
0.001633 98
0.001634 96
0.001635 95
0.001636 94
0.001637 90
0.001638 90
0.001639 90
0.00164 90
0.001641 91
0.001642 90
0.001643 89
0.001644 88
0.001645 87
0.001646 86
0.001647 86
0.001648 87
0.001649 87
0.00165 89
0.001651 90
0.001652 89
0.001653 90
0.001654 90
0.001655 89
0.001656 90
0.001657 90
0.001658 90
0.001659 91
0.00166 93
0.001661 92
0.001662 90
0.001663 91
0.001664 92
0.001665 92
0.001666 91
0.001667 92
0.001668 90
0.001669 90
0.00167 88
0.001671 87
0.001672 87
0.001673 87
0.001674 88
0.001675 88
0.001676 88
0.001677 87
0.001678 87
0.001679 88
0.00168 87
0.001681 87
0.001682 89
0.001683 88
0.001684 84
0.001685 83
0.001686 82
0.001687 84
0.001688 86
0.001689 86
0.00169 87
0.001691 87
0.001692 87
0.001693 87
0.001694 87
0.001695 87
0.001696 88
0.001697 87
0.001698 87
0.001699 85
0.0017 85
0.001701 83
0.001702 83
0.001703 84
0.001704 84
0.001705 84
0.001706 85
0.001707 86
0.001708 85
0.001709 85
0.00171 84
0.001711 85
0.001712 86
0.001713 86
0.001714 86
0.001715 85
0.001716 85
0.001717 84
0.001718 84
0.001719 83
0.00172 84
0.001721 82
0.001722 82
0.001723 81
0.001724 81
0.001725 82
0.001726 80
0.001727 79
0.001728 79
0.001729 80
0.00173 80
0.001731 80
0.001732 81
0.001733 81
0.001734 82
0.001735 81
0.001736 80
0.001737 81
0.001738 82
0.001739 80
0.00174 81
0.001741 80
0.001742 82
0.001743 84
0.001744 83
0.001745 83
0.001746 81
0.001747 81
0.001748 83
0.001749 85
0.00175 85
0.001751 88
0.001752 88
0.001753 88
0.001754 88
0.001755 88
0.001756 90
0.001757 89
0.001758 88
0.001759 88
0.00176 88
0.001761 87
0.001762 86
0.001763 90
0.001764 90
0.001765 90
0.001766 89
0.001767 89
0.001768 89
0.001769 88
0.00177 88
0.001771 88
0.001772 86
0.001773 85
0.001774 85
0.001775 86
0.001776 86
0.001777 86
0.001778 87
0.001779 87
0.00178 86
0.001781 86
0.001782 85
0.001783 85
0.001784 84
0.001785 84
0.001786 85
0.001787 85
0.001788 83
0.001789 82
0.00179 82
0.001791 83
0.001792 83
0.001793 83
0.001794 83
0.001795 83
0.001796 83
0.001797 83
0.001798 83
0.001799 82
0.0018 83
0.001801 83
0.001802 85
0.001803 86
0.001804 84
0.001805 84
0.001806 84
0.001807 83
0.001808 84
0.001809 85
0.00181 85
0.001811 84
0.001812 84
0.001813 82
0.001814 83
0.001815 82
0.001816 82
0.001817 82
0.001818 83
0.001819 82
0.00182 82
0.001821 83
0.001822 84
0.001823 82
0.001824 84
0.001825 82
0.001826 81
0.001827 81
0.001828 82
0.001829 82
0.00183 82
0.001831 81
0.001832 81
0.001833 82
0.001834 83
0.001835 83
0.001836 84
0.001837 84
0.001838 85
0.001839 86
0.00184 86
0.001841 86
0.001842 87
0.001843 86
0.001844 86
0.001845 86
0.001846 87
0.001847 85
0.001848 85
0.001849 84
0.00185 82
0.001851 82
0.001852 83
0.001853 83
0.001854 83
0.001855 83
0.001856 83
0.001857 83
0.001858 83
0.001859 84
0.00186 85
0.001861 86
0.001862 87
0.001863 87
0.001864 87
0.001865 87
0.001866 85
0.001867 85
0.001868 85
0.001869 84
0.00187 83
0.001871 84
0.001872 82
0.001873 82
0.001874 81
0.001875 80
0.001876 80
0.001877 80
0.001878 80
0.001879 80
0.00188 80
0.001881 79
0.001882 79
0.001883 80
0.001884 80
0.001885 80
0.001886 80
0.001887 81
0.001888 81
0.001889 82
0.00189 82
0.001891 82
0.001892 83
0.001893 83
0.001894 83
0.001895 82
0.001896 83
0.001897 84
0.001898 83
0.001899 82
0.0019 82
0.001901 83
0.001902 84
0.001903 85
0.001904 85
0.001905 85
0.001906 84
0.001907 84
0.001908 84
0.001909 84
0.00191 85
0.001911 85
0.001912 85
0.001913 85
0.001914 84
0.001915 84
0.001916 83
0.001917 82
0.001918 82
0.001919 83
0.00192 83
0.001921 84
0.001922 82
0.001923 83
0.001924 82
0.001925 82
0.001926 81
0.001927 82
0.001928 83
0.001929 83
0.00193 83
0.001931 83
0.001932 83
0.001933 83
0.001934 84
0.001935 85
0.001936 86
0.001937 85
0.001938 84
0.001939 85
0.00194 85
0.001941 84
0.001942 84
0.001943 84
0.001944 84
0.001945 85
0.001946 83
0.001947 84
0.001948 83
0.001949 83
0.00195 83
0.001951 83
0.001952 82
0.001953 80
0.001954 79
0.001955 79
0.001956 78
0.001957 76
0.001958 76
0.001959 78
0.00196 78
0.001961 78
0.001962 78
0.001963 78
0.001964 79
0.001965 80
0.001966 80
0.001967 79
0.001968 78
0.001969 77
0.00197 77
0.001971 77
0.001972 76
0.001973 77
0.001974 76
0.001975 77
0.001976 77
0.001977 76
0.001978 75
0.001979 76
0.00198 78
0.001981 79
0.001982 79
0.001983 79
0.001984 79
0.001985 77
0.001986 77
0.001987 76
0.001988 75
0.001989 75
0.00199 76
0.001991 76
0.001992 78
0.001993 79
0.001994 79
0.001995 80
0.001996 79
0.001997 78
0.001998 78
0.001999 80
0.002 81
0.002001 80
0.002002 81
0.002003 82
0.002004 82
0.002005 83
0.002006 84
0.002007 82
0.002008 83
0.002009 84
0.00201 84
0.002011 84
0.002012 85
0.002013 86
0.002014 86
0.002015 84
0.002016 84
0.002017 84
0.002018 86
0.002019 86
0.00202 86
0.002021 86
0.002022 87
0.002023 87
0.002024 88
0.002025 87
0.002026 87
0.002027 87
0.002028 86
0.002029 86
0.00203 88
0.002031 87
0.002032 87
0.002033 87
0.002034 88
0.002035 88
0.002036 88
0.002037 88
0.002038 87
0.002039 88
0.00204 88
0.002041 87
0.002042 87
0.002043 86
0.002044 86
0.002045 85
0.002046 84
0.002047 85
0.002048 84
0.002049 85
0.00205 85
0.002051 85
0.002052 85
0.002053 86
0.002054 87
0.002055 88
0.002056 90
0.002057 90
0.002058 92
0.002059 90
0.00206 92
0.002061 93
0.002062 93
0.002063 92
0.002064 92
0.002065 92
0.002066 91
0.002067 91
0.002068 91
0.002069 91
0.00207 91
0.002071 90
0.002072 90
0.002073 89
0.002074 89
0.002075 89
0.002076 89
0.002077 89
0.002078 89
0.002079 89
0.00208 89
0.002081 91
0.002082 92
0.002083 92
0.002084 91
0.002085 91
0.002086 91
0.002087 89
0.002088 91
0.002089 92
0.00209 93
0.002091 91
0.002092 92
0.002093 93
0.002094 92
0.002095 93
0.002096 93
0.002097 93
0.002098 94
0.002099 93
0.0021 94
0.002101 94
0.002102 94
0.002103 95
0.002104 95
0.002105 95
0.002106 94
0.002107 93
0.002108 93
0.002109 91
0.00211 93
0.002111 93
0.002112 92
0.002113 92
0.002114 91
0.002115 91
0.002116 91
0.002117 91
0.002118 92
0.002119 92
0.00212 92
0.002121 90
0.002122 89
0.002123 88
0.002124 88
0.002125 88
0.002126 88
0.002127 89
0.002128 87
0.002129 88
0.00213 87
0.002131 88
0.002132 87
0.002133 85
0.002134 85
0.002135 84
0.002136 84
0.002137 85
0.002138 85
0.002139 84
0.00214 84
0.002141 84
0.002142 85
0.002143 86
0.002144 87
0.002145 88
0.002146 89
0.002147 90
0.002148 90
0.002149 91
0.00215 91
0.002151 92
0.002152 91
0.002153 92
0.002154 92
0.002155 91
0.002156 91
0.002157 91
0.002158 91
0.002159 90
0.00216 93
0.002161 91
0.002162 90
0.002163 92
0.002164 93
0.002165 92
0.002166 91
0.002167 90
0.002168 89
0.002169 90
0.00217 88
0.002171 89
0.002172 88
0.002173 87
0.002174 87
0.002175 88
0.002176 88
0.002177 85
0.002178 86
0.002179 87
0.00218 88
0.002181 89
0.002182 89
0.002183 89
0.002184 89
0.002185 87
0.002186 87
0.002187 86
0.002188 87
0.002189 86
0.00219 86
0.002191 86
0.002192 86
0.002193 86
0.002194 87
0.002195 87
0.002196 87
0.002197 87
0.002198 87
0.002199 88
0.0022 89
0.002201 90
0.002202 90
0.002203 90
0.002204 89
0.002205 88
0.002206 89
0.002207 89
0.002208 86
0.002209 86
0.00221 86
0.002211 85
0.002212 84
0.002213 84
0.002214 83
0.002215 82
0.002216 83
0.002217 84
0.002218 84
0.002219 84
0.00222 85
0.002221 84
0.002222 84
0.002223 83
0.002224 83
0.002225 84
0.002226 83
0.002227 82
0.002228 83
0.002229 84
0.00223 84
0.002231 84
0.002232 83
0.002233 82
0.002234 82
0.002235 84
0.002236 85
0.002237 85
0.002238 84
0.002239 85
0.00224 85
0.002241 84
0.002242 84
0.002243 84
0.002244 83
0.002245 83
0.002246 82
0.002247 82
0.002248 81
0.002249 81
0.00225 83
0.002251 82
0.002252 82
0.002253 81
0.002254 81
0.002255 81
0.002256 82
0.002257 81
0.002258 81
0.002259 82
0.00226 81
0.002261 82
0.002262 81
0.002263 79
0.002264 80
0.002265 80
0.002266 81
0.002267 81
0.002268 81
0.002269 82
0.00227 85
0.002271 86
0.002272 89
0.002273 89
0.002274 89
0.002275 90
0.002276 90
0.002277 90
0.002278 92
0.002279 92
0.00228 93
0.002281 94
0.002282 94
0.002283 95
0.002284 96
0.002285 97
0.002286 98
0.002287 100
0.002288 99
0.002289 99
0.00229 98
0.002291 98
0.002292 98
0.002293 95
0.002294 93
0.002295 94
0.002296 94
0.002297 94
0.002298 93
0.002299 93
0.0023 95
0.002301 94
0.002302 93
0.002303 92
0.002304 95
0.002305 96
0.002306 95
0.002307 95
0.002308 95
0.002309 95
0.00231 95
0.002311 94
0.002312 94
0.002313 93
0.002314 92
0.002315 91
0.002316 93
0.002317 93
0.002318 94
0.002319 96
0.00232 95
0.002321 94
0.002322 95
0.002323 96
0.002324 97
0.002325 96
0.002326 96
0.002327 95
0.002328 95
0.002329 95
0.00233 97
0.002331 96
0.002332 97
0.002333 95
0.002334 95
0.002335 94
0.002336 93
0.002337 93
0.002338 92
0.002339 93
0.00234 93
0.002341 93
0.002342 94
0.002343 96
0.002344 95
0.002345 94
0.002346 94
0.002347 96
0.002348 96
0.002349 97
0.00235 97
0.002351 95
0.002352 94
0.002353 94
0.002354 95
0.002355 95
0.002356 95
0.002357 94
0.002358 93
0.002359 92
0.00236 93
0.002361 92
0.002362 92
0.002363 93
0.002364 92
0.002365 92
0.002366 90
0.002367 92
0.002368 93
0.002369 93
0.00237 93
0.002371 92
0.002372 92
0.002373 91
0.002374 93
0.002375 93
0.002376 92
0.002377 92
0.002378 92
0.002379 92
0.00238 92
0.002381 92
0.002382 92
0.002383 91
0.002384 90
0.002385 89
0.002386 91
0.002387 90
0.002388 89
0.002389 90
0.00239 90
0.002391 91
0.002392 91
0.002393 91
0.002394 90
0.002395 90
0.002396 90
0.002397 87
0.002398 87
0.002399 90
0.0024 89
0.002401 91
0.002402 92
0.002403 92
0.002404 92
0.002405 94
0.002406 93
0.002407 94
0.002408 94
0.002409 92
0.00241 91
0.002411 92
0.002412 93
0.002413 97
0.002414 97
0.002415 98
0.002416 100
0.002417 100
0.002418 100
0.002419 99
0.00242 100
0.002421 100
0.002422 99
0.002423 99
0.002424 100
0.002425 103
0.002426 104
0.002427 105
0.002428 105
0.002429 106
0.00243 106
0.002431 106
0.002432 104
0.002433 102
0.002434 101
0.002435 101
0.002436 100
0.002437 100
0.002438 100
0.002439 97
0.00244 97
0.002441 96
0.002442 97
0.002443 96
0.002444 95
0.002445 95
0.002446 94
0.002447 95
0.002448 95
0.002449 96
0.00245 96
0.002451 97
0.002452 95
0.002453 96
0.002454 98
0.002455 97
0.002456 96
0.002457 96
0.002458 96
0.002459 99
0.00246 98
0.002461 98
0.002462 98
0.002463 98
0.002464 97
0.002465 97
0.002466 98
0.002467 97
0.002468 96
0.002469 94
0.00247 94
0.002471 94
0.002472 96
0.002473 97
0.002474 96
0.002475 96
0.002476 95
0.002477 95
0.002478 95
0.002479 96
0.00248 97
0.002481 98
0.002482 98
0.002483 97
0.002484 97
0.002485 94
0.002486 92
0.002487 92
0.002488 92
0.002489 94
0.00249 94
0.002491 94
0.002492 94
0.002493 94
0.002494 94
0.002495 94
0.002496 94
0.002497 93
0.002498 91
0.002499 91
0.0025 91
0.002501 91
0.002502 92
0.002503 92
0.002504 91
0.002505 92
0.002506 91
0.002507 91
0.002508 90
0.002509 90
0.00251 89
0.002511 88
0.002512 88
0.002513 89
0.002514 90
0.002515 89
0.002516 89
0.002517 89
0.002518 89
0.002519 91
0.00252 93
0.002521 94
0.002522 94
0.002523 93
0.002524 94
0.002525 92
0.002526 93
0.002527 93
0.002528 93
0.002529 93
0.00253 94
0.002531 95
0.002532 94
0.002533 94
0.002534 93
0.002535 94
0.002536 96
0.002537 96
0.002538 96
0.002539 96
0.00254 96
0.002541 94
0.002542 95
0.002543 95
0.002544 95
0.002545 95
0.002546 96
0.002547 95
0.002548 94
0.002549 95
0.00255 95
0.002551 96
0.002552 97
0.002553 96
0.002554 96
0.002555 96
0.002556 96
0.002557 96
0.002558 96
0.002559 98
0.00256 99
0.002561 99
0.002562 100
0.002563 101
0.002564 100
0.002565 100
0.002566 100
0.002567 99
0.002568 98
0.002569 98
0.00257 100
0.002571 100
0.002572 98
0.002573 99
0.002574 99
0.002575 99
0.002576 101
0.002577 101
0.002578 102
0.002579 102
0.00258 102
0.002581 101
0.002582 102
0.002583 103
0.002584 103
0.002585 103
0.002586 104
0.002587 103
0.002588 103
0.002589 103
0.00259 102
0.002591 102
0.002592 102
0.002593 101
0.002594 100
0.002595 98
0.002596 95
0.002597 94
0.002598 94
0.002599 94
0.0026 96
0.002601 97
0.002602 93
0.002603 92
0.002604 91
0.002605 90
0.002606 89
0.002607 88
0.002608 89
0.002609 88
0.00261 88
0.002611 87
0.002612 87
0.002613 88
0.002614 88
0.002615 89
0.002616 89
0.002617 89
0.002618 89
0.002619 88
0.00262 90
0.002621 89
0.002622 89
0.002623 89
0.002624 89
0.002625 87
0.002626 87
0.002627 87
0.002628 87
0.002629 87
0.00263 86
0.002631 85
0.002632 84
0.002633 84
0.002634 84
0.002635 84
0.002636 87
0.002637 87
0.002638 88
0.002639 88
0.00264 88
0.002641 88
0.002642 88
0.002643 85
0.002644 85
0.002645 85
0.002646 85
0.002647 84
0.002648 85
0.002649 86
0.00265 86
0.002651 86
0.002652 87
0.002653 86
0.002654 86
0.002655 86
0.002656 85
0.002657 85
0.002658 86
0.002659 85
0.00266 85
0.002661 85
0.002662 86
0.002663 85
0.002664 86
0.002665 86
0.002666 86
0.002667 87
0.002668 86
0.002669 87
0.00267 87
0.002671 87
0.002672 87
0.002673 87
0.002674 87
0.002675 86
0.002676 88
0.002677 89
0.002678 89
0.002679 89
0.00268 89
0.002681 89
0.002682 89
0.002683 89
0.002684 88
0.002685 86
0.002686 86
0.002687 85
0.002688 85
0.002689 85
0.00269 86
0.002691 87
0.002692 87
0.002693 87
0.002694 87
0.002695 87
0.002696 88
0.002697 87
0.002698 87
0.002699 87
0.0027 87
0.002701 87
0.002702 88
0.002703 89
0.002704 89
0.002705 90
0.002706 90
0.002707 88
0.002708 87
0.002709 87
0.00271 88
0.002711 88
0.002712 88
0.002713 86
0.002714 87
0.002715 86
0.002716 84
0.002717 85
0.002718 86
0.002719 86
0.00272 86
0.002721 86
0.002722 86
0.002723 87
0.002724 86
0.002725 85
0.002726 85
0.002727 86
0.002728 86
0.002729 85
0.00273 86
0.002731 86
0.002732 85
0.002733 84
0.002734 84
0.002735 85
0.002736 86
0.002737 87
0.002738 86
0.002739 85
0.00274 85
0.002741 83
0.002742 82
0.002743 82
0.002744 83
0.002745 85
0.002746 84
0.002747 85
0.002748 85
0.002749 84
0.00275 85
0.002751 84
0.002752 85
0.002753 84
0.002754 87
0.002755 87
0.002756 84
0.002757 85
0.002758 87
0.002759 89
0.00276 90
0.002761 91
0.002762 92
0.002763 93
0.002764 91
0.002765 91
0.002766 90
0.002767 89
0.002768 89
0.002769 89
0.00277 90
0.002771 89
0.002772 92
0.002773 93
0.002774 93
0.002775 93
0.002776 93
0.002777 93
0.002778 94
0.002779 93
0.00278 94
0.002781 93
0.002782 93
0.002783 93
0.002784 92
0.002785 92
0.002786 91
0.002787 91
0.002788 88
0.002789 88
0.00279 89
0.002791 89
0.002792 89
0.002793 90
0.002794 91
0.002795 90
0.002796 90
0.002797 89
0.002798 88
0.002799 87
0.0028 86
0.002801 86
0.002802 86
0.002803 86
0.002804 86
0.002805 86
0.002806 85
0.002807 84
0.002808 83
0.002809 82
0.00281 82
0.002811 82
0.002812 82
0.002813 83
0.002814 85
0.002815 84
0.002816 85
0.002817 86
0.002818 85
0.002819 85
0.00282 85
0.002821 85
0.002822 84
0.002823 85
0.002824 84
0.002825 84
0.002826 83
0.002827 83
0.002828 83
0.002829 84
0.00283 84
0.002831 84
0.002832 84
0.002833 84
0.002834 85
0.002835 86
0.002836 84
0.002837 83
0.002838 83
0.002839 84
0.00284 84
0.002841 85
0.002842 87
0.002843 87
0.002844 86
0.002845 86
0.002846 86
0.002847 84
0.002848 84
0.002849 84
0.00285 83
0.002851 83
0.002852 83
0.002853 84
0.002854 84
0.002855 84
0.002856 84
0.002857 83
0.002858 82
0.002859 81
0.00286 80
0.002861 80
0.002862 78
0.002863 78
0.002864 77
0.002865 77
0.002866 76
0.002867 76
0.002868 76
0.002869 75
0.00287 76
0.002871 77
0.002872 76
0.002873 76
0.002874 77
0.002875 76
0.002876 76
0.002877 75
0.002878 77
0.002879 78
0.00288 77
0.002881 78
0.002882 77
0.002883 76
0.002884 76
0.002885 76
0.002886 76
0.002887 77
0.002888 77
0.002889 78
0.00289 79
0.002891 78
0.002892 79
0.002893 81
0.002894 80
0.002895 82
0.002896 83
0.002897 83
0.002898 85
0.002899 84
0.0029 84
0.002901 83
0.002902 83
0.002903 82
0.002904 82
0.002905 81
0.002906 81
0.002907 80
0.002908 82
0.002909 82
0.00291 82
0.002911 84
0.002912 84
0.002913 84
0.002914 85
0.002915 85
0.002916 85
0.002917 85
0.002918 86
0.002919 86
0.00292 88
0.002921 87
0.002922 87
0.002923 87
0.002924 88
0.002925 88
0.002926 87
0.002927 87
0.002928 85
0.002929 86
0.00293 86
0.002931 84
0.002932 83
0.002933 84
0.002934 84
0.002935 83
0.002936 83
0.002937 83
0.002938 83
0.002939 84
0.00294 84
0.002941 85
0.002942 84
0.002943 84
0.002944 84
0.002945 84
0.002946 83
0.002947 82
0.002948 83
0.002949 83
0.00295 83
0.002951 83
0.002952 83
0.002953 83
0.002954 83
0.002955 84
0.002956 84
0.002957 84
0.002958 85
0.002959 86
0.00296 86
0.002961 87
0.002962 86
0.002963 83
0.002964 83
0.002965 82
0.002966 83
0.002967 83
0.002968 82
0.002969 81
0.00297 81
0.002971 81
0.002972 82
0.002973 82
0.002974 82
0.002975 81
0.002976 79
0.002977 80
0.002978 81
0.002979 81
0.00298 82
0.002981 82
0.002982 83
0.002983 84
0.002984 83
0.002985 83
0.002986 84
0.002987 85
0.002988 85
0.002989 85
0.00299 86
0.002991 86
0.002992 86
0.002993 86
0.002994 87
0.002995 86
0.002996 86
0.002997 85
0.002998 85
0.002999 85
0.003 85
0.003001 86
0.003002 86
0.003003 86
0.003004 86
0.003005 86
0.003006 86
0.003007 86
0.003008 87
0.003009 88
0.00301 91
0.003011 90
0.003012 90
0.003013 90
0.003014 90
0.003015 91
0.003016 90
0.003017 90
0.003018 89
0.003019 91
0.00302 89
0.003021 89
0.003022 90
0.003023 90
0.003024 90
0.003025 90
0.003026 90
0.003027 89
0.003028 89
0.003029 89
0.00303 88
0.003031 88
0.003032 90
0.003033 90
0.003034 90
0.003035 91
0.003036 89
0.003037 90
0.003038 93
0.003039 95
0.00304 96
0.003041 94
0.003042 94
0.003043 93
0.003044 96
0.003045 96
0.003046 94
0.003047 95
0.003048 95
0.003049 96
0.00305 95
0.003051 95
0.003052 95
0.003053 95
0.003054 96
0.003055 96
0.003056 95
0.003057 95
0.003058 96
0.003059 95
0.00306 96
0.003061 96
0.003062 96
0.003063 96
0.003064 96
0.003065 96
0.003066 95
0.003067 97
0.003068 95
0.003069 95
0.00307 95
0.003071 95
0.003072 94
0.003073 95
0.003074 95
0.003075 95
0.003076 96
0.003077 96
0.003078 98
0.003079 98
0.00308 99
0.003081 98
0.003082 99
0.003083 99
0.003084 97
0.003085 97
0.003086 96
0.003087 96
0.003088 95
0.003089 95
0.00309 94
0.003091 93
0.003092 92
0.003093 92
0.003094 92
0.003095 93
0.003096 94
0.003097 94
0.003098 94
0.003099 94
0.0031 93
0.003101 92
0.003102 93
0.003103 93
0.003104 94
0.003105 94
0.003106 94
0.003107 94
0.003108 94
0.003109 94
0.00311 94
0.003111 94
0.003112 94
0.003113 92
0.003114 90
0.003115 90
0.003116 89
0.003117 90
0.003118 91
0.003119 92
0.00312 91
0.003121 91
0.003122 91
0.003123 91
0.003124 91
0.003125 91
0.003126 90
0.003127 91
0.003128 90
0.003129 90
0.00313 90
0.003131 91
0.003132 91
0.003133 91
0.003134 91
0.003135 90
0.003136 88
0.003137 89
0.003138 88
0.003139 89
0.00314 88
0.003141 85
0.003142 85
0.003143 86
0.003144 86
0.003145 86
0.003146 88
0.003147 88
0.003148 87
0.003149 87
0.00315 88
0.003151 88
0.003152 89
0.003153 88
0.003154 88
0.003155 89
0.003156 90
0.003157 90
0.003158 89
0.003159 89
0.00316 88
0.003161 88
0.003162 87
0.003163 87
0.003164 89
0.003165 90
0.003166 90
0.003167 89
0.003168 88
0.003169 87
0.00317 88
0.003171 89
0.003172 89
0.003173 89
0.003174 90
0.003175 91
0.003176 90
0.003177 90
0.003178 90
0.003179 91
0.00318 89
0.003181 90
0.003182 90
0.003183 90
0.003184 91
0.003185 90
0.003186 90
0.003187 89
0.003188 91
0.003189 92
0.00319 92
0.003191 92
0.003192 89
0.003193 88
0.003194 88
0.003195 87
0.003196 86
0.003197 86
0.003198 87
0.003199 87
0.0032 86
0.003201 85
0.003202 85
0.003203 84
0.003204 83
0.003205 82
0.003206 82
0.003207 82
0.003208 82
0.003209 81
0.00321 81
0.003211 81
0.003212 81
0.003213 84
0.003214 84
0.003215 84
0.003216 84
0.003217 82
0.003218 82
0.003219 83
0.00322 83
0.003221 85
0.003222 83
0.003223 83
0.003224 82
0.003225 82
0.003226 82
0.003227 82
0.003228 82
0.003229 82
0.00323 82
0.003231 83
0.003232 83
0.003233 83
0.003234 83
0.003235 84
0.003236 85
0.003237 86
0.003238 88
0.003239 89
0.00324 89
0.003241 87
0.003242 87
0.003243 86
0.003244 85
0.003245 85
0.003246 86
0.003247 87
0.003248 86
0.003249 85
0.00325 87
0.003251 88
0.003252 87
0.003253 87
0.003254 90
0.003255 91
0.003256 93
0.003257 92
0.003258 90
0.003259 90
0.00326 90
0.003261 89
0.003262 90
0.003263 91
0.003264 91
0.003265 90
0.003266 90
0.003267 90
0.003268 89
0.003269 88
0.00327 88
0.003271 88
0.003272 88
0.003273 87
0.003274 85
0.003275 86
0.003276 86
0.003277 86
0.003278 85
0.003279 83
0.00328 83
0.003281 82
0.003282 81
0.003283 81
0.003284 81
0.003285 82
0.003286 82
0.003287 81
0.003288 81
0.003289 79
0.00329 78
0.003291 78
0.003292 77
0.003293 77
0.003294 78
0.003295 77
0.003296 77
0.003297 77
0.003298 76
0.003299 75
0.0033 75
0.003301 77
0.003302 77
0.003303 77
0.003304 76
0.003305 76
0.003306 78
0.003307 77
0.003308 76
0.003309 76
0.00331 78
0.003311 80
0.003312 79
0.003313 81
0.003314 82
0.003315 82
0.003316 84
0.003317 85
0.003318 86
0.003319 85
0.00332 85
0.003321 86
0.003322 88
0.003323 89
0.003324 89
0.003325 89
0.003326 89
0.003327 89
0.003328 88
0.003329 89
0.00333 90
0.003331 88
0.003332 86
0.003333 84
0.003334 84
0.003335 84
0.003336 84
0.003337 87
0.003338 86
0.003339 83
0.00334 82
0.003341 83
0.003342 83
0.003343 83
0.003344 84
0.003345 84
0.003346 84
0.003347 83
0.003348 83
0.003349 82
0.00335 82
0.003351 81
0.003352 82
0.003353 82
0.003354 82
0.003355 80
0.003356 82
0.003357 81
0.003358 81
0.003359 80
0.00336 80
0.003361 81
0.003362 81
0.003363 80
0.003364 80
0.003365 79
0.003366 79
0.003367 79
0.003368 79
0.003369 78
0.00337 78
0.003371 77
0.003372 77
0.003373 76
0.003374 77
0.003375 76
0.003376 78
0.003377 78
0.003378 77
0.003379 76
0.00338 77
0.003381 75
0.003382 74
0.003383 73
0.003384 73
0.003385 72
0.003386 71
0.003387 72
0.003388 72
0.003389 72
0.00339 73
0.003391 73
0.003392 71
0.003393 71
0.003394 70
0.003395 70
0.003396 70
0.003397 71
0.003398 71
0.003399 71
0.0034 70
0.003401 70
0.003402 70
0.003403 70
0.003404 69
0.003405 67
0.003406 67
0.003407 66
0.003408 67
0.003409 67
0.00341 68
0.003411 68
0.003412 68
0.003413 69
0.003414 70
0.003415 73
0.003416 74
0.003417 73
0.003418 76
0.003419 76
0.00342 76
0.003421 77
0.003422 75
0.003423 75
0.003424 75
0.003425 75
0.003426 75
0.003427 75
0.003428 76
0.003429 75
0.00343 77
0.003431 77
0.003432 75
0.003433 76
0.003434 77
0.003435 77
0.003436 76
0.003437 77
0.003438 78
0.003439 78
0.00344 78
0.003441 77
0.003442 76
0.003443 76
0.003444 77
0.003445 78
0.003446 79
0.003447 81
0.003448 81
0.003449 81
0.00345 81
0.003451 81
0.003452 82
0.003453 83
0.003454 82
0.003455 83
0.003456 82
0.003457 82
0.003458 81
0.003459 82
0.00346 81
0.003461 83
0.003462 83
0.003463 83
0.003464 83
0.003465 83
0.003466 83
0.003467 82
0.003468 85
0.003469 85
0.00347 84
0.003471 84
0.003472 84
0.003473 84
0.003474 84
0.003475 83
0.003476 83
0.003477 84
0.003478 83
0.003479 83
0.00348 84
0.003481 83
0.003482 84
0.003483 84
0.003484 85
0.003485 85
0.003486 85
0.003487 84
0.003488 84
0.003489 85
0.00349 86
0.003491 87
0.003492 87
0.003493 89
0.003494 89
0.003495 90
0.003496 91
0.003497 90
0.003498 89
0.003499 88
0.0035 89
0.003501 89
0.003502 89
0.003503 89
0.003504 88
0.003505 88
0.003506 88
0.003507 88
0.003508 89
0.003509 89
0.00351 89
0.003511 89
0.003512 89
0.003513 89
0.003514 90
0.003515 90
0.003516 91
0.003517 90
0.003518 89
0.003519 89
0.00352 89
0.003521 89
0.003522 86
0.003523 86
0.003524 85
0.003525 87
0.003526 86
0.003527 86
0.003528 85
0.003529 83
0.00353 83
0.003531 83
0.003532 81
0.003533 83
0.003534 85
0.003535 85
0.003536 86
0.003537 86
0.003538 86
0.003539 86
0.00354 85
0.003541 85
0.003542 85
0.003543 85
0.003544 85
0.003545 86
0.003546 86
0.003547 85
0.003548 83
0.003549 84
0.00355 84
0.003551 83
0.003552 82
0.003553 83
0.003554 84
0.003555 85
0.003556 85
0.003557 84
0.003558 84
0.003559 84
0.00356 83
0.003561 82
0.003562 83
0.003563 82
0.003564 82
0.003565 80
0.003566 79
0.003567 79
0.003568 80
0.003569 81
0.00357 80
0.003571 81
0.003572 82
0.003573 82
0.003574 81
0.003575 82
0.003576 81
0.003577 82
0.003578 83
0.003579 82
0.00358 82
0.003581 81
0.003582 81
0.003583 83
0.003584 82
0.003585 81
0.003586 82
0.003587 81
0.003588 83
0.003589 83
0.00359 83
0.003591 83
0.003592 82
0.003593 82
0.003594 81
0.003595 81
0.003596 81
0.003597 80
0.003598 80
0.003599 80
0.0036 79
0.003601 79
0.003602 78
0.003603 78
0.003604 77
0.003605 78
0.003606 78
0.003607 78
0.003608 78
0.003609 79
0.00361 79
0.003611 82
0.003612 82
0.003613 82
0.003614 82
0.003615 81
0.003616 80
0.003617 78
0.003618 77
0.003619 77
0.00362 77
0.003621 75
0.003622 74
0.003623 74
0.003624 76
0.003625 75
0.003626 75
0.003627 74
0.003628 74
0.003629 74
0.00363 73
0.003631 73
0.003632 72
0.003633 74
0.003634 74
0.003635 74
0.003636 75
0.003637 75
0.003638 76
0.003639 76
0.00364 77
0.003641 76
0.003642 77
0.003643 74
0.003644 74
0.003645 74
0.003646 74
0.003647 74
0.003648 73
0.003649 73
0.00365 73
0.003651 73
0.003652 73
0.003653 75
0.003654 75
0.003655 76
0.003656 77
0.003657 77
0.003658 77
0.003659 77
0.00366 77
0.003661 79
0.003662 80
0.003663 81
0.003664 79
0.003665 79
0.003666 78
0.003667 79
0.003668 79
0.003669 80
0.00367 79
0.003671 78
0.003672 77
0.003673 77
0.003674 75
0.003675 75
0.003676 74
0.003677 74
0.003678 74
0.003679 74
0.00368 72
0.003681 72
0.003682 71
0.003683 72
0.003684 72
0.003685 72
0.003686 73
0.003687 74
0.003688 76
0.003689 75
0.00369 75
0.003691 75
0.003692 75
0.003693 75
0.003694 75
0.003695 75
0.003696 76
0.003697 76
0.003698 77
0.003699 76
0.0037 76
0.003701 77
0.003702 77
0.003703 77
0.003704 78
0.003705 78
0.003706 78
0.003707 77
0.003708 78
0.003709 78
0.00371 78
0.003711 78
0.003712 79
0.003713 79
0.003714 78
0.003715 78
0.003716 77
0.003717 78
0.003718 78
0.003719 78
0.00372 77
0.003721 77
0.003722 78
0.003723 78
0.003724 79
0.003725 79
0.003726 80
0.003727 80
0.003728 80
0.003729 80
0.00373 80
0.003731 79
0.003732 80
0.003733 80
0.003734 82
0.003735 81
0.003736 82
0.003737 82
0.003738 82
0.003739 81
0.00374 80
0.003741 78
0.003742 79
0.003743 78
0.003744 76
0.003745 77
0.003746 77
0.003747 77
0.003748 78
0.003749 78
0.00375 78
0.003751 81
0.003752 82
0.003753 82
0.003754 80
0.003755 80
0.003756 80
0.003757 81
0.003758 80
0.003759 81
0.00376 78
0.003761 79
0.003762 79
0.003763 80
0.003764 82
0.003765 82
0.003766 84
0.003767 84
0.003768 84
0.003769 84
0.00377 84
0.003771 83
0.003772 82
0.003773 82
0.003774 81
0.003775 81
0.003776 81
0.003777 81
0.003778 78
0.003779 78
0.00378 76
0.003781 76
0.003782 76
0.003783 76
0.003784 75
0.003785 74
0.003786 74
0.003787 74
0.003788 73
0.003789 73
0.00379 71
0.003791 71
0.003792 71
0.003793 73
0.003794 73
0.003795 73
0.003796 74
0.003797 73
0.003798 74
0.003799 72
0.0038 72
0.003801 72
0.003802 72
0.003803 73
0.003804 75
0.003805 75
0.003806 75
0.003807 74
0.003808 75
0.003809 76
0.00381 77
0.003811 77
0.003812 77
0.003813 76
0.003814 76
0.003815 76
0.003816 78
0.003817 78
0.003818 78
0.003819 80
0.00382 79
0.003821 79
0.003822 80
0.003823 80
0.003824 79
0.003825 78
0.003826 78
0.003827 77
0.003828 77
0.003829 77
0.00383 77
0.003831 76
0.003832 75
0.003833 75
0.003834 76
0.003835 77
0.003836 78
0.003837 79
0.003838 80
0.003839 81
0.00384 82
0.003841 80
0.003842 79
0.003843 82
0.003844 82
0.003845 83
0.003846 83
0.003847 85
0.003848 85
0.003849 85
0.00385 84
0.003851 84
0.003852 85
0.003853 84
0.003854 84
0.003855 84
0.003856 84
0.003857 83
0.003858 85
0.003859 86
0.00386 87
0.003861 87
0.003862 89
0.003863 88
0.003864 87
0.003865 87
0.003866 87
0.003867 87
0.003868 87
0.003869 89
0.00387 90
0.003871 90
0.003872 91
0.003873 91
0.003874 90
0.003875 90
0.003876 90
0.003877 90
0.003878 89
0.003879 89
0.00388 89
0.003881 89
0.003882 90
0.003883 88
0.003884 89
0.003885 90
0.003886 91
0.003887 91
0.003888 90
0.003889 91
0.00389 91
0.003891 92
0.003892 91
0.003893 90
0.003894 89
0.003895 88
0.003896 88
0.003897 88
0.003898 89
0.003899 89
0.0039 89
0.003901 89
0.003902 89
0.003903 88
0.003904 89
0.003905 88
0.003906 89
0.003907 89
0.003908 89
0.003909 90
0.00391 92
0.003911 92
0.003912 92
0.003913 91
0.003914 91
0.003915 91
0.003916 90
0.003917 91
0.003918 91
0.003919 90
0.00392 91
0.003921 91
0.003922 89
0.003923 88
0.003924 89
0.003925 89
0.003926 89
0.003927 90
0.003928 91
0.003929 91
0.00393 91
0.003931 91
0.003932 92
0.003933 92
0.003934 91
0.003935 92
0.003936 92
0.003937 92
0.003938 93
0.003939 93
0.00394 96
0.003941 95
0.003942 95
0.003943 95
0.003944 96
0.003945 96
0.003946 96
0.003947 98
0.003948 98
0.003949 98
0.00395 98
0.003951 96
0.003952 96
0.003953 96
0.003954 96
0.003955 94
0.003956 96
0.003957 97
0.003958 97
0.003959 97
0.00396 97
0.003961 97
0.003962 96
0.003963 96
0.003964 98
0.003965 99
0.003966 99
0.003967 98
0.003968 98
0.003969 97
0.00397 97
0.003971 97
0.003972 97
0.003973 97
0.003974 97
0.003975 97
0.003976 97
0.003977 97
0.003978 96
0.003979 96
0.00398 96
0.003981 95
0.003982 94
0.003983 94
0.003984 94
0.003985 94
0.003986 93
0.003987 93
0.003988 93
0.003989 92
0.00399 92
0.003991 91
0.003992 90
0.003993 88
0.003994 88
0.003995 88
0.003996 88
0.003997 90
0.003998 90
0.003999 90
0.004 88
0.004001 87
0.004002 88
0.004003 88
0.004004 88
0.004005 86
0.004006 87
0.004007 87
0.004008 88
0.004009 88
0.00401 86
0.004011 84
0.004012 84
0.004013 83
0.004014 84
0.004015 84
0.004016 84
0.004017 86
0.004018 86
0.004019 84
0.00402 86
0.004021 84
0.004022 84
0.004023 84
0.004024 85
0.004025 83
0.004026 84
0.004027 84
0.004028 85
0.004029 85
0.00403 85
0.004031 85
0.004032 85
0.004033 87
0.004034 87
0.004035 88
0.004036 87
0.004037 87
0.004038 87
0.004039 87
0.00404 87
0.004041 88
0.004042 89
0.004043 89
0.004044 85
0.004045 85
0.004046 85
0.004047 86
0.004048 86
0.004049 85
0.00405 87
0.004051 88
0.004052 88
0.004053 87
0.004054 86
0.004055 86
0.004056 86
0.004057 84
0.004058 85
0.004059 83
0.00406 82
0.004061 81
0.004062 80
0.004063 78
0.004064 78
0.004065 77
0.004066 78
0.004067 78
0.004068 77
0.004069 76
0.00407 77
0.004071 77
0.004072 76
0.004073 76
0.004074 75
0.004075 73
0.004076 72
0.004077 71
0.004078 71
0.004079 67
0.00408 68
0.004081 67
0.004082 67
0.004083 67
0.004084 67
0.004085 66
0.004086 66
0.004087 66
0.004088 66
0.004089 66
0.00409 65
0.004091 66
0.004092 64
0.004093 65
0.004094 65
0.004095 66
0.004096 68
0.004097 68
0.004098 69
0.004099 69
0.0041 69
0.004101 71
0.004102 71
0.004103 69
0.004104 65
0.004105 64
0.004106 64
0.004107 63
0.004108 61
0.004109 61
0.00411 61
0.004111 61
0.004112 62
0.004113 63
0.004114 64
0.004115 66
0.004116 65
0.004117 65
0.004118 65
0.004119 65
0.00412 65
0.004121 64
0.004122 64
0.004123 64
0.004124 64
0.004125 65
0.004126 66
0.004127 67
0.004128 67
0.004129 68
0.00413 67
0.004131 67
0.004132 67
0.004133 67
0.004134 66
0.004135 65
0.004136 64
0.004137 63
0.004138 63
0.004139 62
0.00414 63
0.004141 64
0.004142 66
0.004143 66
0.004144 66
0.004145 67
0.004146 67
0.004147 67
0.004148 66
0.004149 65
0.00415 65
0.004151 66
0.004152 66
0.004153 66
0.004154 67
0.004155 70
0.004156 70
0.004157 70
0.004158 71
0.004159 73
0.00416 72
0.004161 72
0.004162 73
0.004163 73
0.004164 73
0.004165 73
0.004166 73
0.004167 73
0.004168 73
0.004169 73
0.00417 73
0.004171 74
0.004172 74
0.004173 73
0.004174 75
0.004175 75
0.004176 75
0.004177 75
0.004178 77
0.004179 77
0.00418 76
0.004181 77
0.004182 77
0.004183 77
0.004184 77
0.004185 77
0.004186 77
0.004187 78
0.004188 80
0.004189 80
0.00419 78
0.004191 78
0.004192 78
0.004193 77
0.004194 77
0.004195 77
0.004196 75
0.004197 74
0.004198 74
0.004199 76
0.0042 76
0.004201 77
0.004202 77
0.004203 76
0.004204 75
0.004205 74
0.004206 73
0.004207 73
0.004208 73
0.004209 72
0.00421 73
0.004211 72
0.004212 73
0.004213 72
0.004214 73
0.004215 73
0.004216 74
0.004217 75
0.004218 75
0.004219 76
0.00422 77
0.004221 75
0.004222 74
0.004223 73
0.004224 73
0.004225 73
0.004226 71
0.004227 70
0.004228 72
0.004229 72
0.00423 72
0.004231 71
0.004232 70
0.004233 70
0.004234 70
0.004235 71
0.004236 71
0.004237 71
0.004238 72
0.004239 72
0.00424 72
0.004241 72
0.004242 73
0.004243 73
0.004244 73
0.004245 73
0.004246 72
0.004247 72
0.004248 72
0.004249 71
0.00425 71
0.004251 70
0.004252 70
0.004253 72
0.004254 72
0.004255 71
0.004256 71
0.004257 69
0.004258 70
0.004259 71
0.00426 69
0.004261 69
0.004262 69
0.004263 69
0.004264 68
0.004265 67
0.004266 67
0.004267 66
0.004268 65
0.004269 65
0.00427 65
0.004271 66
0.004272 65
0.004273 66
0.004274 67
0.004275 66
0.004276 67
0.004277 67
0.004278 66
0.004279 66
0.00428 66
0.004281 66
0.004282 67
0.004283 66
0.004284 66
0.004285 65
0.004286 64
0.004287 65
0.004288 65
0.004289 65
0.00429 66
0.004291 66
0.004292 66
0.004293 66
0.004294 67
0.004295 67
0.004296 69
0.004297 69
0.004298 70
0.004299 71
0.0043 71
0.004301 71
0.004302 73
0.004303 73
0.004304 74
0.004305 74
0.004306 75
0.004307 77
0.004308 78
0.004309 79
0.00431 80
0.004311 81
0.004312 84
0.004313 84
0.004314 84
0.004315 83
0.004316 83
0.004317 82
0.004318 84
0.004319 84
0.00432 82
0.004321 82
0.004322 82
0.004323 83
0.004324 83
0.004325 83
0.004326 82
0.004327 81
0.004328 81
0.004329 80
0.00433 79
0.004331 80
0.004332 80
0.004333 80
0.004334 80
0.004335 80
0.004336 80
0.004337 80
0.004338 81
0.004339 81
0.00434 81
0.004341 80
0.004342 80
0.004343 80
0.004344 81
0.004345 79
0.004346 80
0.004347 79
0.004348 77
0.004349 77
0.00435 80
0.004351 78
0.004352 78
0.004353 78
0.004354 78
0.004355 77
0.004356 77
0.004357 77
0.004358 77
0.004359 76
0.00436 77
0.004361 77
0.004362 79
0.004363 80
0.004364 79
0.004365 79
0.004366 80
0.004367 81
0.004368 81
0.004369 82
0.00437 82
0.004371 82
0.004372 84
0.004373 85
0.004374 85
0.004375 85
0.004376 84
0.004377 85
0.004378 82
0.004379 80
0.00438 80
0.004381 79
0.004382 80
0.004383 80
0.004384 82
0.004385 82
0.004386 82
0.004387 82
0.004388 83
0.004389 84
0.00439 86
0.004391 86
0.004392 85
0.004393 86
0.004394 86
0.004395 86
0.004396 86
0.004397 86
0.004398 84
0.004399 85
0.0044 85
0.004401 84
0.004402 84
0.004403 84
0.004404 84
0.004405 84
0.004406 84
0.004407 84
0.004408 84
0.004409 85
0.00441 85
0.004411 85
0.004412 84
0.004413 85
0.004414 86
0.004415 86
0.004416 85
0.004417 86
0.004418 87
0.004419 87
0.00442 86
0.004421 86
0.004422 84
0.004423 85
0.004424 85
0.004425 85
0.004426 86
0.004427 86
0.004428 88
0.004429 88
0.00443 88
0.004431 88
0.004432 88
0.004433 89
0.004434 90
0.004435 90
0.004436 89
0.004437 90
0.004438 91
0.004439 92
0.00444 93
0.004441 93
0.004442 92
0.004443 90
0.004444 89
0.004445 89
0.004446 89
0.004447 88
0.004448 89
0.004449 90
0.00445 90
0.004451 90
0.004452 90
0.004453 91
0.004454 90
0.004455 89
0.004456 89
0.004457 89
0.004458 86
0.004459 87
0.00446 86
0.004461 87
0.004462 88
0.004463 89
0.004464 90
0.004465 90
0.004466 89
0.004467 89
0.004468 89
0.004469 91
0.00447 90
0.004471 88
0.004472 88
0.004473 89
0.004474 89
0.004475 90
0.004476 90
0.004477 90
0.004478 89
0.004479 89
0.00448 88
0.004481 88
0.004482 88
0.004483 89
0.004484 88
0.004485 88
0.004486 88
0.004487 88
0.004488 89
0.004489 88
0.00449 87
0.004491 85
0.004492 85
0.004493 86
0.004494 84
0.004495 84
0.004496 85
0.004497 86
0.004498 85
0.004499 85
0.0045 85
0.004501 85
0.004502 86
0.004503 85
0.004504 85
0.004505 84
0.004506 85
0.004507 85
0.004508 84
0.004509 84
0.00451 84
0.004511 85
0.004512 85
0.004513 84
0.004514 84
0.004515 84
0.004516 84
0.004517 83
0.004518 82
0.004519 82
0.00452 82
0.004521 81
0.004522 81
0.004523 82
0.004524 83
0.004525 84
0.004526 84
0.004527 85
0.004528 83
0.004529 83
0.00453 83
0.004531 83
0.004532 83
0.004533 84
0.004534 84
0.004535 84
0.004536 85
0.004537 85
0.004538 84
0.004539 83
0.00454 82
0.004541 83
0.004542 83
0.004543 84
0.004544 84
0.004545 82
0.004546 83
0.004547 83
0.004548 83
0.004549 82
0.00455 83
0.004551 83
0.004552 84
0.004553 82
0.004554 83
0.004555 83
0.004556 83
0.004557 82
0.004558 82
0.004559 81
0.00456 82
0.004561 83
0.004562 84
0.004563 84
0.004564 84
0.004565 83
0.004566 83
0.004567 84
0.004568 84
0.004569 84
0.00457 84
0.004571 84
0.004572 84
0.004573 83
0.004574 83
0.004575 83
0.004576 82
0.004577 83
0.004578 83
0.004579 82
0.00458 81
0.004581 80
0.004582 81
0.004583 80
0.004584 80
0.004585 80
0.004586 80
0.004587 80
0.004588 80
0.004589 81
0.00459 81
0.004591 81
0.004592 81
0.004593 80
0.004594 79
0.004595 79
0.004596 79
0.004597 78
0.004598 79
0.004599 80
0.0046 80
0.004601 80
0.004602 79
0.004603 79
0.004604 79
0.004605 78
0.004606 77
0.004607 78
0.004608 78
0.004609 79
0.00461 78
0.004611 78
0.004612 78
0.004613 77
0.004614 76
0.004615 76
0.004616 76
0.004617 76
0.004618 77
0.004619 77
0.00462 78
0.004621 78
0.004622 77
0.004623 77
0.004624 79
0.004625 79
0.004626 82
0.004627 81
0.004628 81
0.004629 80
0.00463 80
0.004631 80
0.004632 82
0.004633 84
0.004634 83
0.004635 83
0.004636 84
0.004637 84
0.004638 84
0.004639 84
0.00464 83
0.004641 83
0.004642 83
0.004643 84
0.004644 85
0.004645 87
0.004646 87
0.004647 86
0.004648 86
0.004649 86
0.00465 86
0.004651 87
0.004652 87
0.004653 87
0.004654 86
0.004655 87
0.004656 86
0.004657 86
0.004658 86
0.004659 86
0.00466 86
0.004661 86
0.004662 86
0.004663 88
0.004664 88
0.004665 86
0.004666 87
0.004667 86
0.004668 86
0.004669 86
0.00467 85
0.004671 85
0.004672 84
0.004673 82
0.004674 81
0.004675 82
0.004676 84
0.004677 82
0.004678 83
0.004679 84
0.00468 84
0.004681 83
0.004682 83
0.004683 83
0.004684 83
0.004685 83
0.004686 81
0.004687 81
0.004688 81
0.004689 81
0.00469 82
0.004691 80
0.004692 78
0.004693 78
0.004694 79
0.004695 77
0.004696 76
0.004697 75
0.004698 75
0.004699 76
0.0047 76
0.004701 76
0.004702 76
0.004703 76
0.004704 76
0.004705 76
0.004706 76
0.004707 77
0.004708 78
0.004709 78
0.00471 78
0.004711 78
0.004712 78
0.004713 78
0.004714 77
0.004715 76
0.004716 75
0.004717 76
0.004718 77
0.004719 77
0.00472 76
0.004721 76
0.004722 76
0.004723 77
0.004724 77
0.004725 79
0.004726 77
0.004727 78
0.004728 78
0.004729 77
0.00473 77
0.004731 78
0.004732 79
0.004733 79
0.004734 81
0.004735 80
0.004736 80
0.004737 80
0.004738 80
0.004739 81
0.00474 81
0.004741 81
0.004742 81
0.004743 81
0.004744 79
0.004745 80
0.004746 79
0.004747 79
0.004748 78
0.004749 76
0.00475 76
0.004751 77
0.004752 78
0.004753 78
0.004754 79
0.004755 78
0.004756 78
0.004757 78
0.004758 78
0.004759 77
0.00476 77
0.004761 78
0.004762 78
0.004763 77
0.004764 76
0.004765 75
0.004766 75
0.004767 75
0.004768 75
0.004769 73
0.00477 72
0.004771 70
0.004772 70
0.004773 70
0.004774 71
0.004775 72
0.004776 72
0.004777 71
0.004778 71
0.004779 69
0.00478 69
0.004781 65
0.004782 65
0.004783 65
0.004784 65
0.004785 66
0.004786 64
0.004787 64
0.004788 65
0.004789 65
0.00479 65
0.004791 66
0.004792 65
0.004793 67
0.004794 68
0.004795 67
0.004796 67
0.004797 66
0.004798 66
0.004799 66
0.0048 67
0.004801 67
0.004802 65
0.004803 66
0.004804 64
0.004805 64
0.004806 62
0.004807 62
0.004808 63
0.004809 63
0.00481 64
0.004811 65
0.004812 65
0.004813 63
0.004814 62
0.004815 61
0.004816 64
0.004817 66
0.004818 66
0.004819 66
0.00482 66
0.004821 66
0.004822 68
0.004823 68
0.004824 69
0.004825 69
0.004826 68
0.004827 67
0.004828 67
0.004829 67
0.00483 67
0.004831 67
0.004832 68
0.004833 66
0.004834 69
0.004835 68
0.004836 69
0.004837 69
0.004838 69
0.004839 69
0.00484 68
0.004841 68
0.004842 68
0.004843 68
0.004844 67
0.004845 69
0.004846 69
0.004847 70
0.004848 70
0.004849 71
0.00485 71
0.004851 72
0.004852 71
0.004853 71
0.004854 70
0.004855 69
0.004856 69
0.004857 69
0.004858 70
0.004859 71
0.00486 71
0.004861 71
0.004862 70
0.004863 70
0.004864 72
0.004865 72
0.004866 71
0.004867 71
0.004868 71
0.004869 70
0.00487 69
0.004871 67
0.004872 66
0.004873 66
0.004874 66
0.004875 66
0.004876 66
0.004877 67
0.004878 67
0.004879 67
0.00488 68
0.004881 68
0.004882 67
0.004883 67
0.004884 69
0.004885 68
0.004886 67
0.004887 68
0.004888 68
0.004889 67
0.00489 68
0.004891 68
0.004892 66
0.004893 66
0.004894 66
0.004895 66
0.004896 66
0.004897 67
0.004898 66
0.004899 67
0.0049 67
0.004901 67
0.004902 66
0.004903 67
0.004904 67
0.004905 68
0.004906 67
0.004907 68
0.004908 69
0.004909 69
0.00491 68
0.004911 70
0.004912 70
0.004913 72
0.004914 74
0.004915 74
0.004916 75
0.004917 75
0.004918 75
0.004919 74
0.00492 74
0.004921 74
0.004922 74
0.004923 74
0.004924 74
0.004925 74
0.004926 75
0.004927 75
0.004928 74
0.004929 75
0.00493 75
0.004931 73
0.004932 73
0.004933 72
0.004934 71
0.004935 73
0.004936 73
0.004937 72
0.004938 72
0.004939 72
0.00494 72
0.004941 74
0.004942 76
0.004943 77
0.004944 77
0.004945 76
0.004946 76
0.004947 76
0.004948 75
0.004949 74
0.00495 73
0.004951 74
0.004952 73
0.004953 74
0.004954 73
0.004955 73
0.004956 72
0.004957 72
0.004958 73
0.004959 74
0.00496 74
0.004961 76
0.004962 77
0.004963 78
0.004964 78
0.004965 79
0.004966 78
0.004967 76
0.004968 76
0.004969 76
0.00497 76
0.004971 76
0.004972 76
0.004973 76
0.004974 75
0.004975 75
0.004976 75
0.004977 75
0.004978 74
0.004979 73
0.00498 73
0.004981 72
0.004982 72
0.004983 73
0.004984 74
0.004985 73
0.004986 73
0.004987 73
0.004988 73
0.004989 75
0.00499 75
0.004991 74
0.004992 75
0.004993 76
0.004994 75
0.004995 76
0.004996 76
0.004997 76
0.004998 74
0.004999 74
0.005 74
