0 5322
1e-06 5287
2e-06 5263
3e-06 5225
4e-06 5191
5e-06 5137
6e-06 5098
7e-06 5072
8e-06 5025
9e-06 4989
1e-05 4949
1.1e-05 4919
1.2e-05 4879
1.3e-05 4852
1.4e-05 4814
1.5e-05 4781
1.6e-05 4759
1.7e-05 4732
1.8e-05 4699
1.9e-05 4666
2e-05 4638
2.1e-05 4614
2.2e-05 4579
2.3e-05 4550
2.4e-05 4512
2.5e-05 4474
2.6e-05 4446
2.7e-05 4420
2.8e-05 4389
2.9e-05 4355
3e-05 4324
3.1e-05 4315
3.2e-05 4290
3.3e-05 4260
3.4e-05 4231
3.5e-05 4208
3.6e-05 4181
3.7e-05 4158
3.8e-05 4136
3.9e-05 4115
4e-05 4087
4.1e-05 4068
4.2e-05 4044
4.3e-05 4017
4.4e-05 3998
4.5e-05 3968
4.6e-05 3937
4.7e-05 3916
4.8e-05 3890
4.9e-05 3866
5e-05 3842
5.1e-05 3819
5.2e-05 3792
5.3e-05 3775
5.4e-05 3760
5.5e-05 3738
5.6e-05 3715
5.7e-05 3695
5.8e-05 3673
5.9e-05 3648
6e-05 3625
6.1e-05 3602
6.2e-05 3573
6.3e-05 3551
6.4e-05 3523
6.5e-05 3508
6.6e-05 3477
6.7e-05 3449
6.8e-05 3421
6.9e-05 3398
7e-05 3368
7.1e-05 3349
7.2e-05 3327
7.3e-05 3303
7.4e-05 3287
7.5e-05 3268
7.6e-05 3245
7.7e-05 3231
7.8e-05 3216
7.9e-05 3194
8e-05 3169
8.1e-05 3154
8.2e-05 3126
8.3e-05 3115
8.4e-05 3100
8.5e-05 3084
8.6e-05 3062
8.7e-05 3034
8.8e-05 3021
8.9e-05 3000
9e-05 2985
9.1e-05 2963
9.2e-05 2947
9.3e-05 2930
9.4e-05 2915
9.5e-05 2895
9.6e-05 2877
9.7e-05 2861
9.8e-05 2848
9.9e-05 2828
0.0001 2809
0.000101 2795
0.000102 2777
0.000103 2762
0.000104 2750
0.000105 2734
0.000106 2717
0.000107 2695
0.000108 2687
0.000109 2672
0.00011 2652
0.000111 2633
0.000112 2618
0.000113 2605
0.000114 2586
0.000115 2571
0.000116 2559
0.000117 2547
0.000118 2525
0.000119 2507
0.00012 2484
0.000121 2475
0.000122 2466
0.000123 2454
0.000124 2431
0.000125 2415
0.000126 2400
0.000127 2389
0.000128 2373
0.000129 2348
0.00013 2331
0.000131 2316
0.000132 2292
0.000133 2270
0.000134 2252
0.000135 2240
0.000136 2228
0.000137 2208
0.000138 2201
0.000139 2192
0.00014 2185
0.000141 2173
0.000142 2163
0.000143 2155
0.000144 2144
0.000145 2133
0.000146 2121
0.000147 2110
0.000148 2097
0.000149 2079
0.00015 2065
0.000151 2056
0.000152 2039
0.000153 2021
0.000154 2012
0.000155 1993
0.000156 1978
0.000157 1963
0.000158 1952
0.000159 1934
0.00016 1921
0.000161 1911
0.000162 1899
0.000163 1887
0.000164 1879
0.000165 1863
0.000166 1854
0.000167 1845
0.000168 1838
0.000169 1825
0.00017 1815
0.000171 1807
0.000172 1799
0.000173 1791
0.000174 1780
0.000175 1771
0.000176 1765
0.000177 1755
0.000178 1750
0.000179 1735
0.00018 1722
0.000181 1715
0.000182 1709
0.000183 1697
0.000184 1677
0.000185 1667
0.000186 1660
0.000187 1647
0.000188 1638
0.000189 1630
0.00019 1612
0.000191 1604
0.000192 1597
0.000193 1585
0.000194 1568
0.000195 1555
0.000196 1547
0.000197 1541
0.000198 1533
0.000199 1525
0.0002 1518
0.000201 1511
0.000202 1507
0.000203 1503
0.000204 1490
0.000205 1479
0.000206 1466
0.000207 1457
0.000208 1451
0.000209 1439
0.00021 1432
0.000211 1424
0.000212 1415
0.000213 1406
0.000214 1401
0.000215 1395
0.000216 1385
0.000217 1380
0.000218 1371
0.000219 1366
0.00022 1357
0.000221 1350
0.000222 1343
0.000223 1335
0.000224 1333
0.000225 1322
0.000226 1314
0.000227 1302
0.000228 1296
0.000229 1286
0.00023 1273
0.000231 1258
0.000232 1251
0.000233 1244
0.000234 1232
0.000235 1225
0.000236 1220
0.000237 1212
0.000238 1200
0.000239 1193
0.00024 1180
0.000241 1174
0.000242 1167
0.000243 1159
0.000244 1154
0.000245 1149
0.000246 1142
0.000247 1135
0.000248 1124
0.000249 1115
0.00025 1108
0.000251 1105
0.000252 1101
0.000253 1092
0.000254 1084
0.000255 1077
0.000256 1073
0.000257 1061
0.000258 1056
0.000259 1047
0.00026 1042
0.000261 1033
0.000262 1023
0.000263 1017
0.000264 1010
0.000265 1005
0.000266 1002
0.000267 996
0.000268 991
0.000269 983
0.00027 976
0.000271 972
0.000272 965
0.000273 962
0.000274 958
0.000275 954
0.000276 945
0.000277 941
0.000278 935
0.000279 929
0.00028 923
0.000281 920
0.000282 914
0.000283 912
0.000284 908
0.000285 902
0.000286 896
0.000287 890
0.000288 882
0.000289 879
0.00029 876
0.000291 875
0.000292 871
0.000293 867
0.000294 861
0.000295 857
0.000296 854
0.000297 849
0.000298 844
0.000299 840
0.0003 835
0.000301 821
0.000302 815
0.000303 807
0.000304 805
0.000305 805
0.000306 800
0.000307 790
0.000308 786
0.000309 779
0.00031 776
0.000311 771
0.000312 767
0.000313 762
0.000314 759
0.000315 752
0.000316 749
0.000317 747
0.000318 744
0.000319 737
0.00032 731
0.000321 728
0.000322 724
0.000323 720
0.000324 718
0.000325 714
0.000326 709
0.000327 707
0.000328 702
0.000329 696
0.00033 687
0.000331 682
0.000332 677
0.000333 672
0.000334 671
0.000335 667
0.000336 657
0.000337 655
0.000338 649
0.000339 649
0.00034 647
0.000341 644
0.000342 642
0.000343 640
0.000344 636
0.000345 637
0.000346 636
0.000347 632
0.000348 630
0.000349 628
0.00035 624
0.000351 621
0.000352 616
0.000353 615
0.000354 613
0.000355 609
0.000356 605
0.000357 603
0.000358 599
0.000359 595
0.00036 591
0.000361 590
0.000362 589
0.000363 584
0.000364 581
0.000365 580
0.000366 580
0.000367 575
0.000368 572
0.000369 569
0.00037 564
0.000371 562
0.000372 557
0.000373 554
0.000374 549
0.000375 545
0.000376 542
0.000377 540
0.000378 537
0.000379 532
0.00038 525
0.000381 522
0.000382 521
0.000383 519
0.000384 513
0.000385 509
0.000386 504
0.000387 504
0.000388 496
0.000389 491
0.00039 490
0.000391 491
0.000392 491
0.000393 492
0.000394 486
0.000395 484
0.000396 484
0.000397 480
0.000398 475
0.000399 477
0.0004 474
0.000401 472
0.000402 468
0.000403 463
0.000404 457
0.000405 457
0.000406 457
0.000407 452
0.000408 450
0.000409 445
0.00041 444
0.000411 441
0.000412 440
0.000413 437
0.000414 435
0.000415 432
0.000416 428
0.000417 425
0.000418 421
0.000419 421
0.00042 420
0.000421 415
0.000422 410
0.000423 409
0.000424 404
0.000425 403
0.000426 401
0.000427 398
0.000428 396
0.000429 395
0.00043 392
0.000431 390
0.000432 389
0.000433 388
0.000434 385
0.000435 384
0.000436 383
0.000437 382
0.000438 379
0.000439 378
0.00044 374
0.000441 372
0.000442 368
0.000443 366
0.000444 364
0.000445 366
0.000446 364
0.000447 363
0.000448 361
0.000449 358
0.00045 359
0.000451 357
0.000452 356
0.000453 352
0.000454 351
0.000455 350
0.000456 348
0.000457 347
0.000458 345
0.000459 346
0.00046 346
0.000461 344
0.000462 345
0.000463 343
0.000464 344
0.000465 346
0.000466 345
0.000467 340
0.000468 338
0.000469 337
0.00047 337
0.000471 334
0.000472 335
0.000473 332
0.000474 331
0.000475 328
0.000476 329
0.000477 328
0.000478 328
0.000479 324
0.00048 322
0.000481 321
0.000482 319
0.000483 317
0.000484 314
0.000485 313
0.000486 308
0.000487 308
0.000488 306
0.000489 305
0.00049 306
0.000491 304
0.000492 304
0.000493 302
0.000494 299
0.000495 296
0.000496 294
0.000497 293
0.000498 292
0.000499 290
0.0005 287
0.000501 286
0.000502 284
0.000503 282
0.000504 281
0.000505 281
0.000506 280
0.000507 280
0.000508 279
0.000509 276
0.00051 272
0.000511 273
0.000512 273
0.000513 272
0.000514 270
0.000515 269
0.000516 266
0.000517 264
0.000518 262
0.000519 262
0.00052 262
0.000521 261
0.000522 261
0.000523 259
0.000524 259
0.000525 257
0.000526 257
0.000527 256
0.000528 256
0.000529 256
0.00053 254
0.000531 252
0.000532 250
0.000533 245
0.000534 243
0.000535 241
0.000536 243
0.000537 243
0.000538 241
0.000539 237
0.00054 237
0.000541 234
0.000542 234
0.000543 233
0.000544 235
0.000545 234
0.000546 234
0.000547 231
0.000548 229
0.000549 227
0.00055 228
0.000551 225
0.000552 224
0.000553 224
0.000554 222
0.000555 219
0.000556 220
0.000557 219
0.000558 217
0.000559 215
0.00056 213
0.000561 213
0.000562 212
0.000563 210
0.000564 209
0.000565 206
0.000566 206
0.000567 206
0.000568 204
0.000569 204
0.00057 203
0.000571 202
0.000572 202
0.000573 202
0.000574 202
0.000575 201
0.000576 201
0.000577 201
0.000578 200
0.000579 200
0.00058 200
0.000581 199
0.000582 197
0.000583 195
0.000584 195
0.000585 195
0.000586 196
0.000587 195
0.000588 195
0.000589 196
0.00059 196
0.000591 194
0.000592 193
0.000593 192
0.000594 190
0.000595 189
0.000596 188
0.000597 188
0.000598 188
0.000599 187
0.0006 187
0.000601 186
0.000602 184
0.000603 184
0.000604 184
0.000605 183
0.000606 183
0.000607 182
0.000608 181
0.000609 180
0.00061 179
0.000611 179
0.000612 175
0.000613 175
0.000614 172
0.000615 171
0.000616 171
0.000617 169
0.000618 169
0.000619 170
0.00062 167
0.000621 166
0.000622 165
0.000623 166
0.000624 166
0.000625 169
0.000626 169
0.000627 169
0.000628 167
0.000629 167
0.00063 163
0.000631 163
0.000632 161
0.000633 158
0.000634 158
0.000635 158
0.000636 159
0.000637 159
0.000638 158
0.000639 157
0.00064 154
0.000641 156
0.000642 157
0.000643 156
0.000644 154
0.000645 155
0.000646 156
0.000647 156
0.000648 156
0.000649 155
0.00065 153
0.000651 151
0.000652 150
0.000653 151
0.000654 151
0.000655 150
0.000656 150
0.000657 148
0.000658 148
0.000659 145
0.00066 145
0.000661 144
0.000662 143
0.000663 142
0.000664 141
0.000665 142
0.000666 141
0.000667 142
0.000668 142
0.000669 142
0.00067 142
0.000671 141
0.000672 140
0.000673 140
0.000674 140
0.000675 140
0.000676 140
0.000677 138
0.000678 138
0.000679 137
0.00068 136
0.000681 136
0.000682 135
0.000683 134
0.000684 134
0.000685 132
0.000686 133
0.000687 133
0.000688 133
0.000689 132
0.00069 132
0.000691 131
0.000692 130
0.000693 132
0.000694 132
0.000695 132
0.000696 133
0.000697 132
0.000698 132
0.000699 131
0.0007 131
0.000701 133
0.000702 132
0.000703 133
0.000704 134
0.000705 134
0.000706 132
0.000707 133
0.000708 131
0.000709 129
0.00071 128
0.000711 128
0.000712 128
0.000713 128
0.000714 130
0.000715 132
0.000716 132
0.000717 131
0.000718 132
0.000719 131
0.00072 130
0.000721 130
0.000722 130
0.000723 129
0.000724 129
0.000725 127
0.000726 126
0.000727 126
0.000728 125
0.000729 126
0.00073 126
0.000731 127
0.000732 126
0.000733 127
0.000734 127
0.000735 125
0.000736 126
0.000737 126
0.000738 126
0.000739 124
0.00074 123
0.000741 123
0.000742 124
0.000743 123
0.000744 124
0.000745 122
0.000746 122
0.000747 123
0.000748 122
0.000749 120
0.00075 120
0.000751 119
0.000752 117
0.000753 118
0.000754 118
0.000755 118
0.000756 118
0.000757 116
0.000758 116
0.000759 115
0.00076 116
0.000761 116
0.000762 115
0.000763 115
0.000764 116
0.000765 116
0.000766 117
0.000767 118
0.000768 118
0.000769 117
0.00077 117
0.000771 117
0.000772 117
0.000773 116
0.000774 116
0.000775 115
0.000776 116
0.000777 115
0.000778 111
0.000779 112
0.00078 113
0.000781 113
0.000782 112
0.000783 112
0.000784 112
0.000785 112
0.000786 110
0.000787 110
0.000788 110
0.000789 109
0.00079 111
0.000791 110
0.000792 108
0.000793 109
0.000794 108
0.000795 109
0.000796 108
0.000797 108
0.000798 108
0.000799 107
0.0008 107
0.000801 110
0.000802 109
0.000803 107
0.000804 107
0.000805 107
0.000806 105
0.000807 104
0.000808 103
0.000809 103
0.00081 105
0.000811 106
0.000812 106
0.000813 108
0.000814 110
0.000815 110
0.000816 108
0.000817 107
0.000818 106
0.000819 106
0.00082 105
0.000821 105
0.000822 103
0.000823 103
0.000824 103
0.000825 103
0.000826 103
0.000827 104
0.000828 105
0.000829 105
0.00083 104
0.000831 104
0.000832 104
0.000833 105
0.000834 104
0.000835 104
0.000836 103
0.000837 103
0.000838 105
0.000839 102
0.00084 101
0.000841 102
0.000842 104
0.000843 101
0.000844 100
0.000845 100
0.000846 101
0.000847 101
0.000848 101
0.000849 101
0.00085 101
0.000851 101
0.000852 103
0.000853 101
0.000854 100
0.000855 98
0.000856 96
0.000857 97
0.000858 96
0.000859 95
0.00086 96
0.000861 94
0.000862 94
0.000863 93
0.000864 94
0.000865 94
0.000866 95
0.000867 95
0.000868 95
0.000869 94
0.00087 94
0.000871 94
0.000872 94
0.000873 94
0.000874 94
0.000875 94
0.000876 93
0.000877 93
0.000878 94
0.000879 94
0.00088 95
0.000881 95
0.000882 95
0.000883 95
0.000884 95
0.000885 96
0.000886 92
0.000887 94
0.000888 94
0.000889 94
0.00089 94
0.000891 94
0.000892 93
0.000893 93
0.000894 94
0.000895 96
0.000896 94
0.000897 95
0.000898 95
0.000899 95
0.0009 95
0.000901 96
0.000902 96
0.000903 96
0.000904 95
0.000905 95
0.000906 96
0.000907 96
0.000908 96
0.000909 97
0.00091 97
0.000911 98
0.000912 97
0.000913 97
0.000914 97
0.000915 97
0.000916 97
0.000917 97
0.000918 94
0.000919 96
0.00092 96
0.000921 95
0.000922 94
0.000923 94
0.000924 95
0.000925 95
0.000926 95
0.000927 95
0.000928 96
0.000929 95
0.00093 93
0.000931 93
0.000932 94
0.000933 94
0.000934 95
0.000935 93
0.000936 94
0.000937 94
0.000938 92
0.000939 92
0.00094 92
0.000941 93
0.000942 93
0.000943 93
0.000944 93
0.000945 91
0.000946 91
0.000947 90
0.000948 89
0.000949 87
0.00095 88
0.000951 88
0.000952 88
0.000953 88
0.000954 88
0.000955 88
0.000956 88
0.000957 88
0.000958 87
0.000959 87
0.00096 87
0.000961 87
0.000962 85
0.000963 85
0.000964 86
0.000965 86
0.000966 86
0.000967 88
0.000968 88
0.000969 87
0.00097 88
0.000971 89
0.000972 89
0.000973 89
0.000974 89
0.000975 89
0.000976 88
0.000977 90
0.000978 90
0.000979 90
0.00098 90
0.000981 90
0.000982 91
0.000983 91
0.000984 90
0.000985 88
0.000986 88
0.000987 89
0.000988 91
0.000989 91
0.00099 88
0.000991 88
0.000992 88
0.000993 88
0.000994 87
0.000995 87
0.000996 87
0.000997 87
0.000998 88
0.000999 87
0.001 85
0.001001 85
0.001002 86
0.001003 86
0.001004 86
0.001005 86
0.001006 86
0.001007 86
0.001008 86
0.001009 87
0.00101 88
0.001011 89
0.001012 89
0.001013 88
0.001014 89
0.001015 90
0.001016 89
0.001017 91
0.001018 91
0.001019 92
0.00102 91
0.001021 92
0.001022 93
0.001023 92
0.001024 93
0.001025 93
0.001026 93
0.001027 94
0.001028 95
0.001029 96
0.00103 95
0.001031 97
0.001032 97
0.001033 96
0.001034 96
0.001035 95
0.001036 95
0.001037 96
0.001038 95
0.001039 95
0.00104 95
0.001041 94
0.001042 95
0.001043 95
0.001044 94
0.001045 94
0.001046 93
0.001047 92
0.001048 89
0.001049 87
0.00105 87
0.001051 85
0.001052 84
0.001053 84
0.001054 84
0.001055 85
0.001056 85
0.001057 85
0.001058 85
0.001059 86
0.00106 85
0.001061 84
0.001062 84
0.001063 84
0.001064 82
0.001065 81
0.001066 82
0.001067 83
0.001068 84
0.001069 85
0.00107 85
0.001071 85
0.001072 84
0.001073 84
0.001074 84
0.001075 83
0.001076 83
0.001077 82
0.001078 82
0.001079 83
0.00108 83
0.001081 83
0.001082 82
0.001083 84
0.001084 83
0.001085 83
0.001086 81
0.001087 80
0.001088 80
0.001089 81
0.00109 81
0.001091 81
0.001092 81
0.001093 82
0.001094 83
0.001095 83
0.001096 82
0.001097 81
0.001098 80
0.001099 80
0.0011 81
0.001101 81
0.001102 82
0.001103 81
0.001104 83
0.001105 83
0.001106 84
0.001107 84
0.001108 83
0.001109 83
0.00111 84
0.001111 84
0.001112 83
0.001113 84
0.001114 84
0.001115 84
0.001116 85
0.001117 85
0.001118 86
0.001119 86
0.00112 86
0.001121 85
0.001122 85
0.001123 86
0.001124 86
0.001125 85
0.001126 84
0.001127 85
0.001128 86
0.001129 87
0.00113 87
0.001131 87
0.001132 88
0.001133 89
0.001134 91
0.001135 91
0.001136 91
0.001137 90
0.001138 91
0.001139 91
0.00114 91
0.001141 91
0.001142 91
0.001143 91
0.001144 91
0.001145 92
0.001146 92
0.001147 92
0.001148 92
0.001149 91
0.00115 91
0.001151 91
0.001152 92
0.001153 93
0.001154 92
0.001155 92
0.001156 90
0.001157 90
0.001158 91
0.001159 92
0.00116 91
0.001161 91
0.001162 90
0.001163 91
0.001164 91
0.001165 91
0.001166 92
0.001167 91
0.001168 91
0.001169 89
0.00117 87
0.001171 87
0.001172 86
0.001173 87
0.001174 87
0.001175 87
0.001176 87
0.001177 90
0.001178 89
0.001179 88
0.00118 88
0.001181 89
0.001182 89
0.001183 87
0.001184 87
0.001185 86
0.001186 89
0.001187 89
0.001188 89
0.001189 89
0.00119 86
0.001191 88
0.001192 88
0.001193 87
0.001194 87
0.001195 87
0.001196 86
0.001197 86
0.001198 87
0.001199 89
0.0012 89
0.001201 90
0.001202 90
0.001203 89
0.001204 89
0.001205 89
0.001206 87
0.001207 86
0.001208 86
0.001209 86
0.00121 87
0.001211 88
0.001212 88
0.001213 88
0.001214 89
0.001215 90
0.001216 89
0.001217 89
0.001218 89
0.001219 89
0.00122 87
0.001221 86
0.001222 86
0.001223 86
0.001224 86
0.001225 86
0.001226 86
0.001227 86
0.001228 86
0.001229 87
0.00123 87
0.001231 87
0.001232 87
0.001233 87
0.001234 88
0.001235 87
0.001236 87
0.001237 87
0.001238 88
0.001239 88
0.00124 89
0.001241 89
0.001242 90
0.001243 90
0.001244 90
0.001245 91
0.001246 91
0.001247 90
0.001248 90
0.001249 90
0.00125 90
0.001251 88
0.001252 87
0.001253 87
0.001254 86
0.001255 86
0.001256 86
0.001257 85
0.001258 85
0.001259 85
0.00126 86
0.001261 88
0.001262 88
0.001263 88
0.001264 87
0.001265 87
0.001266 85
0.001267 85
0.001268 85
0.001269 85
0.00127 86
0.001271 87
0.001272 87
0.001273 87
0.001274 87
0.001275 89
0.001276 88
0.001277 88
0.001278 86
0.001279 87
0.00128 85
0.001281 86
0.001282 86
0.001283 87
0.001284 87
0.001285 85
0.001286 84
0.001287 84
0.001288 84
0.001289 84
0.00129 85
0.001291 84
0.001292 84
0.001293 85
0.001294 84
0.001295 84
0.001296 85
0.001297 85
0.001298 85
0.001299 85
0.0013 87
0.001301 87
0.001302 86
0.001303 84
0.001304 83
0.001305 82
0.001306 81
0.001307 80
0.001308 79
0.001309 79
0.00131 80
0.001311 80
0.001312 80
0.001313 81
0.001314 79
0.001315 79
0.001316 79
0.001317 79
0.001318 79
0.001319 79
0.00132 80
0.001321 80
0.001322 80
0.001323 80
0.001324 81
0.001325 80
0.001326 80
0.001327 81
0.001328 81
0.001329 81
0.00133 81
0.001331 81
0.001332 82
0.001333 81
0.001334 82
0.001335 82
0.001336 80
0.001337 81
0.001338 79
0.001339 81
0.00134 81
0.001341 81
0.001342 80
0.001343 80
0.001344 79
0.001345 78
0.001346 78
0.001347 78
0.001348 77
0.001349 78
0.00135 78
0.001351 79
0.001352 80
0.001353 81
0.001354 81
0.001355 80
0.001356 80
0.001357 80
0.001358 82
0.001359 81
0.00136 82
0.001361 82
0.001362 84
0.001363 85
0.001364 83
0.001365 83
0.001366 84
0.001367 84
0.001368 85
0.001369 85
0.00137 84
0.001371 85
0.001372 86
0.001373 87
0.001374 86
0.001375 85
0.001376 85
0.001377 85
0.001378 84
0.001379 86
0.00138 86
0.001381 84
0.001382 84
0.001383 83
0.001384 84
0.001385 85
0.001386 85
0.001387 84
0.001388 85
0.001389 84
0.00139 85
0.001391 85
0.001392 85
0.001393 86
0.001394 87
0.001395 87
0.001396 87
0.001397 87
0.001398 89
0.001399 91
0.0014 91
0.001401 92
0.001402 93
0.001403 93
0.001404 93
0.001405 93
0.001406 94
0.001407 96
0.001408 92
0.001409 93
0.00141 95
0.001411 94
0.001412 94
0.001413 94
0.001414 94
0.001415 94
0.001416 93
0.001417 94
0.001418 95
0.001419 96
0.00142 95
0.001421 95
0.001422 96
0.001423 96
0.001424 96
0.001425 99
0.001426 97
0.001427 95
0.001428 94
0.001429 94
0.00143 94
0.001431 95
0.001432 94
0.001433 94
0.001434 93
0.001435 92
0.001436 94
0.001437 93
0.001438 95
0.001439 94
0.00144 94
0.001441 94
0.001442 94
0.001443 93
0.001444 92
0.001445 92
0.001446 93
0.001447 93
0.001448 92
0.001449 92
0.00145 92
0.001451 93
0.001452 94
0.001453 94
0.001454 93
0.001455 96
0.001456 96
0.001457 96
0.001458 96
0.001459 96
0.00146 96
0.001461 97
0.001462 94
0.001463 94
0.001464 95
0.001465 95
0.001466 95
0.001467 96
0.001468 96
0.001469 96
0.00147 95
0.001471 96
0.001472 95
0.001473 96
0.001474 95
0.001475 95
0.001476 93
0.001477 93
0.001478 93
0.001479 92
0.00148 91
0.001481 91
0.001482 91
0.001483 90
0.001484 91
0.001485 90
0.001486 91
0.001487 91
0.001488 91
0.001489 91
0.00149 92
0.001491 91
0.001492 91
0.001493 92
0.001494 92
0.001495 90
0.001496 91
0.001497 92
0.001498 92
0.001499 91
0.0015 91
0.001501 90
0.001502 90
0.001503 91
0.001504 91
0.001505 90
0.001506 93
0.001507 93
0.001508 94
0.001509 95
0.00151 94
0.001511 93
0.001512 93
0.001513 95
0.001514 93
0.001515 93
0.001516 92
0.001517 93
0.001518 92
0.001519 92
0.00152 91
0.001521 89
0.001522 91
0.001523 90
0.001524 90
0.001525 89
0.001526 88
0.001527 88
0.001528 87
0.001529 88
0.00153 87
0.001531 87
0.001532 86
0.001533 88
0.001534 86
0.001535 86
0.001536 85
0.001537 83
0.001538 83
0.001539 84
0.00154 84
0.001541 82
0.001542 83
0.001543 83
0.001544 83
0.001545 84
0.001546 85
0.001547 85
0.001548 85
0.001549 84
0.00155 86
0.001551 86
0.001552 87
0.001553 89
0.001554 88
0.001555 86
0.001556 86
0.001557 87
0.001558 87
0.001559 86
0.00156 87
0.001561 88
0.001562 88
0.001563 88
0.001564 90
0.001565 90
0.001566 90
0.001567 89
0.001568 88
0.001569 89
0.00157 91
0.001571 91
0.001572 91
0.001573 91
0.001574 92
0.001575 92
0.001576 91
0.001577 91
0.001578 91
0.001579 92
0.00158 91
0.001581 89
0.001582 88
0.001583 89
0.001584 89
0.001585 89
0.001586 91
0.001587 93
0.001588 92
0.001589 92
0.00159 93
0.001591 92
0.001592 93
0.001593 93
0.001594 93
0.001595 93
0.001596 91
0.001597 91
0.001598 92
0.001599 93
0.0016 92
0.001601 93
0.001602 94
0.001603 95
0.001604 95
0.001605 95
0.001606 94
0.001607 94
0.001608 93
0.001609 93
0.00161 93
0.001611 93
0.001612 94
0.001613 95
0.001614 95
0.001615 96
0.001616 96
0.001617 95
0.001618 96
0.001619 97
0.00162 97
0.001621 99
0.001622 99
0.001623 99
0.001624 99
0.001625 99
0.001626 99
0.001627 99
0.001628 99
0.001629 99
0.00163 98
0.001631 97
0.001632 97
0.001633 97
0.001634 97
0.001635 97
0.001636 98
0.001637 97
0.001638 97
0.001639 97
0.00164 97
0.001641 97
0.001642 96
0.001643 95
0.001644 96
0.001645 95
0.001646 94
0.001647 94
0.001648 95
0.001649 96
0.00165 97
0.001651 95
0.001652 94
0.001653 94
0.001654 95
0.001655 94
0.001656 94
0.001657 96
0.001658 98
0.001659 96
0.00166 96
0.001661 97
0.001662 97
0.001663 97
0.001664 96
0.001665 96
0.001666 98
0.001667 96
0.001668 95
0.001669 95
0.00167 94
0.001671 94
0.001672 93
0.001673 93
0.001674 93
0.001675 91
0.001676 91
0.001677 92
0.001678 92
0.001679 93
0.00168 92
0.001681 93
0.001682 92
0.001683 92
0.001684 92
0.001685 93
0.001686 93
0.001687 93
0.001688 94
0.001689 93
0.00169 94
0.001691 94
0.001692 95
0.001693 96
0.001694 97
0.001695 98
0.001696 99
0.001697 100
0.001698 101
0.001699 99
0.0017 99
0.001701 98
0.001702 98
0.001703 98
0.001704 98
0.001705 99
0.001706 99
0.001707 99
0.001708 98
0.001709 98
0.00171 98
0.001711 98
0.001712 100
0.001713 100
0.001714 99
0.001715 98
0.001716 98
0.001717 98
0.001718 98
0.001719 98
0.00172 99
0.001721 100
0.001722 100
0.001723 100
0.001724 100
0.001725 99
0.001726 99
0.001727 100
0.001728 100
0.001729 101
0.00173 101
0.001731 100
0.001732 100
0.001733 102
0.001734 102
0.001735 104
0.001736 106
0.001737 105
0.001738 106
0.001739 108
0.00174 108
0.001741 109
0.001742 109
0.001743 109
0.001744 107
0.001745 108
0.001746 108
0.001747 108
0.001748 109
0.001749 104
0.00175 105
0.001751 102
0.001752 103
0.001753 103
0.001754 104
0.001755 103
0.001756 102
0.001757 101
0.001758 100
0.001759 100
0.00176 100
0.001761 100
0.001762 100
0.001763 100
0.001764 100
0.001765 100
0.001766 100
0.001767 101
0.001768 100
0.001769 101
0.00177 102
0.001771 103
0.001772 103
0.001773 103
0.001774 102
0.001775 102
0.001776 102
0.001777 100
0.001778 100
0.001779 100
0.00178 100
0.001781 99
0.001782 99
0.001783 100
0.001784 99
0.001785 101
0.001786 101
0.001787 102
0.001788 102
0.001789 103
0.00179 102
0.001791 102
0.001792 102
0.001793 102
0.001794 101
0.001795 101
0.001796 101
0.001797 101
0.001798 100
0.001799 100
0.0018 101
0.001801 101
0.001802 100
0.001803 100
0.001804 100
0.001805 101
0.001806 100
0.001807 100
0.001808 99
0.001809 99
0.00181 99
0.001811 98
0.001812 98
0.001813 96
0.001814 96
0.001815 97
0.001816 97
0.001817 96
0.001818 95
0.001819 96
0.00182 96
0.001821 96
0.001822 96
0.001823 96
0.001824 96
0.001825 97
0.001826 98
0.001827 99
0.001828 97
0.001829 97
0.00183 97
0.001831 97
0.001832 97
0.001833 98
0.001834 97
0.001835 97
0.001836 97
0.001837 97
0.001838 96
0.001839 96
0.00184 93
0.001841 94
0.001842 95
0.001843 95
0.001844 95
0.001845 94
0.001846 93
0.001847 93
0.001848 95
0.001849 94
0.00185 94
0.001851 95
0.001852 95
0.001853 96
0.001854 96
0.001855 96
0.001856 98
0.001857 96
0.001858 95
0.001859 95
0.00186 93
0.001861 93
0.001862 94
0.001863 93
0.001864 94
0.001865 94
0.001866 93
0.001867 94
0.001868 94
0.001869 95
0.00187 95
0.001871 95
0.001872 94
0.001873 94
0.001874 95
0.001875 94
0.001876 95
0.001877 96
0.001878 95
0.001879 94
0.00188 94
0.001881 93
0.001882 93
0.001883 93
0.001884 93
0.001885 92
0.001886 92
0.001887 92
0.001888 91
0.001889 90
0.00189 91
0.001891 90
0.001892 90
0.001893 90
0.001894 90
0.001895 90
0.001896 89
0.001897 89
0.001898 88
0.001899 87
0.0019 89
0.001901 89
0.001902 89
0.001903 91
0.001904 92
0.001905 92
0.001906 91
0.001907 92
0.001908 91
0.001909 91
0.00191 89
0.001911 88
0.001912 89
0.001913 91
0.001914 93
0.001915 93
0.001916 94
0.001917 94
0.001918 93
0.001919 92
0.00192 92
0.001921 92
0.001922 91
0.001923 90
0.001924 89
0.001925 89
0.001926 90
0.001927 90
0.001928 90
0.001929 90
0.00193 91
0.001931 91
0.001932 92
0.001933 92
0.001934 94
0.001935 96
0.001936 96
0.001937 96
0.001938 96
0.001939 95
0.00194 95
0.001941 95
0.001942 95
0.001943 98
0.001944 97
0.001945 97
0.001946 97
0.001947 97
0.001948 97
0.001949 97
0.00195 95
0.001951 96
0.001952 96
0.001953 96
0.001954 96
0.001955 95
0.001956 95
0.001957 95
0.001958 95
0.001959 94
0.00196 94
0.001961 94
0.001962 94
0.001963 95
0.001964 96
0.001965 97
0.001966 98
0.001967 99
0.001968 99
0.001969 99
0.00197 99
0.001971 98
0.001972 98
0.001973 97
0.001974 97
0.001975 98
0.001976 98
0.001977 99
0.001978 99
0.001979 99
0.00198 100
0.001981 101
0.001982 101
0.001983 100
0.001984 100
0.001985 100
0.001986 101
0.001987 101
0.001988 101
0.001989 100
0.00199 99
0.001991 99
0.001992 99
0.001993 99
0.001994 98
0.001995 96
0.001996 96
0.001997 96
0.001998 94
0.001999 93
0.002 93
0.002001 93
0.002002 93
0.002003 94
0.002004 95
0.002005 96
0.002006 96
0.002007 95
0.002008 95
0.002009 95
0.00201 93
0.002011 91
0.002012 92
0.002013 93
0.002014 93
0.002015 93
0.002016 92
0.002017 93
0.002018 93
0.002019 93
0.00202 93
0.002021 93
0.002022 91
0.002023 92
0.002024 91
0.002025 91
0.002026 92
0.002027 92
0.002028 91
0.002029 91
0.00203 91
0.002031 91
0.002032 91
0.002033 91
0.002034 90
0.002035 91
0.002036 91
0.002037 90
0.002038 90
0.002039 90
0.00204 89
0.002041 88
0.002042 88
0.002043 87
0.002044 87
0.002045 87
0.002046 87
0.002047 86
0.002048 86
0.002049 86
0.00205 87
0.002051 88
0.002052 87
0.002053 89
0.002054 90
0.002055 90
0.002056 91
0.002057 91
0.002058 90
0.002059 92
0.00206 92
0.002061 93
0.002062 93
0.002063 94
0.002064 93
0.002065 91
0.002066 91
0.002067 92
0.002068 91
0.002069 89
0.00207 88
0.002071 90
0.002072 92
0.002073 92
0.002074 91
0.002075 91
0.002076 91
0.002077 90
0.002078 90
0.002079 90
0.00208 90
0.002081 91
0.002082 91
0.002083 90
0.002084 91
0.002085 91
0.002086 91
0.002087 91
0.002088 91
0.002089 91
0.00209 90
0.002091 89
0.002092 90
0.002093 88
0.002094 90
0.002095 90
0.002096 91
0.002097 90
0.002098 89
0.002099 89
0.0021 90
0.002101 92
0.002102 91
0.002103 91
0.002104 92
0.002105 92
0.002106 90
0.002107 90
0.002108 90
0.002109 90
0.00211 90
0.002111 90
0.002112 90
0.002113 90
0.002114 90
0.002115 91
0.002116 92
0.002117 92
0.002118 92
0.002119 94
0.00212 94
0.002121 94
0.002122 93
0.002123 93
0.002124 92
0.002125 92
0.002126 96
0.002127 96
0.002128 96
0.002129 95
0.00213 95
0.002131 95
0.002132 96
0.002133 95
0.002134 98
0.002135 98
0.002136 98
0.002137 98
0.002138 99
0.002139 98
0.00214 97
0.002141 97
0.002142 98
0.002143 99
0.002144 99
0.002145 99
0.002146 98
0.002147 98
0.002148 98
0.002149 98
0.00215 96
0.002151 96
0.002152 96
0.002153 95
0.002154 95
0.002155 95
0.002156 95
0.002157 93
0.002158 93
0.002159 95
0.00216 96
0.002161 98
0.002162 98
0.002163 100
0.002164 101
0.002165 101
0.002166 101
0.002167 101
0.002168 100
0.002169 99
0.00217 99
0.002171 99
0.002172 100
0.002173 98
0.002174 98
0.002175 98
0.002176 98
0.002177 98
0.002178 97
0.002179 97
0.00218 96
0.002181 96
0.002182 96
0.002183 95
0.002184 94
0.002185 94
0.002186 94
0.002187 97
0.002188 97
0.002189 98
0.00219 96
0.002191 94
0.002192 92
0.002193 91
0.002194 91
0.002195 89
0.002196 90
0.002197 89
0.002198 89
0.002199 90
0.0022 90
0.002201 89
0.002202 87
0.002203 86
0.002204 87
0.002205 85
0.002206 85
0.002207 85
0.002208 87
0.002209 87
0.00221 88
0.002211 89
0.002212 89
0.002213 89
0.002214 90
0.002215 90
0.002216 90
0.002217 90
0.002218 88
0.002219 88
0.00222 88
0.002221 89
0.002222 88
0.002223 89
0.002224 88
0.002225 87
0.002226 86
0.002227 86
0.002228 86
0.002229 86
0.00223 84
0.002231 82
0.002232 83
0.002233 84
0.002234 83
0.002235 83
0.002236 83
0.002237 82
0.002238 81
0.002239 80
0.00224 80
0.002241 80
0.002242 79
0.002243 76
0.002244 75
0.002245 75
0.002246 75
0.002247 75
0.002248 76
0.002249 73
0.00225 73
0.002251 73
0.002252 74
0.002253 74
0.002254 74
0.002255 74
0.002256 74
0.002257 74
0.002258 71
0.002259 72
0.00226 72
0.002261 72
0.002262 72
0.002263 69
0.002264 69
0.002265 68
0.002266 67
0.002267 67
0.002268 68
0.002269 67
0.00227 67
0.002271 67
0.002272 68
0.002273 69
0.002274 69
0.002275 69
0.002276 69
0.002277 69
0.002278 67
0.002279 68
0.00228 68
0.002281 67
0.002282 67
0.002283 67
0.002284 69
0.002285 69
0.002286 68
0.002287 68
0.002288 69
0.002289 68
0.00229 68
0.002291 67
0.002292 67
0.002293 68
0.002294 68
0.002295 68
0.002296 69
0.002297 70
0.002298 70
0.002299 70
0.0023 68
0.002301 67
0.002302 66
0.002303 65
0.002304 65
0.002305 64
0.002306 64
0.002307 64
0.002308 64
0.002309 62
0.00231 63
0.002311 64
0.002312 63
0.002313 65
0.002314 65
0.002315 64
0.002316 63
0.002317 64
0.002318 65
0.002319 65
0.00232 66
0.002321 67
0.002322 66
0.002323 65
0.002324 65
0.002325 65
0.002326 65
0.002327 66
0.002328 66
0.002329 66
0.00233 67
0.002331 71
0.002332 71
0.002333 70
0.002334 70
0.002335 70
0.002336 70
0.002337 70
0.002338 73
0.002339 73
0.00234 74
0.002341 74
0.002342 75
0.002343 75
0.002344 75
0.002345 74
0.002346 73
0.002347 73
0.002348 74
0.002349 74
0.00235 74
0.002351 74
0.002352 74
0.002353 75
0.002354 74
0.002355 72
0.002356 73
0.002357 74
0.002358 74
0.002359 73
0.00236 73
0.002361 73
0.002362 75
0.002363 74
0.002364 72
0.002365 72
0.002366 72
0.002367 72
0.002368 73
0.002369 74
0.00237 74
0.002371 75
0.002372 78
0.002373 78
0.002374 78
0.002375 78
0.002376 78
0.002377 78
0.002378 78
0.002379 78
0.00238 78
0.002381 80
0.002382 80
0.002383 80
0.002384 79
0.002385 79
0.002386 78
0.002387 76
0.002388 77
0.002389 78
0.00239 78
0.002391 78
0.002392 78
0.002393 78
0.002394 79
0.002395 78
0.002396 77
0.002397 76
0.002398 74
0.002399 74
0.0024 76
0.002401 77
0.002402 77
0.002403 77
0.002404 79
0.002405 79
0.002406 78
0.002407 79
0.002408 79
0.002409 80
0.00241 80
0.002411 79
0.002412 78
0.002413 77
0.002414 76
0.002415 77
0.002416 78
0.002417 77
0.002418 77
0.002419 76
0.00242 75
0.002421 74
0.002422 74
0.002423 75
0.002424 76
0.002425 78
0.002426 77
0.002427 76
0.002428 76
0.002429 75
0.00243 75
0.002431 75
0.002432 75
0.002433 75
0.002434 75
0.002435 75
0.002436 76
0.002437 75
0.002438 76
0.002439 76
0.00244 75
0.002441 77
0.002442 76
0.002443 75
0.002444 74
0.002445 74
0.002446 74
0.002447 75
0.002448 74
0.002449 73
0.00245 73
0.002451 73
0.002452 73
0.002453 73
0.002454 73
0.002455 74
0.002456 72
0.002457 71
0.002458 70
0.002459 73
0.00246 72
0.002461 72
0.002462 71
0.002463 71
0.002464 71
0.002465 71
0.002466 71
0.002467 70
0.002468 70
0.002469 70
0.00247 70
0.002471 70
0.002472 69
0.002473 70
0.002474 70
0.002475 69
0.002476 68
0.002477 67
0.002478 67
0.002479 67
0.00248 67
0.002481 67
0.002482 67
0.002483 67
0.002484 67
0.002485 67
0.002486 66
0.002487 67
0.002488 66
0.002489 67
0.00249 67
0.002491 66
0.002492 67
0.002493 67
0.002494 68
0.002495 68
0.002496 69
0.002497 71
0.002498 72
0.002499 74
0.0025 74
0.002501 74
0.002502 74
0.002503 74
0.002504 76
0.002505 76
0.002506 75
0.002507 74
0.002508 73
0.002509 73
0.00251 74
0.002511 74
0.002512 74
0.002513 74
0.002514 74
0.002515 75
0.002516 76
0.002517 76
0.002518 76
0.002519 75
0.00252 75
0.002521 76
0.002522 76
0.002523 75
0.002524 73
0.002525 72
0.002526 71
0.002527 71
0.002528 71
0.002529 71
0.00253 71
0.002531 73
0.002532 74
0.002533 74
0.002534 74
0.002535 73
0.002536 74
0.002537 73
0.002538 75
0.002539 75
0.00254 78
0.002541 78
0.002542 78
0.002543 80
0.002544 80
0.002545 81
0.002546 82
0.002547 82
0.002548 82
0.002549 80
0.00255 81
0.002551 81
0.002552 81
0.002553 81
0.002554 81
0.002555 81
0.002556 79
0.002557 79
0.002558 79
0.002559 81
0.00256 81
0.002561 81
0.002562 79
0.002563 78
0.002564 78
0.002565 78
0.002566 79
0.002567 79
0.002568 80
0.002569 79
0.00257 81
0.002571 80
0.002572 80
0.002573 79
0.002574 78
0.002575 77
0.002576 77
0.002577 76
0.002578 76
0.002579 76
0.00258 75
0.002581 76
0.002582 76
0.002583 77
0.002584 77
0.002585 78
0.002586 76
0.002587 76
0.002588 77
0.002589 77
0.00259 80
0.002591 82
0.002592 83
0.002593 83
0.002594 83
0.002595 83
0.002596 84
0.002597 86
0.002598 86
0.002599 86
0.0026 85
0.002601 85
0.002602 85
0.002603 86
0.002604 87
0.002605 88
0.002606 88
0.002607 88
0.002608 89
0.002609 89
0.00261 89
0.002611 89
0.002612 88
0.002613 89
0.002614 90
0.002615 89
0.002616 89
0.002617 88
0.002618 88
0.002619 90
0.00262 90
0.002621 89
0.002622 89
0.002623 89
0.002624 89
0.002625 90
0.002626 89
0.002627 89
0.002628 89
0.002629 89
0.00263 91
0.002631 91
0.002632 91
0.002633 91
0.002634 90
0.002635 90
0.002636 90
0.002637 89
0.002638 91
0.002639 91
0.00264 90
0.002641 91
0.002642 90
0.002643 90
0.002644 90
0.002645 89
0.002646 88
0.002647 89
0.002648 87
0.002649 88
0.00265 87
0.002651 87
0.002652 86
0.002653 86
0.002654 88
0.002655 86
0.002656 86
0.002657 86
0.002658 84
0.002659 84
0.00266 83
0.002661 82
0.002662 81
0.002663 81
0.002664 82
0.002665 82
0.002666 81
0.002667 80
0.002668 80
0.002669 83
0.00267 83
0.002671 82
0.002672 83
0.002673 83
0.002674 84
0.002675 82
0.002676 83
0.002677 84
0.002678 84
0.002679 84
0.00268 84
0.002681 84
0.002682 84
0.002683 85
0.002684 85
0.002685 85
0.002686 87
0.002687 86
0.002688 87
0.002689 87
0.00269 88
0.002691 88
0.002692 88
0.002693 89
0.002694 89
0.002695 87
0.002696 88
0.002697 88
0.002698 89
0.002699 89
0.0027 89
0.002701 87
0.002702 87
0.002703 86
0.002704 87
0.002705 87
0.002706 87
0.002707 87
0.002708 88
0.002709 87
0.00271 87
0.002711 87
0.002712 84
0.002713 83
0.002714 83
0.002715 83
0.002716 83
0.002717 83
0.002718 82
0.002719 83
0.00272 84
0.002721 84
0.002722 84
0.002723 85
0.002724 85
0.002725 86
0.002726 85
0.002727 85
0.002728 85
0.002729 86
0.00273 85
0.002731 85
0.002732 83
0.002733 83
0.002734 82
0.002735 83
0.002736 82
0.002737 82
0.002738 80
0.002739 78
0.00274 78
0.002741 79
0.002742 80
0.002743 81
0.002744 81
0.002745 81
0.002746 81
0.002747 79
0.002748 79
0.002749 79
0.00275 78
0.002751 78
0.002752 79
0.002753 80
0.002754 80
0.002755 80
0.002756 81
0.002757 81
0.002758 80
0.002759 81
0.00276 81
0.002761 81
0.002762 81
0.002763 81
0.002764 82
0.002765 82
0.002766 83
0.002767 84
0.002768 84
0.002769 84
0.00277 83
0.002771 85
0.002772 84
0.002773 83
0.002774 83
0.002775 82
0.002776 83
0.002777 84
0.002778 84
0.002779 83
0.00278 84
0.002781 83
0.002782 84
0.002783 84
0.002784 84
0.002785 85
0.002786 86
0.002787 85
0.002788 85
0.002789 84
0.00279 83
0.002791 85
0.002792 85
0.002793 85
0.002794 84
0.002795 85
0.002796 84
0.002797 83
0.002798 83
0.002799 84
0.0028 83
0.002801 82
0.002802 82
0.002803 82
0.002804 82
0.002805 84
0.002806 83
0.002807 82
0.002808 82
0.002809 82
0.00281 81
0.002811 81
0.002812 81
0.002813 80
0.002814 80
0.002815 81
0.002816 80
0.002817 78
0.002818 78
0.002819 78
0.00282 77
0.002821 77
0.002822 77
0.002823 77
0.002824 77
0.002825 77
0.002826 77
0.002827 77
0.002828 81
0.002829 82
0.00283 79
0.002831 79
0.002832 79
0.002833 78
0.002834 77
0.002835 78
0.002836 76
0.002837 74
0.002838 75
0.002839 75
0.00284 76
0.002841 75
0.002842 75
0.002843 75
0.002844 74
0.002845 75
0.002846 77
0.002847 78
0.002848 78
0.002849 79
0.00285 78
0.002851 80
0.002852 82
0.002853 81
0.002854 81
0.002855 81
0.002856 81
0.002857 79
0.002858 80
0.002859 80
0.00286 80
0.002861 81
0.002862 81
0.002863 81
0.002864 81
0.002865 80
0.002866 80
0.002867 80
0.002868 81
0.002869 82
0.00287 82
0.002871 80
0.002872 80
0.002873 80
0.002874 80
0.002875 81
0.002876 82
0.002877 83
0.002878 83
0.002879 85
0.00288 84
0.002881 84
0.002882 86
0.002883 86
0.002884 84
0.002885 85
0.002886 87
0.002887 85
0.002888 84
0.002889 83
0.00289 84
0.002891 85
0.002892 84
0.002893 82
0.002894 80
0.002895 81
0.002896 81
0.002897 78
0.002898 78
0.002899 78
0.0029 79
0.002901 79
0.002902 78
0.002903 75
0.002904 75
0.002905 75
0.002906 75
0.002907 76
0.002908 76
0.002909 76
0.00291 77
0.002911 76
0.002912 76
0.002913 77
0.002914 78
0.002915 79
0.002916 79
0.002917 79
0.002918 80
0.002919 80
0.00292 81
0.002921 82
0.002922 82
0.002923 82
0.002924 81
0.002925 82
0.002926 83
0.002927 82
0.002928 81
0.002929 81
0.00293 80
0.002931 79
0.002932 79
0.002933 78
0.002934 78
0.002935 77
0.002936 76
0.002937 77
0.002938 75
0.002939 74
0.00294 78
0.002941 78
0.002942 79
0.002943 79
0.002944 78
0.002945 78
0.002946 78
0.002947 79
0.002948 81
0.002949 82
0.00295 82
0.002951 83
0.002952 84
0.002953 84
0.002954 83
0.002955 82
0.002956 82
0.002957 83
0.002958 81
0.002959 81
0.00296 80
0.002961 79
0.002962 78
0.002963 77
0.002964 77
0.002965 79
0.002966 78
0.002967 79
0.002968 82
0.002969 82
0.00297 83
0.002971 83
0.002972 83
0.002973 82
0.002974 82
0.002975 81
0.002976 81
0.002977 81
0.002978 82
0.002979 81
0.00298 82
0.002981 81
0.002982 83
0.002983 82
0.002984 82
0.002985 82
0.002986 82
0.002987 82
0.002988 82
0.002989 82
0.00299 83
0.002991 83
0.002992 83
0.002993 83
0.002994 82
0.002995 80
0.002996 81
0.002997 81
0.002998 82
0.002999 82
0.003 83
0.003001 83
0.003002 82
0.003003 82
0.003004 83
0.003005 84
0.003006 84
0.003007 84
0.003008 84
0.003009 83
0.00301 83
0.003011 84
0.003012 84
0.003013 85
0.003014 84
0.003015 83
0.003016 82
0.003017 81
0.003018 81
0.003019 80
0.00302 82
0.003021 81
0.003022 79
0.003023 77
0.003024 78
0.003025 76
0.003026 75
0.003027 73
0.003028 73
0.003029 73
0.00303 73
0.003031 72
0.003032 72
0.003033 73
0.003034 73
0.003035 73
0.003036 73
0.003037 74
0.003038 74
0.003039 74
0.00304 74
0.003041 75
0.003042 75
0.003043 74
0.003044 75
0.003045 74
0.003046 75
0.003047 76
0.003048 77
0.003049 77
0.00305 76
0.003051 77
0.003052 78
0.003053 79
0.003054 79
0.003055 80
0.003056 80
0.003057 80
0.003058 81
0.003059 81
0.00306 81
0.003061 78
0.003062 77
0.003063 76
0.003064 75
0.003065 73
0.003066 73
0.003067 73
0.003068 73
0.003069 73
0.00307 73
0.003071 74
0.003072 75
0.003073 75
0.003074 74
0.003075 75
0.003076 75
0.003077 75
0.003078 75
0.003079 76
0.00308 76
0.003081 77
0.003082 77
0.003083 78
0.003084 78
0.003085 78
0.003086 81
0.003087 81
0.003088 80
0.003089 78
0.00309 79
0.003091 79
0.003092 80
0.003093 80
0.003094 81
0.003095 82
0.003096 83
0.003097 83
0.003098 83
0.003099 85
0.0031 86
0.003101 86
0.003102 86
0.003103 87
0.003104 86
0.003105 86
0.003106 88
0.003107 86
0.003108 87
0.003109 88
0.00311 88
0.003111 88
0.003112 87
0.003113 90
0.003114 90
0.003115 89
0.003116 89
0.003117 89
0.003118 89
0.003119 91
0.00312 93
0.003121 92
0.003122 93
0.003123 92
0.003124 92
0.003125 91
0.003126 90
0.003127 90
0.003128 90
0.003129 89
0.00313 91
0.003131 91
0.003132 91
0.003133 90
0.003134 90
0.003135 89
0.003136 90
0.003137 90
0.003138 90
0.003139 89
0.00314 89
0.003141 89
0.003142 89
0.003143 90
0.003144 90
0.003145 90
0.003146 90
0.003147 90
0.003148 90
0.003149 92
0.00315 93
0.003151 92
0.003152 93
0.003153 93
0.003154 94
0.003155 94
0.003156 92
0.003157 91
0.003158 89
0.003159 89
0.00316 88
0.003161 88
0.003162 88
0.003163 88
0.003164 88
0.003165 88
0.003166 88
0.003167 89
0.003168 90
0.003169 90
0.00317 89
0.003171 89
0.003172 88
0.003173 89
0.003174 88
0.003175 88
0.003176 89
0.003177 90
0.003178 91
0.003179 92
0.00318 92
0.003181 93
0.003182 93
0.003183 90
0.003184 92
0.003185 91
0.003186 91
0.003187 92
0.003188 93
0.003189 94
0.00319 94
0.003191 92
0.003192 92
0.003193 91
0.003194 91
0.003195 90
0.003196 92
0.003197 93
0.003198 94
0.003199 96
0.0032 97
0.003201 97
0.003202 96
0.003203 96
0.003204 96
0.003205 97
0.003206 97
0.003207 98
0.003208 99
0.003209 98
0.00321 98
0.003211 97
0.003212 97
0.003213 97
0.003214 98
0.003215 99
0.003216 98
0.003217 98
0.003218 100
0.003219 101
0.00322 101
0.003221 100
0.003222 99
0.003223 99
0.003224 100
0.003225 100
0.003226 101
0.003227 101
0.003228 100
0.003229 98
0.00323 97
0.003231 95
0.003232 96
0.003233 96
0.003234 96
0.003235 98
0.003236 98
0.003237 98
0.003238 98
0.003239 99
0.00324 98
0.003241 98
0.003242 98
0.003243 97
0.003244 98
0.003245 98
0.003246 99
0.003247 98
0.003248 97
0.003249 98
0.00325 98
0.003251 98
0.003252 100
0.003253 100
0.003254 100
0.003255 98
0.003256 97
0.003257 98
0.003258 96
0.003259 96
0.00326 95
0.003261 95
0.003262 95
0.003263 94
0.003264 94
0.003265 91
0.003266 91
0.003267 90
0.003268 90
0.003269 91
0.00327 93
0.003271 91
0.003272 92
0.003273 91
0.003274 92
0.003275 93
0.003276 93
0.003277 94
0.003278 94
0.003279 93
0.00328 93
0.003281 91
0.003282 91
0.003283 91
0.003284 91
0.003285 92
0.003286 90
0.003287 90
0.003288 90
0.003289 90
0.00329 90
0.003291 90
0.003292 91
0.003293 90
0.003294 91
0.003295 91
0.003296 91
0.003297 90
0.003298 89
0.003299 90
0.0033 91
0.003301 94
0.003302 95
0.003303 97
0.003304 97
0.003305 97
0.003306 97
0.003307 97
0.003308 97
0.003309 97
0.00331 96
0.003311 96
0.003312 98
0.003313 99
0.003314 98
0.003315 101
0.003316 102
0.003317 103
0.003318 103
0.003319 103
0.00332 104
0.003321 104
0.003322 102
0.003323 102
0.003324 103
0.003325 102
0.003326 102
0.003327 103
0.003328 101
0.003329 100
0.00333 99
0.003331 99
0.003332 99
0.003333 101
0.003334 99
0.003335 99
0.003336 97
0.003337 97
0.003338 96
0.003339 95
0.00334 95
0.003341 96
0.003342 96
0.003343 95
0.003344 95
0.003345 95
0.003346 95
0.003347 94
0.003348 95
0.003349 96
0.00335 97
0.003351 96
0.003352 95
0.003353 96
0.003354 95
0.003355 95
0.003356 95
0.003357 95
0.003358 94
0.003359 93
0.00336 89
0.003361 89
0.003362 89
0.003363 89
0.003364 88
0.003365 87
0.003366 87
0.003367 88
0.003368 88
0.003369 88
0.00337 88
0.003371 88
0.003372 87
0.003373 90
0.003374 91
0.003375 92
0.003376 92
0.003377 92
0.003378 92
0.003379 92
0.00338 92
0.003381 95
0.003382 95
0.003383 95
0.003384 95
0.003385 95
0.003386 95
0.003387 93
0.003388 94
0.003389 95
0.00339 95
0.003391 94
0.003392 95
0.003393 94
0.003394 94
0.003395 94
0.003396 94
0.003397 93
0.003398 93
0.003399 93
0.0034 94
0.003401 95
0.003402 95
0.003403 94
0.003404 92
0.003405 91
0.003406 90
0.003407 91
0.003408 91
0.003409 92
0.00341 91
0.003411 90
0.003412 90
0.003413 90
0.003414 88
0.003415 87
0.003416 87
0.003417 87
0.003418 86
0.003419 85
0.00342 85
0.003421 87
0.003422 88
0.003423 89
0.003424 88
0.003425 89
0.003426 89
0.003427 88
0.003428 89
0.003429 89
0.00343 89
0.003431 88
0.003432 88
0.003433 87
0.003434 89
0.003435 89
0.003436 89
0.003437 90
0.003438 92
0.003439 92
0.00344 90
0.003441 91
0.003442 93
0.003443 93
0.003444 94
0.003445 93
0.003446 92
0.003447 92
0.003448 89
0.003449 90
0.00345 91
0.003451 90
0.003452 89
0.003453 89
0.003454 86
0.003455 86
0.003456 86
0.003457 86
0.003458 86
0.003459 87
0.00346 86
0.003461 84
0.003462 83
0.003463 83
0.003464 84
0.003465 83
0.003466 83
0.003467 83
0.003468 85
0.003469 85
0.00347 84
0.003471 84
0.003472 83
0.003473 83
0.003474 83
0.003475 83
0.003476 82
0.003477 83
0.003478 81
0.003479 81
0.00348 82
0.003481 81
0.003482 80
0.003483 80
0.003484 80
0.003485 79
0.003486 80
0.003487 80
0.003488 80
0.003489 80
0.00349 79
0.003491 78
0.003492 77
0.003493 77
0.003494 77
0.003495 78
0.003496 78
0.003497 78
0.003498 78
0.003499 78
0.0035 77
0.003501 77
0.003502 77
0.003503 76
0.003504 76
0.003505 75
0.003506 76
0.003507 77
0.003508 79
0.003509 77
0.00351 75
0.003511 75
0.003512 74
0.003513 74
0.003514 74
0.003515 74
0.003516 74
0.003517 74
0.003518 74
0.003519 74
0.00352 75
0.003521 75
0.003522 76
0.003523 76
0.003524 76
0.003525 76
0.003526 77
0.003527 77
0.003528 76
0.003529 76
0.00353 75
0.003531 76
0.003532 76
0.003533 76
0.003534 76
0.003535 76
0.003536 76
0.003537 76
0.003538 76
0.003539 76
0.00354 75
0.003541 74
0.003542 74
0.003543 75
0.003544 72
0.003545 72
0.003546 71
0.003547 71
0.003548 71
0.003549 73
0.00355 73
0.003551 75
0.003552 75
0.003553 74
0.003554 74
0.003555 74
0.003556 75
0.003557 73
0.003558 75
0.003559 74
0.00356 74
0.003561 76
0.003562 75
0.003563 75
0.003564 75
0.003565 74
0.003566 74
0.003567 74
0.003568 73
0.003569 72
0.00357 72
0.003571 70
0.003572 69
0.003573 70
0.003574 71
0.003575 70
0.003576 68
0.003577 68
0.003578 68
0.003579 68
0.00358 66
0.003581 66
0.003582 67
0.003583 67
0.003584 67
0.003585 66
0.003586 66
0.003587 66
0.003588 65
0.003589 66
0.00359 66
0.003591 66
0.003592 66
0.003593 65
0.003594 65
0.003595 65
0.003596 65
0.003597 65
0.003598 65
0.003599 65
0.0036 65
0.003601 65
0.003602 66
0.003603 67
0.003604 67
0.003605 69
0.003606 69
0.003607 66
0.003608 66
0.003609 66
0.00361 68
0.003611 68
0.003612 68
0.003613 68
0.003614 68
0.003615 68
0.003616 67
0.003617 67
0.003618 66
0.003619 67
0.00362 67
0.003621 68
0.003622 69
0.003623 70
0.003624 70
0.003625 70
0.003626 71
0.003627 72
0.003628 74
0.003629 74
0.00363 74
0.003631 74
0.003632 74
0.003633 75
0.003634 76
0.003635 75
0.003636 76
0.003637 74
0.003638 73
0.003639 75
0.00364 75
0.003641 76
0.003642 77
0.003643 77
0.003644 77
0.003645 77
0.003646 77
0.003647 77
0.003648 78
0.003649 79
0.00365 79
0.003651 81
0.003652 80
0.003653 79
0.003654 79
0.003655 78
0.003656 77
0.003657 76
0.003658 76
0.003659 77
0.00366 78
0.003661 79
0.003662 79
0.003663 80
0.003664 80
0.003665 80
0.003666 80
0.003667 82
0.003668 82
0.003669 83
0.00367 83
0.003671 84
0.003672 84
0.003673 84
0.003674 83
0.003675 84
0.003676 86
0.003677 86
0.003678 87
0.003679 87
0.00368 87
0.003681 84
0.003682 83
0.003683 83
0.003684 83
0.003685 84
0.003686 83
0.003687 83
0.003688 83
0.003689 84
0.00369 84
0.003691 83
0.003692 84
0.003693 84
0.003694 84
0.003695 85
0.003696 85
0.003697 86
0.003698 84
0.003699 84
0.0037 85
0.003701 85
0.003702 85
0.003703 85
0.003704 84
0.003705 85
0.003706 85
0.003707 86
0.003708 86
0.003709 86
0.00371 88
0.003711 88
0.003712 87
0.003713 87
0.003714 87
0.003715 87
0.003716 87
0.003717 89
0.003718 89
0.003719 90
0.00372 90
0.003721 90
0.003722 91
0.003723 90
0.003724 90
0.003725 89
0.003726 89
0.003727 90
0.003728 91
0.003729 92
0.00373 94
0.003731 96
0.003732 96
0.003733 96
0.003734 95
0.003735 94
0.003736 93
0.003737 95
0.003738 95
0.003739 96
0.00374 96
0.003741 97
0.003742 97
0.003743 97
0.003744 97
0.003745 97
0.003746 98
0.003747 98
0.003748 97
0.003749 95
0.00375 95
0.003751 94
0.003752 95
0.003753 93
0.003754 92
0.003755 91
0.003756 90
0.003757 89
0.003758 86
0.003759 86
0.00376 86
0.003761 83
0.003762 84
0.003763 84
0.003764 86
0.003765 86
0.003766 87
0.003767 86
0.003768 86
0.003769 86
0.00377 86
0.003771 87
0.003772 87
0.003773 86
0.003774 85
0.003775 88
0.003776 88
0.003777 88
0.003778 88
0.003779 87
0.00378 86
0.003781 87
0.003782 86
0.003783 86
0.003784 87
0.003785 86
0.003786 85
0.003787 85
0.003788 84
0.003789 85
0.00379 85
0.003791 86
0.003792 86
0.003793 86
0.003794 86
0.003795 84
0.003796 83
0.003797 83
0.003798 84
0.003799 85
0.0038 85
0.003801 87
0.003802 86
0.003803 86
0.003804 84
0.003805 84
0.003806 84
0.003807 84
0.003808 84
0.003809 83
0.00381 84
0.003811 85
0.003812 85
0.003813 83
0.003814 82
0.003815 82
0.003816 82
0.003817 83
0.003818 81
0.003819 82
0.00382 82
0.003821 82
0.003822 82
0.003823 82
0.003824 80
0.003825 80
0.003826 80
0.003827 81
0.003828 81
0.003829 81
0.00383 81
0.003831 82
0.003832 83
0.003833 82
0.003834 82
0.003835 82
0.003836 82
0.003837 81
0.003838 80
0.003839 81
0.00384 82
0.003841 82
0.003842 82
0.003843 81
0.003844 80
0.003845 80
0.003846 80
0.003847 80
0.003848 79
0.003849 79
0.00385 78
0.003851 75
0.003852 75
0.003853 75
0.003854 76
0.003855 76
0.003856 76
0.003857 76
0.003858 74
0.003859 74
0.00386 73
0.003861 73
0.003862 75
0.003863 75
0.003864 75
0.003865 73
0.003866 74
0.003867 74
0.003868 73
0.003869 73
0.00387 74
0.003871 76
0.003872 75
0.003873 76
0.003874 77
0.003875 77
0.003876 76
0.003877 74
0.003878 73
0.003879 73
0.00388 73
0.003881 73
0.003882 73
0.003883 74
0.003884 73
0.003885 73
0.003886 72
0.003887 73
0.003888 74
0.003889 72
0.00389 72
0.003891 72
0.003892 74
0.003893 76
0.003894 74
0.003895 74
0.003896 73
0.003897 72
0.003898 72
0.003899 72
0.0039 73
0.003901 72
0.003902 72
0.003903 71
0.003904 72
0.003905 72
0.003906 72
0.003907 73
0.003908 73
0.003909 73
0.00391 73
0.003911 74
0.003912 73
0.003913 72
0.003914 71
0.003915 72
0.003916 72
0.003917 73
0.003918 72
0.003919 72
0.00392 73
0.003921 73
0.003922 75
0.003923 76
0.003924 76
0.003925 75
0.003926 76
0.003927 76
0.003928 76
0.003929 76
0.00393 76
0.003931 75
0.003932 75
0.003933 77
0.003934 78
0.003935 80
0.003936 78
0.003937 78
0.003938 77
0.003939 77
0.00394 77
0.003941 77
0.003942 76
0.003943 76
0.003944 75
0.003945 74
0.003946 73
0.003947 73
0.003948 73
0.003949 71
0.00395 72
0.003951 73
0.003952 73
0.003953 74
0.003954 76
0.003955 76
0.003956 76
0.003957 76
0.003958 76
0.003959 75
0.00396 74
0.003961 72
0.003962 71
0.003963 71
0.003964 72
0.003965 75
0.003966 76
0.003967 78
0.003968 78
0.003969 79
0.00397 79
0.003971 78
0.003972 77
0.003973 78
0.003974 80
0.003975 80
0.003976 80
0.003977 79
0.003978 79
0.003979 81
0.00398 82
0.003981 81
0.003982 80
0.003983 79
0.003984 77
0.003985 77
0.003986 78
0.003987 78
0.003988 78
0.003989 78
0.00399 77
0.003991 78
0.003992 78
0.003993 77
0.003994 77
0.003995 77
0.003996 76
0.003997 77
0.003998 77
0.003999 77
0.004 77
0.004001 77
0.004002 78
0.004003 78
0.004004 79
0.004005 78
0.004006 78
0.004007 78
0.004008 77
0.004009 77
0.00401 77
0.004011 76
0.004012 74
0.004013 74
0.004014 75
0.004015 75
0.004016 74
0.004017 74
0.004018 76
0.004019 76
0.00402 76
0.004021 76
0.004022 76
0.004023 76
0.004024 75
0.004025 75
0.004026 74
0.004027 76
0.004028 76
0.004029 76
0.00403 76
0.004031 77
0.004032 78
0.004033 76
0.004034 78
0.004035 78
0.004036 78
0.004037 77
0.004038 77
0.004039 77
0.00404 77
0.004041 78
0.004042 78
0.004043 78
0.004044 76
0.004045 74
0.004046 74
0.004047 76
0.004048 76
0.004049 77
0.00405 77
0.004051 77
0.004052 76
0.004053 77
0.004054 75
0.004055 77
0.004056 78
0.004057 78
0.004058 79
0.004059 79
0.00406 79
0.004061 79
0.004062 79
0.004063 77
0.004064 78
0.004065 78
0.004066 78
0.004067 80
0.004068 80
0.004069 81
0.00407 81
0.004071 80
0.004072 80
0.004073 81
0.004074 81
0.004075 83
0.004076 81
0.004077 82
0.004078 82
0.004079 81
0.00408 79
0.004081 78
0.004082 77
0.004083 78
0.004084 79
0.004085 79
0.004086 80
0.004087 80
0.004088 80
0.004089 80
0.00409 79
0.004091 80
0.004092 80
0.004093 79
0.004094 80
0.004095 79
0.004096 77
0.004097 78
0.004098 80
0.004099 78
0.0041 78
0.004101 77
0.004102 76
0.004103 77
0.004104 78
0.004105 79
0.004106 79
0.004107 80
0.004108 79
0.004109 79
0.00411 79
0.004111 78
0.004112 78
0.004113 78
0.004114 78
0.004115 80
0.004116 81
0.004117 81
0.004118 83
0.004119 82
0.00412 82
0.004121 82
0.004122 82
0.004123 83
0.004124 84
0.004125 86
0.004126 86
0.004127 87
0.004128 86
0.004129 86
0.00413 85
0.004131 85
0.004132 84
0.004133 84
0.004134 84
0.004135 83
0.004136 85
0.004137 86
0.004138 87
0.004139 87
0.00414 88
0.004141 88
0.004142 88
0.004143 84
0.004144 83
0.004145 83
0.004146 83
0.004147 85
0.004148 84
0.004149 85
0.00415 85
0.004151 84
0.004152 84
0.004153 84
0.004154 83
0.004155 81
0.004156 82
0.004157 83
0.004158 84
0.004159 84
0.00416 84
0.004161 84
0.004162 84
0.004163 84
0.004164 84
0.004165 83
0.004166 83
0.004167 83
0.004168 82
0.004169 80
0.00417 81
0.004171 81
0.004172 81
0.004173 81
0.004174 81
0.004175 81
0.004176 80
0.004177 80
0.004178 81
0.004179 81
0.00418 81
0.004181 81
0.004182 82
0.004183 82
0.004184 82
0.004185 82
0.004186 82
0.004187 82
0.004188 80
0.004189 77
0.00419 75
0.004191 75
0.004192 75
0.004193 75
0.004194 75
0.004195 75
0.004196 76
0.004197 76
0.004198 75
0.004199 76
0.0042 77
0.004201 77
0.004202 77
0.004203 77
0.004204 76
0.004205 75
0.004206 76
0.004207 77
0.004208 77
0.004209 76
0.00421 76
0.004211 75
0.004212 75
0.004213 76
0.004214 75
0.004215 75
0.004216 74
0.004217 73
0.004218 72
0.004219 73
0.00422 73
0.004221 72
0.004222 72
0.004223 72
0.004224 70
0.004225 70
0.004226 71
0.004227 71
0.004228 71
0.004229 71
0.00423 73
0.004231 72
0.004232 72
0.004233 72
0.004234 73
0.004235 72
0.004236 71
0.004237 71
0.004238 68
0.004239 68
0.00424 69
0.004241 70
0.004242 69
0.004243 69
0.004244 68
0.004245 67
0.004246 66
0.004247 68
0.004248 68
0.004249 68
0.00425 69
0.004251 69
0.004252 68
0.004253 69
0.004254 70
0.004255 70
0.004256 69
0.004257 69
0.004258 71
0.004259 71
0.00426 71
0.004261 72
0.004262 72
0.004263 72
0.004264 72
0.004265 72
0.004266 71
0.004267 70
0.004268 70
0.004269 70
0.00427 70
0.004271 70
0.004272 69
0.004273 69
0.004274 71
0.004275 72
0.004276 72
0.004277 70
0.004278 70
0.004279 70
0.00428 70
0.004281 70
0.004282 70
0.004283 69
0.004284 69
0.004285 69
0.004286 69
0.004287 69
0.004288 69
0.004289 69
0.00429 69
0.004291 70
0.004292 69
0.004293 69
0.004294 68
0.004295 67
0.004296 68
0.004297 67
0.004298 68
0.004299 69
0.0043 68
0.004301 68
0.004302 68
0.004303 67
0.004304 69
0.004305 70
0.004306 69
0.004307 69
0.004308 69
0.004309 68
0.00431 67
0.004311 68
0.004312 68
0.004313 67
0.004314 68
0.004315 68
0.004316 66
0.004317 65
0.004318 65
0.004319 65
0.00432 67
0.004321 68
0.004322 68
0.004323 68
0.004324 68
0.004325 68
0.004326 68
0.004327 68
0.004328 68
0.004329 68
0.00433 67
0.004331 67
0.004332 67
0.004333 68
0.004334 69
0.004335 68
0.004336 68
0.004337 68
0.004338 68
0.004339 69
0.00434 69
0.004341 71
0.004342 72
0.004343 72
0.004344 72
0.004345 72
0.004346 72
0.004347 72
0.004348 73
0.004349 74
0.00435 75
0.004351 74
0.004352 75
0.004353 75
0.004354 75
0.004355 75
0.004356 74
0.004357 74
0.004358 73
0.004359 73
0.00436 73
0.004361 73
0.004362 72
0.004363 72
0.004364 71
0.004365 72
0.004366 72
0.004367 72
0.004368 73
0.004369 73
0.00437 73
0.004371 72
0.004372 72
0.004373 71
0.004374 71
0.004375 71
0.004376 70
0.004377 71
0.004378 73
0.004379 71
0.00438 71
0.004381 69
0.004382 68
0.004383 67
0.004384 68
0.004385 69
0.004386 69
0.004387 69
0.004388 69
0.004389 70
0.00439 71
0.004391 71
0.004392 71
0.004393 71
0.004394 73
0.004395 73
0.004396 73
0.004397 73
0.004398 73
0.004399 71
0.0044 71
0.004401 68
0.004402 69
0.004403 69
0.004404 69
0.004405 70
0.004406 70
0.004407 69
0.004408 69
0.004409 69
0.00441 69
0.004411 69
0.004412 71
0.004413 69
0.004414 70
0.004415 70
0.004416 69
0.004417 69
0.004418 68
0.004419 67
0.00442 71
0.004421 71
0.004422 72
0.004423 70
0.004424 72
0.004425 72
0.004426 73
0.004427 71
0.004428 70
0.004429 71
0.00443 72
0.004431 71
0.004432 70
0.004433 70
0.004434 70
0.004435 70
0.004436 71
0.004437 70
0.004438 68
0.004439 66
0.00444 67
0.004441 68
0.004442 69
0.004443 68
0.004444 68
0.004445 67
0.004446 66
0.004447 66
0.004448 66
0.004449 65
0.00445 66
0.004451 66
0.004452 67
0.004453 67
0.004454 68
0.004455 67
0.004456 67
0.004457 66
0.004458 66
0.004459 66
0.00446 65
0.004461 67
0.004462 65
0.004463 66
0.004464 68
0.004465 68
0.004466 67
0.004467 67
0.004468 67
0.004469 67
0.00447 69
0.004471 67
0.004472 67
0.004473 67
0.004474 69
0.004475 68
0.004476 68
0.004477 67
0.004478 68
0.004479 68
0.00448 69
0.004481 71
0.004482 70
0.004483 69
0.004484 69
0.004485 69
0.004486 70
0.004487 69
0.004488 68
0.004489 68
0.00449 67
0.004491 67
0.004492 66
0.004493 65
0.004494 65
0.004495 66
0.004496 65
0.004497 64
0.004498 63
0.004499 64
0.0045 64
0.004501 64
0.004502 64
0.004503 63
0.004504 66
0.004505 66
0.004506 67
0.004507 66
0.004508 65
0.004509 67
0.00451 63
0.004511 62
0.004512 61
0.004513 61
0.004514 61
0.004515 61
0.004516 60
0.004517 60
0.004518 60
0.004519 59
0.00452 59
0.004521 59
0.004522 58
0.004523 57
0.004524 57
0.004525 57
0.004526 58
0.004527 58
0.004528 60
0.004529 60
0.00453 61
0.004531 61
0.004532 61
0.004533 62
0.004534 61
0.004535 61
0.004536 61
0.004537 61
0.004538 61
0.004539 62
0.00454 62
0.004541 62
0.004542 64
0.004543 63
0.004544 63
0.004545 63
0.004546 63
0.004547 62
0.004548 61
0.004549 61
0.00455 61
0.004551 61
0.004552 61
0.004553 63
0.004554 63
0.004555 63
0.004556 62
0.004557 62
0.004558 61
0.004559 62
0.00456 63
0.004561 64
0.004562 66
0.004563 67
0.004564 67
0.004565 67
0.004566 69
0.004567 69
0.004568 71
0.004569 71
0.00457 70
0.004571 69
0.004572 70
0.004573 71
0.004574 71
0.004575 71
0.004576 71
0.004577 71
0.004578 69
0.004579 70
0.00458 70
0.004581 70
0.004582 70
0.004583 70
0.004584 71
0.004585 70
0.004586 70
0.004587 70
0.004588 71
0.004589 70
0.00459 71
0.004591 70
0.004592 71
0.004593 71
0.004594 71
0.004595 72
0.004596 71
0.004597 72
0.004598 72
0.004599 72
0.0046 72
0.004601 70
0.004602 68
0.004603 69
0.004604 68
0.004605 68
0.004606 67
0.004607 67
0.004608 66
0.004609 66
0.00461 66
0.004611 66
0.004612 66
0.004613 66
0.004614 66
0.004615 66
0.004616 67
0.004617 67
0.004618 66
0.004619 65
0.00462 64
0.004621 64
0.004622 63
0.004623 65
0.004624 65
0.004625 64
0.004626 65
0.004627 65
0.004628 65
0.004629 65
0.00463 64
0.004631 65
0.004632 64
0.004633 64
0.004634 66
0.004635 65
0.004636 65
0.004637 64
0.004638 65
0.004639 66
0.00464 67
0.004641 67
0.004642 67
0.004643 67
0.004644 67
0.004645 68
0.004646 68
0.004647 68
0.004648 70
0.004649 71
0.00465 71
0.004651 71
0.004652 71
0.004653 72
0.004654 70
0.004655 70
0.004656 71
0.004657 72
0.004658 73
0.004659 74
0.00466 75
0.004661 75
0.004662 75
0.004663 75
0.004664 74
0.004665 77
0.004666 77
0.004667 78
0.004668 78
0.004669 78
0.00467 77
0.004671 77
0.004672 77
0.004673 76
0.004674 75
0.004675 76
0.004676 75
0.004677 75
0.004678 75
0.004679 74
0.00468 73
0.004681 77
0.004682 77
0.004683 77
0.004684 77
0.004685 79
0.004686 79
0.004687 79
0.004688 79
0.004689 79
0.00469 80
0.004691 79
0.004692 81
0.004693 82
0.004694 85
0.004695 85
0.004696 88
0.004697 88
0.004698 88
0.004699 87
0.0047 88
0.004701 87
0.004702 87
0.004703 87
0.004704 88
0.004705 88
0.004706 89
0.004707 89
0.004708 90
0.004709 90
0.00471 90
0.004711 89
0.004712 88
0.004713 88
0.004714 89
0.004715 89
0.004716 86
0.004717 88
0.004718 89
0.004719 89
0.00472 88
0.004721 87
0.004722 87
0.004723 87
0.004724 86
0.004725 86
0.004726 86
0.004727 84
0.004728 84
0.004729 84
0.00473 83
0.004731 84
0.004732 84
0.004733 83
0.004734 83
0.004735 84
0.004736 82
0.004737 82
0.004738 81
0.004739 78
0.00474 79
0.004741 79
0.004742 79
0.004743 78
0.004744 79
0.004745 79
0.004746 78
0.004747 79
0.004748 78
0.004749 78
0.00475 78
0.004751 78
0.004752 78
0.004753 78
0.004754 77
0.004755 76
0.004756 76
0.004757 75
0.004758 75
0.004759 75
0.00476 76
0.004761 76
0.004762 76
0.004763 77
0.004764 77
0.004765 77
0.004766 77
0.004767 78
0.004768 78
0.004769 77
0.00477 77
0.004771 76
0.004772 76
0.004773 76
0.004774 75
0.004775 76
0.004776 74
0.004777 74
0.004778 72
0.004779 72
0.00478 72
0.004781 72
0.004782 73
0.004783 72
0.004784 71
0.004785 71
0.004786 71
0.004787 72
0.004788 72
0.004789 72
0.00479 72
0.004791 72
0.004792 73
0.004793 73
0.004794 74
0.004795 74
0.004796 73
0.004797 73
0.004798 74
0.004799 74
0.0048 73
0.004801 73
0.004802 74
0.004803 74
0.004804 74
0.004805 75
0.004806 75
0.004807 74
0.004808 74
0.004809 74
0.00481 73
0.004811 72
0.004812 71
0.004813 71
0.004814 70
0.004815 71
0.004816 71
0.004817 72
0.004818 72
0.004819 71
0.00482 72
0.004821 72
0.004822 71
0.004823 71
0.004824 70
0.004825 71
0.004826 71
0.004827 71
0.004828 70
0.004829 70
0.00483 71
0.004831 71
0.004832 72
0.004833 72
0.004834 73
0.004835 73
0.004836 74
0.004837 73
0.004838 72
0.004839 73
0.00484 74
0.004841 73
0.004842 73
0.004843 73
0.004844 73
0.004845 74
0.004846 74
0.004847 74
0.004848 74
0.004849 72
0.00485 72
0.004851 71
0.004852 72
0.004853 73
0.004854 74
0.004855 72
0.004856 71
0.004857 70
0.004858 70
0.004859 71
0.00486 71
0.004861 73
0.004862 75
0.004863 75
0.004864 76
0.004865 76
0.004866 76
0.004867 79
0.004868 77
0.004869 77
0.00487 79
0.004871 79
0.004872 80
0.004873 81
0.004874 80
0.004875 80
0.004876 80
0.004877 82
0.004878 82
0.004879 82
0.00488 83
0.004881 81
0.004882 81
0.004883 83
0.004884 82
0.004885 81
0.004886 83
0.004887 82
0.004888 82
0.004889 83
0.00489 83
0.004891 84
0.004892 84
0.004893 85
0.004894 84
0.004895 84
0.004896 84
0.004897 84
0.004898 80
0.004899 80
0.0049 79
0.004901 79
0.004902 80
0.004903 80
0.004904 80
0.004905 79
0.004906 80
0.004907 80
0.004908 83
0.004909 83
0.00491 82
0.004911 84
0.004912 85
0.004913 85
0.004914 85
0.004915 85
0.004916 85
0.004917 85
0.004918 85
0.004919 84
0.00492 84
0.004921 83
0.004922 84
0.004923 85
0.004924 86
0.004925 85
0.004926 85
0.004927 86
0.004928 87
0.004929 88
0.00493 89
0.004931 92
0.004932 88
0.004933 88
0.004934 88
0.004935 88
0.004936 88
0.004937 88
0.004938 88
0.004939 89
0.00494 90
0.004941 90
0.004942 90
0.004943 90
0.004944 90
0.004945 89
0.004946 90
0.004947 91
0.004948 90
0.004949 88
0.00495 88
0.004951 88
0.004952 89
0.004953 89
0.004954 89
0.004955 90
0.004956 89
0.004957 88
0.004958 89
0.004959 87
0.00496 87
0.004961 85
0.004962 82
0.004963 81
0.004964 82
0.004965 84
0.004966 82
0.004967 82
0.004968 82
0.004969 81
0.00497 81
0.004971 80
0.004972 80
0.004973 81
0.004974 81
0.004975 79
0.004976 79
0.004977 79
0.004978 79
0.004979 79
0.00498 79
0.004981 79
0.004982 80
0.004983 80
0.004984 82
0.004985 82
0.004986 81
0.004987 81
0.004988 82
0.004989 82
0.00499 82
0.004991 81
0.004992 80
0.004993 79
0.004994 79
0.004995 79
0.004996 81
0.004997 81
0.004998 81
0.004999 81
0.005 82
