0 3306
1e-06 3324
2e-06 3337
3e-06 3342
4e-06 3352
5e-06 3359
6e-06 3361
7e-06 3369
8e-06 3379
9e-06 3392
1e-05 3400
1.1e-05 3401
1.2e-05 3407
1.3e-05 3413
1.4e-05 3420
1.5e-05 3434
1.6e-05 3444
1.7e-05 3454
1.8e-05 3458
1.9e-05 3462
2e-05 3475
2.1e-05 3486
2.2e-05 3493
2.3e-05 3498
2.4e-05 3505
2.5e-05 3510
2.6e-05 3514
2.7e-05 3517
2.8e-05 3513
2.9e-05 3521
3e-05 3526
3.1e-05 3541
3.2e-05 3552
3.3e-05 3554
3.4e-05 3557
3.5e-05 3571
3.6e-05 3578
3.7e-05 3585
3.8e-05 3584
3.9e-05 3589
4e-05 3595
4.1e-05 3608
4.2e-05 3606
4.3e-05 3618
4.4e-05 3623
4.5e-05 3627
4.6e-05 3637
4.7e-05 3640
4.8e-05 3645
4.9e-05 3651
5e-05 3658
5.1e-05 3659
5.2e-05 3663
5.3e-05 3672
5.4e-05 3678
5.5e-05 3681
5.6e-05 3689
5.7e-05 3691
5.8e-05 3695
5.9e-05 3699
6e-05 3701
6.1e-05 3704
6.2e-05 3709
6.3e-05 3708
6.4e-05 3714
6.5e-05 3713
6.6e-05 3719
6.7e-05 3726
6.8e-05 3728
6.9e-05 3735
7e-05 3744
7.1e-05 3748
7.2e-05 3755
7.3e-05 3754
7.4e-05 3752
7.5e-05 3758
7.6e-05 3756
7.7e-05 3761
7.8e-05 3762
7.9e-05 3770
8e-05 3780
8.1e-05 3780
8.2e-05 3781
8.3e-05 3782
8.4e-05 3782
8.5e-05 3787
8.6e-05 3790
8.7e-05 3793
8.8e-05 3795
8.9e-05 3797
9e-05 3801
9.1e-05 3804
9.2e-05 3808
9.3e-05 3812
9.4e-05 3821
9.5e-05 3828
9.6e-05 3833
9.7e-05 3841
9.8e-05 3842
9.9e-05 3844
0.0001 3850
0.000101 3848
0.000102 3849
0.000103 3854
0.000104 3858
0.000105 3863
0.000106 3865
0.000107 3868
0.000108 3870
0.000109 3874
0.00011 3882
0.000111 3882
0.000112 3887
0.000113 3889
0.000114 3888
0.000115 3888
0.000116 3892
0.000117 3901
0.000118 3900
0.000119 3902
0.00012 3906
0.000121 3911
0.000122 3913
0.000123 3917
0.000124 3921
0.000125 3923
0.000126 3920
0.000127 3922
0.000128 3924
0.000129 3931
0.00013 3935
0.000131 3937
0.000132 3937
0.000133 3939
0.000134 3941
0.000135 3943
0.000136 3941
0.000137 3944
0.000138 3945
0.000139 3945
0.00014 3947
0.000141 3949
0.000142 3954
0.000143 3958
0.000144 3960
0.000145 3961
0.000146 3969
0.000147 3969
0.000148 3973
0.000149 3974
0.00015 3978
0.000151 3977
0.000152 3980
0.000153 3978
0.000154 3983
0.000155 3984
0.000156 3987
0.000157 3991
0.000158 3994
0.000159 3995
0.00016 3998
0.000161 3996
0.000162 3997
0.000163 4000
0.000164 4001
0.000165 4004
0.000166 4007
0.000167 4011
0.000168 4010
0.000169 4014
0.00017 4014
0.000171 4017
0.000172 4019
0.000173 4024
0.000174 4027
0.000175 4030
0.000176 4031
0.000177 4032
0.000178 4035
0.000179 4036
0.00018 4037
0.000181 4038
0.000182 4039
0.000183 4039
0.000184 4041
0.000185 4041
0.000186 4043
0.000187 4043
0.000188 4046
0.000189 4046
0.00019 4045
0.000191 4046
0.000192 4053
0.000193 4054
0.000194 4055
0.000195 4056
0.000196 4057
0.000197 4059
0.000198 4064
0.000199 4064
0.0002 4067
0.000201 4067
0.000202 4068
0.000203 4070
0.000204 4072
0.000205 4075
0.000206 4078
0.000207 4079
0.000208 4081
0.000209 4078
0.00021 4081
0.000211 4080
0.000212 4082
0.000213 4085
0.000214 4087
0.000215 4091
0.000216 4094
0.000217 4093
0.000218 4097
0.000219 4094
0.00022 4095
0.000221 4101
0.000222 4103
0.000223 4104
0.000224 4104
0.000225 4104
0.000226 4109
0.000227 4109
0.000228 4114
0.000229 4114
0.00023 4111
0.000231 4112
0.000232 4117
0.000233 4119
0.000234 4123
0.000235 4125
0.000236 4125
0.000237 4125
0.000238 4126
0.000239 4126
0.00024 4125
0.000241 4127
0.000242 4127
0.000243 4127
0.000244 4129
0.000245 4132
0.000246 4131
0.000247 4131
0.000248 4133
0.000249 4135
0.00025 4140
0.000251 4141
0.000252 4141
0.000253 4143
0.000254 4147
0.000255 4148
0.000256 4150
0.000257 4149
0.000258 4147
0.000259 4147
0.00026 4147
0.000261 4147
0.000262 4148
0.000263 4148
0.000264 4148
0.000265 4150
0.000266 4150
0.000267 4150
0.000268 4151
0.000269 4151
0.00027 4153
0.000271 4155
0.000272 4156
0.000273 4160
0.000274 4162
0.000275 4166
0.000276 4163
0.000277 4165
0.000278 4166
0.000279 4165
0.00028 4164
0.000281 4166
0.000282 4166
0.000283 4167
0.000284 4168
0.000285 4174
0.000286 4174
0.000287 4176
0.000288 4178
0.000289 4181
0.00029 4180
0.000291 4182
0.000292 4180
0.000293 4181
0.000294 4183
0.000295 4187
0.000296 4188
0.000297 4189
0.000298 4189
0.000299 4188
0.0003 4188
0.000301 4189
0.000302 4190
0.000303 4192
0.000304 4191
0.000305 4190
0.000306 4195
0.000307 4193
0.000308 4197
0.000309 4197
0.00031 4198
0.000311 4196
0.000312 4195
0.000313 4196
0.000314 4197
0.000315 4197
0.000316 4198
0.000317 4196
0.000318 4198
0.000319 4199
0.00032 4201
0.000321 4202
0.000322 4204
0.000323 4204
0.000324 4208
0.000325 4208
0.000326 4208
0.000327 4207
0.000328 4206
0.000329 4206
0.00033 4211
0.000331 4210
0.000332 4211
0.000333 4210
0.000334 4211
0.000335 4215
0.000336 4216
0.000337 4215
0.000338 4215
0.000339 4213
0.00034 4211
0.000341 4213
0.000342 4209
0.000343 4209
0.000344 4209
0.000345 4209
0.000346 4208
0.000347 4209
0.000348 4208
0.000349 4208
0.00035 4208
0.000351 4210
0.000352 4211
0.000353 4212
0.000354 4212
0.000355 4214
0.000356 4214
0.000357 4214
0.000358 4216
0.000359 4216
0.00036 4216
0.000361 4217
0.000362 4221
0.000363 4221
0.000364 4221
0.000365 4223
0.000366 4224
0.000367 4224
0.000368 4226
0.000369 4226
0.00037 4226
0.000371 4227
0.000372 4229
0.000373 4230
0.000374 4230
0.000375 4231
0.000376 4232
0.000377 4232
0.000378 4232
0.000379 4232
0.00038 4233
0.000381 4234
0.000382 4235
0.000383 4237
0.000384 4238
0.000385 4240
0.000386 4238
0.000387 4239
0.000388 4237
0.000389 4239
0.00039 4239
0.000391 4239
0.000392 4238
0.000393 4239
0.000394 4240
0.000395 4240
0.000396 4240
0.000397 4242
0.000398 4243
0.000399 4243
0.0004 4244
0.000401 4245
0.000402 4244
0.000403 4243
0.000404 4245
0.000405 4245
0.000406 4246
0.000407 4246
0.000408 4249
0.000409 4249
0.00041 4250
0.000411 4251
0.000412 4251
0.000413 4253
0.000414 4254
0.000415 4254
0.000416 4258
0.000417 4259
0.000418 4258
0.000419 4259
0.00042 4258
0.000421 4257
0.000422 4257
0.000423 4255
0.000424 4256
0.000425 4256
0.000426 4258
0.000427 4258
0.000428 4259
0.000429 4259
0.00043 4259
0.000431 4258
0.000432 4257
0.000433 4258
0.000434 4259
0.000435 4261
0.000436 4260
0.000437 4261
0.000438 4260
0.000439 4259
0.00044 4258
0.000441 4258
0.000442 4258
0.000443 4258
0.000444 4258
0.000445 4261
0.000446 4261
0.000447 4261
0.000448 4264
0.000449 4264
0.00045 4265
0.000451 4267
0.000452 4267
0.000453 4265
0.000454 4265
0.000455 4265
0.000456 4265
0.000457 4267
0.000458 4268
0.000459 4269
0.00046 4270
0.000461 4269
0.000462 4269
0.000463 4271
0.000464 4271
0.000465 4271
0.000466 4271
0.000467 4273
0.000468 4278
0.000469 4279
0.00047 4278
0.000471 4277
0.000472 4277
0.000473 4276
0.000474 4276
0.000475 4276
0.000476 4275
0.000477 4273
0.000478 4272
0.000479 4272
0.00048 4273
0.000481 4273
0.000482 4270
0.000483 4270
0.000484 4270
0.000485 4272
0.000486 4272
0.000487 4272
0.000488 4272
0.000489 4271
0.00049 4272
0.000491 4272
0.000492 4274
0.000493 4276
0.000494 4275
0.000495 4275
0.000496 4275
0.000497 4276
0.000498 4276
0.000499 4276
0.0005 4276
0.000501 4276
0.000502 4278
0.000503 4280
0.000504 4281
0.000505 4281
0.000506 4283
0.000507 4283
0.000508 4285
0.000509 4285
0.00051 4285
0.000511 4285
0.000512 4284
0.000513 4284
0.000514 4285
0.000515 4285
0.000516 4287
0.000517 4285
0.000518 4286
0.000519 4286
0.00052 4286
0.000521 4286
0.000522 4286
0.000523 4287
0.000524 4287
0.000525 4288
0.000526 4288
0.000527 4288
0.000528 4289
0.000529 4289
0.00053 4289
0.000531 4288
0.000532 4288
0.000533 4291
0.000534 4288
0.000535 4289
0.000536 4289
0.000537 4290
0.000538 4290
0.000539 4290
0.00054 4293
0.000541 4293
0.000542 4294
0.000543 4294
0.000544 4293
0.000545 4293
0.000546 4294
0.000547 4293
0.000548 4295
0.000549 4296
0.00055 4295
0.000551 4296
0.000552 4295
0.000553 4296
0.000554 4297
0.000555 4296
0.000556 4295
0.000557 4294
0.000558 4293
0.000559 4296
0.00056 4296
0.000561 4295
0.000562 4295
0.000563 4297
0.000564 4296
0.000565 4296
0.000566 4297
0.000567 4295
0.000568 4297
0.000569 4297
0.00057 4296
0.000571 4296
0.000572 4297
0.000573 4296
0.000574 4297
0.000575 4297
0.000576 4297
0.000577 4297
0.000578 4297
0.000579 4297
0.00058 4298
0.000581 4299
0.000582 4301
0.000583 4301
0.000584 4302
0.000585 4302
0.000586 4303
0.000587 4304
0.000588 4304
0.000589 4304
0.00059 4304
0.000591 4304
0.000592 4304
0.000593 4304
0.000594 4304
0.000595 4304
0.000596 4306
0.000597 4306
0.000598 4306
0.000599 4306
0.0006 4307
0.000601 4307
0.000602 4307
0.000603 4308
0.000604 4309
0.000605 4309
0.000606 4309
0.000607 4309
0.000608 4310
0.000609 4310
0.00061 4311
0.000611 4311
0.000612 4311
0.000613 4309
0.000614 4308
0.000615 4307
0.000616 4310
0.000617 4310
0.000618 4310
0.000619 4310
0.00062 4309
0.000621 4308
0.000622 4308
0.000623 4306
0.000624 4307
0.000625 4306
0.000626 4306
0.000627 4306
0.000628 4307
0.000629 4307
0.00063 4308
0.000631 4308
0.000632 4309
0.000633 4309
0.000634 4310
0.000635 4311
0.000636 4311
0.000637 4311
0.000638 4311
0.000639 4311
0.00064 4311
0.000641 4312
0.000642 4313
0.000643 4312
0.000644 4310
0.000645 4311
0.000646 4311
0.000647 4311
0.000648 4311
0.000649 4311
0.00065 4311
0.000651 4310
0.000652 4310
0.000653 4311
0.000654 4312
0.000655 4314
0.000656 4314
0.000657 4315
0.000658 4315
0.000659 4315
0.00066 4316
0.000661 4316
0.000662 4316
0.000663 4316
0.000664 4317
0.000665 4317
0.000666 4317
0.000667 4317
0.000668 4317
0.000669 4315
0.00067 4314
0.000671 4313
0.000672 4313
0.000673 4313
0.000674 4314
0.000675 4314
0.000676 4314
0.000677 4314
0.000678 4314
0.000679 4314
0.00068 4314
0.000681 4313
0.000682 4313
0.000683 4312
0.000684 4312
0.000685 4311
0.000686 4312
0.000687 4312
0.000688 4312
0.000689 4311
0.00069 4313
0.000691 4313
0.000692 4313
0.000693 4312
0.000694 4312
0.000695 4312
0.000696 4312
0.000697 4309
0.000698 4308
0.000699 4307
0.0007 4309
0.000701 4310
0.000702 4308
0.000703 4308
0.000704 4308
0.000705 4307
0.000706 4308
0.000707 4307
0.000708 4305
0.000709 4305
0.00071 4304
0.000711 4304
0.000712 4303
0.000713 4303
0.000714 4303
0.000715 4303
0.000716 4303
0.000717 4304
0.000718 4305
0.000719 4305
0.00072 4305
0.000721 4306
0.000722 4306
0.000723 4306
0.000724 4306
0.000725 4306
0.000726 4307
0.000727 4307
0.000728 4307
0.000729 4307
0.00073 4307
0.000731 4308
0.000732 4309
0.000733 4309
0.000734 4310
0.000735 4310
0.000736 4310
0.000737 4310
0.000738 4310
0.000739 4310
0.00074 4310
0.000741 4310
0.000742 4310
0.000743 4310
0.000744 4310
0.000745 4309
0.000746 4309
0.000747 4309
0.000748 4309
0.000749 4309
0.00075 4309
0.000751 4308
0.000752 4308
0.000753 4309
0.000754 4308
0.000755 4307
0.000756 4307
0.000757 4307
0.000758 4308
0.000759 4308
0.00076 4308
0.000761 4308
0.000762 4309
0.000763 4309
0.000764 4309
0.000765 4308
0.000766 4307
0.000767 4307
0.000768 4308
0.000769 4306
0.00077 4307
0.000771 4308
0.000772 4308
0.000773 4308
0.000774 4308
0.000775 4307
0.000776 4306
0.000777 4306
0.000778 4306
0.000779 4306
0.00078 4305
0.000781 4305
0.000782 4304
0.000783 4305
0.000784 4304
0.000785 4305
0.000786 4303
0.000787 4304
0.000788 4303
0.000789 4303
0.00079 4303
0.000791 4303
0.000792 4304
0.000793 4304
0.000794 4304
0.000795 4304
0.000796 4304
0.000797 4304
0.000798 4305
0.000799 4305
0.0008 4305
0.000801 4304
0.000802 4304
0.000803 4304
0.000804 4304
0.000805 4303
0.000806 4303
0.000807 4303
0.000808 4302
0.000809 4302
0.00081 4302
0.000811 4303
0.000812 4304
0.000813 4303
0.000814 4301
0.000815 4300
0.000816 4301
0.000817 4301
0.000818 4301
0.000819 4300
0.00082 4300
0.000821 4301
0.000822 4300
0.000823 4301
0.000824 4301
0.000825 4301
0.000826 4301
0.000827 4301
0.000828 4300
0.000829 4300
0.00083 4301
0.000831 4301
0.000832 4298
0.000833 4298
0.000834 4298
0.000835 4296
0.000836 4297
0.000837 4297
0.000838 4297
0.000839 4296
0.00084 4297
0.000841 4297
0.000842 4297
0.000843 4298
0.000844 4297
0.000845 4297
0.000846 4297
0.000847 4297
0.000848 4297
0.000849 4296
0.00085 4296
0.000851 4296
0.000852 4297
0.000853 4299
0.000854 4299
0.000855 4299
0.000856 4298
0.000857 4298
0.000858 4298
0.000859 4298
0.00086 4298
0.000861 4299
0.000862 4299
0.000863 4299
0.000864 4299
0.000865 4299
0.000866 4299
0.000867 4299
0.000868 4299
0.000869 4300
0.00087 4301
0.000871 4303
0.000872 4303
0.000873 4303
0.000874 4303
0.000875 4303
0.000876 4303
0.000877 4303
0.000878 4303
0.000879 4303
0.00088 4302
0.000881 4302
0.000882 4302
0.000883 4303
0.000884 4303
0.000885 4303
0.000886 4303
0.000887 4303
0.000888 4303
0.000889 4303
0.00089 4303
0.000891 4303
0.000892 4304
0.000893 4305
0.000894 4305
0.000895 4305
0.000896 4305
0.000897 4306
0.000898 4306
0.000899 4306
0.0009 4305
0.000901 4305
0.000902 4306
0.000903 4306
0.000904 4306
0.000905 4306
0.000906 4306
0.000907 4306
0.000908 4306
0.000909 4307
0.00091 4306
0.000911 4306
0.000912 4306
0.000913 4305
0.000914 4305
0.000915 4305
0.000916 4305
0.000917 4306
0.000918 4306
0.000919 4306
0.00092 4306
0.000921 4305
0.000922 4305
0.000923 4304
0.000924 4304
0.000925 4304
0.000926 4304
0.000927 4304
0.000928 4305
0.000929 4306
0.00093 4306
0.000931 4306
0.000932 4305
0.000933 4305
0.000934 4305
0.000935 4304
0.000936 4304
0.000937 4303
0.000938 4303
0.000939 4303
0.00094 4303
0.000941 4303
0.000942 4303
0.000943 4303
0.000944 4303
0.000945 4303
0.000946 4302
0.000947 4301
0.000948 4302
0.000949 4302
0.00095 4302
0.000951 4302
0.000952 4301
0.000953 4301
0.000954 4301
0.000955 4303
0.000956 4303
0.000957 4302
0.000958 4302
0.000959 4303
0.00096 4303
0.000961 4303
0.000962 4303
0.000963 4305
0.000964 4307
0.000965 4308
0.000966 4307
0.000967 4307
0.000968 4307
0.000969 4308
0.00097 4308
0.000971 4308
0.000972 4308
0.000973 4308
0.000974 4306
0.000975 4306
0.000976 4306
0.000977 4306
0.000978 4306
0.000979 4306
0.00098 4306
0.000981 4307
0.000982 4307
0.000983 4308
0.000984 4307
0.000985 4307
0.000986 4308
0.000987 4308
0.000988 4308
0.000989 4308
0.00099 4306
0.000991 4304
0.000992 4304
0.000993 4304
0.000994 4304
0.000995 4304
0.000996 4304
0.000997 4304
0.000998 4305
0.000999 4305
0.001 4303
0.001001 4303
0.001002 4303
0.001003 4303
0.001004 4304
0.001005 4304
0.001006 4304
0.001007 4304
0.001008 4303
0.001009 4302
0.00101 4302
0.001011 4301
0.001012 4301
0.001013 4301
0.001014 4300
0.001015 4300
0.001016 4300
0.001017 4299
0.001018 4300
0.001019 4299
0.00102 4299
0.001021 4299
0.001022 4299
0.001023 4299
0.001024 4298
0.001025 4298
0.001026 4298
0.001027 4298
0.001028 4298
0.001029 4298
0.00103 4297
0.001031 4297
0.001032 4296
0.001033 4296
0.001034 4296
0.001035 4296
0.001036 4295
0.001037 4294
0.001038 4294
0.001039 4294
0.00104 4294
0.001041 4295
0.001042 4295
0.001043 4291
0.001044 4291
0.001045 4291
0.001046 4292
0.001047 4292
0.001048 4292
0.001049 4292
0.00105 4292
0.001051 4293
0.001052 4293
0.001053 4293
0.001054 4293
0.001055 4293
0.001056 4294
0.001057 4294
0.001058 4295
0.001059 4296
0.00106 4296
0.001061 4296
0.001062 4294
0.001063 4292
0.001064 4292
0.001065 4293
0.001066 4293
0.001067 4292
0.001068 4292
0.001069 4292
0.00107 4292
0.001071 4294
0.001072 4294
0.001073 4293
0.001074 4293
0.001075 4293
0.001076 4293
0.001077 4293
0.001078 4293
0.001079 4294
0.00108 4295
0.001081 4295
0.001082 4295
0.001083 4293
0.001084 4292
0.001085 4292
0.001086 4292
0.001087 4292
0.001088 4292
0.001089 4291
0.00109 4291
0.001091 4291
0.001092 4291
0.001093 4291
0.001094 4291
0.001095 4291
0.001096 4292
0.001097 4292
0.001098 4292
0.001099 4292
0.0011 4292
0.001101 4292
0.001102 4292
0.001103 4291
0.001104 4292
0.001105 4293
0.001106 4293
0.001107 4293
0.001108 4293
0.001109 4294
0.00111 4294
0.001111 4296
0.001112 4295
0.001113 4296
0.001114 4296
0.001115 4296
0.001116 4296
0.001117 4296
0.001118 4296
0.001119 4295
0.00112 4294
0.001121 4296
0.001122 4296
0.001123 4296
0.001124 4296
0.001125 4295
0.001126 4295
0.001127 4295
0.001128 4295
0.001129 4294
0.00113 4293
0.001131 4293
0.001132 4293
0.001133 4293
0.001134 4293
0.001135 4293
0.001136 4293
0.001137 4293
0.001138 4291
0.001139 4291
0.00114 4291
0.001141 4291
0.001142 4291
0.001143 4292
0.001144 4293
0.001145 4294
0.001146 4293
0.001147 4293
0.001148 4293
0.001149 4293
0.00115 4294
0.001151 4294
0.001152 4294
0.001153 4294
0.001154 4293
0.001155 4293
0.001156 4293
0.001157 4293
0.001158 4291
0.001159 4291
0.00116 4290
0.001161 4290
0.001162 4290
0.001163 4290
0.001164 4291
0.001165 4291
0.001166 4291
0.001167 4291
0.001168 4291
0.001169 4291
0.00117 4291
0.001171 4291
0.001172 4290
0.001173 4290
0.001174 4289
0.001175 4289
0.001176 4289
0.001177 4288
0.001178 4288
0.001179 4288
0.00118 4289
0.001181 4289
0.001182 4289
0.001183 4288
0.001184 4288
0.001185 4288
0.001186 4288
0.001187 4288
0.001188 4288
0.001189 4288
0.00119 4288
0.001191 4288
0.001192 4288
0.001193 4288
0.001194 4288
0.001195 4288
0.001196 4288
0.001197 4287
0.001198 4287
0.001199 4288
0.0012 4289
0.001201 4289
0.001202 4289
0.001203 4290
0.001204 4290
0.001205 4290
0.001206 4290
0.001207 4290
0.001208 4289
0.001209 4289
0.00121 4289
0.001211 4290
0.001212 4289
0.001213 4289
0.001214 4289
0.001215 4289
0.001216 4289
0.001217 4290
0.001218 4290
0.001219 4288
0.00122 4288
0.001221 4288
0.001222 4288
0.001223 4289
0.001224 4290
0.001225 4289
0.001226 4290
0.001227 4290
0.001228 4289
0.001229 4289
0.00123 4289
0.001231 4289
0.001232 4289
0.001233 4289
0.001234 4289
0.001235 4288
0.001236 4289
0.001237 4290
0.001238 4290
0.001239 4290
0.00124 4290
0.001241 4290
0.001242 4290
0.001243 4290
0.001244 4290
0.001245 4291
0.001246 4290
0.001247 4290
0.001248 4290
0.001249 4289
0.00125 4289
0.001251 4289
0.001252 4289
0.001253 4288
0.001254 4286
0.001255 4287
0.001256 4287
0.001257 4287
0.001258 4287
0.001259 4287
0.00126 4287
0.001261 4288
0.001262 4287
0.001263 4286
0.001264 4286
0.001265 4286
0.001266 4285
0.001267 4285
0.001268 4285
0.001269 4285
0.00127 4285
0.001271 4285
0.001272 4286
0.001273 4287
0.001274 4286
0.001275 4287
0.001276 4288
0.001277 4287
0.001278 4286
0.001279 4286
0.00128 4286
0.001281 4286
0.001282 4286
0.001283 4287
0.001284 4287
0.001285 4286
0.001286 4286
0.001287 4285
0.001288 4286
0.001289 4286
0.00129 4287
0.001291 4287
0.001292 4287
0.001293 4287
0.001294 4287
0.001295 4287
0.001296 4288
0.001297 4288
0.001298 4291
0.001299 4291
0.0013 4291
0.001301 4291
0.001302 4291
0.001303 4292
0.001304 4292
0.001305 4292
0.001306 4292
0.001307 4293
0.001308 4293
0.001309 4293
0.00131 4293
0.001311 4293
0.001312 4294
0.001313 4294
0.001314 4293
0.001315 4293
0.001316 4294
0.001317 4294
0.001318 4294
0.001319 4294
0.00132 4294
0.001321 4296
0.001322 4297
0.001323 4297
0.001324 4297
0.001325 4296
0.001326 4295
0.001327 4296
0.001328 4296
0.001329 4296
0.00133 4296
0.001331 4296
0.001332 4295
0.001333 4295
0.001334 4294
0.001335 4294
0.001336 4294
0.001337 4297
0.001338 4296
0.001339 4296
0.00134 4296
0.001341 4296
0.001342 4296
0.001343 4296
0.001344 4296
0.001345 4296
0.001346 4296
0.001347 4296
0.001348 4296
0.001349 4296
0.00135 4296
0.001351 4296
0.001352 4296
0.001353 4296
0.001354 4296
0.001355 4296
0.001356 4296
0.001357 4297
0.001358 4298
0.001359 4298
0.00136 4298
0.001361 4297
0.001362 4297
0.001363 4297
0.001364 4297
0.001365 4297
0.001366 4298
0.001367 4298
0.001368 4298
0.001369 4298
0.00137 4299
0.001371 4299
0.001372 4300
0.001373 4300
0.001374 4300
0.001375 4300
0.001376 4300
0.001377 4301
0.001378 4301
0.001379 4301
0.00138 4301
0.001381 4301
0.001382 4301
0.001383 4301
0.001384 4300
0.001385 4301
0.001386 4300
0.001387 4301
0.001388 4301
0.001389 4301
0.00139 4301
0.001391 4300
0.001392 4300
0.001393 4300
0.001394 4299
0.001395 4299
0.001396 4299
0.001397 4300
0.001398 4298
0.001399 4298
0.0014 4298
0.001401 4298
0.001402 4299
0.001403 4299
0.001404 4299
0.001405 4299
0.001406 4298
0.001407 4298
0.001408 4298
0.001409 4298
0.00141 4298
0.001411 4298
0.001412 4296
0.001413 4297
0.001414 4296
0.001415 4296
0.001416 4296
0.001417 4297
0.001418 4297
0.001419 4298
0.00142 4298
0.001421 4299
0.001422 4298
0.001423 4298
0.001424 4297
0.001425 4297
0.001426 4297
0.001427 4297
0.001428 4297
0.001429 4297
0.00143 4297
0.001431 4297
0.001432 4297
0.001433 4297
0.001434 4295
0.001435 4295
0.001436 4295
0.001437 4295
0.001438 4295
0.001439 4295
0.00144 4295
0.001441 4295
0.001442 4295
0.001443 4295
0.001444 4296
0.001445 4296
0.001446 4296
0.001447 4296
0.001448 4296
0.001449 4295
0.00145 4295
0.001451 4295
0.001452 4295
0.001453 4295
0.001454 4296
0.001455 4297
0.001456 4297
0.001457 4297
0.001458 4296
0.001459 4295
0.00146 4295
0.001461 4294
0.001462 4296
0.001463 4296
0.001464 4296
0.001465 4296
0.001466 4295
0.001467 4296
0.001468 4293
0.001469 4293
0.00147 4293
0.001471 4292
0.001472 4293
0.001473 4293
0.001474 4293
0.001475 4293
0.001476 4293
0.001477 4292
0.001478 4292
0.001479 4291
0.00148 4291
0.001481 4290
0.001482 4290
0.001483 4291
0.001484 4289
0.001485 4289
0.001486 4289
0.001487 4289
0.001488 4287
0.001489 4287
0.00149 4287
0.001491 4287
0.001492 4287
0.001493 4286
0.001494 4286
0.001495 4286
0.001496 4285
0.001497 4286
0.001498 4286
0.001499 4286
0.0015 4285
0.001501 4286
0.001502 4286
0.001503 4286
0.001504 4285
0.001505 4285
0.001506 4285
0.001507 4285
0.001508 4286
0.001509 4286
0.00151 4286
0.001511 4286
0.001512 4286
0.001513 4286
0.001514 4286
0.001515 4286
0.001516 4286
0.001517 4284
0.001518 4285
0.001519 4285
0.00152 4285
0.001521 4285
0.001522 4285
0.001523 4285
0.001524 4286
0.001525 4285
0.001526 4285
0.001527 4286
0.001528 4285
0.001529 4285
0.00153 4284
0.001531 4284
0.001532 4284
0.001533 4285
0.001534 4285
0.001535 4285
0.001536 4286
0.001537 4285
0.001538 4285
0.001539 4286
0.00154 4285
0.001541 4284
0.001542 4284
0.001543 4285
0.001544 4285
0.001545 4285
0.001546 4285
0.001547 4286
0.001548 4285
0.001549 4283
0.00155 4283
0.001551 4282
0.001552 4282
0.001553 4282
0.001554 4282
0.001555 4282
0.001556 4283
0.001557 4283
0.001558 4282
0.001559 4282
0.00156 4282
0.001561 4283
0.001562 4282
0.001563 4282
0.001564 4283
0.001565 4286
0.001566 4286
0.001567 4285
0.001568 4284
0.001569 4284
0.00157 4283
0.001571 4283
0.001572 4283
0.001573 4283
0.001574 4284
0.001575 4284
0.001576 4284
0.001577 4283
0.001578 4282
0.001579 4283
0.00158 4282
0.001581 4283
0.001582 4283
0.001583 4284
0.001584 4284
0.001585 4285
0.001586 4285
0.001587 4285
0.001588 4284
0.001589 4284
0.00159 4284
0.001591 4284
0.001592 4284
0.001593 4284
0.001594 4284
0.001595 4284
0.001596 4284
0.001597 4284
0.001598 4285
0.001599 4285
0.0016 4284
0.001601 4285
0.001602 4285
0.001603 4284
0.001604 4283
0.001605 4282
0.001606 4283
0.001607 4283
0.001608 4283
0.001609 4283
0.00161 4283
0.001611 4283
0.001612 4284
0.001613 4284
0.001614 4285
0.001615 4285
0.001616 4286
0.001617 4286
0.001618 4285
0.001619 4285
0.00162 4284
0.001621 4285
0.001622 4285
0.001623 4283
0.001624 4283
0.001625 4284
0.001626 4285
0.001627 4285
0.001628 4286
0.001629 4286
0.00163 4286
0.001631 4285
0.001632 4285
0.001633 4286
0.001634 4286
0.001635 4285
0.001636 4285
0.001637 4285
0.001638 4285
0.001639 4283
0.00164 4283
0.001641 4283
0.001642 4283
0.001643 4284
0.001644 4285
0.001645 4285
0.001646 4285
0.001647 4284
0.001648 4284
0.001649 4284
0.00165 4284
0.001651 4285
0.001652 4284
0.001653 4282
0.001654 4283
0.001655 4283
0.001656 4283
0.001657 4282
0.001658 4282
0.001659 4280
0.00166 4280
0.001661 4280
0.001662 4280
0.001663 4280
0.001664 4279
0.001665 4279
0.001666 4279
0.001667 4279
0.001668 4278
0.001669 4278
0.00167 4278
0.001671 4276
0.001672 4276
0.001673 4275
0.001674 4274
0.001675 4274
0.001676 4274
0.001677 4274
0.001678 4274
0.001679 4273
0.00168 4273
0.001681 4273
0.001682 4273
0.001683 4274
0.001684 4275
0.001685 4275
0.001686 4275
0.001687 4274
0.001688 4275
0.001689 4275
0.00169 4275
0.001691 4275
0.001692 4275
0.001693 4275
0.001694 4275
0.001695 4275
0.001696 4275
0.001697 4275
0.001698 4275
0.001699 4275
0.0017 4276
0.001701 4276
0.001702 4275
0.001703 4275
0.001704 4274
0.001705 4274
0.001706 4273
0.001707 4273
0.001708 4273
0.001709 4273
0.00171 4273
0.001711 4273
0.001712 4273
0.001713 4273
0.001714 4273
0.001715 4272
0.001716 4272
0.001717 4272
0.001718 4273
0.001719 4273
0.00172 4273
0.001721 4273
0.001722 4273
0.001723 4273
0.001724 4273
0.001725 4272
0.001726 4272
0.001727 4272
0.001728 4272
0.001729 4272
0.00173 4272
0.001731 4272
0.001732 4272
0.001733 4272
0.001734 4272
0.001735 4272
0.001736 4272
0.001737 4271
0.001738 4271
0.001739 4270
0.00174 4271
0.001741 4271
0.001742 4271
0.001743 4271
0.001744 4271
0.001745 4270
0.001746 4269
0.001747 4269
0.001748 4269
0.001749 4268
0.00175 4268
0.001751 4268
0.001752 4268
0.001753 4268
0.001754 4268
0.001755 4268
0.001756 4268
0.001757 4269
0.001758 4270
0.001759 4271
0.00176 4271
0.001761 4272
0.001762 4272
0.001763 4272
0.001764 4271
0.001765 4271
0.001766 4271
0.001767 4271
0.001768 4271
0.001769 4271
0.00177 4271
0.001771 4270
0.001772 4271
0.001773 4272
0.001774 4272
0.001775 4272
0.001776 4272
0.001777 4272
0.001778 4272
0.001779 4272
0.00178 4272
0.001781 4273
0.001782 4273
0.001783 4273
0.001784 4272
0.001785 4272
0.001786 4273
0.001787 4273
0.001788 4273
0.001789 4274
0.00179 4274
0.001791 4274
0.001792 4275
0.001793 4276
0.001794 4276
0.001795 4277
0.001796 4277
0.001797 4277
0.001798 4277
0.001799 4279
0.0018 4279
0.001801 4278
0.001802 4278
0.001803 4279
0.001804 4279
0.001805 4278
0.001806 4278
0.001807 4278
0.001808 4278
0.001809 4279
0.00181 4279
0.001811 4279
0.001812 4280
0.001813 4281
0.001814 4281
0.001815 4280
0.001816 4279
0.001817 4280
0.001818 4280
0.001819 4279
0.00182 4279
0.001821 4278
0.001822 4278
0.001823 4277
0.001824 4277
0.001825 4277
0.001826 4277
0.001827 4277
0.001828 4277
0.001829 4276
0.00183 4277
0.001831 4276
0.001832 4277
0.001833 4277
0.001834 4277
0.001835 4277
0.001836 4278
0.001837 4278
0.001838 4278
0.001839 4280
0.00184 4280
0.001841 4280
0.001842 4280
0.001843 4281
0.001844 4281
0.001845 4282
0.001846 4283
0.001847 4283
0.001848 4284
0.001849 4286
0.00185 4286
0.001851 4285
0.001852 4285
0.001853 4285
0.001854 4285
0.001855 4285
0.001856 4285
0.001857 4285
0.001858 4286
0.001859 4286
0.00186 4285
0.001861 4285
0.001862 4285
0.001863 4285
0.001864 4285
0.001865 4285
0.001866 4285
0.001867 4285
0.001868 4285
0.001869 4283
0.00187 4283
0.001871 4282
0.001872 4282
0.001873 4284
0.001874 4284
0.001875 4284
0.001876 4284
0.001877 4283
0.001878 4282
0.001879 4282
0.00188 4282
0.001881 4282
0.001882 4282
0.001883 4282
0.001884 4282
0.001885 4282
0.001886 4282
0.001887 4282
0.001888 4281
0.001889 4281
0.00189 4281
0.001891 4281
0.001892 4281
0.001893 4279
0.001894 4279
0.001895 4279
0.001896 4278
0.001897 4278
0.001898 4279
0.001899 4279
0.0019 4279
0.001901 4279
0.001902 4278
0.001903 4279
0.001904 4278
0.001905 4278
0.001906 4278
0.001907 4279
0.001908 4279
0.001909 4279
0.00191 4279
0.001911 4279
0.001912 4279
0.001913 4279
0.001914 4280
0.001915 4280
0.001916 4281
0.001917 4282
0.001918 4280
0.001919 4280
0.00192 4280
0.001921 4281
0.001922 4281
0.001923 4280
0.001924 4280
0.001925 4280
0.001926 4280
0.001927 4280
0.001928 4280
0.001929 4280
0.00193 4281
0.001931 4280
0.001932 4281
0.001933 4281
0.001934 4282
0.001935 4282
0.001936 4282
0.001937 4282
0.001938 4282
0.001939 4282
0.00194 4282
0.001941 4283
0.001942 4282
0.001943 4282
0.001944 4282
0.001945 4283
0.001946 4283
0.001947 4282
0.001948 4281
0.001949 4281
0.00195 4280
0.001951 4280
0.001952 4279
0.001953 4279
0.001954 4278
0.001955 4279
0.001956 4279
0.001957 4279
0.001958 4279
0.001959 4279
0.00196 4279
0.001961 4279
0.001962 4279
0.001963 4278
0.001964 4278
0.001965 4279
0.001966 4279
0.001967 4279
0.001968 4279
0.001969 4279
0.00197 4279
0.001971 4280
0.001972 4279
0.001973 4278
0.001974 4278
0.001975 4277
0.001976 4279
0.001977 4279
0.001978 4280
0.001979 4280
0.00198 4280
0.001981 4280
0.001982 4280
0.001983 4280
0.001984 4279
0.001985 4279
0.001986 4278
0.001987 4277
0.001988 4278
0.001989 4277
0.00199 4277
0.001991 4277
0.001992 4277
0.001993 4278
0.001994 4277
0.001995 4276
0.001996 4276
0.001997 4275
0.001998 4274
0.001999 4274
0.002 4274
0.002001 4274
0.002002 4274
0.002003 4274
0.002004 4274
0.002005 4274
0.002006 4275
0.002007 4275
0.002008 4275
0.002009 4275
0.00201 4275
0.002011 4275
0.002012 4276
0.002013 4276
0.002014 4276
0.002015 4276
0.002016 4276
0.002017 4276
0.002018 4276
0.002019 4276
0.00202 4276
0.002021 4275
0.002022 4276
0.002023 4276
0.002024 4276
0.002025 4276
0.002026 4276
0.002027 4275
0.002028 4273
0.002029 4273
0.00203 4275
0.002031 4275
0.002032 4275
0.002033 4275
0.002034 4274
0.002035 4272
0.002036 4272
0.002037 4272
0.002038 4272
0.002039 4271
0.00204 4271
0.002041 4271
0.002042 4272
0.002043 4272
0.002044 4272
0.002045 4272
0.002046 4272
0.002047 4273
0.002048 4273
0.002049 4273
0.00205 4274
0.002051 4273
0.002052 4272
0.002053 4271
0.002054 4271
0.002055 4271
0.002056 4271
0.002057 4271
0.002058 4271
0.002059 4272
0.00206 4271
0.002061 4271
0.002062 4271
0.002063 4270
0.002064 4270
0.002065 4269
0.002066 4269
0.002067 4271
0.002068 4270
0.002069 4270
0.00207 4271
0.002071 4271
0.002072 4271
0.002073 4271
0.002074 4271
0.002075 4271
0.002076 4271
0.002077 4271
0.002078 4271
0.002079 4272
0.00208 4270
0.002081 4271
0.002082 4272
0.002083 4272
0.002084 4272
0.002085 4272
0.002086 4272
0.002087 4271
0.002088 4271
0.002089 4273
0.00209 4273
0.002091 4271
0.002092 4270
0.002093 4270
0.002094 4270
0.002095 4270
0.002096 4270
0.002097 4270
0.002098 4270
0.002099 4270
0.0021 4270
0.002101 4270
0.002102 4270
0.002103 4270
0.002104 4270
0.002105 4270
0.002106 4270
0.002107 4271
0.002108 4271
0.002109 4272
0.00211 4272
0.002111 4272
0.002112 4272
0.002113 4271
0.002114 4271
0.002115 4271
0.002116 4271
0.002117 4270
0.002118 4269
0.002119 4269
0.00212 4269
0.002121 4270
0.002122 4271
0.002123 4271
0.002124 4270
0.002125 4269
0.002126 4269
0.002127 4268
0.002128 4268
0.002129 4269
0.00213 4269
0.002131 4268
0.002132 4268
0.002133 4267
0.002134 4267
0.002135 4266
0.002136 4266
0.002137 4267
0.002138 4267
0.002139 4267
0.00214 4267
0.002141 4268
0.002142 4267
0.002143 4267
0.002144 4266
0.002145 4266
0.002146 4266
0.002147 4266
0.002148 4266
0.002149 4266
0.00215 4266
0.002151 4264
0.002152 4264
0.002153 4264
0.002154 4264
0.002155 4263
0.002156 4263
0.002157 4263
0.002158 4263
0.002159 4263
0.00216 4263
0.002161 4263
0.002162 4264
0.002163 4264
0.002164 4265
0.002165 4264
0.002166 4264
0.002167 4264
0.002168 4264
0.002169 4265
0.00217 4264
0.002171 4264
0.002172 4264
0.002173 4264
0.002174 4262
0.002175 4262
0.002176 4262
0.002177 4262
0.002178 4262
0.002179 4262
0.00218 4262
0.002181 4262
0.002182 4261
0.002183 4261
0.002184 4261
0.002185 4260
0.002186 4261
0.002187 4261
0.002188 4260
0.002189 4261
0.00219 4261
0.002191 4261
0.002192 4260
0.002193 4260
0.002194 4260
0.002195 4260
0.002196 4258
0.002197 4260
0.002198 4260
0.002199 4261
0.0022 4261
0.002201 4262
0.002202 4262
0.002203 4263
0.002204 4263
0.002205 4261
0.002206 4261
0.002207 4261
0.002208 4261
0.002209 4260
0.00221 4260
0.002211 4260
0.002212 4260
0.002213 4260
0.002214 4259
0.002215 4259
0.002216 4259
0.002217 4259
0.002218 4259
0.002219 4259
0.00222 4259
0.002221 4258
0.002222 4259
0.002223 4259
0.002224 4260
0.002225 4260
0.002226 4259
0.002227 4259
0.002228 4259
0.002229 4259
0.00223 4259
0.002231 4259
0.002232 4259
0.002233 4258
0.002234 4258
0.002235 4257
0.002236 4256
0.002237 4256
0.002238 4256
0.002239 4256
0.00224 4256
0.002241 4256
0.002242 4257
0.002243 4258
0.002244 4258
0.002245 4258
0.002246 4258
0.002247 4258
0.002248 4258
0.002249 4258
0.00225 4258
0.002251 4258
0.002252 4258
0.002253 4259
0.002254 4259
0.002255 4259
0.002256 4259
0.002257 4260
0.002258 4259
0.002259 4259
0.00226 4259
0.002261 4259
0.002262 4259
0.002263 4259
0.002264 4259
0.002265 4259
0.002266 4259
0.002267 4260
0.002268 4259
0.002269 4259
0.00227 4260
0.002271 4261
0.002272 4261
0.002273 4261
0.002274 4261
0.002275 4262
0.002276 4262
0.002277 4261
0.002278 4261
0.002279 4262
0.00228 4262
0.002281 4262
0.002282 4261
0.002283 4262
0.002284 4262
0.002285 4262
0.002286 4262
0.002287 4261
0.002288 4261
0.002289 4261
0.00229 4261
0.002291 4260
0.002292 4260
0.002293 4260
0.002294 4258
0.002295 4258
0.002296 4258
0.002297 4258
0.002298 4258
0.002299 4258
0.0023 4257
0.002301 4257
0.002302 4258
0.002303 4258
0.002304 4258
0.002305 4258
0.002306 4258
0.002307 4258
0.002308 4259
0.002309 4259
0.00231 4259
0.002311 4259
0.002312 4259
0.002313 4260
0.002314 4259
0.002315 4258
0.002316 4258
0.002317 4258
0.002318 4258
0.002319 4258
0.00232 4257
0.002321 4256
0.002322 4256
0.002323 4256
0.002324 4256
0.002325 4256
0.002326 4256
0.002327 4255
0.002328 4253
0.002329 4253
0.00233 4252
0.002331 4253
0.002332 4253
0.002333 4253
0.002334 4253
0.002335 4254
0.002336 4255
0.002337 4256
0.002338 4256
0.002339 4256
0.00234 4256
0.002341 4255
0.002342 4256
0.002343 4255
0.002344 4255
0.002345 4255
0.002346 4256
0.002347 4256
0.002348 4256
0.002349 4256
0.00235 4257
0.002351 4257
0.002352 4257
0.002353 4257
0.002354 4257
0.002355 4257
0.002356 4257
0.002357 4257
0.002358 4257
0.002359 4257
0.00236 4258
0.002361 4257
0.002362 4257
0.002363 4256
0.002364 4256
0.002365 4256
0.002366 4255
0.002367 4255
0.002368 4255
0.002369 4255
0.00237 4256
0.002371 4255
0.002372 4256
0.002373 4256
0.002374 4255
0.002375 4255
0.002376 4254
0.002377 4254
0.002378 4253
0.002379 4253
0.00238 4253
0.002381 4253
0.002382 4253
0.002383 4251
0.002384 4251
0.002385 4251
0.002386 4251
0.002387 4251
0.002388 4252
0.002389 4252
0.00239 4252
0.002391 4252
0.002392 4252
0.002393 4252
0.002394 4254
0.002395 4253
0.002396 4253
0.002397 4253
0.002398 4254
0.002399 4254
0.0024 4254
0.002401 4254
0.002402 4253
0.002403 4253
0.002404 4253
0.002405 4255
0.002406 4255
0.002407 4255
0.002408 4256
0.002409 4256
0.00241 4254
0.002411 4253
0.002412 4252
0.002413 4252
0.002414 4253
0.002415 4253
0.002416 4253
0.002417 4253
0.002418 4253
0.002419 4253
0.00242 4252
0.002421 4252
0.002422 4252
0.002423 4251
0.002424 4251
0.002425 4252
0.002426 4253
0.002427 4253
0.002428 4253
0.002429 4253
0.00243 4252
0.002431 4253
0.002432 4253
0.002433 4252
0.002434 4252
0.002435 4252
0.002436 4252
0.002437 4253
0.002438 4253
0.002439 4252
0.00244 4251
0.002441 4250
0.002442 4250
0.002443 4250
0.002444 4250
0.002445 4252
0.002446 4250
0.002447 4250
0.002448 4251
0.002449 4251
0.00245 4251
0.002451 4251
0.002452 4250
0.002453 4250
0.002454 4250
0.002455 4250
0.002456 4249
0.002457 4249
0.002458 4248
0.002459 4248
0.00246 4248
0.002461 4247
0.002462 4247
0.002463 4246
0.002464 4247
0.002465 4247
0.002466 4247
0.002467 4248
0.002468 4246
0.002469 4247
0.00247 4248
0.002471 4248
0.002472 4247
0.002473 4247
0.002474 4247
0.002475 4247
0.002476 4247
0.002477 4246
0.002478 4246
0.002479 4246
0.00248 4246
0.002481 4246
0.002482 4246
0.002483 4245
0.002484 4246
0.002485 4245
0.002486 4246
0.002487 4246
0.002488 4246
0.002489 4245
0.00249 4245
0.002491 4246
0.002492 4247
0.002493 4248
0.002494 4248
0.002495 4248
0.002496 4248
0.002497 4248
0.002498 4248
0.002499 4248
0.0025 4249
0.002501 4248
0.002502 4248
0.002503 4247
0.002504 4247
0.002505 4247
0.002506 4247
0.002507 4247
0.002508 4248
0.002509 4247
0.00251 4247
0.002511 4247
0.002512 4247
0.002513 4246
0.002514 4246
0.002515 4246
0.002516 4246
0.002517 4246
0.002518 4246
0.002519 4246
0.00252 4246
0.002521 4246
0.002522 4246
0.002523 4248
0.002524 4248
0.002525 4250
0.002526 4250
0.002527 4250
0.002528 4251
0.002529 4251
0.00253 4250
0.002531 4250
0.002532 4251
0.002533 4252
0.002534 4252
0.002535 4252
0.002536 4253
0.002537 4253
0.002538 4253
0.002539 4253
0.00254 4253
0.002541 4253
0.002542 4253
0.002543 4254
0.002544 4254
0.002545 4255
0.002546 4256
0.002547 4256
0.002548 4256
0.002549 4255
0.00255 4255
0.002551 4255
0.002552 4255
0.002553 4255
0.002554 4255
0.002555 4256
0.002556 4256
0.002557 4256
0.002558 4255
0.002559 4255
0.00256 4256
0.002561 4256
0.002562 4256
0.002563 4256
0.002564 4256
0.002565 4256
0.002566 4256
0.002567 4255
0.002568 4254
0.002569 4254
0.00257 4254
0.002571 4254
0.002572 4254
0.002573 4254
0.002574 4253
0.002575 4253
0.002576 4253
0.002577 4253
0.002578 4253
0.002579 4253
0.00258 4254
0.002581 4254
0.002582 4254
0.002583 4254
0.002584 4254
0.002585 4253
0.002586 4253
0.002587 4253
0.002588 4253
0.002589 4253
0.00259 4252
0.002591 4252
0.002592 4253
0.002593 4253
0.002594 4253
0.002595 4253
0.002596 4253
0.002597 4254
0.002598 4255
0.002599 4255
0.0026 4255
0.002601 4255
0.002602 4255
0.002603 4254
0.002604 4255
0.002605 4255
0.002606 4255
0.002607 4255
0.002608 4255
0.002609 4255
0.00261 4255
0.002611 4256
0.002612 4257
0.002613 4257
0.002614 4256
0.002615 4255
0.002616 4255
0.002617 4255
0.002618 4255
0.002619 4254
0.00262 4253
0.002621 4254
0.002622 4254
0.002623 4253
0.002624 4253
0.002625 4253
0.002626 4252
0.002627 4253
0.002628 4252
0.002629 4252
0.00263 4252
0.002631 4250
0.002632 4250
0.002633 4250
0.002634 4249
0.002635 4249
0.002636 4250
0.002637 4250
0.002638 4250
0.002639 4251
0.00264 4251
0.002641 4251
0.002642 4251
0.002643 4250
0.002644 4251
0.002645 4252
0.002646 4252
0.002647 4253
0.002648 4254
0.002649 4254
0.00265 4254
0.002651 4254
0.002652 4254
0.002653 4255
0.002654 4254
0.002655 4253
0.002656 4253
0.002657 4253
0.002658 4252
0.002659 4252
0.00266 4252
0.002661 4252
0.002662 4253
0.002663 4252
0.002664 4252
0.002665 4251
0.002666 4252
0.002667 4254
0.002668 4254
0.002669 4254
0.00267 4254
0.002671 4255
0.002672 4255
0.002673 4256
0.002674 4256
0.002675 4256
0.002676 4255
0.002677 4256
0.002678 4256
0.002679 4258
0.00268 4260
0.002681 4261
0.002682 4260
0.002683 4259
0.002684 4259
0.002685 4259
0.002686 4258
0.002687 4260
0.002688 4261
0.002689 4261
0.00269 4261
0.002691 4261
0.002692 4261
0.002693 4261
0.002694 4259
0.002695 4260
0.002696 4260
0.002697 4260
0.002698 4260
0.002699 4259
0.0027 4259
0.002701 4260
0.002702 4259
0.002703 4259
0.002704 4260
0.002705 4260
0.002706 4261
0.002707 4261
0.002708 4261
0.002709 4261
0.00271 4261
0.002711 4261
0.002712 4261
0.002713 4261
0.002714 4261
0.002715 4260
0.002716 4260
0.002717 4259
0.002718 4259
0.002719 4260
0.00272 4261
0.002721 4261
0.002722 4261
0.002723 4261
0.002724 4261
0.002725 4261
0.002726 4262
0.002727 4261
0.002728 4261
0.002729 4261
0.00273 4261
0.002731 4261
0.002732 4261
0.002733 4261
0.002734 4260
0.002735 4260
0.002736 4260
0.002737 4260
0.002738 4260
0.002739 4260
0.00274 4261
0.002741 4261
0.002742 4262
0.002743 4262
0.002744 4262
0.002745 4261
0.002746 4262
0.002747 4262
0.002748 4262
0.002749 4262
0.00275 4262
0.002751 4261
0.002752 4261
0.002753 4261
0.002754 4261
0.002755 4261
0.002756 4261
0.002757 4261
0.002758 4262
0.002759 4262
0.00276 4262
0.002761 4262
0.002762 4262
0.002763 4262
0.002764 4262
0.002765 4262
0.002766 4262
0.002767 4263
0.002768 4264
0.002769 4265
0.00277 4265
0.002771 4265
0.002772 4265
0.002773 4265
0.002774 4262
0.002775 4262
0.002776 4262
0.002777 4262
0.002778 4262
0.002779 4263
0.00278 4263
0.002781 4264
0.002782 4264
0.002783 4264
0.002784 4264
0.002785 4264
0.002786 4264
0.002787 4263
0.002788 4263
0.002789 4263
0.00279 4263
0.002791 4263
0.002792 4263
0.002793 4263
0.002794 4263
0.002795 4263
0.002796 4263
0.002797 4262
0.002798 4262
0.002799 4262
0.0028 4262
0.002801 4262
0.002802 4262
0.002803 4262
0.002804 4263
0.002805 4264
0.002806 4262
0.002807 4262
0.002808 4260
0.002809 4260
0.00281 4260
0.002811 4260
0.002812 4260
0.002813 4259
0.002814 4259
0.002815 4258
0.002816 4259
0.002817 4259
0.002818 4259
0.002819 4260
0.00282 4260
0.002821 4259
0.002822 4259
0.002823 4259
0.002824 4258
0.002825 4257
0.002826 4257
0.002827 4257
0.002828 4257
0.002829 4257
0.00283 4258
0.002831 4258
0.002832 4258
0.002833 4256
0.002834 4256
0.002835 4256
0.002836 4257
0.002837 4257
0.002838 4256
0.002839 4256
0.00284 4256
0.002841 4256
0.002842 4256
0.002843 4256
0.002844 4256
0.002845 4256
0.002846 4256
0.002847 4256
0.002848 4256
0.002849 4257
0.00285 4257
0.002851 4257
0.002852 4258
0.002853 4258
0.002854 4257
0.002855 4256
0.002856 4257
0.002857 4258
0.002858 4258
0.002859 4257
0.00286 4257
0.002861 4257
0.002862 4256
0.002863 4256
0.002864 4255
0.002865 4255
0.002866 4256
0.002867 4256
0.002868 4256
0.002869 4256
0.00287 4255
0.002871 4254
0.002872 4255
0.002873 4255
0.002874 4254
0.002875 4254
0.002876 4252
0.002877 4252
0.002878 4252
0.002879 4252
0.00288 4251
0.002881 4253
0.002882 4253
0.002883 4253
0.002884 4254
0.002885 4254
0.002886 4256
0.002887 4256
0.002888 4256
0.002889 4255
0.00289 4255
0.002891 4255
0.002892 4255
0.002893 4255
0.002894 4255
0.002895 4255
0.002896 4255
0.002897 4255
0.002898 4254
0.002899 4254
0.0029 4255
0.002901 4255
0.002902 4255
0.002903 4255
0.002904 4255
0.002905 4255
0.002906 4256
0.002907 4257
0.002908 4257
0.002909 4257
0.00291 4257
0.002911 4257
0.002912 4257
0.002913 4257
0.002914 4258
0.002915 4257
0.002916 4257
0.002917 4257
0.002918 4257
0.002919 4257
0.00292 4257
0.002921 4256
0.002922 4256
0.002923 4255
0.002924 4255
0.002925 4254
0.002926 4254
0.002927 4254
0.002928 4254
0.002929 4254
0.00293 4253
0.002931 4253
0.002932 4253
0.002933 4254
0.002934 4254
0.002935 4254
0.002936 4254
0.002937 4253
0.002938 4253
0.002939 4254
0.00294 4254
0.002941 4254
0.002942 4255
0.002943 4255
0.002944 4255
0.002945 4256
0.002946 4256
0.002947 4257
0.002948 4258
0.002949 4257
0.00295 4257
0.002951 4256
0.002952 4256
0.002953 4255
0.002954 4255
0.002955 4256
0.002956 4257
0.002957 4257
0.002958 4258
0.002959 4255
0.00296 4255
0.002961 4255
0.002962 4255
0.002963 4255
0.002964 4255
0.002965 4255
0.002966 4255
0.002967 4255
0.002968 4254
0.002969 4253
0.00297 4252
0.002971 4252
0.002972 4252
0.002973 4252
0.002974 4252
0.002975 4252
0.002976 4253
0.002977 4253
0.002978 4255
0.002979 4256
0.00298 4256
0.002981 4256
0.002982 4256
0.002983 4256
0.002984 4257
0.002985 4258
0.002986 4258
0.002987 4259
0.002988 4259
0.002989 4258
0.00299 4257
0.002991 4257
0.002992 4256
0.002993 4256
0.002994 4256
0.002995 4256
0.002996 4256
0.002997 4257
0.002998 4257
0.002999 4258
0.003 4258
0.003001 4259
0.003002 4259
0.003003 4260
0.003004 4260
0.003005 4260
0.003006 4260
0.003007 4260
0.003008 4259
0.003009 4258
0.00301 4258
0.003011 4258
0.003012 4257
0.003013 4257
0.003014 4258
0.003015 4258
0.003016 4258
0.003017 4258
0.003018 4257
0.003019 4257
0.00302 4257
0.003021 4257
0.003022 4257
0.003023 4257
0.003024 4257
0.003025 4257
0.003026 4257
0.003027 4257
0.003028 4258
0.003029 4258
0.00303 4258
0.003031 4258
0.003032 4257
0.003033 4257
0.003034 4257
0.003035 4257
0.003036 4257
0.003037 4256
0.003038 4256
0.003039 4256
0.00304 4255
0.003041 4254
0.003042 4254
0.003043 4253
0.003044 4253
0.003045 4254
0.003046 4254
0.003047 4254
0.003048 4254
0.003049 4254
0.00305 4255
0.003051 4255
0.003052 4255
0.003053 4256
0.003054 4256
0.003055 4256
0.003056 4256
0.003057 4257
0.003058 4256
0.003059 4256
0.00306 4256
0.003061 4256
0.003062 4257
0.003063 4257
0.003064 4257
0.003065 4256
0.003066 4256
0.003067 4256
0.003068 4255
0.003069 4255
0.00307 4255
0.003071 4255
0.003072 4254
0.003073 4254
0.003074 4254
0.003075 4255
0.003076 4255
0.003077 4255
0.003078 4256
0.003079 4256
0.00308 4256
0.003081 4256
0.003082 4256
0.003083 4256
0.003084 4255
0.003085 4255
0.003086 4255
0.003087 4255
0.003088 4255
0.003089 4255
0.00309 4255
0.003091 4254
0.003092 4255
0.003093 4255
0.003094 4256
0.003095 4256
0.003096 4255
0.003097 4255
0.003098 4255
0.003099 4255
0.0031 4255
0.003101 4255
0.003102 4255
0.003103 4255
0.003104 4255
0.003105 4255
0.003106 4255
0.003107 4253
0.003108 4253
0.003109 4254
0.00311 4254
0.003111 4254
0.003112 4254
0.003113 4254
0.003114 4253
0.003115 4253
0.003116 4254
0.003117 4254
0.003118 4254
0.003119 4254
0.00312 4254
0.003121 4254
0.003122 4255
0.003123 4254
0.003124 4253
0.003125 4253
0.003126 4252
0.003127 4252
0.003128 4252
0.003129 4252
0.00313 4252
0.003131 4253
0.003132 4252
0.003133 4250
0.003134 4250
0.003135 4250
0.003136 4250
0.003137 4250
0.003138 4251
0.003139 4251
0.00314 4251
0.003141 4251
0.003142 4251
0.003143 4252
0.003144 4251
0.003145 4250
0.003146 4251
0.003147 4251
0.003148 4250
0.003149 4250
0.00315 4249
0.003151 4248
0.003152 4248
0.003153 4248
0.003154 4250
0.003155 4250
0.003156 4250
0.003157 4250
0.003158 4250
0.003159 4251
0.00316 4250
0.003161 4250
0.003162 4250
0.003163 4250
0.003164 4249
0.003165 4250
0.003166 4251
0.003167 4251
0.003168 4250
0.003169 4249
0.00317 4249
0.003171 4250
0.003172 4250
0.003173 4250
0.003174 4250
0.003175 4250
0.003176 4250
0.003177 4250
0.003178 4250
0.003179 4251
0.00318 4253
0.003181 4251
0.003182 4251
0.003183 4251
0.003184 4251
0.003185 4249
0.003186 4250
0.003187 4249
0.003188 4249
0.003189 4250
0.00319 4250
0.003191 4249
0.003192 4249
0.003193 4248
0.003194 4248
0.003195 4247
0.003196 4247
0.003197 4247
0.003198 4246
0.003199 4246
0.0032 4246
0.003201 4245
0.003202 4245
0.003203 4245
0.003204 4244
0.003205 4244
0.003206 4244
0.003207 4244
0.003208 4244
0.003209 4244
0.00321 4244
0.003211 4244
0.003212 4244
0.003213 4243
0.003214 4243
0.003215 4243
0.003216 4243
0.003217 4243
0.003218 4243
0.003219 4244
0.00322 4247
0.003221 4247
0.003222 4245
0.003223 4245
0.003224 4245
0.003225 4246
0.003226 4245
0.003227 4245
0.003228 4244
0.003229 4244
0.00323 4246
0.003231 4247
0.003232 4247
0.003233 4247
0.003234 4247
0.003235 4246
0.003236 4246
0.003237 4246
0.003238 4245
0.003239 4244
0.00324 4244
0.003241 4244
0.003242 4244
0.003243 4244
0.003244 4244
0.003245 4244
0.003246 4244
0.003247 4245
0.003248 4244
0.003249 4244
0.00325 4244
0.003251 4244
0.003252 4243
0.003253 4243
0.003254 4243
0.003255 4243
0.003256 4243
0.003257 4243
0.003258 4243
0.003259 4243
0.00326 4243
0.003261 4243
0.003262 4242
0.003263 4242
0.003264 4243
0.003265 4243
0.003266 4244
0.003267 4244
0.003268 4244
0.003269 4244
0.00327 4245
0.003271 4246
0.003272 4244
0.003273 4243
0.003274 4243
0.003275 4243
0.003276 4243
0.003277 4243
0.003278 4241
0.003279 4240
0.00328 4240
0.003281 4240
0.003282 4238
0.003283 4239
0.003284 4240
0.003285 4240
0.003286 4240
0.003287 4240
0.003288 4240
0.003289 4239
0.00329 4239
0.003291 4240
0.003292 4240
0.003293 4239
0.003294 4240
0.003295 4239
0.003296 4239
0.003297 4237
0.003298 4238
0.003299 4238
0.0033 4238
0.003301 4239
0.003302 4240
0.003303 4240
0.003304 4241
0.003305 4241
0.003306 4241
0.003307 4240
0.003308 4240
0.003309 4240
0.00331 4240
0.003311 4240
0.003312 4240
0.003313 4239
0.003314 4240
0.003315 4240
0.003316 4242
0.003317 4242
0.003318 4241
0.003319 4241
0.00332 4240
0.003321 4240
0.003322 4240
0.003323 4240
0.003324 4240
0.003325 4239
0.003326 4239
0.003327 4239
0.003328 4240
0.003329 4240
0.00333 4241
0.003331 4242
0.003332 4242
0.003333 4242
0.003334 4241
0.003335 4242
0.003336 4242
0.003337 4242
0.003338 4242
0.003339 4242
0.00334 4242
0.003341 4242
0.003342 4242
0.003343 4242
0.003344 4242
0.003345 4243
0.003346 4243
0.003347 4243
0.003348 4243
0.003349 4243
0.00335 4243
0.003351 4241
0.003352 4241
0.003353 4241
0.003354 4240
0.003355 4239
0.003356 4239
0.003357 4237
0.003358 4238
0.003359 4235
0.00336 4234
0.003361 4234
0.003362 4233
0.003363 4233
0.003364 4232
0.003365 4231
0.003366 4231
0.003367 4231
0.003368 4231
0.003369 4231
0.00337 4231
0.003371 4231
0.003372 4230
0.003373 4230
0.003374 4229
0.003375 4230
0.003376 4230
0.003377 4230
0.003378 4230
0.003379 4232
0.00338 4232
0.003381 4232
0.003382 4232
0.003383 4231
0.003384 4230
0.003385 4230
0.003386 4230
0.003387 4230
0.003388 4230
0.003389 4230
0.00339 4229
0.003391 4229
0.003392 4230
0.003393 4230
0.003394 4230
0.003395 4231
0.003396 4232
0.003397 4231
0.003398 4231
0.003399 4231
0.0034 4231
0.003401 4231
0.003402 4231
0.003403 4231
0.003404 4231
0.003405 4232
0.003406 4232
0.003407 4233
0.003408 4234
0.003409 4236
0.00341 4236
0.003411 4237
0.003412 4237
0.003413 4237
0.003414 4237
0.003415 4238
0.003416 4239
0.003417 4239
0.003418 4239
0.003419 4238
0.00342 4238
0.003421 4239
0.003422 4239
0.003423 4239
0.003424 4239
0.003425 4239
0.003426 4239
0.003427 4240
0.003428 4240
0.003429 4240
0.00343 4240
0.003431 4239
0.003432 4239
0.003433 4238
0.003434 4238
0.003435 4238
0.003436 4238
0.003437 4238
0.003438 4238
0.003439 4238
0.00344 4238
0.003441 4239
0.003442 4238
0.003443 4238
0.003444 4238
0.003445 4237
0.003446 4236
0.003447 4236
0.003448 4235
0.003449 4236
0.00345 4236
0.003451 4236
0.003452 4236
0.003453 4236
0.003454 4236
0.003455 4236
0.003456 4236
0.003457 4236
0.003458 4236
0.003459 4236
0.00346 4235
0.003461 4234
0.003462 4233
0.003463 4233
0.003464 4234
0.003465 4234
0.003466 4235
0.003467 4234
0.003468 4234
0.003469 4233
0.00347 4234
0.003471 4234
0.003472 4236
0.003473 4236
0.003474 4236
0.003475 4237
0.003476 4238
0.003477 4239
0.003478 4239
0.003479 4239
0.00348 4239
0.003481 4237
0.003482 4237
0.003483 4237
0.003484 4237
0.003485 4236
0.003486 4237
0.003487 4237
0.003488 4236
0.003489 4236
0.00349 4236
0.003491 4235
0.003492 4234
0.003493 4233
0.003494 4233
0.003495 4233
0.003496 4233
0.003497 4233
0.003498 4233
0.003499 4234
0.0035 4235
0.003501 4235
0.003502 4235
0.003503 4235
0.003504 4235
0.003505 4235
0.003506 4235
0.003507 4235
0.003508 4234
0.003509 4234
0.00351 4234
0.003511 4234
0.003512 4234
0.003513 4234
0.003514 4234
0.003515 4234
0.003516 4234
0.003517 4234
0.003518 4234
0.003519 4234
0.00352 4234
0.003521 4234
0.003522 4235
0.003523 4235
0.003524 4234
0.003525 4233
0.003526 4233
0.003527 4233
0.003528 4231
0.003529 4232
0.00353 4232
0.003531 4231
0.003532 4231
0.003533 4231
0.003534 4231
0.003535 4231
0.003536 4231
0.003537 4231
0.003538 4232
0.003539 4232
0.00354 4232
0.003541 4232
0.003542 4232
0.003543 4232
0.003544 4232
0.003545 4232
0.003546 4233
0.003547 4233
0.003548 4233
0.003549 4233
0.00355 4233
0.003551 4233
0.003552 4232
0.003553 4231
0.003554 4231
0.003555 4231
0.003556 4231
0.003557 4232
0.003558 4232
0.003559 4233
0.00356 4233
0.003561 4233
0.003562 4232
0.003563 4232
0.003564 4232
0.003565 4230
0.003566 4230
0.003567 4229
0.003568 4229
0.003569 4229
0.00357 4230
0.003571 4230
0.003572 4230
0.003573 4230
0.003574 4230
0.003575 4228
0.003576 4228
0.003577 4228
0.003578 4229
0.003579 4229
0.00358 4230
0.003581 4231
0.003582 4230
0.003583 4230
0.003584 4231
0.003585 4232
0.003586 4233
0.003587 4233
0.003588 4233
0.003589 4233
0.00359 4234
0.003591 4235
0.003592 4236
0.003593 4235
0.003594 4233
0.003595 4232
0.003596 4231
0.003597 4231
0.003598 4231
0.003599 4232
0.0036 4232
0.003601 4232
0.003602 4232
0.003603 4233
0.003604 4233
0.003605 4233
0.003606 4233
0.003607 4233
0.003608 4232
0.003609 4232
0.00361 4231
0.003611 4231
0.003612 4231
0.003613 4231
0.003614 4230
0.003615 4230
0.003616 4230
0.003617 4229
0.003618 4228
0.003619 4228
0.00362 4227
0.003621 4227
0.003622 4227
0.003623 4227
0.003624 4227
0.003625 4227
0.003626 4226
0.003627 4225
0.003628 4226
0.003629 4226
0.00363 4227
0.003631 4227
0.003632 4226
0.003633 4227
0.003634 4227
0.003635 4227
0.003636 4227
0.003637 4227
0.003638 4225
0.003639 4225
0.00364 4226
0.003641 4226
0.003642 4226
0.003643 4226
0.003644 4225
0.003645 4225
0.003646 4225
0.003647 4224
0.003648 4224
0.003649 4224
0.00365 4224
0.003651 4224
0.003652 4224
0.003653 4223
0.003654 4223
0.003655 4223
0.003656 4224
0.003657 4224
0.003658 4224
0.003659 4223
0.00366 4225
0.003661 4225
0.003662 4226
0.003663 4226
0.003664 4226
0.003665 4226
0.003666 4226
0.003667 4226
0.003668 4226
0.003669 4226
0.00367 4225
0.003671 4225
0.003672 4225
0.003673 4226
0.003674 4227
0.003675 4226
0.003676 4226
0.003677 4227
0.003678 4227
0.003679 4227
0.00368 4227
0.003681 4227
0.003682 4227
0.003683 4227
0.003684 4227
0.003685 4228
0.003686 4228
0.003687 4227
0.003688 4227
0.003689 4227
0.00369 4227
0.003691 4227
0.003692 4227
0.003693 4227
0.003694 4227
0.003695 4227
0.003696 4226
0.003697 4225
0.003698 4225
0.003699 4227
0.0037 4227
0.003701 4227
0.003702 4227
0.003703 4227
0.003704 4227
0.003705 4227
0.003706 4228
0.003707 4228
0.003708 4228
0.003709 4228
0.00371 4228
0.003711 4227
0.003712 4228
0.003713 4228
0.003714 4228
0.003715 4228
0.003716 4229
0.003717 4229
0.003718 4228
0.003719 4228
0.00372 4228
0.003721 4228
0.003722 4229
0.003723 4229
0.003724 4230
0.003725 4230
0.003726 4229
0.003727 4229
0.003728 4228
0.003729 4228
0.00373 4228
0.003731 4228
0.003732 4227
0.003733 4227
0.003734 4227
0.003735 4228
0.003736 4229
0.003737 4229
0.003738 4230
0.003739 4230
0.00374 4231
0.003741 4230
0.003742 4230
0.003743 4229
0.003744 4229
0.003745 4229
0.003746 4229
0.003747 4229
0.003748 4228
0.003749 4228
0.00375 4227
0.003751 4227
0.003752 4227
0.003753 4227
0.003754 4227
0.003755 4227
0.003756 4227
0.003757 4226
0.003758 4227
0.003759 4227
0.00376 4228
0.003761 4228
0.003762 4228
0.003763 4228
0.003764 4228
0.003765 4227
0.003766 4226
0.003767 4226
0.003768 4227
0.003769 4227
0.00377 4227
0.003771 4227
0.003772 4227
0.003773 4227
0.003774 4227
0.003775 4227
0.003776 4227
0.003777 4227
0.003778 4227
0.003779 4227
0.00378 4228
0.003781 4228
0.003782 4229
0.003783 4229
0.003784 4229
0.003785 4228
0.003786 4228
0.003787 4228
0.003788 4227
0.003789 4228
0.00379 4228
0.003791 4228
0.003792 4228
0.003793 4229
0.003794 4228
0.003795 4226
0.003796 4227
0.003797 4228
0.003798 4228
0.003799 4229
0.0038 4229
0.003801 4229
0.003802 4229
0.003803 4229
0.003804 4229
0.003805 4229
0.003806 4229
0.003807 4229
0.003808 4229
0.003809 4230
0.00381 4230
0.003811 4231
0.003812 4231
0.003813 4231
0.003814 4231
0.003815 4231
0.003816 4231
0.003817 4231
0.003818 4231
0.003819 4231
0.00382 4231
0.003821 4231
0.003822 4231
0.003823 4231
0.003824 4231
0.003825 4231
0.003826 4231
0.003827 4230
0.003828 4231
0.003829 4231
0.00383 4231
0.003831 4231
0.003832 4230
0.003833 4230
0.003834 4231
0.003835 4230
0.003836 4231
0.003837 4231
0.003838 4231
0.003839 4231
0.00384 4232
0.003841 4232
0.003842 4232
0.003843 4231
0.003844 4231
0.003845 4231
0.003846 4231
0.003847 4231
0.003848 4231
0.003849 4230
0.00385 4230
0.003851 4230
0.003852 4232
0.003853 4231
0.003854 4231
0.003855 4229
0.003856 4230
0.003857 4230
0.003858 4230
0.003859 4230
0.00386 4231
0.003861 4231
0.003862 4231
0.003863 4232
0.003864 4233
0.003865 4233
0.003866 4233
0.003867 4232
0.003868 4233
0.003869 4233
0.00387 4233
0.003871 4233
0.003872 4234
0.003873 4234
0.003874 4235
0.003875 4237
0.003876 4237
0.003877 4237
0.003878 4237
0.003879 4237
0.00388 4237
0.003881 4237
0.003882 4238
0.003883 4237
0.003884 4237
0.003885 4237
0.003886 4237
0.003887 4236
0.003888 4235
0.003889 4235
0.00389 4235
0.003891 4235
0.003892 4235
0.003893 4235
0.003894 4235
0.003895 4235
0.003896 4235
0.003897 4236
0.003898 4235
0.003899 4235
0.0039 4235
0.003901 4235
0.003902 4235
0.003903 4234
0.003904 4234
0.003905 4234
0.003906 4233
0.003907 4233
0.003908 4233
0.003909 4233
0.00391 4234
0.003911 4234
0.003912 4234
0.003913 4234
0.003914 4235
0.003915 4235
0.003916 4235
0.003917 4235
0.003918 4235
0.003919 4236
0.00392 4236
0.003921 4236
0.003922 4236
0.003923 4236
0.003924 4235
0.003925 4235
0.003926 4235
0.003927 4234
0.003928 4235
0.003929 4235
0.00393 4235
0.003931 4235
0.003932 4235
0.003933 4235
0.003934 4235
0.003935 4236
0.003936 4237
0.003937 4235
0.003938 4236
0.003939 4236
0.00394 4236
0.003941 4235
0.003942 4235
0.003943 4235
0.003944 4235
0.003945 4236
0.003946 4236
0.003947 4236
0.003948 4235
0.003949 4235
0.00395 4235
0.003951 4236
0.003952 4237
0.003953 4236
0.003954 4237
0.003955 4236
0.003956 4236
0.003957 4236
0.003958 4235
0.003959 4235
0.00396 4235
0.003961 4236
0.003962 4236
0.003963 4237
0.003964 4238
0.003965 4238
0.003966 4238
0.003967 4239
0.003968 4240
0.003969 4240
0.00397 4240
0.003971 4240
0.003972 4240
0.003973 4239
0.003974 4239
0.003975 4239
0.003976 4239
0.003977 4239
0.003978 4238
0.003979 4238
0.00398 4239
0.003981 4239
0.003982 4237
0.003983 4237
0.003984 4237
0.003985 4238
0.003986 4238
0.003987 4237
0.003988 4237
0.003989 4236
0.00399 4236
0.003991 4236
0.003992 4236
0.003993 4236
0.003994 4237
0.003995 4237
0.003996 4237
0.003997 4237
0.003998 4238
0.003999 4238
0.004 4237
0.004001 4237
0.004002 4236
0.004003 4236
0.004004 4236
0.004005 4235
0.004006 4235
0.004007 4234
0.004008 4234
0.004009 4234
0.00401 4233
0.004011 4233
0.004012 4233
0.004013 4234
0.004014 4234
0.004015 4234
0.004016 4233
0.004017 4233
0.004018 4235
0.004019 4235
0.00402 4235
0.004021 4235
0.004022 4235
0.004023 4236
0.004024 4236
0.004025 4236
0.004026 4235
0.004027 4235
0.004028 4236
0.004029 4237
0.00403 4237
0.004031 4237
0.004032 4237
0.004033 4237
0.004034 4235
0.004035 4235
0.004036 4236
0.004037 4235
0.004038 4236
0.004039 4238
0.00404 4238
0.004041 4238
0.004042 4238
0.004043 4238
0.004044 4238
0.004045 4238
0.004046 4237
0.004047 4238
0.004048 4238
0.004049 4238
0.00405 4239
0.004051 4240
0.004052 4239
0.004053 4239
0.004054 4239
0.004055 4239
0.004056 4239
0.004057 4238
0.004058 4239
0.004059 4240
0.00406 4239
0.004061 4239
0.004062 4239
0.004063 4238
0.004064 4238
0.004065 4237
0.004066 4237
0.004067 4237
0.004068 4237
0.004069 4235
0.00407 4235
0.004071 4235
0.004072 4236
0.004073 4237
0.004074 4237
0.004075 4237
0.004076 4237
0.004077 4238
0.004078 4238
0.004079 4238
0.00408 4239
0.004081 4239
0.004082 4240
0.004083 4240
0.004084 4242
0.004085 4242
0.004086 4242
0.004087 4242
0.004088 4242
0.004089 4243
0.00409 4243
0.004091 4243
0.004092 4243
0.004093 4242
0.004094 4242
0.004095 4244
0.004096 4245
0.004097 4245
0.004098 4245
0.004099 4246
0.0041 4246
0.004101 4246
0.004102 4246
0.004103 4246
0.004104 4246
0.004105 4246
0.004106 4246
0.004107 4245
0.004108 4246
0.004109 4247
0.00411 4247
0.004111 4247
0.004112 4247
0.004113 4247
0.004114 4246
0.004115 4246
0.004116 4247
0.004117 4247
0.004118 4248
0.004119 4248
0.00412 4249
0.004121 4249
0.004122 4250
0.004123 4251
0.004124 4251
0.004125 4251
0.004126 4251
0.004127 4251
0.004128 4252
0.004129 4252
0.00413 4252
0.004131 4251
0.004132 4251
0.004133 4248
0.004134 4248
0.004135 4247
0.004136 4247
0.004137 4247
0.004138 4247
0.004139 4247
0.00414 4247
0.004141 4247
0.004142 4248
0.004143 4247
0.004144 4245
0.004145 4244
0.004146 4244
0.004147 4245
0.004148 4245
0.004149 4245
0.00415 4245
0.004151 4245
0.004152 4244
0.004153 4244
0.004154 4243
0.004155 4243
0.004156 4243
0.004157 4243
0.004158 4242
0.004159 4242
0.00416 4242
0.004161 4242
0.004162 4243
0.004163 4243
0.004164 4243
0.004165 4243
0.004166 4243
0.004167 4243
0.004168 4243
0.004169 4243
0.00417 4244
0.004171 4245
0.004172 4246
0.004173 4246
0.004174 4246
0.004175 4245
0.004176 4244
0.004177 4244
0.004178 4244
0.004179 4243
0.00418 4243
0.004181 4244
0.004182 4244
0.004183 4244
0.004184 4244
0.004185 4244
0.004186 4244
0.004187 4243
0.004188 4243
0.004189 4243
0.00419 4244
0.004191 4243
0.004192 4243
0.004193 4243
0.004194 4243
0.004195 4243
0.004196 4243
0.004197 4243
0.004198 4244
0.004199 4244
0.0042 4244
0.004201 4243
0.004202 4243
0.004203 4243
0.004204 4244
0.004205 4244
0.004206 4244
0.004207 4244
0.004208 4243
0.004209 4244
0.00421 4244
0.004211 4244
0.004212 4244
0.004213 4244
0.004214 4244
0.004215 4244
0.004216 4244
0.004217 4244
0.004218 4244
0.004219 4244
0.00422 4244
0.004221 4245
0.004222 4245
0.004223 4245
0.004224 4245
0.004225 4245
0.004226 4244
0.004227 4244
0.004228 4244
0.004229 4245
0.00423 4244
0.004231 4243
0.004232 4244
0.004233 4245
0.004234 4245
0.004235 4245
0.004236 4244
0.004237 4244
0.004238 4244
0.004239 4245
0.00424 4245
0.004241 4244
0.004242 4244
0.004243 4244
0.004244 4244
0.004245 4244
0.004246 4244
0.004247 4244
0.004248 4245
0.004249 4245
0.00425 4243
0.004251 4243
0.004252 4244
0.004253 4243
0.004254 4243
0.004255 4244
0.004256 4244
0.004257 4244
0.004258 4244
0.004259 4244
0.00426 4244
0.004261 4244
0.004262 4244
0.004263 4245
0.004264 4243
0.004265 4243
0.004266 4242
0.004267 4241
0.004268 4241
0.004269 4241
0.00427 4241
0.004271 4241
0.004272 4240
0.004273 4241
0.004274 4241
0.004275 4241
0.004276 4242
0.004277 4242
0.004278 4242
0.004279 4243
0.00428 4243
0.004281 4243
0.004282 4243
0.004283 4242
0.004284 4244
0.004285 4244
0.004286 4244
0.004287 4244
0.004288 4244
0.004289 4244
0.00429 4242
0.004291 4243
0.004292 4243
0.004293 4243
0.004294 4242
0.004295 4243
0.004296 4243
0.004297 4243
0.004298 4245
0.004299 4245
0.0043 4243
0.004301 4242
0.004302 4241
0.004303 4241
0.004304 4241
0.004305 4241
0.004306 4241
0.004307 4242
0.004308 4243
0.004309 4243
0.00431 4243
0.004311 4243
0.004312 4243
0.004313 4243
0.004314 4243
0.004315 4243
0.004316 4243
0.004317 4243
0.004318 4243
0.004319 4244
0.00432 4244
0.004321 4244
0.004322 4244
0.004323 4245
0.004324 4245
0.004325 4246
0.004326 4246
0.004327 4246
0.004328 4246
0.004329 4246
0.00433 4246
0.004331 4246
0.004332 4246
0.004333 4246
0.004334 4246
0.004335 4246
0.004336 4246
0.004337 4247
0.004338 4247
0.004339 4247
0.00434 4247
0.004341 4247
0.004342 4248
0.004343 4248
0.004344 4248
0.004345 4247
0.004346 4246
0.004347 4244
0.004348 4244
0.004349 4244
0.00435 4244
0.004351 4243
0.004352 4244
0.004353 4244
0.004354 4243
0.004355 4243
0.004356 4243
0.004357 4242
0.004358 4242
0.004359 4242
0.00436 4242
0.004361 4242
0.004362 4242
0.004363 4241
0.004364 4240
0.004365 4240
0.004366 4240
0.004367 4240
0.004368 4240
0.004369 4240
0.00437 4241
0.004371 4241
0.004372 4240
0.004373 4240
0.004374 4240
0.004375 4239
0.004376 4238
0.004377 4238
0.004378 4237
0.004379 4237
0.00438 4237
0.004381 4237
0.004382 4237
0.004383 4238
0.004384 4239
0.004385 4238
0.004386 4238
0.004387 4239
0.004388 4239
0.004389 4240
0.00439 4239
0.004391 4239
0.004392 4240
0.004393 4240
0.004394 4240
0.004395 4240
0.004396 4241
0.004397 4241
0.004398 4241
0.004399 4241
0.0044 4241
0.004401 4240
0.004402 4240
0.004403 4240
0.004404 4240
0.004405 4240
0.004406 4240
0.004407 4241
0.004408 4243
0.004409 4243
0.00441 4244
0.004411 4244
0.004412 4244
0.004413 4244
0.004414 4244
0.004415 4244
0.004416 4244
0.004417 4244
0.004418 4243
0.004419 4243
0.00442 4243
0.004421 4243
0.004422 4243
0.004423 4243
0.004424 4243
0.004425 4243
0.004426 4244
0.004427 4245
0.004428 4245
0.004429 4247
0.00443 4247
0.004431 4246
0.004432 4246
0.004433 4247
0.004434 4247
0.004435 4247
0.004436 4247
0.004437 4247
0.004438 4247
0.004439 4247
0.00444 4249
0.004441 4249
0.004442 4249
0.004443 4249
0.004444 4250
0.004445 4250
0.004446 4250
0.004447 4250
0.004448 4251
0.004449 4250
0.00445 4249
0.004451 4250
0.004452 4250
0.004453 4250
0.004454 4250
0.004455 4250
0.004456 4250
0.004457 4249
0.004458 4249
0.004459 4250
0.00446 4250
0.004461 4250
0.004462 4250
0.004463 4250
0.004464 4250
0.004465 4249
0.004466 4248
0.004467 4249
0.004468 4249
0.004469 4248
0.00447 4248
0.004471 4247
0.004472 4247
0.004473 4246
0.004474 4246
0.004475 4246
0.004476 4247
0.004477 4246
0.004478 4246
0.004479 4245
0.00448 4245
0.004481 4246
0.004482 4246
0.004483 4246
0.004484 4246
0.004485 4246
0.004486 4246
0.004487 4247
0.004488 4246
0.004489 4245
0.00449 4246
0.004491 4249
0.004492 4249
0.004493 4249
0.004494 4248
0.004495 4248
0.004496 4248
0.004497 4249
0.004498 4249
0.004499 4250
0.0045 4250
0.004501 4250
0.004502 4250
0.004503 4250
0.004504 4249
0.004505 4250
0.004506 4250
0.004507 4250
0.004508 4250
0.004509 4249
0.00451 4250
0.004511 4250
0.004512 4250
0.004513 4250
0.004514 4250
0.004515 4250
0.004516 4250
0.004517 4250
0.004518 4250
0.004519 4250
0.00452 4250
0.004521 4250
0.004522 4249
0.004523 4250
0.004524 4250
0.004525 4250
0.004526 4250
0.004527 4249
0.004528 4248
0.004529 4248
0.00453 4247
0.004531 4248
0.004532 4249
0.004533 4249
0.004534 4249
0.004535 4249
0.004536 4252
0.004537 4252
0.004538 4252
0.004539 4252
0.00454 4253
0.004541 4253
0.004542 4253
0.004543 4253
0.004544 4253
0.004545 4251
0.004546 4251
0.004547 4251
0.004548 4251
0.004549 4251
0.00455 4251
0.004551 4252
0.004552 4252
0.004553 4252
0.004554 4252
0.004555 4252
0.004556 4252
0.004557 4253
0.004558 4253
0.004559 4253
0.00456 4253
0.004561 4252
0.004562 4252
0.004563 4253
0.004564 4253
0.004565 4252
0.004566 4252
0.004567 4252
0.004568 4252
0.004569 4254
0.00457 4254
0.004571 4253
0.004572 4253
0.004573 4253
0.004574 4253
0.004575 4253
0.004576 4252
0.004577 4252
0.004578 4251
0.004579 4251
0.00458 4250
0.004581 4250
0.004582 4250
0.004583 4250
0.004584 4250
0.004585 4250
0.004586 4251
0.004587 4252
0.004588 4251
0.004589 4251
0.00459 4251
0.004591 4252
0.004592 4253
0.004593 4252
0.004594 4252
0.004595 4251
0.004596 4250
0.004597 4251
0.004598 4250
0.004599 4250
0.0046 4249
0.004601 4248
0.004602 4248
0.004603 4248
0.004604 4249
0.004605 4247
0.004606 4247
0.004607 4247
0.004608 4247
0.004609 4247
0.00461 4247
0.004611 4247
0.004612 4247
0.004613 4247
0.004614 4247
0.004615 4247
0.004616 4248
0.004617 4248
0.004618 4248
0.004619 4248
0.00462 4248
0.004621 4248
0.004622 4248
0.004623 4248
0.004624 4248
0.004625 4250
0.004626 4250
0.004627 4248
0.004628 4247
0.004629 4248
0.00463 4250
0.004631 4251
0.004632 4251
0.004633 4251
0.004634 4251
0.004635 4251
0.004636 4251
0.004637 4251
0.004638 4251
0.004639 4252
0.00464 4253
0.004641 4252
0.004642 4251
0.004643 4251
0.004644 4251
0.004645 4252
0.004646 4251
0.004647 4251
0.004648 4252
0.004649 4251
0.00465 4251
0.004651 4251
0.004652 4252
0.004653 4252
0.004654 4252
0.004655 4250
0.004656 4250
0.004657 4251
0.004658 4250
0.004659 4250
0.00466 4250
0.004661 4250
0.004662 4250
0.004663 4249
0.004664 4249
0.004665 4251
0.004666 4251
0.004667 4251
0.004668 4251
0.004669 4249
0.00467 4249
0.004671 4249
0.004672 4249
0.004673 4249
0.004674 4249
0.004675 4249
0.004676 4249
0.004677 4249
0.004678 4248
0.004679 4248
0.00468 4248
0.004681 4248
0.004682 4248
0.004683 4249
0.004684 4249
0.004685 4251
0.004686 4251
0.004687 4251
0.004688 4250
0.004689 4250
0.00469 4250
0.004691 4250
0.004692 4250
0.004693 4250
0.004694 4250
0.004695 4251
0.004696 4248
0.004697 4249
0.004698 4250
0.004699 4251
0.0047 4251
0.004701 4251
0.004702 4252
0.004703 4252
0.004704 4253
0.004705 4253
0.004706 4253
0.004707 4253
0.004708 4254
0.004709 4253
0.00471 4253
0.004711 4252
0.004712 4253
0.004713 4253
0.004714 4253
0.004715 4253
0.004716 4253
0.004717 4253
0.004718 4253
0.004719 4253
0.00472 4253
0.004721 4253
0.004722 4254
0.004723 4253
0.004724 4253
0.004725 4253
0.004726 4252
0.004727 4251
0.004728 4251
0.004729 4251
0.00473 4251
0.004731 4252
0.004732 4254
0.004733 4253
0.004734 4253
0.004735 4253
0.004736 4255
0.004737 4256
0.004738 4256
0.004739 4256
0.00474 4255
0.004741 4255
0.004742 4255
0.004743 4255
0.004744 4256
0.004745 4255
0.004746 4255
0.004747 4254
0.004748 4253
0.004749 4254
0.00475 4254
0.004751 4254
0.004752 4254
0.004753 4254
0.004754 4254
0.004755 4254
0.004756 4254
0.004757 4253
0.004758 4254
0.004759 4254
0.00476 4256
0.004761 4256
0.004762 4256
0.004763 4257
0.004764 4258
0.004765 4260
0.004766 4260
0.004767 4260
0.004768 4260
0.004769 4261
0.00477 4261
0.004771 4262
0.004772 4262
0.004773 4262
0.004774 4263
0.004775 4262
0.004776 4263
0.004777 4263
0.004778 4262
0.004779 4262
0.00478 4262
0.004781 4262
0.004782 4261
0.004783 4261
0.004784 4260
0.004785 4260
0.004786 4260
0.004787 4260
0.004788 4259
0.004789 4259
0.00479 4259
0.004791 4259
0.004792 4260
0.004793 4260
0.004794 4260
0.004795 4260
0.004796 4260
0.004797 4260
0.004798 4260
0.004799 4261
0.0048 4262
0.004801 4262
0.004802 4262
0.004803 4262
0.004804 4262
0.004805 4261
0.004806 4261
0.004807 4261
0.004808 4261
0.004809 4261
0.00481 4261
0.004811 4262
0.004812 4262
0.004813 4262
0.004814 4262
0.004815 4262
0.004816 4263
0.004817 4263
0.004818 4262
0.004819 4262
0.00482 4262
0.004821 4262
0.004822 4262
0.004823 4262
0.004824 4262
0.004825 4262
0.004826 4260
0.004827 4260
0.004828 4260
0.004829 4260
0.00483 4261
0.004831 4261
0.004832 4261
0.004833 4261
0.004834 4261
0.004835 4261
0.004836 4262
0.004837 4261
0.004838 4260
0.004839 4259
0.00484 4258
0.004841 4258
0.004842 4259
0.004843 4258
0.004844 4258
0.004845 4259
0.004846 4259
0.004847 4259
0.004848 4260
0.004849 4260
0.00485 4260
0.004851 4260
0.004852 4260
0.004853 4260
0.004854 4260
0.004855 4260
0.004856 4260
0.004857 4260
0.004858 4259
0.004859 4259
0.00486 4258
0.004861 4258
0.004862 4258
0.004863 4258
0.004864 4257
0.004865 4257
0.004866 4257
0.004867 4257
0.004868 4257
0.004869 4257
0.00487 4258
0.004871 4258
0.004872 4258
0.004873 4258
0.004874 4255
0.004875 4256
0.004876 4256
0.004877 4257
0.004878 4257
0.004879 4257
0.00488 4257
0.004881 4256
0.004882 4256
0.004883 4256
0.004884 4255
0.004885 4255
0.004886 4255
0.004887 4254
0.004888 4254
0.004889 4254
0.00489 4254
0.004891 4254
0.004892 4254
0.004893 4254
0.004894 4254
0.004895 4253
0.004896 4253
0.004897 4252
0.004898 4252
0.004899 4253
0.0049 4253
0.004901 4253
0.004902 4252
0.004903 4252
0.004904 4252
0.004905 4252
0.004906 4252
0.004907 4252
0.004908 4252
0.004909 4252
0.00491 4252
0.004911 4253
0.004912 4252
0.004913 4252
0.004914 4251
0.004915 4251
0.004916 4251
0.004917 4251
0.004918 4251
0.004919 4251
0.00492 4251
0.004921 4251
0.004922 4251
0.004923 4250
0.004924 4250
0.004925 4250
0.004926 4250
0.004927 4251
0.004928 4251
0.004929 4251
0.00493 4250
0.004931 4250
0.004932 4250
0.004933 4250
0.004934 4250
0.004935 4249
0.004936 4250
0.004937 4250
0.004938 4250
0.004939 4248
0.00494 4246
0.004941 4246
0.004942 4246
0.004943 4245
0.004944 4245
0.004945 4245
0.004946 4245
0.004947 4245
0.004948 4245
0.004949 4245
0.00495 4244
0.004951 4244
0.004952 4244
0.004953 4244
0.004954 4244
0.004955 4243
0.004956 4241
0.004957 4241
0.004958 4242
0.004959 4242
0.00496 4242
0.004961 4242
0.004962 4242
0.004963 4241
0.004964 4243
0.004965 4244
0.004966 4244
0.004967 4244
0.004968 4244
0.004969 4244
0.00497 4244
0.004971 4244
0.004972 4244
0.004973 4244
0.004974 4244
0.004975 4244
0.004976 4244
0.004977 4244
0.004978 4243
0.004979 4243
0.00498 4243
0.004981 4244
0.004982 4244
0.004983 4246
0.004984 4246
0.004985 4247
0.004986 4246
0.004987 4245
0.004988 4245
0.004989 4243
0.00499 4243
0.004991 4244
0.004992 4244
0.004993 4244
0.004994 4244
0.004995 4244
0.004996 4244
0.004997 4244
0.004998 4244
0.004999 4244
0.005 4244
