0 591
1e-06 594
2e-06 595
3e-06 595
4e-06 597
5e-06 602
6e-06 602
7e-06 607
8e-06 608
9e-06 615
1e-05 616
1.1e-05 619
1.2e-05 620
1.3e-05 622
1.4e-05 624
1.5e-05 625
1.6e-05 627
1.7e-05 627
1.8e-05 627
1.9e-05 630
2e-05 631
2.1e-05 634
2.2e-05 636
2.3e-05 637
2.4e-05 639
2.5e-05 641
2.6e-05 641
2.7e-05 644
2.8e-05 646
2.9e-05 648
3e-05 645
3.1e-05 646
3.2e-05 647
3.3e-05 647
3.4e-05 649
3.5e-05 653
3.6e-05 653
3.7e-05 653
3.8e-05 654
3.9e-05 655
4e-05 654
4.1e-05 654
4.2e-05 655
4.3e-05 658
4.4e-05 660
4.5e-05 663
4.6e-05 664
4.7e-05 666
4.8e-05 667
4.9e-05 668
5e-05 669
5.1e-05 670
5.2e-05 672
5.3e-05 672
5.4e-05 672
5.5e-05 673
5.6e-05 672
5.7e-05 672
5.8e-05 672
5.9e-05 674
6e-05 675
6.1e-05 676
6.2e-05 679
6.3e-05 680
6.4e-05 681
6.5e-05 679
6.6e-05 680
6.7e-05 683
6.8e-05 687
6.9e-05 686
7e-05 687
7.1e-05 688
7.2e-05 690
7.3e-05 690
7.4e-05 692
7.5e-05 692
7.6e-05 697
7.7e-05 697
7.8e-05 701
7.9e-05 703
8e-05 703
8.1e-05 707
8.2e-05 709
8.3e-05 710
8.4e-05 711
8.5e-05 712
8.6e-05 713
8.7e-05 714
8.8e-05 715
8.9e-05 716
9e-05 717
9.1e-05 717
9.2e-05 716
9.3e-05 716
9.4e-05 717
9.5e-05 718
9.6e-05 718
9.7e-05 718
9.8e-05 721
9.9e-05 721
0.0001 722
0.000101 724
0.000102 726
0.000103 726
0.000104 727
0.000105 731
0.000106 731
0.000107 732
0.000108 733
0.000109 733
0.00011 736
0.000111 737
0.000112 737
0.000113 738
0.000114 739
0.000115 741
0.000116 742
0.000117 744
0.000118 744
0.000119 742
0.00012 746
0.000121 747
0.000122 748
0.000123 751
0.000124 751
0.000125 752
0.000126 751
0.000127 752
0.000128 754
0.000129 756
0.00013 756
0.000131 757
0.000132 758
0.000133 758
0.000134 758
0.000135 757
0.000136 759
0.000137 760
0.000138 763
0.000139 766
0.00014 766
0.000141 768
0.000142 768
0.000143 769
0.000144 770
0.000145 770
0.000146 770
0.000147 771
0.000148 772
0.000149 773
0.00015 774
0.000151 774
0.000152 774
0.000153 775
0.000154 776
0.000155 776
0.000156 775
0.000157 776
0.000158 777
0.000159 778
0.00016 778
0.000161 777
0.000162 777
0.000163 776
0.000164 775
0.000165 775
0.000166 776
0.000167 776
0.000168 776
0.000169 777
0.00017 778
0.000171 778
0.000172 779
0.000173 778
0.000174 778
0.000175 778
0.000176 778
0.000177 777
0.000178 778
0.000179 779
0.00018 780
0.000181 779
0.000182 780
0.000183 781
0.000184 781
0.000185 784
0.000186 784
0.000187 784
0.000188 784
0.000189 784
0.00019 785
0.000191 785
0.000192 787
0.000193 788
0.000194 787
0.000195 787
0.000196 787
0.000197 787
0.000198 787
0.000199 787
0.0002 790
0.000201 789
0.000202 789
0.000203 790
0.000204 790
0.000205 790
0.000206 792
0.000207 794
0.000208 794
0.000209 794
0.00021 795
0.000211 795
0.000212 795
0.000213 794
0.000214 795
0.000215 796
0.000216 797
0.000217 798
0.000218 798
0.000219 798
0.00022 799
0.000221 798
0.000222 798
0.000223 798
0.000224 799
0.000225 799
0.000226 799
0.000227 800
0.000228 800
0.000229 801
0.00023 800
0.000231 800
0.000232 801
0.000233 802
0.000234 802
0.000235 802
0.000236 802
0.000237 804
0.000238 804
0.000239 805
0.00024 806
0.000241 806
0.000242 806
0.000243 806
0.000244 805
0.000245 806
0.000246 807
0.000247 807
0.000248 807
0.000249 807
0.00025 809
0.000251 809
0.000252 810
0.000253 811
0.000254 811
0.000255 811
0.000256 811
0.000257 811
0.000258 813
0.000259 815
0.00026 815
0.000261 815
0.000262 815
0.000263 815
0.000264 815
0.000265 815
0.000266 816
0.000267 816
0.000268 816
0.000269 816
0.00027 817
0.000271 815
0.000272 815
0.000273 815
0.000274 815
0.000275 815
0.000276 815
0.000277 814
0.000278 815
0.000279 816
0.00028 815
0.000281 815
0.000282 815
0.000283 816
0.000284 818
0.000285 818
0.000286 818
0.000287 818
0.000288 817
0.000289 821
0.00029 821
0.000291 820
0.000292 820
0.000293 821
0.000294 821
0.000295 821
0.000296 821
0.000297 823
0.000298 823
0.000299 823
0.0003 824
0.000301 824
0.000302 825
0.000303 824
0.000304 824
0.000305 824
0.000306 824
0.000307 824
0.000308 824
0.000309 825
0.00031 825
0.000311 824
0.000312 824
0.000313 825
0.000314 826
0.000315 827
0.000316 828
0.000317 828
0.000318 827
0.000319 828
0.00032 828
0.000321 828
0.000322 828
0.000323 829
0.000324 829
0.000325 829
0.000326 828
0.000327 828
0.000328 828
0.000329 827
0.00033 827
0.000331 827
0.000332 827
0.000333 829
0.000334 830
0.000335 830
0.000336 830
0.000337 830
0.000338 830
0.000339 831
0.00034 831
0.000341 832
0.000342 831
0.000343 832
0.000344 832
0.000345 832
0.000346 833
0.000347 833
0.000348 833
0.000349 833
0.00035 833
0.000351 832
0.000352 833
0.000353 834
0.000354 834
0.000355 834
0.000356 834
0.000357 834
0.000358 835
0.000359 835
0.00036 836
0.000361 837
0.000362 837
0.000363 837
0.000364 838
0.000365 839
0.000366 839
0.000367 838
0.000368 839
0.000369 840
0.00037 841
0.000371 841
0.000372 841
0.000373 841
0.000374 842
0.000375 842
0.000376 842
0.000377 842
0.000378 842
0.000379 842
0.00038 842
0.000381 842
0.000382 842
0.000383 842
0.000384 842
0.000385 843
0.000386 843
0.000387 843
0.000388 843
0.000389 843
0.00039 844
0.000391 843
0.000392 843
0.000393 843
0.000394 843
0.000395 843
0.000396 843
0.000397 843
0.000398 843
0.000399 843
0.0004 843
0.000401 843
0.000402 844
0.000403 844
0.000404 844
0.000405 844
0.000406 846
0.000407 846
0.000408 847
0.000409 847
0.00041 847
0.000411 848
0.000412 848
0.000413 848
0.000414 848
0.000415 848
0.000416 849
0.000417 849
0.000418 849
0.000419 849
0.00042 849
0.000421 849
0.000422 850
0.000423 850
0.000424 850
0.000425 850
0.000426 850
0.000427 850
0.000428 850
0.000429 849
0.00043 849
0.000431 851
0.000432 851
0.000433 851
0.000434 851
0.000435 852
0.000436 852
0.000437 853
0.000438 853
0.000439 853
0.00044 854
0.000441 854
0.000442 854
0.000443 855
0.000444 855
0.000445 855
0.000446 855
0.000447 855
0.000448 855
0.000449 854
0.00045 854
0.000451 854
0.000452 854
0.000453 854
0.000454 854
0.000455 854
0.000456 854
0.000457 853
0.000458 853
0.000459 852
0.00046 852
0.000461 853
0.000462 854
0.000463 854
0.000464 854
0.000465 854
0.000466 854
0.000467 854
0.000468 854
0.000469 854
0.00047 854
0.000471 854
0.000472 854
0.000473 854
0.000474 853
0.000475 853
0.000476 853
0.000477 855
0.000478 855
0.000479 855
0.00048 854
0.000481 854
0.000482 854
0.000483 854
0.000484 854
0.000485 854
0.000486 854
0.000487 854
0.000488 854
0.000489 855
0.00049 855
0.000491 855
0.000492 856
0.000493 856
0.000494 856
0.000495 856
0.000496 857
0.000497 857
0.000498 858
0.000499 858
0.0005 858
0.000501 858
0.000502 858
0.000503 858
0.000504 857
0.000505 857
0.000506 857
0.000507 857
0.000508 857
0.000509 857
0.00051 857
0.000511 857
0.000512 857
0.000513 857
0.000514 857
0.000515 857
0.000516 857
0.000517 857
0.000518 857
0.000519 857
0.00052 857
0.000521 858
0.000522 858
0.000523 857
0.000524 857
0.000525 857
0.000526 858
0.000527 858
0.000528 858
0.000529 858
0.00053 858
0.000531 858
0.000532 858
0.000533 858
0.000534 858
0.000535 858
0.000536 858
0.000537 858
0.000538 859
0.000539 859
0.00054 859
0.000541 859
0.000542 859
0.000543 859
0.000544 859
0.000545 859
0.000546 859
0.000547 859
0.000548 860
0.000549 859
0.00055 859
0.000551 859
0.000552 858
0.000553 858
0.000554 858
0.000555 858
0.000556 858
0.000557 857
0.000558 857
0.000559 857
0.00056 858
0.000561 858
0.000562 858
0.000563 859
0.000564 859
0.000565 858
0.000566 858
0.000567 858
0.000568 858
0.000569 859
0.00057 859
0.000571 859
0.000572 859
0.000573 859
0.000574 859
0.000575 859
0.000576 859
0.000577 858
0.000578 858
0.000579 859
0.00058 859
0.000581 859
0.000582 860
0.000583 860
0.000584 860
0.000585 859
0.000586 858
0.000587 857
0.000588 857
0.000589 857
0.00059 857
0.000591 857
0.000592 857
0.000593 857
0.000594 857
0.000595 857
0.000596 857
0.000597 857
0.000598 857
0.000599 857
0.0006 858
0.000601 858
0.000602 857
0.000603 857
0.000604 857
0.000605 858
0.000606 858
0.000607 859
0.000608 859
0.000609 859
0.00061 859
0.000611 859
0.000612 859
0.000613 859
0.000614 859
0.000615 859
0.000616 859
0.000617 859
0.000618 859
0.000619 859
0.00062 859
0.000621 859
0.000622 859
0.000623 859
0.000624 859
0.000625 859
0.000626 859
0.000627 859
0.000628 859
0.000629 859
0.00063 859
0.000631 859
0.000632 859
0.000633 859
0.000634 859
0.000635 859
0.000636 858
0.000637 858
0.000638 858
0.000639 858
0.00064 858
0.000641 857
0.000642 857
0.000643 858
0.000644 858
0.000645 858
0.000646 858
0.000647 858
0.000648 858
0.000649 858
0.00065 858
0.000651 858
0.000652 858
0.000653 858
0.000654 858
0.000655 858
0.000656 858
0.000657 857
0.000658 857
0.000659 857
0.00066 857
0.000661 856
0.000662 856
0.000663 856
0.000664 856
0.000665 856
0.000666 856
0.000667 856
0.000668 856
0.000669 856
0.00067 856
0.000671 855
0.000672 855
0.000673 855
0.000674 855
0.000675 856
0.000676 856
0.000677 856
0.000678 856
0.000679 856
0.00068 857
0.000681 857
0.000682 857
0.000683 857
0.000684 856
0.000685 856
0.000686 856
0.000687 856
0.000688 856
0.000689 856
0.00069 856
0.000691 856
0.000692 856
0.000693 856
0.000694 856
0.000695 856
0.000696 856
0.000697 857
0.000698 857
0.000699 856
0.0007 856
0.000701 856
0.000702 856
0.000703 856
0.000704 856
0.000705 856
0.000706 856
0.000707 856
0.000708 856
0.000709 856
0.00071 856
0.000711 856
0.000712 856
0.000713 856
0.000714 856
0.000715 857
0.000716 856
0.000717 856
0.000718 856
0.000719 855
0.00072 855
0.000721 855
0.000722 855
0.000723 855
0.000724 856
0.000725 856
0.000726 856
0.000727 856
0.000728 856
0.000729 856
0.00073 856
0.000731 856
0.000732 856
0.000733 856
0.000734 856
0.000735 856
0.000736 856
0.000737 856
0.000738 856
0.000739 856
0.00074 856
0.000741 855
0.000742 855
0.000743 855
0.000744 855
0.000745 855
0.000746 854
0.000747 854
0.000748 854
0.000749 854
0.00075 854
0.000751 854
0.000752 853
0.000753 853
0.000754 853
0.000755 853
0.000756 853
0.000757 853
0.000758 853
0.000759 853
0.00076 853
0.000761 853
0.000762 853
0.000763 853
0.000764 853
0.000765 853
0.000766 853
0.000767 853
0.000768 853
0.000769 852
0.00077 852
0.000771 852
0.000772 852
0.000773 852
0.000774 852
0.000775 852
0.000776 853
0.000777 854
0.000778 854
0.000779 853
0.00078 853
0.000781 853
0.000782 853
0.000783 853
0.000784 853
0.000785 853
0.000786 853
0.000787 854
0.000788 854
0.000789 854
0.00079 854
0.000791 853
0.000792 853
0.000793 853
0.000794 853
0.000795 853
0.000796 853
0.000797 853
0.000798 853
0.000799 853
0.0008 853
0.000801 853
0.000802 853
0.000803 853
0.000804 853
0.000805 853
0.000806 853
0.000807 853
0.000808 853
0.000809 853
0.00081 853
0.000811 854
0.000812 854
0.000813 855
0.000814 855
0.000815 855
0.000816 855
0.000817 855
0.000818 855
0.000819 855
0.00082 855
0.000821 855
0.000822 855
0.000823 855
0.000824 855
0.000825 855
0.000826 855
0.000827 855
0.000828 855
0.000829 855
0.00083 855
0.000831 855
0.000832 855
0.000833 855
0.000834 855
0.000835 855
0.000836 855
0.000837 855
0.000838 855
0.000839 855
0.00084 855
0.000841 855
0.000842 855
0.000843 855
0.000844 855
0.000845 855
0.000846 855
0.000847 855
0.000848 855
0.000849 855
0.00085 855
0.000851 855
0.000852 855
0.000853 855
0.000854 855
0.000855 855
0.000856 855
0.000857 855
0.000858 855
0.000859 855
0.00086 855
0.000861 855
0.000862 855
0.000863 855
0.000864 855
0.000865 855
0.000866 855
0.000867 855
0.000868 855
0.000869 854
0.00087 854
0.000871 854
0.000872 854
0.000873 854
0.000874 854
0.000875 854
0.000876 854
0.000877 854
0.000878 854
0.000879 854
0.00088 854
0.000881 854
0.000882 855
0.000883 855
0.000884 855
0.000885 855
0.000886 855
0.000887 855
0.000888 855
0.000889 855
0.00089 855
0.000891 855
0.000892 855
0.000893 855
0.000894 855
0.000895 855
0.000896 855
0.000897 855
0.000898 855
0.000899 855
0.0009 855
0.000901 854
0.000902 854
0.000903 854
0.000904 854
0.000905 854
0.000906 854
0.000907 854
0.000908 854
0.000909 854
0.00091 855
0.000911 855
0.000912 855
0.000913 855
0.000914 855
0.000915 855
0.000916 854
0.000917 854
0.000918 854
0.000919 854
0.00092 854
0.000921 854
0.000922 854
0.000923 854
0.000924 854
0.000925 854
0.000926 855
0.000927 855
0.000928 856
0.000929 856
0.00093 856
0.000931 856
0.000932 856
0.000933 856
0.000934 856
0.000935 856
0.000936 856
0.000937 856
0.000938 856
0.000939 856
0.00094 856
0.000941 856
0.000942 856
0.000943 856
0.000944 856
0.000945 857
0.000946 857
0.000947 857
0.000948 857
0.000949 857
0.00095 857
0.000951 857
0.000952 857
0.000953 857
0.000954 857
0.000955 857
0.000956 857
0.000957 857
0.000958 857
0.000959 857
0.00096 857
0.000961 856
0.000962 856
0.000963 856
0.000964 856
0.000965 856
0.000966 856
0.000967 855
0.000968 855
0.000969 855
0.00097 855
0.000971 855
0.000972 855
0.000973 855
0.000974 857
0.000975 857
0.000976 857
0.000977 857
0.000978 857
0.000979 857
0.00098 857
0.000981 857
0.000982 857
0.000983 857
0.000984 856
0.000985 856
0.000986 856
0.000987 856
0.000988 856
0.000989 856
0.00099 856
0.000991 856
0.000992 856
0.000993 856
0.000994 856
0.000995 856
0.000996 856
0.000997 856
0.000998 856
0.000999 857
0.001 857
0.001001 857
0.001002 858
0.001003 858
0.001004 858
0.001005 858
0.001006 858
0.001007 858
0.001008 858
0.001009 858
0.00101 858
0.001011 858
0.001012 858
0.001013 858
0.001014 858
0.001015 858
0.001016 858
0.001017 858
0.001018 858
0.001019 858
0.00102 858
0.001021 858
0.001022 858
0.001023 858
0.001024 858
0.001025 858
0.001026 858
0.001027 859
0.001028 858
0.001029 858
0.00103 858
0.001031 858
0.001032 858
0.001033 858
0.001034 858
0.001035 858
0.001036 858
0.001037 858
0.001038 858
0.001039 858
0.00104 858
0.001041 858
0.001042 858
0.001043 858
0.001044 858
0.001045 858
0.001046 858
0.001047 858
0.001048 858
0.001049 858
0.00105 858
0.001051 858
0.001052 858
0.001053 858
0.001054 858
0.001055 857
0.001056 857
0.001057 857
0.001058 857
0.001059 857
0.00106 857
0.001061 857
0.001062 857
0.001063 857
0.001064 857
0.001065 857
0.001066 857
0.001067 857
0.001068 857
0.001069 857
0.00107 857
0.001071 857
0.001072 857
0.001073 858
0.001074 858
0.001075 858
0.001076 858
0.001077 858
0.001078 858
0.001079 858
0.00108 858
0.001081 859
0.001082 859
0.001083 859
0.001084 859
0.001085 858
0.001086 858
0.001087 858
0.001088 858
0.001089 858
0.00109 858
0.001091 858
0.001092 858
0.001093 858
0.001094 858
0.001095 858
0.001096 858
0.001097 858
0.001098 858
0.001099 858
0.0011 858
0.001101 859
0.001102 859
0.001103 859
0.001104 859
0.001105 859
0.001106 859
0.001107 859
0.001108 859
0.001109 859
0.00111 859
0.001111 859
0.001112 859
0.001113 858
0.001114 858
0.001115 858
0.001116 858
0.001117 858
0.001118 856
0.001119 856
0.00112 856
0.001121 856
0.001122 856
0.001123 856
0.001124 854
0.001125 854
0.001126 854
0.001127 854
0.001128 854
0.001129 854
0.00113 854
0.001131 853
0.001132 853
0.001133 852
0.001134 852
0.001135 852
0.001136 854
0.001137 854
0.001138 854
0.001139 854
0.00114 854
0.001141 854
0.001142 854
0.001143 854
0.001144 854
0.001145 853
0.001146 853
0.001147 853
0.001148 853
0.001149 853
0.00115 853
0.001151 853
0.001152 853
0.001153 853
0.001154 854
0.001155 853
0.001156 853
0.001157 853
0.001158 853
0.001159 853
0.00116 853
0.001161 854
0.001162 854
0.001163 854
0.001164 854
0.001165 854
0.001166 854
0.001167 854
0.001168 854
0.001169 854
0.00117 854
0.001171 854
0.001172 854
0.001173 854
0.001174 853
0.001175 853
0.001176 853
0.001177 853
0.001178 853
0.001179 853
0.00118 853
0.001181 853
0.001182 853
0.001183 853
0.001184 853
0.001185 853
0.001186 853
0.001187 853
0.001188 853
0.001189 854
0.00119 854
0.001191 854
0.001192 853
0.001193 853
0.001194 853
0.001195 853
0.001196 853
0.001197 853
0.001198 853
0.001199 853
0.0012 853
0.001201 852
0.001202 851
0.001203 851
0.001204 851
0.001205 851
0.001206 851
0.001207 851
0.001208 851
0.001209 851
0.00121 851
0.001211 851
0.001212 851
0.001213 851
0.001214 851
0.001215 851
0.001216 851
0.001217 851
0.001218 851
0.001219 851
0.00122 851
0.001221 851
0.001222 851
0.001223 851
0.001224 851
0.001225 851
0.001226 851
0.001227 851
0.001228 851
0.001229 851
0.00123 851
0.001231 851
0.001232 851
0.001233 852
0.001234 852
0.001235 852
0.001236 852
0.001237 852
0.001238 851
0.001239 851
0.00124 851
0.001241 851
0.001242 851
0.001243 851
0.001244 851
0.001245 851
0.001246 851
0.001247 851
0.001248 851
0.001249 851
0.00125 851
0.001251 851
0.001252 851
0.001253 851
0.001254 851
0.001255 851
0.001256 851
0.001257 851
0.001258 851
0.001259 851
0.00126 851
0.001261 851
0.001262 851
0.001263 850
0.001264 850
0.001265 850
0.001266 851
0.001267 851
0.001268 851
0.001269 851
0.00127 851
0.001271 851
0.001272 852
0.001273 852
0.001274 852
0.001275 851
0.001276 851
0.001277 851
0.001278 851
0.001279 851
0.00128 851
0.001281 851
0.001282 851
0.001283 851
0.001284 851
0.001285 851
0.001286 850
0.001287 850
0.001288 850
0.001289 850
0.00129 849
0.001291 849
0.001292 849
0.001293 849
0.001294 849
0.001295 849
0.001296 850
0.001297 850
0.001298 851
0.001299 851
0.0013 851
0.001301 851
0.001302 851
0.001303 851
0.001304 851
0.001305 851
0.001306 851
0.001307 851
0.001308 851
0.001309 851
0.00131 851
0.001311 851
0.001312 851
0.001313 851
0.001314 851
0.001315 851
0.001316 851
0.001317 850
0.001318 850
0.001319 850
0.00132 851
0.001321 851
0.001322 851
0.001323 851
0.001324 851
0.001325 850
0.001326 851
0.001327 851
0.001328 851
0.001329 851
0.00133 851
0.001331 851
0.001332 851
0.001333 851
0.001334 851
0.001335 851
0.001336 851
0.001337 851
0.001338 851
0.001339 851
0.00134 851
0.001341 851
0.001342 851
0.001343 851
0.001344 851
0.001345 851
0.001346 851
0.001347 851
0.001348 851
0.001349 851
0.00135 850
0.001351 850
0.001352 850
0.001353 850
0.001354 850
0.001355 850
0.001356 850
0.001357 850
0.001358 850
0.001359 850
0.00136 850
0.001361 850
0.001362 850
0.001363 850
0.001364 850
0.001365 850
0.001366 850
0.001367 850
0.001368 850
0.001369 850
0.00137 850
0.001371 849
0.001372 849
0.001373 849
0.001374 849
0.001375 849
0.001376 849
0.001377 849
0.001378 849
0.001379 849
0.00138 848
0.001381 848
0.001382 848
0.001383 848
0.001384 848
0.001385 848
0.001386 848
0.001387 848
0.001388 848
0.001389 848
0.00139 848
0.001391 848
0.001392 848
0.001393 848
0.001394 848
0.001395 849
0.001396 849
0.001397 849
0.001398 848
0.001399 848
0.0014 848
0.001401 848
0.001402 848
0.001403 848
0.001404 848
0.001405 848
0.001406 848
0.001407 848
0.001408 848
0.001409 848
0.00141 848
0.001411 848
0.001412 848
0.001413 848
0.001414 848
0.001415 849
0.001416 849
0.001417 849
0.001418 849
0.001419 849
0.00142 849
0.001421 849
0.001422 849
0.001423 849
0.001424 849
0.001425 850
0.001426 850
0.001427 850
0.001428 850
0.001429 850
0.00143 850
0.001431 850
0.001432 850
0.001433 850
0.001434 850
0.001435 850
0.001436 850
0.001437 850
0.001438 850
0.001439 850
0.00144 850
0.001441 851
0.001442 851
0.001443 851
0.001444 851
0.001445 851
0.001446 851
0.001447 851
0.001448 851
0.001449 851
0.00145 851
0.001451 851
0.001452 851
0.001453 851
0.001454 851
0.001455 851
0.001456 851
0.001457 851
0.001458 851
0.001459 851
0.00146 851
0.001461 851
0.001462 851
0.001463 852
0.001464 852
0.001465 852
0.001466 852
0.001467 852
0.001468 852
0.001469 852
0.00147 852
0.001471 852
0.001472 852
0.001473 852
0.001474 852
0.001475 853
0.001476 853
0.001477 853
0.001478 853
0.001479 853
0.00148 853
0.001481 853
0.001482 853
0.001483 853
0.001484 853
0.001485 853
0.001486 853
0.001487 853
0.001488 853
0.001489 853
0.00149 853
0.001491 853
0.001492 853
0.001493 853
0.001494 853
0.001495 853
0.001496 853
0.001497 853
0.001498 853
0.001499 853
0.0015 853
0.001501 853
0.001502 853
0.001503 853
0.001504 853
0.001505 853
0.001506 853
0.001507 853
0.001508 853
0.001509 853
0.00151 853
0.001511 853
0.001512 853
0.001513 853
0.001514 853
0.001515 853
0.001516 853
0.001517 853
0.001518 853
0.001519 853
0.00152 853
0.001521 853
0.001522 853
0.001523 853
0.001524 853
0.001525 852
0.001526 852
0.001527 852
0.001528 852
0.001529 852
0.00153 852
0.001531 852
0.001532 853
0.001533 853
0.001534 853
0.001535 853
0.001536 853
0.001537 853
0.001538 853
0.001539 853
0.00154 853
0.001541 853
0.001542 853
0.001543 853
0.001544 853
0.001545 853
0.001546 853
0.001547 853
0.001548 853
0.001549 854
0.00155 853
0.001551 853
0.001552 853
0.001553 853
0.001554 853
0.001555 853
0.001556 853
0.001557 853
0.001558 853
0.001559 853
0.00156 853
0.001561 853
0.001562 853
0.001563 853
0.001564 853
0.001565 853
0.001566 852
0.001567 852
0.001568 852
0.001569 852
0.00157 853
0.001571 853
0.001572 853
0.001573 853
0.001574 853
0.001575 853
0.001576 853
0.001577 853
0.001578 854
0.001579 853
0.00158 853
0.001581 852
0.001582 852
0.001583 852
0.001584 852
0.001585 852
0.001586 852
0.001587 852
0.001588 852
0.001589 852
0.00159 852
0.001591 852
0.001592 852
0.001593 852
0.001594 852
0.001595 852
0.001596 852
0.001597 852
0.001598 853
0.001599 853
0.0016 854
0.001601 854
0.001602 854
0.001603 854
0.001604 855
0.001605 855
0.001606 855
0.001607 855
0.001608 855
0.001609 855
0.00161 855
0.001611 855
0.001612 855
0.001613 855
0.001614 855
0.001615 855
0.001616 855
0.001617 855
0.001618 855
0.001619 855
0.00162 855
0.001621 855
0.001622 855
0.001623 855
0.001624 855
0.001625 855
0.001626 855
0.001627 856
0.001628 856
0.001629 856
0.00163 856
0.001631 856
0.001632 856
0.001633 856
0.001634 857
0.001635 857
0.001636 857
0.001637 857
0.001638 857
0.001639 857
0.00164 857
0.001641 857
0.001642 857
0.001643 857
0.001644 857
0.001645 857
0.001646 857
0.001647 857
0.001648 857
0.001649 858
0.00165 858
0.001651 858
0.001652 858
0.001653 859
0.001654 859
0.001655 859
0.001656 859
0.001657 859
0.001658 859
0.001659 859
0.00166 859
0.001661 859
0.001662 859
0.001663 859
0.001664 859
0.001665 859
0.001666 859
0.001667 859
0.001668 860
0.001669 860
0.00167 860
0.001671 860
0.001672 860
0.001673 860
0.001674 860
0.001675 860
0.001676 860
0.001677 861
0.001678 861
0.001679 861
0.00168 861
0.001681 861
0.001682 861
0.001683 861
0.001684 861
0.001685 861
0.001686 861
0.001687 861
0.001688 861
0.001689 861
0.00169 861
0.001691 861
0.001692 861
0.001693 861
0.001694 861
0.001695 861
0.001696 861
0.001697 861
0.001698 861
0.001699 861
0.0017 861
0.001701 861
0.001702 861
0.001703 861
0.001704 861
0.001705 861
0.001706 861
0.001707 861
0.001708 861
0.001709 861
0.00171 861
0.001711 861
0.001712 862
0.001713 862
0.001714 862
0.001715 862
0.001716 862
0.001717 862
0.001718 863
0.001719 863
0.00172 863
0.001721 863
0.001722 863
0.001723 863
0.001724 863
0.001725 863
0.001726 863
0.001727 863
0.001728 863
0.001729 863
0.00173 862
0.001731 862
0.001732 862
0.001733 862
0.001734 862
0.001735 862
0.001736 862
0.001737 863
0.001738 863
0.001739 863
0.00174 863
0.001741 863
0.001742 863
0.001743 863
0.001744 863
0.001745 863
0.001746 863
0.001747 863
0.001748 863
0.001749 863
0.00175 863
0.001751 863
0.001752 863
0.001753 863
0.001754 863
0.001755 863
0.001756 863
0.001757 863
0.001758 863
0.001759 863
0.00176 863
0.001761 863
0.001762 863
0.001763 863
0.001764 863
0.001765 863
0.001766 863
0.001767 864
0.001768 864
0.001769 864
0.00177 864
0.001771 864
0.001772 864
0.001773 864
0.001774 864
0.001775 864
0.001776 864
0.001777 864
0.001778 864
0.001779 864
0.00178 864
0.001781 864
0.001782 864
0.001783 864
0.001784 864
0.001785 864
0.001786 864
0.001787 864
0.001788 864
0.001789 864
0.00179 864
0.001791 864
0.001792 864
0.001793 864
0.001794 864
0.001795 863
0.001796 863
0.001797 864
0.001798 864
0.001799 864
0.0018 864
0.001801 864
0.001802 864
0.001803 864
0.001804 864
0.001805 864
0.001806 863
0.001807 863
0.001808 863
0.001809 863
0.00181 863
0.001811 863
0.001812 863
0.001813 863
0.001814 863
0.001815 863
0.001816 863
0.001817 863
0.001818 863
0.001819 863
0.00182 863
0.001821 863
0.001822 863
0.001823 863
0.001824 863
0.001825 863
0.001826 863
0.001827 863
0.001828 863
0.001829 863
0.00183 863
0.001831 863
0.001832 863
0.001833 863
0.001834 863
0.001835 863
0.001836 863
0.001837 863
0.001838 863
0.001839 863
0.00184 863
0.001841 863
0.001842 864
0.001843 864
0.001844 864
0.001845 864
0.001846 864
0.001847 864
0.001848 864
0.001849 864
0.00185 864
0.001851 864
0.001852 864
0.001853 864
0.001854 864
0.001855 864
0.001856 865
0.001857 864
0.001858 864
0.001859 864
0.00186 864
0.001861 864
0.001862 864
0.001863 864
0.001864 864
0.001865 864
0.001866 864
0.001867 864
0.001868 864
0.001869 864
0.00187 864
0.001871 864
0.001872 864
0.001873 864
0.001874 863
0.001875 863
0.001876 863
0.001877 864
0.001878 864
0.001879 864
0.00188 864
0.001881 864
0.001882 865
0.001883 865
0.001884 865
0.001885 865
0.001886 865
0.001887 865
0.001888 865
0.001889 865
0.00189 864
0.001891 864
0.001892 864
0.001893 864
0.001894 864
0.001895 864
0.001896 864
0.001897 864
0.001898 864
0.001899 864
0.0019 864
0.001901 864
0.001902 864
0.001903 864
0.001904 864
0.001905 864
0.001906 864
0.001907 864
0.001908 864
0.001909 864
0.00191 864
0.001911 865
0.001912 865
0.001913 865
0.001914 865
0.001915 865
0.001916 865
0.001917 865
0.001918 865
0.001919 865
0.00192 865
0.001921 865
0.001922 865
0.001923 865
0.001924 865
0.001925 865
0.001926 865
0.001927 865
0.001928 865
0.001929 865
0.00193 865
0.001931 865
0.001932 864
0.001933 864
0.001934 864
0.001935 864
0.001936 865
0.001937 865
0.001938 866
0.001939 866
0.00194 866
0.001941 866
0.001942 866
0.001943 866
0.001944 866
0.001945 866
0.001946 866
0.001947 866
0.001948 866
0.001949 866
0.00195 865
0.001951 865
0.001952 865
0.001953 865
0.001954 865
0.001955 865
0.001956 865
0.001957 865
0.001958 865
0.001959 867
0.00196 867
0.001961 867
0.001962 867
0.001963 867
0.001964 867
0.001965 867
0.001966 867
0.001967 867
0.001968 867
0.001969 867
0.00197 866
0.001971 866
0.001972 866
0.001973 866
0.001974 866
0.001975 867
0.001976 867
0.001977 867
0.001978 867
0.001979 867
0.00198 867
0.001981 868
0.001982 868
0.001983 868
0.001984 868
0.001985 868
0.001986 868
0.001987 868
0.001988 868
0.001989 868
0.00199 868
0.001991 868
0.001992 868
0.001993 868
0.001994 868
0.001995 868
0.001996 868
0.001997 868
0.001998 868
0.001999 868
0.002 869
0.002001 869
0.002002 869
0.002003 869
0.002004 869
0.002005 870
0.002006 871
0.002007 871
0.002008 871
0.002009 871
0.00201 871
0.002011 871
0.002012 871
0.002013 871
0.002014 871
0.002015 871
0.002016 871
0.002017 871
0.002018 871
0.002019 871
0.00202 871
0.002021 871
0.002022 871
0.002023 871
0.002024 870
0.002025 870
0.002026 870
0.002027 870
0.002028 870
0.002029 870
0.00203 870
0.002031 870
0.002032 870
0.002033 870
0.002034 870
0.002035 870
0.002036 871
0.002037 871
0.002038 871
0.002039 871
0.00204 871
0.002041 871
0.002042 871
0.002043 871
0.002044 871
0.002045 871
0.002046 871
0.002047 871
0.002048 871
0.002049 871
0.00205 871
0.002051 871
0.002052 871
0.002053 871
0.002054 871
0.002055 871
0.002056 871
0.002057 871
0.002058 871
0.002059 871
0.00206 871
0.002061 871
0.002062 871
0.002063 871
0.002064 871
0.002065 871
0.002066 872
0.002067 872
0.002068 872
0.002069 872
0.00207 872
0.002071 872
0.002072 873
0.002073 873
0.002074 873
0.002075 873
0.002076 873
0.002077 873
0.002078 873
0.002079 873
0.00208 873
0.002081 874
0.002082 874
0.002083 874
0.002084 874
0.002085 874
0.002086 874
0.002087 874
0.002088 874
0.002089 874
0.00209 874
0.002091 874
0.002092 874
0.002093 874
0.002094 875
0.002095 875
0.002096 875
0.002097 875
0.002098 875
0.002099 876
0.0021 876
0.002101 876
0.002102 876
0.002103 875
0.002104 875
0.002105 875
0.002106 875
0.002107 875
0.002108 875
0.002109 874
0.00211 874
0.002111 874
0.002112 874
0.002113 874
0.002114 874
0.002115 874
0.002116 874
0.002117 874
0.002118 874
0.002119 874
0.00212 874
0.002121 874
0.002122 874
0.002123 874
0.002124 874
0.002125 874
0.002126 874
0.002127 874
0.002128 874
0.002129 874
0.00213 874
0.002131 874
0.002132 874
0.002133 874
0.002134 874
0.002135 874
0.002136 874
0.002137 874
0.002138 874
0.002139 874
0.00214 874
0.002141 874
0.002142 874
0.002143 874
0.002144 874
0.002145 874
0.002146 874
0.002147 874
0.002148 874
0.002149 874
0.00215 874
0.002151 874
0.002152 874
0.002153 874
0.002154 874
0.002155 874
0.002156 874
0.002157 874
0.002158 874
0.002159 874
0.00216 874
0.002161 874
0.002162 874
0.002163 874
0.002164 874
0.002165 874
0.002166 874
0.002167 874
0.002168 874
0.002169 874
0.00217 874
0.002171 874
0.002172 874
0.002173 874
0.002174 874
0.002175 874
0.002176 874
0.002177 874
0.002178 874
0.002179 874
0.00218 874
0.002181 874
0.002182 874
0.002183 874
0.002184 874
0.002185 874
0.002186 874
0.002187 874
0.002188 874
0.002189 874
0.00219 874
0.002191 874
0.002192 874
0.002193 874
0.002194 874
0.002195 874
0.002196 874
0.002197 874
0.002198 874
0.002199 874
0.0022 874
0.002201 874
0.002202 874
0.002203 874
0.002204 874
0.002205 874
0.002206 873
0.002207 873
0.002208 873
0.002209 873
0.00221 874
0.002211 874
0.002212 874
0.002213 874
0.002214 874
0.002215 874
0.002216 874
0.002217 874
0.002218 874
0.002219 874
0.00222 874
0.002221 874
0.002222 874
0.002223 873
0.002224 873
0.002225 873
0.002226 873
0.002227 872
0.002228 872
0.002229 872
0.00223 872
0.002231 872
0.002232 872
0.002233 872
0.002234 872
0.002235 872
0.002236 872
0.002237 872
0.002238 872
0.002239 873
0.00224 873
0.002241 873
0.002242 873
0.002243 874
0.002244 873
0.002245 873
0.002246 873
0.002247 873
0.002248 873
0.002249 873
0.00225 873
0.002251 873
0.002252 873
0.002253 873
0.002254 873
0.002255 873
0.002256 873
0.002257 874
0.002258 874
0.002259 874
0.00226 874
0.002261 874
0.002262 874
0.002263 874
0.002264 874
0.002265 874
0.002266 874
0.002267 874
0.002268 874
0.002269 874
0.00227 873
0.002271 873
0.002272 873
0.002273 873
0.002274 873
0.002275 873
0.002276 873
0.002277 873
0.002278 873
0.002279 873
0.00228 873
0.002281 873
0.002282 874
0.002283 874
0.002284 874
0.002285 874
0.002286 874
0.002287 874
0.002288 873
0.002289 873
0.00229 873
0.002291 873
0.002292 873
0.002293 873
0.002294 874
0.002295 874
0.002296 874
0.002297 874
0.002298 874
0.002299 874
0.0023 874
0.002301 874
0.002302 874
0.002303 874
0.002304 874
0.002305 874
0.002306 874
0.002307 874
0.002308 874
0.002309 874
0.00231 874
0.002311 873
0.002312 873
0.002313 873
0.002314 873
0.002315 873
0.002316 873
0.002317 873
0.002318 873
0.002319 873
0.00232 873
0.002321 873
0.002322 873
0.002323 873
0.002324 873
0.002325 873
0.002326 873
0.002327 873
0.002328 873
0.002329 873
0.00233 873
0.002331 873
0.002332 873
0.002333 873
0.002334 873
0.002335 873
0.002336 873
0.002337 873
0.002338 873
0.002339 873
0.00234 873
0.002341 873
0.002342 873
0.002343 873
0.002344 873
0.002345 873
0.002346 873
0.002347 873
0.002348 873
0.002349 873
0.00235 873
0.002351 873
0.002352 872
0.002353 872
0.002354 872
0.002355 872
0.002356 872
0.002357 872
0.002358 872
0.002359 872
0.00236 872
0.002361 872
0.002362 872
0.002363 872
0.002364 872
0.002365 872
0.002366 872
0.002367 872
0.002368 872
0.002369 872
0.00237 872
0.002371 872
0.002372 872
0.002373 872
0.002374 871
0.002375 871
0.002376 871
0.002377 871
0.002378 871
0.002379 871
0.00238 871
0.002381 871
0.002382 871
0.002383 872
0.002384 872
0.002385 872
0.002386 872
0.002387 872
0.002388 872
0.002389 872
0.00239 872
0.002391 872
0.002392 872
0.002393 872
0.002394 872
0.002395 872
0.002396 872
0.002397 872
0.002398 873
0.002399 873
0.0024 873
0.002401 873
0.002402 873
0.002403 873
0.002404 873
0.002405 873
0.002406 873
0.002407 874
0.002408 874
0.002409 874
0.00241 874
0.002411 874
0.002412 873
0.002413 874
0.002414 874
0.002415 874
0.002416 874
0.002417 874
0.002418 874
0.002419 874
0.00242 874
0.002421 874
0.002422 874
0.002423 874
0.002424 875
0.002425 875
0.002426 875
0.002427 875
0.002428 875
0.002429 875
0.00243 875
0.002431 875
0.002432 875
0.002433 875
0.002434 875
0.002435 875
0.002436 875
0.002437 875
0.002438 875
0.002439 875
0.00244 875
0.002441 875
0.002442 875
0.002443 875
0.002444 875
0.002445 874
0.002446 874
0.002447 874
0.002448 874
0.002449 874
0.00245 874
0.002451 873
0.002452 873
0.002453 873
0.002454 873
0.002455 873
0.002456 873
0.002457 873
0.002458 873
0.002459 873
0.00246 873
0.002461 873
0.002462 873
0.002463 873
0.002464 873
0.002465 873
0.002466 873
0.002467 873
0.002468 873
0.002469 873
0.00247 873
0.002471 873
0.002472 873
0.002473 873
0.002474 873
0.002475 873
0.002476 873
0.002477 873
0.002478 873
0.002479 873
0.00248 873
0.002481 873
0.002482 873
0.002483 873
0.002484 873
0.002485 873
0.002486 873
0.002487 873
0.002488 873
0.002489 873
0.00249 874
0.002491 874
0.002492 874
0.002493 874
0.002494 874
0.002495 874
0.002496 874
0.002497 874
0.002498 873
0.002499 873
0.0025 873
0.002501 871
0.002502 871
0.002503 871
0.002504 871
0.002505 871
0.002506 871
0.002507 871
0.002508 872
0.002509 872
0.00251 872
0.002511 873
0.002512 873
0.002513 873
0.002514 873
0.002515 873
0.002516 873
0.002517 873
0.002518 873
0.002519 873
0.00252 873
0.002521 873
0.002522 873
0.002523 873
0.002524 873
0.002525 873
0.002526 873
0.002527 873
0.002528 873
0.002529 873
0.00253 873
0.002531 873
0.002532 873
0.002533 873
0.002534 873
0.002535 873
0.002536 873
0.002537 873
0.002538 873
0.002539 873
0.00254 873
0.002541 873
0.002542 873
0.002543 873
0.002544 873
0.002545 873
0.002546 873
0.002547 873
0.002548 873
0.002549 874
0.00255 874
0.002551 874
0.002552 874
0.002553 874
0.002554 874
0.002555 874
0.002556 874
0.002557 874
0.002558 874
0.002559 874
0.00256 874
0.002561 874
0.002562 874
0.002563 874
0.002564 873
0.002565 873
0.002566 873
0.002567 873
0.002568 873
0.002569 873
0.00257 873
0.002571 873
0.002572 873
0.002573 873
0.002574 873
0.002575 873
0.002576 873
0.002577 872
0.002578 872
0.002579 872
0.00258 872
0.002581 872
0.002582 872
0.002583 872
0.002584 872
0.002585 872
0.002586 872
0.002587 872
0.002588 872
0.002589 872
0.00259 871
0.002591 871
0.002592 870
0.002593 870
0.002594 870
0.002595 871
0.002596 871
0.002597 871
0.002598 870
0.002599 870
0.0026 870
0.002601 870
0.002602 870
0.002603 870
0.002604 870
0.002605 870
0.002606 870
0.002607 870
0.002608 870
0.002609 870
0.00261 870
0.002611 870
0.002612 870
0.002613 870
0.002614 870
0.002615 870
0.002616 870
0.002617 870
0.002618 870
0.002619 870
0.00262 870
0.002621 870
0.002622 870
0.002623 870
0.002624 870
0.002625 870
0.002626 870
0.002627 870
0.002628 870
0.002629 869
0.00263 869
0.002631 869
0.002632 869
0.002633 869
0.002634 870
0.002635 870
0.002636 870
0.002637 870
0.002638 870
0.002639 871
0.00264 871
0.002641 871
0.002642 871
0.002643 871
0.002644 871
0.002645 871
0.002646 871
0.002647 871
0.002648 871
0.002649 871
0.00265 871
0.002651 871
0.002652 872
0.002653 872
0.002654 872
0.002655 872
0.002656 872
0.002657 872
0.002658 872
0.002659 872
0.00266 872
0.002661 872
0.002662 872
0.002663 872
0.002664 872
0.002665 872
0.002666 872
0.002667 872
0.002668 872
0.002669 872
0.00267 872
0.002671 871
0.002672 871
0.002673 871
0.002674 871
0.002675 871
0.002676 871
0.002677 871
0.002678 871
0.002679 871
0.00268 871
0.002681 871
0.002682 871
0.002683 871
0.002684 871
0.002685 871
0.002686 871
0.002687 871
0.002688 871
0.002689 871
0.00269 871
0.002691 871
0.002692 871
0.002693 871
0.002694 871
0.002695 871
0.002696 871
0.002697 871
0.002698 871
0.002699 871
0.0027 871
0.002701 871
0.002702 871
0.002703 871
0.002704 871
0.002705 871
0.002706 871
0.002707 871
0.002708 871
0.002709 871
0.00271 871
0.002711 871
0.002712 870
0.002713 870
0.002714 870
0.002715 870
0.002716 871
0.002717 871
0.002718 871
0.002719 871
0.00272 871
0.002721 871
0.002722 871
0.002723 871
0.002724 871
0.002725 871
0.002726 871
0.002727 871
0.002728 872
0.002729 872
0.00273 871
0.002731 871
0.002732 872
0.002733 872
0.002734 872
0.002735 873
0.002736 873
0.002737 873
0.002738 873
0.002739 873
0.00274 873
0.002741 873
0.002742 873
0.002743 873
0.002744 873
0.002745 873
0.002746 873
0.002747 875
0.002748 874
0.002749 874
0.00275 874
0.002751 874
0.002752 874
0.002753 874
0.002754 874
0.002755 873
0.002756 873
0.002757 873
0.002758 873
0.002759 873
0.00276 873
0.002761 873
0.002762 873
0.002763 873
0.002764 873
0.002765 873
0.002766 873
0.002767 874
0.002768 873
0.002769 873
0.00277 873
0.002771 873
0.002772 873
0.002773 873
0.002774 873
0.002775 873
0.002776 873
0.002777 873
0.002778 873
0.002779 873
0.00278 873
0.002781 873
0.002782 873
0.002783 873
0.002784 873
0.002785 873
0.002786 873
0.002787 874
0.002788 874
0.002789 874
0.00279 874
0.002791 874
0.002792 874
0.002793 874
0.002794 874
0.002795 874
0.002796 874
0.002797 874
0.002798 875
0.002799 875
0.0028 875
0.002801 875
0.002802 875
0.002803 875
0.002804 876
0.002805 876
0.002806 876
0.002807 876
0.002808 876
0.002809 876
0.00281 876
0.002811 876
0.002812 876
0.002813 876
0.002814 876
0.002815 876
0.002816 876
0.002817 876
0.002818 876
0.002819 876
0.00282 876
0.002821 876
0.002822 875
0.002823 875
0.002824 875
0.002825 875
0.002826 875
0.002827 875
0.002828 875
0.002829 875
0.00283 875
0.002831 875
0.002832 874
0.002833 874
0.002834 874
0.002835 874
0.002836 874
0.002837 874
0.002838 874
0.002839 874
0.00284 874
0.002841 874
0.002842 874
0.002843 874
0.002844 874
0.002845 873
0.002846 873
0.002847 873
0.002848 873
0.002849 873
0.00285 873
0.002851 873
0.002852 873
0.002853 873
0.002854 872
0.002855 872
0.002856 872
0.002857 872
0.002858 872
0.002859 872
0.00286 872
0.002861 872
0.002862 872
0.002863 872
0.002864 872
0.002865 872
0.002866 872
0.002867 871
0.002868 871
0.002869 871
0.00287 871
0.002871 870
0.002872 870
0.002873 870
0.002874 870
0.002875 870
0.002876 871
0.002877 872
0.002878 872
0.002879 872
0.00288 872
0.002881 872
0.002882 872
0.002883 872
0.002884 872
0.002885 872
0.002886 872
0.002887 872
0.002888 872
0.002889 872
0.00289 872
0.002891 872
0.002892 872
0.002893 872
0.002894 872
0.002895 872
0.002896 872
0.002897 872
0.002898 872
0.002899 872
0.0029 872
0.002901 872
0.002902 872
0.002903 872
0.002904 872
0.002905 872
0.002906 872
0.002907 872
0.002908 872
0.002909 872
0.00291 872
0.002911 872
0.002912 872
0.002913 872
0.002914 872
0.002915 872
0.002916 872
0.002917 872
0.002918 872
0.002919 872
0.00292 872
0.002921 872
0.002922 872
0.002923 872
0.002924 872
0.002925 872
0.002926 872
0.002927 872
0.002928 872
0.002929 872
0.00293 872
0.002931 871
0.002932 871
0.002933 871
0.002934 871
0.002935 871
0.002936 871
0.002937 871
0.002938 871
0.002939 871
0.00294 871
0.002941 871
0.002942 871
0.002943 871
0.002944 871
0.002945 871
0.002946 871
0.002947 871
0.002948 871
0.002949 871
0.00295 871
0.002951 871
0.002952 871
0.002953 871
0.002954 871
0.002955 871
0.002956 871
0.002957 871
0.002958 871
0.002959 871
0.00296 871
0.002961 871
0.002962 871
0.002963 871
0.002964 871
0.002965 872
0.002966 872
0.002967 872
0.002968 872
0.002969 873
0.00297 873
0.002971 873
0.002972 873
0.002973 873
0.002974 873
0.002975 873
0.002976 873
0.002977 874
0.002978 874
0.002979 874
0.00298 875
0.002981 875
0.002982 875
0.002983 875
0.002984 875
0.002985 875
0.002986 876
0.002987 876
0.002988 876
0.002989 876
0.00299 876
0.002991 876
0.002992 876
0.002993 876
0.002994 876
0.002995 876
0.002996 877
0.002997 877
0.002998 877
0.002999 877
0.003 877
0.003001 877
0.003002 876
0.003003 876
0.003004 876
0.003005 876
0.003006 876
0.003007 876
0.003008 876
0.003009 876
0.00301 876
0.003011 876
0.003012 876
0.003013 876
0.003014 876
0.003015 876
0.003016 876
0.003017 876
0.003018 876
0.003019 876
0.00302 876
0.003021 876
0.003022 876
0.003023 876
0.003024 876
0.003025 875
0.003026 875
0.003027 875
0.003028 875
0.003029 875
0.00303 875
0.003031 875
0.003032 875
0.003033 875
0.003034 875
0.003035 876
0.003036 876
0.003037 876
0.003038 876
0.003039 876
0.00304 875
0.003041 875
0.003042 875
0.003043 875
0.003044 875
0.003045 876
0.003046 876
0.003047 876
0.003048 876
0.003049 876
0.00305 876
0.003051 876
0.003052 876
0.003053 876
0.003054 876
0.003055 876
0.003056 876
0.003057 877
0.003058 877
0.003059 877
0.00306 877
0.003061 877
0.003062 877
0.003063 877
0.003064 877
0.003065 878
0.003066 878
0.003067 878
0.003068 880
0.003069 880
0.00307 880
0.003071 880
0.003072 880
0.003073 880
0.003074 880
0.003075 881
0.003076 881
0.003077 881
0.003078 882
0.003079 882
0.00308 882
0.003081 882
0.003082 882
0.003083 882
0.003084 882
0.003085 881
0.003086 881
0.003087 881
0.003088 881
0.003089 881
0.00309 881
0.003091 881
0.003092 881
0.003093 881
0.003094 881
0.003095 881
0.003096 881
0.003097 881
0.003098 881
0.003099 881
0.0031 881
0.003101 881
0.003102 881
0.003103 881
0.003104 881
0.003105 882
0.003106 882
0.003107 883
0.003108 883
0.003109 883
0.00311 883
0.003111 883
0.003112 883
0.003113 883
0.003114 883
0.003115 883
0.003116 883
0.003117 884
0.003118 884
0.003119 884
0.00312 884
0.003121 884
0.003122 884
0.003123 884
0.003124 884
0.003125 884
0.003126 884
0.003127 884
0.003128 884
0.003129 884
0.00313 884
0.003131 884
0.003132 884
0.003133 884
0.003134 884
0.003135 884
0.003136 884
0.003137 884
0.003138 884
0.003139 884
0.00314 884
0.003141 884
0.003142 884
0.003143 884
0.003144 884
0.003145 884
0.003146 884
0.003147 884
0.003148 884
0.003149 884
0.00315 884
0.003151 884
0.003152 885
0.003153 885
0.003154 885
0.003155 885
0.003156 885
0.003157 885
0.003158 885
0.003159 885
0.00316 885
0.003161 885
0.003162 885
0.003163 885
0.003164 885
0.003165 885
0.003166 885
0.003167 885
0.003168 885
0.003169 885
0.00317 885
0.003171 885
0.003172 885
0.003173 885
0.003174 885
0.003175 885
0.003176 885
0.003177 885
0.003178 885
0.003179 885
0.00318 885
0.003181 885
0.003182 885
0.003183 885
0.003184 885
0.003185 885
0.003186 884
0.003187 884
0.003188 884
0.003189 884
0.00319 884
0.003191 884
0.003192 884
0.003193 884
0.003194 884
0.003195 884
0.003196 884
0.003197 884
0.003198 884
0.003199 884
0.0032 884
0.003201 884
0.003202 884
0.003203 884
0.003204 884
0.003205 884
0.003206 884
0.003207 884
0.003208 884
0.003209 884
0.00321 884
0.003211 884
0.003212 884
0.003213 884
0.003214 884
0.003215 884
0.003216 884
0.003217 884
0.003218 884
0.003219 884
0.00322 884
0.003221 884
0.003222 884
0.003223 884
0.003224 884
0.003225 884
0.003226 884
0.003227 884
0.003228 884
0.003229 884
0.00323 884
0.003231 884
0.003232 884
0.003233 884
0.003234 883
0.003235 883
0.003236 883
0.003237 883
0.003238 883
0.003239 883
0.00324 883
0.003241 883
0.003242 883
0.003243 883
0.003244 883
0.003245 883
0.003246 883
0.003247 883
0.003248 883
0.003249 883
0.00325 883
0.003251 882
0.003252 882
0.003253 882
0.003254 882
0.003255 882
0.003256 882
0.003257 882
0.003258 882
0.003259 882
0.00326 882
0.003261 882
0.003262 882
0.003263 882
0.003264 882
0.003265 882
0.003266 882
0.003267 882
0.003268 882
0.003269 882
0.00327 882
0.003271 882
0.003272 882
0.003273 881
0.003274 880
0.003275 879
0.003276 879
0.003277 879
0.003278 879
0.003279 879
0.00328 879
0.003281 879
0.003282 879
0.003283 879
0.003284 879
0.003285 879
0.003286 879
0.003287 879
0.003288 879
0.003289 879
0.00329 879
0.003291 879
0.003292 879
0.003293 879
0.003294 879
0.003295 878
0.003296 878
0.003297 878
0.003298 878
0.003299 878
0.0033 878
0.003301 878
0.003302 878
0.003303 878
0.003304 878
0.003305 878
0.003306 878
0.003307 878
0.003308 879
0.003309 879
0.00331 879
0.003311 879
0.003312 879
0.003313 879
0.003314 879
0.003315 879
0.003316 879
0.003317 879
0.003318 878
0.003319 878
0.00332 878
0.003321 878
0.003322 877
0.003323 877
0.003324 877
0.003325 877
0.003326 878
0.003327 878
0.003328 878
0.003329 879
0.00333 879
0.003331 879
0.003332 879
0.003333 880
0.003334 880
0.003335 880
0.003336 879
0.003337 879
0.003338 879
0.003339 878
0.00334 878
0.003341 878
0.003342 879
0.003343 879
0.003344 879
0.003345 879
0.003346 879
0.003347 879
0.003348 879
0.003349 879
0.00335 879
0.003351 878
0.003352 878
0.003353 879
0.003354 879
0.003355 879
0.003356 879
0.003357 879
0.003358 879
0.003359 879
0.00336 879
0.003361 879
0.003362 879
0.003363 879
0.003364 879
0.003365 879
0.003366 879
0.003367 880
0.003368 880
0.003369 880
0.00337 880
0.003371 879
0.003372 879
0.003373 879
0.003374 879
0.003375 879
0.003376 879
0.003377 880
0.003378 880
0.003379 880
0.00338 880
0.003381 880
0.003382 880
0.003383 880
0.003384 880
0.003385 880
0.003386 880
0.003387 880
0.003388 880
0.003389 880
0.00339 880
0.003391 880
0.003392 880
0.003393 880
0.003394 880
0.003395 879
0.003396 879
0.003397 879
0.003398 879
0.003399 879
0.0034 879
0.003401 879
0.003402 879
0.003403 879
0.003404 879
0.003405 879
0.003406 879
0.003407 879
0.003408 879
0.003409 879
0.00341 879
0.003411 879
0.003412 879
0.003413 879
0.003414 879
0.003415 879
0.003416 880
0.003417 880
0.003418 880
0.003419 880
0.00342 880
0.003421 880
0.003422 880
0.003423 880
0.003424 880
0.003425 880
0.003426 880
0.003427 880
0.003428 880
0.003429 880
0.00343 880
0.003431 880
0.003432 880
0.003433 880
0.003434 880
0.003435 880
0.003436 880
0.003437 880
0.003438 880
0.003439 880
0.00344 880
0.003441 880
0.003442 880
0.003443 880
0.003444 880
0.003445 880
0.003446 880
0.003447 880
0.003448 880
0.003449 880
0.00345 880
0.003451 880
0.003452 880
0.003453 881
0.003454 881
0.003455 881
0.003456 881
0.003457 881
0.003458 881
0.003459 881
0.00346 881
0.003461 881
0.003462 881
0.003463 881
0.003464 880
0.003465 880
0.003466 880
0.003467 880
0.003468 880
0.003469 880
0.00347 880
0.003471 880
0.003472 880
0.003473 880
0.003474 880
0.003475 880
0.003476 879
0.003477 879
0.003478 879
0.003479 879
0.00348 879
0.003481 879
0.003482 879
0.003483 879
0.003484 879
0.003485 879
0.003486 879
0.003487 879
0.003488 879
0.003489 879
0.00349 879
0.003491 879
0.003492 879
0.003493 879
0.003494 879
0.003495 879
0.003496 879
0.003497 879
0.003498 879
0.003499 879
0.0035 879
0.003501 879
0.003502 879
0.003503 879
0.003504 879
0.003505 879
0.003506 879
0.003507 879
0.003508 879
0.003509 879
0.00351 879
0.003511 879
0.003512 879
0.003513 879
0.003514 879
0.003515 879
0.003516 879
0.003517 879
0.003518 879
0.003519 879
0.00352 879
0.003521 879
0.003522 879
0.003523 879
0.003524 879
0.003525 877
0.003526 877
0.003527 877
0.003528 877
0.003529 877
0.00353 877
0.003531 877
0.003532 877
0.003533 877
0.003534 877
0.003535 877
0.003536 877
0.003537 877
0.003538 877
0.003539 877
0.00354 878
0.003541 877
0.003542 877
0.003543 877
0.003544 877
0.003545 877
0.003546 877
0.003547 877
0.003548 877
0.003549 877
0.00355 877
0.003551 877
0.003552 876
0.003553 876
0.003554 876
0.003555 876
0.003556 876
0.003557 876
0.003558 876
0.003559 876
0.00356 876
0.003561 876
0.003562 876
0.003563 875
0.003564 875
0.003565 875
0.003566 875
0.003567 875
0.003568 875
0.003569 875
0.00357 875
0.003571 875
0.003572 875
0.003573 875
0.003574 875
0.003575 875
0.003576 875
0.003577 875
0.003578 875
0.003579 875
0.00358 875
0.003581 875
0.003582 875
0.003583 875
0.003584 876
0.003585 876
0.003586 876
0.003587 876
0.003588 876
0.003589 876
0.00359 876
0.003591 876
0.003592 876
0.003593 875
0.003594 875
0.003595 875
0.003596 876
0.003597 876
0.003598 877
0.003599 877
0.0036 877
0.003601 877
0.003602 877
0.003603 877
0.003604 877
0.003605 877
0.003606 877
0.003607 877
0.003608 877
0.003609 877
0.00361 877
0.003611 877
0.003612 877
0.003613 876
0.003614 876
0.003615 876
0.003616 876
0.003617 876
0.003618 876
0.003619 876
0.00362 876
0.003621 876
0.003622 876
0.003623 876
0.003624 876
0.003625 876
0.003626 876
0.003627 876
0.003628 876
0.003629 876
0.00363 876
0.003631 876
0.003632 876
0.003633 876
0.003634 876
0.003635 876
0.003636 876
0.003637 876
0.003638 876
0.003639 876
0.00364 876
0.003641 876
0.003642 876
0.003643 876
0.003644 876
0.003645 876
0.003646 876
0.003647 876
0.003648 876
0.003649 876
0.00365 876
0.003651 876
0.003652 876
0.003653 876
0.003654 876
0.003655 876
0.003656 876
0.003657 877
0.003658 877
0.003659 876
0.00366 876
0.003661 876
0.003662 876
0.003663 877
0.003664 877
0.003665 877
0.003666 877
0.003667 877
0.003668 877
0.003669 877
0.00367 877
0.003671 877
0.003672 877
0.003673 877
0.003674 877
0.003675 877
0.003676 877
0.003677 877
0.003678 878
0.003679 878
0.00368 879
0.003681 880
0.003682 880
0.003683 879
0.003684 879
0.003685 879
0.003686 878
0.003687 878
0.003688 878
0.003689 878
0.00369 878
0.003691 878
0.003692 878
0.003693 879
0.003694 879
0.003695 879
0.003696 879
0.003697 879
0.003698 879
0.003699 879
0.0037 879
0.003701 878
0.003702 878
0.003703 879
0.003704 879
0.003705 879
0.003706 879
0.003707 879
0.003708 880
0.003709 880
0.00371 880
0.003711 880
0.003712 880
0.003713 880
0.003714 880
0.003715 880
0.003716 880
0.003717 880
0.003718 881
0.003719 881
0.00372 881
0.003721 881
0.003722 881
0.003723 881
0.003724 881
0.003725 881
0.003726 881
0.003727 881
0.003728 881
0.003729 881
0.00373 881
0.003731 882
0.003732 882
0.003733 882
0.003734 882
0.003735 882
0.003736 882
0.003737 882
0.003738 882
0.003739 882
0.00374 882
0.003741 882
0.003742 882
0.003743 882
0.003744 882
0.003745 882
0.003746 882
0.003747 882
0.003748 882
0.003749 882
0.00375 882
0.003751 882
0.003752 882
0.003753 882
0.003754 882
0.003755 882
0.003756 882
0.003757 882
0.003758 882
0.003759 882
0.00376 882
0.003761 882
0.003762 882
0.003763 882
0.003764 882
0.003765 882
0.003766 882
0.003767 882
0.003768 882
0.003769 882
0.00377 882
0.003771 882
0.003772 882
0.003773 882
0.003774 882
0.003775 882
0.003776 882
0.003777 882
0.003778 882
0.003779 882
0.00378 882
0.003781 882
0.003782 883
0.003783 883
0.003784 883
0.003785 883
0.003786 883
0.003787 883
0.003788 883
0.003789 883
0.00379 883
0.003791 884
0.003792 884
0.003793 884
0.003794 884
0.003795 884
0.003796 884
0.003797 884
0.003798 885
0.003799 886
0.0038 886
0.003801 886
0.003802 886
0.003803 886
0.003804 886
0.003805 885
0.003806 885
0.003807 885
0.003808 884
0.003809 884
0.00381 884
0.003811 884
0.003812 884
0.003813 884
0.003814 884
0.003815 884
0.003816 885
0.003817 886
0.003818 886
0.003819 886
0.00382 886
0.003821 886
0.003822 886
0.003823 886
0.003824 886
0.003825 886
0.003826 886
0.003827 886
0.003828 886
0.003829 886
0.00383 886
0.003831 886
0.003832 885
0.003833 885
0.003834 885
0.003835 885
0.003836 885
0.003837 885
0.003838 885
0.003839 885
0.00384 885
0.003841 885
0.003842 885
0.003843 885
0.003844 885
0.003845 885
0.003846 885
0.003847 885
0.003848 885
0.003849 885
0.00385 885
0.003851 885
0.003852 885
0.003853 885
0.003854 885
0.003855 885
0.003856 885
0.003857 885
0.003858 885
0.003859 885
0.00386 885
0.003861 885
0.003862 885
0.003863 884
0.003864 883
0.003865 882
0.003866 882
0.003867 882
0.003868 882
0.003869 882
0.00387 882
0.003871 883
0.003872 882
0.003873 882
0.003874 882
0.003875 882
0.003876 882
0.003877 882
0.003878 882
0.003879 882
0.00388 882
0.003881 883
0.003882 883
0.003883 883
0.003884 883
0.003885 883
0.003886 883
0.003887 884
0.003888 884
0.003889 884
0.00389 884
0.003891 884
0.003892 884
0.003893 884
0.003894 884
0.003895 884
0.003896 884
0.003897 884
0.003898 884
0.003899 883
0.0039 883
0.003901 883
0.003902 884
0.003903 884
0.003904 884
0.003905 884
0.003906 884
0.003907 884
0.003908 884
0.003909 884
0.00391 884
0.003911 884
0.003912 884
0.003913 884
0.003914 884
0.003915 884
0.003916 884
0.003917 884
0.003918 884
0.003919 884
0.00392 885
0.003921 885
0.003922 885
0.003923 885
0.003924 885
0.003925 884
0.003926 884
0.003927 884
0.003928 884
0.003929 884
0.00393 884
0.003931 884
0.003932 884
0.003933 884
0.003934 884
0.003935 884
0.003936 884
0.003937 884
0.003938 884
0.003939 884
0.00394 884
0.003941 884
0.003942 884
0.003943 884
0.003944 883
0.003945 883
0.003946 883
0.003947 883
0.003948 883
0.003949 883
0.00395 883
0.003951 883
0.003952 883
0.003953 883
0.003954 883
0.003955 883
0.003956 883
0.003957 883
0.003958 883
0.003959 884
0.00396 883
0.003961 884
0.003962 884
0.003963 884
0.003964 884
0.003965 884
0.003966 884
0.003967 884
0.003968 884
0.003969 884
0.00397 884
0.003971 885
0.003972 885
0.003973 885
0.003974 885
0.003975 885
0.003976 885
0.003977 885
0.003978 885
0.003979 885
0.00398 885
0.003981 884
0.003982 885
0.003983 885
0.003984 885
0.003985 885
0.003986 885
0.003987 885
0.003988 885
0.003989 885
0.00399 885
0.003991 885
0.003992 885
0.003993 885
0.003994 885
0.003995 885
0.003996 885
0.003997 885
0.003998 885
0.003999 885
0.004 885
0.004001 885
0.004002 884
0.004003 884
0.004004 884
0.004005 884
0.004006 884
0.004007 884
0.004008 884
0.004009 884
0.00401 884
0.004011 884
0.004012 884
0.004013 884
0.004014 884
0.004015 884
0.004016 884
0.004017 884
0.004018 884
0.004019 884
0.00402 883
0.004021 883
0.004022 882
0.004023 882
0.004024 882
0.004025 882
0.004026 882
0.004027 883
0.004028 883
0.004029 883
0.00403 883
0.004031 883
0.004032 883
0.004033 883
0.004034 883
0.004035 883
0.004036 882
0.004037 882
0.004038 882
0.004039 882
0.00404 882
0.004041 882
0.004042 882
0.004043 883
0.004044 883
0.004045 883
0.004046 883
0.004047 883
0.004048 882
0.004049 882
0.00405 882
0.004051 882
0.004052 882
0.004053 882
0.004054 882
0.004055 883
0.004056 883
0.004057 883
0.004058 883
0.004059 883
0.00406 883
0.004061 883
0.004062 883
0.004063 883
0.004064 883
0.004065 883
0.004066 883
0.004067 883
0.004068 883
0.004069 883
0.00407 883
0.004071 883
0.004072 883
0.004073 883
0.004074 883
0.004075 883
0.004076 883
0.004077 883
0.004078 883
0.004079 883
0.00408 883
0.004081 883
0.004082 883
0.004083 883
0.004084 883
0.004085 883
0.004086 883
0.004087 883
0.004088 883
0.004089 883
0.00409 883
0.004091 883
0.004092 884
0.004093 884
0.004094 884
0.004095 884
0.004096 884
0.004097 884
0.004098 884
0.004099 884
0.0041 884
0.004101 884
0.004102 884
0.004103 884
0.004104 884
0.004105 884
0.004106 884
0.004107 884
0.004108 884
0.004109 884
0.00411 884
0.004111 884
0.004112 884
0.004113 884
0.004114 884
0.004115 884
0.004116 884
0.004117 884
0.004118 884
0.004119 884
0.00412 884
0.004121 884
0.004122 884
0.004123 884
0.004124 884
0.004125 884
0.004126 884
0.004127 884
0.004128 884
0.004129 884
0.00413 884
0.004131 884
0.004132 884
0.004133 884
0.004134 884
0.004135 884
0.004136 884
0.004137 884
0.004138 884
0.004139 884
0.00414 884
0.004141 884
0.004142 884
0.004143 884
0.004144 884
0.004145 884
0.004146 884
0.004147 884
0.004148 884
0.004149 884
0.00415 884
0.004151 884
0.004152 884
0.004153 884
0.004154 884
0.004155 884
0.004156 884
0.004157 885
0.004158 885
0.004159 885
0.00416 885
0.004161 885
0.004162 886
0.004163 886
0.004164 886
0.004165 886
0.004166 886
0.004167 886
0.004168 886
0.004169 886
0.00417 886
0.004171 886
0.004172 886
0.004173 886
0.004174 886
0.004175 886
0.004176 886
0.004177 887
0.004178 887
0.004179 887
0.00418 887
0.004181 887
0.004182 887
0.004183 887
0.004184 887
0.004185 887
0.004186 887
0.004187 888
0.004188 888
0.004189 888
0.00419 888
0.004191 888
0.004192 888
0.004193 888
0.004194 888
0.004195 888
0.004196 888
0.004197 888
0.004198 888
0.004199 888
0.0042 888
0.004201 888
0.004202 888
0.004203 888
0.004204 888
0.004205 888
0.004206 888
0.004207 888
0.004208 888
0.004209 888
0.00421 888
0.004211 888
0.004212 888
0.004213 888
0.004214 888
0.004215 888
0.004216 888
0.004217 888
0.004218 888
0.004219 888
0.00422 889
0.004221 889
0.004222 889
0.004223 890
0.004224 890
0.004225 890
0.004226 890
0.004227 890
0.004228 890
0.004229 890
0.00423 890
0.004231 890
0.004232 889
0.004233 889
0.004234 889
0.004235 889
0.004236 889
0.004237 889
0.004238 889
0.004239 889
0.00424 889
0.004241 889
0.004242 889
0.004243 889
0.004244 889
0.004245 889
0.004246 889
0.004247 889
0.004248 889
0.004249 890
0.00425 890
0.004251 890
0.004252 890
0.004253 890
0.004254 891
0.004255 891
0.004256 891
0.004257 891
0.004258 891
0.004259 891
0.00426 891
0.004261 891
0.004262 891
0.004263 891
0.004264 891
0.004265 891
0.004266 891
0.004267 891
0.004268 891
0.004269 891
0.00427 891
0.004271 891
0.004272 891
0.004273 891
0.004274 891
0.004275 891
0.004276 891
0.004277 891
0.004278 891
0.004279 891
0.00428 891
0.004281 891
0.004282 891
0.004283 891
0.004284 891
0.004285 892
0.004286 892
0.004287 892
0.004288 892
0.004289 892
0.00429 892
0.004291 892
0.004292 892
0.004293 892
0.004294 892
0.004295 892
0.004296 892
0.004297 891
0.004298 891
0.004299 891
0.0043 891
0.004301 891
0.004302 891
0.004303 891
0.004304 891
0.004305 891
0.004306 891
0.004307 891
0.004308 891
0.004309 891
0.00431 891
0.004311 891
0.004312 891
0.004313 891
0.004314 891
0.004315 890
0.004316 890
0.004317 890
0.004318 890
0.004319 890
0.00432 890
0.004321 890
0.004322 890
0.004323 890
0.004324 890
0.004325 889
0.004326 889
0.004327 889
0.004328 889
0.004329 889
0.00433 889
0.004331 889
0.004332 889
0.004333 889
0.004334 889
0.004335 888
0.004336 887
0.004337 887
0.004338 887
0.004339 887
0.00434 887
0.004341 887
0.004342 886
0.004343 886
0.004344 886
0.004345 886
0.004346 886
0.004347 886
0.004348 886
0.004349 886
0.00435 886
0.004351 886
0.004352 886
0.004353 886
0.004354 887
0.004355 887
0.004356 887
0.004357 887
0.004358 887
0.004359 887
0.00436 887
0.004361 887
0.004362 887
0.004363 887
0.004364 887
0.004365 887
0.004366 887
0.004367 887
0.004368 887
0.004369 887
0.00437 887
0.004371 887
0.004372 886
0.004373 886
0.004374 886
0.004375 886
0.004376 886
0.004377 886
0.004378 886
0.004379 886
0.00438 887
0.004381 887
0.004382 887
0.004383 887
0.004384 887
0.004385 887
0.004386 887
0.004387 887
0.004388 887
0.004389 887
0.00439 887
0.004391 889
0.004392 889
0.004393 889
0.004394 889
0.004395 889
0.004396 889
0.004397 889
0.004398 889
0.004399 889
0.0044 889
0.004401 889
0.004402 889
0.004403 889
0.004404 889
0.004405 889
0.004406 889
0.004407 889
0.004408 889
0.004409 889
0.00441 889
0.004411 889
0.004412 889
0.004413 889
0.004414 889
0.004415 890
0.004416 890
0.004417 890
0.004418 890
0.004419 890
0.00442 890
0.004421 890
0.004422 890
0.004423 890
0.004424 890
0.004425 890
0.004426 889
0.004427 889
0.004428 888
0.004429 889
0.00443 889
0.004431 889
0.004432 889
0.004433 889
0.004434 889
0.004435 890
0.004436 890
0.004437 890
0.004438 890
0.004439 890
0.00444 890
0.004441 890
0.004442 890
0.004443 891
0.004444 891
0.004445 891
0.004446 891
0.004447 891
0.004448 891
0.004449 892
0.00445 892
0.004451 892
0.004452 892
0.004453 892
0.004454 892
0.004455 892
0.004456 892
0.004457 892
0.004458 892
0.004459 892
0.00446 892
0.004461 892
0.004462 892
0.004463 892
0.004464 892
0.004465 892
0.004466 892
0.004467 892
0.004468 892
0.004469 892
0.00447 892
0.004471 892
0.004472 892
0.004473 892
0.004474 892
0.004475 892
0.004476 892
0.004477 892
0.004478 892
0.004479 892
0.00448 892
0.004481 892
0.004482 892
0.004483 892
0.004484 892
0.004485 892
0.004486 892
0.004487 891
0.004488 891
0.004489 891
0.00449 891
0.004491 891
0.004492 891
0.004493 890
0.004494 890
0.004495 890
0.004496 890
0.004497 890
0.004498 890
0.004499 889
0.0045 889
0.004501 889
0.004502 889
0.004503 889
0.004504 889
0.004505 889
0.004506 889
0.004507 890
0.004508 890
0.004509 890
0.00451 890
0.004511 890
0.004512 890
0.004513 890
0.004514 890
0.004515 890
0.004516 890
0.004517 890
0.004518 890
0.004519 890
0.00452 890
0.004521 890
0.004522 890
0.004523 890
0.004524 890
0.004525 890
0.004526 890
0.004527 890
0.004528 890
0.004529 890
0.00453 890
0.004531 890
0.004532 891
0.004533 890
0.004534 890
0.004535 890
0.004536 890
0.004537 890
0.004538 890
0.004539 890
0.00454 889
0.004541 889
0.004542 889
0.004543 889
0.004544 889
0.004545 889
0.004546 889
0.004547 889
0.004548 889
0.004549 890
0.00455 890
0.004551 890
0.004552 890
0.004553 890
0.004554 890
0.004555 890
0.004556 889
0.004557 889
0.004558 889
0.004559 889
0.00456 889
0.004561 890
0.004562 890
0.004563 890
0.004564 890
0.004565 890
0.004566 890
0.004567 890
0.004568 890
0.004569 890
0.00457 890
0.004571 890
0.004572 890
0.004573 889
0.004574 888
0.004575 888
0.004576 888
0.004577 888
0.004578 888
0.004579 888
0.00458 888
0.004581 888
0.004582 888
0.004583 888
0.004584 888
0.004585 888
0.004586 888
0.004587 888
0.004588 888
0.004589 888
0.00459 888
0.004591 888
0.004592 888
0.004593 888
0.004594 888
0.004595 888
0.004596 888
0.004597 887
0.004598 887
0.004599 887
0.0046 887
0.004601 887
0.004602 887
0.004603 887
0.004604 887
0.004605 887
0.004606 887
0.004607 887
0.004608 887
0.004609 887
0.00461 887
0.004611 887
0.004612 887
0.004613 887
0.004614 887
0.004615 887
0.004616 887
0.004617 887
0.004618 887
0.004619 887
0.00462 887
0.004621 887
0.004622 887
0.004623 887
0.004624 887
0.004625 887
0.004626 889
0.004627 889
0.004628 889
0.004629 889
0.00463 889
0.004631 890
0.004632 890
0.004633 890
0.004634 890
0.004635 890
0.004636 890
0.004637 890
0.004638 890
0.004639 890
0.00464 890
0.004641 890
0.004642 890
0.004643 890
0.004644 890
0.004645 890
0.004646 890
0.004647 890
0.004648 890
0.004649 890
0.00465 890
0.004651 889
0.004652 890
0.004653 890
0.004654 890
0.004655 890
0.004656 890
0.004657 890
0.004658 890
0.004659 890
0.00466 890
0.004661 890
0.004662 890
0.004663 890
0.004664 890
0.004665 890
0.004666 890
0.004667 891
0.004668 891
0.004669 891
0.00467 891
0.004671 891
0.004672 891
0.004673 891
0.004674 891
0.004675 891
0.004676 891
0.004677 891
0.004678 891
0.004679 891
0.00468 891
0.004681 891
0.004682 891
0.004683 891
0.004684 891
0.004685 891
0.004686 891
0.004687 891
0.004688 891
0.004689 891
0.00469 891
0.004691 891
0.004692 891
0.004693 891
0.004694 891
0.004695 891
0.004696 891
0.004697 891
0.004698 891
0.004699 891
0.0047 891
0.004701 891
0.004702 891
0.004703 891
0.004704 891
0.004705 891
0.004706 891
0.004707 891
0.004708 891
0.004709 891
0.00471 891
0.004711 891
0.004712 891
0.004713 891
0.004714 891
0.004715 891
0.004716 891
0.004717 892
0.004718 892
0.004719 892
0.00472 892
0.004721 892
0.004722 892
0.004723 892
0.004724 893
0.004725 893
0.004726 893
0.004727 893
0.004728 893
0.004729 893
0.00473 893
0.004731 893
0.004732 893
0.004733 893
0.004734 893
0.004735 893
0.004736 893
0.004737 893
0.004738 893
0.004739 893
0.00474 893
0.004741 893
0.004742 894
0.004743 894
0.004744 894
0.004745 894
0.004746 894
0.004747 894
0.004748 894
0.004749 894
0.00475 895
0.004751 895
0.004752 895
0.004753 894
0.004754 894
0.004755 894
0.004756 894
0.004757 894
0.004758 895
0.004759 895
0.00476 895
0.004761 895
0.004762 895
0.004763 895
0.004764 895
0.004765 895
0.004766 895
0.004767 895
0.004768 895
0.004769 895
0.00477 895
0.004771 894
0.004772 894
0.004773 894
0.004774 894
0.004775 894
0.004776 894
0.004777 894
0.004778 894
0.004779 894
0.00478 894
0.004781 894
0.004782 894
0.004783 894
0.004784 894
0.004785 894
0.004786 894
0.004787 894
0.004788 894
0.004789 894
0.00479 894
0.004791 894
0.004792 894
0.004793 894
0.004794 894
0.004795 894
0.004796 893
0.004797 893
0.004798 893
0.004799 893
0.0048 893
0.004801 893
0.004802 893
0.004803 893
0.004804 893
0.004805 893
0.004806 894
0.004807 894
0.004808 894
0.004809 894
0.00481 894
0.004811 894
0.004812 894
0.004813 894
0.004814 893
0.004815 893
0.004816 893
0.004817 893
0.004818 893
0.004819 893
0.00482 893
0.004821 893
0.004822 893
0.004823 893
0.004824 893
0.004825 893
0.004826 893
0.004827 893
0.004828 893
0.004829 892
0.00483 892
0.004831 892
0.004832 892
0.004833 892
0.004834 892
0.004835 893
0.004836 893
0.004837 893
0.004838 893
0.004839 893
0.00484 894
0.004841 894
0.004842 894
0.004843 894
0.004844 894
0.004845 894
0.004846 894
0.004847 894
0.004848 894
0.004849 894
0.00485 894
0.004851 894
0.004852 894
0.004853 894
0.004854 894
0.004855 894
0.004856 894
0.004857 894
0.004858 894
0.004859 894
0.00486 894
0.004861 894
0.004862 894
0.004863 894
0.004864 894
0.004865 894
0.004866 894
0.004867 895
0.004868 895
0.004869 896
0.00487 897
0.004871 897
0.004872 897
0.004873 897
0.004874 897
0.004875 897
0.004876 897
0.004877 897
0.004878 897
0.004879 897
0.00488 897
0.004881 896
0.004882 896
0.004883 896
0.004884 896
0.004885 896
0.004886 896
0.004887 896
0.004888 896
0.004889 895
0.00489 895
0.004891 895
0.004892 894
0.004893 894
0.004894 894
0.004895 894
0.004896 894
0.004897 894
0.004898 894
0.004899 894
0.0049 894
0.004901 894
0.004902 894
0.004903 894
0.004904 894
0.004905 895
0.004906 895
0.004907 895
0.004908 895
0.004909 895
0.00491 895
0.004911 895
0.004912 895
0.004913 895
0.004914 895
0.004915 896
0.004916 896
0.004917 896
0.004918 896
0.004919 896
0.00492 896
0.004921 896
0.004922 896
0.004923 896
0.004924 896
0.004925 896
0.004926 896
0.004927 896
0.004928 896
0.004929 897
0.00493 897
0.004931 897
0.004932 897
0.004933 897
0.004934 897
0.004935 897
0.004936 897
0.004937 897
0.004938 897
0.004939 897
0.00494 897
0.004941 897
0.004942 897
0.004943 897
0.004944 897
0.004945 896
0.004946 896
0.004947 896
0.004948 896
0.004949 896
0.00495 896
0.004951 896
0.004952 896
0.004953 896
0.004954 896
0.004955 896
0.004956 896
0.004957 896
0.004958 896
0.004959 896
0.00496 896
0.004961 897
0.004962 897
0.004963 897
0.004964 897
0.004965 897
0.004966 897
0.004967 897
0.004968 897
0.004969 897
0.00497 897
0.004971 897
0.004972 897
0.004973 897
0.004974 897
0.004975 897
0.004976 897
0.004977 897
0.004978 897
0.004979 897
0.00498 897
0.004981 897
0.004982 896
0.004983 896
0.004984 896
0.004985 896
0.004986 896
0.004987 896
0.004988 896
0.004989 896
0.00499 896
0.004991 896
0.004992 896
0.004993 896
0.004994 896
0.004995 896
0.004996 896
0.004997 896
0.004998 896
0.004999 896
0.005 896
