0 71
1e-06 71
2e-06 73
3e-06 74
4e-06 74
5e-06 75
6e-06 76
7e-06 78
8e-06 78
9e-06 78
1e-05 78
1.1e-05 79
1.2e-05 79
1.3e-05 79
1.4e-05 80
1.5e-05 80
1.6e-05 80
1.7e-05 83
1.8e-05 84
1.9e-05 84
2e-05 85
2.1e-05 86
2.2e-05 86
2.3e-05 87
2.4e-05 87
2.5e-05 87
2.6e-05 88
2.7e-05 88
2.8e-05 89
2.9e-05 89
3e-05 89
3.1e-05 91
3.2e-05 91
3.3e-05 92
3.4e-05 93
3.5e-05 93
3.6e-05 93
3.7e-05 94
3.8e-05 95
3.9e-05 97
4e-05 98
4.1e-05 98
4.2e-05 98
4.3e-05 98
4.4e-05 98
4.5e-05 99
4.6e-05 99
4.7e-05 99
4.8e-05 100
4.9e-05 102
5e-05 102
5.1e-05 102
5.2e-05 102
5.3e-05 102
5.4e-05 103
5.5e-05 103
5.6e-05 103
5.7e-05 103
5.8e-05 103
5.9e-05 103
6e-05 103
6.1e-05 104
6.2e-05 104
6.3e-05 105
6.4e-05 105
6.5e-05 106
6.6e-05 107
6.7e-05 107
6.8e-05 109
6.9e-05 111
7e-05 112
7.1e-05 112
7.2e-05 112
7.3e-05 113
7.4e-05 114
7.5e-05 114
7.6e-05 116
7.7e-05 116
7.8e-05 116
7.9e-05 116
8e-05 117
8.1e-05 118
8.2e-05 119
8.3e-05 120
8.4e-05 120
8.5e-05 120
8.6e-05 120
8.7e-05 120
8.8e-05 122
8.9e-05 122
9e-05 124
9.1e-05 125
9.2e-05 125
9.3e-05 125
9.4e-05 126
9.5e-05 126
9.6e-05 127
9.7e-05 127
9.8e-05 127
9.9e-05 127
0.0001 127
0.000101 127
0.000102 127
0.000103 128
0.000104 129
0.000105 128
0.000106 130
0.000107 130
0.000108 131
0.000109 131
0.00011 132
0.000111 132
0.000112 132
0.000113 133
0.000114 134
0.000115 134
0.000116 134
0.000117 134
0.000118 134
0.000119 134
0.00012 134
0.000121 134
0.000122 134
0.000123 134
0.000124 134
0.000125 135
0.000126 135
0.000127 135
0.000128 135
0.000129 135
0.00013 135
0.000131 136
0.000132 136
0.000133 136
0.000134 136
0.000135 136
0.000136 137
0.000137 136
0.000138 136
0.000139 138
0.00014 138
0.000141 139
0.000142 139
0.000143 139
0.000144 139
0.000145 140
0.000146 141
0.000147 142
0.000148 142
0.000149 142
0.00015 142
0.000151 142
0.000152 142
0.000153 142
0.000154 143
0.000155 144
0.000156 144
0.000157 145
0.000158 146
0.000159 147
0.00016 148
0.000161 148
0.000162 148
0.000163 148
0.000164 148
0.000165 148
0.000166 149
0.000167 149
0.000168 149
0.000169 149
0.00017 150
0.000171 150
0.000172 150
0.000173 151
0.000174 151
0.000175 151
0.000176 151
0.000177 151
0.000178 152
0.000179 152
0.00018 152
0.000181 153
0.000182 153
0.000183 153
0.000184 153
0.000185 153
0.000186 153
0.000187 154
0.000188 156
0.000189 156
0.00019 157
0.000191 158
0.000192 158
0.000193 158
0.000194 158
0.000195 158
0.000196 158
0.000197 158
0.000198 158
0.000199 159
0.0002 159
0.000201 159
0.000202 159
0.000203 159
0.000204 160
0.000205 160
0.000206 160
0.000207 161
0.000208 161
0.000209 162
0.00021 161
0.000211 161
0.000212 161
0.000213 161
0.000214 161
0.000215 162
0.000216 163
0.000217 163
0.000218 163
0.000219 164
0.00022 164
0.000221 164
0.000222 164
0.000223 164
0.000224 164
0.000225 164
0.000226 164
0.000227 164
0.000228 164
0.000229 164
0.00023 164
0.000231 165
0.000232 166
0.000233 166
0.000234 166
0.000235 166
0.000236 166
0.000237 166
0.000238 166
0.000239 166
0.00024 167
0.000241 168
0.000242 168
0.000243 170
0.000244 171
0.000245 171
0.000246 171
0.000247 171
0.000248 174
0.000249 174
0.00025 174
0.000251 174
0.000252 174
0.000253 175
0.000254 176
0.000255 176
0.000256 176
0.000257 177
0.000258 177
0.000259 177
0.00026 177
0.000261 177
0.000262 177
0.000263 177
0.000264 177
0.000265 177
0.000266 177
0.000267 177
0.000268 177
0.000269 177
0.00027 177
0.000271 177
0.000272 177
0.000273 178
0.000274 178
0.000275 178
0.000276 178
0.000277 179
0.000278 179
0.000279 179
0.00028 179
0.000281 179
0.000282 179
0.000283 179
0.000284 179
0.000285 179
0.000286 179
0.000287 179
0.000288 179
0.000289 179
0.00029 179
0.000291 179
0.000292 179
0.000293 179
0.000294 179
0.000295 179
0.000296 179
0.000297 179
0.000298 180
0.000299 180
0.0003 180
0.000301 180
0.000302 181
0.000303 181
0.000304 181
0.000305 181
0.000306 181
0.000307 181
0.000308 181
0.000309 181
0.00031 181
0.000311 181
0.000312 181
0.000313 181
0.000314 181
0.000315 181
0.000316 182
0.000317 182
0.000318 183
0.000319 183
0.00032 183
0.000321 183
0.000322 183
0.000323 183
0.000324 185
0.000325 185
0.000326 185
0.000327 184
0.000328 184
0.000329 184
0.00033 184
0.000331 184
0.000332 184
0.000333 184
0.000334 185
0.000335 185
0.000336 185
0.000337 185
0.000338 185
0.000339 185
0.00034 185
0.000341 185
0.000342 185
0.000343 185
0.000344 185
0.000345 185
0.000346 185
0.000347 185
0.000348 185
0.000349 185
0.00035 185
0.000351 184
0.000352 184
0.000353 184
0.000354 184
0.000355 183
0.000356 183
0.000357 183
0.000358 183
0.000359 183
0.00036 183
0.000361 183
0.000362 183
0.000363 183
0.000364 184
0.000365 184
0.000366 184
0.000367 184
0.000368 184
0.000369 184
0.00037 184
0.000371 184
0.000372 184
0.000373 184
0.000374 184
0.000375 184
0.000376 184
0.000377 184
0.000378 184
0.000379 184
0.00038 184
0.000381 184
0.000382 184
0.000383 184
0.000384 184
0.000385 184
0.000386 184
0.000387 184
0.000388 184
0.000389 184
0.00039 184
0.000391 184
0.000392 184
0.000393 184
0.000394 184
0.000395 184
0.000396 184
0.000397 184
0.000398 184
0.000399 184
0.0004 184
0.000401 184
0.000402 184
0.000403 184
0.000404 184
0.000405 184
0.000406 184
0.000407 184
0.000408 184
0.000409 184
0.00041 184
0.000411 184
0.000412 185
0.000413 185
0.000414 185
0.000415 185
0.000416 185
0.000417 184
0.000418 184
0.000419 184
0.00042 184
0.000421 184
0.000422 184
0.000423 184
0.000424 184
0.000425 184
0.000426 184
0.000427 184
0.000428 184
0.000429 184
0.00043 184
0.000431 184
0.000432 184
0.000433 184
0.000434 184
0.000435 184
0.000436 185
0.000437 186
0.000438 186
0.000439 186
0.00044 186
0.000441 186
0.000442 186
0.000443 186
0.000444 186
0.000445 186
0.000446 187
0.000447 187
0.000448 187
0.000449 187
0.00045 188
0.000451 188
0.000452 188
0.000453 188
0.000454 188
0.000455 189
0.000456 189
0.000457 189
0.000458 189
0.000459 189
0.00046 189
0.000461 190
0.000462 190
0.000463 190
0.000464 190
0.000465 191
0.000466 191
0.000467 191
0.000468 191
0.000469 192
0.00047 192
0.000471 193
0.000472 193
0.000473 193
0.000474 193
0.000475 193
0.000476 193
0.000477 193
0.000478 193
0.000479 193
0.00048 193
0.000481 193
0.000482 193
0.000483 193
0.000484 193
0.000485 193
0.000486 193
0.000487 193
0.000488 193
0.000489 193
0.00049 193
0.000491 193
0.000492 193
0.000493 193
0.000494 193
0.000495 193
0.000496 193
0.000497 193
0.000498 193
0.000499 193
0.0005 193
0.000501 193
0.000502 193
0.000503 193
0.000504 193
0.000505 193
0.000506 193
0.000507 193
0.000508 193
0.000509 193
0.00051 193
0.000511 193
0.000512 193
0.000513 193
0.000514 193
0.000515 193
0.000516 193
0.000517 193
0.000518 193
0.000519 193
0.00052 193
0.000521 193
0.000522 193
0.000523 193
0.000524 193
0.000525 193
0.000526 193
0.000527 193
0.000528 193
0.000529 194
0.00053 194
0.000531 194
0.000532 194
0.000533 193
0.000534 193
0.000535 193
0.000536 193
0.000537 193
0.000538 193
0.000539 193
0.00054 193
0.000541 193
0.000542 193
0.000543 193
0.000544 193
0.000545 193
0.000546 193
0.000547 193
0.000548 193
0.000549 193
0.00055 193
0.000551 193
0.000552 193
0.000553 193
0.000554 193
0.000555 193
0.000556 193
0.000557 193
0.000558 193
0.000559 193
0.00056 193
0.000561 193
0.000562 193
0.000563 193
0.000564 192
0.000565 192
0.000566 192
0.000567 192
0.000568 192
0.000569 192
0.00057 192
0.000571 192
0.000572 192
0.000573 192
0.000574 192
0.000575 192
0.000576 192
0.000577 192
0.000578 192
0.000579 192
0.00058 192
0.000581 192
0.000582 192
0.000583 192
0.000584 192
0.000585 192
0.000586 191
0.000587 191
0.000588 191
0.000589 191
0.00059 191
0.000591 190
0.000592 190
0.000593 190
0.000594 190
0.000595 190
0.000596 190
0.000597 190
0.000598 190
0.000599 190
0.0006 190
0.000601 190
0.000602 190
0.000603 190
0.000604 190
0.000605 190
0.000606 190
0.000607 190
0.000608 190
0.000609 190
0.00061 190
0.000611 190
0.000612 190
0.000613 190
0.000614 190
0.000615 190
0.000616 190
0.000617 190
0.000618 190
0.000619 190
0.00062 190
0.000621 190
0.000622 190
0.000623 190
0.000624 190
0.000625 190
0.000626 190
0.000627 190
0.000628 190
0.000629 191
0.00063 191
0.000631 191
0.000632 191
0.000633 191
0.000634 191
0.000635 191
0.000636 191
0.000637 191
0.000638 191
0.000639 191
0.00064 191
0.000641 189
0.000642 189
0.000643 190
0.000644 190
0.000645 190
0.000646 190
0.000647 190
0.000648 190
0.000649 190
0.00065 191
0.000651 191
0.000652 191
0.000653 191
0.000654 191
0.000655 191
0.000656 191
0.000657 191
0.000658 191
0.000659 191
0.00066 191
0.000661 191
0.000662 191
0.000663 191
0.000664 191
0.000665 191
0.000666 191
0.000667 191
0.000668 191
0.000669 191
0.00067 191
0.000671 191
0.000672 191
0.000673 191
0.000674 191
0.000675 191
0.000676 191
0.000677 191
0.000678 191
0.000679 191
0.00068 191
0.000681 191
0.000682 191
0.000683 191
0.000684 191
0.000685 191
0.000686 191
0.000687 191
0.000688 191
0.000689 191
0.00069 191
0.000691 191
0.000692 191
0.000693 191
0.000694 191
0.000695 191
0.000696 191
0.000697 191
0.000698 191
0.000699 191
0.0007 191
0.000701 191
0.000702 191
0.000703 191
0.000704 191
0.000705 191
0.000706 191
0.000707 191
0.000708 191
0.000709 191
0.00071 191
0.000711 191
0.000712 191
0.000713 191
0.000714 191
0.000715 191
0.000716 191
0.000717 191
0.000718 191
0.000719 191
0.00072 191
0.000721 191
0.000722 191
0.000723 191
0.000724 191
0.000725 191
0.000726 191
0.000727 191
0.000728 191
0.000729 191
0.00073 191
0.000731 191
0.000732 191
0.000733 191
0.000734 191
0.000735 191
0.000736 191
0.000737 191
0.000738 191
0.000739 191
0.00074 191
0.000741 192
0.000742 192
0.000743 192
0.000744 192
0.000745 192
0.000746 192
0.000747 192
0.000748 192
0.000749 192
0.00075 192
0.000751 192
0.000752 192
0.000753 192
0.000754 192
0.000755 192
0.000756 192
0.000757 192
0.000758 192
0.000759 192
0.00076 192
0.000761 192
0.000762 192
0.000763 192
0.000764 192
0.000765 192
0.000766 192
0.000767 193
0.000768 193
0.000769 193
0.00077 193
0.000771 193
0.000772 193
0.000773 193
0.000774 193
0.000775 193
0.000776 193
0.000777 193
0.000778 193
0.000779 194
0.00078 194
0.000781 194
0.000782 194
0.000783 194
0.000784 194
0.000785 194
0.000786 194
0.000787 194
0.000788 194
0.000789 194
0.00079 194
0.000791 195
0.000792 195
0.000793 195
0.000794 195
0.000795 195
0.000796 195
0.000797 195
0.000798 195
0.000799 195
0.0008 195
0.000801 195
0.000802 195
0.000803 195
0.000804 195
0.000805 195
0.000806 195
0.000807 195
0.000808 195
0.000809 195
0.00081 195
0.000811 195
0.000812 195
0.000813 195
0.000814 195
0.000815 195
0.000816 195
0.000817 195
0.000818 195
0.000819 195
0.00082 195
0.000821 195
0.000822 195
0.000823 195
0.000824 195
0.000825 195
0.000826 195
0.000827 195
0.000828 195
0.000829 195
0.00083 195
0.000831 195
0.000832 195
0.000833 195
0.000834 195
0.000835 195
0.000836 195
0.000837 195
0.000838 195
0.000839 195
0.00084 195
0.000841 195
0.000842 195
0.000843 195
0.000844 195
0.000845 195
0.000846 195
0.000847 194
0.000848 194
0.000849 194
0.00085 194
0.000851 194
0.000852 194
0.000853 194
0.000854 194
0.000855 194
0.000856 194
0.000857 194
0.000858 194
0.000859 194
0.00086 194
0.000861 194
0.000862 194
0.000863 194
0.000864 194
0.000865 194
0.000866 194
0.000867 194
0.000868 194
0.000869 194
0.00087 194
0.000871 194
0.000872 194
0.000873 194
0.000874 194
0.000875 194
0.000876 194
0.000877 194
0.000878 194
0.000879 194
0.00088 195
0.000881 195
0.000882 195
0.000883 195
0.000884 195
0.000885 195
0.000886 195
0.000887 195
0.000888 195
0.000889 195
0.00089 195
0.000891 195
0.000892 195
0.000893 195
0.000894 195
0.000895 195
0.000896 195
0.000897 195
0.000898 194
0.000899 194
0.0009 194
0.000901 194
0.000902 194
0.000903 194
0.000904 194
0.000905 194
0.000906 195
0.000907 195
0.000908 195
0.000909 195
0.00091 195
0.000911 195
0.000912 195
0.000913 195
0.000914 195
0.000915 195
0.000916 195
0.000917 195
0.000918 195
0.000919 195
0.00092 195
0.000921 195
0.000922 195
0.000923 195
0.000924 194
0.000925 194
0.000926 194
0.000927 194
0.000928 194
0.000929 194
0.00093 194
0.000931 194
0.000932 194
0.000933 194
0.000934 194
0.000935 194
0.000936 194
0.000937 194
0.000938 194
0.000939 194
0.00094 194
0.000941 194
0.000942 194
0.000943 194
0.000944 194
0.000945 194
0.000946 194
0.000947 194
0.000948 194
0.000949 194
0.00095 194
0.000951 194
0.000952 194
0.000953 194
0.000954 194
0.000955 195
0.000956 195
0.000957 195
0.000958 195
0.000959 195
0.00096 195
0.000961 195
0.000962 195
0.000963 195
0.000964 195
0.000965 195
0.000966 195
0.000967 195
0.000968 195
0.000969 195
0.00097 195
0.000971 195
0.000972 195
0.000973 195
0.000974 195
0.000975 195
0.000976 195
0.000977 195
0.000978 195
0.000979 195
0.00098 195
0.000981 195
0.000982 195
0.000983 195
0.000984 195
0.000985 195
0.000986 195
0.000987 195
0.000988 195
0.000989 195
0.00099 195
0.000991 195
0.000992 195
0.000993 195
0.000994 195
0.000995 195
0.000996 195
0.000997 195
0.000998 195
0.000999 195
0.001 195
0.001001 195
0.001002 195
0.001003 195
0.001004 195
0.001005 195
0.001006 195
0.001007 195
0.001008 195
0.001009 195
0.00101 195
0.001011 195
0.001012 195
0.001013 196
0.001014 196
0.001015 196
0.001016 196
0.001017 196
0.001018 196
0.001019 196
0.00102 196
0.001021 196
0.001022 196
0.001023 196
0.001024 196
0.001025 196
0.001026 196
0.001027 196
0.001028 196
0.001029 196
0.00103 196
0.001031 196
0.001032 196
0.001033 196
0.001034 196
0.001035 196
0.001036 196
0.001037 196
0.001038 196
0.001039 196
0.00104 196
0.001041 196
0.001042 196
0.001043 196
0.001044 196
0.001045 196
0.001046 196
0.001047 196
0.001048 196
0.001049 196
0.00105 196
0.001051 196
0.001052 196
0.001053 196
0.001054 196
0.001055 195
0.001056 195
0.001057 195
0.001058 195
0.001059 195
0.00106 195
0.001061 195
0.001062 195
0.001063 195
0.001064 195
0.001065 195
0.001066 195
0.001067 195
0.001068 195
0.001069 195
0.00107 195
0.001071 195
0.001072 195
0.001073 195
0.001074 195
0.001075 195
0.001076 195
0.001077 195
0.001078 195
0.001079 195
0.00108 195
0.001081 195
0.001082 195
0.001083 195
0.001084 195
0.001085 194
0.001086 194
0.001087 194
0.001088 194
0.001089 194
0.00109 194
0.001091 194
0.001092 194
0.001093 194
0.001094 194
0.001095 194
0.001096 194
0.001097 194
0.001098 194
0.001099 194
0.0011 195
0.001101 195
0.001102 195
0.001103 195
0.001104 195
0.001105 195
0.001106 195
0.001107 195
0.001108 195
0.001109 196
0.00111 196
0.001111 196
0.001112 196
0.001113 196
0.001114 196
0.001115 196
0.001116 196
0.001117 196
0.001118 196
0.001119 196
0.00112 196
0.001121 196
0.001122 195
0.001123 195
0.001124 195
0.001125 195
0.001126 195
0.001127 195
0.001128 195
0.001129 195
0.00113 195
0.001131 195
0.001132 195
0.001133 195
0.001134 195
0.001135 195
0.001136 194
0.001137 194
0.001138 194
0.001139 194
0.00114 194
0.001141 194
0.001142 193
0.001143 193
0.001144 193
0.001145 193
0.001146 193
0.001147 193
0.001148 193
0.001149 193
0.00115 193
0.001151 194
0.001152 194
0.001153 194
0.001154 194
0.001155 194
0.001156 194
0.001157 194
0.001158 194
0.001159 194
0.00116 194
0.001161 194
0.001162 194
0.001163 194
0.001164 194
0.001165 194
0.001166 194
0.001167 194
0.001168 194
0.001169 194
0.00117 195
0.001171 195
0.001172 195
0.001173 195
0.001174 195
0.001175 195
0.001176 195
0.001177 195
0.001178 195
0.001179 195
0.00118 195
0.001181 195
0.001182 194
0.001183 194
0.001184 194
0.001185 194
0.001186 194
0.001187 194
0.001188 194
0.001189 194
0.00119 194
0.001191 194
0.001192 193
0.001193 193
0.001194 193
0.001195 194
0.001196 194
0.001197 194
0.001198 194
0.001199 194
0.0012 194
0.001201 194
0.001202 194
0.001203 194
0.001204 194
0.001205 194
0.001206 194
0.001207 194
0.001208 194
0.001209 194
0.00121 194
0.001211 194
0.001212 194
0.001213 194
0.001214 194
0.001215 194
0.001216 194
0.001217 194
0.001218 194
0.001219 194
0.00122 194
0.001221 194
0.001222 194
0.001223 194
0.001224 194
0.001225 194
0.001226 194
0.001227 194
0.001228 194
0.001229 194
0.00123 194
0.001231 194
0.001232 194
0.001233 194
0.001234 194
0.001235 194
0.001236 194
0.001237 194
0.001238 194
0.001239 193
0.00124 193
0.001241 193
0.001242 193
0.001243 193
0.001244 193
0.001245 193
0.001246 193
0.001247 193
0.001248 193
0.001249 193
0.00125 193
0.001251 193
0.001252 193
0.001253 193
0.001254 193
0.001255 193
0.001256 193
0.001257 193
0.001258 193
0.001259 193
0.00126 193
0.001261 193
0.001262 193
0.001263 193
0.001264 193
0.001265 193
0.001266 192
0.001267 192
0.001268 192
0.001269 192
0.00127 192
0.001271 192
0.001272 192
0.001273 192
0.001274 192
0.001275 192
0.001276 192
0.001277 192
0.001278 192
0.001279 192
0.00128 192
0.001281 192
0.001282 192
0.001283 192
0.001284 192
0.001285 192
0.001286 192
0.001287 192
0.001288 192
0.001289 192
0.00129 192
0.001291 192
0.001292 192
0.001293 192
0.001294 192
0.001295 192
0.001296 192
0.001297 192
0.001298 192
0.001299 192
0.0013 192
0.001301 192
0.001302 192
0.001303 192
0.001304 192
0.001305 192
0.001306 192
0.001307 192
0.001308 192
0.001309 192
0.00131 192
0.001311 192
0.001312 192
0.001313 192
0.001314 192
0.001315 192
0.001316 192
0.001317 192
0.001318 192
0.001319 192
0.00132 192
0.001321 192
0.001322 192
0.001323 192
0.001324 192
0.001325 192
0.001326 192
0.001327 192
0.001328 192
0.001329 192
0.00133 192
0.001331 192
0.001332 192
0.001333 192
0.001334 192
0.001335 192
0.001336 192
0.001337 192
0.001338 191
0.001339 191
0.00134 191
0.001341 191
0.001342 191
0.001343 191
0.001344 191
0.001345 191
0.001346 191
0.001347 191
0.001348 191
0.001349 191
0.00135 191
0.001351 191
0.001352 191
0.001353 191
0.001354 191
0.001355 191
0.001356 191
0.001357 191
0.001358 191
0.001359 191
0.00136 191
0.001361 191
0.001362 191
0.001363 191
0.001364 191
0.001365 191
0.001366 192
0.001367 192
0.001368 192
0.001369 192
0.00137 192
0.001371 192
0.001372 192
0.001373 192
0.001374 192
0.001375 192
0.001376 192
0.001377 192
0.001378 192
0.001379 192
0.00138 192
0.001381 192
0.001382 192
0.001383 192
0.001384 192
0.001385 192
0.001386 192
0.001387 192
0.001388 192
0.001389 192
0.00139 192
0.001391 192
0.001392 192
0.001393 192
0.001394 192
0.001395 191
0.001396 191
0.001397 191
0.001398 191
0.001399 191
0.0014 191
0.001401 191
0.001402 191
0.001403 191
0.001404 191
0.001405 191
0.001406 191
0.001407 191
0.001408 191
0.001409 191
0.00141 191
0.001411 191
0.001412 191
0.001413 191
0.001414 191
0.001415 191
0.001416 191
0.001417 191
0.001418 191
0.001419 191
0.00142 191
0.001421 191
0.001422 191
0.001423 191
0.001424 191
0.001425 191
0.001426 191
0.001427 191
0.001428 191
0.001429 191
0.00143 191
0.001431 191
0.001432 191
0.001433 191
0.001434 191
0.001435 192
0.001436 192
0.001437 192
0.001438 192
0.001439 192
0.00144 192
0.001441 192
0.001442 192
0.001443 191
0.001444 191
0.001445 191
0.001446 191
0.001447 191
0.001448 191
0.001449 191
0.00145 191
0.001451 191
0.001452 191
0.001453 191
0.001454 191
0.001455 191
0.001456 191
0.001457 191
0.001458 191
0.001459 191
0.00146 191
0.001461 191
0.001462 191
0.001463 191
0.001464 191
0.001465 191
0.001466 191
0.001467 191
0.001468 191
0.001469 191
0.00147 191
0.001471 191
0.001472 191
0.001473 191
0.001474 191
0.001475 191
0.001476 191
0.001477 191
0.001478 191
0.001479 191
0.00148 191
0.001481 191
0.001482 191
0.001483 191
0.001484 191
0.001485 191
0.001486 191
0.001487 191
0.001488 191
0.001489 191
0.00149 191
0.001491 191
0.001492 191
0.001493 191
0.001494 191
0.001495 192
0.001496 192
0.001497 192
0.001498 192
0.001499 192
0.0015 193
0.001501 193
0.001502 193
0.001503 193
0.001504 193
0.001505 193
0.001506 193
0.001507 193
0.001508 193
0.001509 193
0.00151 193
0.001511 193
0.001512 193
0.001513 193
0.001514 193
0.001515 193
0.001516 193
0.001517 193
0.001518 193
0.001519 193
0.00152 193
0.001521 193
0.001522 193
0.001523 193
0.001524 193
0.001525 193
0.001526 193
0.001527 193
0.001528 193
0.001529 193
0.00153 193
0.001531 193
0.001532 193
0.001533 193
0.001534 193
0.001535 193
0.001536 193
0.001537 193
0.001538 193
0.001539 193
0.00154 193
0.001541 193
0.001542 193
0.001543 193
0.001544 193
0.001545 193
0.001546 193
0.001547 193
0.001548 193
0.001549 193
0.00155 193
0.001551 193
0.001552 193
0.001553 193
0.001554 193
0.001555 193
0.001556 193
0.001557 193
0.001558 193
0.001559 193
0.00156 193
0.001561 193
0.001562 193
0.001563 193
0.001564 193
0.001565 193
0.001566 193
0.001567 193
0.001568 193
0.001569 193
0.00157 193
0.001571 193
0.001572 193
0.001573 193
0.001574 193
0.001575 193
0.001576 193
0.001577 193
0.001578 194
0.001579 194
0.00158 194
0.001581 194
0.001582 194
0.001583 194
0.001584 194
0.001585 194
0.001586 194
0.001587 194
0.001588 194
0.001589 194
0.00159 194
0.001591 194
0.001592 194
0.001593 194
0.001594 194
0.001595 194
0.001596 194
0.001597 194
0.001598 193
0.001599 193
0.0016 193
0.001601 193
0.001602 193
0.001603 194
0.001604 194
0.001605 194
0.001606 194
0.001607 194
0.001608 193
0.001609 193
0.00161 193
0.001611 193
0.001612 193
0.001613 193
0.001614 193
0.001615 193
0.001616 193
0.001617 193
0.001618 193
0.001619 193
0.00162 193
0.001621 193
0.001622 193
0.001623 193
0.001624 193
0.001625 193
0.001626 193
0.001627 193
0.001628 193
0.001629 193
0.00163 193
0.001631 193
0.001632 193
0.001633 193
0.001634 193
0.001635 193
0.001636 193
0.001637 193
0.001638 193
0.001639 193
0.00164 193
0.001641 193
0.001642 193
0.001643 193
0.001644 193
0.001645 193
0.001646 193
0.001647 193
0.001648 193
0.001649 193
0.00165 193
0.001651 193
0.001652 193
0.001653 193
0.001654 193
0.001655 193
0.001656 193
0.001657 193
0.001658 194
0.001659 194
0.00166 194
0.001661 194
0.001662 194
0.001663 194
0.001664 194
0.001665 194
0.001666 194
0.001667 194
0.001668 194
0.001669 194
0.00167 194
0.001671 195
0.001672 195
0.001673 195
0.001674 195
0.001675 195
0.001676 195
0.001677 195
0.001678 195
0.001679 195
0.00168 195
0.001681 196
0.001682 196
0.001683 196
0.001684 196
0.001685 196
0.001686 196
0.001687 196
0.001688 196
0.001689 196
0.00169 196
0.001691 196
0.001692 196
0.001693 196
0.001694 196
0.001695 196
0.001696 196
0.001697 196
0.001698 196
0.001699 196
0.0017 196
0.001701 196
0.001702 196
0.001703 196
0.001704 196
0.001705 196
0.001706 196
0.001707 196
0.001708 196
0.001709 196
0.00171 196
0.001711 196
0.001712 196
0.001713 196
0.001714 196
0.001715 196
0.001716 196
0.001717 196
0.001718 196
0.001719 196
0.00172 196
0.001721 196
0.001722 196
0.001723 196
0.001724 196
0.001725 196
0.001726 196
0.001727 196
0.001728 196
0.001729 196
0.00173 196
0.001731 196
0.001732 196
0.001733 196
0.001734 196
0.001735 196
0.001736 196
0.001737 196
0.001738 196
0.001739 196
0.00174 196
0.001741 196
0.001742 196
0.001743 196
0.001744 196
0.001745 196
0.001746 196
0.001747 196
0.001748 196
0.001749 196
0.00175 196
0.001751 197
0.001752 197
0.001753 197
0.001754 198
0.001755 198
0.001756 198
0.001757 198
0.001758 198
0.001759 198
0.00176 198
0.001761 198
0.001762 198
0.001763 198
0.001764 198
0.001765 198
0.001766 198
0.001767 198
0.001768 198
0.001769 198
0.00177 198
0.001771 198
0.001772 198
0.001773 198
0.001774 198
0.001775 198
0.001776 197
0.001777 197
0.001778 197
0.001779 197
0.00178 197
0.001781 197
0.001782 197
0.001783 197
0.001784 197
0.001785 197
0.001786 197
0.001787 197
0.001788 197
0.001789 197
0.00179 197
0.001791 197
0.001792 198
0.001793 198
0.001794 198
0.001795 198
0.001796 198
0.001797 198
0.001798 198
0.001799 198
0.0018 198
0.001801 198
0.001802 198
0.001803 198
0.001804 198
0.001805 198
0.001806 198
0.001807 198
0.001808 198
0.001809 198
0.00181 198
0.001811 198
0.001812 198
0.001813 199
0.001814 199
0.001815 199
0.001816 199
0.001817 199
0.001818 199
0.001819 199
0.00182 199
0.001821 199
0.001822 199
0.001823 199
0.001824 199
0.001825 199
0.001826 199
0.001827 199
0.001828 199
0.001829 199
0.00183 199
0.001831 199
0.001832 199
0.001833 199
0.001834 199
0.001835 199
0.001836 199
0.001837 199
0.001838 199
0.001839 199
0.00184 199
0.001841 199
0.001842 199
0.001843 199
0.001844 199
0.001845 199
0.001846 199
0.001847 199
0.001848 199
0.001849 199
0.00185 199
0.001851 199
0.001852 199
0.001853 199
0.001854 199
0.001855 199
0.001856 199
0.001857 199
0.001858 199
0.001859 199
0.00186 199
0.001861 199
0.001862 199
0.001863 199
0.001864 199
0.001865 199
0.001866 199
0.001867 199
0.001868 199
0.001869 199
0.00187 199
0.001871 199
0.001872 199
0.001873 199
0.001874 199
0.001875 199
0.001876 199
0.001877 199
0.001878 199
0.001879 199
0.00188 199
0.001881 199
0.001882 199
0.001883 199
0.001884 199
0.001885 199
0.001886 199
0.001887 199
0.001888 199
0.001889 199
0.00189 199
0.001891 199
0.001892 199
0.001893 199
0.001894 199
0.001895 199
0.001896 199
0.001897 199
0.001898 199
0.001899 199
0.0019 199
0.001901 199
0.001902 199
0.001903 199
0.001904 199
0.001905 199
0.001906 199
0.001907 199
0.001908 199
0.001909 199
0.00191 199
0.001911 199
0.001912 199
0.001913 199
0.001914 199
0.001915 199
0.001916 200
0.001917 200
0.001918 200
0.001919 200
0.00192 200
0.001921 200
0.001922 200
0.001923 200
0.001924 200
0.001925 199
0.001926 199
0.001927 199
0.001928 199
0.001929 199
0.00193 199
0.001931 199
0.001932 199
0.001933 199
0.001934 199
0.001935 199
0.001936 199
0.001937 199
0.001938 199
0.001939 199
0.00194 199
0.001941 199
0.001942 199
0.001943 198
0.001944 198
0.001945 198
0.001946 198
0.001947 198
0.001948 198
0.001949 198
0.00195 198
0.001951 198
0.001952 198
0.001953 198
0.001954 198
0.001955 198
0.001956 198
0.001957 198
0.001958 198
0.001959 198
0.00196 198
0.001961 198
0.001962 198
0.001963 198
0.001964 198
0.001965 198
0.001966 198
0.001967 198
0.001968 198
0.001969 198
0.00197 198
0.001971 198
0.001972 198
0.001973 198
0.001974 198
0.001975 198
0.001976 198
0.001977 198
0.001978 198
0.001979 198
0.00198 198
0.001981 198
0.001982 198
0.001983 198
0.001984 198
0.001985 198
0.001986 198
0.001987 198
0.001988 198
0.001989 198
0.00199 198
0.001991 198
0.001992 198
0.001993 198
0.001994 198
0.001995 198
0.001996 198
0.001997 198
0.001998 198
0.001999 198
0.002 197
0.002001 197
0.002002 197
0.002003 197
0.002004 197
0.002005 197
0.002006 197
0.002007 197
0.002008 197
0.002009 197
0.00201 197
0.002011 197
0.002012 197
0.002013 197
0.002014 197
0.002015 197
0.002016 197
0.002017 197
0.002018 197
0.002019 197
0.00202 197
0.002021 197
0.002022 197
0.002023 197
0.002024 197
0.002025 197
0.002026 197
0.002027 197
0.002028 197
0.002029 197
0.00203 197
0.002031 197
0.002032 197
0.002033 196
0.002034 196
0.002035 196
0.002036 196
0.002037 196
0.002038 196
0.002039 196
0.00204 196
0.002041 196
0.002042 196
0.002043 196
0.002044 196
0.002045 196
0.002046 196
0.002047 196
0.002048 196
0.002049 196
0.00205 196
0.002051 196
0.002052 196
0.002053 196
0.002054 196
0.002055 196
0.002056 196
0.002057 196
0.002058 196
0.002059 196
0.00206 196
0.002061 196
0.002062 196
0.002063 196
0.002064 196
0.002065 196
0.002066 196
0.002067 196
0.002068 196
0.002069 196
0.00207 196
0.002071 196
0.002072 196
0.002073 196
0.002074 196
0.002075 196
0.002076 196
0.002077 196
0.002078 196
0.002079 196
0.00208 196
0.002081 196
0.002082 196
0.002083 196
0.002084 196
0.002085 196
0.002086 196
0.002087 196
0.002088 196
0.002089 196
0.00209 196
0.002091 196
0.002092 196
0.002093 196
0.002094 196
0.002095 196
0.002096 196
0.002097 196
0.002098 196
0.002099 196
0.0021 196
0.002101 196
0.002102 196
0.002103 196
0.002104 196
0.002105 196
0.002106 196
0.002107 196
0.002108 196
0.002109 196
0.00211 196
0.002111 196
0.002112 196
0.002113 196
0.002114 196
0.002115 196
0.002116 196
0.002117 196
0.002118 196
0.002119 196
0.00212 196
0.002121 196
0.002122 196
0.002123 196
0.002124 196
0.002125 196
0.002126 196
0.002127 196
0.002128 196
0.002129 196
0.00213 196
0.002131 196
0.002132 196
0.002133 196
0.002134 196
0.002135 196
0.002136 196
0.002137 196
0.002138 196
0.002139 196
0.00214 196
0.002141 196
0.002142 196
0.002143 196
0.002144 196
0.002145 196
0.002146 196
0.002147 196
0.002148 196
0.002149 196
0.00215 196
0.002151 196
0.002152 195
0.002153 195
0.002154 195
0.002155 195
0.002156 195
0.002157 195
0.002158 195
0.002159 195
0.00216 195
0.002161 195
0.002162 195
0.002163 195
0.002164 195
0.002165 195
0.002166 195
0.002167 195
0.002168 195
0.002169 195
0.00217 195
0.002171 195
0.002172 195
0.002173 195
0.002174 195
0.002175 195
0.002176 195
0.002177 195
0.002178 195
0.002179 195
0.00218 195
0.002181 195
0.002182 195
0.002183 195
0.002184 195
0.002185 195
0.002186 195
0.002187 195
0.002188 195
0.002189 195
0.00219 195
0.002191 195
0.002192 195
0.002193 195
0.002194 195
0.002195 195
0.002196 195
0.002197 195
0.002198 195
0.002199 195
0.0022 195
0.002201 195
0.002202 195
0.002203 195
0.002204 195
0.002205 195
0.002206 195
0.002207 195
0.002208 195
0.002209 195
0.00221 195
0.002211 195
0.002212 195
0.002213 195
0.002214 195
0.002215 195
0.002216 195
0.002217 195
0.002218 195
0.002219 195
0.00222 195
0.002221 195
0.002222 195
0.002223 195
0.002224 195
0.002225 195
0.002226 195
0.002227 195
0.002228 195
0.002229 195
0.00223 195
0.002231 195
0.002232 195
0.002233 195
0.002234 195
0.002235 195
0.002236 195
0.002237 195
0.002238 195
0.002239 195
0.00224 195
0.002241 195
0.002242 195
0.002243 195
0.002244 195
0.002245 195
0.002246 195
0.002247 195
0.002248 195
0.002249 195
0.00225 195
0.002251 195
0.002252 195
0.002253 196
0.002254 196
0.002255 196
0.002256 196
0.002257 196
0.002258 196
0.002259 196
0.00226 196
0.002261 196
0.002262 196
0.002263 196
0.002264 196
0.002265 196
0.002266 196
0.002267 196
0.002268 196
0.002269 196
0.00227 196
0.002271 196
0.002272 196
0.002273 196
0.002274 196
0.002275 196
0.002276 196
0.002277 196
0.002278 196
0.002279 196
0.00228 196
0.002281 196
0.002282 196
0.002283 197
0.002284 197
0.002285 197
0.002286 197
0.002287 197
0.002288 197
0.002289 197
0.00229 197
0.002291 197
0.002292 197
0.002293 196
0.002294 196
0.002295 196
0.002296 196
0.002297 196
0.002298 196
0.002299 196
0.0023 196
0.002301 196
0.002302 196
0.002303 196
0.002304 196
0.002305 196
0.002306 196
0.002307 196
0.002308 196
0.002309 196
0.00231 196
0.002311 196
0.002312 196
0.002313 196
0.002314 196
0.002315 196
0.002316 196
0.002317 196
0.002318 196
0.002319 196
0.00232 196
0.002321 196
0.002322 196
0.002323 196
0.002324 196
0.002325 196
0.002326 196
0.002327 196
0.002328 196
0.002329 196
0.00233 196
0.002331 196
0.002332 196
0.002333 196
0.002334 196
0.002335 196
0.002336 196
0.002337 196
0.002338 196
0.002339 196
0.00234 196
0.002341 196
0.002342 196
0.002343 196
0.002344 196
0.002345 196
0.002346 196
0.002347 196
0.002348 196
0.002349 196
0.00235 196
0.002351 196
0.002352 196
0.002353 196
0.002354 196
0.002355 196
0.002356 196
0.002357 196
0.002358 196
0.002359 196
0.00236 196
0.002361 196
0.002362 196
0.002363 196
0.002364 196
0.002365 196
0.002366 196
0.002367 196
0.002368 196
0.002369 196
0.00237 195
0.002371 195
0.002372 195
0.002373 195
0.002374 195
0.002375 195
0.002376 195
0.002377 195
0.002378 195
0.002379 195
0.00238 195
0.002381 195
0.002382 195
0.002383 195
0.002384 195
0.002385 195
0.002386 196
0.002387 196
0.002388 196
0.002389 196
0.00239 196
0.002391 196
0.002392 196
0.002393 196
0.002394 196
0.002395 196
0.002396 196
0.002397 196
0.002398 196
0.002399 196
0.0024 196
0.002401 196
0.002402 196
0.002403 196
0.002404 196
0.002405 196
0.002406 196
0.002407 196
0.002408 196
0.002409 196
0.00241 196
0.002411 196
0.002412 196
0.002413 196
0.002414 196
0.002415 196
0.002416 196
0.002417 196
0.002418 196
0.002419 196
0.00242 196
0.002421 196
0.002422 196
0.002423 196
0.002424 196
0.002425 196
0.002426 196
0.002427 196
0.002428 196
0.002429 196
0.00243 196
0.002431 196
0.002432 196
0.002433 196
0.002434 196
0.002435 196
0.002436 196
0.002437 196
0.002438 196
0.002439 196
0.00244 196
0.002441 196
0.002442 196
0.002443 196
0.002444 196
0.002445 195
0.002446 195
0.002447 195
0.002448 195
0.002449 195
0.00245 195
0.002451 195
0.002452 195
0.002453 195
0.002454 195
0.002455 195
0.002456 195
0.002457 195
0.002458 195
0.002459 195
0.00246 195
0.002461 195
0.002462 195
0.002463 195
0.002464 194
0.002465 194
0.002466 194
0.002467 194
0.002468 194
0.002469 194
0.00247 194
0.002471 194
0.002472 194
0.002473 194
0.002474 194
0.002475 194
0.002476 194
0.002477 194
0.002478 194
0.002479 194
0.00248 194
0.002481 194
0.002482 194
0.002483 195
0.002484 195
0.002485 195
0.002486 195
0.002487 195
0.002488 195
0.002489 195
0.00249 195
0.002491 195
0.002492 195
0.002493 195
0.002494 195
0.002495 195
0.002496 195
0.002497 195
0.002498 195
0.002499 195
0.0025 195
0.002501 195
0.002502 195
0.002503 195
0.002504 195
0.002505 195
0.002506 195
0.002507 195
0.002508 195
0.002509 195
0.00251 195
0.002511 195
0.002512 195
0.002513 195
0.002514 195
0.002515 195
0.002516 195
0.002517 195
0.002518 195
0.002519 195
0.00252 195
0.002521 195
0.002522 195
0.002523 195
0.002524 195
0.002525 195
0.002526 195
0.002527 195
0.002528 195
0.002529 195
0.00253 195
0.002531 195
0.002532 195
0.002533 195
0.002534 195
0.002535 195
0.002536 195
0.002537 195
0.002538 195
0.002539 195
0.00254 195
0.002541 195
0.002542 195
0.002543 195
0.002544 195
0.002545 195
0.002546 195
0.002547 195
0.002548 195
0.002549 195
0.00255 195
0.002551 195
0.002552 195
0.002553 195
0.002554 195
0.002555 195
0.002556 195
0.002557 195
0.002558 195
0.002559 195
0.00256 195
0.002561 195
0.002562 195
0.002563 195
0.002564 195
0.002565 195
0.002566 195
0.002567 195
0.002568 195
0.002569 195
0.00257 195
0.002571 195
0.002572 195
0.002573 195
0.002574 195
0.002575 195
0.002576 195
0.002577 195
0.002578 195
0.002579 195
0.00258 195
0.002581 195
0.002582 195
0.002583 195
0.002584 195
0.002585 195
0.002586 195
0.002587 195
0.002588 195
0.002589 195
0.00259 195
0.002591 195
0.002592 195
0.002593 195
0.002594 195
0.002595 195
0.002596 194
0.002597 194
0.002598 194
0.002599 194
0.0026 194
0.002601 194
0.002602 194
0.002603 194
0.002604 194
0.002605 194
0.002606 194
0.002607 194
0.002608 194
0.002609 194
0.00261 194
0.002611 194
0.002612 194
0.002613 194
0.002614 194
0.002615 194
0.002616 194
0.002617 194
0.002618 194
0.002619 194
0.00262 194
0.002621 194
0.002622 194
0.002623 194
0.002624 194
0.002625 194
0.002626 194
0.002627 194
0.002628 194
0.002629 194
0.00263 194
0.002631 194
0.002632 194
0.002633 194
0.002634 194
0.002635 194
0.002636 194
0.002637 194
0.002638 194
0.002639 194
0.00264 194
0.002641 194
0.002642 194
0.002643 194
0.002644 194
0.002645 194
0.002646 194
0.002647 194
0.002648 194
0.002649 194
0.00265 194
0.002651 194
0.002652 194
0.002653 194
0.002654 194
0.002655 194
0.002656 194
0.002657 194
0.002658 194
0.002659 194
0.00266 194
0.002661 194
0.002662 194
0.002663 194
0.002664 194
0.002665 194
0.002666 194
0.002667 194
0.002668 194
0.002669 194
0.00267 194
0.002671 194
0.002672 194
0.002673 194
0.002674 194
0.002675 194
0.002676 194
0.002677 194
0.002678 194
0.002679 194
0.00268 194
0.002681 194
0.002682 194
0.002683 194
0.002684 194
0.002685 194
0.002686 194
0.002687 194
0.002688 194
0.002689 194
0.00269 194
0.002691 193
0.002692 193
0.002693 193
0.002694 193
0.002695 193
0.002696 193
0.002697 193
0.002698 193
0.002699 192
0.0027 192
0.002701 192
0.002702 192
0.002703 192
0.002704 192
0.002705 192
0.002706 192
0.002707 192
0.002708 192
0.002709 192
0.00271 192
0.002711 192
0.002712 192
0.002713 192
0.002714 192
0.002715 192
0.002716 192
0.002717 192
0.002718 192
0.002719 192
0.00272 192
0.002721 192
0.002722 192
0.002723 192
0.002724 192
0.002725 192
0.002726 192
0.002727 192
0.002728 192
0.002729 192
0.00273 192
0.002731 192
0.002732 192
0.002733 192
0.002734 192
0.002735 192
0.002736 192
0.002737 192
0.002738 192
0.002739 191
0.00274 191
0.002741 191
0.002742 191
0.002743 191
0.002744 191
0.002745 191
0.002746 191
0.002747 191
0.002748 191
0.002749 191
0.00275 191
0.002751 191
0.002752 191
0.002753 191
0.002754 191
0.002755 191
0.002756 191
0.002757 191
0.002758 191
0.002759 191
0.00276 191
0.002761 191
0.002762 191
0.002763 191
0.002764 191
0.002765 191
0.002766 191
0.002767 191
0.002768 191
0.002769 191
0.00277 191
0.002771 191
0.002772 191
0.002773 191
0.002774 191
0.002775 191
0.002776 191
0.002777 192
0.002778 192
0.002779 192
0.00278 192
0.002781 192
0.002782 192
0.002783 192
0.002784 192
0.002785 192
0.002786 192
0.002787 192
0.002788 192
0.002789 192
0.00279 192
0.002791 192
0.002792 192
0.002793 192
0.002794 192
0.002795 192
0.002796 192
0.002797 192
0.002798 191
0.002799 191
0.0028 191
0.002801 191
0.002802 191
0.002803 191
0.002804 191
0.002805 191
0.002806 191
0.002807 191
0.002808 191
0.002809 191
0.00281 191
0.002811 191
0.002812 191
0.002813 191
0.002814 191
0.002815 191
0.002816 191
0.002817 191
0.002818 191
0.002819 191
0.00282 191
0.002821 191
0.002822 191
0.002823 191
0.002824 191
0.002825 191
0.002826 191
0.002827 192
0.002828 192
0.002829 192
0.00283 192
0.002831 192
0.002832 192
0.002833 192
0.002834 192
0.002835 192
0.002836 192
0.002837 192
0.002838 192
0.002839 192
0.00284 192
0.002841 192
0.002842 192
0.002843 192
0.002844 192
0.002845 192
0.002846 192
0.002847 192
0.002848 192
0.002849 191
0.00285 191
0.002851 191
0.002852 191
0.002853 191
0.002854 191
0.002855 191
0.002856 191
0.002857 191
0.002858 191
0.002859 191
0.00286 191
0.002861 191
0.002862 191
0.002863 191
0.002864 191
0.002865 191
0.002866 191
0.002867 191
0.002868 191
0.002869 191
0.00287 191
0.002871 191
0.002872 191
0.002873 191
0.002874 191
0.002875 191
0.002876 191
0.002877 191
0.002878 191
0.002879 191
0.00288 191
0.002881 191
0.002882 191
0.002883 192
0.002884 192
0.002885 192
0.002886 192
0.002887 192
0.002888 192
0.002889 192
0.00289 192
0.002891 192
0.002892 192
0.002893 192
0.002894 192
0.002895 192
0.002896 192
0.002897 192
0.002898 192
0.002899 192
0.0029 192
0.002901 192
0.002902 192
0.002903 192
0.002904 192
0.002905 192
0.002906 192
0.002907 192
0.002908 192
0.002909 192
0.00291 192
0.002911 192
0.002912 192
0.002913 192
0.002914 192
0.002915 192
0.002916 192
0.002917 192
0.002918 192
0.002919 192
0.00292 192
0.002921 192
0.002922 192
0.002923 192
0.002924 192
0.002925 192
0.002926 191
0.002927 191
0.002928 191
0.002929 191
0.00293 191
0.002931 191
0.002932 191
0.002933 191
0.002934 191
0.002935 191
0.002936 191
0.002937 191
0.002938 191
0.002939 191
0.00294 191
0.002941 191
0.002942 191
0.002943 191
0.002944 191
0.002945 191
0.002946 191
0.002947 191
0.002948 191
0.002949 191
0.00295 191
0.002951 191
0.002952 191
0.002953 191
0.002954 191
0.002955 191
0.002956 191
0.002957 191
0.002958 191
0.002959 191
0.00296 191
0.002961 191
0.002962 191
0.002963 191
0.002964 191
0.002965 191
0.002966 191
0.002967 191
0.002968 191
0.002969 191
0.00297 191
0.002971 191
0.002972 191
0.002973 191
0.002974 191
0.002975 191
0.002976 191
0.002977 191
0.002978 191
0.002979 191
0.00298 191
0.002981 191
0.002982 191
0.002983 191
0.002984 191
0.002985 191
0.002986 190
0.002987 190
0.002988 191
0.002989 191
0.00299 191
0.002991 191
0.002992 191
0.002993 191
0.002994 191
0.002995 191
0.002996 191
0.002997 191
0.002998 190
0.002999 190
0.003 190
0.003001 190
0.003002 190
0.003003 190
0.003004 190
0.003005 190
0.003006 190
0.003007 190
0.003008 190
0.003009 190
0.00301 190
0.003011 190
0.003012 190
0.003013 190
0.003014 190
0.003015 190
0.003016 190
0.003017 190
0.003018 190
0.003019 190
0.00302 190
0.003021 190
0.003022 190
0.003023 190
0.003024 190
0.003025 190
0.003026 190
0.003027 190
0.003028 190
0.003029 190
0.00303 190
0.003031 190
0.003032 190
0.003033 190
0.003034 191
0.003035 191
0.003036 191
0.003037 191
0.003038 191
0.003039 191
0.00304 191
0.003041 191
0.003042 192
0.003043 192
0.003044 192
0.003045 192
0.003046 192
0.003047 192
0.003048 192
0.003049 192
0.00305 192
0.003051 192
0.003052 192
0.003053 192
0.003054 192
0.003055 192
0.003056 192
0.003057 192
0.003058 192
0.003059 192
0.00306 192
0.003061 192
0.003062 192
0.003063 192
0.003064 192
0.003065 192
0.003066 192
0.003067 192
0.003068 192
0.003069 192
0.00307 192
0.003071 192
0.003072 192
0.003073 192
0.003074 192
0.003075 192
0.003076 192
0.003077 192
0.003078 192
0.003079 192
0.00308 192
0.003081 192
0.003082 192
0.003083 192
0.003084 192
0.003085 192
0.003086 192
0.003087 192
0.003088 192
0.003089 192
0.00309 192
0.003091 192
0.003092 192
0.003093 192
0.003094 192
0.003095 192
0.003096 192
0.003097 192
0.003098 192
0.003099 192
0.0031 192
0.003101 192
0.003102 192
0.003103 192
0.003104 192
0.003105 192
0.003106 193
0.003107 193
0.003108 193
0.003109 193
0.00311 193
0.003111 193
0.003112 193
0.003113 193
0.003114 193
0.003115 193
0.003116 193
0.003117 193
0.003118 193
0.003119 193
0.00312 193
0.003121 193
0.003122 193
0.003123 193
0.003124 193
0.003125 193
0.003126 193
0.003127 193
0.003128 193
0.003129 193
0.00313 193
0.003131 193
0.003132 192
0.003133 192
0.003134 192
0.003135 192
0.003136 192
0.003137 192
0.003138 192
0.003139 192
0.00314 192
0.003141 191
0.003142 191
0.003143 191
0.003144 191
0.003145 191
0.003146 191
0.003147 191
0.003148 191
0.003149 191
0.00315 191
0.003151 191
0.003152 191
0.003153 191
0.003154 191
0.003155 191
0.003156 191
0.003157 191
0.003158 191
0.003159 191
0.00316 191
0.003161 191
0.003162 191
0.003163 191
0.003164 191
0.003165 192
0.003166 192
0.003167 192
0.003168 192
0.003169 192
0.00317 192
0.003171 192
0.003172 192
0.003173 192
0.003174 192
0.003175 192
0.003176 192
0.003177 192
0.003178 192
0.003179 192
0.00318 192
0.003181 192
0.003182 192
0.003183 192
0.003184 192
0.003185 192
0.003186 192
0.003187 192
0.003188 192
0.003189 192
0.00319 192
0.003191 192
0.003192 192
0.003193 192
0.003194 192
0.003195 192
0.003196 192
0.003197 192
0.003198 192
0.003199 192
0.0032 192
0.003201 192
0.003202 192
0.003203 192
0.003204 192
0.003205 192
0.003206 192
0.003207 192
0.003208 192
0.003209 192
0.00321 192
0.003211 192
0.003212 192
0.003213 192
0.003214 192
0.003215 192
0.003216 192
0.003217 192
0.003218 192
0.003219 192
0.00322 192
0.003221 192
0.003222 192
0.003223 192
0.003224 192
0.003225 192
0.003226 192
0.003227 192
0.003228 192
0.003229 192
0.00323 192
0.003231 192
0.003232 192
0.003233 192
0.003234 192
0.003235 192
0.003236 192
0.003237 192
0.003238 192
0.003239 192
0.00324 192
0.003241 192
0.003242 192
0.003243 192
0.003244 192
0.003245 192
0.003246 192
0.003247 192
0.003248 192
0.003249 193
0.00325 193
0.003251 193
0.003252 193
0.003253 193
0.003254 193
0.003255 193
0.003256 193
0.003257 193
0.003258 193
0.003259 193
0.00326 193
0.003261 193
0.003262 193
0.003263 193
0.003264 193
0.003265 193
0.003266 193
0.003267 193
0.003268 193
0.003269 193
0.00327 193
0.003271 193
0.003272 193
0.003273 192
0.003274 192
0.003275 192
0.003276 192
0.003277 192
0.003278 192
0.003279 192
0.00328 192
0.003281 192
0.003282 192
0.003283 192
0.003284 192
0.003285 192
0.003286 192
0.003287 192
0.003288 192
0.003289 192
0.00329 192
0.003291 192
0.003292 193
0.003293 193
0.003294 193
0.003295 193
0.003296 194
0.003297 194
0.003298 194
0.003299 194
0.0033 194
0.003301 194
0.003302 194
0.003303 194
0.003304 194
0.003305 194
0.003306 194
0.003307 194
0.003308 194
0.003309 194
0.00331 194
0.003311 194
0.003312 194
0.003313 194
0.003314 194
0.003315 194
0.003316 194
0.003317 194
0.003318 194
0.003319 194
0.00332 194
0.003321 194
0.003322 194
0.003323 194
0.003324 194
0.003325 194
0.003326 194
0.003327 194
0.003328 194
0.003329 194
0.00333 193
0.003331 193
0.003332 193
0.003333 193
0.003334 193
0.003335 193
0.003336 193
0.003337 193
0.003338 193
0.003339 193
0.00334 193
0.003341 193
0.003342 193
0.003343 193
0.003344 194
0.003345 194
0.003346 194
0.003347 194
0.003348 194
0.003349 194
0.00335 194
0.003351 194
0.003352 193
0.003353 193
0.003354 193
0.003355 193
0.003356 193
0.003357 193
0.003358 193
0.003359 193
0.00336 193
0.003361 193
0.003362 193
0.003363 193
0.003364 193
0.003365 193
0.003366 193
0.003367 193
0.003368 193
0.003369 193
0.00337 193
0.003371 193
0.003372 193
0.003373 193
0.003374 193
0.003375 193
0.003376 193
0.003377 193
0.003378 193
0.003379 193
0.00338 193
0.003381 193
0.003382 193
0.003383 193
0.003384 193
0.003385 193
0.003386 193
0.003387 193
0.003388 193
0.003389 193
0.00339 193
0.003391 193
0.003392 193
0.003393 193
0.003394 193
0.003395 193
0.003396 193
0.003397 193
0.003398 193
0.003399 193
0.0034 193
0.003401 193
0.003402 193
0.003403 193
0.003404 193
0.003405 193
0.003406 193
0.003407 193
0.003408 193
0.003409 193
0.00341 193
0.003411 193
0.003412 193
0.003413 193
0.003414 193
0.003415 192
0.003416 192
0.003417 192
0.003418 192
0.003419 192
0.00342 192
0.003421 192
0.003422 192
0.003423 192
0.003424 192
0.003425 192
0.003426 192
0.003427 192
0.003428 192
0.003429 192
0.00343 192
0.003431 192
0.003432 192
0.003433 192
0.003434 192
0.003435 192
0.003436 192
0.003437 192
0.003438 192
0.003439 192
0.00344 192
0.003441 192
0.003442 192
0.003443 192
0.003444 193
0.003445 193
0.003446 193
0.003447 193
0.003448 193
0.003449 193
0.00345 193
0.003451 193
0.003452 193
0.003453 193
0.003454 193
0.003455 193
0.003456 193
0.003457 193
0.003458 193
0.003459 193
0.00346 193
0.003461 193
0.003462 193
0.003463 193
0.003464 193
0.003465 193
0.003466 193
0.003467 193
0.003468 193
0.003469 193
0.00347 193
0.003471 193
0.003472 193
0.003473 193
0.003474 193
0.003475 193
0.003476 193
0.003477 193
0.003478 193
0.003479 193
0.00348 193
0.003481 193
0.003482 193
0.003483 193
0.003484 193
0.003485 193
0.003486 193
0.003487 193
0.003488 193
0.003489 193
0.00349 193
0.003491 193
0.003492 193
0.003493 193
0.003494 193
0.003495 193
0.003496 193
0.003497 193
0.003498 193
0.003499 193
0.0035 193
0.003501 193
0.003502 193
0.003503 193
0.003504 193
0.003505 193
0.003506 193
0.003507 193
0.003508 193
0.003509 193
0.00351 193
0.003511 193
0.003512 193
0.003513 193
0.003514 193
0.003515 193
0.003516 193
0.003517 193
0.003518 193
0.003519 193
0.00352 193
0.003521 193
0.003522 193
0.003523 193
0.003524 193
0.003525 193
0.003526 192
0.003527 192
0.003528 192
0.003529 192
0.00353 192
0.003531 192
0.003532 192
0.003533 192
0.003534 192
0.003535 192
0.003536 192
0.003537 192
0.003538 191
0.003539 191
0.00354 191
0.003541 191
0.003542 191
0.003543 191
0.003544 191
0.003545 191
0.003546 191
0.003547 191
0.003548 191
0.003549 191
0.00355 191
0.003551 190
0.003552 190
0.003553 190
0.003554 190
0.003555 190
0.003556 191
0.003557 191
0.003558 191
0.003559 191
0.00356 191
0.003561 191
0.003562 191
0.003563 191
0.003564 191
0.003565 191
0.003566 191
0.003567 191
0.003568 191
0.003569 191
0.00357 191
0.003571 191
0.003572 191
0.003573 191
0.003574 191
0.003575 191
0.003576 190
0.003577 190
0.003578 190
0.003579 190
0.00358 190
0.003581 190
0.003582 190
0.003583 190
0.003584 190
0.003585 190
0.003586 190
0.003587 190
0.003588 190
0.003589 190
0.00359 190
0.003591 190
0.003592 190
0.003593 190
0.003594 190
0.003595 190
0.003596 190
0.003597 190
0.003598 190
0.003599 190
0.0036 190
0.003601 190
0.003602 190
0.003603 190
0.003604 190
0.003605 190
0.003606 190
0.003607 190
0.003608 190
0.003609 190
0.00361 190
0.003611 190
0.003612 190
0.003613 190
0.003614 191
0.003615 191
0.003616 190
0.003617 190
0.003618 190
0.003619 190
0.00362 190
0.003621 190
0.003622 190
0.003623 190
0.003624 190
0.003625 190
0.003626 190
0.003627 189
0.003628 189
0.003629 189
0.00363 189
0.003631 189
0.003632 189
0.003633 189
0.003634 189
0.003635 189
0.003636 189
0.003637 190
0.003638 190
0.003639 190
0.00364 190
0.003641 190
0.003642 190
0.003643 190
0.003644 190
0.003645 190
0.003646 190
0.003647 190
0.003648 190
0.003649 190
0.00365 190
0.003651 190
0.003652 190
0.003653 190
0.003654 190
0.003655 190
0.003656 190
0.003657 190
0.003658 190
0.003659 190
0.00366 190
0.003661 190
0.003662 190
0.003663 190
0.003664 190
0.003665 190
0.003666 190
0.003667 190
0.003668 190
0.003669 190
0.00367 190
0.003671 190
0.003672 190
0.003673 190
0.003674 190
0.003675 190
0.003676 190
0.003677 190
0.003678 190
0.003679 190
0.00368 190
0.003681 190
0.003682 190
0.003683 190
0.003684 190
0.003685 190
0.003686 190
0.003687 190
0.003688 190
0.003689 190
0.00369 191
0.003691 191
0.003692 191
0.003693 191
0.003694 191
0.003695 191
0.003696 191
0.003697 191
0.003698 191
0.003699 191
0.0037 191
0.003701 192
0.003702 192
0.003703 192
0.003704 192
0.003705 192
0.003706 192
0.003707 192
0.003708 192
0.003709 192
0.00371 192
0.003711 192
0.003712 192
0.003713 192
0.003714 192
0.003715 192
0.003716 192
0.003717 192
0.003718 192
0.003719 192
0.00372 192
0.003721 192
0.003722 192
0.003723 192
0.003724 192
0.003725 192
0.003726 192
0.003727 192
0.003728 192
0.003729 192
0.00373 192
0.003731 192
0.003732 192
0.003733 192
0.003734 192
0.003735 192
0.003736 192
0.003737 192
0.003738 191
0.003739 191
0.00374 191
0.003741 191
0.003742 191
0.003743 191
0.003744 191
0.003745 191
0.003746 191
0.003747 191
0.003748 191
0.003749 191
0.00375 191
0.003751 191
0.003752 191
0.003753 191
0.003754 191
0.003755 191
0.003756 191
0.003757 191
0.003758 191
0.003759 191
0.00376 191
0.003761 191
0.003762 191
0.003763 191
0.003764 191
0.003765 191
0.003766 191
0.003767 191
0.003768 191
0.003769 191
0.00377 191
0.003771 191
0.003772 191
0.003773 191
0.003774 191
0.003775 191
0.003776 191
0.003777 191
0.003778 191
0.003779 191
0.00378 191
0.003781 191
0.003782 191
0.003783 191
0.003784 191
0.003785 191
0.003786 191
0.003787 191
0.003788 191
0.003789 191
0.00379 191
0.003791 191
0.003792 191
0.003793 191
0.003794 191
0.003795 191
0.003796 191
0.003797 191
0.003798 191
0.003799 191
0.0038 191
0.003801 191
0.003802 191
0.003803 191
0.003804 191
0.003805 191
0.003806 191
0.003807 191
0.003808 191
0.003809 191
0.00381 191
0.003811 191
0.003812 191
0.003813 191
0.003814 191
0.003815 191
0.003816 191
0.003817 191
0.003818 191
0.003819 191
0.00382 191
0.003821 191
0.003822 191
0.003823 191
0.003824 191
0.003825 191
0.003826 191
0.003827 191
0.003828 191
0.003829 191
0.00383 191
0.003831 191
0.003832 191
0.003833 191
0.003834 191
0.003835 191
0.003836 191
0.003837 191
0.003838 191
0.003839 191
0.00384 191
0.003841 192
0.003842 192
0.003843 192
0.003844 192
0.003845 192
0.003846 192
0.003847 192
0.003848 192
0.003849 192
0.00385 192
0.003851 192
0.003852 192
0.003853 192
0.003854 192
0.003855 192
0.003856 192
0.003857 192
0.003858 192
0.003859 192
0.00386 191
0.003861 191
0.003862 191
0.003863 191
0.003864 191
0.003865 191
0.003866 191
0.003867 191
0.003868 192
0.003869 192
0.00387 192
0.003871 192
0.003872 192
0.003873 192
0.003874 192
0.003875 192
0.003876 192
0.003877 193
0.003878 193
0.003879 193
0.00388 193
0.003881 193
0.003882 193
0.003883 193
0.003884 193
0.003885 193
0.003886 193
0.003887 193
0.003888 193
0.003889 193
0.00389 193
0.003891 193
0.003892 193
0.003893 193
0.003894 193
0.003895 193
0.003896 193
0.003897 193
0.003898 194
0.003899 194
0.0039 194
0.003901 194
0.003902 194
0.003903 194
0.003904 194
0.003905 194
0.003906 194
0.003907 194
0.003908 194
0.003909 194
0.00391 194
0.003911 194
0.003912 194
0.003913 194
0.003914 194
0.003915 194
0.003916 194
0.003917 194
0.003918 194
0.003919 194
0.00392 194
0.003921 194
0.003922 194
0.003923 194
0.003924 194
0.003925 194
0.003926 193
0.003927 193
0.003928 193
0.003929 193
0.00393 193
0.003931 193
0.003932 193
0.003933 193
0.003934 193
0.003935 193
0.003936 193
0.003937 193
0.003938 193
0.003939 193
0.00394 193
0.003941 193
0.003942 193
0.003943 193
0.003944 193
0.003945 193
0.003946 193
0.003947 193
0.003948 193
0.003949 193
0.00395 193
0.003951 193
0.003952 193
0.003953 193
0.003954 193
0.003955 193
0.003956 193
0.003957 193
0.003958 193
0.003959 192
0.00396 192
0.003961 192
0.003962 192
0.003963 192
0.003964 192
0.003965 192
0.003966 192
0.003967 192
0.003968 192
0.003969 192
0.00397 192
0.003971 192
0.003972 192
0.003973 192
0.003974 192
0.003975 192
0.003976 192
0.003977 192
0.003978 192
0.003979 191
0.00398 191
0.003981 191
0.003982 191
0.003983 191
0.003984 191
0.003985 191
0.003986 191
0.003987 191
0.003988 191
0.003989 191
0.00399 191
0.003991 191
0.003992 191
0.003993 191
0.003994 191
0.003995 191
0.003996 191
0.003997 191
0.003998 191
0.003999 191
0.004 191
0.004001 191
0.004002 191
0.004003 191
0.004004 191
0.004005 191
0.004006 191
0.004007 191
0.004008 191
0.004009 191
0.00401 191
0.004011 191
0.004012 191
0.004013 191
0.004014 191
0.004015 191
0.004016 191
0.004017 191
0.004018 191
0.004019 191
0.00402 191
0.004021 191
0.004022 191
0.004023 191
0.004024 191
0.004025 191
0.004026 191
0.004027 191
0.004028 191
0.004029 192
0.00403 192
0.004031 192
0.004032 192
0.004033 192
0.004034 192
0.004035 192
0.004036 193
0.004037 194
0.004038 194
0.004039 194
0.00404 194
0.004041 194
0.004042 194
0.004043 195
0.004044 195
0.004045 195
0.004046 195
0.004047 195
0.004048 195
0.004049 195
0.00405 195
0.004051 195
0.004052 195
0.004053 195
0.004054 195
0.004055 195
0.004056 195
0.004057 195
0.004058 195
0.004059 195
0.00406 195
0.004061 195
0.004062 195
0.004063 195
0.004064 195
0.004065 195
0.004066 195
0.004067 195
0.004068 195
0.004069 195
0.00407 195
0.004071 195
0.004072 195
0.004073 195
0.004074 195
0.004075 195
0.004076 195
0.004077 195
0.004078 195
0.004079 195
0.00408 195
0.004081 195
0.004082 195
0.004083 195
0.004084 195
0.004085 195
0.004086 195
0.004087 195
0.004088 195
0.004089 195
0.00409 194
0.004091 194
0.004092 194
0.004093 194
0.004094 194
0.004095 194
0.004096 194
0.004097 194
0.004098 194
0.004099 194
0.0041 194
0.004101 193
0.004102 193
0.004103 193
0.004104 193
0.004105 193
0.004106 193
0.004107 193
0.004108 193
0.004109 193
0.00411 193
0.004111 193
0.004112 193
0.004113 193
0.004114 191
0.004115 191
0.004116 191
0.004117 191
0.004118 191
0.004119 191
0.00412 191
0.004121 191
0.004122 191
0.004123 191
0.004124 191
0.004125 191
0.004126 191
0.004127 191
0.004128 191
0.004129 191
0.00413 191
0.004131 191
0.004132 191
0.004133 190
0.004134 190
0.004135 190
0.004136 190
0.004137 190
0.004138 190
0.004139 190
0.00414 190
0.004141 190
0.004142 190
0.004143 190
0.004144 190
0.004145 190
0.004146 190
0.004147 190
0.004148 190
0.004149 190
0.00415 190
0.004151 190
0.004152 191
0.004153 191
0.004154 191
0.004155 191
0.004156 191
0.004157 191
0.004158 191
0.004159 191
0.00416 191
0.004161 191
0.004162 191
0.004163 191
0.004164 191
0.004165 191
0.004166 191
0.004167 192
0.004168 192
0.004169 192
0.00417 192
0.004171 192
0.004172 192
0.004173 192
0.004174 192
0.004175 192
0.004176 192
0.004177 192
0.004178 192
0.004179 192
0.00418 192
0.004181 192
0.004182 192
0.004183 192
0.004184 192
0.004185 192
0.004186 192
0.004187 192
0.004188 192
0.004189 192
0.00419 192
0.004191 192
0.004192 192
0.004193 192
0.004194 192
0.004195 192
0.004196 192
0.004197 192
0.004198 192
0.004199 192
0.0042 192
0.004201 192
0.004202 192
0.004203 192
0.004204 192
0.004205 192
0.004206 192
0.004207 192
0.004208 192
0.004209 192
0.00421 192
0.004211 192
0.004212 192
0.004213 192
0.004214 192
0.004215 192
0.004216 192
0.004217 192
0.004218 192
0.004219 192
0.00422 192
0.004221 192
0.004222 192
0.004223 192
0.004224 192
0.004225 192
0.004226 192
0.004227 192
0.004228 192
0.004229 192
0.00423 192
0.004231 192
0.004232 192
0.004233 193
0.004234 193
0.004235 193
0.004236 193
0.004237 193
0.004238 193
0.004239 193
0.00424 193
0.004241 193
0.004242 193
0.004243 193
0.004244 193
0.004245 193
0.004246 193
0.004247 193
0.004248 194
0.004249 194
0.00425 194
0.004251 194
0.004252 194
0.004253 194
0.004254 194
0.004255 195
0.004256 195
0.004257 195
0.004258 195
0.004259 195
0.00426 195
0.004261 194
0.004262 194
0.004263 194
0.004264 194
0.004265 194
0.004266 194
0.004267 194
0.004268 194
0.004269 194
0.00427 194
0.004271 195
0.004272 195
0.004273 195
0.004274 195
0.004275 195
0.004276 195
0.004277 195
0.004278 195
0.004279 195
0.00428 195
0.004281 195
0.004282 195
0.004283 195
0.004284 195
0.004285 195
0.004286 195
0.004287 195
0.004288 195
0.004289 195
0.00429 195
0.004291 195
0.004292 195
0.004293 195
0.004294 195
0.004295 195
0.004296 195
0.004297 195
0.004298 195
0.004299 195
0.0043 195
0.004301 195
0.004302 195
0.004303 195
0.004304 195
0.004305 195
0.004306 195
0.004307 195
0.004308 195
0.004309 195
0.00431 195
0.004311 195
0.004312 195
0.004313 195
0.004314 195
0.004315 195
0.004316 195
0.004317 195
0.004318 195
0.004319 195
0.00432 195
0.004321 195
0.004322 195
0.004323 195
0.004324 195
0.004325 195
0.004326 195
0.004327 195
0.004328 195
0.004329 195
0.00433 195
0.004331 195
0.004332 195
0.004333 195
0.004334 195
0.004335 195
0.004336 195
0.004337 195
0.004338 195
0.004339 195
0.00434 195
0.004341 195
0.004342 195
0.004343 195
0.004344 195
0.004345 195
0.004346 195
0.004347 195
0.004348 195
0.004349 195
0.00435 195
0.004351 195
0.004352 195
0.004353 195
0.004354 195
0.004355 195
0.004356 195
0.004357 195
0.004358 195
0.004359 195
0.00436 195
0.004361 195
0.004362 195
0.004363 195
0.004364 195
0.004365 195
0.004366 195
0.004367 195
0.004368 195
0.004369 195
0.00437 195
0.004371 195
0.004372 195
0.004373 195
0.004374 195
0.004375 195
0.004376 195
0.004377 196
0.004378 196
0.004379 196
0.00438 196
0.004381 196
0.004382 196
0.004383 196
0.004384 196
0.004385 196
0.004386 196
0.004387 196
0.004388 196
0.004389 195
0.00439 195
0.004391 195
0.004392 195
0.004393 195
0.004394 195
0.004395 195
0.004396 195
0.004397 195
0.004398 195
0.004399 195
0.0044 195
0.004401 195
0.004402 195
0.004403 194
0.004404 194
0.004405 194
0.004406 194
0.004407 195
0.004408 195
0.004409 195
0.00441 195
0.004411 195
0.004412 195
0.004413 195
0.004414 194
0.004415 194
0.004416 194
0.004417 194
0.004418 194
0.004419 194
0.00442 194
0.004421 194
0.004422 194
0.004423 194
0.004424 194
0.004425 194
0.004426 194
0.004427 194
0.004428 194
0.004429 194
0.00443 194
0.004431 194
0.004432 194
0.004433 194
0.004434 194
0.004435 194
0.004436 194
0.004437 194
0.004438 194
0.004439 194
0.00444 194
0.004441 194
0.004442 194
0.004443 194
0.004444 194
0.004445 194
0.004446 194
0.004447 194
0.004448 194
0.004449 194
0.00445 194
0.004451 194
0.004452 194
0.004453 194
0.004454 194
0.004455 194
0.004456 194
0.004457 194
0.004458 194
0.004459 194
0.00446 194
0.004461 194
0.004462 194
0.004463 194
0.004464 194
0.004465 194
0.004466 194
0.004467 194
0.004468 194
0.004469 194
0.00447 194
0.004471 194
0.004472 194
0.004473 194
0.004474 194
0.004475 194
0.004476 194
0.004477 194
0.004478 194
0.004479 194
0.00448 194
0.004481 194
0.004482 194
0.004483 194
0.004484 194
0.004485 194
0.004486 194
0.004487 194
0.004488 194
0.004489 194
0.00449 194
0.004491 194
0.004492 194
0.004493 194
0.004494 194
0.004495 194
0.004496 195
0.004497 195
0.004498 195
0.004499 195
0.0045 195
0.004501 195
0.004502 195
0.004503 195
0.004504 195
0.004505 195
0.004506 195
0.004507 195
0.004508 195
0.004509 195
0.00451 195
0.004511 195
0.004512 195
0.004513 195
0.004514 195
0.004515 196
0.004516 196
0.004517 196
0.004518 196
0.004519 196
0.00452 196
0.004521 196
0.004522 196
0.004523 197
0.004524 197
0.004525 197
0.004526 197
0.004527 197
0.004528 197
0.004529 197
0.00453 197
0.004531 197
0.004532 197
0.004533 198
0.004534 198
0.004535 198
0.004536 198
0.004537 198
0.004538 198
0.004539 198
0.00454 198
0.004541 198
0.004542 198
0.004543 198
0.004544 198
0.004545 198
0.004546 198
0.004547 198
0.004548 198
0.004549 198
0.00455 198
0.004551 198
0.004552 198
0.004553 198
0.004554 198
0.004555 198
0.004556 198
0.004557 198
0.004558 198
0.004559 198
0.00456 198
0.004561 198
0.004562 198
0.004563 198
0.004564 198
0.004565 198
0.004566 198
0.004567 198
0.004568 198
0.004569 197
0.00457 197
0.004571 197
0.004572 197
0.004573 197
0.004574 197
0.004575 197
0.004576 197
0.004577 196
0.004578 196
0.004579 196
0.00458 196
0.004581 196
0.004582 196
0.004583 196
0.004584 196
0.004585 196
0.004586 196
0.004587 196
0.004588 196
0.004589 197
0.00459 196
0.004591 196
0.004592 196
0.004593 196
0.004594 196
0.004595 196
0.004596 196
0.004597 197
0.004598 197
0.004599 197
0.0046 197
0.004601 197
0.004602 197
0.004603 197
0.004604 197
0.004605 197
0.004606 197
0.004607 197
0.004608 197
0.004609 197
0.00461 197
0.004611 197
0.004612 197
0.004613 197
0.004614 197
0.004615 197
0.004616 197
0.004617 197
0.004618 197
0.004619 197
0.00462 197
0.004621 197
0.004622 197
0.004623 197
0.004624 197
0.004625 197
0.004626 197
0.004627 197
0.004628 197
0.004629 197
0.00463 197
0.004631 197
0.004632 197
0.004633 197
0.004634 197
0.004635 197
0.004636 197
0.004637 198
0.004638 198
0.004639 198
0.00464 198
0.004641 198
0.004642 198
0.004643 198
0.004644 198
0.004645 198
0.004646 198
0.004647 198
0.004648 198
0.004649 198
0.00465 198
0.004651 198
0.004652 198
0.004653 198
0.004654 198
0.004655 199
0.004656 199
0.004657 199
0.004658 199
0.004659 199
0.00466 199
0.004661 199
0.004662 199
0.004663 199
0.004664 199
0.004665 199
0.004666 199
0.004667 199
0.004668 199
0.004669 199
0.00467 199
0.004671 199
0.004672 199
0.004673 199
0.004674 199
0.004675 199
0.004676 199
0.004677 199
0.004678 199
0.004679 199
0.00468 199
0.004681 199
0.004682 199
0.004683 199
0.004684 199
0.004685 199
0.004686 199
0.004687 199
0.004688 199
0.004689 199
0.00469 199
0.004691 199
0.004692 199
0.004693 199
0.004694 199
0.004695 199
0.004696 199
0.004697 199
0.004698 199
0.004699 199
0.0047 199
0.004701 199
0.004702 199
0.004703 199
0.004704 199
0.004705 199
0.004706 199
0.004707 199
0.004708 199
0.004709 199
0.00471 199
0.004711 199
0.004712 199
0.004713 199
0.004714 199
0.004715 199
0.004716 199
0.004717 199
0.004718 199
0.004719 199
0.00472 199
0.004721 199
0.004722 199
0.004723 199
0.004724 199
0.004725 199
0.004726 199
0.004727 199
0.004728 198
0.004729 198
0.00473 198
0.004731 198
0.004732 198
0.004733 198
0.004734 198
0.004735 198
0.004736 198
0.004737 198
0.004738 198
0.004739 198
0.00474 198
0.004741 198
0.004742 198
0.004743 198
0.004744 198
0.004745 198
0.004746 198
0.004747 198
0.004748 198
0.004749 198
0.00475 198
0.004751 198
0.004752 198
0.004753 198
0.004754 198
0.004755 198
0.004756 198
0.004757 198
0.004758 198
0.004759 198
0.00476 199
0.004761 199
0.004762 199
0.004763 199
0.004764 199
0.004765 199
0.004766 199
0.004767 199
0.004768 199
0.004769 199
0.00477 199
0.004771 199
0.004772 199
0.004773 199
0.004774 199
0.004775 199
0.004776 199
0.004777 199
0.004778 199
0.004779 199
0.00478 199
0.004781 199
0.004782 199
0.004783 199
0.004784 199
0.004785 199
0.004786 199
0.004787 199
0.004788 199
0.004789 199
0.00479 199
0.004791 199
0.004792 199
0.004793 199
0.004794 199
0.004795 199
0.004796 199
0.004797 199
0.004798 199
0.004799 199
0.0048 199
0.004801 199
0.004802 199
0.004803 199
0.004804 199
0.004805 199
0.004806 199
0.004807 199
0.004808 199
0.004809 199
0.00481 199
0.004811 199
0.004812 199
0.004813 199
0.004814 199
0.004815 199
0.004816 199
0.004817 198
0.004818 198
0.004819 198
0.00482 198
0.004821 198
0.004822 198
0.004823 198
0.004824 198
0.004825 198
0.004826 198
0.004827 198
0.004828 198
0.004829 198
0.00483 198
0.004831 198
0.004832 198
0.004833 198
0.004834 198
0.004835 198
0.004836 198
0.004837 198
0.004838 198
0.004839 198
0.00484 198
0.004841 198
0.004842 198
0.004843 198
0.004844 198
0.004845 198
0.004846 198
0.004847 198
0.004848 198
0.004849 198
0.00485 198
0.004851 198
0.004852 198
0.004853 198
0.004854 198
0.004855 198
0.004856 198
0.004857 198
0.004858 198
0.004859 198
0.00486 198
0.004861 198
0.004862 198
0.004863 198
0.004864 198
0.004865 198
0.004866 198
0.004867 198
0.004868 198
0.004869 198
0.00487 198
0.004871 198
0.004872 198
0.004873 198
0.004874 198
0.004875 198
0.004876 198
0.004877 198
0.004878 198
0.004879 198
0.00488 198
0.004881 198
0.004882 198
0.004883 198
0.004884 198
0.004885 198
0.004886 198
0.004887 198
0.004888 198
0.004889 198
0.00489 198
0.004891 198
0.004892 198
0.004893 198
0.004894 198
0.004895 198
0.004896 198
0.004897 198
0.004898 198
0.004899 198
0.0049 198
0.004901 198
0.004902 197
0.004903 197
0.004904 197
0.004905 197
0.004906 197
0.004907 197
0.004908 197
0.004909 197
0.00491 197
0.004911 197
0.004912 197
0.004913 197
0.004914 197
0.004915 197
0.004916 197
0.004917 197
0.004918 197
0.004919 197
0.00492 197
0.004921 197
0.004922 197
0.004923 197
0.004924 197
0.004925 197
0.004926 197
0.004927 197
0.004928 197
0.004929 197
0.00493 197
0.004931 197
0.004932 196
0.004933 196
0.004934 196
0.004935 196
0.004936 196
0.004937 196
0.004938 196
0.004939 196
0.00494 196
0.004941 196
0.004942 196
0.004943 196
0.004944 196
0.004945 196
0.004946 196
0.004947 196
0.004948 196
0.004949 196
0.00495 196
0.004951 196
0.004952 196
0.004953 196
0.004954 196
0.004955 196
0.004956 196
0.004957 196
0.004958 196
0.004959 196
0.00496 196
0.004961 196
0.004962 196
0.004963 196
0.004964 196
0.004965 196
0.004966 196
0.004967 196
0.004968 196
0.004969 196
0.00497 196
0.004971 196
0.004972 196
0.004973 196
0.004974 196
0.004975 196
0.004976 196
0.004977 196
0.004978 196
0.004979 196
0.00498 196
0.004981 196
0.004982 196
0.004983 196
0.004984 196
0.004985 196
0.004986 196
0.004987 196
0.004988 196
0.004989 195
0.00499 195
0.004991 194
0.004992 194
0.004993 194
0.004994 194
0.004995 194
0.004996 194
0.004997 194
0.004998 194
0.004999 194
0.005 194
