0 3306
1e-06 3315
2e-06 3324
3e-06 3328
4e-06 3341
5e-06 3352
6e-06 3364
7e-06 3368
8e-06 3379
9e-06 3389
1e-05 3399
1.1e-05 3403
1.2e-05 3401
1.3e-05 3400
1.4e-05 3411
1.5e-05 3416
1.6e-05 3422
1.7e-05 3433
1.8e-05 3441
1.9e-05 3446
2e-05 3452
2.1e-05 3459
2.2e-05 3470
2.3e-05 3474
2.4e-05 3482
2.5e-05 3490
2.6e-05 3500
2.7e-05 3513
2.8e-05 3519
2.9e-05 3528
3e-05 3539
3.1e-05 3542
3.2e-05 3553
3.3e-05 3554
3.4e-05 3560
3.5e-05 3566
3.6e-05 3583
3.7e-05 3589
3.8e-05 3595
3.9e-05 3610
4e-05 3617
4.1e-05 3629
4.2e-05 3635
4.3e-05 3638
4.4e-05 3647
4.5e-05 3655
4.6e-05 3661
4.7e-05 3666
4.8e-05 3677
4.9e-05 3682
5e-05 3690
5.1e-05 3691
5.2e-05 3695
5.3e-05 3698
5.4e-05 3703
5.5e-05 3710
5.6e-05 3708
5.7e-05 3712
5.8e-05 3718
5.9e-05 3725
6e-05 3734
6.1e-05 3739
6.2e-05 3746
6.3e-05 3751
6.4e-05 3750
6.5e-05 3752
6.6e-05 3756
6.7e-05 3757
6.8e-05 3762
6.9e-05 3763
7e-05 3769
7.1e-05 3771
7.2e-05 3772
7.3e-05 3774
7.4e-05 3780
7.5e-05 3783
7.6e-05 3788
7.7e-05 3796
7.8e-05 3801
7.9e-05 3804
8e-05 3814
8.1e-05 3818
8.2e-05 3819
8.3e-05 3819
8.4e-05 3826
8.5e-05 3827
8.6e-05 3829
8.7e-05 3834
8.8e-05 3838
8.9e-05 3841
9e-05 3842
9.1e-05 3850
9.2e-05 3854
9.3e-05 3854
9.4e-05 3857
9.5e-05 3865
9.6e-05 3868
9.7e-05 3871
9.8e-05 3875
9.9e-05 3883
0.0001 3888
0.000101 3892
0.000102 3895
0.000103 3897
0.000104 3904
0.000105 3906
0.000106 3909
0.000107 3913
0.000108 3918
0.000109 3924
0.00011 3928
0.000111 3930
0.000112 3929
0.000113 3934
0.000114 3939
0.000115 3941
0.000116 3945
0.000117 3947
0.000118 3949
0.000119 3954
0.00012 3955
0.000121 3956
0.000122 3958
0.000123 3963
0.000124 3968
0.000125 3970
0.000126 3972
0.000127 3976
0.000128 3981
0.000129 3985
0.00013 3992
0.000131 3994
0.000132 3995
0.000133 3998
0.000134 4002
0.000135 4007
0.000136 4012
0.000137 4013
0.000138 4013
0.000139 4019
0.00014 4018
0.000141 4021
0.000142 4025
0.000143 4026
0.000144 4029
0.000145 4028
0.000146 4026
0.000147 4027
0.000148 4030
0.000149 4030
0.00015 4030
0.000151 4030
0.000152 4036
0.000153 4037
0.000154 4039
0.000155 4043
0.000156 4048
0.000157 4053
0.000158 4055
0.000159 4056
0.00016 4057
0.000161 4059
0.000162 4059
0.000163 4060
0.000164 4062
0.000165 4063
0.000166 4065
0.000167 4068
0.000168 4073
0.000169 4074
0.00017 4075
0.000171 4079
0.000172 4079
0.000173 4083
0.000174 4081
0.000175 4082
0.000176 4083
0.000177 4086
0.000178 4085
0.000179 4087
0.00018 4088
0.000181 4091
0.000182 4091
0.000183 4095
0.000184 4098
0.000185 4096
0.000186 4097
0.000187 4098
0.000188 4097
0.000189 4098
0.00019 4103
0.000191 4103
0.000192 4103
0.000193 4103
0.000194 4106
0.000195 4111
0.000196 4110
0.000197 4111
0.000198 4112
0.000199 4114
0.0002 4115
0.000201 4117
0.000202 4118
0.000203 4119
0.000204 4121
0.000205 4123
0.000206 4125
0.000207 4126
0.000208 4130
0.000209 4131
0.00021 4128
0.000211 4128
0.000212 4132
0.000213 4133
0.000214 4135
0.000215 4139
0.000216 4141
0.000217 4142
0.000218 4143
0.000219 4146
0.00022 4147
0.000221 4148
0.000222 4151
0.000223 4151
0.000224 4150
0.000225 4152
0.000226 4153
0.000227 4154
0.000228 4156
0.000229 4155
0.00023 4161
0.000231 4162
0.000232 4162
0.000233 4163
0.000234 4166
0.000235 4166
0.000236 4167
0.000237 4166
0.000238 4166
0.000239 4164
0.00024 4167
0.000241 4168
0.000242 4166
0.000243 4167
0.000244 4169
0.000245 4173
0.000246 4174
0.000247 4177
0.000248 4174
0.000249 4176
0.00025 4178
0.000251 4181
0.000252 4181
0.000253 4183
0.000254 4182
0.000255 4184
0.000256 4183
0.000257 4184
0.000258 4187
0.000259 4186
0.00026 4187
0.000261 4187
0.000262 4189
0.000263 4191
0.000264 4195
0.000265 4195
0.000266 4196
0.000267 4195
0.000268 4195
0.000269 4195
0.00027 4193
0.000271 4192
0.000272 4193
0.000273 4196
0.000274 4196
0.000275 4196
0.000276 4197
0.000277 4199
0.000278 4200
0.000279 4201
0.00028 4200
0.000281 4202
0.000282 4203
0.000283 4202
0.000284 4202
0.000285 4202
0.000286 4204
0.000287 4207
0.000288 4205
0.000289 4204
0.00029 4202
0.000291 4205
0.000292 4203
0.000293 4204
0.000294 4206
0.000295 4207
0.000296 4208
0.000297 4211
0.000298 4214
0.000299 4214
0.0003 4212
0.000301 4214
0.000302 4215
0.000303 4217
0.000304 4218
0.000305 4218
0.000306 4222
0.000307 4223
0.000308 4223
0.000309 4224
0.00031 4222
0.000311 4222
0.000312 4224
0.000313 4224
0.000314 4225
0.000315 4225
0.000316 4229
0.000317 4231
0.000318 4233
0.000319 4233
0.00032 4235
0.000321 4235
0.000322 4237
0.000323 4237
0.000324 4238
0.000325 4239
0.000326 4239
0.000327 4240
0.000328 4240
0.000329 4242
0.00033 4242
0.000331 4243
0.000332 4244
0.000333 4245
0.000334 4246
0.000335 4247
0.000336 4245
0.000337 4245
0.000338 4245
0.000339 4246
0.00034 4247
0.000341 4248
0.000342 4249
0.000343 4246
0.000344 4247
0.000345 4248
0.000346 4250
0.000347 4249
0.000348 4248
0.000349 4247
0.00035 4249
0.000351 4251
0.000352 4252
0.000353 4250
0.000354 4252
0.000355 4254
0.000356 4254
0.000357 4255
0.000358 4257
0.000359 4258
0.00036 4260
0.000361 4261
0.000362 4261
0.000363 4262
0.000364 4263
0.000365 4264
0.000366 4262
0.000367 4262
0.000368 4262
0.000369 4262
0.00037 4260
0.000371 4259
0.000372 4259
0.000373 4259
0.000374 4262
0.000375 4265
0.000376 4267
0.000377 4266
0.000378 4266
0.000379 4267
0.00038 4268
0.000381 4267
0.000382 4268
0.000383 4269
0.000384 4270
0.000385 4267
0.000386 4268
0.000387 4269
0.000388 4267
0.000389 4270
0.00039 4270
0.000391 4270
0.000392 4269
0.000393 4266
0.000394 4266
0.000395 4267
0.000396 4267
0.000397 4266
0.000398 4265
0.000399 4267
0.0004 4269
0.000401 4270
0.000402 4272
0.000403 4272
0.000404 4275
0.000405 4276
0.000406 4276
0.000407 4276
0.000408 4275
0.000409 4276
0.00041 4275
0.000411 4277
0.000412 4277
0.000413 4278
0.000414 4278
0.000415 4277
0.000416 4278
0.000417 4278
0.000418 4278
0.000419 4278
0.00042 4278
0.000421 4276
0.000422 4275
0.000423 4273
0.000424 4273
0.000425 4274
0.000426 4275
0.000427 4275
0.000428 4277
0.000429 4277
0.00043 4278
0.000431 4278
0.000432 4280
0.000433 4281
0.000434 4281
0.000435 4278
0.000436 4279
0.000437 4281
0.000438 4279
0.000439 4282
0.00044 4283
0.000441 4283
0.000442 4281
0.000443 4280
0.000444 4279
0.000445 4281
0.000446 4280
0.000447 4278
0.000448 4279
0.000449 4278
0.00045 4280
0.000451 4280
0.000452 4281
0.000453 4281
0.000454 4280
0.000455 4280
0.000456 4281
0.000457 4281
0.000458 4282
0.000459 4282
0.00046 4282
0.000461 4282
0.000462 4280
0.000463 4281
0.000464 4281
0.000465 4283
0.000466 4284
0.000467 4284
0.000468 4285
0.000469 4285
0.00047 4285
0.000471 4286
0.000472 4285
0.000473 4285
0.000474 4286
0.000475 4284
0.000476 4284
0.000477 4284
0.000478 4285
0.000479 4283
0.00048 4283
0.000481 4283
0.000482 4284
0.000483 4283
0.000484 4283
0.000485 4281
0.000486 4280
0.000487 4279
0.000488 4280
0.000489 4280
0.00049 4280
0.000491 4279
0.000492 4277
0.000493 4280
0.000494 4280
0.000495 4280
0.000496 4279
0.000497 4280
0.000498 4280
0.000499 4279
0.0005 4279
0.000501 4278
0.000502 4276
0.000503 4276
0.000504 4276
0.000505 4276
0.000506 4279
0.000507 4279
0.000508 4280
0.000509 4280
0.00051 4279
0.000511 4278
0.000512 4279
0.000513 4279
0.000514 4279
0.000515 4278
0.000516 4277
0.000517 4277
0.000518 4277
0.000519 4278
0.00052 4277
0.000521 4276
0.000522 4277
0.000523 4274
0.000524 4274
0.000525 4272
0.000526 4272
0.000527 4272
0.000528 4272
0.000529 4271
0.00053 4270
0.000531 4270
0.000532 4269
0.000533 4269
0.000534 4269
0.000535 4269
0.000536 4270
0.000537 4270
0.000538 4271
0.000539 4271
0.00054 4270
0.000541 4271
0.000542 4271
0.000543 4271
0.000544 4270
0.000545 4270
0.000546 4270
0.000547 4272
0.000548 4272
0.000549 4272
0.00055 4274
0.000551 4276
0.000552 4278
0.000553 4278
0.000554 4277
0.000555 4277
0.000556 4278
0.000557 4278
0.000558 4278
0.000559 4279
0.00056 4279
0.000561 4278
0.000562 4278
0.000563 4280
0.000564 4280
0.000565 4281
0.000566 4282
0.000567 4282
0.000568 4285
0.000569 4286
0.00057 4286
0.000571 4286
0.000572 4286
0.000573 4287
0.000574 4287
0.000575 4289
0.000576 4289
0.000577 4289
0.000578 4289
0.000579 4290
0.00058 4290
0.000581 4292
0.000582 4294
0.000583 4294
0.000584 4295
0.000585 4296
0.000586 4297
0.000587 4296
0.000588 4296
0.000589 4296
0.00059 4295
0.000591 4295
0.000592 4295
0.000593 4294
0.000594 4294
0.000595 4293
0.000596 4294
0.000597 4293
0.000598 4294
0.000599 4294
0.0006 4294
0.000601 4293
0.000602 4293
0.000603 4294
0.000604 4294
0.000605 4295
0.000606 4294
0.000607 4294
0.000608 4294
0.000609 4295
0.00061 4294
0.000611 4295
0.000612 4295
0.000613 4295
0.000614 4295
0.000615 4295
0.000616 4296
0.000617 4295
0.000618 4294
0.000619 4294
0.00062 4294
0.000621 4294
0.000622 4294
0.000623 4291
0.000624 4291
0.000625 4293
0.000626 4293
0.000627 4293
0.000628 4293
0.000629 4292
0.00063 4292
0.000631 4294
0.000632 4294
0.000633 4294
0.000634 4295
0.000635 4295
0.000636 4294
0.000637 4294
0.000638 4295
0.000639 4296
0.00064 4296
0.000641 4295
0.000642 4295
0.000643 4295
0.000644 4296
0.000645 4296
0.000646 4296
0.000647 4292
0.000648 4291
0.000649 4291
0.00065 4290
0.000651 4290
0.000652 4290
0.000653 4288
0.000654 4288
0.000655 4288
0.000656 4287
0.000657 4287
0.000658 4287
0.000659 4289
0.00066 4289
0.000661 4290
0.000662 4290
0.000663 4290
0.000664 4289
0.000665 4289
0.000666 4289
0.000667 4288
0.000668 4289
0.000669 4289
0.00067 4290
0.000671 4291
0.000672 4291
0.000673 4292
0.000674 4293
0.000675 4294
0.000676 4292
0.000677 4292
0.000678 4292
0.000679 4293
0.00068 4293
0.000681 4293
0.000682 4294
0.000683 4293
0.000684 4293
0.000685 4293
0.000686 4293
0.000687 4293
0.000688 4292
0.000689 4293
0.00069 4293
0.000691 4292
0.000692 4293
0.000693 4293
0.000694 4294
0.000695 4294
0.000696 4296
0.000697 4296
0.000698 4298
0.000699 4298
0.0007 4298
0.000701 4298
0.000702 4298
0.000703 4298
0.000704 4298
0.000705 4297
0.000706 4296
0.000707 4296
0.000708 4296
0.000709 4296
0.00071 4294
0.000711 4294
0.000712 4294
0.000713 4294
0.000714 4295
0.000715 4296
0.000716 4296
0.000717 4296
0.000718 4296
0.000719 4296
0.00072 4297
0.000721 4296
0.000722 4296
0.000723 4295
0.000724 4295
0.000725 4294
0.000726 4294
0.000727 4295
0.000728 4295
0.000729 4294
0.00073 4294
0.000731 4293
0.000732 4293
0.000733 4294
0.000734 4294
0.000735 4294
0.000736 4294
0.000737 4295
0.000738 4295
0.000739 4295
0.00074 4295
0.000741 4297
0.000742 4297
0.000743 4297
0.000744 4297
0.000745 4298
0.000746 4299
0.000747 4299
0.000748 4299
0.000749 4300
0.00075 4300
0.000751 4300
0.000752 4302
0.000753 4301
0.000754 4299
0.000755 4300
0.000756 4300
0.000757 4299
0.000758 4299
0.000759 4299
0.00076 4299
0.000761 4299
0.000762 4299
0.000763 4302
0.000764 4302
0.000765 4302
0.000766 4301
0.000767 4303
0.000768 4302
0.000769 4302
0.00077 4302
0.000771 4303
0.000772 4303
0.000773 4303
0.000774 4303
0.000775 4303
0.000776 4303
0.000777 4302
0.000778 4302
0.000779 4303
0.00078 4304
0.000781 4304
0.000782 4304
0.000783 4304
0.000784 4304
0.000785 4305
0.000786 4305
0.000787 4305
0.000788 4304
0.000789 4304
0.00079 4303
0.000791 4302
0.000792 4303
0.000793 4303
0.000794 4303
0.000795 4302
0.000796 4304
0.000797 4304
0.000798 4303
0.000799 4303
0.0008 4303
0.000801 4304
0.000802 4305
0.000803 4304
0.000804 4304
0.000805 4304
0.000806 4304
0.000807 4304
0.000808 4304
0.000809 4305
0.00081 4306
0.000811 4306
0.000812 4306
0.000813 4306
0.000814 4306
0.000815 4306
0.000816 4303
0.000817 4303
0.000818 4303
0.000819 4303
0.00082 4303
0.000821 4302
0.000822 4302
0.000823 4304
0.000824 4304
0.000825 4306
0.000826 4306
0.000827 4305
0.000828 4305
0.000829 4304
0.00083 4304
0.000831 4304
0.000832 4304
0.000833 4304
0.000834 4304
0.000835 4303
0.000836 4303
0.000837 4302
0.000838 4302
0.000839 4302
0.00084 4302
0.000841 4302
0.000842 4302
0.000843 4302
0.000844 4304
0.000845 4304
0.000846 4306
0.000847 4306
0.000848 4306
0.000849 4307
0.00085 4307
0.000851 4307
0.000852 4307
0.000853 4307
0.000854 4306
0.000855 4305
0.000856 4306
0.000857 4307
0.000858 4307
0.000859 4306
0.00086 4306
0.000861 4306
0.000862 4307
0.000863 4308
0.000864 4309
0.000865 4309
0.000866 4310
0.000867 4310
0.000868 4311
0.000869 4312
0.00087 4312
0.000871 4312
0.000872 4312
0.000873 4312
0.000874 4312
0.000875 4312
0.000876 4312
0.000877 4313
0.000878 4313
0.000879 4313
0.00088 4314
0.000881 4314
0.000882 4313
0.000883 4313
0.000884 4311
0.000885 4309
0.000886 4309
0.000887 4309
0.000888 4309
0.000889 4310
0.00089 4310
0.000891 4310
0.000892 4310
0.000893 4310
0.000894 4310
0.000895 4310
0.000896 4310
0.000897 4310
0.000898 4310
0.000899 4310
0.0009 4310
0.000901 4312
0.000902 4313
0.000903 4313
0.000904 4312
0.000905 4312
0.000906 4312
0.000907 4312
0.000908 4313
0.000909 4313
0.00091 4312
0.000911 4313
0.000912 4313
0.000913 4313
0.000914 4312
0.000915 4311
0.000916 4311
0.000917 4311
0.000918 4311
0.000919 4311
0.00092 4311
0.000921 4311
0.000922 4311
0.000923 4312
0.000924 4313
0.000925 4312
0.000926 4312
0.000927 4311
0.000928 4311
0.000929 4311
0.00093 4311
0.000931 4309
0.000932 4309
0.000933 4308
0.000934 4307
0.000935 4307
0.000936 4306
0.000937 4306
0.000938 4306
0.000939 4304
0.00094 4304
0.000941 4306
0.000942 4306
0.000943 4306
0.000944 4307
0.000945 4305
0.000946 4305
0.000947 4303
0.000948 4303
0.000949 4303
0.00095 4303
0.000951 4303
0.000952 4302
0.000953 4301
0.000954 4299
0.000955 4299
0.000956 4298
0.000957 4300
0.000958 4302
0.000959 4301
0.00096 4302
0.000961 4302
0.000962 4302
0.000963 4303
0.000964 4303
0.000965 4302
0.000966 4301
0.000967 4301
0.000968 4302
0.000969 4302
0.00097 4302
0.000971 4303
0.000972 4304
0.000973 4305
0.000974 4305
0.000975 4304
0.000976 4306
0.000977 4307
0.000978 4307
0.000979 4306
0.00098 4306
0.000981 4306
0.000982 4306
0.000983 4307
0.000984 4308
0.000985 4307
0.000986 4307
0.000987 4306
0.000988 4306
0.000989 4306
0.00099 4306
0.000991 4306
0.000992 4306
0.000993 4307
0.000994 4307
0.000995 4307
0.000996 4307
0.000997 4307
0.000998 4307
0.000999 4305
0.001 4305
0.001001 4305
0.001002 4305
0.001003 4305
0.001004 4304
0.001005 4304
0.001006 4304
0.001007 4305
0.001008 4304
0.001009 4304
0.00101 4303
0.001011 4303
0.001012 4305
0.001013 4306
0.001014 4306
0.001015 4307
0.001016 4307
0.001017 4307
0.001018 4307
0.001019 4308
0.00102 4310
0.001021 4310
0.001022 4310
0.001023 4311
0.001024 4311
0.001025 4311
0.001026 4312
0.001027 4312
0.001028 4313
0.001029 4313
0.00103 4313
0.001031 4313
0.001032 4313
0.001033 4313
0.001034 4313
0.001035 4313
0.001036 4313
0.001037 4313
0.001038 4314
0.001039 4313
0.00104 4313
0.001041 4312
0.001042 4313
0.001043 4313
0.001044 4313
0.001045 4314
0.001046 4314
0.001047 4314
0.001048 4314
0.001049 4313
0.00105 4313
0.001051 4313
0.001052 4312
0.001053 4311
0.001054 4310
0.001055 4312
0.001056 4313
0.001057 4313
0.001058 4312
0.001059 4312
0.00106 4311
0.001061 4311
0.001062 4311
0.001063 4312
0.001064 4311
0.001065 4311
0.001066 4310
0.001067 4310
0.001068 4310
0.001069 4309
0.00107 4309
0.001071 4309
0.001072 4307
0.001073 4308
0.001074 4309
0.001075 4309
0.001076 4308
0.001077 4308
0.001078 4308
0.001079 4308
0.00108 4308
0.001081 4308
0.001082 4308
0.001083 4307
0.001084 4307
0.001085 4306
0.001086 4306
0.001087 4306
0.001088 4307
0.001089 4307
0.00109 4308
0.001091 4308
0.001092 4309
0.001093 4309
0.001094 4309
0.001095 4309
0.001096 4309
0.001097 4309
0.001098 4308
0.001099 4308
0.0011 4308
0.001101 4307
0.001102 4306
0.001103 4307
0.001104 4307
0.001105 4307
0.001106 4307
0.001107 4307
0.001108 4307
0.001109 4307
0.00111 4307
0.001111 4307
0.001112 4307
0.001113 4308
0.001114 4307
0.001115 4308
0.001116 4308
0.001117 4308
0.001118 4308
0.001119 4307
0.00112 4308
0.001121 4308
0.001122 4307
0.001123 4307
0.001124 4307
0.001125 4306
0.001126 4305
0.001127 4305
0.001128 4304
0.001129 4304
0.00113 4305
0.001131 4305
0.001132 4305
0.001133 4304
0.001134 4304
0.001135 4304
0.001136 4305
0.001137 4305
0.001138 4305
0.001139 4305
0.00114 4305
0.001141 4305
0.001142 4306
0.001143 4306
0.001144 4305
0.001145 4305
0.001146 4305
0.001147 4306
0.001148 4305
0.001149 4305
0.00115 4305
0.001151 4305
0.001152 4306
0.001153 4306
0.001154 4306
0.001155 4306
0.001156 4306
0.001157 4306
0.001158 4305
0.001159 4305
0.00116 4307
0.001161 4308
0.001162 4308
0.001163 4308
0.001164 4308
0.001165 4308
0.001166 4307
0.001167 4307
0.001168 4307
0.001169 4307
0.00117 4307
0.001171 4307
0.001172 4307
0.001173 4307
0.001174 4306
0.001175 4307
0.001176 4308
0.001177 4308
0.001178 4308
0.001179 4308
0.00118 4308
0.001181 4308
0.001182 4309
0.001183 4309
0.001184 4309
0.001185 4309
0.001186 4309
0.001187 4309
0.001188 4309
0.001189 4307
0.00119 4307
0.001191 4307
0.001192 4307
0.001193 4307
0.001194 4307
0.001195 4307
0.001196 4307
0.001197 4307
0.001198 4307
0.001199 4307
0.0012 4307
0.001201 4308
0.001202 4308
0.001203 4308
0.001204 4308
0.001205 4309
0.001206 4310
0.001207 4310
0.001208 4310
0.001209 4310
0.00121 4310
0.001211 4309
0.001212 4309
0.001213 4310
0.001214 4310
0.001215 4309
0.001216 4308
0.001217 4308
0.001218 4307
0.001219 4307
0.00122 4307
0.001221 4307
0.001222 4307
0.001223 4307
0.001224 4307
0.001225 4307
0.001226 4306
0.001227 4305
0.001228 4305
0.001229 4305
0.00123 4305
0.001231 4305
0.001232 4304
0.001233 4304
0.001234 4303
0.001235 4303
0.001236 4302
0.001237 4301
0.001238 4301
0.001239 4301
0.00124 4301
0.001241 4301
0.001242 4300
0.001243 4301
0.001244 4301
0.001245 4301
0.001246 4301
0.001247 4301
0.001248 4302
0.001249 4302
0.00125 4302
0.001251 4303
0.001252 4302
0.001253 4302
0.001254 4301
0.001255 4301
0.001256 4301
0.001257 4302
0.001258 4302
0.001259 4302
0.00126 4303
0.001261 4302
0.001262 4302
0.001263 4302
0.001264 4302
0.001265 4302
0.001266 4301
0.001267 4301
0.001268 4301
0.001269 4301
0.00127 4301
0.001271 4302
0.001272 4303
0.001273 4303
0.001274 4303
0.001275 4305
0.001276 4303
0.001277 4303
0.001278 4302
0.001279 4302
0.00128 4302
0.001281 4302
0.001282 4302
0.001283 4302
0.001284 4302
0.001285 4302
0.001286 4302
0.001287 4304
0.001288 4304
0.001289 4304
0.00129 4304
0.001291 4304
0.001292 4304
0.001293 4304
0.001294 4304
0.001295 4304
0.001296 4304
0.001297 4304
0.001298 4304
0.001299 4304
0.0013 4304
0.001301 4305
0.001302 4306
0.001303 4306
0.001304 4305
0.001305 4305
0.001306 4306
0.001307 4306
0.001308 4306
0.001309 4306
0.00131 4306
0.001311 4306
0.001312 4306
0.001313 4306
0.001314 4305
0.001315 4304
0.001316 4304
0.001317 4304
0.001318 4304
0.001319 4304
0.00132 4302
0.001321 4302
0.001322 4302
0.001323 4302
0.001324 4303
0.001325 4303
0.001326 4304
0.001327 4304
0.001328 4304
0.001329 4304
0.00133 4304
0.001331 4303
0.001332 4302
0.001333 4302
0.001334 4301
0.001335 4301
0.001336 4301
0.001337 4301
0.001338 4302
0.001339 4302
0.00134 4302
0.001341 4302
0.001342 4302
0.001343 4301
0.001344 4302
0.001345 4301
0.001346 4301
0.001347 4301
0.001348 4301
0.001349 4301
0.00135 4302
0.001351 4301
0.001352 4301
0.001353 4301
0.001354 4301
0.001355 4301
0.001356 4301
0.001357 4301
0.001358 4301
0.001359 4301
0.00136 4300
0.001361 4299
0.001362 4299
0.001363 4299
0.001364 4299
0.001365 4300
0.001366 4300
0.001367 4299
0.001368 4298
0.001369 4298
0.00137 4298
0.001371 4298
0.001372 4298
0.001373 4299
0.001374 4300
0.001375 4300
0.001376 4299
0.001377 4298
0.001378 4297
0.001379 4297
0.00138 4296
0.001381 4296
0.001382 4296
0.001383 4296
0.001384 4295
0.001385 4296
0.001386 4296
0.001387 4296
0.001388 4296
0.001389 4297
0.00139 4298
0.001391 4300
0.001392 4300
0.001393 4300
0.001394 4300
0.001395 4300
0.001396 4299
0.001397 4299
0.001398 4299
0.001399 4298
0.0014 4297
0.001401 4297
0.001402 4298
0.001403 4298
0.001404 4299
0.001405 4299
0.001406 4300
0.001407 4299
0.001408 4300
0.001409 4300
0.00141 4300
0.001411 4300
0.001412 4300
0.001413 4300
0.001414 4300
0.001415 4300
0.001416 4299
0.001417 4299
0.001418 4299
0.001419 4300
0.00142 4300
0.001421 4300
0.001422 4301
0.001423 4301
0.001424 4301
0.001425 4301
0.001426 4300
0.001427 4300
0.001428 4300
0.001429 4300
0.00143 4300
0.001431 4300
0.001432 4299
0.001433 4298
0.001434 4298
0.001435 4298
0.001436 4297
0.001437 4296
0.001438 4296
0.001439 4296
0.00144 4296
0.001441 4297
0.001442 4299
0.001443 4300
0.001444 4300
0.001445 4300
0.001446 4300
0.001447 4299
0.001448 4299
0.001449 4300
0.00145 4301
0.001451 4300
0.001452 4300
0.001453 4300
0.001454 4301
0.001455 4301
0.001456 4301
0.001457 4301
0.001458 4301
0.001459 4299
0.00146 4299
0.001461 4299
0.001462 4299
0.001463 4300
0.001464 4300
0.001465 4300
0.001466 4300
0.001467 4300
0.001468 4299
0.001469 4298
0.00147 4297
0.001471 4298
0.001472 4298
0.001473 4299
0.001474 4299
0.001475 4299
0.001476 4299
0.001477 4300
0.001478 4300
0.001479 4300
0.00148 4300
0.001481 4300
0.001482 4300
0.001483 4299
0.001484 4299
0.001485 4300
0.001486 4300
0.001487 4299
0.001488 4299
0.001489 4299
0.00149 4300
0.001491 4300
0.001492 4300
0.001493 4300
0.001494 4300
0.001495 4301
0.001496 4300
0.001497 4299
0.001498 4299
0.001499 4300
0.0015 4300
0.001501 4299
0.001502 4299
0.001503 4300
0.001504 4299
0.001505 4299
0.001506 4299
0.001507 4298
0.001508 4298
0.001509 4298
0.00151 4298
0.001511 4298
0.001512 4297
0.001513 4298
0.001514 4298
0.001515 4299
0.001516 4299
0.001517 4299
0.001518 4300
0.001519 4299
0.00152 4298
0.001521 4297
0.001522 4297
0.001523 4297
0.001524 4295
0.001525 4294
0.001526 4294
0.001527 4295
0.001528 4294
0.001529 4293
0.00153 4293
0.001531 4293
0.001532 4293
0.001533 4293
0.001534 4293
0.001535 4293
0.001536 4294
0.001537 4295
0.001538 4295
0.001539 4295
0.00154 4294
0.001541 4294
0.001542 4294
0.001543 4294
0.001544 4294
0.001545 4295
0.001546 4295
0.001547 4296
0.001548 4296
0.001549 4296
0.00155 4296
0.001551 4295
0.001552 4296
0.001553 4296
0.001554 4297
0.001555 4297
0.001556 4298
0.001557 4298
0.001558 4299
0.001559 4300
0.00156 4300
0.001561 4300
0.001562 4300
0.001563 4299
0.001564 4299
0.001565 4299
0.001566 4299
0.001567 4299
0.001568 4300
0.001569 4301
0.00157 4300
0.001571 4300
0.001572 4300
0.001573 4300
0.001574 4299
0.001575 4299
0.001576 4299
0.001577 4299
0.001578 4299
0.001579 4299
0.00158 4300
0.001581 4300
0.001582 4299
0.001583 4299
0.001584 4299
0.001585 4299
0.001586 4299
0.001587 4299
0.001588 4299
0.001589 4300
0.00159 4300
0.001591 4301
0.001592 4300
0.001593 4299
0.001594 4299
0.001595 4299
0.001596 4299
0.001597 4300
0.001598 4300
0.001599 4301
0.0016 4302
0.001601 4301
0.001602 4301
0.001603 4302
0.001604 4301
0.001605 4301
0.001606 4300
0.001607 4300
0.001608 4300
0.001609 4300
0.00161 4300
0.001611 4300
0.001612 4300
0.001613 4300
0.001614 4299
0.001615 4300
0.001616 4302
0.001617 4302
0.001618 4302
0.001619 4302
0.00162 4302
0.001621 4301
0.001622 4300
0.001623 4300
0.001624 4301
0.001625 4300
0.001626 4300
0.001627 4300
0.001628 4300
0.001629 4299
0.00163 4298
0.001631 4298
0.001632 4298
0.001633 4298
0.001634 4298
0.001635 4300
0.001636 4300
0.001637 4300
0.001638 4300
0.001639 4301
0.00164 4301
0.001641 4301
0.001642 4301
0.001643 4301
0.001644 4302
0.001645 4302
0.001646 4300
0.001647 4300
0.001648 4299
0.001649 4299
0.00165 4299
0.001651 4299
0.001652 4299
0.001653 4299
0.001654 4299
0.001655 4299
0.001656 4299
0.001657 4299
0.001658 4299
0.001659 4299
0.00166 4296
0.001661 4296
0.001662 4296
0.001663 4297
0.001664 4297
0.001665 4298
0.001666 4298
0.001667 4298
0.001668 4298
0.001669 4298
0.00167 4298
0.001671 4299
0.001672 4299
0.001673 4298
0.001674 4298
0.001675 4299
0.001676 4299
0.001677 4299
0.001678 4299
0.001679 4298
0.00168 4298
0.001681 4298
0.001682 4300
0.001683 4301
0.001684 4299
0.001685 4299
0.001686 4299
0.001687 4299
0.001688 4299
0.001689 4298
0.00169 4298
0.001691 4298
0.001692 4298
0.001693 4299
0.001694 4299
0.001695 4298
0.001696 4298
0.001697 4299
0.001698 4300
0.001699 4300
0.0017 4300
0.001701 4300
0.001702 4300
0.001703 4299
0.001704 4299
0.001705 4299
0.001706 4299
0.001707 4299
0.001708 4298
0.001709 4298
0.00171 4297
0.001711 4298
0.001712 4298
0.001713 4298
0.001714 4298
0.001715 4298
0.001716 4299
0.001717 4298
0.001718 4298
0.001719 4297
0.00172 4297
0.001721 4297
0.001722 4298
0.001723 4298
0.001724 4298
0.001725 4297
0.001726 4299
0.001727 4299
0.001728 4301
0.001729 4301
0.00173 4301
0.001731 4302
0.001732 4302
0.001733 4303
0.001734 4303
0.001735 4303
0.001736 4302
0.001737 4301
0.001738 4300
0.001739 4300
0.00174 4300
0.001741 4300
0.001742 4301
0.001743 4301
0.001744 4302
0.001745 4302
0.001746 4302
0.001747 4302
0.001748 4302
0.001749 4301
0.00175 4301
0.001751 4301
0.001752 4302
0.001753 4302
0.001754 4302
0.001755 4302
0.001756 4302
0.001757 4302
0.001758 4302
0.001759 4303
0.00176 4303
0.001761 4305
0.001762 4306
0.001763 4306
0.001764 4307
0.001765 4307
0.001766 4307
0.001767 4307
0.001768 4307
0.001769 4307
0.00177 4307
0.001771 4306
0.001772 4305
0.001773 4305
0.001774 4305
0.001775 4305
0.001776 4305
0.001777 4305
0.001778 4304
0.001779 4304
0.00178 4304
0.001781 4304
0.001782 4304
0.001783 4304
0.001784 4304
0.001785 4304
0.001786 4303
0.001787 4302
0.001788 4302
0.001789 4302
0.00179 4302
0.001791 4302
0.001792 4302
0.001793 4302
0.001794 4303
0.001795 4303
0.001796 4303
0.001797 4302
0.001798 4302
0.001799 4302
0.0018 4301
0.001801 4301
0.001802 4301
0.001803 4300
0.001804 4300
0.001805 4300
0.001806 4300
0.001807 4300
0.001808 4299
0.001809 4299
0.00181 4299
0.001811 4298
0.001812 4298
0.001813 4297
0.001814 4296
0.001815 4297
0.001816 4296
0.001817 4295
0.001818 4295
0.001819 4294
0.00182 4294
0.001821 4294
0.001822 4293
0.001823 4292
0.001824 4291
0.001825 4292
0.001826 4294
0.001827 4294
0.001828 4295
0.001829 4295
0.00183 4295
0.001831 4295
0.001832 4296
0.001833 4296
0.001834 4296
0.001835 4296
0.001836 4296
0.001837 4296
0.001838 4297
0.001839 4298
0.00184 4300
0.001841 4301
0.001842 4303
0.001843 4303
0.001844 4303
0.001845 4303
0.001846 4304
0.001847 4304
0.001848 4303
0.001849 4304
0.00185 4304
0.001851 4305
0.001852 4304
0.001853 4304
0.001854 4302
0.001855 4302
0.001856 4303
0.001857 4303
0.001858 4302
0.001859 4302
0.00186 4302
0.001861 4302
0.001862 4301
0.001863 4300
0.001864 4300
0.001865 4300
0.001866 4300
0.001867 4300
0.001868 4300
0.001869 4300
0.00187 4300
0.001871 4300
0.001872 4298
0.001873 4298
0.001874 4299
0.001875 4300
0.001876 4300
0.001877 4300
0.001878 4300
0.001879 4301
0.00188 4301
0.001881 4301
0.001882 4301
0.001883 4301
0.001884 4301
0.001885 4301
0.001886 4302
0.001887 4302
0.001888 4301
0.001889 4301
0.00189 4301
0.001891 4301
0.001892 4301
0.001893 4301
0.001894 4301
0.001895 4301
0.001896 4301
0.001897 4301
0.001898 4301
0.001899 4301
0.0019 4301
0.001901 4301
0.001902 4301
0.001903 4301
0.001904 4301
0.001905 4301
0.001906 4302
0.001907 4301
0.001908 4301
0.001909 4300
0.00191 4300
0.001911 4300
0.001912 4299
0.001913 4299
0.001914 4299
0.001915 4299
0.001916 4299
0.001917 4300
0.001918 4300
0.001919 4301
0.00192 4301
0.001921 4300
0.001922 4300
0.001923 4301
0.001924 4301
0.001925 4301
0.001926 4301
0.001927 4300
0.001928 4300
0.001929 4300
0.00193 4300
0.001931 4300
0.001932 4301
0.001933 4301
0.001934 4300
0.001935 4299
0.001936 4299
0.001937 4298
0.001938 4297
0.001939 4297
0.00194 4297
0.001941 4296
0.001942 4296
0.001943 4296
0.001944 4296
0.001945 4297
0.001946 4298
0.001947 4298
0.001948 4298
0.001949 4298
0.00195 4298
0.001951 4297
0.001952 4297
0.001953 4296
0.001954 4296
0.001955 4296
0.001956 4296
0.001957 4296
0.001958 4297
0.001959 4297
0.00196 4296
0.001961 4294
0.001962 4293
0.001963 4294
0.001964 4294
0.001965 4294
0.001966 4293
0.001967 4293
0.001968 4293
0.001969 4293
0.00197 4293
0.001971 4293
0.001972 4293
0.001973 4293
0.001974 4293
0.001975 4293
0.001976 4294
0.001977 4294
0.001978 4294
0.001979 4295
0.00198 4295
0.001981 4295
0.001982 4295
0.001983 4296
0.001984 4296
0.001985 4296
0.001986 4295
0.001987 4295
0.001988 4295
0.001989 4295
0.00199 4295
0.001991 4295
0.001992 4293
0.001993 4293
0.001994 4293
0.001995 4294
0.001996 4294
0.001997 4295
0.001998 4295
0.001999 4296
0.002 4296
0.002001 4295
0.002002 4295
0.002003 4295
0.002004 4295
0.002005 4295
0.002006 4295
0.002007 4295
0.002008 4295
0.002009 4295
0.00201 4295
0.002011 4295
0.002012 4295
0.002013 4295
0.002014 4295
0.002015 4295
0.002016 4295
0.002017 4295
0.002018 4294
0.002019 4294
0.00202 4294
0.002021 4293
0.002022 4293
0.002023 4292
0.002024 4293
0.002025 4293
0.002026 4293
0.002027 4293
0.002028 4293
0.002029 4292
0.00203 4293
0.002031 4292
0.002032 4293
0.002033 4293
0.002034 4293
0.002035 4293
0.002036 4293
0.002037 4292
0.002038 4292
0.002039 4291
0.00204 4290
0.002041 4290
0.002042 4291
0.002043 4291
0.002044 4291
0.002045 4292
0.002046 4292
0.002047 4292
0.002048 4292
0.002049 4292
0.00205 4291
0.002051 4291
0.002052 4291
0.002053 4291
0.002054 4290
0.002055 4290
0.002056 4290
0.002057 4290
0.002058 4289
0.002059 4289
0.00206 4289
0.002061 4289
0.002062 4290
0.002063 4290
0.002064 4290
0.002065 4290
0.002066 4291
0.002067 4291
0.002068 4291
0.002069 4291
0.00207 4292
0.002071 4292
0.002072 4290
0.002073 4290
0.002074 4289
0.002075 4291
0.002076 4290
0.002077 4291
0.002078 4291
0.002079 4291
0.00208 4290
0.002081 4290
0.002082 4290
0.002083 4292
0.002084 4292
0.002085 4293
0.002086 4293
0.002087 4292
0.002088 4292
0.002089 4293
0.00209 4293
0.002091 4293
0.002092 4293
0.002093 4293
0.002094 4293
0.002095 4294
0.002096 4294
0.002097 4294
0.002098 4293
0.002099 4293
0.0021 4293
0.002101 4294
0.002102 4294
0.002103 4295
0.002104 4295
0.002105 4295
0.002106 4295
0.002107 4295
0.002108 4295
0.002109 4295
0.00211 4295
0.002111 4297
0.002112 4296
0.002113 4297
0.002114 4296
0.002115 4296
0.002116 4296
0.002117 4296
0.002118 4296
0.002119 4296
0.00212 4296
0.002121 4297
0.002122 4297
0.002123 4297
0.002124 4298
0.002125 4299
0.002126 4298
0.002127 4298
0.002128 4299
0.002129 4299
0.00213 4299
0.002131 4298
0.002132 4299
0.002133 4299
0.002134 4299
0.002135 4299
0.002136 4299
0.002137 4299
0.002138 4299
0.002139 4301
0.00214 4301
0.002141 4301
0.002142 4302
0.002143 4301
0.002144 4301
0.002145 4301
0.002146 4302
0.002147 4302
0.002148 4302
0.002149 4302
0.00215 4302
0.002151 4302
0.002152 4302
0.002153 4302
0.002154 4302
0.002155 4302
0.002156 4302
0.002157 4302
0.002158 4303
0.002159 4303
0.00216 4301
0.002161 4302
0.002162 4303
0.002163 4303
0.002164 4304
0.002165 4304
0.002166 4304
0.002167 4304
0.002168 4304
0.002169 4303
0.00217 4303
0.002171 4304
0.002172 4304
0.002173 4303
0.002174 4304
0.002175 4304
0.002176 4305
0.002177 4305
0.002178 4304
0.002179 4304
0.00218 4304
0.002181 4304
0.002182 4304
0.002183 4304
0.002184 4304
0.002185 4304
0.002186 4305
0.002187 4305
0.002188 4304
0.002189 4303
0.00219 4303
0.002191 4304
0.002192 4304
0.002193 4304
0.002194 4304
0.002195 4304
0.002196 4304
0.002197 4304
0.002198 4304
0.002199 4304
0.0022 4305
0.002201 4305
0.002202 4306
0.002203 4306
0.002204 4306
0.002205 4307
0.002206 4307
0.002207 4307
0.002208 4307
0.002209 4307
0.00221 4307
0.002211 4307
0.002212 4307
0.002213 4306
0.002214 4306
0.002215 4307
0.002216 4307
0.002217 4307
0.002218 4307
0.002219 4307
0.00222 4307
0.002221 4307
0.002222 4307
0.002223 4307
0.002224 4307
0.002225 4307
0.002226 4308
0.002227 4308
0.002228 4307
0.002229 4306
0.00223 4306
0.002231 4306
0.002232 4306
0.002233 4306
0.002234 4305
0.002235 4305
0.002236 4306
0.002237 4305
0.002238 4305
0.002239 4305
0.00224 4304
0.002241 4304
0.002242 4302
0.002243 4303
0.002244 4304
0.002245 4305
0.002246 4304
0.002247 4305
0.002248 4304
0.002249 4304
0.00225 4304
0.002251 4304
0.002252 4304
0.002253 4304
0.002254 4304
0.002255 4305
0.002256 4305
0.002257 4305
0.002258 4305
0.002259 4304
0.00226 4304
0.002261 4304
0.002262 4303
0.002263 4303
0.002264 4303
0.002265 4304
0.002266 4304
0.002267 4304
0.002268 4305
0.002269 4305
0.00227 4305
0.002271 4307
0.002272 4307
0.002273 4307
0.002274 4306
0.002275 4306
0.002276 4306
0.002277 4306
0.002278 4306
0.002279 4306
0.00228 4305
0.002281 4306
0.002282 4306
0.002283 4306
0.002284 4305
0.002285 4305
0.002286 4305
0.002287 4305
0.002288 4306
0.002289 4306
0.00229 4306
0.002291 4306
0.002292 4307
0.002293 4307
0.002294 4307
0.002295 4307
0.002296 4307
0.002297 4306
0.002298 4306
0.002299 4307
0.0023 4307
0.002301 4308
0.002302 4308
0.002303 4308
0.002304 4308
0.002305 4308
0.002306 4308
0.002307 4308
0.002308 4308
0.002309 4308
0.00231 4308
0.002311 4308
0.002312 4309
0.002313 4309
0.002314 4309
0.002315 4308
0.002316 4309
0.002317 4309
0.002318 4311
0.002319 4312
0.00232 4312
0.002321 4312
0.002322 4313
0.002323 4313
0.002324 4313
0.002325 4313
0.002326 4313
0.002327 4313
0.002328 4313
0.002329 4314
0.00233 4317
0.002331 4316
0.002332 4316
0.002333 4315
0.002334 4315
0.002335 4315
0.002336 4316
0.002337 4316
0.002338 4316
0.002339 4317
0.00234 4316
0.002341 4316
0.002342 4316
0.002343 4316
0.002344 4316
0.002345 4316
0.002346 4316
0.002347 4315
0.002348 4315
0.002349 4315
0.00235 4315
0.002351 4316
0.002352 4316
0.002353 4316
0.002354 4316
0.002355 4315
0.002356 4315
0.002357 4315
0.002358 4315
0.002359 4315
0.00236 4316
0.002361 4317
0.002362 4314
0.002363 4314
0.002364 4314
0.002365 4314
0.002366 4315
0.002367 4315
0.002368 4314
0.002369 4314
0.00237 4314
0.002371 4313
0.002372 4313
0.002373 4311
0.002374 4310
0.002375 4309
0.002376 4309
0.002377 4309
0.002378 4309
0.002379 4308
0.00238 4308
0.002381 4307
0.002382 4307
0.002383 4307
0.002384 4307
0.002385 4307
0.002386 4306
0.002387 4307
0.002388 4307
0.002389 4307
0.00239 4307
0.002391 4307
0.002392 4306
0.002393 4306
0.002394 4306
0.002395 4305
0.002396 4305
0.002397 4305
0.002398 4305
0.002399 4305
0.0024 4306
0.002401 4306
0.002402 4306
0.002403 4306
0.002404 4306
0.002405 4306
0.002406 4306
0.002407 4306
0.002408 4306
0.002409 4308
0.00241 4308
0.002411 4307
0.002412 4307
0.002413 4306
0.002414 4306
0.002415 4306
0.002416 4305
0.002417 4305
0.002418 4305
0.002419 4305
0.00242 4306
0.002421 4306
0.002422 4307
0.002423 4307
0.002424 4307
0.002425 4306
0.002426 4306
0.002427 4305
0.002428 4306
0.002429 4307
0.00243 4307
0.002431 4307
0.002432 4306
0.002433 4306
0.002434 4306
0.002435 4306
0.002436 4307
0.002437 4306
0.002438 4307
0.002439 4306
0.00244 4305
0.002441 4305
0.002442 4305
0.002443 4305
0.002444 4305
0.002445 4305
0.002446 4305
0.002447 4305
0.002448 4305
0.002449 4304
0.00245 4304
0.002451 4305
0.002452 4306
0.002453 4306
0.002454 4307
0.002455 4307
0.002456 4306
0.002457 4306
0.002458 4307
0.002459 4307
0.00246 4306
0.002461 4305
0.002462 4304
0.002463 4304
0.002464 4303
0.002465 4302
0.002466 4302
0.002467 4302
0.002468 4302
0.002469 4301
0.00247 4301
0.002471 4301
0.002472 4303
0.002473 4303
0.002474 4303
0.002475 4303
0.002476 4303
0.002477 4301
0.002478 4301
0.002479 4301
0.00248 4301
0.002481 4301
0.002482 4300
0.002483 4300
0.002484 4299
0.002485 4299
0.002486 4299
0.002487 4298
0.002488 4298
0.002489 4298
0.00249 4299
0.002491 4298
0.002492 4298
0.002493 4298
0.002494 4298
0.002495 4297
0.002496 4298
0.002497 4299
0.002498 4298
0.002499 4297
0.0025 4297
0.002501 4297
0.002502 4295
0.002503 4295
0.002504 4295
0.002505 4296
0.002506 4296
0.002507 4296
0.002508 4296
0.002509 4296
0.00251 4296
0.002511 4296
0.002512 4295
0.002513 4295
0.002514 4294
0.002515 4293
0.002516 4293
0.002517 4293
0.002518 4293
0.002519 4294
0.00252 4295
0.002521 4295
0.002522 4296
0.002523 4295
0.002524 4295
0.002525 4295
0.002526 4295
0.002527 4295
0.002528 4295
0.002529 4294
0.00253 4294
0.002531 4294
0.002532 4294
0.002533 4294
0.002534 4294
0.002535 4294
0.002536 4296
0.002537 4296
0.002538 4295
0.002539 4295
0.00254 4295
0.002541 4294
0.002542 4293
0.002543 4293
0.002544 4293
0.002545 4294
0.002546 4294
0.002547 4295
0.002548 4293
0.002549 4293
0.00255 4293
0.002551 4293
0.002552 4292
0.002553 4292
0.002554 4292
0.002555 4293
0.002556 4292
0.002557 4292
0.002558 4294
0.002559 4294
0.00256 4293
0.002561 4294
0.002562 4294
0.002563 4295
0.002564 4295
0.002565 4295
0.002566 4295
0.002567 4295
0.002568 4295
0.002569 4296
0.00257 4296
0.002571 4297
0.002572 4297
0.002573 4297
0.002574 4297
0.002575 4297
0.002576 4296
0.002577 4298
0.002578 4299
0.002579 4299
0.00258 4299
0.002581 4299
0.002582 4298
0.002583 4298
0.002584 4298
0.002585 4298
0.002586 4298
0.002587 4298
0.002588 4299
0.002589 4299
0.00259 4300
0.002591 4300
0.002592 4300
0.002593 4301
0.002594 4301
0.002595 4303
0.002596 4303
0.002597 4303
0.002598 4303
0.002599 4302
0.0026 4302
0.002601 4302
0.002602 4301
0.002603 4301
0.002604 4301
0.002605 4301
0.002606 4301
0.002607 4301
0.002608 4301
0.002609 4300
0.00261 4300
0.002611 4300
0.002612 4299
0.002613 4299
0.002614 4299
0.002615 4300
0.002616 4300
0.002617 4300
0.002618 4300
0.002619 4300
0.00262 4299
0.002621 4299
0.002622 4299
0.002623 4300
0.002624 4299
0.002625 4299
0.002626 4299
0.002627 4299
0.002628 4299
0.002629 4299
0.00263 4299
0.002631 4299
0.002632 4299
0.002633 4298
0.002634 4298
0.002635 4298
0.002636 4298
0.002637 4298
0.002638 4299
0.002639 4299
0.00264 4300
0.002641 4300
0.002642 4300
0.002643 4300
0.002644 4300
0.002645 4300
0.002646 4301
0.002647 4302
0.002648 4301
0.002649 4300
0.00265 4300
0.002651 4301
0.002652 4301
0.002653 4301
0.002654 4300
0.002655 4299
0.002656 4299
0.002657 4301
0.002658 4300
0.002659 4300
0.00266 4300
0.002661 4300
0.002662 4300
0.002663 4300
0.002664 4300
0.002665 4298
0.002666 4299
0.002667 4299
0.002668 4299
0.002669 4301
0.00267 4300
0.002671 4299
0.002672 4299
0.002673 4299
0.002674 4299
0.002675 4299
0.002676 4299
0.002677 4299
0.002678 4299
0.002679 4299
0.00268 4299
0.002681 4299
0.002682 4299
0.002683 4299
0.002684 4299
0.002685 4299
0.002686 4298
0.002687 4299
0.002688 4299
0.002689 4299
0.00269 4299
0.002691 4299
0.002692 4299
0.002693 4299
0.002694 4299
0.002695 4299
0.002696 4298
0.002697 4298
0.002698 4298
0.002699 4298
0.0027 4297
0.002701 4297
0.002702 4297
0.002703 4297
0.002704 4296
0.002705 4296
0.002706 4296
0.002707 4297
0.002708 4297
0.002709 4297
0.00271 4297
0.002711 4298
0.002712 4298
0.002713 4298
0.002714 4297
0.002715 4297
0.002716 4297
0.002717 4297
0.002718 4297
0.002719 4297
0.00272 4297
0.002721 4297
0.002722 4298
0.002723 4298
0.002724 4299
0.002725 4298
0.002726 4298
0.002727 4298
0.002728 4296
0.002729 4296
0.00273 4296
0.002731 4296
0.002732 4296
0.002733 4296
0.002734 4296
0.002735 4296
0.002736 4296
0.002737 4295
0.002738 4295
0.002739 4296
0.00274 4296
0.002741 4296
0.002742 4297
0.002743 4297
0.002744 4296
0.002745 4296
0.002746 4296
0.002747 4295
0.002748 4296
0.002749 4296
0.00275 4296
0.002751 4296
0.002752 4295
0.002753 4295
0.002754 4295
0.002755 4295
0.002756 4295
0.002757 4295
0.002758 4295
0.002759 4294
0.00276 4294
0.002761 4294
0.002762 4294
0.002763 4294
0.002764 4294
0.002765 4295
0.002766 4295
0.002767 4294
0.002768 4294
0.002769 4294
0.00277 4294
0.002771 4294
0.002772 4294
0.002773 4294
0.002774 4294
0.002775 4293
0.002776 4293
0.002777 4295
0.002778 4296
0.002779 4296
0.00278 4296
0.002781 4296
0.002782 4296
0.002783 4297
0.002784 4298
0.002785 4297
0.002786 4297
0.002787 4299
0.002788 4299
0.002789 4299
0.00279 4297
0.002791 4298
0.002792 4297
0.002793 4297
0.002794 4297
0.002795 4297
0.002796 4295
0.002797 4295
0.002798 4294
0.002799 4294
0.0028 4293
0.002801 4293
0.002802 4293
0.002803 4293
0.002804 4293
0.002805 4292
0.002806 4292
0.002807 4292
0.002808 4292
0.002809 4293
0.00281 4292
0.002811 4292
0.002812 4291
0.002813 4291
0.002814 4290
0.002815 4290
0.002816 4290
0.002817 4290
0.002818 4290
0.002819 4290
0.00282 4290
0.002821 4290
0.002822 4290
0.002823 4289
0.002824 4292
0.002825 4291
0.002826 4290
0.002827 4290
0.002828 4290
0.002829 4289
0.00283 4288
0.002831 4288
0.002832 4288
0.002833 4289
0.002834 4288
0.002835 4288
0.002836 4289
0.002837 4288
0.002838 4288
0.002839 4289
0.00284 4289
0.002841 4289
0.002842 4290
0.002843 4288
0.002844 4287
0.002845 4286
0.002846 4287
0.002847 4287
0.002848 4287
0.002849 4287
0.00285 4287
0.002851 4287
0.002852 4287
0.002853 4287
0.002854 4287
0.002855 4287
0.002856 4288
0.002857 4288
0.002858 4287
0.002859 4287
0.00286 4288
0.002861 4289
0.002862 4289
0.002863 4289
0.002864 4289
0.002865 4287
0.002866 4286
0.002867 4286
0.002868 4285
0.002869 4285
0.00287 4285
0.002871 4285
0.002872 4286
0.002873 4287
0.002874 4288
0.002875 4288
0.002876 4288
0.002877 4287
0.002878 4287
0.002879 4287
0.00288 4288
0.002881 4288
0.002882 4288
0.002883 4288
0.002884 4288
0.002885 4288
0.002886 4288
0.002887 4288
0.002888 4288
0.002889 4288
0.00289 4288
0.002891 4288
0.002892 4288
0.002893 4290
0.002894 4290
0.002895 4290
0.002896 4289
0.002897 4289
0.002898 4288
0.002899 4288
0.0029 4288
0.002901 4288
0.002902 4288
0.002903 4286
0.002904 4287
0.002905 4287
0.002906 4287
0.002907 4286
0.002908 4288
0.002909 4288
0.00291 4288
0.002911 4288
0.002912 4288
0.002913 4288
0.002914 4288
0.002915 4288
0.002916 4288
0.002917 4287
0.002918 4287
0.002919 4287
0.00292 4287
0.002921 4287
0.002922 4287
0.002923 4287
0.002924 4287
0.002925 4287
0.002926 4287
0.002927 4287
0.002928 4286
0.002929 4286
0.00293 4286
0.002931 4285
0.002932 4284
0.002933 4286
0.002934 4286
0.002935 4286
0.002936 4286
0.002937 4286
0.002938 4286
0.002939 4286
0.00294 4286
0.002941 4286
0.002942 4285
0.002943 4285
0.002944 4286
0.002945 4286
0.002946 4285
0.002947 4285
0.002948 4285
0.002949 4285
0.00295 4284
0.002951 4284
0.002952 4284
0.002953 4284
0.002954 4284
0.002955 4285
0.002956 4285
0.002957 4287
0.002958 4286
0.002959 4286
0.00296 4285
0.002961 4285
0.002962 4284
0.002963 4284
0.002964 4283
0.002965 4283
0.002966 4282
0.002967 4283
0.002968 4284
0.002969 4285
0.00297 4286
0.002971 4285
0.002972 4285
0.002973 4284
0.002974 4283
0.002975 4282
0.002976 4282
0.002977 4282
0.002978 4283
0.002979 4284
0.00298 4286
0.002981 4287
0.002982 4287
0.002983 4287
0.002984 4287
0.002985 4287
0.002986 4287
0.002987 4288
0.002988 4288
0.002989 4288
0.00299 4288
0.002991 4288
0.002992 4288
0.002993 4288
0.002994 4288
0.002995 4288
0.002996 4288
0.002997 4288
0.002998 4287
0.002999 4288
0.003 4288
0.003001 4288
0.003002 4288
0.003003 4288
0.003004 4287
0.003005 4287
0.003006 4287
0.003007 4287
0.003008 4287
0.003009 4287
0.00301 4286
0.003011 4286
0.003012 4287
0.003013 4288
0.003014 4288
0.003015 4290
0.003016 4290
0.003017 4290
0.003018 4290
0.003019 4290
0.00302 4290
0.003021 4289
0.003022 4289
0.003023 4289
0.003024 4289
0.003025 4290
0.003026 4290
0.003027 4290
0.003028 4290
0.003029 4290
0.00303 4289
0.003031 4289
0.003032 4289
0.003033 4289
0.003034 4289
0.003035 4288
0.003036 4288
0.003037 4288
0.003038 4288
0.003039 4288
0.00304 4286
0.003041 4286
0.003042 4286
0.003043 4286
0.003044 4287
0.003045 4286
0.003046 4286
0.003047 4286
0.003048 4287
0.003049 4287
0.00305 4287
0.003051 4287
0.003052 4287
0.003053 4287
0.003054 4286
0.003055 4286
0.003056 4286
0.003057 4287
0.003058 4287
0.003059 4287
0.00306 4287
0.003061 4287
0.003062 4288
0.003063 4288
0.003064 4288
0.003065 4287
0.003066 4287
0.003067 4286
0.003068 4286
0.003069 4286
0.00307 4285
0.003071 4284
0.003072 4284
0.003073 4284
0.003074 4284
0.003075 4284
0.003076 4284
0.003077 4284
0.003078 4284
0.003079 4284
0.00308 4284
0.003081 4283
0.003082 4284
0.003083 4284
0.003084 4284
0.003085 4284
0.003086 4284
0.003087 4284
0.003088 4283
0.003089 4283
0.00309 4283
0.003091 4283
0.003092 4285
0.003093 4286
0.003094 4286
0.003095 4287
0.003096 4287
0.003097 4287
0.003098 4287
0.003099 4287
0.0031 4286
0.003101 4286
0.003102 4286
0.003103 4286
0.003104 4286
0.003105 4285
0.003106 4285
0.003107 4285
0.003108 4285
0.003109 4285
0.00311 4285
0.003111 4287
0.003112 4288
0.003113 4288
0.003114 4288
0.003115 4288
0.003116 4288
0.003117 4288
0.003118 4288
0.003119 4288
0.00312 4287
0.003121 4287
0.003122 4287
0.003123 4288
0.003124 4288
0.003125 4287
0.003126 4288
0.003127 4288
0.003128 4287
0.003129 4287
0.00313 4287
0.003131 4287
0.003132 4288
0.003133 4288
0.003134 4288
0.003135 4288
0.003136 4287
0.003137 4288
0.003138 4287
0.003139 4287
0.00314 4287
0.003141 4287
0.003142 4288
0.003143 4288
0.003144 4288
0.003145 4288
0.003146 4289
0.003147 4288
0.003148 4287
0.003149 4287
0.00315 4287
0.003151 4285
0.003152 4285
0.003153 4285
0.003154 4285
0.003155 4285
0.003156 4284
0.003157 4284
0.003158 4284
0.003159 4283
0.00316 4282
0.003161 4282
0.003162 4282
0.003163 4282
0.003164 4283
0.003165 4283
0.003166 4283
0.003167 4285
0.003168 4286
0.003169 4285
0.00317 4285
0.003171 4285
0.003172 4285
0.003173 4284
0.003174 4284
0.003175 4285
0.003176 4285
0.003177 4285
0.003178 4284
0.003179 4284
0.00318 4284
0.003181 4283
0.003182 4283
0.003183 4283
0.003184 4282
0.003185 4282
0.003186 4282
0.003187 4281
0.003188 4281
0.003189 4281
0.00319 4281
0.003191 4281
0.003192 4281
0.003193 4281
0.003194 4280
0.003195 4280
0.003196 4280
0.003197 4279
0.003198 4279
0.003199 4279
0.0032 4279
0.003201 4279
0.003202 4279
0.003203 4279
0.003204 4278
0.003205 4279
0.003206 4281
0.003207 4282
0.003208 4281
0.003209 4280
0.00321 4281
0.003211 4281
0.003212 4281
0.003213 4281
0.003214 4281
0.003215 4281
0.003216 4281
0.003217 4281
0.003218 4281
0.003219 4282
0.00322 4283
0.003221 4283
0.003222 4282
0.003223 4282
0.003224 4282
0.003225 4282
0.003226 4283
0.003227 4283
0.003228 4285
0.003229 4284
0.00323 4283
0.003231 4283
0.003232 4283
0.003233 4283
0.003234 4283
0.003235 4283
0.003236 4284
0.003237 4284
0.003238 4285
0.003239 4285
0.00324 4286
0.003241 4287
0.003242 4287
0.003243 4286
0.003244 4287
0.003245 4287
0.003246 4285
0.003247 4287
0.003248 4287
0.003249 4287
0.00325 4287
0.003251 4287
0.003252 4287
0.003253 4287
0.003254 4286
0.003255 4286
0.003256 4285
0.003257 4284
0.003258 4284
0.003259 4285
0.00326 4286
0.003261 4285
0.003262 4285
0.003263 4285
0.003264 4285
0.003265 4285
0.003266 4286
0.003267 4287
0.003268 4287
0.003269 4287
0.00327 4286
0.003271 4285
0.003272 4286
0.003273 4286
0.003274 4286
0.003275 4286
0.003276 4286
0.003277 4287
0.003278 4287
0.003279 4287
0.00328 4288
0.003281 4288
0.003282 4288
0.003283 4288
0.003284 4288
0.003285 4288
0.003286 4288
0.003287 4288
0.003288 4288
0.003289 4288
0.00329 4287
0.003291 4287
0.003292 4286
0.003293 4286
0.003294 4287
0.003295 4286
0.003296 4286
0.003297 4286
0.003298 4286
0.003299 4286
0.0033 4285
0.003301 4285
0.003302 4285
0.003303 4285
0.003304 4285
0.003305 4284
0.003306 4283
0.003307 4284
0.003308 4285
0.003309 4285
0.00331 4284
0.003311 4284
0.003312 4284
0.003313 4285
0.003314 4285
0.003315 4285
0.003316 4286
0.003317 4286
0.003318 4286
0.003319 4288
0.00332 4288
0.003321 4288
0.003322 4287
0.003323 4287
0.003324 4286
0.003325 4286
0.003326 4287
0.003327 4287
0.003328 4287
0.003329 4287
0.00333 4288
0.003331 4288
0.003332 4289
0.003333 4289
0.003334 4289
0.003335 4289
0.003336 4288
0.003337 4288
0.003338 4287
0.003339 4286
0.00334 4285
0.003341 4285
0.003342 4285
0.003343 4285
0.003344 4285
0.003345 4286
0.003346 4286
0.003347 4286
0.003348 4285
0.003349 4286
0.00335 4286
0.003351 4287
0.003352 4289
0.003353 4289
0.003354 4289
0.003355 4289
0.003356 4290
0.003357 4289
0.003358 4289
0.003359 4289
0.00336 4289
0.003361 4289
0.003362 4289
0.003363 4290
0.003364 4290
0.003365 4290
0.003366 4289
0.003367 4289
0.003368 4289
0.003369 4289
0.00337 4289
0.003371 4288
0.003372 4289
0.003373 4289
0.003374 4289
0.003375 4290
0.003376 4290
0.003377 4290
0.003378 4290
0.003379 4290
0.00338 4290
0.003381 4290
0.003382 4290
0.003383 4289
0.003384 4289
0.003385 4291
0.003386 4292
0.003387 4293
0.003388 4293
0.003389 4293
0.00339 4293
0.003391 4293
0.003392 4294
0.003393 4294
0.003394 4294
0.003395 4294
0.003396 4294
0.003397 4295
0.003398 4295
0.003399 4295
0.0034 4295
0.003401 4294
0.003402 4294
0.003403 4295
0.003404 4295
0.003405 4295
0.003406 4297
0.003407 4297
0.003408 4297
0.003409 4297
0.00341 4297
0.003411 4298
0.003412 4298
0.003413 4298
0.003414 4298
0.003415 4299
0.003416 4299
0.003417 4299
0.003418 4299
0.003419 4298
0.00342 4298
0.003421 4296
0.003422 4296
0.003423 4297
0.003424 4296
0.003425 4296
0.003426 4297
0.003427 4298
0.003428 4297
0.003429 4296
0.00343 4296
0.003431 4296
0.003432 4296
0.003433 4296
0.003434 4296
0.003435 4296
0.003436 4296
0.003437 4297
0.003438 4296
0.003439 4296
0.00344 4297
0.003441 4297
0.003442 4297
0.003443 4298
0.003444 4298
0.003445 4299
0.003446 4299
0.003447 4299
0.003448 4300
0.003449 4298
0.00345 4298
0.003451 4297
0.003452 4297
0.003453 4297
0.003454 4298
0.003455 4298
0.003456 4298
0.003457 4299
0.003458 4299
0.003459 4298
0.00346 4299
0.003461 4300
0.003462 4300
0.003463 4299
0.003464 4299
0.003465 4299
0.003466 4298
0.003467 4298
0.003468 4300
0.003469 4300
0.00347 4301
0.003471 4301
0.003472 4300
0.003473 4300
0.003474 4300
0.003475 4299
0.003476 4299
0.003477 4300
0.003478 4300
0.003479 4300
0.00348 4300
0.003481 4300
0.003482 4300
0.003483 4300
0.003484 4301
0.003485 4302
0.003486 4303
0.003487 4303
0.003488 4303
0.003489 4303
0.00349 4304
0.003491 4304
0.003492 4304
0.003493 4304
0.003494 4304
0.003495 4304
0.003496 4305
0.003497 4305
0.003498 4305
0.003499 4305
0.0035 4304
0.003501 4304
0.003502 4304
0.003503 4303
0.003504 4303
0.003505 4303
0.003506 4303
0.003507 4303
0.003508 4303
0.003509 4304
0.00351 4303
0.003511 4303
0.003512 4303
0.003513 4303
0.003514 4303
0.003515 4303
0.003516 4302
0.003517 4302
0.003518 4302
0.003519 4302
0.00352 4301
0.003521 4302
0.003522 4302
0.003523 4302
0.003524 4302
0.003525 4302
0.003526 4302
0.003527 4302
0.003528 4301
0.003529 4301
0.00353 4301
0.003531 4301
0.003532 4301
0.003533 4301
0.003534 4300
0.003535 4300
0.003536 4300
0.003537 4300
0.003538 4300
0.003539 4300
0.00354 4300
0.003541 4300
0.003542 4299
0.003543 4299
0.003544 4299
0.003545 4298
0.003546 4298
0.003547 4298
0.003548 4298
0.003549 4297
0.00355 4297
0.003551 4297
0.003552 4297
0.003553 4297
0.003554 4297
0.003555 4298
0.003556 4298
0.003557 4298
0.003558 4297
0.003559 4298
0.00356 4298
0.003561 4298
0.003562 4299
0.003563 4298
0.003564 4298
0.003565 4298
0.003566 4298
0.003567 4296
0.003568 4296
0.003569 4296
0.00357 4296
0.003571 4296
0.003572 4297
0.003573 4297
0.003574 4296
0.003575 4297
0.003576 4297
0.003577 4296
0.003578 4296
0.003579 4298
0.00358 4298
0.003581 4297
0.003582 4297
0.003583 4297
0.003584 4296
0.003585 4296
0.003586 4295
0.003587 4295
0.003588 4295
0.003589 4294
0.00359 4294
0.003591 4294
0.003592 4294
0.003593 4293
0.003594 4293
0.003595 4293
0.003596 4294
0.003597 4295
0.003598 4295
0.003599 4295
0.0036 4295
0.003601 4297
0.003602 4297
0.003603 4297
0.003604 4297
0.003605 4297
0.003606 4297
0.003607 4297
0.003608 4296
0.003609 4296
0.00361 4295
0.003611 4296
0.003612 4296
0.003613 4296
0.003614 4296
0.003615 4295
0.003616 4295
0.003617 4296
0.003618 4296
0.003619 4296
0.00362 4296
0.003621 4296
0.003622 4296
0.003623 4296
0.003624 4295
0.003625 4295
0.003626 4295
0.003627 4295
0.003628 4294
0.003629 4294
0.00363 4294
0.003631 4294
0.003632 4294
0.003633 4294
0.003634 4294
0.003635 4294
0.003636 4294
0.003637 4294
0.003638 4293
0.003639 4292
0.00364 4291
0.003641 4291
0.003642 4290
0.003643 4291
0.003644 4291
0.003645 4291
0.003646 4292
0.003647 4292
0.003648 4292
0.003649 4293
0.00365 4294
0.003651 4294
0.003652 4294
0.003653 4295
0.003654 4294
0.003655 4294
0.003656 4294
0.003657 4294
0.003658 4294
0.003659 4293
0.00366 4291
0.003661 4291
0.003662 4290
0.003663 4290
0.003664 4290
0.003665 4290
0.003666 4291
0.003667 4291
0.003668 4291
0.003669 4291
0.00367 4291
0.003671 4291
0.003672 4291
0.003673 4291
0.003674 4291
0.003675 4291
0.003676 4291
0.003677 4292
0.003678 4292
0.003679 4291
0.00368 4290
0.003681 4290
0.003682 4290
0.003683 4291
0.003684 4291
0.003685 4291
0.003686 4291
0.003687 4292
0.003688 4292
0.003689 4292
0.00369 4292
0.003691 4292
0.003692 4292
0.003693 4292
0.003694 4292
0.003695 4293
0.003696 4292
0.003697 4292
0.003698 4292
0.003699 4292
0.0037 4291
0.003701 4291
0.003702 4291
0.003703 4289
0.003704 4289
0.003705 4289
0.003706 4288
0.003707 4288
0.003708 4288
0.003709 4288
0.00371 4288
0.003711 4289
0.003712 4290
0.003713 4290
0.003714 4291
0.003715 4291
0.003716 4291
0.003717 4292
0.003718 4292
0.003719 4292
0.00372 4292
0.003721 4292
0.003722 4292
0.003723 4292
0.003724 4292
0.003725 4292
0.003726 4292
0.003727 4291
0.003728 4291
0.003729 4291
0.00373 4292
0.003731 4292
0.003732 4290
0.003733 4290
0.003734 4289
0.003735 4289
0.003736 4289
0.003737 4289
0.003738 4289
0.003739 4289
0.00374 4290
0.003741 4290
0.003742 4290
0.003743 4291
0.003744 4292
0.003745 4292
0.003746 4292
0.003747 4292
0.003748 4292
0.003749 4292
0.00375 4292
0.003751 4293
0.003752 4293
0.003753 4294
0.003754 4294
0.003755 4294
0.003756 4293
0.003757 4292
0.003758 4291
0.003759 4291
0.00376 4291
0.003761 4291
0.003762 4290
0.003763 4290
0.003764 4290
0.003765 4290
0.003766 4290
0.003767 4290
0.003768 4289
0.003769 4288
0.00377 4287
0.003771 4287
0.003772 4287
0.003773 4287
0.003774 4287
0.003775 4288
0.003776 4287
0.003777 4288
0.003778 4289
0.003779 4288
0.00378 4288
0.003781 4288
0.003782 4289
0.003783 4289
0.003784 4289
0.003785 4289
0.003786 4289
0.003787 4289
0.003788 4289
0.003789 4288
0.00379 4288
0.003791 4288
0.003792 4288
0.003793 4288
0.003794 4288
0.003795 4288
0.003796 4288
0.003797 4288
0.003798 4288
0.003799 4288
0.0038 4285
0.003801 4284
0.003802 4284
0.003803 4284
0.003804 4284
0.003805 4284
0.003806 4283
0.003807 4283
0.003808 4283
0.003809 4283
0.00381 4282
0.003811 4282
0.003812 4282
0.003813 4282
0.003814 4282
0.003815 4283
0.003816 4283
0.003817 4283
0.003818 4283
0.003819 4283
0.00382 4283
0.003821 4283
0.003822 4283
0.003823 4283
0.003824 4283
0.003825 4284
0.003826 4284
0.003827 4285
0.003828 4283
0.003829 4283
0.00383 4284
0.003831 4284
0.003832 4283
0.003833 4283
0.003834 4284
0.003835 4284
0.003836 4283
0.003837 4283
0.003838 4282
0.003839 4282
0.00384 4282
0.003841 4283
0.003842 4283
0.003843 4283
0.003844 4283
0.003845 4283
0.003846 4282
0.003847 4282
0.003848 4283
0.003849 4284
0.00385 4282
0.003851 4282
0.003852 4281
0.003853 4280
0.003854 4280
0.003855 4280
0.003856 4281
0.003857 4281
0.003858 4281
0.003859 4281
0.00386 4282
0.003861 4282
0.003862 4282
0.003863 4282
0.003864 4282
0.003865 4282
0.003866 4282
0.003867 4282
0.003868 4282
0.003869 4282
0.00387 4282
0.003871 4282
0.003872 4282
0.003873 4283
0.003874 4283
0.003875 4283
0.003876 4283
0.003877 4283
0.003878 4283
0.003879 4283
0.00388 4283
0.003881 4283
0.003882 4283
0.003883 4282
0.003884 4283
0.003885 4282
0.003886 4282
0.003887 4283
0.003888 4283
0.003889 4282
0.00389 4282
0.003891 4282
0.003892 4282
0.003893 4282
0.003894 4282
0.003895 4281
0.003896 4281
0.003897 4282
0.003898 4282
0.003899 4282
0.0039 4282
0.003901 4282
0.003902 4282
0.003903 4281
0.003904 4280
0.003905 4280
0.003906 4280
0.003907 4280
0.003908 4279
0.003909 4279
0.00391 4279
0.003911 4278
0.003912 4278
0.003913 4278
0.003914 4277
0.003915 4277
0.003916 4277
0.003917 4278
0.003918 4278
0.003919 4277
0.00392 4276
0.003921 4275
0.003922 4275
0.003923 4275
0.003924 4275
0.003925 4275
0.003926 4275
0.003927 4275
0.003928 4275
0.003929 4275
0.00393 4275
0.003931 4276
0.003932 4276
0.003933 4276
0.003934 4276
0.003935 4276
0.003936 4277
0.003937 4277
0.003938 4277
0.003939 4277
0.00394 4276
0.003941 4276
0.003942 4275
0.003943 4275
0.003944 4275
0.003945 4275
0.003946 4275
0.003947 4275
0.003948 4275
0.003949 4275
0.00395 4274
0.003951 4274
0.003952 4273
0.003953 4273
0.003954 4273
0.003955 4273
0.003956 4273
0.003957 4273
0.003958 4272
0.003959 4272
0.00396 4272
0.003961 4272
0.003962 4273
0.003963 4273
0.003964 4273
0.003965 4273
0.003966 4273
0.003967 4274
0.003968 4274
0.003969 4275
0.00397 4275
0.003971 4277
0.003972 4277
0.003973 4277
0.003974 4277
0.003975 4277
0.003976 4277
0.003977 4276
0.003978 4277
0.003979 4275
0.00398 4275
0.003981 4274
0.003982 4273
0.003983 4273
0.003984 4272
0.003985 4273
0.003986 4272
0.003987 4272
0.003988 4273
0.003989 4273
0.00399 4273
0.003991 4273
0.003992 4273
0.003993 4272
0.003994 4273
0.003995 4273
0.003996 4273
0.003997 4273
0.003998 4273
0.003999 4273
0.004 4273
0.004001 4273
0.004002 4273
0.004003 4274
0.004004 4274
0.004005 4274
0.004006 4274
0.004007 4274
0.004008 4274
0.004009 4274
0.00401 4274
0.004011 4274
0.004012 4275
0.004013 4275
0.004014 4275
0.004015 4275
0.004016 4274
0.004017 4274
0.004018 4274
0.004019 4274
0.00402 4274
0.004021 4276
0.004022 4277
0.004023 4277
0.004024 4277
0.004025 4276
0.004026 4275
0.004027 4275
0.004028 4275
0.004029 4274
0.00403 4274
0.004031 4274
0.004032 4274
0.004033 4274
0.004034 4274
0.004035 4274
0.004036 4274
0.004037 4274
0.004038 4274
0.004039 4275
0.00404 4275
0.004041 4275
0.004042 4275
0.004043 4275
0.004044 4275
0.004045 4274
0.004046 4276
0.004047 4276
0.004048 4275
0.004049 4275
0.00405 4275
0.004051 4274
0.004052 4275
0.004053 4275
0.004054 4275
0.004055 4276
0.004056 4275
0.004057 4275
0.004058 4275
0.004059 4275
0.00406 4274
0.004061 4274
0.004062 4274
0.004063 4274
0.004064 4274
0.004065 4274
0.004066 4275
0.004067 4275
0.004068 4275
0.004069 4276
0.00407 4275
0.004071 4275
0.004072 4275
0.004073 4276
0.004074 4276
0.004075 4277
0.004076 4276
0.004077 4276
0.004078 4276
0.004079 4275
0.00408 4274
0.004081 4274
0.004082 4274
0.004083 4274
0.004084 4274
0.004085 4274
0.004086 4274
0.004087 4274
0.004088 4275
0.004089 4275
0.00409 4275
0.004091 4275
0.004092 4276
0.004093 4276
0.004094 4276
0.004095 4275
0.004096 4274
0.004097 4274
0.004098 4273
0.004099 4273
0.0041 4273
0.004101 4274
0.004102 4274
0.004103 4274
0.004104 4274
0.004105 4273
0.004106 4272
0.004107 4271
0.004108 4272
0.004109 4272
0.00411 4272
0.004111 4272
0.004112 4271
0.004113 4271
0.004114 4272
0.004115 4272
0.004116 4272
0.004117 4272
0.004118 4272
0.004119 4273
0.00412 4273
0.004121 4272
0.004122 4272
0.004123 4271
0.004124 4271
0.004125 4273
0.004126 4273
0.004127 4273
0.004128 4273
0.004129 4273
0.00413 4272
0.004131 4272
0.004132 4273
0.004133 4273
0.004134 4273
0.004135 4273
0.004136 4273
0.004137 4272
0.004138 4272
0.004139 4272
0.00414 4272
0.004141 4272
0.004142 4271
0.004143 4271
0.004144 4271
0.004145 4270
0.004146 4270
0.004147 4270
0.004148 4270
0.004149 4270
0.00415 4271
0.004151 4271
0.004152 4270
0.004153 4269
0.004154 4270
0.004155 4269
0.004156 4269
0.004157 4269
0.004158 4269
0.004159 4269
0.00416 4269
0.004161 4269
0.004162 4269
0.004163 4269
0.004164 4269
0.004165 4269
0.004166 4269
0.004167 4270
0.004168 4270
0.004169 4270
0.00417 4270
0.004171 4271
0.004172 4271
0.004173 4271
0.004174 4271
0.004175 4270
0.004176 4270
0.004177 4270
0.004178 4269
0.004179 4269
0.00418 4269
0.004181 4269
0.004182 4269
0.004183 4269
0.004184 4269
0.004185 4269
0.004186 4268
0.004187 4267
0.004188 4267
0.004189 4267
0.00419 4267
0.004191 4267
0.004192 4267
0.004193 4267
0.004194 4266
0.004195 4265
0.004196 4265
0.004197 4265
0.004198 4265
0.004199 4265
0.0042 4265
0.004201 4265
0.004202 4266
0.004203 4266
0.004204 4266
0.004205 4266
0.004206 4266
0.004207 4268
0.004208 4268
0.004209 4268
0.00421 4268
0.004211 4267
0.004212 4266
0.004213 4266
0.004214 4266
0.004215 4266
0.004216 4266
0.004217 4266
0.004218 4266
0.004219 4266
0.00422 4266
0.004221 4266
0.004222 4267
0.004223 4268
0.004224 4268
0.004225 4269
0.004226 4267
0.004227 4267
0.004228 4267
0.004229 4268
0.00423 4269
0.004231 4269
0.004232 4269
0.004233 4268
0.004234 4268
0.004235 4269
0.004236 4269
0.004237 4269
0.004238 4269
0.004239 4269
0.00424 4269
0.004241 4270
0.004242 4270
0.004243 4272
0.004244 4273
0.004245 4273
0.004246 4272
0.004247 4271
0.004248 4271
0.004249 4271
0.00425 4272
0.004251 4273
0.004252 4273
0.004253 4274
0.004254 4274
0.004255 4274
0.004256 4274
0.004257 4273
0.004258 4273
0.004259 4273
0.00426 4273
0.004261 4273
0.004262 4273
0.004263 4273
0.004264 4274
0.004265 4274
0.004266 4274
0.004267 4274
0.004268 4274
0.004269 4274
0.00427 4276
0.004271 4276
0.004272 4276
0.004273 4276
0.004274 4276
0.004275 4276
0.004276 4275
0.004277 4275
0.004278 4275
0.004279 4275
0.00428 4275
0.004281 4273
0.004282 4274
0.004283 4275
0.004284 4275
0.004285 4276
0.004286 4275
0.004287 4274
0.004288 4277
0.004289 4277
0.00429 4277
0.004291 4277
0.004292 4279
0.004293 4280
0.004294 4280
0.004295 4282
0.004296 4283
0.004297 4286
0.004298 4287
0.004299 4287
0.0043 4287
0.004301 4287
0.004302 4287
0.004303 4287
0.004304 4287
0.004305 4286
0.004306 4287
0.004307 4287
0.004308 4287
0.004309 4287
0.00431 4287
0.004311 4288
0.004312 4289
0.004313 4289
0.004314 4289
0.004315 4290
0.004316 4291
0.004317 4291
0.004318 4291
0.004319 4291
0.00432 4291
0.004321 4290
0.004322 4289
0.004323 4288
0.004324 4288
0.004325 4288
0.004326 4288
0.004327 4288
0.004328 4288
0.004329 4288
0.00433 4288
0.004331 4288
0.004332 4287
0.004333 4288
0.004334 4289
0.004335 4289
0.004336 4288
0.004337 4288
0.004338 4288
0.004339 4288
0.00434 4289
0.004341 4289
0.004342 4289
0.004343 4289
0.004344 4289
0.004345 4290
0.004346 4291
0.004347 4291
0.004348 4290
0.004349 4289
0.00435 4288
0.004351 4288
0.004352 4288
0.004353 4288
0.004354 4288
0.004355 4290
0.004356 4290
0.004357 4288
0.004358 4288
0.004359 4288
0.00436 4288
0.004361 4288
0.004362 4289
0.004363 4289
0.004364 4288
0.004365 4288
0.004366 4288
0.004367 4288
0.004368 4288
0.004369 4288
0.00437 4288
0.004371 4289
0.004372 4288
0.004373 4288
0.004374 4288
0.004375 4289
0.004376 4289
0.004377 4289
0.004378 4289
0.004379 4288
0.00438 4288
0.004381 4287
0.004382 4287
0.004383 4286
0.004384 4285
0.004385 4286
0.004386 4286
0.004387 4287
0.004388 4287
0.004389 4287
0.00439 4287
0.004391 4288
0.004392 4289
0.004393 4288
0.004394 4288
0.004395 4288
0.004396 4288
0.004397 4288
0.004398 4288
0.004399 4288
0.0044 4288
0.004401 4289
0.004402 4289
0.004403 4289
0.004404 4289
0.004405 4289
0.004406 4287
0.004407 4287
0.004408 4287
0.004409 4287
0.00441 4287
0.004411 4288
0.004412 4288
0.004413 4287
0.004414 4287
0.004415 4287
0.004416 4287
0.004417 4287
0.004418 4287
0.004419 4287
0.00442 4288
0.004421 4288
0.004422 4287
0.004423 4286
0.004424 4286
0.004425 4287
0.004426 4288
0.004427 4290
0.004428 4290
0.004429 4290
0.00443 4291
0.004431 4292
0.004432 4292
0.004433 4291
0.004434 4291
0.004435 4292
0.004436 4292
0.004437 4292
0.004438 4292
0.004439 4292
0.00444 4292
0.004441 4293
0.004442 4293
0.004443 4293
0.004444 4293
0.004445 4294
0.004446 4294
0.004447 4294
0.004448 4294
0.004449 4294
0.00445 4294
0.004451 4294
0.004452 4293
0.004453 4294
0.004454 4294
0.004455 4294
0.004456 4295
0.004457 4294
0.004458 4295
0.004459 4296
0.00446 4296
0.004461 4296
0.004462 4296
0.004463 4297
0.004464 4298
0.004465 4298
0.004466 4298
0.004467 4298
0.004468 4297
0.004469 4298
0.00447 4299
0.004471 4299
0.004472 4299
0.004473 4300
0.004474 4301
0.004475 4302
0.004476 4302
0.004477 4303
0.004478 4303
0.004479 4303
0.00448 4303
0.004481 4303
0.004482 4304
0.004483 4304
0.004484 4303
0.004485 4303
0.004486 4304
0.004487 4304
0.004488 4304
0.004489 4302
0.00449 4302
0.004491 4302
0.004492 4303
0.004493 4304
0.004494 4304
0.004495 4304
0.004496 4305
0.004497 4303
0.004498 4302
0.004499 4303
0.0045 4303
0.004501 4303
0.004502 4303
0.004503 4303
0.004504 4303
0.004505 4303
0.004506 4303
0.004507 4304
0.004508 4303
0.004509 4303
0.00451 4303
0.004511 4303
0.004512 4303
0.004513 4304
0.004514 4305
0.004515 4305
0.004516 4304
0.004517 4304
0.004518 4305
0.004519 4306
0.00452 4306
0.004521 4308
0.004522 4308
0.004523 4308
0.004524 4308
0.004525 4308
0.004526 4308
0.004527 4307
0.004528 4306
0.004529 4307
0.00453 4307
0.004531 4306
0.004532 4307
0.004533 4307
0.004534 4307
0.004535 4307
0.004536 4306
0.004537 4307
0.004538 4306
0.004539 4306
0.00454 4305
0.004541 4306
0.004542 4306
0.004543 4307
0.004544 4307
0.004545 4307
0.004546 4308
0.004547 4308
0.004548 4308
0.004549 4308
0.00455 4308
0.004551 4308
0.004552 4308
0.004553 4308
0.004554 4307
0.004555 4307
0.004556 4307
0.004557 4306
0.004558 4306
0.004559 4306
0.00456 4305
0.004561 4305
0.004562 4306
0.004563 4306
0.004564 4304
0.004565 4304
0.004566 4304
0.004567 4303
0.004568 4303
0.004569 4302
0.00457 4302
0.004571 4302
0.004572 4302
0.004573 4302
0.004574 4302
0.004575 4302
0.004576 4302
0.004577 4302
0.004578 4301
0.004579 4301
0.00458 4300
0.004581 4300
0.004582 4300
0.004583 4299
0.004584 4299
0.004585 4299
0.004586 4300
0.004587 4300
0.004588 4300
0.004589 4300
0.00459 4300
0.004591 4300
0.004592 4300
0.004593 4301
0.004594 4301
0.004595 4300
0.004596 4300
0.004597 4300
0.004598 4300
0.004599 4302
0.0046 4302
0.004601 4302
0.004602 4302
0.004603 4302
0.004604 4302
0.004605 4302
0.004606 4303
0.004607 4303
0.004608 4303
0.004609 4304
0.00461 4304
0.004611 4304
0.004612 4304
0.004613 4303
0.004614 4303
0.004615 4303
0.004616 4303
0.004617 4303
0.004618 4303
0.004619 4303
0.00462 4304
0.004621 4304
0.004622 4304
0.004623 4303
0.004624 4302
0.004625 4302
0.004626 4302
0.004627 4302
0.004628 4302
0.004629 4302
0.00463 4302
0.004631 4300
0.004632 4300
0.004633 4300
0.004634 4301
0.004635 4301
0.004636 4300
0.004637 4300
0.004638 4300
0.004639 4300
0.00464 4299
0.004641 4299
0.004642 4300
0.004643 4301
0.004644 4301
0.004645 4301
0.004646 4301
0.004647 4300
0.004648 4300
0.004649 4301
0.00465 4302
0.004651 4303
0.004652 4302
0.004653 4301
0.004654 4301
0.004655 4302
0.004656 4302
0.004657 4302
0.004658 4302
0.004659 4302
0.00466 4303
0.004661 4303
0.004662 4303
0.004663 4303
0.004664 4303
0.004665 4303
0.004666 4303
0.004667 4303
0.004668 4304
0.004669 4303
0.00467 4303
0.004671 4304
0.004672 4304
0.004673 4304
0.004674 4305
0.004675 4304
0.004676 4304
0.004677 4305
0.004678 4305
0.004679 4305
0.00468 4306
0.004681 4306
0.004682 4306
0.004683 4305
0.004684 4305
0.004685 4304
0.004686 4303
0.004687 4303
0.004688 4303
0.004689 4303
0.00469 4302
0.004691 4302
0.004692 4302
0.004693 4302
0.004694 4302
0.004695 4301
0.004696 4301
0.004697 4301
0.004698 4302
0.004699 4302
0.0047 4301
0.004701 4302
0.004702 4302
0.004703 4302
0.004704 4303
0.004705 4303
0.004706 4303
0.004707 4302
0.004708 4302
0.004709 4303
0.00471 4302
0.004711 4302
0.004712 4302
0.004713 4302
0.004714 4302
0.004715 4302
0.004716 4302
0.004717 4302
0.004718 4302
0.004719 4302
0.00472 4302
0.004721 4302
0.004722 4302
0.004723 4302
0.004724 4302
0.004725 4300
0.004726 4300
0.004727 4300
0.004728 4301
0.004729 4301
0.00473 4302
0.004731 4302
0.004732 4302
0.004733 4302
0.004734 4303
0.004735 4304
0.004736 4304
0.004737 4305
0.004738 4305
0.004739 4306
0.00474 4306
0.004741 4304
0.004742 4304
0.004743 4304
0.004744 4304
0.004745 4303
0.004746 4304
0.004747 4304
0.004748 4304
0.004749 4303
0.00475 4302
0.004751 4302
0.004752 4302
0.004753 4303
0.004754 4304
0.004755 4304
0.004756 4304
0.004757 4304
0.004758 4304
0.004759 4302
0.00476 4301
0.004761 4301
0.004762 4301
0.004763 4300
0.004764 4300
0.004765 4299
0.004766 4299
0.004767 4297
0.004768 4297
0.004769 4296
0.00477 4296
0.004771 4295
0.004772 4295
0.004773 4295
0.004774 4294
0.004775 4294
0.004776 4294
0.004777 4295
0.004778 4295
0.004779 4296
0.00478 4296
0.004781 4296
0.004782 4296
0.004783 4296
0.004784 4296
0.004785 4296
0.004786 4296
0.004787 4297
0.004788 4298
0.004789 4298
0.00479 4297
0.004791 4297
0.004792 4297
0.004793 4297
0.004794 4297
0.004795 4298
0.004796 4297
0.004797 4297
0.004798 4299
0.004799 4299
0.0048 4299
0.004801 4299
0.004802 4299
0.004803 4299
0.004804 4299
0.004805 4299
0.004806 4300
0.004807 4301
0.004808 4302
0.004809 4301
0.00481 4301
0.004811 4301
0.004812 4301
0.004813 4301
0.004814 4301
0.004815 4301
0.004816 4300
0.004817 4299
0.004818 4299
0.004819 4299
0.00482 4299
0.004821 4299
0.004822 4298
0.004823 4299
0.004824 4299
0.004825 4299
0.004826 4299
0.004827 4299
0.004828 4299
0.004829 4299
0.00483 4299
0.004831 4299
0.004832 4297
0.004833 4297
0.004834 4297
0.004835 4298
0.004836 4298
0.004837 4298
0.004838 4298
0.004839 4298
0.00484 4299
0.004841 4300
0.004842 4300
0.004843 4300
0.004844 4299
0.004845 4298
0.004846 4298
0.004847 4298
0.004848 4298
0.004849 4298
0.00485 4298
0.004851 4298
0.004852 4298
0.004853 4297
0.004854 4298
0.004855 4298
0.004856 4298
0.004857 4298
0.004858 4298
0.004859 4298
0.00486 4298
0.004861 4299
0.004862 4299
0.004863 4299
0.004864 4298
0.004865 4298
0.004866 4299
0.004867 4299
0.004868 4299
0.004869 4299
0.00487 4299
0.004871 4298
0.004872 4299
0.004873 4300
0.004874 4300
0.004875 4300
0.004876 4299
0.004877 4299
0.004878 4299
0.004879 4299
0.00488 4299
0.004881 4298
0.004882 4298
0.004883 4298
0.004884 4297
0.004885 4297
0.004886 4298
0.004887 4298
0.004888 4298
0.004889 4297
0.00489 4296
0.004891 4296
0.004892 4296
0.004893 4296
0.004894 4295
0.004895 4295
0.004896 4295
0.004897 4295
0.004898 4295
0.004899 4295
0.0049 4295
0.004901 4294
0.004902 4295
0.004903 4295
0.004904 4295
0.004905 4295
0.004906 4295
0.004907 4295
0.004908 4295
0.004909 4295
0.00491 4295
0.004911 4295
0.004912 4295
0.004913 4295
0.004914 4295
0.004915 4295
0.004916 4296
0.004917 4297
0.004918 4298
0.004919 4297
0.00492 4297
0.004921 4297
0.004922 4297
0.004923 4297
0.004924 4295
0.004925 4295
0.004926 4295
0.004927 4295
0.004928 4295
0.004929 4295
0.00493 4295
0.004931 4295
0.004932 4294
0.004933 4294
0.004934 4293
0.004935 4293
0.004936 4293
0.004937 4292
0.004938 4291
0.004939 4291
0.00494 4289
0.004941 4289
0.004942 4289
0.004943 4290
0.004944 4290
0.004945 4290
0.004946 4289
0.004947 4290
0.004948 4290
0.004949 4289
0.00495 4289
0.004951 4288
0.004952 4287
0.004953 4287
0.004954 4287
0.004955 4288
0.004956 4288
0.004957 4288
0.004958 4288
0.004959 4288
0.00496 4286
0.004961 4286
0.004962 4285
0.004963 4285
0.004964 4285
0.004965 4285
0.004966 4286
0.004967 4286
0.004968 4287
0.004969 4286
0.00497 4286
0.004971 4286
0.004972 4286
0.004973 4286
0.004974 4286
0.004975 4286
0.004976 4286
0.004977 4286
0.004978 4285
0.004979 4285
0.00498 4285
0.004981 4286
0.004982 4286
0.004983 4286
0.004984 4285
0.004985 4285
0.004986 4284
0.004987 4284
0.004988 4284
0.004989 4284
0.00499 4284
0.004991 4283
0.004992 4283
0.004993 4284
0.004994 4284
0.004995 4284
0.004996 4284
0.004997 4284
0.004998 4284
0.004999 4284
0.005 4284
