0 339
1e-06 343
2e-06 347
3e-06 349
4e-06 353
5e-06 357
6e-06 358
7e-06 363
8e-06 366
9e-06 370
1e-05 372
1.1e-05 373
1.2e-05 375
1.3e-05 377
1.4e-05 381
1.5e-05 383
1.6e-05 385
1.7e-05 390
1.8e-05 394
1.9e-05 395
2e-05 397
2.1e-05 399
2.2e-05 405
2.3e-05 407
2.4e-05 407
2.5e-05 410
2.6e-05 411
2.7e-05 414
2.8e-05 418
2.9e-05 421
3e-05 425
3.1e-05 426
3.2e-05 431
3.3e-05 432
3.4e-05 435
3.5e-05 436
3.6e-05 438
3.7e-05 441
3.8e-05 444
3.9e-05 446
4e-05 447
4.1e-05 448
4.2e-05 451
4.3e-05 452
4.4e-05 453
4.5e-05 453
4.6e-05 457
4.7e-05 460
4.8e-05 461
4.9e-05 463
5e-05 464
5.1e-05 466
5.2e-05 468
5.3e-05 469
5.4e-05 471
5.5e-05 471
5.6e-05 473
5.7e-05 474
5.8e-05 477
5.9e-05 482
6e-05 482
6.1e-05 482
6.2e-05 483
6.3e-05 485
6.4e-05 486
6.5e-05 490
6.6e-05 490
6.7e-05 494
6.8e-05 494
6.9e-05 496
7e-05 499
7.1e-05 504
7.2e-05 504
7.3e-05 505
7.4e-05 505
7.5e-05 507
7.6e-05 511
7.7e-05 513
7.8e-05 516
7.9e-05 519
8e-05 521
8.1e-05 522
8.2e-05 524
8.3e-05 525
8.4e-05 526
8.5e-05 533
8.6e-05 535
8.7e-05 538
8.8e-05 541
8.9e-05 542
9e-05 543
9.1e-05 544
9.2e-05 547
9.3e-05 549
9.4e-05 551
9.5e-05 554
9.6e-05 556
9.7e-05 560
9.8e-05 560
9.9e-05 562
0.0001 564
0.000101 565
0.000102 566
0.000103 569
0.000104 571
0.000105 572
0.000106 573
0.000107 574
0.000108 575
0.000109 579
0.00011 582
0.000111 584
0.000112 585
0.000113 586
0.000114 586
0.000115 586
0.000116 586
0.000117 586
0.000118 586
0.000119 591
0.00012 593
0.000121 594
0.000122 595
0.000123 595
0.000124 595
0.000125 597
0.000126 598
0.000127 599
0.000128 599
0.000129 601
0.00013 601
0.000131 601
0.000132 601
0.000133 603
0.000134 606
0.000135 609
0.000136 610
0.000137 610
0.000138 610
0.000139 611
0.00014 611
0.000141 611
0.000142 613
0.000143 615
0.000144 615
0.000145 616
0.000146 617
0.000147 618
0.000148 619
0.000149 623
0.00015 623
0.000151 625
0.000152 627
0.000153 627
0.000154 628
0.000155 628
0.000156 628
0.000157 629
0.000158 632
0.000159 634
0.00016 634
0.000161 636
0.000162 639
0.000163 640
0.000164 641
0.000165 644
0.000166 644
0.000167 644
0.000168 645
0.000169 647
0.00017 647
0.000171 647
0.000172 647
0.000173 647
0.000174 648
0.000175 651
0.000176 651
0.000177 651
0.000178 652
0.000179 652
0.00018 654
0.000181 655
0.000182 656
0.000183 657
0.000184 657
0.000185 659
0.000186 660
0.000187 662
0.000188 663
0.000189 663
0.00019 664
0.000191 664
0.000192 667
0.000193 668
0.000194 669
0.000195 670
0.000196 670
0.000197 671
0.000198 671
0.000199 675
0.0002 677
0.000201 679
0.000202 678
0.000203 676
0.000204 676
0.000205 676
0.000206 676
0.000207 676
0.000208 677
0.000209 678
0.00021 678
0.000211 679
0.000212 679
0.000213 679
0.000214 679
0.000215 680
0.000216 679
0.000217 680
0.000218 681
0.000219 682
0.00022 683
0.000221 683
0.000222 683
0.000223 683
0.000224 683
0.000225 685
0.000226 685
0.000227 687
0.000228 687
0.000229 687
0.00023 688
0.000231 687
0.000232 687
0.000233 687
0.000234 687
0.000235 687
0.000236 689
0.000237 689
0.000238 691
0.000239 691
0.00024 691
0.000241 693
0.000242 693
0.000243 694
0.000244 695
0.000245 695
0.000246 695
0.000247 695
0.000248 695
0.000249 697
0.00025 697
0.000251 697
0.000252 698
0.000253 698
0.000254 698
0.000255 698
0.000256 700
0.000257 700
0.000258 700
0.000259 702
0.00026 703
0.000261 703
0.000262 704
0.000263 704
0.000264 704
0.000265 704
0.000266 704
0.000267 708
0.000268 708
0.000269 710
0.00027 712
0.000271 712
0.000272 713
0.000273 714
0.000274 715
0.000275 715
0.000276 716
0.000277 717
0.000278 718
0.000279 719
0.00028 721
0.000281 721
0.000282 721
0.000283 722
0.000284 722
0.000285 722
0.000286 722
0.000287 723
0.000288 724
0.000289 724
0.00029 724
0.000291 724
0.000292 725
0.000293 725
0.000294 725
0.000295 726
0.000296 726
0.000297 726
0.000298 727
0.000299 728
0.0003 729
0.000301 729
0.000302 728
0.000303 728
0.000304 728
0.000305 729
0.000306 729
0.000307 729
0.000308 729
0.000309 731
0.00031 733
0.000311 734
0.000312 735
0.000313 735
0.000314 735
0.000315 736
0.000316 736
0.000317 736
0.000318 736
0.000319 737
0.00032 737
0.000321 737
0.000322 738
0.000323 738
0.000324 738
0.000325 738
0.000326 739
0.000327 740
0.000328 741
0.000329 742
0.00033 743
0.000331 743
0.000332 743
0.000333 744
0.000334 746
0.000335 748
0.000336 748
0.000337 748
0.000338 748
0.000339 748
0.00034 748
0.000341 748
0.000342 748
0.000343 750
0.000344 752
0.000345 753
0.000346 753
0.000347 753
0.000348 754
0.000349 754
0.00035 756
0.000351 756
0.000352 758
0.000353 759
0.000354 760
0.000355 760
0.000356 760
0.000357 759
0.000358 759
0.000359 759
0.00036 759
0.000361 758
0.000362 758
0.000363 758
0.000364 760
0.000365 761
0.000366 761
0.000367 761
0.000368 761
0.000369 761
0.00037 762
0.000371 762
0.000372 762
0.000373 762
0.000374 762
0.000375 762
0.000376 762
0.000377 762
0.000378 762
0.000379 762
0.00038 763
0.000381 763
0.000382 763
0.000383 764
0.000384 764
0.000385 764
0.000386 764
0.000387 764
0.000388 764
0.000389 764
0.00039 764
0.000391 764
0.000392 764
0.000393 764
0.000394 764
0.000395 764
0.000396 764
0.000397 764
0.000398 764
0.000399 764
0.0004 764
0.000401 764
0.000402 764
0.000403 764
0.000404 764
0.000405 764
0.000406 764
0.000407 764
0.000408 764
0.000409 765
0.00041 765
0.000411 767
0.000412 768
0.000413 768
0.000414 769
0.000415 770
0.000416 770
0.000417 770
0.000418 770
0.000419 770
0.00042 771
0.000421 771
0.000422 771
0.000423 772
0.000424 769
0.000425 770
0.000426 770
0.000427 770
0.000428 770
0.000429 770
0.00043 770
0.000431 770
0.000432 769
0.000433 770
0.000434 771
0.000435 771
0.000436 771
0.000437 771
0.000438 774
0.000439 774
0.00044 774
0.000441 774
0.000442 774
0.000443 774
0.000444 774
0.000445 775
0.000446 775
0.000447 775
0.000448 775
0.000449 774
0.00045 774
0.000451 774
0.000452 774
0.000453 775
0.000454 775
0.000455 775
0.000456 775
0.000457 776
0.000458 776
0.000459 776
0.00046 777
0.000461 778
0.000462 778
0.000463 778
0.000464 778
0.000465 779
0.000466 779
0.000467 779
0.000468 779
0.000469 781
0.00047 780
0.000471 781
0.000472 781
0.000473 781
0.000474 781
0.000475 781
0.000476 782
0.000477 782
0.000478 782
0.000479 782
0.00048 782
0.000481 782
0.000482 783
0.000483 783
0.000484 783
0.000485 783
0.000486 784
0.000487 784
0.000488 783
0.000489 783
0.00049 783
0.000491 782
0.000492 782
0.000493 782
0.000494 783
0.000495 784
0.000496 784
0.000497 784
0.000498 784
0.000499 783
0.0005 783
0.000501 783
0.000502 783
0.000503 785
0.000504 785
0.000505 785
0.000506 785
0.000507 785
0.000508 785
0.000509 785
0.00051 786
0.000511 787
0.000512 787
0.000513 786
0.000514 787
0.000515 787
0.000516 787
0.000517 788
0.000518 788
0.000519 788
0.00052 788
0.000521 789
0.000522 789
0.000523 788
0.000524 788
0.000525 788
0.000526 788
0.000527 788
0.000528 788
0.000529 788
0.00053 788
0.000531 788
0.000532 789
0.000533 790
0.000534 791
0.000535 791
0.000536 791
0.000537 792
0.000538 792
0.000539 792
0.00054 792
0.000541 792
0.000542 791
0.000543 792
0.000544 792
0.000545 792
0.000546 792
0.000547 792
0.000548 792
0.000549 792
0.00055 792
0.000551 792
0.000552 792
0.000553 792
0.000554 792
0.000555 792
0.000556 792
0.000557 792
0.000558 792
0.000559 792
0.00056 792
0.000561 792
0.000562 792
0.000563 792
0.000564 792
0.000565 794
0.000566 795
0.000567 796
0.000568 796
0.000569 797
0.00057 797
0.000571 797
0.000572 796
0.000573 796
0.000574 796
0.000575 797
0.000576 797
0.000577 797
0.000578 797
0.000579 797
0.00058 797
0.000581 797
0.000582 797
0.000583 797
0.000584 798
0.000585 798
0.000586 798
0.000587 798
0.000588 798
0.000589 798
0.00059 798
0.000591 798
0.000592 799
0.000593 799
0.000594 798
0.000595 797
0.000596 798
0.000597 798
0.000598 798
0.000599 798
0.0006 799
0.000601 799
0.000602 800
0.000603 800
0.000604 800
0.000605 800
0.000606 800
0.000607 800
0.000608 802
0.000609 802
0.00061 802
0.000611 802
0.000612 801
0.000613 801
0.000614 801
0.000615 800
0.000616 800
0.000617 800
0.000618 801
0.000619 801
0.00062 801
0.000621 802
0.000622 802
0.000623 803
0.000624 804
0.000625 805
0.000626 805
0.000627 805
0.000628 805
0.000629 805
0.00063 805
0.000631 805
0.000632 805
0.000633 806
0.000634 806
0.000635 806
0.000636 806
0.000637 806
0.000638 807
0.000639 807
0.00064 807
0.000641 806
0.000642 807
0.000643 807
0.000644 807
0.000645 807
0.000646 807
0.000647 807
0.000648 807
0.000649 807
0.00065 807
0.000651 807
0.000652 807
0.000653 807
0.000654 808
0.000655 808
0.000656 808
0.000657 808
0.000658 807
0.000659 808
0.00066 808
0.000661 808
0.000662 808
0.000663 809
0.000664 809
0.000665 810
0.000666 811
0.000667 811
0.000668 812
0.000669 812
0.00067 812
0.000671 812
0.000672 812
0.000673 812
0.000674 812
0.000675 812
0.000676 812
0.000677 812
0.000678 812
0.000679 813
0.00068 812
0.000681 812
0.000682 811
0.000683 811
0.000684 811
0.000685 811
0.000686 811
0.000687 811
0.000688 811
0.000689 811
0.00069 811
0.000691 810
0.000692 810
0.000693 810
0.000694 810
0.000695 810
0.000696 809
0.000697 809
0.000698 809
0.000699 809
0.0007 809
0.000701 809
0.000702 809
0.000703 809
0.000704 811
0.000705 811
0.000706 810
0.000707 810
0.000708 810
0.000709 811
0.00071 811
0.000711 810
0.000712 810
0.000713 810
0.000714 810
0.000715 809
0.000716 811
0.000717 811
0.000718 811
0.000719 812
0.00072 812
0.000721 812
0.000722 812
0.000723 812
0.000724 812
0.000725 812
0.000726 812
0.000727 812
0.000728 812
0.000729 812
0.00073 812
0.000731 812
0.000732 811
0.000733 811
0.000734 811
0.000735 811
0.000736 812
0.000737 812
0.000738 812
0.000739 812
0.00074 812
0.000741 812
0.000742 812
0.000743 812
0.000744 812
0.000745 812
0.000746 812
0.000747 812
0.000748 812
0.000749 812
0.00075 812
0.000751 812
0.000752 812
0.000753 812
0.000754 813
0.000755 813
0.000756 813
0.000757 813
0.000758 813
0.000759 813
0.00076 813
0.000761 813
0.000762 813
0.000763 813
0.000764 813
0.000765 813
0.000766 813
0.000767 813
0.000768 813
0.000769 814
0.00077 814
0.000771 814
0.000772 814
0.000773 814
0.000774 814
0.000775 814
0.000776 814
0.000777 814
0.000778 814
0.000779 814
0.00078 814
0.000781 814
0.000782 814
0.000783 813
0.000784 813
0.000785 813
0.000786 813
0.000787 814
0.000788 814
0.000789 814
0.00079 814
0.000791 814
0.000792 814
0.000793 814
0.000794 814
0.000795 814
0.000796 814
0.000797 814
0.000798 814
0.000799 814
0.0008 814
0.000801 814
0.000802 814
0.000803 815
0.000804 816
0.000805 815
0.000806 815
0.000807 815
0.000808 815
0.000809 815
0.00081 815
0.000811 815
0.000812 816
0.000813 816
0.000814 816
0.000815 816
0.000816 816
0.000817 816
0.000818 815
0.000819 815
0.00082 815
0.000821 815
0.000822 815
0.000823 816
0.000824 816
0.000825 816
0.000826 816
0.000827 816
0.000828 816
0.000829 816
0.00083 816
0.000831 816
0.000832 816
0.000833 817
0.000834 818
0.000835 817
0.000836 817
0.000837 817
0.000838 817
0.000839 817
0.00084 817
0.000841 817
0.000842 817
0.000843 817
0.000844 817
0.000845 817
0.000846 817
0.000847 817
0.000848 817
0.000849 817
0.00085 817
0.000851 817
0.000852 817
0.000853 817
0.000854 817
0.000855 816
0.000856 816
0.000857 817
0.000858 817
0.000859 817
0.00086 817
0.000861 817
0.000862 817
0.000863 817
0.000864 817
0.000865 817
0.000866 817
0.000867 817
0.000868 817
0.000869 817
0.00087 817
0.000871 817
0.000872 817
0.000873 817
0.000874 817
0.000875 817
0.000876 815
0.000877 815
0.000878 815
0.000879 814
0.00088 814
0.000881 814
0.000882 815
0.000883 814
0.000884 814
0.000885 814
0.000886 814
0.000887 814
0.000888 815
0.000889 816
0.00089 816
0.000891 817
0.000892 817
0.000893 817
0.000894 817
0.000895 817
0.000896 817
0.000897 819
0.000898 819
0.000899 819
0.0009 819
0.000901 819
0.000902 820
0.000903 820
0.000904 820
0.000905 820
0.000906 820
0.000907 820
0.000908 820
0.000909 820
0.00091 820
0.000911 820
0.000912 820
0.000913 820
0.000914 820
0.000915 821
0.000916 821
0.000917 821
0.000918 821
0.000919 821
0.00092 821
0.000921 821
0.000922 821
0.000923 821
0.000924 822
0.000925 822
0.000926 823
0.000927 823
0.000928 823
0.000929 823
0.00093 823
0.000931 823
0.000932 822
0.000933 822
0.000934 822
0.000935 822
0.000936 822
0.000937 822
0.000938 822
0.000939 822
0.00094 822
0.000941 822
0.000942 822
0.000943 822
0.000944 822
0.000945 822
0.000946 822
0.000947 822
0.000948 822
0.000949 822
0.00095 822
0.000951 822
0.000952 822
0.000953 822
0.000954 822
0.000955 822
0.000956 822
0.000957 822
0.000958 822
0.000959 822
0.00096 822
0.000961 822
0.000962 822
0.000963 822
0.000964 822
0.000965 822
0.000966 822
0.000967 822
0.000968 822
0.000969 822
0.00097 822
0.000971 822
0.000972 822
0.000973 822
0.000974 822
0.000975 822
0.000976 822
0.000977 822
0.000978 822
0.000979 822
0.00098 821
0.000981 821
0.000982 821
0.000983 821
0.000984 822
0.000985 822
0.000986 822
0.000987 822
0.000988 821
0.000989 820
0.00099 819
0.000991 819
0.000992 819
0.000993 820
0.000994 820
0.000995 820
0.000996 820
0.000997 820
0.000998 820
0.000999 820
0.001 820
0.001001 820
0.001002 820
0.001003 820
0.001004 820
0.001005 820
0.001006 820
0.001007 820
0.001008 820
0.001009 820
0.00101 820
0.001011 820
0.001012 820
0.001013 820
0.001014 820
0.001015 821
0.001016 821
0.001017 821
0.001018 821
0.001019 822
0.00102 822
0.001021 822
0.001022 822
0.001023 822
0.001024 822
0.001025 822
0.001026 822
0.001027 822
0.001028 822
0.001029 823
0.00103 823
0.001031 824
0.001032 824
0.001033 824
0.001034 824
0.001035 824
0.001036 824
0.001037 825
0.001038 825
0.001039 825
0.00104 826
0.001041 826
0.001042 826
0.001043 826
0.001044 826
0.001045 826
0.001046 826
0.001047 826
0.001048 826
0.001049 826
0.00105 826
0.001051 826
0.001052 827
0.001053 827
0.001054 827
0.001055 827
0.001056 827
0.001057 827
0.001058 828
0.001059 828
0.00106 828
0.001061 828
0.001062 828
0.001063 828
0.001064 828
0.001065 828
0.001066 828
0.001067 828
0.001068 828
0.001069 828
0.00107 828
0.001071 828
0.001072 828
0.001073 828
0.001074 828
0.001075 828
0.001076 828
0.001077 828
0.001078 828
0.001079 828
0.00108 828
0.001081 828
0.001082 828
0.001083 828
0.001084 828
0.001085 828
0.001086 828
0.001087 828
0.001088 828
0.001089 828
0.00109 828
0.001091 829
0.001092 829
0.001093 829
0.001094 829
0.001095 828
0.001096 828
0.001097 828
0.001098 828
0.001099 828
0.0011 828
0.001101 828
0.001102 828
0.001103 828
0.001104 828
0.001105 828
0.001106 828
0.001107 829
0.001108 829
0.001109 829
0.00111 830
0.001111 830
0.001112 830
0.001113 830
0.001114 830
0.001115 830
0.001116 830
0.001117 830
0.001118 830
0.001119 831
0.00112 831
0.001121 831
0.001122 831
0.001123 831
0.001124 831
0.001125 831
0.001126 831
0.001127 831
0.001128 831
0.001129 830
0.00113 830
0.001131 830
0.001132 830
0.001133 830
0.001134 830
0.001135 830
0.001136 830
0.001137 830
0.001138 830
0.001139 830
0.00114 830
0.001141 830
0.001142 830
0.001143 830
0.001144 830
0.001145 830
0.001146 830
0.001147 830
0.001148 831
0.001149 831
0.00115 831
0.001151 831
0.001152 831
0.001153 831
0.001154 831
0.001155 831
0.001156 831
0.001157 832
0.001158 832
0.001159 832
0.00116 832
0.001161 832
0.001162 832
0.001163 831
0.001164 831
0.001165 831
0.001166 831
0.001167 831
0.001168 831
0.001169 831
0.00117 831
0.001171 831
0.001172 831
0.001173 831
0.001174 830
0.001175 830
0.001176 830
0.001177 829
0.001178 828
0.001179 828
0.00118 828
0.001181 828
0.001182 828
0.001183 828
0.001184 827
0.001185 827
0.001186 827
0.001187 827
0.001188 827
0.001189 827
0.00119 827
0.001191 827
0.001192 827
0.001193 827
0.001194 827
0.001195 827
0.001196 827
0.001197 827
0.001198 827
0.001199 827
0.0012 827
0.001201 827
0.001202 827
0.001203 827
0.001204 827
0.001205 827
0.001206 827
0.001207 828
0.001208 828
0.001209 827
0.00121 827
0.001211 827
0.001212 827
0.001213 826
0.001214 826
0.001215 827
0.001216 827
0.001217 827
0.001218 827
0.001219 828
0.00122 828
0.001221 828
0.001222 828
0.001223 828
0.001224 828
0.001225 828
0.001226 828
0.001227 828
0.001228 829
0.001229 829
0.00123 829
0.001231 829
0.001232 829
0.001233 829
0.001234 828
0.001235 827
0.001236 827
0.001237 827
0.001238 827
0.001239 827
0.00124 827
0.001241 827
0.001242 827
0.001243 827
0.001244 827
0.001245 827
0.001246 827
0.001247 827
0.001248 828
0.001249 828
0.00125 828
0.001251 828
0.001252 828
0.001253 828
0.001254 828
0.001255 829
0.001256 829
0.001257 829
0.001258 829
0.001259 829
0.00126 829
0.001261 829
0.001262 829
0.001263 829
0.001264 829
0.001265 829
0.001266 829
0.001267 829
0.001268 829
0.001269 829
0.00127 829
0.001271 829
0.001272 829
0.001273 829
0.001274 829
0.001275 829
0.001276 829
0.001277 829
0.001278 829
0.001279 829
0.00128 829
0.001281 829
0.001282 829
0.001283 829
0.001284 829
0.001285 829
0.001286 829
0.001287 829
0.001288 829
0.001289 829
0.00129 829
0.001291 829
0.001292 829
0.001293 829
0.001294 829
0.001295 829
0.001296 829
0.001297 829
0.001298 829
0.001299 829
0.0013 829
0.001301 829
0.001302 829
0.001303 829
0.001304 829
0.001305 829
0.001306 829
0.001307 829
0.001308 829
0.001309 829
0.00131 829
0.001311 829
0.001312 829
0.001313 829
0.001314 829
0.001315 829
0.001316 828
0.001317 828
0.001318 828
0.001319 828
0.00132 828
0.001321 828
0.001322 828
0.001323 828
0.001324 828
0.001325 828
0.001326 828
0.001327 829
0.001328 829
0.001329 829
0.00133 829
0.001331 828
0.001332 828
0.001333 828
0.001334 828
0.001335 828
0.001336 828
0.001337 828
0.001338 828
0.001339 828
0.00134 828
0.001341 828
0.001342 828
0.001343 828
0.001344 828
0.001345 828
0.001346 828
0.001347 828
0.001348 827
0.001349 827
0.00135 827
0.001351 826
0.001352 826
0.001353 826
0.001354 826
0.001355 826
0.001356 826
0.001357 826
0.001358 826
0.001359 826
0.00136 826
0.001361 826
0.001362 826
0.001363 826
0.001364 826
0.001365 826
0.001366 826
0.001367 826
0.001368 826
0.001369 826
0.00137 826
0.001371 827
0.001372 827
0.001373 827
0.001374 827
0.001375 828
0.001376 828
0.001377 828
0.001378 828
0.001379 828
0.00138 828
0.001381 828
0.001382 828
0.001383 828
0.001384 826
0.001385 826
0.001386 826
0.001387 826
0.001388 826
0.001389 825
0.00139 825
0.001391 825
0.001392 826
0.001393 826
0.001394 826
0.001395 827
0.001396 827
0.001397 827
0.001398 827
0.001399 827
0.0014 827
0.001401 827
0.001402 827
0.001403 827
0.001404 827
0.001405 826
0.001406 826
0.001407 826
0.001408 826
0.001409 826
0.00141 827
0.001411 827
0.001412 828
0.001413 828
0.001414 827
0.001415 828
0.001416 828
0.001417 827
0.001418 827
0.001419 827
0.00142 827
0.001421 826
0.001422 826
0.001423 826
0.001424 826
0.001425 826
0.001426 826
0.001427 826
0.001428 826
0.001429 826
0.00143 826
0.001431 826
0.001432 826
0.001433 826
0.001434 826
0.001435 826
0.001436 826
0.001437 826
0.001438 826
0.001439 826
0.00144 826
0.001441 826
0.001442 826
0.001443 826
0.001444 826
0.001445 826
0.001446 826
0.001447 826
0.001448 826
0.001449 825
0.00145 825
0.001451 825
0.001452 825
0.001453 825
0.001454 825
0.001455 825
0.001456 825
0.001457 824
0.001458 824
0.001459 824
0.00146 824
0.001461 824
0.001462 824
0.001463 824
0.001464 824
0.001465 824
0.001466 824
0.001467 824
0.001468 824
0.001469 824
0.00147 824
0.001471 824
0.001472 824
0.001473 824
0.001474 824
0.001475 824
0.001476 824
0.001477 825
0.001478 825
0.001479 824
0.00148 824
0.001481 825
0.001482 825
0.001483 826
0.001484 826
0.001485 826
0.001486 826
0.001487 826
0.001488 826
0.001489 826
0.00149 826
0.001491 826
0.001492 826
0.001493 826
0.001494 826
0.001495 826
0.001496 826
0.001497 826
0.001498 826
0.001499 826
0.0015 826
0.001501 826
0.001502 825
0.001503 825
0.001504 826
0.001505 826
0.001506 826
0.001507 826
0.001508 826
0.001509 826
0.00151 826
0.001511 826
0.001512 826
0.001513 826
0.001514 826
0.001515 826
0.001516 826
0.001517 826
0.001518 826
0.001519 826
0.00152 826
0.001521 826
0.001522 826
0.001523 826
0.001524 826
0.001525 826
0.001526 826
0.001527 825
0.001528 825
0.001529 824
0.00153 824
0.001531 824
0.001532 825
0.001533 825
0.001534 824
0.001535 824
0.001536 824
0.001537 824
0.001538 824
0.001539 823
0.00154 823
0.001541 823
0.001542 823
0.001543 823
0.001544 823
0.001545 823
0.001546 823
0.001547 823
0.001548 823
0.001549 823
0.00155 823
0.001551 823
0.001552 823
0.001553 822
0.001554 822
0.001555 822
0.001556 822
0.001557 822
0.001558 822
0.001559 822
0.00156 821
0.001561 821
0.001562 821
0.001563 821
0.001564 821
0.001565 821
0.001566 821
0.001567 821
0.001568 821
0.001569 821
0.00157 821
0.001571 821
0.001572 821
0.001573 821
0.001574 821
0.001575 821
0.001576 821
0.001577 821
0.001578 821
0.001579 821
0.00158 821
0.001581 821
0.001582 821
0.001583 821
0.001584 821
0.001585 821
0.001586 821
0.001587 821
0.001588 821
0.001589 821
0.00159 821
0.001591 821
0.001592 821
0.001593 821
0.001594 821
0.001595 820
0.001596 820
0.001597 820
0.001598 820
0.001599 821
0.0016 821
0.001601 821
0.001602 820
0.001603 820
0.001604 820
0.001605 820
0.001606 820
0.001607 820
0.001608 821
0.001609 821
0.00161 821
0.001611 821
0.001612 821
0.001613 821
0.001614 821
0.001615 821
0.001616 821
0.001617 821
0.001618 821
0.001619 821
0.00162 820
0.001621 820
0.001622 819
0.001623 819
0.001624 819
0.001625 819
0.001626 819
0.001627 819
0.001628 819
0.001629 819
0.00163 819
0.001631 819
0.001632 819
0.001633 819
0.001634 819
0.001635 819
0.001636 819
0.001637 820
0.001638 820
0.001639 820
0.00164 821
0.001641 821
0.001642 821
0.001643 821
0.001644 822
0.001645 822
0.001646 822
0.001647 822
0.001648 823
0.001649 824
0.00165 824
0.001651 824
0.001652 824
0.001653 825
0.001654 826
0.001655 826
0.001656 825
0.001657 825
0.001658 825
0.001659 825
0.00166 825
0.001661 824
0.001662 824
0.001663 824
0.001664 824
0.001665 824
0.001666 824
0.001667 824
0.001668 824
0.001669 824
0.00167 823
0.001671 823
0.001672 823
0.001673 823
0.001674 823
0.001675 823
0.001676 823
0.001677 823
0.001678 823
0.001679 823
0.00168 823
0.001681 823
0.001682 823
0.001683 823
0.001684 823
0.001685 823
0.001686 823
0.001687 823
0.001688 823
0.001689 823
0.00169 823
0.001691 823
0.001692 823
0.001693 823
0.001694 822
0.001695 822
0.001696 822
0.001697 823
0.001698 823
0.001699 824
0.0017 824
0.001701 824
0.001702 824
0.001703 824
0.001704 824
0.001705 824
0.001706 824
0.001707 824
0.001708 824
0.001709 823
0.00171 823
0.001711 823
0.001712 823
0.001713 823
0.001714 823
0.001715 823
0.001716 823
0.001717 824
0.001718 824
0.001719 824
0.00172 824
0.001721 824
0.001722 825
0.001723 825
0.001724 825
0.001725 825
0.001726 825
0.001727 825
0.001728 825
0.001729 825
0.00173 825
0.001731 825
0.001732 825
0.001733 825
0.001734 825
0.001735 825
0.001736 825
0.001737 825
0.001738 825
0.001739 825
0.00174 825
0.001741 825
0.001742 824
0.001743 824
0.001744 824
0.001745 824
0.001746 824
0.001747 824
0.001748 824
0.001749 824
0.00175 824
0.001751 824
0.001752 824
0.001753 824
0.001754 824
0.001755 824
0.001756 825
0.001757 825
0.001758 825
0.001759 825
0.00176 824
0.001761 824
0.001762 824
0.001763 824
0.001764 824
0.001765 824
0.001766 824
0.001767 824
0.001768 824
0.001769 824
0.00177 824
0.001771 823
0.001772 823
0.001773 823
0.001774 823
0.001775 822
0.001776 822
0.001777 822
0.001778 822
0.001779 822
0.00178 822
0.001781 822
0.001782 822
0.001783 822
0.001784 822
0.001785 822
0.001786 822
0.001787 822
0.001788 822
0.001789 822
0.00179 822
0.001791 822
0.001792 822
0.001793 822
0.001794 822
0.001795 822
0.001796 822
0.001797 822
0.001798 822
0.001799 823
0.0018 823
0.001801 823
0.001802 823
0.001803 821
0.001804 822
0.001805 822
0.001806 822
0.001807 822
0.001808 822
0.001809 822
0.00181 823
0.001811 823
0.001812 823
0.001813 823
0.001814 823
0.001815 823
0.001816 823
0.001817 823
0.001818 823
0.001819 823
0.00182 822
0.001821 822
0.001822 822
0.001823 822
0.001824 821
0.001825 821
0.001826 821
0.001827 821
0.001828 821
0.001829 821
0.00183 821
0.001831 821
0.001832 820
0.001833 820
0.001834 820
0.001835 820
0.001836 820
0.001837 820
0.001838 820
0.001839 820
0.00184 820
0.001841 820
0.001842 820
0.001843 820
0.001844 820
0.001845 820
0.001846 820
0.001847 820
0.001848 820
0.001849 820
0.00185 820
0.001851 820
0.001852 820
0.001853 820
0.001854 820
0.001855 820
0.001856 820
0.001857 820
0.001858 820
0.001859 820
0.00186 820
0.001861 820
0.001862 820
0.001863 820
0.001864 820
0.001865 820
0.001866 820
0.001867 820
0.001868 820
0.001869 820
0.00187 820
0.001871 820
0.001872 820
0.001873 820
0.001874 820
0.001875 820
0.001876 820
0.001877 821
0.001878 821
0.001879 821
0.00188 821
0.001881 821
0.001882 821
0.001883 821
0.001884 821
0.001885 821
0.001886 821
0.001887 821
0.001888 822
0.001889 822
0.00189 822
0.001891 822
0.001892 822
0.001893 822
0.001894 822
0.001895 822
0.001896 822
0.001897 822
0.001898 822
0.001899 821
0.0019 821
0.001901 821
0.001902 821
0.001903 822
0.001904 822
0.001905 822
0.001906 822
0.001907 821
0.001908 821
0.001909 821
0.00191 821
0.001911 821
0.001912 821
0.001913 821
0.001914 821
0.001915 821
0.001916 821
0.001917 820
0.001918 820
0.001919 820
0.00192 819
0.001921 819
0.001922 819
0.001923 819
0.001924 819
0.001925 819
0.001926 819
0.001927 819
0.001928 819
0.001929 819
0.00193 819
0.001931 819
0.001932 819
0.001933 819
0.001934 818
0.001935 817
0.001936 817
0.001937 817
0.001938 817
0.001939 817
0.00194 817
0.001941 817
0.001942 817
0.001943 817
0.001944 817
0.001945 817
0.001946 817
0.001947 817
0.001948 817
0.001949 817
0.00195 817
0.001951 817
0.001952 817
0.001953 817
0.001954 817
0.001955 817
0.001956 817
0.001957 817
0.001958 817
0.001959 817
0.00196 817
0.001961 817
0.001962 818
0.001963 818
0.001964 818
0.001965 818
0.001966 818
0.001967 818
0.001968 818
0.001969 818
0.00197 818
0.001971 817
0.001972 818
0.001973 818
0.001974 818
0.001975 818
0.001976 819
0.001977 819
0.001978 819
0.001979 819
0.00198 819
0.001981 819
0.001982 819
0.001983 819
0.001984 819
0.001985 819
0.001986 819
0.001987 819
0.001988 820
0.001989 820
0.00199 822
0.001991 822
0.001992 822
0.001993 822
0.001994 822
0.001995 822
0.001996 822
0.001997 821
0.001998 821
0.001999 821
0.002 821
0.002001 821
0.002002 821
0.002003 821
0.002004 821
0.002005 821
0.002006 821
0.002007 822
0.002008 822
0.002009 823
0.00201 823
0.002011 823
0.002012 823
0.002013 823
0.002014 823
0.002015 823
0.002016 823
0.002017 823
0.002018 823
0.002019 823
0.00202 823
0.002021 822
0.002022 822
0.002023 822
0.002024 822
0.002025 822
0.002026 822
0.002027 822
0.002028 822
0.002029 822
0.00203 822
0.002031 822
0.002032 822
0.002033 822
0.002034 822
0.002035 822
0.002036 822
0.002037 822
0.002038 822
0.002039 822
0.00204 822
0.002041 823
0.002042 822
0.002043 822
0.002044 822
0.002045 822
0.002046 823
0.002047 824
0.002048 824
0.002049 824
0.00205 824
0.002051 824
0.002052 824
0.002053 823
0.002054 823
0.002055 823
0.002056 823
0.002057 823
0.002058 823
0.002059 824
0.00206 825
0.002061 825
0.002062 825
0.002063 825
0.002064 825
0.002065 825
0.002066 825
0.002067 825
0.002068 825
0.002069 825
0.00207 825
0.002071 824
0.002072 824
0.002073 824
0.002074 824
0.002075 824
0.002076 824
0.002077 824
0.002078 824
0.002079 824
0.00208 824
0.002081 824
0.002082 824
0.002083 824
0.002084 824
0.002085 824
0.002086 824
0.002087 824
0.002088 824
0.002089 824
0.00209 824
0.002091 823
0.002092 823
0.002093 823
0.002094 823
0.002095 823
0.002096 823
0.002097 823
0.002098 823
0.002099 823
0.0021 824
0.002101 824
0.002102 824
0.002103 824
0.002104 824
0.002105 824
0.002106 824
0.002107 824
0.002108 824
0.002109 824
0.00211 824
0.002111 824
0.002112 824
0.002113 823
0.002114 823
0.002115 823
0.002116 823
0.002117 823
0.002118 823
0.002119 823
0.00212 823
0.002121 823
0.002122 823
0.002123 823
0.002124 823
0.002125 824
0.002126 824
0.002127 824
0.002128 824
0.002129 824
0.00213 823
0.002131 823
0.002132 823
0.002133 823
0.002134 823
0.002135 823
0.002136 823
0.002137 823
0.002138 823
0.002139 824
0.00214 824
0.002141 823
0.002142 823
0.002143 823
0.002144 823
0.002145 823
0.002146 824
0.002147 824
0.002148 824
0.002149 823
0.00215 823
0.002151 823
0.002152 823
0.002153 823
0.002154 823
0.002155 823
0.002156 823
0.002157 823
0.002158 823
0.002159 823
0.00216 823
0.002161 823
0.002162 822
0.002163 822
0.002164 822
0.002165 822
0.002166 822
0.002167 822
0.002168 822
0.002169 822
0.00217 822
0.002171 821
0.002172 821
0.002173 821
0.002174 821
0.002175 821
0.002176 821
0.002177 821
0.002178 821
0.002179 821
0.00218 821
0.002181 822
0.002182 822
0.002183 822
0.002184 822
0.002185 822
0.002186 823
0.002187 823
0.002188 823
0.002189 824
0.00219 824
0.002191 824
0.002192 824
0.002193 825
0.002194 825
0.002195 825
0.002196 825
0.002197 825
0.002198 825
0.002199 825
0.0022 825
0.002201 825
0.002202 825
0.002203 825
0.002204 825
0.002205 825
0.002206 826
0.002207 826
0.002208 826
0.002209 826
0.00221 827
0.002211 827
0.002212 827
0.002213 827
0.002214 827
0.002215 827
0.002216 828
0.002217 828
0.002218 828
0.002219 828
0.00222 828
0.002221 828
0.002222 828
0.002223 828
0.002224 828
0.002225 828
0.002226 828
0.002227 828
0.002228 828
0.002229 828
0.00223 827
0.002231 827
0.002232 827
0.002233 827
0.002234 827
0.002235 827
0.002236 827
0.002237 827
0.002238 827
0.002239 827
0.00224 827
0.002241 827
0.002242 827
0.002243 827
0.002244 827
0.002245 827
0.002246 827
0.002247 826
0.002248 826
0.002249 826
0.00225 826
0.002251 826
0.002252 826
0.002253 826
0.002254 826
0.002255 826
0.002256 826
0.002257 826
0.002258 827
0.002259 827
0.00226 827
0.002261 827
0.002262 827
0.002263 827
0.002264 827
0.002265 827
0.002266 827
0.002267 826
0.002268 826
0.002269 826
0.00227 826
0.002271 826
0.002272 826
0.002273 826
0.002274 826
0.002275 826
0.002276 826
0.002277 826
0.002278 826
0.002279 826
0.00228 826
0.002281 827
0.002282 827
0.002283 827
0.002284 828
0.002285 828
0.002286 828
0.002287 828
0.002288 828
0.002289 828
0.00229 828
0.002291 828
0.002292 828
0.002293 828
0.002294 828
0.002295 828
0.002296 828
0.002297 828
0.002298 828
0.002299 828
0.0023 828
0.002301 828
0.002302 828
0.002303 828
0.002304 828
0.002305 828
0.002306 828
0.002307 829
0.002308 829
0.002309 829
0.00231 829
0.002311 829
0.002312 829
0.002313 829
0.002314 829
0.002315 829
0.002316 829
0.002317 830
0.002318 830
0.002319 830
0.00232 830
0.002321 830
0.002322 830
0.002323 830
0.002324 830
0.002325 830
0.002326 830
0.002327 830
0.002328 829
0.002329 828
0.00233 826
0.002331 826
0.002332 826
0.002333 826
0.002334 826
0.002335 826
0.002336 826
0.002337 826
0.002338 826
0.002339 826
0.00234 826
0.002341 826
0.002342 826
0.002343 826
0.002344 826
0.002345 826
0.002346 826
0.002347 826
0.002348 826
0.002349 826
0.00235 826
0.002351 826
0.002352 826
0.002353 826
0.002354 826
0.002355 826
0.002356 826
0.002357 826
0.002358 825
0.002359 825
0.00236 825
0.002361 825
0.002362 825
0.002363 825
0.002364 825
0.002365 825
0.002366 825
0.002367 825
0.002368 825
0.002369 825
0.00237 825
0.002371 825
0.002372 826
0.002373 826
0.002374 826
0.002375 826
0.002376 826
0.002377 826
0.002378 826
0.002379 826
0.00238 826
0.002381 826
0.002382 826
0.002383 826
0.002384 826
0.002385 826
0.002386 826
0.002387 826
0.002388 826
0.002389 826
0.00239 826
0.002391 826
0.002392 826
0.002393 827
0.002394 826
0.002395 826
0.002396 826
0.002397 826
0.002398 826
0.002399 826
0.0024 826
0.002401 826
0.002402 826
0.002403 826
0.002404 827
0.002405 827
0.002406 827
0.002407 827
0.002408 828
0.002409 826
0.00241 826
0.002411 827
0.002412 828
0.002413 828
0.002414 828
0.002415 828
0.002416 828
0.002417 828
0.002418 828
0.002419 828
0.00242 828
0.002421 828
0.002422 828
0.002423 828
0.002424 828
0.002425 829
0.002426 829
0.002427 829
0.002428 829
0.002429 829
0.00243 830
0.002431 830
0.002432 830
0.002433 830
0.002434 830
0.002435 830
0.002436 830
0.002437 830
0.002438 830
0.002439 830
0.00244 830
0.002441 830
0.002442 830
0.002443 830
0.002444 830
0.002445 830
0.002446 830
0.002447 829
0.002448 829
0.002449 829
0.00245 829
0.002451 829
0.002452 829
0.002453 829
0.002454 829
0.002455 829
0.002456 829
0.002457 829
0.002458 829
0.002459 828
0.00246 828
0.002461 828
0.002462 828
0.002463 828
0.002464 828
0.002465 828
0.002466 828
0.002467 828
0.002468 828
0.002469 828
0.00247 828
0.002471 828
0.002472 829
0.002473 829
0.002474 829
0.002475 829
0.002476 829
0.002477 829
0.002478 829
0.002479 829
0.00248 829
0.002481 829
0.002482 830
0.002483 830
0.002484 830
0.002485 830
0.002486 830
0.002487 830
0.002488 830
0.002489 830
0.00249 830
0.002491 830
0.002492 829
0.002493 829
0.002494 829
0.002495 829
0.002496 829
0.002497 829
0.002498 829
0.002499 829
0.0025 829
0.002501 829
0.002502 829
0.002503 829
0.002504 829
0.002505 829
0.002506 829
0.002507 828
0.002508 828
0.002509 828
0.00251 828
0.002511 828
0.002512 829
0.002513 829
0.002514 829
0.002515 829
0.002516 829
0.002517 829
0.002518 829
0.002519 829
0.00252 830
0.002521 830
0.002522 830
0.002523 830
0.002524 829
0.002525 829
0.002526 829
0.002527 829
0.002528 829
0.002529 829
0.00253 829
0.002531 829
0.002532 830
0.002533 831
0.002534 831
0.002535 831
0.002536 831
0.002537 831
0.002538 831
0.002539 831
0.00254 831
0.002541 831
0.002542 831
0.002543 831
0.002544 831
0.002545 831
0.002546 831
0.002547 831
0.002548 832
0.002549 832
0.00255 832
0.002551 832
0.002552 832
0.002553 832
0.002554 832
0.002555 832
0.002556 832
0.002557 832
0.002558 832
0.002559 832
0.00256 832
0.002561 832
0.002562 831
0.002563 831
0.002564 831
0.002565 831
0.002566 831
0.002567 831
0.002568 831
0.002569 831
0.00257 831
0.002571 831
0.002572 831
0.002573 831
0.002574 831
0.002575 831
0.002576 831
0.002577 831
0.002578 831
0.002579 831
0.00258 831
0.002581 831
0.002582 831
0.002583 831
0.002584 831
0.002585 831
0.002586 832
0.002587 832
0.002588 833
0.002589 833
0.00259 833
0.002591 833
0.002592 832
0.002593 832
0.002594 832
0.002595 832
0.002596 832
0.002597 832
0.002598 832
0.002599 832
0.0026 832
0.002601 833
0.002602 833
0.002603 833
0.002604 833
0.002605 833
0.002606 833
0.002607 833
0.002608 833
0.002609 833
0.00261 833
0.002611 833
0.002612 833
0.002613 831
0.002614 831
0.002615 831
0.002616 831
0.002617 831
0.002618 831
0.002619 831
0.00262 831
0.002621 831
0.002622 831
0.002623 830
0.002624 830
0.002625 830
0.002626 830
0.002627 830
0.002628 830
0.002629 830
0.00263 830
0.002631 830
0.002632 831
0.002633 831
0.002634 831
0.002635 831
0.002636 831
0.002637 831
0.002638 831
0.002639 831
0.00264 830
0.002641 830
0.002642 830
0.002643 830
0.002644 830
0.002645 831
0.002646 831
0.002647 831
0.002648 831
0.002649 831
0.00265 831
0.002651 831
0.002652 831
0.002653 831
0.002654 831
0.002655 831
0.002656 831
0.002657 831
0.002658 831
0.002659 831
0.00266 831
0.002661 831
0.002662 831
0.002663 831
0.002664 831
0.002665 831
0.002666 831
0.002667 831
0.002668 831
0.002669 831
0.00267 831
0.002671 832
0.002672 832
0.002673 832
0.002674 832
0.002675 832
0.002676 832
0.002677 832
0.002678 832
0.002679 832
0.00268 832
0.002681 832
0.002682 832
0.002683 833
0.002684 833
0.002685 833
0.002686 833
0.002687 833
0.002688 833
0.002689 833
0.00269 833
0.002691 833
0.002692 833
0.002693 833
0.002694 833
0.002695 833
0.002696 833
0.002697 832
0.002698 832
0.002699 831
0.0027 831
0.002701 831
0.002702 831
0.002703 831
0.002704 831
0.002705 830
0.002706 830
0.002707 831
0.002708 831
0.002709 830
0.00271 830
0.002711 830
0.002712 830
0.002713 830
0.002714 830
0.002715 830
0.002716 830
0.002717 831
0.002718 830
0.002719 830
0.00272 830
0.002721 830
0.002722 830
0.002723 830
0.002724 830
0.002725 830
0.002726 829
0.002727 829
0.002728 829
0.002729 829
0.00273 829
0.002731 829
0.002732 829
0.002733 829
0.002734 829
0.002735 829
0.002736 829
0.002737 829
0.002738 829
0.002739 829
0.00274 829
0.002741 829
0.002742 829
0.002743 829
0.002744 829
0.002745 829
0.002746 829
0.002747 829
0.002748 829
0.002749 829
0.00275 829
0.002751 829
0.002752 829
0.002753 829
0.002754 829
0.002755 829
0.002756 829
0.002757 828
0.002758 828
0.002759 828
0.00276 828
0.002761 828
0.002762 828
0.002763 828
0.002764 828
0.002765 828
0.002766 828
0.002767 828
0.002768 828
0.002769 828
0.00277 828
0.002771 828
0.002772 827
0.002773 827
0.002774 827
0.002775 827
0.002776 827
0.002777 827
0.002778 827
0.002779 827
0.00278 827
0.002781 827
0.002782 827
0.002783 827
0.002784 827
0.002785 827
0.002786 827
0.002787 827
0.002788 827
0.002789 827
0.00279 827
0.002791 827
0.002792 827
0.002793 827
0.002794 827
0.002795 827
0.002796 827
0.002797 827
0.002798 827
0.002799 827
0.0028 827
0.002801 826
0.002802 826
0.002803 826
0.002804 826
0.002805 826
0.002806 826
0.002807 826
0.002808 826
0.002809 826
0.00281 826
0.002811 826
0.002812 826
0.002813 826
0.002814 826
0.002815 826
0.002816 825
0.002817 825
0.002818 825
0.002819 825
0.00282 825
0.002821 825
0.002822 825
0.002823 826
0.002824 826
0.002825 826
0.002826 826
0.002827 826
0.002828 826
0.002829 825
0.00283 825
0.002831 825
0.002832 825
0.002833 825
0.002834 825
0.002835 825
0.002836 825
0.002837 825
0.002838 824
0.002839 824
0.00284 823
0.002841 823
0.002842 822
0.002843 822
0.002844 822
0.002845 822
0.002846 822
0.002847 822
0.002848 822
0.002849 822
0.00285 822
0.002851 822
0.002852 822
0.002853 822
0.002854 822
0.002855 822
0.002856 822
0.002857 822
0.002858 822
0.002859 821
0.00286 821
0.002861 821
0.002862 821
0.002863 821
0.002864 821
0.002865 821
0.002866 821
0.002867 821
0.002868 821
0.002869 821
0.00287 821
0.002871 821
0.002872 821
0.002873 820
0.002874 820
0.002875 820
0.002876 821
0.002877 821
0.002878 821
0.002879 821
0.00288 821
0.002881 822
0.002882 822
0.002883 822
0.002884 822
0.002885 822
0.002886 822
0.002887 822
0.002888 822
0.002889 822
0.00289 822
0.002891 822
0.002892 823
0.002893 824
0.002894 824
0.002895 824
0.002896 824
0.002897 824
0.002898 824
0.002899 824
0.0029 824
0.002901 824
0.002902 823
0.002903 823
0.002904 823
0.002905 823
0.002906 823
0.002907 823
0.002908 823
0.002909 823
0.00291 823
0.002911 823
0.002912 823
0.002913 823
0.002914 823
0.002915 823
0.002916 823
0.002917 823
0.002918 823
0.002919 824
0.00292 824
0.002921 824
0.002922 825
0.002923 825
0.002924 825
0.002925 825
0.002926 825
0.002927 825
0.002928 825
0.002929 825
0.00293 825
0.002931 825
0.002932 825
0.002933 824
0.002934 824
0.002935 824
0.002936 824
0.002937 824
0.002938 824
0.002939 824
0.00294 824
0.002941 824
0.002942 824
0.002943 824
0.002944 824
0.002945 824
0.002946 824
0.002947 824
0.002948 824
0.002949 824
0.00295 824
0.002951 824
0.002952 824
0.002953 824
0.002954 824
0.002955 824
0.002956 823
0.002957 823
0.002958 823
0.002959 823
0.00296 823
0.002961 823
0.002962 824
0.002963 824
0.002964 824
0.002965 824
0.002966 824
0.002967 824
0.002968 824
0.002969 824
0.00297 824
0.002971 824
0.002972 824
0.002973 824
0.002974 824
0.002975 824
0.002976 824
0.002977 824
0.002978 824
0.002979 824
0.00298 824
0.002981 824
0.002982 824
0.002983 824
0.002984 823
0.002985 823
0.002986 824
0.002987 824
0.002988 825
0.002989 825
0.00299 825
0.002991 825
0.002992 825
0.002993 824
0.002994 824
0.002995 824
0.002996 824
0.002997 824
0.002998 825
0.002999 826
0.003 826
0.003001 826
0.003002 826
0.003003 826
0.003004 826
0.003005 826
0.003006 826
0.003007 827
0.003008 827
0.003009 827
0.00301 827
0.003011 827
0.003012 827
0.003013 826
0.003014 826
0.003015 826
0.003016 826
0.003017 826
0.003018 826
0.003019 825
0.00302 825
0.003021 825
0.003022 825
0.003023 825
0.003024 825
0.003025 825
0.003026 825
0.003027 825
0.003028 825
0.003029 825
0.00303 825
0.003031 825
0.003032 825
0.003033 825
0.003034 825
0.003035 825
0.003036 824
0.003037 824
0.003038 823
0.003039 824
0.00304 824
0.003041 824
0.003042 824
0.003043 824
0.003044 824
0.003045 824
0.003046 824
0.003047 824
0.003048 824
0.003049 824
0.00305 824
0.003051 824
0.003052 824
0.003053 824
0.003054 824
0.003055 824
0.003056 823
0.003057 822
0.003058 822
0.003059 822
0.00306 822
0.003061 822
0.003062 822
0.003063 822
0.003064 822
0.003065 822
0.003066 822
0.003067 822
0.003068 821
0.003069 821
0.00307 821
0.003071 821
0.003072 821
0.003073 821
0.003074 820
0.003075 820
0.003076 819
0.003077 819
0.003078 819
0.003079 819
0.00308 819
0.003081 819
0.003082 819
0.003083 819
0.003084 819
0.003085 819
0.003086 819
0.003087 819
0.003088 819
0.003089 819
0.00309 819
0.003091 819
0.003092 819
0.003093 819
0.003094 819
0.003095 819
0.003096 819
0.003097 819
0.003098 819
0.003099 819
0.0031 819
0.003101 819
0.003102 819
0.003103 819
0.003104 819
0.003105 819
0.003106 819
0.003107 819
0.003108 819
0.003109 820
0.00311 820
0.003111 820
0.003112 820
0.003113 821
0.003114 821
0.003115 821
0.003116 820
0.003117 821
0.003118 821
0.003119 822
0.00312 822
0.003121 822
0.003122 822
0.003123 820
0.003124 820
0.003125 820
0.003126 821
0.003127 821
0.003128 821
0.003129 821
0.00313 821
0.003131 821
0.003132 822
0.003133 822
0.003134 822
0.003135 823
0.003136 823
0.003137 823
0.003138 823
0.003139 823
0.00314 823
0.003141 824
0.003142 824
0.003143 824
0.003144 824
0.003145 824
0.003146 824
0.003147 824
0.003148 824
0.003149 824
0.00315 824
0.003151 824
0.003152 824
0.003153 824
0.003154 824
0.003155 824
0.003156 824
0.003157 824
0.003158 824
0.003159 824
0.00316 824
0.003161 824
0.003162 824
0.003163 824
0.003164 824
0.003165 824
0.003166 824
0.003167 824
0.003168 824
0.003169 824
0.00317 824
0.003171 824
0.003172 824
0.003173 824
0.003174 824
0.003175 824
0.003176 824
0.003177 824
0.003178 824
0.003179 824
0.00318 824
0.003181 824
0.003182 824
0.003183 824
0.003184 824
0.003185 824
0.003186 824
0.003187 824
0.003188 824
0.003189 824
0.00319 824
0.003191 824
0.003192 824
0.003193 824
0.003194 824
0.003195 825
0.003196 825
0.003197 825
0.003198 825
0.003199 825
0.0032 825
0.003201 825
0.003202 825
0.003203 825
0.003204 825
0.003205 825
0.003206 825
0.003207 825
0.003208 825
0.003209 825
0.00321 825
0.003211 825
0.003212 825
0.003213 825
0.003214 825
0.003215 825
0.003216 825
0.003217 825
0.003218 825
0.003219 825
0.00322 825
0.003221 826
0.003222 826
0.003223 826
0.003224 826
0.003225 826
0.003226 826
0.003227 826
0.003228 826
0.003229 826
0.00323 827
0.003231 826
0.003232 826
0.003233 826
0.003234 826
0.003235 826
0.003236 826
0.003237 826
0.003238 826
0.003239 826
0.00324 826
0.003241 826
0.003242 826
0.003243 826
0.003244 826
0.003245 826
0.003246 826
0.003247 826
0.003248 826
0.003249 825
0.00325 825
0.003251 825
0.003252 825
0.003253 825
0.003254 825
0.003255 825
0.003256 825
0.003257 825
0.003258 826
0.003259 826
0.00326 826
0.003261 827
0.003262 827
0.003263 827
0.003264 827
0.003265 827
0.003266 826
0.003267 826
0.003268 825
0.003269 825
0.00327 825
0.003271 825
0.003272 825
0.003273 825
0.003274 825
0.003275 825
0.003276 825
0.003277 825
0.003278 825
0.003279 824
0.00328 824
0.003281 824
0.003282 824
0.003283 824
0.003284 824
0.003285 824
0.003286 824
0.003287 824
0.003288 824
0.003289 824
0.00329 824
0.003291 824
0.003292 824
0.003293 824
0.003294 824
0.003295 824
0.003296 824
0.003297 824
0.003298 824
0.003299 824
0.0033 823
0.003301 823
0.003302 823
0.003303 823
0.003304 824
0.003305 824
0.003306 823
0.003307 823
0.003308 824
0.003309 824
0.00331 824
0.003311 824
0.003312 824
0.003313 824
0.003314 825
0.003315 825
0.003316 825
0.003317 825
0.003318 825
0.003319 825
0.00332 825
0.003321 825
0.003322 825
0.003323 825
0.003324 825
0.003325 825
0.003326 825
0.003327 825
0.003328 826
0.003329 826
0.00333 826
0.003331 825
0.003332 826
0.003333 826
0.003334 826
0.003335 826
0.003336 826
0.003337 826
0.003338 826
0.003339 826
0.00334 826
0.003341 827
0.003342 828
0.003343 828
0.003344 828
0.003345 828
0.003346 828
0.003347 828
0.003348 828
0.003349 828
0.00335 828
0.003351 828
0.003352 828
0.003353 828
0.003354 828
0.003355 828
0.003356 828
0.003357 828
0.003358 828
0.003359 828
0.00336 828
0.003361 829
0.003362 830
0.003363 830
0.003364 830
0.003365 829
0.003366 829
0.003367 829
0.003368 830
0.003369 830
0.00337 830
0.003371 830
0.003372 830
0.003373 830
0.003374 830
0.003375 830
0.003376 830
0.003377 830
0.003378 830
0.003379 830
0.00338 830
0.003381 830
0.003382 830
0.003383 830
0.003384 830
0.003385 830
0.003386 830
0.003387 830
0.003388 829
0.003389 829
0.00339 830
0.003391 830
0.003392 830
0.003393 830
0.003394 830
0.003395 829
0.003396 829
0.003397 829
0.003398 829
0.003399 829
0.0034 829
0.003401 829
0.003402 829
0.003403 829
0.003404 829
0.003405 828
0.003406 828
0.003407 828
0.003408 828
0.003409 828
0.00341 828
0.003411 828
0.003412 828
0.003413 829
0.003414 829
0.003415 829
0.003416 828
0.003417 828
0.003418 828
0.003419 830
0.00342 830
0.003421 830
0.003422 830
0.003423 830
0.003424 830
0.003425 830
0.003426 830
0.003427 830
0.003428 830
0.003429 830
0.00343 830
0.003431 832
0.003432 832
0.003433 832
0.003434 832
0.003435 832
0.003436 832
0.003437 832
0.003438 833
0.003439 833
0.00344 833
0.003441 833
0.003442 833
0.003443 834
0.003444 834
0.003445 834
0.003446 834
0.003447 834
0.003448 834
0.003449 834
0.00345 834
0.003451 834
0.003452 834
0.003453 834
0.003454 834
0.003455 834
0.003456 834
0.003457 833
0.003458 833
0.003459 833
0.00346 833
0.003461 833
0.003462 832
0.003463 832
0.003464 832
0.003465 831
0.003466 831
0.003467 831
0.003468 831
0.003469 831
0.00347 831
0.003471 831
0.003472 831
0.003473 831
0.003474 832
0.003475 832
0.003476 831
0.003477 831
0.003478 831
0.003479 831
0.00348 831
0.003481 831
0.003482 832
0.003483 832
0.003484 832
0.003485 832
0.003486 832
0.003487 832
0.003488 832
0.003489 832
0.00349 832
0.003491 833
0.003492 833
0.003493 833
0.003494 833
0.003495 833
0.003496 832
0.003497 832
0.003498 832
0.003499 832
0.0035 832
0.003501 832
0.003502 832
0.003503 832
0.003504 832
0.003505 832
0.003506 832
0.003507 832
0.003508 832
0.003509 832
0.00351 832
0.003511 832
0.003512 832
0.003513 832
0.003514 832
0.003515 832
0.003516 832
0.003517 832
0.003518 832
0.003519 833
0.00352 833
0.003521 833
0.003522 833
0.003523 833
0.003524 833
0.003525 833
0.003526 833
0.003527 833
0.003528 833
0.003529 833
0.00353 834
0.003531 834
0.003532 834
0.003533 834
0.003534 834
0.003535 834
0.003536 834
0.003537 834
0.003538 834
0.003539 834
0.00354 834
0.003541 834
0.003542 834
0.003543 834
0.003544 834
0.003545 834
0.003546 834
0.003547 834
0.003548 834
0.003549 834
0.00355 834
0.003551 834
0.003552 834
0.003553 834
0.003554 834
0.003555 834
0.003556 834
0.003557 834
0.003558 834
0.003559 834
0.00356 834
0.003561 834
0.003562 834
0.003563 834
0.003564 834
0.003565 835
0.003566 835
0.003567 835
0.003568 835
0.003569 835
0.00357 835
0.003571 835
0.003572 835
0.003573 835
0.003574 835
0.003575 835
0.003576 835
0.003577 835
0.003578 835
0.003579 835
0.00358 835
0.003581 834
0.003582 834
0.003583 834
0.003584 834
0.003585 834
0.003586 834
0.003587 834
0.003588 834
0.003589 835
0.00359 834
0.003591 834
0.003592 834
0.003593 834
0.003594 834
0.003595 834
0.003596 834
0.003597 834
0.003598 834
0.003599 834
0.0036 834
0.003601 834
0.003602 833
0.003603 833
0.003604 834
0.003605 834
0.003606 834
0.003607 834
0.003608 834
0.003609 834
0.00361 834
0.003611 834
0.003612 834
0.003613 834
0.003614 834
0.003615 833
0.003616 833
0.003617 833
0.003618 833
0.003619 833
0.00362 833
0.003621 833
0.003622 833
0.003623 833
0.003624 833
0.003625 833
0.003626 833
0.003627 833
0.003628 833
0.003629 833
0.00363 832
0.003631 832
0.003632 832
0.003633 832
0.003634 832
0.003635 831
0.003636 831
0.003637 831
0.003638 831
0.003639 831
0.00364 831
0.003641 831
0.003642 831
0.003643 831
0.003644 832
0.003645 832
0.003646 832
0.003647 832
0.003648 832
0.003649 832
0.00365 832
0.003651 832
0.003652 831
0.003653 831
0.003654 831
0.003655 830
0.003656 829
0.003657 829
0.003658 829
0.003659 829
0.00366 829
0.003661 829
0.003662 829
0.003663 829
0.003664 829
0.003665 829
0.003666 829
0.003667 829
0.003668 829
0.003669 829
0.00367 829
0.003671 829
0.003672 829
0.003673 829
0.003674 829
0.003675 828
0.003676 828
0.003677 828
0.003678 828
0.003679 828
0.00368 828
0.003681 828
0.003682 828
0.003683 828
0.003684 828
0.003685 829
0.003686 829
0.003687 829
0.003688 828
0.003689 828
0.00369 828
0.003691 828
0.003692 828
0.003693 828
0.003694 828
0.003695 828
0.003696 828
0.003697 828
0.003698 828
0.003699 828
0.0037 828
0.003701 828
0.003702 828
0.003703 828
0.003704 828
0.003705 828
0.003706 828
0.003707 828
0.003708 828
0.003709 828
0.00371 828
0.003711 828
0.003712 828
0.003713 828
0.003714 828
0.003715 828
0.003716 828
0.003717 828
0.003718 828
0.003719 828
0.00372 828
0.003721 828
0.003722 828
0.003723 828
0.003724 828
0.003725 828
0.003726 828
0.003727 828
0.003728 828
0.003729 828
0.00373 827
0.003731 827
0.003732 827
0.003733 827
0.003734 827
0.003735 827
0.003736 827
0.003737 827
0.003738 827
0.003739 827
0.00374 826
0.003741 825
0.003742 825
0.003743 825
0.003744 825
0.003745 825
0.003746 825
0.003747 824
0.003748 824
0.003749 824
0.00375 824
0.003751 824
0.003752 824
0.003753 823
0.003754 823
0.003755 823
0.003756 823
0.003757 823
0.003758 823
0.003759 822
0.00376 822
0.003761 822
0.003762 822
0.003763 822
0.003764 822
0.003765 822
0.003766 822
0.003767 822
0.003768 821
0.003769 821
0.00377 821
0.003771 822
0.003772 822
0.003773 822
0.003774 822
0.003775 822
0.003776 822
0.003777 822
0.003778 822
0.003779 822
0.00378 822
0.003781 822
0.003782 822
0.003783 822
0.003784 822
0.003785 822
0.003786 822
0.003787 822
0.003788 822
0.003789 822
0.00379 822
0.003791 822
0.003792 822
0.003793 823
0.003794 823
0.003795 823
0.003796 823
0.003797 823
0.003798 823
0.003799 823
0.0038 823
0.003801 823
0.003802 823
0.003803 823
0.003804 823
0.003805 823
0.003806 823
0.003807 823
0.003808 823
0.003809 824
0.00381 824
0.003811 825
0.003812 825
0.003813 825
0.003814 825
0.003815 825
0.003816 825
0.003817 825
0.003818 824
0.003819 824
0.00382 824
0.003821 824
0.003822 824
0.003823 824
0.003824 824
0.003825 824
0.003826 824
0.003827 825
0.003828 825
0.003829 825
0.00383 825
0.003831 826
0.003832 826
0.003833 826
0.003834 826
0.003835 827
0.003836 827
0.003837 827
0.003838 827
0.003839 828
0.00384 829
0.003841 829
0.003842 829
0.003843 829
0.003844 829
0.003845 829
0.003846 829
0.003847 828
0.003848 828
0.003849 828
0.00385 828
0.003851 828
0.003852 828
0.003853 829
0.003854 829
0.003855 829
0.003856 828
0.003857 828
0.003858 828
0.003859 828
0.00386 828
0.003861 828
0.003862 828
0.003863 828
0.003864 828
0.003865 829
0.003866 829
0.003867 829
0.003868 829
0.003869 829
0.00387 829
0.003871 829
0.003872 829
0.003873 829
0.003874 829
0.003875 829
0.003876 828
0.003877 828
0.003878 828
0.003879 828
0.00388 828
0.003881 828
0.003882 828
0.003883 828
0.003884 828
0.003885 828
0.003886 827
0.003887 827
0.003888 827
0.003889 827
0.00389 827
0.003891 827
0.003892 827
0.003893 827
0.003894 827
0.003895 828
0.003896 828
0.003897 828
0.003898 828
0.003899 827
0.0039 827
0.003901 828
0.003902 828
0.003903 828
0.003904 827
0.003905 827
0.003906 827
0.003907 827
0.003908 828
0.003909 828
0.00391 828
0.003911 828
0.003912 828
0.003913 828
0.003914 828
0.003915 828
0.003916 828
0.003917 828
0.003918 828
0.003919 828
0.00392 828
0.003921 827
0.003922 827
0.003923 828
0.003924 828
0.003925 828
0.003926 828
0.003927 828
0.003928 828
0.003929 827
0.00393 827
0.003931 827
0.003932 828
0.003933 828
0.003934 828
0.003935 828
0.003936 828
0.003937 828
0.003938 828
0.003939 828
0.00394 828
0.003941 828
0.003942 829
0.003943 829
0.003944 829
0.003945 829
0.003946 829
0.003947 829
0.003948 829
0.003949 829
0.00395 829
0.003951 829
0.003952 829
0.003953 829
0.003954 829
0.003955 829
0.003956 829
0.003957 829
0.003958 830
0.003959 829
0.00396 829
0.003961 829
0.003962 829
0.003963 829
0.003964 829
0.003965 829
0.003966 829
0.003967 829
0.003968 828
0.003969 828
0.00397 826
0.003971 826
0.003972 827
0.003973 827
0.003974 827
0.003975 827
0.003976 827
0.003977 827
0.003978 827
0.003979 827
0.00398 827
0.003981 827
0.003982 827
0.003983 828
0.003984 828
0.003985 828
0.003986 828
0.003987 828
0.003988 828
0.003989 828
0.00399 827
0.003991 827
0.003992 826
0.003993 826
0.003994 826
0.003995 825
0.003996 825
0.003997 825
0.003998 825
0.003999 825
0.004 824
0.004001 824
0.004002 824
0.004003 824
0.004004 824
0.004005 824
0.004006 824
0.004007 823
0.004008 823
0.004009 823
0.00401 823
0.004011 823
0.004012 823
0.004013 823
0.004014 823
0.004015 823
0.004016 824
0.004017 824
0.004018 824
0.004019 824
0.00402 824
0.004021 824
0.004022 824
0.004023 824
0.004024 824
0.004025 824
0.004026 824
0.004027 824
0.004028 824
0.004029 824
0.00403 824
0.004031 824
0.004032 825
0.004033 825
0.004034 825
0.004035 825
0.004036 825
0.004037 825
0.004038 826
0.004039 826
0.00404 826
0.004041 826
0.004042 827
0.004043 827
0.004044 827
0.004045 828
0.004046 828
0.004047 828
0.004048 828
0.004049 828
0.00405 828
0.004051 828
0.004052 828
0.004053 828
0.004054 828
0.004055 828
0.004056 828
0.004057 828
0.004058 828
0.004059 828
0.00406 828
0.004061 828
0.004062 828
0.004063 828
0.004064 828
0.004065 828
0.004066 828
0.004067 828
0.004068 828
0.004069 828
0.00407 828
0.004071 828
0.004072 828
0.004073 828
0.004074 828
0.004075 828
0.004076 828
0.004077 828
0.004078 828
0.004079 828
0.00408 828
0.004081 828
0.004082 828
0.004083 828
0.004084 828
0.004085 828
0.004086 828
0.004087 828
0.004088 828
0.004089 828
0.00409 828
0.004091 827
0.004092 827
0.004093 827
0.004094 827
0.004095 827
0.004096 827
0.004097 827
0.004098 828
0.004099 828
0.0041 828
0.004101 828
0.004102 828
0.004103 828
0.004104 829
0.004105 829
0.004106 829
0.004107 829
0.004108 829
0.004109 829
0.00411 829
0.004111 829
0.004112 829
0.004113 829
0.004114 829
0.004115 829
0.004116 829
0.004117 830
0.004118 830
0.004119 830
0.00412 829
0.004121 829
0.004122 829
0.004123 829
0.004124 829
0.004125 829
0.004126 829
0.004127 829
0.004128 829
0.004129 829
0.00413 829
0.004131 829
0.004132 829
0.004133 829
0.004134 829
0.004135 829
0.004136 829
0.004137 828
0.004138 828
0.004139 828
0.00414 827
0.004141 827
0.004142 827
0.004143 827
0.004144 827
0.004145 827
0.004146 827
0.004147 827
0.004148 827
0.004149 827
0.00415 827
0.004151 827
0.004152 827
0.004153 827
0.004154 826
0.004155 826
0.004156 826
0.004157 826
0.004158 826
0.004159 826
0.00416 825
0.004161 825
0.004162 825
0.004163 825
0.004164 825
0.004165 825
0.004166 825
0.004167 825
0.004168 825
0.004169 825
0.00417 825
0.004171 825
0.004172 825
0.004173 825
0.004174 825
0.004175 825
0.004176 825
0.004177 825
0.004178 825
0.004179 825
0.00418 825
0.004181 826
0.004182 826
0.004183 826
0.004184 826
0.004185 827
0.004186 827
0.004187 826
0.004188 826
0.004189 826
0.00419 826
0.004191 826
0.004192 826
0.004193 826
0.004194 826
0.004195 826
0.004196 826
0.004197 826
0.004198 826
0.004199 826
0.0042 826
0.004201 826
0.004202 826
0.004203 826
0.004204 826
0.004205 826
0.004206 826
0.004207 826
0.004208 826
0.004209 826
0.00421 826
0.004211 825
0.004212 825
0.004213 824
0.004214 824
0.004215 824
0.004216 825
0.004217 825
0.004218 825
0.004219 825
0.00422 825
0.004221 825
0.004222 824
0.004223 824
0.004224 824
0.004225 824
0.004226 824
0.004227 823
0.004228 823
0.004229 823
0.00423 823
0.004231 824
0.004232 824
0.004233 825
0.004234 825
0.004235 826
0.004236 826
0.004237 826
0.004238 827
0.004239 827
0.00424 827
0.004241 827
0.004242 827
0.004243 827
0.004244 827
0.004245 827
0.004246 827
0.004247 827
0.004248 827
0.004249 827
0.00425 827
0.004251 827
0.004252 827
0.004253 827
0.004254 827
0.004255 827
0.004256 827
0.004257 827
0.004258 827
0.004259 827
0.00426 827
0.004261 827
0.004262 827
0.004263 828
0.004264 828
0.004265 827
0.004266 827
0.004267 827
0.004268 827
0.004269 827
0.00427 827
0.004271 827
0.004272 827
0.004273 827
0.004274 827
0.004275 827
0.004276 827
0.004277 827
0.004278 827
0.004279 827
0.00428 827
0.004281 827
0.004282 827
0.004283 827
0.004284 827
0.004285 827
0.004286 827
0.004287 827
0.004288 827
0.004289 827
0.00429 827
0.004291 827
0.004292 827
0.004293 826
0.004294 826
0.004295 826
0.004296 825
0.004297 825
0.004298 825
0.004299 825
0.0043 825
0.004301 824
0.004302 824
0.004303 824
0.004304 824
0.004305 824
0.004306 824
0.004307 823
0.004308 822
0.004309 822
0.00431 822
0.004311 822
0.004312 822
0.004313 822
0.004314 822
0.004315 822
0.004316 822
0.004317 822
0.004318 822
0.004319 822
0.00432 821
0.004321 821
0.004322 821
0.004323 822
0.004324 822
0.004325 822
0.004326 822
0.004327 822
0.004328 822
0.004329 822
0.00433 822
0.004331 822
0.004332 822
0.004333 822
0.004334 822
0.004335 822
0.004336 822
0.004337 822
0.004338 822
0.004339 822
0.00434 822
0.004341 822
0.004342 822
0.004343 822
0.004344 822
0.004345 822
0.004346 822
0.004347 822
0.004348 822
0.004349 822
0.00435 822
0.004351 822
0.004352 822
0.004353 822
0.004354 822
0.004355 822
0.004356 822
0.004357 822
0.004358 822
0.004359 822
0.00436 822
0.004361 822
0.004362 822
0.004363 822
0.004364 822
0.004365 822
0.004366 822
0.004367 822
0.004368 822
0.004369 822
0.00437 822
0.004371 822
0.004372 822
0.004373 822
0.004374 822
0.004375 823
0.004376 823
0.004377 823
0.004378 823
0.004379 823
0.00438 823
0.004381 823
0.004382 823
0.004383 823
0.004384 823
0.004385 823
0.004386 823
0.004387 823
0.004388 822
0.004389 822
0.00439 822
0.004391 822
0.004392 822
0.004393 822
0.004394 822
0.004395 821
0.004396 820
0.004397 820
0.004398 820
0.004399 818
0.0044 818
0.004401 818
0.004402 818
0.004403 818
0.004404 818
0.004405 818
0.004406 818
0.004407 817
0.004408 817
0.004409 817
0.00441 817
0.004411 817
0.004412 816
0.004413 816
0.004414 816
0.004415 816
0.004416 816
0.004417 816
0.004418 816
0.004419 816
0.00442 816
0.004421 816
0.004422 817
0.004423 817
0.004424 817
0.004425 818
0.004426 818
0.004427 818
0.004428 818
0.004429 818
0.00443 818
0.004431 818
0.004432 818
0.004433 818
0.004434 818
0.004435 818
0.004436 818
0.004437 818
0.004438 818
0.004439 818
0.00444 818
0.004441 818
0.004442 819
0.004443 819
0.004444 819
0.004445 819
0.004446 819
0.004447 819
0.004448 819
0.004449 820
0.00445 820
0.004451 820
0.004452 820
0.004453 820
0.004454 820
0.004455 820
0.004456 820
0.004457 820
0.004458 820
0.004459 820
0.00446 820
0.004461 820
0.004462 820
0.004463 820
0.004464 820
0.004465 820
0.004466 820
0.004467 819
0.004468 819
0.004469 819
0.00447 819
0.004471 819
0.004472 819
0.004473 819
0.004474 819
0.004475 819
0.004476 819
0.004477 819
0.004478 819
0.004479 819
0.00448 819
0.004481 819
0.004482 818
0.004483 818
0.004484 819
0.004485 819
0.004486 819
0.004487 819
0.004488 819
0.004489 819
0.00449 819
0.004491 819
0.004492 819
0.004493 819
0.004494 819
0.004495 819
0.004496 819
0.004497 819
0.004498 819
0.004499 819
0.0045 819
0.004501 819
0.004502 819
0.004503 819
0.004504 819
0.004505 819
0.004506 818
0.004507 817
0.004508 817
0.004509 817
0.00451 817
0.004511 817
0.004512 817
0.004513 817
0.004514 817
0.004515 817
0.004516 817
0.004517 816
0.004518 815
0.004519 816
0.00452 816
0.004521 816
0.004522 816
0.004523 816
0.004524 814
0.004525 814
0.004526 813
0.004527 813
0.004528 813
0.004529 813
0.00453 813
0.004531 813
0.004532 813
0.004533 813
0.004534 813
0.004535 813
0.004536 813
0.004537 813
0.004538 813
0.004539 813
0.00454 814
0.004541 814
0.004542 814
0.004543 814
0.004544 814
0.004545 814
0.004546 814
0.004547 813
0.004548 813
0.004549 813
0.00455 813
0.004551 813
0.004552 813
0.004553 812
0.004554 812
0.004555 812
0.004556 811
0.004557 810
0.004558 810
0.004559 808
0.00456 808
0.004561 808
0.004562 808
0.004563 808
0.004564 808
0.004565 808
0.004566 807
0.004567 807
0.004568 807
0.004569 807
0.00457 807
0.004571 807
0.004572 807
0.004573 807
0.004574 808
0.004575 808
0.004576 808
0.004577 808
0.004578 808
0.004579 808
0.00458 809
0.004581 810
0.004582 810
0.004583 810
0.004584 811
0.004585 811
0.004586 811
0.004587 811
0.004588 811
0.004589 811
0.00459 811
0.004591 811
0.004592 811
0.004593 811
0.004594 811
0.004595 812
0.004596 812
0.004597 812
0.004598 812
0.004599 812
0.0046 812
0.004601 811
0.004602 811
0.004603 811
0.004604 811
0.004605 811
0.004606 811
0.004607 811
0.004608 811
0.004609 811
0.00461 811
0.004611 811
0.004612 810
0.004613 810
0.004614 810
0.004615 810
0.004616 810
0.004617 810
0.004618 810
0.004619 810
0.00462 810
0.004621 810
0.004622 810
0.004623 810
0.004624 810
0.004625 810
0.004626 810
0.004627 810
0.004628 810
0.004629 810
0.00463 810
0.004631 811
0.004632 811
0.004633 811
0.004634 811
0.004635 811
0.004636 810
0.004637 810
0.004638 810
0.004639 810
0.00464 809
0.004641 809
0.004642 808
0.004643 808
0.004644 808
0.004645 808
0.004646 808
0.004647 808
0.004648 808
0.004649 807
0.00465 808
0.004651 808
0.004652 808
0.004653 808
0.004654 808
0.004655 808
0.004656 808
0.004657 808
0.004658 808
0.004659 808
0.00466 808
0.004661 808
0.004662 808
0.004663 808
0.004664 808
0.004665 808
0.004666 808
0.004667 808
0.004668 808
0.004669 808
0.00467 808
0.004671 808
0.004672 808
0.004673 808
0.004674 808
0.004675 808
0.004676 808
0.004677 808
0.004678 808
0.004679 808
0.00468 808
0.004681 808
0.004682 808
0.004683 808
0.004684 808
0.004685 808
0.004686 808
0.004687 808
0.004688 808
0.004689 808
0.00469 808
0.004691 808
0.004692 808
0.004693 808
0.004694 808
0.004695 809
0.004696 809
0.004697 809
0.004698 809
0.004699 809
0.0047 810
0.004701 811
0.004702 811
0.004703 811
0.004704 811
0.004705 811
0.004706 811
0.004707 811
0.004708 811
0.004709 811
0.00471 811
0.004711 811
0.004712 811
0.004713 811
0.004714 811
0.004715 811
0.004716 811
0.004717 811
0.004718 811
0.004719 811
0.00472 811
0.004721 811
0.004722 811
0.004723 811
0.004724 811
0.004725 812
0.004726 812
0.004727 811
0.004728 810
0.004729 809
0.00473 809
0.004731 809
0.004732 809
0.004733 809
0.004734 809
0.004735 809
0.004736 809
0.004737 809
0.004738 809
0.004739 809
0.00474 809
0.004741 809
0.004742 809
0.004743 809
0.004744 808
0.004745 808
0.004746 808
0.004747 808
0.004748 808
0.004749 808
0.00475 807
0.004751 806
0.004752 806
0.004753 806
0.004754 806
0.004755 806
0.004756 806
0.004757 806
0.004758 806
0.004759 806
0.00476 806
0.004761 807
0.004762 807
0.004763 807
0.004764 807
0.004765 807
0.004766 807
0.004767 807
0.004768 807
0.004769 807
0.00477 807
0.004771 808
0.004772 808
0.004773 807
0.004774 807
0.004775 807
0.004776 807
0.004777 808
0.004778 808
0.004779 808
0.00478 806
0.004781 806
0.004782 806
0.004783 806
0.004784 806
0.004785 806
0.004786 806
0.004787 806
0.004788 806
0.004789 806
0.00479 806
0.004791 806
0.004792 806
0.004793 806
0.004794 806
0.004795 806
0.004796 806
0.004797 806
0.004798 806
0.004799 806
0.0048 806
0.004801 806
0.004802 806
0.004803 806
0.004804 806
0.004805 805
0.004806 805
0.004807 805
0.004808 805
0.004809 805
0.00481 805
0.004811 805
0.004812 805
0.004813 805
0.004814 805
0.004815 805
0.004816 805
0.004817 805
0.004818 805
0.004819 805
0.00482 805
0.004821 805
0.004822 805
0.004823 805
0.004824 805
0.004825 805
0.004826 805
0.004827 805
0.004828 805
0.004829 805
0.00483 805
0.004831 805
0.004832 805
0.004833 806
0.004834 806
0.004835 806
0.004836 806
0.004837 806
0.004838 806
0.004839 806
0.00484 805
0.004841 806
0.004842 806
0.004843 806
0.004844 806
0.004845 806
0.004846 806
0.004847 806
0.004848 806
0.004849 806
0.00485 806
0.004851 806
0.004852 806
0.004853 806
0.004854 806
0.004855 806
0.004856 806
0.004857 806
0.004858 806
0.004859 806
0.00486 806
0.004861 806
0.004862 807
0.004863 808
0.004864 808
0.004865 809
0.004866 809
0.004867 809
0.004868 809
0.004869 809
0.00487 809
0.004871 809
0.004872 809
0.004873 809
0.004874 809
0.004875 809
0.004876 809
0.004877 809
0.004878 809
0.004879 809
0.00488 809
0.004881 809
0.004882 809
0.004883 809
0.004884 809
0.004885 809
0.004886 809
0.004887 809
0.004888 809
0.004889 809
0.00489 809
0.004891 809
0.004892 809
0.004893 809
0.004894 809
0.004895 809
0.004896 809
0.004897 809
0.004898 809
0.004899 809
0.0049 809
0.004901 809
0.004902 809
0.004903 809
0.004904 809
0.004905 809
0.004906 809
0.004907 809
0.004908 809
0.004909 809
0.00491 809
0.004911 809
0.004912 809
0.004913 809
0.004914 809
0.004915 809
0.004916 809
0.004917 809
0.004918 809
0.004919 809
0.00492 809
0.004921 809
0.004922 808
0.004923 808
0.004924 808
0.004925 808
0.004926 809
0.004927 809
0.004928 809
0.004929 809
0.00493 809
0.004931 809
0.004932 809
0.004933 809
0.004934 809
0.004935 809
0.004936 808
0.004937 808
0.004938 808
0.004939 807
0.00494 807
0.004941 808
0.004942 809
0.004943 809
0.004944 809
0.004945 809
0.004946 809
0.004947 809
0.004948 809
0.004949 809
0.00495 809
0.004951 809
0.004952 809
0.004953 809
0.004954 809
0.004955 809
0.004956 809
0.004957 809
0.004958 809
0.004959 809
0.00496 809
0.004961 809
0.004962 809
0.004963 809
0.004964 809
0.004965 809
0.004966 809
0.004967 809
0.004968 809
0.004969 809
0.00497 809
0.004971 809
0.004972 809
0.004973 809
0.004974 809
0.004975 809
0.004976 809
0.004977 809
0.004978 809
0.004979 809
0.00498 809
0.004981 808
0.004982 808
0.004983 808
0.004984 808
0.004985 808
0.004986 808
0.004987 809
0.004988 809
0.004989 809
0.00499 809
0.004991 809
0.004992 809
0.004993 809
0.004994 809
0.004995 809
0.004996 809
0.004997 809
0.004998 809
0.004999 809
0.005 809
