0 1217
1e-06 1217
2e-06 1210
3e-06 1210
4e-06 1206
5e-06 1202
6e-06 1198
7e-06 1199
8e-06 1197
9e-06 1194
1e-05 1190
1.1e-05 1190
1.2e-05 1189
1.3e-05 1187
1.4e-05 1188
1.5e-05 1189
1.6e-05 1187
1.7e-05 1189
1.8e-05 1190
1.9e-05 1188
2e-05 1189
2.1e-05 1188
2.2e-05 1187
2.3e-05 1186
2.4e-05 1185
2.5e-05 1184
2.6e-05 1183
2.7e-05 1183
2.8e-05 1180
2.9e-05 1178
3e-05 1177
3.1e-05 1178
3.2e-05 1175
3.3e-05 1170
3.4e-05 1168
3.5e-05 1165
3.6e-05 1162
3.7e-05 1163
3.8e-05 1163
3.9e-05 1163
4e-05 1162
4.1e-05 1162
4.2e-05 1164
4.3e-05 1163
4.4e-05 1160
4.5e-05 1157
4.6e-05 1153
4.7e-05 1152
4.8e-05 1151
4.9e-05 1150
5e-05 1147
5.1e-05 1142
5.2e-05 1140
5.3e-05 1138
5.4e-05 1136
5.5e-05 1135
5.6e-05 1137
5.7e-05 1137
5.8e-05 1133
5.9e-05 1132
6e-05 1132
6.1e-05 1131
6.2e-05 1130
6.3e-05 1128
6.4e-05 1129
6.5e-05 1129
6.6e-05 1127
6.7e-05 1125
6.8e-05 1124
6.9e-05 1125
7e-05 1125
7.1e-05 1125
7.2e-05 1125
7.3e-05 1123
7.4e-05 1122
7.5e-05 1122
7.6e-05 1121
7.7e-05 1119
7.8e-05 1118
7.9e-05 1116
8e-05 1116
8.1e-05 1115
8.2e-05 1115
8.3e-05 1117
8.4e-05 1116
8.5e-05 1116
8.6e-05 1116
8.7e-05 1114
8.8e-05 1111
8.9e-05 1109
9e-05 1107
9.1e-05 1106
9.2e-05 1105
9.3e-05 1104
9.4e-05 1103
9.5e-05 1102
9.6e-05 1101
9.7e-05 1101
9.8e-05 1100
9.9e-05 1098
0.0001 1095
0.000101 1095
0.000102 1094
0.000103 1089
0.000104 1088
0.000105 1088
0.000106 1088
0.000107 1088
0.000108 1087
0.000109 1087
0.00011 1087
0.000111 1086
0.000112 1084
0.000113 1084
0.000114 1085
0.000115 1084
0.000116 1083
0.000117 1083
0.000118 1081
0.000119 1080
0.00012 1081
0.000121 1079
0.000122 1077
0.000123 1076
0.000124 1075
0.000125 1076
0.000126 1076
0.000127 1075
0.000128 1075
0.000129 1075
0.00013 1074
0.000131 1074
0.000132 1073
0.000133 1072
0.000134 1070
0.000135 1069
0.000136 1068
0.000137 1066
0.000138 1066
0.000139 1063
0.00014 1062
0.000141 1062
0.000142 1061
0.000143 1060
0.000144 1060
0.000145 1060
0.000146 1060
0.000147 1060
0.000148 1059
0.000149 1060
0.00015 1059
0.000151 1059
0.000152 1059
0.000153 1056
0.000154 1057
0.000155 1058
0.000156 1058
0.000157 1058
0.000158 1059
0.000159 1058
0.00016 1056
0.000161 1056
0.000162 1056
0.000163 1056
0.000164 1056
0.000165 1056
0.000166 1055
0.000167 1055
0.000168 1054
0.000169 1053
0.00017 1052
0.000171 1051
0.000172 1050
0.000173 1052
0.000174 1052
0.000175 1051
0.000176 1049
0.000177 1050
0.000178 1048
0.000179 1046
0.00018 1045
0.000181 1045
0.000182 1044
0.000183 1044
0.000184 1044
0.000185 1045
0.000186 1043
0.000187 1043
0.000188 1043
0.000189 1043
0.00019 1043
0.000191 1042
0.000192 1041
0.000193 1041
0.000194 1041
0.000195 1041
0.000196 1040
0.000197 1038
0.000198 1038
0.000199 1039
0.0002 1039
0.000201 1038
0.000202 1038
0.000203 1038
0.000204 1036
0.000205 1036
0.000206 1035
0.000207 1035
0.000208 1035
0.000209 1035
0.00021 1034
0.000211 1033
0.000212 1032
0.000213 1031
0.000214 1031
0.000215 1031
0.000216 1031
0.000217 1031
0.000218 1031
0.000219 1032
0.00022 1032
0.000221 1032
0.000222 1031
0.000223 1031
0.000224 1031
0.000225 1029
0.000226 1029
0.000227 1029
0.000228 1029
0.000229 1027
0.00023 1027
0.000231 1027
0.000232 1028
0.000233 1026
0.000234 1026
0.000235 1026
0.000236 1024
0.000237 1024
0.000238 1024
0.000239 1024
0.00024 1023
0.000241 1023
0.000242 1023
0.000243 1023
0.000244 1022
0.000245 1022
0.000246 1022
0.000247 1023
0.000248 1023
0.000249 1023
0.00025 1021
0.000251 1021
0.000252 1019
0.000253 1019
0.000254 1019
0.000255 1019
0.000256 1019
0.000257 1019
0.000258 1019
0.000259 1019
0.00026 1019
0.000261 1018
0.000262 1018
0.000263 1019
0.000264 1019
0.000265 1019
0.000266 1019
0.000267 1018
0.000268 1018
0.000269 1019
0.00027 1019
0.000271 1018
0.000272 1018
0.000273 1018
0.000274 1017
0.000275 1017
0.000276 1017
0.000277 1016
0.000278 1015
0.000279 1015
0.00028 1015
0.000281 1014
0.000282 1014
0.000283 1015
0.000284 1016
0.000285 1016
0.000286 1017
0.000287 1017
0.000288 1016
0.000289 1016
0.00029 1016
0.000291 1016
0.000292 1016
0.000293 1015
0.000294 1015
0.000295 1015
0.000296 1014
0.000297 1012
0.000298 1013
0.000299 1013
0.0003 1013
0.000301 1013
0.000302 1014
0.000303 1014
0.000304 1014
0.000305 1014
0.000306 1014
0.000307 1014
0.000308 1014
0.000309 1014
0.00031 1014
0.000311 1014
0.000312 1015
0.000313 1015
0.000314 1015
0.000315 1015
0.000316 1014
0.000317 1013
0.000318 1013
0.000319 1013
0.00032 1014
0.000321 1014
0.000322 1013
0.000323 1011
0.000324 1011
0.000325 1010
0.000326 1010
0.000327 1009
0.000328 1009
0.000329 1009
0.00033 1009
0.000331 1009
0.000332 1010
0.000333 1009
0.000334 1009
0.000335 1010
0.000336 1010
0.000337 1010
0.000338 1009
0.000339 1009
0.00034 1009
0.000341 1009
0.000342 1009
0.000343 1009
0.000344 1008
0.000345 1008
0.000346 1008
0.000347 1009
0.000348 1009
0.000349 1008
0.00035 1008
0.000351 1008
0.000352 1009
0.000353 1008
0.000354 1008
0.000355 1008
0.000356 1007
0.000357 1007
0.000358 1007
0.000359 1007
0.00036 1006
0.000361 1005
0.000362 1005
0.000363 1005
0.000364 1005
0.000365 1005
0.000366 1006
0.000367 1005
0.000368 1005
0.000369 1005
0.00037 1005
0.000371 1005
0.000372 1005
0.000373 1005
0.000374 1005
0.000375 1005
0.000376 1003
0.000377 1003
0.000378 1003
0.000379 1003
0.00038 1004
0.000381 1005
0.000382 1005
0.000383 1005
0.000384 1005
0.000385 1005
0.000386 1005
0.000387 1005
0.000388 1006
0.000389 1006
0.00039 1006
0.000391 1006
0.000392 1006
0.000393 1006
0.000394 1005
0.000395 1005
0.000396 1005
0.000397 1005
0.000398 1005
0.000399 1004
0.0004 1004
0.000401 1003
0.000402 1003
0.000403 1003
0.000404 1003
0.000405 1003
0.000406 1002
0.000407 1002
0.000408 1002
0.000409 1002
0.00041 1002
0.000411 1003
0.000412 1003
0.000413 1003
0.000414 1003
0.000415 1003
0.000416 1003
0.000417 1003
0.000418 1003
0.000419 1003
0.00042 1003
0.000421 1003
0.000422 1003
0.000423 1003
0.000424 1003
0.000425 1003
0.000426 1003
0.000427 1003
0.000428 1002
0.000429 1002
0.00043 1002
0.000431 1002
0.000432 1002
0.000433 1002
0.000434 1002
0.000435 1002
0.000436 1001
0.000437 1001
0.000438 1001
0.000439 1001
0.00044 1001
0.000441 1001
0.000442 1002
0.000443 1002
0.000444 1002
0.000445 1002
0.000446 1001
0.000447 1000
0.000448 1000
0.000449 1000
0.00045 999
0.000451 999
0.000452 999
0.000453 998
0.000454 998
0.000455 998
0.000456 998
0.000457 998
0.000458 998
0.000459 998
0.00046 998
0.000461 997
0.000462 997
0.000463 996
0.000464 996
0.000465 995
0.000466 995
0.000467 995
0.000468 996
0.000469 996
0.00047 995
0.000471 995
0.000472 995
0.000473 995
0.000474 995
0.000475 995
0.000476 994
0.000477 994
0.000478 994
0.000479 994
0.00048 994
0.000481 994
0.000482 994
0.000483 994
0.000484 994
0.000485 994
0.000486 994
0.000487 994
0.000488 994
0.000489 994
0.00049 994
0.000491 994
0.000492 994
0.000493 994
0.000494 995
0.000495 995
0.000496 995
0.000497 995
0.000498 995
0.000499 995
0.0005 995
0.000501 995
0.000502 995
0.000503 995
0.000504 995
0.000505 995
0.000506 995
0.000507 995
0.000508 995
0.000509 995
0.00051 995
0.000511 996
0.000512 996
0.000513 996
0.000514 995
0.000515 995
0.000516 995
0.000517 996
0.000518 996
0.000519 996
0.00052 996
0.000521 996
0.000522 996
0.000523 996
0.000524 996
0.000525 996
0.000526 996
0.000527 996
0.000528 996
0.000529 996
0.00053 996
0.000531 996
0.000532 996
0.000533 996
0.000534 996
0.000535 996
0.000536 996
0.000537 996
0.000538 996
0.000539 996
0.00054 996
0.000541 996
0.000542 996
0.000543 996
0.000544 996
0.000545 996
0.000546 996
0.000547 996
0.000548 996
0.000549 996
0.00055 995
0.000551 995
0.000552 995
0.000553 995
0.000554 994
0.000555 994
0.000556 994
0.000557 994
0.000558 994
0.000559 994
0.00056 994
0.000561 994
0.000562 994
0.000563 995
0.000564 995
0.000565 995
0.000566 995
0.000567 995
0.000568 995
0.000569 995
0.00057 995
0.000571 995
0.000572 994
0.000573 994
0.000574 994
0.000575 994
0.000576 994
0.000577 994
0.000578 994
0.000579 994
0.00058 994
0.000581 994
0.000582 994
0.000583 994
0.000584 994
0.000585 994
0.000586 994
0.000587 994
0.000588 994
0.000589 994
0.00059 995
0.000591 995
0.000592 995
0.000593 995
0.000594 995
0.000595 995
0.000596 995
0.000597 995
0.000598 995
0.000599 995
0.0006 995
0.000601 995
0.000602 995
0.000603 995
0.000604 995
0.000605 995
0.000606 994
0.000607 993
0.000608 993
0.000609 993
0.00061 993
0.000611 992
0.000612 992
0.000613 992
0.000614 992
0.000615 992
0.000616 992
0.000617 992
0.000618 992
0.000619 992
0.00062 992
0.000621 992
0.000622 992
0.000623 992
0.000624 992
0.000625 993
0.000626 993
0.000627 993
0.000628 993
0.000629 993
0.00063 992
0.000631 992
0.000632 992
0.000633 992
0.000634 993
0.000635 993
0.000636 993
0.000637 992
0.000638 991
0.000639 991
0.00064 991
0.000641 992
0.000642 992
0.000643 992
0.000644 992
0.000645 991
0.000646 991
0.000647 991
0.000648 991
0.000649 992
0.00065 992
0.000651 992
0.000652 992
0.000653 992
0.000654 992
0.000655 992
0.000656 992
0.000657 992
0.000658 992
0.000659 992
0.00066 992
0.000661 992
0.000662 992
0.000663 992
0.000664 992
0.000665 992
0.000666 992
0.000667 992
0.000668 992
0.000669 992
0.00067 992
0.000671 992
0.000672 992
0.000673 992
0.000674 992
0.000675 993
0.000676 993
0.000677 993
0.000678 993
0.000679 993
0.00068 993
0.000681 993
0.000682 993
0.000683 993
0.000684 993
0.000685 993
0.000686 993
0.000687 992
0.000688 992
0.000689 992
0.00069 992
0.000691 992
0.000692 992
0.000693 992
0.000694 992
0.000695 992
0.000696 992
0.000697 992
0.000698 992
0.000699 992
0.0007 993
0.000701 993
0.000702 993
0.000703 993
0.000704 993
0.000705 993
0.000706 993
0.000707 993
0.000708 993
0.000709 993
0.00071 993
0.000711 993
0.000712 993
0.000713 993
0.000714 993
0.000715 993
0.000716 994
0.000717 994
0.000718 994
0.000719 994
0.00072 994
0.000721 994
0.000722 994
0.000723 994
0.000724 994
0.000725 994
0.000726 994
0.000727 994
0.000728 994
0.000729 994
0.00073 994
0.000731 994
0.000732 994
0.000733 994
0.000734 993
0.000735 993
0.000736 994
0.000737 994
0.000738 994
0.000739 994
0.00074 994
0.000741 994
0.000742 994
0.000743 994
0.000744 994
0.000745 994
0.000746 994
0.000747 994
0.000748 994
0.000749 994
0.00075 994
0.000751 994
0.000752 994
0.000753 994
0.000754 994
0.000755 994
0.000756 994
0.000757 993
0.000758 994
0.000759 994
0.00076 994
0.000761 994
0.000762 994
0.000763 994
0.000764 994
0.000765 994
0.000766 994
0.000767 994
0.000768 994
0.000769 994
0.00077 994
0.000771 994
0.000772 994
0.000773 994
0.000774 994
0.000775 994
0.000776 994
0.000777 994
0.000778 994
0.000779 994
0.00078 994
0.000781 994
0.000782 994
0.000783 994
0.000784 994
0.000785 993
0.000786 993
0.000787 993
0.000788 993
0.000789 993
0.00079 993
0.000791 993
0.000792 993
0.000793 993
0.000794 994
0.000795 994
0.000796 994
0.000797 993
0.000798 993
0.000799 993
0.0008 993
0.000801 993
0.000802 993
0.000803 993
0.000804 993
0.000805 993
0.000806 993
0.000807 993
0.000808 993
0.000809 993
0.00081 993
0.000811 993
0.000812 992
0.000813 992
0.000814 992
0.000815 992
0.000816 991
0.000817 991
0.000818 991
0.000819 991
0.00082 991
0.000821 991
0.000822 991
0.000823 991
0.000824 991
0.000825 992
0.000826 992
0.000827 992
0.000828 992
0.000829 992
0.00083 992
0.000831 992
0.000832 992
0.000833 992
0.000834 992
0.000835 992
0.000836 992
0.000837 992
0.000838 992
0.000839 992
0.00084 992
0.000841 992
0.000842 992
0.000843 992
0.000844 992
0.000845 992
0.000846 992
0.000847 992
0.000848 992
0.000849 992
0.00085 992
0.000851 992
0.000852 992
0.000853 992
0.000854 992
0.000855 992
0.000856 992
0.000857 992
0.000858 992
0.000859 992
0.00086 992
0.000861 992
0.000862 992
0.000863 992
0.000864 992
0.000865 992
0.000866 992
0.000867 992
0.000868 992
0.000869 992
0.00087 993
0.000871 993
0.000872 992
0.000873 992
0.000874 992
0.000875 992
0.000876 992
0.000877 992
0.000878 992
0.000879 992
0.00088 992
0.000881 992
0.000882 992
0.000883 992
0.000884 992
0.000885 992
0.000886 992
0.000887 992
0.000888 992
0.000889 992
0.00089 992
0.000891 992
0.000892 992
0.000893 992
0.000894 992
0.000895 992
0.000896 992
0.000897 992
0.000898 992
0.000899 992
0.0009 992
0.000901 992
0.000902 992
0.000903 992
0.000904 992
0.000905 992
0.000906 992
0.000907 992
0.000908 992
0.000909 992
0.00091 993
0.000911 993
0.000912 993
0.000913 993
0.000914 993
0.000915 993
0.000916 993
0.000917 993
0.000918 993
0.000919 993
0.00092 993
0.000921 993
0.000922 993
0.000923 993
0.000924 993
0.000925 993
0.000926 993
0.000927 993
0.000928 993
0.000929 994
0.00093 994
0.000931 994
0.000932 995
0.000933 995
0.000934 994
0.000935 994
0.000936 994
0.000937 994
0.000938 994
0.000939 994
0.00094 994
0.000941 994
0.000942 994
0.000943 994
0.000944 994
0.000945 994
0.000946 994
0.000947 994
0.000948 994
0.000949 994
0.00095 994
0.000951 994
0.000952 994
0.000953 994
0.000954 994
0.000955 994
0.000956 994
0.000957 994
0.000958 994
0.000959 994
0.00096 994
0.000961 994
0.000962 994
0.000963 994
0.000964 994
0.000965 994
0.000966 994
0.000967 994
0.000968 994
0.000969 994
0.00097 994
0.000971 994
0.000972 994
0.000973 994
0.000974 994
0.000975 994
0.000976 994
0.000977 994
0.000978 994
0.000979 994
0.00098 994
0.000981 994
0.000982 994
0.000983 994
0.000984 994
0.000985 995
0.000986 995
0.000987 995
0.000988 995
0.000989 995
0.00099 995
0.000991 995
0.000992 995
0.000993 995
0.000994 995
0.000995 995
0.000996 995
0.000997 995
0.000998 995
0.000999 995
0.001 995
0.001001 995
0.001002 995
0.001003 995
0.001004 995
0.001005 995
0.001006 995
0.001007 995
0.001008 995
0.001009 995
0.00101 996
0.001011 996
0.001012 996
0.001013 996
0.001014 996
0.001015 997
0.001016 997
0.001017 997
0.001018 997
0.001019 997
0.00102 996
0.001021 996
0.001022 996
0.001023 996
0.001024 996
0.001025 996
0.001026 996
0.001027 996
0.001028 996
0.001029 996
0.00103 996
0.001031 996
0.001032 996
0.001033 996
0.001034 996
0.001035 996
0.001036 996
0.001037 996
0.001038 996
0.001039 995
0.00104 995
0.001041 995
0.001042 996
0.001043 996
0.001044 996
0.001045 997
0.001046 997
0.001047 997
0.001048 997
0.001049 997
0.00105 997
0.001051 997
0.001052 997
0.001053 997
0.001054 997
0.001055 997
0.001056 997
0.001057 997
0.001058 997
0.001059 997
0.00106 997
0.001061 997
0.001062 997
0.001063 997
0.001064 997
0.001065 997
0.001066 997
0.001067 997
0.001068 997
0.001069 997
0.00107 997
0.001071 997
0.001072 997
0.001073 997
0.001074 997
0.001075 997
0.001076 997
0.001077 997
0.001078 997
0.001079 997
0.00108 997
0.001081 997
0.001082 997
0.001083 997
0.001084 997
0.001085 999
0.001086 999
0.001087 999
0.001088 999
0.001089 999
0.00109 999
0.001091 999
0.001092 999
0.001093 999
0.001094 999
0.001095 999
0.001096 999
0.001097 999
0.001098 999
0.001099 999
0.0011 999
0.001101 999
0.001102 999
0.001103 999
0.001104 999
0.001105 999
0.001106 999
0.001107 1000
0.001108 1000
0.001109 1000
0.00111 1000
0.001111 1000
0.001112 1000
0.001113 1000
0.001114 1000
0.001115 1000
0.001116 1000
0.001117 1000
0.001118 1000
0.001119 1000
0.00112 1000
0.001121 1000
0.001122 1000
0.001123 1000
0.001124 1000
0.001125 1000
0.001126 1000
0.001127 1000
0.001128 1000
0.001129 1000
0.00113 999
0.001131 999
0.001132 999
0.001133 999
0.001134 999
0.001135 998
0.001136 998
0.001137 998
0.001138 998
0.001139 998
0.00114 998
0.001141 998
0.001142 998
0.001143 998
0.001144 998
0.001145 998
0.001146 998
0.001147 998
0.001148 998
0.001149 998
0.00115 998
0.001151 998
0.001152 998
0.001153 998
0.001154 998
0.001155 998
0.001156 998
0.001157 999
0.001158 999
0.001159 999
0.00116 999
0.001161 999
0.001162 999
0.001163 999
0.001164 999
0.001165 999
0.001166 999
0.001167 999
0.001168 999
0.001169 999
0.00117 999
0.001171 999
0.001172 998
0.001173 998
0.001174 998
0.001175 998
0.001176 998
0.001177 998
0.001178 998
0.001179 998
0.00118 998
0.001181 998
0.001182 998
0.001183 998
0.001184 998
0.001185 998
0.001186 998
0.001187 998
0.001188 998
0.001189 998
0.00119 998
0.001191 998
0.001192 998
0.001193 998
0.001194 998
0.001195 998
0.001196 998
0.001197 998
0.001198 998
0.001199 998
0.0012 998
0.001201 999
0.001202 999
0.001203 999
0.001204 999
0.001205 999
0.001206 999
0.001207 999
0.001208 999
0.001209 999
0.00121 999
0.001211 999
0.001212 999
0.001213 1000
0.001214 1000
0.001215 1000
0.001216 1000
0.001217 1000
0.001218 1000
0.001219 1000
0.00122 1000
0.001221 1000
0.001222 1000
0.001223 999
0.001224 999
0.001225 999
0.001226 999
0.001227 999
0.001228 999
0.001229 999
0.00123 999
0.001231 999
0.001232 999
0.001233 999
0.001234 1000
0.001235 1000
0.001236 1001
0.001237 1000
0.001238 1000
0.001239 1000
0.00124 1000
0.001241 1000
0.001242 1000
0.001243 1000
0.001244 1000
0.001245 1000
0.001246 1000
0.001247 1000
0.001248 1000
0.001249 1000
0.00125 1000
0.001251 1000
0.001252 1000
0.001253 1000
0.001254 1000
0.001255 1000
0.001256 1000
0.001257 1000
0.001258 1000
0.001259 1000
0.00126 1000
0.001261 1001
0.001262 1001
0.001263 1001
0.001264 1001
0.001265 1001
0.001266 1001
0.001267 1001
0.001268 1001
0.001269 1001
0.00127 1001
0.001271 1001
0.001272 1001
0.001273 1001
0.001274 1001
0.001275 1001
0.001276 1001
0.001277 1001
0.001278 1001
0.001279 1001
0.00128 1001
0.001281 1001
0.001282 1001
0.001283 1001
0.001284 1001
0.001285 1001
0.001286 1001
0.001287 1001
0.001288 1001
0.001289 1000
0.00129 1000
0.001291 1000
0.001292 1001
0.001293 1001
0.001294 1001
0.001295 1002
0.001296 1002
0.001297 1002
0.001298 1002
0.001299 1002
0.0013 1002
0.001301 1002
0.001302 1002
0.001303 1002
0.001304 1002
0.001305 1002
0.001306 1002
0.001307 1003
0.001308 1003
0.001309 1003
0.00131 1003
0.001311 1003
0.001312 1003
0.001313 1003
0.001314 1003
0.001315 1003
0.001316 1003
0.001317 1003
0.001318 1003
0.001319 1003
0.00132 1003
0.001321 1003
0.001322 1003
0.001323 1003
0.001324 1003
0.001325 1003
0.001326 1003
0.001327 1003
0.001328 1003
0.001329 1003
0.00133 1003
0.001331 1003
0.001332 1003
0.001333 1003
0.001334 1003
0.001335 1003
0.001336 1003
0.001337 1003
0.001338 1003
0.001339 1003
0.00134 1003
0.001341 1003
0.001342 1003
0.001343 1003
0.001344 1003
0.001345 1003
0.001346 1003
0.001347 1003
0.001348 1003
0.001349 1003
0.00135 1003
0.001351 1003
0.001352 1002
0.001353 1002
0.001354 1002
0.001355 1002
0.001356 1002
0.001357 1002
0.001358 1002
0.001359 1002
0.00136 1002
0.001361 1002
0.001362 1002
0.001363 1002
0.001364 1002
0.001365 1002
0.001366 1002
0.001367 1002
0.001368 1002
0.001369 1002
0.00137 1002
0.001371 1002
0.001372 1002
0.001373 1002
0.001374 1002
0.001375 1002
0.001376 1002
0.001377 1002
0.001378 1002
0.001379 1002
0.00138 1002
0.001381 1002
0.001382 1002
0.001383 1002
0.001384 1001
0.001385 1001
0.001386 1001
0.001387 1001
0.001388 1001
0.001389 1001
0.00139 1001
0.001391 1001
0.001392 1001
0.001393 1001
0.001394 1001
0.001395 1001
0.001396 1001
0.001397 1001
0.001398 1001
0.001399 1001
0.0014 1001
0.001401 1001
0.001402 1001
0.001403 1001
0.001404 1001
0.001405 1001
0.001406 1001
0.001407 1001
0.001408 1001
0.001409 1001
0.00141 1001
0.001411 1001
0.001412 1001
0.001413 1001
0.001414 1001
0.001415 1001
0.001416 1001
0.001417 1001
0.001418 1001
0.001419 1001
0.00142 1001
0.001421 1001
0.001422 1001
0.001423 1000
0.001424 1000
0.001425 1000
0.001426 1000
0.001427 1000
0.001428 1000
0.001429 1000
0.00143 1000
0.001431 1000
0.001432 1000
0.001433 1000
0.001434 1000
0.001435 1000
0.001436 1000
0.001437 1000
0.001438 1000
0.001439 1000
0.00144 1001
0.001441 1001
0.001442 1001
0.001443 1001
0.001444 1001
0.001445 1001
0.001446 1001
0.001447 1001
0.001448 1001
0.001449 1001
0.00145 1001
0.001451 1001
0.001452 1001
0.001453 1001
0.001454 1001
0.001455 1001
0.001456 1002
0.001457 1002
0.001458 1002
0.001459 1002
0.00146 1002
0.001461 1002
0.001462 1002
0.001463 1002
0.001464 1002
0.001465 1002
0.001466 1002
0.001467 1002
0.001468 1002
0.001469 1002
0.00147 1002
0.001471 1002
0.001472 1002
0.001473 1002
0.001474 1002
0.001475 1002
0.001476 1002
0.001477 1002
0.001478 1002
0.001479 1002
0.00148 1001
0.001481 1001
0.001482 1001
0.001483 1001
0.001484 1001
0.001485 1001
0.001486 1001
0.001487 1001
0.001488 1003
0.001489 1003
0.00149 1003
0.001491 1003
0.001492 1003
0.001493 1002
0.001494 1002
0.001495 1002
0.001496 1002
0.001497 1002
0.001498 1001
0.001499 1001
0.0015 1001
0.001501 1001
0.001502 1002
0.001503 1002
0.001504 1003
0.001505 1003
0.001506 1003
0.001507 1003
0.001508 1003
0.001509 1003
0.00151 1003
0.001511 1003
0.001512 1003
0.001513 1003
0.001514 1003
0.001515 1003
0.001516 1003
0.001517 1004
0.001518 1004
0.001519 1004
0.00152 1004
0.001521 1004
0.001522 1004
0.001523 1004
0.001524 1004
0.001525 1004
0.001526 1004
0.001527 1004
0.001528 1004
0.001529 1004
0.00153 1005
0.001531 1005
0.001532 1005
0.001533 1005
0.001534 1005
0.001535 1005
0.001536 1005
0.001537 1005
0.001538 1005
0.001539 1005
0.00154 1005
0.001541 1005
0.001542 1005
0.001543 1005
0.001544 1005
0.001545 1006
0.001546 1006
0.001547 1006
0.001548 1006
0.001549 1006
0.00155 1006
0.001551 1006
0.001552 1006
0.001553 1005
0.001554 1005
0.001555 1005
0.001556 1005
0.001557 1005
0.001558 1006
0.001559 1007
0.00156 1007
0.001561 1007
0.001562 1007
0.001563 1007
0.001564 1007
0.001565 1007
0.001566 1007
0.001567 1007
0.001568 1007
0.001569 1007
0.00157 1007
0.001571 1007
0.001572 1007
0.001573 1007
0.001574 1007
0.001575 1007
0.001576 1007
0.001577 1007
0.001578 1007
0.001579 1008
0.00158 1008
0.001581 1008
0.001582 1008
0.001583 1008
0.001584 1008
0.001585 1008
0.001586 1008
0.001587 1008
0.001588 1008
0.001589 1008
0.00159 1008
0.001591 1008
0.001592 1008
0.001593 1008
0.001594 1008
0.001595 1008
0.001596 1008
0.001597 1008
0.001598 1008
0.001599 1008
0.0016 1008
0.001601 1007
0.001602 1007
0.001603 1007
0.001604 1007
0.001605 1007
0.001606 1007
0.001607 1007
0.001608 1007
0.001609 1007
0.00161 1007
0.001611 1007
0.001612 1007
0.001613 1007
0.001614 1008
0.001615 1008
0.001616 1008
0.001617 1008
0.001618 1008
0.001619 1008
0.00162 1008
0.001621 1008
0.001622 1008
0.001623 1008
0.001624 1008
0.001625 1008
0.001626 1008
0.001627 1008
0.001628 1008
0.001629 1008
0.00163 1008
0.001631 1008
0.001632 1008
0.001633 1008
0.001634 1008
0.001635 1008
0.001636 1008
0.001637 1008
0.001638 1008
0.001639 1007
0.00164 1007
0.001641 1007
0.001642 1007
0.001643 1006
0.001644 1006
0.001645 1006
0.001646 1006
0.001647 1006
0.001648 1006
0.001649 1006
0.00165 1006
0.001651 1005
0.001652 1005
0.001653 1005
0.001654 1005
0.001655 1005
0.001656 1005
0.001657 1005
0.001658 1005
0.001659 1005
0.00166 1005
0.001661 1005
0.001662 1005
0.001663 1005
0.001664 1005
0.001665 1005
0.001666 1005
0.001667 1005
0.001668 1005
0.001669 1005
0.00167 1005
0.001671 1005
0.001672 1005
0.001673 1005
0.001674 1005
0.001675 1005
0.001676 1005
0.001677 1005
0.001678 1005
0.001679 1005
0.00168 1005
0.001681 1005
0.001682 1005
0.001683 1005
0.001684 1005
0.001685 1005
0.001686 1005
0.001687 1005
0.001688 1005
0.001689 1005
0.00169 1005
0.001691 1005
0.001692 1005
0.001693 1005
0.001694 1005
0.001695 1005
0.001696 1005
0.001697 1005
0.001698 1005
0.001699 1005
0.0017 1005
0.001701 1005
0.001702 1005
0.001703 1005
0.001704 1005
0.001705 1005
0.001706 1005
0.001707 1005
0.001708 1005
0.001709 1005
0.00171 1005
0.001711 1005
0.001712 1005
0.001713 1005
0.001714 1005
0.001715 1005
0.001716 1005
0.001717 1005
0.001718 1005
0.001719 1005
0.00172 1005
0.001721 1005
0.001722 1005
0.001723 1005
0.001724 1005
0.001725 1005
0.001726 1005
0.001727 1005
0.001728 1005
0.001729 1005
0.00173 1005
0.001731 1005
0.001732 1005
0.001733 1005
0.001734 1005
0.001735 1005
0.001736 1005
0.001737 1005
0.001738 1005
0.001739 1005
0.00174 1005
0.001741 1005
0.001742 1005
0.001743 1005
0.001744 1005
0.001745 1005
0.001746 1005
0.001747 1005
0.001748 1006
0.001749 1006
0.00175 1006
0.001751 1006
0.001752 1006
0.001753 1006
0.001754 1006
0.001755 1006
0.001756 1006
0.001757 1006
0.001758 1006
0.001759 1006
0.00176 1006
0.001761 1006
0.001762 1006
0.001763 1006
0.001764 1006
0.001765 1007
0.001766 1007
0.001767 1007
0.001768 1007
0.001769 1007
0.00177 1007
0.001771 1007
0.001772 1007
0.001773 1007
0.001774 1007
0.001775 1007
0.001776 1007
0.001777 1006
0.001778 1006
0.001779 1006
0.00178 1006
0.001781 1006
0.001782 1006
0.001783 1006
0.001784 1006
0.001785 1006
0.001786 1007
0.001787 1007
0.001788 1007
0.001789 1007
0.00179 1007
0.001791 1007
0.001792 1006
0.001793 1006
0.001794 1007
0.001795 1007
0.001796 1007
0.001797 1007
0.001798 1008
0.001799 1008
0.0018 1008
0.001801 1008
0.001802 1008
0.001803 1008
0.001804 1008
0.001805 1008
0.001806 1008
0.001807 1008
0.001808 1008
0.001809 1008
0.00181 1008
0.001811 1008
0.001812 1008
0.001813 1008
0.001814 1008
0.001815 1008
0.001816 1008
0.001817 1008
0.001818 1008
0.001819 1008
0.00182 1008
0.001821 1008
0.001822 1008
0.001823 1008
0.001824 1008
0.001825 1008
0.001826 1008
0.001827 1008
0.001828 1008
0.001829 1008
0.00183 1008
0.001831 1008
0.001832 1008
0.001833 1008
0.001834 1008
0.001835 1008
0.001836 1008
0.001837 1008
0.001838 1008
0.001839 1008
0.00184 1008
0.001841 1008
0.001842 1008
0.001843 1008
0.001844 1008
0.001845 1008
0.001846 1008
0.001847 1008
0.001848 1008
0.001849 1008
0.00185 1008
0.001851 1008
0.001852 1008
0.001853 1008
0.001854 1008
0.001855 1008
0.001856 1009
0.001857 1009
0.001858 1009
0.001859 1009
0.00186 1009
0.001861 1008
0.001862 1008
0.001863 1008
0.001864 1008
0.001865 1008
0.001866 1008
0.001867 1008
0.001868 1008
0.001869 1009
0.00187 1009
0.001871 1009
0.001872 1009
0.001873 1009
0.001874 1009
0.001875 1009
0.001876 1008
0.001877 1008
0.001878 1008
0.001879 1008
0.00188 1009
0.001881 1010
0.001882 1010
0.001883 1010
0.001884 1010
0.001885 1010
0.001886 1010
0.001887 1010
0.001888 1010
0.001889 1011
0.00189 1011
0.001891 1011
0.001892 1011
0.001893 1012
0.001894 1012
0.001895 1012
0.001896 1012
0.001897 1012
0.001898 1012
0.001899 1012
0.0019 1012
0.001901 1012
0.001902 1012
0.001903 1012
0.001904 1012
0.001905 1012
0.001906 1012
0.001907 1012
0.001908 1012
0.001909 1012
0.00191 1012
0.001911 1012
0.001912 1012
0.001913 1012
0.001914 1012
0.001915 1012
0.001916 1012
0.001917 1012
0.001918 1012
0.001919 1012
0.00192 1012
0.001921 1012
0.001922 1012
0.001923 1012
0.001924 1012
0.001925 1011
0.001926 1011
0.001927 1011
0.001928 1011
0.001929 1012
0.00193 1012
0.001931 1012
0.001932 1012
0.001933 1011
0.001934 1011
0.001935 1012
0.001936 1012
0.001937 1012
0.001938 1012
0.001939 1012
0.00194 1012
0.001941 1012
0.001942 1012
0.001943 1013
0.001944 1013
0.001945 1013
0.001946 1013
0.001947 1013
0.001948 1013
0.001949 1013
0.00195 1013
0.001951 1014
0.001952 1014
0.001953 1013
0.001954 1013
0.001955 1013
0.001956 1013
0.001957 1013
0.001958 1013
0.001959 1013
0.00196 1013
0.001961 1013
0.001962 1013
0.001963 1013
0.001964 1013
0.001965 1013
0.001966 1013
0.001967 1012
0.001968 1012
0.001969 1011
0.00197 1011
0.001971 1011
0.001972 1011
0.001973 1011
0.001974 1011
0.001975 1011
0.001976 1011
0.001977 1011
0.001978 1011
0.001979 1011
0.00198 1011
0.001981 1011
0.001982 1011
0.001983 1011
0.001984 1011
0.001985 1011
0.001986 1011
0.001987 1011
0.001988 1011
0.001989 1011
0.00199 1011
0.001991 1011
0.001992 1012
0.001993 1012
0.001994 1012
0.001995 1012
0.001996 1012
0.001997 1012
0.001998 1012
0.001999 1011
0.002 1012
0.002001 1012
0.002002 1012
0.002003 1012
0.002004 1012
0.002005 1012
0.002006 1012
0.002007 1012
0.002008 1012
0.002009 1012
0.00201 1012
0.002011 1012
0.002012 1012
0.002013 1012
0.002014 1012
0.002015 1012
0.002016 1013
0.002017 1013
0.002018 1013
0.002019 1012
0.00202 1012
0.002021 1012
0.002022 1012
0.002023 1012
0.002024 1011
0.002025 1011
0.002026 1012
0.002027 1012
0.002028 1012
0.002029 1011
0.00203 1011
0.002031 1011
0.002032 1011
0.002033 1011
0.002034 1011
0.002035 1011
0.002036 1011
0.002037 1011
0.002038 1011
0.002039 1012
0.00204 1012
0.002041 1012
0.002042 1013
0.002043 1013
0.002044 1013
0.002045 1013
0.002046 1013
0.002047 1012
0.002048 1012
0.002049 1012
0.00205 1012
0.002051 1012
0.002052 1012
0.002053 1012
0.002054 1012
0.002055 1012
0.002056 1011
0.002057 1011
0.002058 1011
0.002059 1011
0.00206 1011
0.002061 1011
0.002062 1011
0.002063 1011
0.002064 1011
0.002065 1011
0.002066 1011
0.002067 1011
0.002068 1011
0.002069 1011
0.00207 1011
0.002071 1011
0.002072 1011
0.002073 1011
0.002074 1011
0.002075 1011
0.002076 1011
0.002077 1011
0.002078 1011
0.002079 1011
0.00208 1011
0.002081 1012
0.002082 1012
0.002083 1012
0.002084 1012
0.002085 1012
0.002086 1012
0.002087 1012
0.002088 1012
0.002089 1012
0.00209 1013
0.002091 1013
0.002092 1014
0.002093 1013
0.002094 1013
0.002095 1012
0.002096 1012
0.002097 1012
0.002098 1012
0.002099 1012
0.0021 1012
0.002101 1012
0.002102 1012
0.002103 1012
0.002104 1013
0.002105 1013
0.002106 1013
0.002107 1013
0.002108 1013
0.002109 1013
0.00211 1013
0.002111 1013
0.002112 1013
0.002113 1014
0.002114 1014
0.002115 1014
0.002116 1014
0.002117 1014
0.002118 1014
0.002119 1014
0.00212 1014
0.002121 1013
0.002122 1013
0.002123 1013
0.002124 1013
0.002125 1013
0.002126 1014
0.002127 1014
0.002128 1014
0.002129 1014
0.00213 1014
0.002131 1014
0.002132 1014
0.002133 1014
0.002134 1014
0.002135 1014
0.002136 1014
0.002137 1014
0.002138 1014
0.002139 1014
0.00214 1014
0.002141 1014
0.002142 1014
0.002143 1014
0.002144 1014
0.002145 1014
0.002146 1014
0.002147 1014
0.002148 1014
0.002149 1014
0.00215 1014
0.002151 1014
0.002152 1014
0.002153 1014
0.002154 1014
0.002155 1014
0.002156 1014
0.002157 1014
0.002158 1014
0.002159 1014
0.00216 1014
0.002161 1014
0.002162 1014
0.002163 1014
0.002164 1013
0.002165 1013
0.002166 1013
0.002167 1013
0.002168 1013
0.002169 1013
0.00217 1013
0.002171 1013
0.002172 1013
0.002173 1013
0.002174 1013
0.002175 1012
0.002176 1012
0.002177 1012
0.002178 1012
0.002179 1012
0.00218 1012
0.002181 1012
0.002182 1012
0.002183 1012
0.002184 1012
0.002185 1012
0.002186 1012
0.002187 1012
0.002188 1012
0.002189 1012
0.00219 1012
0.002191 1012
0.002192 1012
0.002193 1012
0.002194 1012
0.002195 1012
0.002196 1013
0.002197 1013
0.002198 1013
0.002199 1014
0.0022 1014
0.002201 1014
0.002202 1014
0.002203 1014
0.002204 1014
0.002205 1014
0.002206 1014
0.002207 1014
0.002208 1014
0.002209 1014
0.00221 1014
0.002211 1014
0.002212 1014
0.002213 1014
0.002214 1014
0.002215 1014
0.002216 1014
0.002217 1014
0.002218 1014
0.002219 1014
0.00222 1015
0.002221 1015
0.002222 1015
0.002223 1015
0.002224 1015
0.002225 1015
0.002226 1016
0.002227 1016
0.002228 1016
0.002229 1016
0.00223 1016
0.002231 1016
0.002232 1016
0.002233 1017
0.002234 1017
0.002235 1017
0.002236 1017
0.002237 1017
0.002238 1017
0.002239 1017
0.00224 1018
0.002241 1018
0.002242 1018
0.002243 1018
0.002244 1018
0.002245 1018
0.002246 1018
0.002247 1018
0.002248 1018
0.002249 1018
0.00225 1018
0.002251 1018
0.002252 1018
0.002253 1018
0.002254 1018
0.002255 1018
0.002256 1018
0.002257 1018
0.002258 1018
0.002259 1019
0.00226 1019
0.002261 1019
0.002262 1019
0.002263 1019
0.002264 1019
0.002265 1019
0.002266 1019
0.002267 1019
0.002268 1019
0.002269 1019
0.00227 1019
0.002271 1019
0.002272 1019
0.002273 1019
0.002274 1019
0.002275 1019
0.002276 1019
0.002277 1019
0.002278 1019
0.002279 1019
0.00228 1019
0.002281 1019
0.002282 1019
0.002283 1019
0.002284 1019
0.002285 1019
0.002286 1019
0.002287 1019
0.002288 1019
0.002289 1019
0.00229 1019
0.002291 1019
0.002292 1019
0.002293 1019
0.002294 1019
0.002295 1019
0.002296 1019
0.002297 1019
0.002298 1019
0.002299 1019
0.0023 1019
0.002301 1019
0.002302 1019
0.002303 1019
0.002304 1019
0.002305 1019
0.002306 1018
0.002307 1018
0.002308 1018
0.002309 1018
0.00231 1018
0.002311 1018
0.002312 1018
0.002313 1018
0.002314 1018
0.002315 1017
0.002316 1017
0.002317 1017
0.002318 1017
0.002319 1017
0.00232 1017
0.002321 1017
0.002322 1017
0.002323 1017
0.002324 1017
0.002325 1017
0.002326 1017
0.002327 1017
0.002328 1017
0.002329 1017
0.00233 1017
0.002331 1017
0.002332 1017
0.002333 1017
0.002334 1017
0.002335 1016
0.002336 1016
0.002337 1016
0.002338 1016
0.002339 1016
0.00234 1016
0.002341 1016
0.002342 1016
0.002343 1016
0.002344 1017
0.002345 1017
0.002346 1017
0.002347 1017
0.002348 1017
0.002349 1017
0.00235 1017
0.002351 1016
0.002352 1016
0.002353 1016
0.002354 1016
0.002355 1016
0.002356 1016
0.002357 1016
0.002358 1016
0.002359 1016
0.00236 1016
0.002361 1016
0.002362 1016
0.002363 1016
0.002364 1016
0.002365 1016
0.002366 1016
0.002367 1016
0.002368 1015
0.002369 1015
0.00237 1015
0.002371 1015
0.002372 1015
0.002373 1015
0.002374 1015
0.002375 1015
0.002376 1015
0.002377 1015
0.002378 1015
0.002379 1015
0.00238 1015
0.002381 1015
0.002382 1015
0.002383 1015
0.002384 1015
0.002385 1015
0.002386 1015
0.002387 1015
0.002388 1015
0.002389 1015
0.00239 1015
0.002391 1015
0.002392 1015
0.002393 1015
0.002394 1015
0.002395 1015
0.002396 1015
0.002397 1015
0.002398 1015
0.002399 1015
0.0024 1015
0.002401 1015
0.002402 1014
0.002403 1014
0.002404 1014
0.002405 1014
0.002406 1014
0.002407 1014
0.002408 1014
0.002409 1014
0.00241 1014
0.002411 1014
0.002412 1013
0.002413 1013
0.002414 1013
0.002415 1013
0.002416 1013
0.002417 1013
0.002418 1013
0.002419 1013
0.00242 1013
0.002421 1013
0.002422 1013
0.002423 1013
0.002424 1013
0.002425 1013
0.002426 1014
0.002427 1014
0.002428 1014
0.002429 1014
0.00243 1014
0.002431 1014
0.002432 1014
0.002433 1014
0.002434 1014
0.002435 1014
0.002436 1014
0.002437 1014
0.002438 1014
0.002439 1014
0.00244 1014
0.002441 1014
0.002442 1014
0.002443 1015
0.002444 1015
0.002445 1015
0.002446 1015
0.002447 1015
0.002448 1015
0.002449 1015
0.00245 1014
0.002451 1013
0.002452 1013
0.002453 1013
0.002454 1013
0.002455 1013
0.002456 1013
0.002457 1013
0.002458 1013
0.002459 1012
0.00246 1012
0.002461 1012
0.002462 1012
0.002463 1012
0.002464 1012
0.002465 1012
0.002466 1012
0.002467 1012
0.002468 1012
0.002469 1012
0.00247 1012
0.002471 1012
0.002472 1012
0.002473 1013
0.002474 1013
0.002475 1013
0.002476 1013
0.002477 1013
0.002478 1013
0.002479 1013
0.00248 1013
0.002481 1013
0.002482 1013
0.002483 1013
0.002484 1013
0.002485 1012
0.002486 1012
0.002487 1012
0.002488 1013
0.002489 1013
0.00249 1013
0.002491 1013
0.002492 1013
0.002493 1013
0.002494 1013
0.002495 1013
0.002496 1013
0.002497 1013
0.002498 1013
0.002499 1013
0.0025 1013
0.002501 1013
0.002502 1013
0.002503 1013
0.002504 1013
0.002505 1013
0.002506 1013
0.002507 1013
0.002508 1013
0.002509 1012
0.00251 1012
0.002511 1012
0.002512 1013
0.002513 1013
0.002514 1013
0.002515 1013
0.002516 1013
0.002517 1013
0.002518 1013
0.002519 1013
0.00252 1013
0.002521 1013
0.002522 1013
0.002523 1013
0.002524 1013
0.002525 1013
0.002526 1013
0.002527 1013
0.002528 1013
0.002529 1013
0.00253 1013
0.002531 1013
0.002532 1012
0.002533 1012
0.002534 1012
0.002535 1012
0.002536 1012
0.002537 1012
0.002538 1012
0.002539 1012
0.00254 1012
0.002541 1013
0.002542 1013
0.002543 1013
0.002544 1013
0.002545 1013
0.002546 1013
0.002547 1013
0.002548 1013
0.002549 1013
0.00255 1013
0.002551 1013
0.002552 1013
0.002553 1013
0.002554 1013
0.002555 1013
0.002556 1013
0.002557 1013
0.002558 1013
0.002559 1013
0.00256 1013
0.002561 1014
0.002562 1014
0.002563 1014
0.002564 1014
0.002565 1014
0.002566 1014
0.002567 1014
0.002568 1014
0.002569 1014
0.00257 1014
0.002571 1014
0.002572 1014
0.002573 1014
0.002574 1014
0.002575 1014
0.002576 1014
0.002577 1014
0.002578 1013
0.002579 1013
0.00258 1013
0.002581 1013
0.002582 1013
0.002583 1013
0.002584 1013
0.002585 1013
0.002586 1013
0.002587 1013
0.002588 1013
0.002589 1013
0.00259 1013
0.002591 1013
0.002592 1013
0.002593 1013
0.002594 1013
0.002595 1014
0.002596 1014
0.002597 1015
0.002598 1015
0.002599 1015
0.0026 1015
0.002601 1015
0.002602 1015
0.002603 1015
0.002604 1015
0.002605 1015
0.002606 1016
0.002607 1016
0.002608 1016
0.002609 1016
0.00261 1016
0.002611 1016
0.002612 1016
0.002613 1016
0.002614 1016
0.002615 1016
0.002616 1016
0.002617 1016
0.002618 1016
0.002619 1016
0.00262 1016
0.002621 1016
0.002622 1016
0.002623 1016
0.002624 1016
0.002625 1016
0.002626 1016
0.002627 1016
0.002628 1016
0.002629 1016
0.00263 1016
0.002631 1016
0.002632 1016
0.002633 1016
0.002634 1016
0.002635 1016
0.002636 1016
0.002637 1016
0.002638 1016
0.002639 1016
0.00264 1017
0.002641 1017
0.002642 1017
0.002643 1017
0.002644 1017
0.002645 1017
0.002646 1017
0.002647 1016
0.002648 1016
0.002649 1016
0.00265 1016
0.002651 1016
0.002652 1016
0.002653 1016
0.002654 1016
0.002655 1016
0.002656 1016
0.002657 1016
0.002658 1016
0.002659 1016
0.00266 1016
0.002661 1016
0.002662 1016
0.002663 1016
0.002664 1016
0.002665 1016
0.002666 1016
0.002667 1016
0.002668 1016
0.002669 1016
0.00267 1016
0.002671 1016
0.002672 1016
0.002673 1016
0.002674 1016
0.002675 1016
0.002676 1016
0.002677 1016
0.002678 1016
0.002679 1016
0.00268 1016
0.002681 1016
0.002682 1016
0.002683 1016
0.002684 1016
0.002685 1016
0.002686 1016
0.002687 1016
0.002688 1016
0.002689 1016
0.00269 1016
0.002691 1016
0.002692 1016
0.002693 1016
0.002694 1016
0.002695 1016
0.002696 1016
0.002697 1016
0.002698 1016
0.002699 1016
0.0027 1016
0.002701 1016
0.002702 1016
0.002703 1015
0.002704 1015
0.002705 1015
0.002706 1015
0.002707 1015
0.002708 1015
0.002709 1015
0.00271 1015
0.002711 1015
0.002712 1015
0.002713 1015
0.002714 1015
0.002715 1015
0.002716 1014
0.002717 1014
0.002718 1014
0.002719 1014
0.00272 1014
0.002721 1014
0.002722 1015
0.002723 1015
0.002724 1015
0.002725 1015
0.002726 1015
0.002727 1015
0.002728 1015
0.002729 1015
0.00273 1015
0.002731 1015
0.002732 1015
0.002733 1015
0.002734 1015
0.002735 1015
0.002736 1014
0.002737 1014
0.002738 1014
0.002739 1014
0.00274 1014
0.002741 1014
0.002742 1014
0.002743 1014
0.002744 1014
0.002745 1014
0.002746 1015
0.002747 1015
0.002748 1014
0.002749 1014
0.00275 1014
0.002751 1014
0.002752 1014
0.002753 1014
0.002754 1014
0.002755 1015
0.002756 1015
0.002757 1014
0.002758 1014
0.002759 1014
0.00276 1014
0.002761 1014
0.002762 1014
0.002763 1014
0.002764 1014
0.002765 1014
0.002766 1014
0.002767 1014
0.002768 1014
0.002769 1014
0.00277 1014
0.002771 1014
0.002772 1014
0.002773 1014
0.002774 1014
0.002775 1014
0.002776 1014
0.002777 1014
0.002778 1014
0.002779 1014
0.00278 1014
0.002781 1014
0.002782 1014
0.002783 1014
0.002784 1013
0.002785 1013
0.002786 1013
0.002787 1013
0.002788 1013
0.002789 1014
0.00279 1014
0.002791 1014
0.002792 1014
0.002793 1014
0.002794 1014
0.002795 1014
0.002796 1014
0.002797 1014
0.002798 1014
0.002799 1013
0.0028 1014
0.002801 1014
0.002802 1014
0.002803 1014
0.002804 1015
0.002805 1015
0.002806 1015
0.002807 1015
0.002808 1015
0.002809 1015
0.00281 1015
0.002811 1015
0.002812 1015
0.002813 1015
0.002814 1016
0.002815 1016
0.002816 1016
0.002817 1016
0.002818 1016
0.002819 1016
0.00282 1016
0.002821 1016
0.002822 1016
0.002823 1016
0.002824 1016
0.002825 1016
0.002826 1016
0.002827 1016
0.002828 1016
0.002829 1016
0.00283 1016
0.002831 1016
0.002832 1016
0.002833 1016
0.002834 1016
0.002835 1016
0.002836 1016
0.002837 1016
0.002838 1016
0.002839 1016
0.00284 1016
0.002841 1016
0.002842 1017
0.002843 1017
0.002844 1017
0.002845 1017
0.002846 1017
0.002847 1017
0.002848 1017
0.002849 1017
0.00285 1017
0.002851 1017
0.002852 1017
0.002853 1017
0.002854 1017
0.002855 1017
0.002856 1017
0.002857 1017
0.002858 1017
0.002859 1017
0.00286 1017
0.002861 1016
0.002862 1016
0.002863 1016
0.002864 1016
0.002865 1016
0.002866 1016
0.002867 1016
0.002868 1016
0.002869 1016
0.00287 1017
0.002871 1016
0.002872 1016
0.002873 1016
0.002874 1016
0.002875 1016
0.002876 1016
0.002877 1016
0.002878 1016
0.002879 1016
0.00288 1017
0.002881 1017
0.002882 1017
0.002883 1017
0.002884 1017
0.002885 1017
0.002886 1017
0.002887 1018
0.002888 1018
0.002889 1018
0.00289 1018
0.002891 1018
0.002892 1017
0.002893 1016
0.002894 1015
0.002895 1015
0.002896 1015
0.002897 1015
0.002898 1015
0.002899 1015
0.0029 1015
0.002901 1015
0.002902 1015
0.002903 1015
0.002904 1015
0.002905 1015
0.002906 1015
0.002907 1015
0.002908 1015
0.002909 1015
0.00291 1015
0.002911 1015
0.002912 1015
0.002913 1015
0.002914 1015
0.002915 1015
0.002916 1015
0.002917 1015
0.002918 1015
0.002919 1015
0.00292 1015
0.002921 1014
0.002922 1014
0.002923 1014
0.002924 1015
0.002925 1015
0.002926 1015
0.002927 1015
0.002928 1015
0.002929 1015
0.00293 1015
0.002931 1015
0.002932 1015
0.002933 1015
0.002934 1015
0.002935 1014
0.002936 1014
0.002937 1014
0.002938 1014
0.002939 1014
0.00294 1014
0.002941 1013
0.002942 1013
0.002943 1013
0.002944 1013
0.002945 1013
0.002946 1013
0.002947 1013
0.002948 1014
0.002949 1014
0.00295 1014
0.002951 1014
0.002952 1014
0.002953 1014
0.002954 1014
0.002955 1014
0.002956 1014
0.002957 1014
0.002958 1014
0.002959 1014
0.00296 1014
0.002961 1014
0.002962 1014
0.002963 1014
0.002964 1014
0.002965 1014
0.002966 1014
0.002967 1014
0.002968 1014
0.002969 1014
0.00297 1014
0.002971 1014
0.002972 1014
0.002973 1014
0.002974 1015
0.002975 1015
0.002976 1015
0.002977 1015
0.002978 1015
0.002979 1015
0.00298 1015
0.002981 1015
0.002982 1015
0.002983 1015
0.002984 1015
0.002985 1015
0.002986 1015
0.002987 1015
0.002988 1015
0.002989 1015
0.00299 1015
0.002991 1015
0.002992 1015
0.002993 1015
0.002994 1015
0.002995 1015
0.002996 1015
0.002997 1015
0.002998 1015
0.002999 1015
0.003 1015
0.003001 1015
0.003002 1015
0.003003 1015
0.003004 1016
0.003005 1015
0.003006 1015
0.003007 1015
0.003008 1015
0.003009 1015
0.00301 1015
0.003011 1015
0.003012 1015
0.003013 1015
0.003014 1015
0.003015 1015
0.003016 1015
0.003017 1015
0.003018 1015
0.003019 1015
0.00302 1015
0.003021 1015
0.003022 1014
0.003023 1014
0.003024 1015
0.003025 1015
0.003026 1015
0.003027 1015
0.003028 1015
0.003029 1015
0.00303 1015
0.003031 1015
0.003032 1016
0.003033 1016
0.003034 1015
0.003035 1015
0.003036 1015
0.003037 1015
0.003038 1015
0.003039 1015
0.00304 1015
0.003041 1015
0.003042 1015
0.003043 1015
0.003044 1015
0.003045 1015
0.003046 1015
0.003047 1015
0.003048 1015
0.003049 1015
0.00305 1015
0.003051 1015
0.003052 1015
0.003053 1015
0.003054 1015
0.003055 1015
0.003056 1015
0.003057 1015
0.003058 1015
0.003059 1015
0.00306 1015
0.003061 1015
0.003062 1015
0.003063 1015
0.003064 1015
0.003065 1015
0.003066 1014
0.003067 1014
0.003068 1014
0.003069 1014
0.00307 1014
0.003071 1014
0.003072 1014
0.003073 1014
0.003074 1014
0.003075 1014
0.003076 1014
0.003077 1014
0.003078 1014
0.003079 1015
0.00308 1015
0.003081 1015
0.003082 1015
0.003083 1015
0.003084 1015
0.003085 1015
0.003086 1015
0.003087 1015
0.003088 1015
0.003089 1015
0.00309 1016
0.003091 1016
0.003092 1016
0.003093 1016
0.003094 1016
0.003095 1016
0.003096 1016
0.003097 1016
0.003098 1016
0.003099 1016
0.0031 1016
0.003101 1017
0.003102 1017
0.003103 1017
0.003104 1017
0.003105 1017
0.003106 1017
0.003107 1017
0.003108 1017
0.003109 1017
0.00311 1017
0.003111 1017
0.003112 1017
0.003113 1017
0.003114 1017
0.003115 1017
0.003116 1016
0.003117 1016
0.003118 1016
0.003119 1016
0.00312 1016
0.003121 1016
0.003122 1017
0.003123 1017
0.003124 1017
0.003125 1017
0.003126 1017
0.003127 1017
0.003128 1017
0.003129 1017
0.00313 1017
0.003131 1017
0.003132 1017
0.003133 1017
0.003134 1017
0.003135 1017
0.003136 1016
0.003137 1016
0.003138 1016
0.003139 1016
0.00314 1016
0.003141 1016
0.003142 1016
0.003143 1016
0.003144 1016
0.003145 1016
0.003146 1016
0.003147 1016
0.003148 1016
0.003149 1016
0.00315 1016
0.003151 1016
0.003152 1016
0.003153 1016
0.003154 1016
0.003155 1016
0.003156 1016
0.003157 1016
0.003158 1016
0.003159 1016
0.00316 1016
0.003161 1016
0.003162 1016
0.003163 1016
0.003164 1016
0.003165 1016
0.003166 1016
0.003167 1016
0.003168 1016
0.003169 1016
0.00317 1016
0.003171 1016
0.003172 1016
0.003173 1016
0.003174 1016
0.003175 1015
0.003176 1015
0.003177 1015
0.003178 1015
0.003179 1015
0.00318 1015
0.003181 1015
0.003182 1015
0.003183 1015
0.003184 1015
0.003185 1016
0.003186 1016
0.003187 1016
0.003188 1016
0.003189 1016
0.00319 1016
0.003191 1016
0.003192 1016
0.003193 1016
0.003194 1016
0.003195 1015
0.003196 1015
0.003197 1015
0.003198 1015
0.003199 1015
0.0032 1015
0.003201 1015
0.003202 1015
0.003203 1015
0.003204 1015
0.003205 1015
0.003206 1015
0.003207 1015
0.003208 1015
0.003209 1015
0.00321 1015
0.003211 1015
0.003212 1015
0.003213 1015
0.003214 1015
0.003215 1015
0.003216 1015
0.003217 1015
0.003218 1015
0.003219 1015
0.00322 1015
0.003221 1015
0.003222 1015
0.003223 1015
0.003224 1015
0.003225 1016
0.003226 1016
0.003227 1016
0.003228 1016
0.003229 1016
0.00323 1016
0.003231 1016
0.003232 1015
0.003233 1015
0.003234 1015
0.003235 1015
0.003236 1015
0.003237 1015
0.003238 1015
0.003239 1015
0.00324 1015
0.003241 1015
0.003242 1015
0.003243 1015
0.003244 1015
0.003245 1015
0.003246 1015
0.003247 1015
0.003248 1015
0.003249 1015
0.00325 1015
0.003251 1015
0.003252 1015
0.003253 1015
0.003254 1015
0.003255 1015
0.003256 1015
0.003257 1015
0.003258 1015
0.003259 1015
0.00326 1015
0.003261 1015
0.003262 1015
0.003263 1015
0.003264 1015
0.003265 1015
0.003266 1015
0.003267 1015
0.003268 1015
0.003269 1015
0.00327 1015
0.003271 1015
0.003272 1015
0.003273 1014
0.003274 1014
0.003275 1014
0.003276 1014
0.003277 1013
0.003278 1013
0.003279 1013
0.00328 1013
0.003281 1013
0.003282 1013
0.003283 1013
0.003284 1013
0.003285 1014
0.003286 1014
0.003287 1014
0.003288 1014
0.003289 1015
0.00329 1015
0.003291 1015
0.003292 1015
0.003293 1015
0.003294 1015
0.003295 1015
0.003296 1015
0.003297 1015
0.003298 1015
0.003299 1015
0.0033 1016
0.003301 1016
0.003302 1016
0.003303 1016
0.003304 1016
0.003305 1016
0.003306 1016
0.003307 1016
0.003308 1016
0.003309 1016
0.00331 1016
0.003311 1016
0.003312 1016
0.003313 1016
0.003314 1016
0.003315 1016
0.003316 1016
0.003317 1016
0.003318 1016
0.003319 1016
0.00332 1016
0.003321 1016
0.003322 1016
0.003323 1016
0.003324 1016
0.003325 1016
0.003326 1015
0.003327 1015
0.003328 1015
0.003329 1015
0.00333 1015
0.003331 1015
0.003332 1015
0.003333 1015
0.003334 1015
0.003335 1015
0.003336 1015
0.003337 1015
0.003338 1015
0.003339 1015
0.00334 1015
0.003341 1015
0.003342 1015
0.003343 1015
0.003344 1015
0.003345 1015
0.003346 1015
0.003347 1016
0.003348 1016
0.003349 1016
0.00335 1016
0.003351 1016
0.003352 1016
0.003353 1016
0.003354 1016
0.003355 1016
0.003356 1016
0.003357 1016
0.003358 1016
0.003359 1016
0.00336 1016
0.003361 1016
0.003362 1016
0.003363 1016
0.003364 1016
0.003365 1016
0.003366 1016
0.003367 1016
0.003368 1016
0.003369 1016
0.00337 1016
0.003371 1016
0.003372 1016
0.003373 1016
0.003374 1016
0.003375 1016
0.003376 1016
0.003377 1016
0.003378 1016
0.003379 1016
0.00338 1017
0.003381 1017
0.003382 1018
0.003383 1019
0.003384 1019
0.003385 1019
0.003386 1019
0.003387 1019
0.003388 1019
0.003389 1019
0.00339 1018
0.003391 1018
0.003392 1018
0.003393 1018
0.003394 1018
0.003395 1018
0.003396 1018
0.003397 1018
0.003398 1018
0.003399 1018
0.0034 1018
0.003401 1018
0.003402 1018
0.003403 1018
0.003404 1018
0.003405 1018
0.003406 1018
0.003407 1018
0.003408 1017
0.003409 1017
0.00341 1017
0.003411 1017
0.003412 1018
0.003413 1018
0.003414 1018
0.003415 1018
0.003416 1018
0.003417 1018
0.003418 1018
0.003419 1018
0.00342 1018
0.003421 1018
0.003422 1018
0.003423 1018
0.003424 1018
0.003425 1018
0.003426 1019
0.003427 1018
0.003428 1018
0.003429 1018
0.00343 1018
0.003431 1018
0.003432 1018
0.003433 1018
0.003434 1018
0.003435 1018
0.003436 1018
0.003437 1018
0.003438 1018
0.003439 1018
0.00344 1018
0.003441 1018
0.003442 1017
0.003443 1017
0.003444 1017
0.003445 1017
0.003446 1017
0.003447 1017
0.003448 1017
0.003449 1017
0.00345 1017
0.003451 1017
0.003452 1017
0.003453 1017
0.003454 1017
0.003455 1017
0.003456 1017
0.003457 1017
0.003458 1017
0.003459 1017
0.00346 1017
0.003461 1017
0.003462 1017
0.003463 1017
0.003464 1016
0.003465 1016
0.003466 1016
0.003467 1016
0.003468 1016
0.003469 1016
0.00347 1016
0.003471 1016
0.003472 1015
0.003473 1015
0.003474 1015
0.003475 1015
0.003476 1015
0.003477 1015
0.003478 1015
0.003479 1015
0.00348 1015
0.003481 1015
0.003482 1015
0.003483 1015
0.003484 1015
0.003485 1014
0.003486 1014
0.003487 1014
0.003488 1014
0.003489 1014
0.00349 1014
0.003491 1014
0.003492 1014
0.003493 1014
0.003494 1014
0.003495 1014
0.003496 1014
0.003497 1014
0.003498 1014
0.003499 1014
0.0035 1014
0.003501 1014
0.003502 1014
0.003503 1014
0.003504 1014
0.003505 1014
0.003506 1014
0.003507 1014
0.003508 1014
0.003509 1014
0.00351 1014
0.003511 1014
0.003512 1014
0.003513 1013
0.003514 1013
0.003515 1013
0.003516 1013
0.003517 1013
0.003518 1013
0.003519 1013
0.00352 1013
0.003521 1013
0.003522 1013
0.003523 1013
0.003524 1013
0.003525 1014
0.003526 1014
0.003527 1014
0.003528 1014
0.003529 1014
0.00353 1014
0.003531 1014
0.003532 1014
0.003533 1014
0.003534 1014
0.003535 1014
0.003536 1014
0.003537 1014
0.003538 1013
0.003539 1013
0.00354 1013
0.003541 1013
0.003542 1013
0.003543 1013
0.003544 1013
0.003545 1013
0.003546 1013
0.003547 1013
0.003548 1013
0.003549 1013
0.00355 1013
0.003551 1013
0.003552 1013
0.003553 1013
0.003554 1013
0.003555 1013
0.003556 1013
0.003557 1013
0.003558 1013
0.003559 1013
0.00356 1013
0.003561 1013
0.003562 1013
0.003563 1013
0.003564 1013
0.003565 1013
0.003566 1013
0.003567 1013
0.003568 1013
0.003569 1013
0.00357 1013
0.003571 1013
0.003572 1013
0.003573 1013
0.003574 1013
0.003575 1013
0.003576 1013
0.003577 1013
0.003578 1014
0.003579 1014
0.00358 1014
0.003581 1014
0.003582 1014
0.003583 1014
0.003584 1014
0.003585 1014
0.003586 1014
0.003587 1014
0.003588 1014
0.003589 1014
0.00359 1014
0.003591 1014
0.003592 1014
0.003593 1014
0.003594 1014
0.003595 1014
0.003596 1015
0.003597 1015
0.003598 1015
0.003599 1015
0.0036 1015
0.003601 1015
0.003602 1014
0.003603 1014
0.003604 1014
0.003605 1014
0.003606 1014
0.003607 1014
0.003608 1014
0.003609 1014
0.00361 1014
0.003611 1014
0.003612 1014
0.003613 1014
0.003614 1014
0.003615 1014
0.003616 1014
0.003617 1014
0.003618 1014
0.003619 1014
0.00362 1014
0.003621 1014
0.003622 1014
0.003623 1014
0.003624 1014
0.003625 1014
0.003626 1014
0.003627 1013
0.003628 1013
0.003629 1013
0.00363 1013
0.003631 1013
0.003632 1013
0.003633 1013
0.003634 1013
0.003635 1013
0.003636 1013
0.003637 1013
0.003638 1013
0.003639 1013
0.00364 1013
0.003641 1013
0.003642 1013
0.003643 1013
0.003644 1013
0.003645 1013
0.003646 1013
0.003647 1013
0.003648 1013
0.003649 1013
0.00365 1013
0.003651 1013
0.003652 1013
0.003653 1013
0.003654 1013
0.003655 1012
0.003656 1012
0.003657 1012
0.003658 1011
0.003659 1011
0.00366 1011
0.003661 1011
0.003662 1011
0.003663 1011
0.003664 1011
0.003665 1011
0.003666 1011
0.003667 1011
0.003668 1011
0.003669 1011
0.00367 1011
0.003671 1011
0.003672 1011
0.003673 1010
0.003674 1010
0.003675 1010
0.003676 1010
0.003677 1010
0.003678 1010
0.003679 1010
0.00368 1010
0.003681 1010
0.003682 1010
0.003683 1010
0.003684 1009
0.003685 1009
0.003686 1009
0.003687 1009
0.003688 1009
0.003689 1009
0.00369 1009
0.003691 1009
0.003692 1009
0.003693 1008
0.003694 1008
0.003695 1007
0.003696 1007
0.003697 1006
0.003698 1006
0.003699 1006
0.0037 1006
0.003701 1006
0.003702 1006
0.003703 1006
0.003704 1006
0.003705 1006
0.003706 1006
0.003707 1007
0.003708 1007
0.003709 1007
0.00371 1007
0.003711 1007
0.003712 1007
0.003713 1007
0.003714 1007
0.003715 1007
0.003716 1007
0.003717 1007
0.003718 1007
0.003719 1007
0.00372 1007
0.003721 1008
0.003722 1008
0.003723 1008
0.003724 1007
0.003725 1008
0.003726 1008
0.003727 1008
0.003728 1008
0.003729 1008
0.00373 1008
0.003731 1008
0.003732 1008
0.003733 1008
0.003734 1008
0.003735 1008
0.003736 1008
0.003737 1008
0.003738 1008
0.003739 1008
0.00374 1008
0.003741 1008
0.003742 1008
0.003743 1008
0.003744 1008
0.003745 1008
0.003746 1008
0.003747 1008
0.003748 1009
0.003749 1009
0.00375 1009
0.003751 1009
0.003752 1009
0.003753 1009
0.003754 1009
0.003755 1008
0.003756 1008
0.003757 1008
0.003758 1008
0.003759 1008
0.00376 1008
0.003761 1008
0.003762 1008
0.003763 1008
0.003764 1008
0.003765 1008
0.003766 1008
0.003767 1008
0.003768 1008
0.003769 1008
0.00377 1008
0.003771 1008
0.003772 1008
0.003773 1008
0.003774 1008
0.003775 1008
0.003776 1008
0.003777 1008
0.003778 1008
0.003779 1008
0.00378 1008
0.003781 1008
0.003782 1008
0.003783 1008
0.003784 1008
0.003785 1008
0.003786 1008
0.003787 1008
0.003788 1008
0.003789 1008
0.00379 1008
0.003791 1008
0.003792 1008
0.003793 1008
0.003794 1008
0.003795 1008
0.003796 1008
0.003797 1008
0.003798 1008
0.003799 1008
0.0038 1008
0.003801 1008
0.003802 1008
0.003803 1008
0.003804 1008
0.003805 1008
0.003806 1008
0.003807 1008
0.003808 1008
0.003809 1008
0.00381 1008
0.003811 1008
0.003812 1008
0.003813 1008
0.003814 1009
0.003815 1009
0.003816 1009
0.003817 1009
0.003818 1009
0.003819 1009
0.00382 1009
0.003821 1009
0.003822 1009
0.003823 1009
0.003824 1009
0.003825 1009
0.003826 1009
0.003827 1009
0.003828 1009
0.003829 1008
0.00383 1008
0.003831 1008
0.003832 1008
0.003833 1008
0.003834 1008
0.003835 1008
0.003836 1008
0.003837 1008
0.003838 1008
0.003839 1008
0.00384 1008
0.003841 1008
0.003842 1008
0.003843 1008
0.003844 1008
0.003845 1008
0.003846 1008
0.003847 1008
0.003848 1008
0.003849 1008
0.00385 1008
0.003851 1008
0.003852 1008
0.003853 1008
0.003854 1008
0.003855 1008
0.003856 1008
0.003857 1008
0.003858 1008
0.003859 1008
0.00386 1008
0.003861 1008
0.003862 1008
0.003863 1008
0.003864 1008
0.003865 1008
0.003866 1008
0.003867 1008
0.003868 1008
0.003869 1008
0.00387 1008
0.003871 1007
0.003872 1007
0.003873 1007
0.003874 1006
0.003875 1006
0.003876 1006
0.003877 1006
0.003878 1006
0.003879 1006
0.00388 1006
0.003881 1006
0.003882 1006
0.003883 1006
0.003884 1006
0.003885 1006
0.003886 1006
0.003887 1006
0.003888 1006
0.003889 1006
0.00389 1006
0.003891 1006
0.003892 1006
0.003893 1006
0.003894 1007
0.003895 1007
0.003896 1007
0.003897 1007
0.003898 1007
0.003899 1007
0.0039 1007
0.003901 1007
0.003902 1007
0.003903 1007
0.003904 1007
0.003905 1007
0.003906 1007
0.003907 1007
0.003908 1007
0.003909 1007
0.00391 1007
0.003911 1008
0.003912 1009
0.003913 1009
0.003914 1009
0.003915 1009
0.003916 1009
0.003917 1009
0.003918 1009
0.003919 1009
0.00392 1009
0.003921 1009
0.003922 1009
0.003923 1009
0.003924 1009
0.003925 1009
0.003926 1009
0.003927 1009
0.003928 1009
0.003929 1009
0.00393 1009
0.003931 1009
0.003932 1009
0.003933 1009
0.003934 1008
0.003935 1008
0.003936 1007
0.003937 1007
0.003938 1007
0.003939 1007
0.00394 1007
0.003941 1008
0.003942 1008
0.003943 1008
0.003944 1008
0.003945 1008
0.003946 1008
0.003947 1008
0.003948 1008
0.003949 1008
0.00395 1008
0.003951 1008
0.003952 1009
0.003953 1009
0.003954 1009
0.003955 1009
0.003956 1009
0.003957 1009
0.003958 1009
0.003959 1009
0.00396 1009
0.003961 1009
0.003962 1009
0.003963 1009
0.003964 1009
0.003965 1009
0.003966 1009
0.003967 1009
0.003968 1009
0.003969 1009
0.00397 1009
0.003971 1009
0.003972 1009
0.003973 1009
0.003974 1009
0.003975 1009
0.003976 1009
0.003977 1009
0.003978 1009
0.003979 1009
0.00398 1009
0.003981 1009
0.003982 1009
0.003983 1009
0.003984 1009
0.003985 1009
0.003986 1009
0.003987 1009
0.003988 1009
0.003989 1009
0.00399 1009
0.003991 1009
0.003992 1009
0.003993 1009
0.003994 1008
0.003995 1008
0.003996 1008
0.003997 1008
0.003998 1008
0.003999 1008
0.004 1008
0.004001 1008
0.004002 1008
0.004003 1009
0.004004 1009
0.004005 1009
0.004006 1009
0.004007 1009
0.004008 1009
0.004009 1009
0.00401 1009
0.004011 1009
0.004012 1009
0.004013 1009
0.004014 1009
0.004015 1009
0.004016 1009
0.004017 1009
0.004018 1009
0.004019 1009
0.00402 1009
0.004021 1009
0.004022 1008
0.004023 1008
0.004024 1008
0.004025 1008
0.004026 1008
0.004027 1008
0.004028 1008
0.004029 1008
0.00403 1008
0.004031 1008
0.004032 1008
0.004033 1008
0.004034 1008
0.004035 1008
0.004036 1008
0.004037 1008
0.004038 1008
0.004039 1008
0.00404 1008
0.004041 1008
0.004042 1008
0.004043 1008
0.004044 1008
0.004045 1008
0.004046 1008
0.004047 1008
0.004048 1008
0.004049 1008
0.00405 1008
0.004051 1008
0.004052 1008
0.004053 1008
0.004054 1008
0.004055 1008
0.004056 1008
0.004057 1009
0.004058 1009
0.004059 1009
0.00406 1009
0.004061 1009
0.004062 1009
0.004063 1009
0.004064 1009
0.004065 1009
0.004066 1009
0.004067 1009
0.004068 1009
0.004069 1008
0.00407 1009
0.004071 1010
0.004072 1010
0.004073 1010
0.004074 1010
0.004075 1010
0.004076 1010
0.004077 1010
0.004078 1009
0.004079 1009
0.00408 1009
0.004081 1009
0.004082 1009
0.004083 1009
0.004084 1009
0.004085 1009
0.004086 1009
0.004087 1009
0.004088 1010
0.004089 1009
0.00409 1009
0.004091 1009
0.004092 1009
0.004093 1009
0.004094 1009
0.004095 1009
0.004096 1009
0.004097 1009
0.004098 1009
0.004099 1009
0.0041 1009
0.004101 1009
0.004102 1009
0.004103 1009
0.004104 1009
0.004105 1009
0.004106 1009
0.004107 1009
0.004108 1009
0.004109 1009
0.00411 1009
0.004111 1009
0.004112 1009
0.004113 1009
0.004114 1009
0.004115 1009
0.004116 1009
0.004117 1009
0.004118 1009
0.004119 1009
0.00412 1009
0.004121 1009
0.004122 1009
0.004123 1009
0.004124 1009
0.004125 1009
0.004126 1009
0.004127 1009
0.004128 1009
0.004129 1009
0.00413 1009
0.004131 1009
0.004132 1009
0.004133 1009
0.004134 1009
0.004135 1009
0.004136 1009
0.004137 1009
0.004138 1008
0.004139 1008
0.00414 1008
0.004141 1008
0.004142 1008
0.004143 1008
0.004144 1008
0.004145 1008
0.004146 1008
0.004147 1008
0.004148 1008
0.004149 1009
0.00415 1009
0.004151 1009
0.004152 1009
0.004153 1009
0.004154 1009
0.004155 1009
0.004156 1009
0.004157 1009
0.004158 1009
0.004159 1009
0.00416 1009
0.004161 1009
0.004162 1009
0.004163 1009
0.004164 1009
0.004165 1009
0.004166 1009
0.004167 1009
0.004168 1009
0.004169 1009
0.00417 1009
0.004171 1009
0.004172 1009
0.004173 1009
0.004174 1008
0.004175 1008
0.004176 1008
0.004177 1008
0.004178 1008
0.004179 1008
0.00418 1007
0.004181 1007
0.004182 1007
0.004183 1007
0.004184 1007
0.004185 1007
0.004186 1007
0.004187 1006
0.004188 1006
0.004189 1006
0.00419 1006
0.004191 1006
0.004192 1006
0.004193 1006
0.004194 1006
0.004195 1006
0.004196 1006
0.004197 1006
0.004198 1006
0.004199 1006
0.0042 1006
0.004201 1006
0.004202 1006
0.004203 1006
0.004204 1007
0.004205 1007
0.004206 1007
0.004207 1007
0.004208 1007
0.004209 1007
0.00421 1007
0.004211 1007
0.004212 1007
0.004213 1007
0.004214 1007
0.004215 1007
0.004216 1007
0.004217 1006
0.004218 1006
0.004219 1006
0.00422 1006
0.004221 1006
0.004222 1006
0.004223 1006
0.004224 1006
0.004225 1006
0.004226 1006
0.004227 1006
0.004228 1006
0.004229 1006
0.00423 1006
0.004231 1006
0.004232 1006
0.004233 1006
0.004234 1006
0.004235 1006
0.004236 1006
0.004237 1006
0.004238 1006
0.004239 1006
0.00424 1006
0.004241 1006
0.004242 1006
0.004243 1006
0.004244 1006
0.004245 1006
0.004246 1006
0.004247 1006
0.004248 1006
0.004249 1006
0.00425 1006
0.004251 1006
0.004252 1006
0.004253 1006
0.004254 1007
0.004255 1007
0.004256 1007
0.004257 1008
0.004258 1008
0.004259 1008
0.00426 1008
0.004261 1008
0.004262 1008
0.004263 1008
0.004264 1008
0.004265 1008
0.004266 1008
0.004267 1008
0.004268 1008
0.004269 1008
0.00427 1008
0.004271 1008
0.004272 1008
0.004273 1008
0.004274 1008
0.004275 1008
0.004276 1008
0.004277 1008
0.004278 1008
0.004279 1008
0.00428 1008
0.004281 1008
0.004282 1008
0.004283 1008
0.004284 1007
0.004285 1007
0.004286 1007
0.004287 1007
0.004288 1007
0.004289 1007
0.00429 1007
0.004291 1007
0.004292 1007
0.004293 1007
0.004294 1007
0.004295 1007
0.004296 1007
0.004297 1007
0.004298 1007
0.004299 1007
0.0043 1007
0.004301 1007
0.004302 1007
0.004303 1007
0.004304 1007
0.004305 1007
0.004306 1007
0.004307 1007
0.004308 1007
0.004309 1007
0.00431 1006
0.004311 1006
0.004312 1006
0.004313 1005
0.004314 1005
0.004315 1005
0.004316 1005
0.004317 1005
0.004318 1005
0.004319 1006
0.00432 1006
0.004321 1006
0.004322 1006
0.004323 1005
0.004324 1005
0.004325 1005
0.004326 1005
0.004327 1005
0.004328 1005
0.004329 1005
0.00433 1005
0.004331 1005
0.004332 1005
0.004333 1005
0.004334 1005
0.004335 1005
0.004336 1005
0.004337 1005
0.004338 1005
0.004339 1005
0.00434 1005
0.004341 1005
0.004342 1004
0.004343 1004
0.004344 1004
0.004345 1004
0.004346 1004
0.004347 1004
0.004348 1004
0.004349 1004
0.00435 1004
0.004351 1004
0.004352 1004
0.004353 1004
0.004354 1004
0.004355 1004
0.004356 1004
0.004357 1004
0.004358 1004
0.004359 1004
0.00436 1004
0.004361 1003
0.004362 1003
0.004363 1003
0.004364 1003
0.004365 1003
0.004366 1002
0.004367 1002
0.004368 1002
0.004369 1002
0.00437 1002
0.004371 1002
0.004372 1002
0.004373 1002
0.004374 1002
0.004375 1002
0.004376 1002
0.004377 1002
0.004378 1002
0.004379 1002
0.00438 1002
0.004381 1002
0.004382 1002
0.004383 1002
0.004384 1002
0.004385 1002
0.004386 1002
0.004387 1002
0.004388 1002
0.004389 1002
0.00439 1002
0.004391 1002
0.004392 1003
0.004393 1003
0.004394 1003
0.004395 1003
0.004396 1003
0.004397 1003
0.004398 1004
0.004399 1004
0.0044 1004
0.004401 1004
0.004402 1004
0.004403 1004
0.004404 1004
0.004405 1004
0.004406 1004
0.004407 1004
0.004408 1004
0.004409 1004
0.00441 1004
0.004411 1004
0.004412 1004
0.004413 1004
0.004414 1003
0.004415 1003
0.004416 1003
0.004417 1003
0.004418 1003
0.004419 1003
0.00442 1003
0.004421 1003
0.004422 1002
0.004423 1002
0.004424 1002
0.004425 1002
0.004426 1002
0.004427 1002
0.004428 1002
0.004429 1002
0.00443 1002
0.004431 1002
0.004432 1002
0.004433 1002
0.004434 1002
0.004435 1002
0.004436 1002
0.004437 1002
0.004438 1002
0.004439 1002
0.00444 1002
0.004441 1002
0.004442 1002
0.004443 1002
0.004444 1002
0.004445 1002
0.004446 1002
0.004447 1002
0.004448 1002
0.004449 1002
0.00445 1002
0.004451 1002
0.004452 1002
0.004453 1002
0.004454 1002
0.004455 1002
0.004456 1002
0.004457 1002
0.004458 1001
0.004459 1001
0.00446 1002
0.004461 1002
0.004462 1002
0.004463 1002
0.004464 1002
0.004465 1002
0.004466 1002
0.004467 1002
0.004468 1002
0.004469 1002
0.00447 1002
0.004471 1002
0.004472 1002
0.004473 1002
0.004474 1002
0.004475 1002
0.004476 1002
0.004477 1002
0.004478 1002
0.004479 1002
0.00448 1002
0.004481 1002
0.004482 1002
0.004483 1002
0.004484 1002
0.004485 1002
0.004486 1002
0.004487 1002
0.004488 1002
0.004489 1002
0.00449 1002
0.004491 1002
0.004492 1002
0.004493 1002
0.004494 1003
0.004495 1003
0.004496 1003
0.004497 1003
0.004498 1003
0.004499 1003
0.0045 1003
0.004501 1003
0.004502 1002
0.004503 1002
0.004504 1002
0.004505 1000
0.004506 1000
0.004507 1000
0.004508 1000
0.004509 1000
0.00451 1000
0.004511 1000
0.004512 1000
0.004513 1000
0.004514 1000
0.004515 1000
0.004516 1000
0.004517 1000
0.004518 1000
0.004519 1000
0.00452 1000
0.004521 1000
0.004522 1000
0.004523 1000
0.004524 1000
0.004525 1000
0.004526 1000
0.004527 1000
0.004528 1000
0.004529 1000
0.00453 1000
0.004531 1000
0.004532 1000
0.004533 1000
0.004534 1000
0.004535 1000
0.004536 1000
0.004537 1000
0.004538 1000
0.004539 1000
0.00454 1000
0.004541 1000
0.004542 1001
0.004543 1001
0.004544 1001
0.004545 1001
0.004546 1001
0.004547 1001
0.004548 1001
0.004549 1001
0.00455 1001
0.004551 1001
0.004552 1001
0.004553 1001
0.004554 1001
0.004555 1001
0.004556 1000
0.004557 1000
0.004558 1001
0.004559 1001
0.00456 1001
0.004561 1001
0.004562 1001
0.004563 1001
0.004564 1001
0.004565 1001
0.004566 1001
0.004567 1001
0.004568 1001
0.004569 1000
0.00457 1000
0.004571 1000
0.004572 1000
0.004573 1000
0.004574 1000
0.004575 1000
0.004576 1000
0.004577 1000
0.004578 1000
0.004579 1001
0.00458 1001
0.004581 1001
0.004582 1001
0.004583 1001
0.004584 1001
0.004585 1001
0.004586 1001
0.004587 1001
0.004588 1001
0.004589 1001
0.00459 1001
0.004591 1001
0.004592 1001
0.004593 1001
0.004594 1001
0.004595 1001
0.004596 1001
0.004597 1001
0.004598 1001
0.004599 1001
0.0046 1001
0.004601 1001
0.004602 1001
0.004603 1001
0.004604 1001
0.004605 1001
0.004606 1001
0.004607 1001
0.004608 1001
0.004609 1001
0.00461 1002
0.004611 1002
0.004612 1002
0.004613 1002
0.004614 1002
0.004615 1002
0.004616 1002
0.004617 1002
0.004618 1002
0.004619 1002
0.00462 1002
0.004621 1002
0.004622 1002
0.004623 1002
0.004624 1002
0.004625 1002
0.004626 1002
0.004627 1002
0.004628 1002
0.004629 1001
0.00463 1001
0.004631 1001
0.004632 1001
0.004633 1002
0.004634 1002
0.004635 1002
0.004636 1002
0.004637 1001
0.004638 1001
0.004639 1001
0.00464 1001
0.004641 1001
0.004642 1001
0.004643 1001
0.004644 1001
0.004645 1001
0.004646 1001
0.004647 1001
0.004648 1001
0.004649 1001
0.00465 1001
0.004651 1001
0.004652 1001
0.004653 1001
0.004654 1001
0.004655 1001
0.004656 1001
0.004657 1001
0.004658 1001
0.004659 1001
0.00466 1001
0.004661 1001
0.004662 1001
0.004663 1001
0.004664 1001
0.004665 1001
0.004666 1001
0.004667 1001
0.004668 1001
0.004669 1001
0.00467 1001
0.004671 1001
0.004672 1001
0.004673 1001
0.004674 1001
0.004675 1001
0.004676 1001
0.004677 1001
0.004678 1000
0.004679 1000
0.00468 1000
0.004681 1000
0.004682 1000
0.004683 1000
0.004684 1000
0.004685 1000
0.004686 1000
0.004687 1000
0.004688 1000
0.004689 1000
0.00469 1000
0.004691 1000
0.004692 1000
0.004693 1000
0.004694 1000
0.004695 1000
0.004696 1000
0.004697 1000
0.004698 1000
0.004699 1000
0.0047 1000
0.004701 1000
0.004702 1000
0.004703 1000
0.004704 1000
0.004705 1000
0.004706 1000
0.004707 1000
0.004708 1000
0.004709 1000
0.00471 1000
0.004711 1000
0.004712 1000
0.004713 1000
0.004714 1000
0.004715 1000
0.004716 1000
0.004717 1000
0.004718 999
0.004719 999
0.00472 999
0.004721 999
0.004722 999
0.004723 999
0.004724 999
0.004725 999
0.004726 999
0.004727 999
0.004728 999
0.004729 999
0.00473 999
0.004731 999
0.004732 999
0.004733 997
0.004734 997
0.004735 997
0.004736 997
0.004737 997
0.004738 997
0.004739 997
0.00474 997
0.004741 997
0.004742 997
0.004743 997
0.004744 997
0.004745 997
0.004746 997
0.004747 997
0.004748 997
0.004749 997
0.00475 997
0.004751 997
0.004752 997
0.004753 998
0.004754 998
0.004755 998
0.004756 998
0.004757 998
0.004758 998
0.004759 998
0.00476 998
0.004761 998
0.004762 998
0.004763 998
0.004764 998
0.004765 998
0.004766 998
0.004767 998
0.004768 998
0.004769 998
0.00477 998
0.004771 998
0.004772 998
0.004773 998
0.004774 998
0.004775 998
0.004776 998
0.004777 998
0.004778 998
0.004779 998
0.00478 998
0.004781 998
0.004782 998
0.004783 998
0.004784 998
0.004785 998
0.004786 998
0.004787 998
0.004788 998
0.004789 998
0.00479 998
0.004791 998
0.004792 998
0.004793 999
0.004794 999
0.004795 999
0.004796 999
0.004797 999
0.004798 999
0.004799 999
0.0048 999
0.004801 999
0.004802 999
0.004803 999
0.004804 999
0.004805 999
0.004806 999
0.004807 999
0.004808 999
0.004809 999
0.00481 999
0.004811 999
0.004812 999
0.004813 999
0.004814 999
0.004815 999
0.004816 999
0.004817 999
0.004818 999
0.004819 999
0.00482 999
0.004821 999
0.004822 999
0.004823 999
0.004824 999
0.004825 999
0.004826 999
0.004827 999
0.004828 999
0.004829 999
0.00483 999
0.004831 999
0.004832 999
0.004833 999
0.004834 999
0.004835 999
0.004836 999
0.004837 999
0.004838 999
0.004839 999
0.00484 999
0.004841 999
0.004842 999
0.004843 999
0.004844 999
0.004845 999
0.004846 999
0.004847 999
0.004848 999
0.004849 999
0.00485 999
0.004851 999
0.004852 999
0.004853 999
0.004854 999
0.004855 999
0.004856 999
0.004857 999
0.004858 999
0.004859 999
0.00486 999
0.004861 999
0.004862 999
0.004863 999
0.004864 999
0.004865 999
0.004866 999
0.004867 999
0.004868 999
0.004869 999
0.00487 999
0.004871 999
0.004872 999
0.004873 999
0.004874 999
0.004875 999
0.004876 999
0.004877 999
0.004878 999
0.004879 999
0.00488 999
0.004881 999
0.004882 999
0.004883 999
0.004884 999
0.004885 999
0.004886 1000
0.004887 1000
0.004888 1000
0.004889 1000
0.00489 1000
0.004891 1000
0.004892 1000
0.004893 1000
0.004894 1000
0.004895 1000
0.004896 1000
0.004897 1000
0.004898 1000
0.004899 1000
0.0049 1000
0.004901 1000
0.004902 1000
0.004903 1000
0.004904 1000
0.004905 1000
0.004906 1000
0.004907 1000
0.004908 1000
0.004909 1000
0.00491 1001
0.004911 1001
0.004912 1001
0.004913 1001
0.004914 1001
0.004915 1001
0.004916 1001
0.004917 1001
0.004918 1001
0.004919 1001
0.00492 1001
0.004921 1001
0.004922 1001
0.004923 1001
0.004924 1000
0.004925 1000
0.004926 1000
0.004927 1000
0.004928 1000
0.004929 1000
0.00493 1000
0.004931 1000
0.004932 1000
0.004933 1000
0.004934 1000
0.004935 1000
0.004936 1000
0.004937 1000
0.004938 1000
0.004939 1000
0.00494 1000
0.004941 1000
0.004942 1000
0.004943 1000
0.004944 1000
0.004945 1000
0.004946 1001
0.004947 1001
0.004948 1000
0.004949 1000
0.00495 1000
0.004951 1000
0.004952 1000
0.004953 1000
0.004954 1000
0.004955 1000
0.004956 1000
0.004957 1000
0.004958 1000
0.004959 1000
0.00496 1000
0.004961 1001
0.004962 1001
0.004963 1001
0.004964 1001
0.004965 1001
0.004966 1001
0.004967 1001
0.004968 1001
0.004969 1001
0.00497 1001
0.004971 1001
0.004972 1000
0.004973 1000
0.004974 1000
0.004975 1000
0.004976 1000
0.004977 1000
0.004978 1000
0.004979 1000
0.00498 1000
0.004981 1000
0.004982 1001
0.004983 1001
0.004984 1001
0.004985 1001
0.004986 1001
0.004987 1001
0.004988 1001
0.004989 1001
0.00499 1002
0.004991 1002
0.004992 1002
0.004993 1002
0.004994 1002
0.004995 1002
0.004996 1002
0.004997 1002
0.004998 1002
0.004999 1002
0.005 1002
