0 339
1e-06 342
2e-06 343
3e-06 346
4e-06 348
5e-06 351
6e-06 353
7e-06 357
8e-06 360
9e-06 362
1e-05 363
1.1e-05 366
1.2e-05 370
1.3e-05 376
1.4e-05 377
1.5e-05 379
1.6e-05 380
1.7e-05 382
1.8e-05 384
1.9e-05 385
2e-05 387
2.1e-05 389
2.2e-05 392
2.3e-05 397
2.4e-05 398
2.5e-05 401
2.6e-05 402
2.7e-05 405
2.8e-05 407
2.9e-05 409
3e-05 415
3.1e-05 419
3.2e-05 421
3.3e-05 425
3.4e-05 426
3.5e-05 429
3.6e-05 430
3.7e-05 433
3.8e-05 437
3.9e-05 438
4e-05 438
4.1e-05 442
4.2e-05 445
4.3e-05 446
4.4e-05 451
4.5e-05 454
4.6e-05 455
4.7e-05 460
4.8e-05 464
4.9e-05 467
5e-05 469
5.1e-05 470
5.2e-05 474
5.3e-05 475
5.4e-05 478
5.5e-05 481
5.6e-05 482
5.7e-05 488
5.8e-05 490
5.9e-05 493
6e-05 498
6.1e-05 500
6.2e-05 500
6.3e-05 505
6.4e-05 507
6.5e-05 510
6.6e-05 511
6.7e-05 513
6.8e-05 515
6.9e-05 517
7e-05 519
7.1e-05 521
7.2e-05 524
7.3e-05 525
7.4e-05 528
7.5e-05 531
7.6e-05 533
7.7e-05 534
7.8e-05 539
7.9e-05 541
8e-05 542
8.1e-05 543
8.2e-05 543
8.3e-05 543
8.4e-05 544
8.5e-05 547
8.6e-05 549
8.7e-05 550
8.8e-05 551
8.9e-05 552
9e-05 558
9.1e-05 563
9.2e-05 564
9.3e-05 564
9.4e-05 565
9.5e-05 567
9.6e-05 570
9.7e-05 571
9.8e-05 577
9.9e-05 579
0.0001 581
0.000101 582
0.000102 584
0.000103 585
0.000104 586
0.000105 587
0.000106 590
0.000107 594
0.000108 595
0.000109 595
0.00011 597
0.000111 596
0.000112 598
0.000113 598
0.000114 600
0.000115 603
0.000116 609
0.000117 609
0.000118 612
0.000119 613
0.00012 614
0.000121 618
0.000122 618
0.000123 620
0.000124 619
0.000125 621
0.000126 625
0.000127 625
0.000128 626
0.000129 627
0.00013 628
0.000131 629
0.000132 631
0.000133 631
0.000134 635
0.000135 637
0.000136 639
0.000137 640
0.000138 640
0.000139 642
0.00014 646
0.000141 647
0.000142 648
0.000143 648
0.000144 648
0.000145 651
0.000146 653
0.000147 653
0.000148 653
0.000149 654
0.00015 655
0.000151 655
0.000152 655
0.000153 657
0.000154 658
0.000155 658
0.000156 660
0.000157 660
0.000158 663
0.000159 663
0.00016 664
0.000161 664
0.000162 664
0.000163 667
0.000164 668
0.000165 669
0.000166 669
0.000167 675
0.000168 676
0.000169 677
0.00017 678
0.000171 678
0.000172 680
0.000173 680
0.000174 681
0.000175 683
0.000176 684
0.000177 685
0.000178 686
0.000179 687
0.00018 687
0.000181 689
0.000182 689
0.000183 691
0.000184 692
0.000185 692
0.000186 694
0.000187 694
0.000188 695
0.000189 696
0.00019 696
0.000191 697
0.000192 698
0.000193 699
0.000194 700
0.000195 701
0.000196 701
0.000197 701
0.000198 701
0.000199 701
0.0002 702
0.000201 703
0.000202 703
0.000203 703
0.000204 703
0.000205 704
0.000206 704
0.000207 704
0.000208 705
0.000209 705
0.00021 708
0.000211 709
0.000212 710
0.000213 710
0.000214 713
0.000215 713
0.000216 715
0.000217 715
0.000218 715
0.000219 719
0.00022 719
0.000221 719
0.000222 718
0.000223 718
0.000224 719
0.000225 720
0.000226 722
0.000227 723
0.000228 722
0.000229 723
0.00023 726
0.000231 729
0.000232 730
0.000233 731
0.000234 732
0.000235 733
0.000236 735
0.000237 735
0.000238 737
0.000239 738
0.00024 738
0.000241 738
0.000242 738
0.000243 739
0.000244 739
0.000245 742
0.000246 742
0.000247 742
0.000248 742
0.000249 744
0.00025 746
0.000251 747
0.000252 747
0.000253 747
0.000254 748
0.000255 749
0.000256 749
0.000257 751
0.000258 752
0.000259 752
0.00026 753
0.000261 753
0.000262 753
0.000263 752
0.000264 754
0.000265 754
0.000266 754
0.000267 756
0.000268 757
0.000269 757
0.00027 757
0.000271 757
0.000272 757
0.000273 758
0.000274 759
0.000275 760
0.000276 760
0.000277 760
0.000278 761
0.000279 762
0.00028 763
0.000281 763
0.000282 764
0.000283 766
0.000284 766
0.000285 766
0.000286 766
0.000287 769
0.000288 769
0.000289 770
0.00029 770
0.000291 770
0.000292 770
0.000293 771
0.000294 771
0.000295 771
0.000296 774
0.000297 775
0.000298 776
0.000299 776
0.0003 776
0.000301 776
0.000302 775
0.000303 777
0.000304 777
0.000305 778
0.000306 778
0.000307 779
0.000308 781
0.000309 782
0.00031 783
0.000311 783
0.000312 783
0.000313 784
0.000314 784
0.000315 783
0.000316 785
0.000317 786
0.000318 786
0.000319 786
0.00032 787
0.000321 788
0.000322 788
0.000323 789
0.000324 791
0.000325 791
0.000326 793
0.000327 793
0.000328 793
0.000329 793
0.00033 794
0.000331 794
0.000332 794
0.000333 794
0.000334 793
0.000335 794
0.000336 795
0.000337 797
0.000338 797
0.000339 799
0.00034 800
0.000341 800
0.000342 800
0.000343 800
0.000344 800
0.000345 800
0.000346 801
0.000347 800
0.000348 800
0.000349 800
0.00035 800
0.000351 800
0.000352 801
0.000353 802
0.000354 803
0.000355 803
0.000356 803
0.000357 804
0.000358 805
0.000359 806
0.00036 806
0.000361 807
0.000362 807
0.000363 807
0.000364 809
0.000365 809
0.000366 809
0.000367 810
0.000368 809
0.000369 811
0.00037 811
0.000371 811
0.000372 811
0.000373 813
0.000374 813
0.000375 813
0.000376 813
0.000377 812
0.000378 813
0.000379 813
0.00038 813
0.000381 813
0.000382 813
0.000383 813
0.000384 814
0.000385 814
0.000386 814
0.000387 814
0.000388 814
0.000389 815
0.00039 815
0.000391 816
0.000392 816
0.000393 816
0.000394 815
0.000395 815
0.000396 815
0.000397 816
0.000398 816
0.000399 816
0.0004 818
0.000401 818
0.000402 818
0.000403 819
0.000404 820
0.000405 820
0.000406 820
0.000407 821
0.000408 820
0.000409 820
0.00041 821
0.000411 821
0.000412 821
0.000413 822
0.000414 822
0.000415 823
0.000416 823
0.000417 823
0.000418 824
0.000419 824
0.00042 824
0.000421 823
0.000422 823
0.000423 824
0.000424 824
0.000425 824
0.000426 824
0.000427 824
0.000428 824
0.000429 825
0.00043 825
0.000431 827
0.000432 828
0.000433 829
0.000434 830
0.000435 831
0.000436 832
0.000437 833
0.000438 833
0.000439 833
0.00044 833
0.000441 834
0.000442 834
0.000443 834
0.000444 834
0.000445 835
0.000446 835
0.000447 836
0.000448 836
0.000449 837
0.00045 838
0.000451 838
0.000452 838
0.000453 839
0.000454 840
0.000455 840
0.000456 840
0.000457 840
0.000458 841
0.000459 841
0.00046 841
0.000461 841
0.000462 841
0.000463 841
0.000464 841
0.000465 842
0.000466 843
0.000467 844
0.000468 844
0.000469 844
0.00047 844
0.000471 844
0.000472 844
0.000473 843
0.000474 843
0.000475 843
0.000476 843
0.000477 844
0.000478 844
0.000479 845
0.00048 844
0.000481 843
0.000482 843
0.000483 842
0.000484 842
0.000485 843
0.000486 843
0.000487 843
0.000488 843
0.000489 843
0.00049 843
0.000491 843
0.000492 843
0.000493 843
0.000494 843
0.000495 843
0.000496 843
0.000497 843
0.000498 843
0.000499 843
0.0005 843
0.000501 843
0.000502 843
0.000503 843
0.000504 843
0.000505 843
0.000506 843
0.000507 843
0.000508 843
0.000509 843
0.00051 843
0.000511 845
0.000512 845
0.000513 846
0.000514 846
0.000515 846
0.000516 846
0.000517 846
0.000518 846
0.000519 847
0.00052 847
0.000521 847
0.000522 847
0.000523 847
0.000524 847
0.000525 846
0.000526 845
0.000527 846
0.000528 846
0.000529 847
0.00053 848
0.000531 848
0.000532 848
0.000533 848
0.000534 848
0.000535 849
0.000536 849
0.000537 850
0.000538 851
0.000539 851
0.00054 851
0.000541 850
0.000542 850
0.000543 850
0.000544 851
0.000545 851
0.000546 851
0.000547 851
0.000548 851
0.000549 851
0.00055 851
0.000551 851
0.000552 851
0.000553 851
0.000554 851
0.000555 851
0.000556 851
0.000557 850
0.000558 850
0.000559 850
0.00056 850
0.000561 850
0.000562 850
0.000563 850
0.000564 850
0.000565 850
0.000566 850
0.000567 850
0.000568 850
0.000569 850
0.00057 850
0.000571 850
0.000572 850
0.000573 850
0.000574 850
0.000575 850
0.000576 850
0.000577 851
0.000578 851
0.000579 851
0.00058 851
0.000581 851
0.000582 851
0.000583 851
0.000584 851
0.000585 852
0.000586 852
0.000587 852
0.000588 852
0.000589 853
0.00059 854
0.000591 854
0.000592 854
0.000593 854
0.000594 854
0.000595 854
0.000596 854
0.000597 854
0.000598 854
0.000599 854
0.0006 854
0.000601 854
0.000602 855
0.000603 855
0.000604 855
0.000605 855
0.000606 855
0.000607 856
0.000608 856
0.000609 856
0.00061 856
0.000611 856
0.000612 856
0.000613 856
0.000614 858
0.000615 858
0.000616 858
0.000617 858
0.000618 858
0.000619 857
0.00062 857
0.000621 857
0.000622 857
0.000623 857
0.000624 857
0.000625 857
0.000626 858
0.000627 859
0.000628 860
0.000629 861
0.00063 862
0.000631 862
0.000632 861
0.000633 862
0.000634 862
0.000635 862
0.000636 862
0.000637 863
0.000638 863
0.000639 863
0.00064 863
0.000641 863
0.000642 863
0.000643 863
0.000644 863
0.000645 864
0.000646 864
0.000647 864
0.000648 864
0.000649 864
0.00065 864
0.000651 864
0.000652 864
0.000653 864
0.000654 864
0.000655 864
0.000656 865
0.000657 865
0.000658 865
0.000659 865
0.00066 866
0.000661 866
0.000662 866
0.000663 866
0.000664 866
0.000665 866
0.000666 866
0.000667 866
0.000668 866
0.000669 866
0.00067 867
0.000671 867
0.000672 867
0.000673 867
0.000674 867
0.000675 867
0.000676 867
0.000677 867
0.000678 867
0.000679 867
0.00068 868
0.000681 868
0.000682 868
0.000683 868
0.000684 869
0.000685 869
0.000686 869
0.000687 869
0.000688 868
0.000689 868
0.00069 868
0.000691 868
0.000692 868
0.000693 868
0.000694 868
0.000695 868
0.000696 868
0.000697 868
0.000698 868
0.000699 868
0.0007 868
0.000701 868
0.000702 868
0.000703 867
0.000704 867
0.000705 867
0.000706 867
0.000707 867
0.000708 867
0.000709 867
0.00071 867
0.000711 866
0.000712 866
0.000713 866
0.000714 866
0.000715 866
0.000716 866
0.000717 866
0.000718 866
0.000719 866
0.00072 866
0.000721 866
0.000722 866
0.000723 866
0.000724 866
0.000725 866
0.000726 866
0.000727 866
0.000728 866
0.000729 866
0.00073 866
0.000731 866
0.000732 866
0.000733 867
0.000734 867
0.000735 868
0.000736 868
0.000737 868
0.000738 868
0.000739 868
0.00074 868
0.000741 868
0.000742 868
0.000743 868
0.000744 868
0.000745 868
0.000746 868
0.000747 868
0.000748 868
0.000749 868
0.00075 868
0.000751 868
0.000752 868
0.000753 868
0.000754 868
0.000755 868
0.000756 868
0.000757 867
0.000758 867
0.000759 867
0.00076 867
0.000761 867
0.000762 868
0.000763 868
0.000764 868
0.000765 868
0.000766 868
0.000767 868
0.000768 868
0.000769 868
0.00077 868
0.000771 867
0.000772 867
0.000773 867
0.000774 867
0.000775 868
0.000776 868
0.000777 868
0.000778 868
0.000779 868
0.00078 868
0.000781 868
0.000782 868
0.000783 868
0.000784 868
0.000785 868
0.000786 868
0.000787 868
0.000788 868
0.000789 868
0.00079 868
0.000791 868
0.000792 868
0.000793 868
0.000794 867
0.000795 867
0.000796 867
0.000797 868
0.000798 868
0.000799 868
0.0008 868
0.000801 868
0.000802 868
0.000803 868
0.000804 868
0.000805 868
0.000806 869
0.000807 869
0.000808 869
0.000809 869
0.00081 869
0.000811 869
0.000812 870
0.000813 870
0.000814 870
0.000815 870
0.000816 871
0.000817 870
0.000818 870
0.000819 870
0.00082 870
0.000821 870
0.000822 870
0.000823 870
0.000824 870
0.000825 870
0.000826 870
0.000827 871
0.000828 871
0.000829 870
0.00083 870
0.000831 870
0.000832 870
0.000833 870
0.000834 870
0.000835 870
0.000836 870
0.000837 870
0.000838 870
0.000839 870
0.00084 870
0.000841 870
0.000842 870
0.000843 870
0.000844 870
0.000845 870
0.000846 870
0.000847 870
0.000848 870
0.000849 870
0.00085 870
0.000851 870
0.000852 870
0.000853 870
0.000854 870
0.000855 869
0.000856 869
0.000857 869
0.000858 869
0.000859 869
0.00086 869
0.000861 869
0.000862 869
0.000863 869
0.000864 869
0.000865 868
0.000866 867
0.000867 868
0.000868 868
0.000869 868
0.00087 868
0.000871 867
0.000872 867
0.000873 867
0.000874 867
0.000875 867
0.000876 867
0.000877 867
0.000878 867
0.000879 868
0.00088 869
0.000881 869
0.000882 869
0.000883 869
0.000884 869
0.000885 868
0.000886 868
0.000887 868
0.000888 868
0.000889 869
0.00089 869
0.000891 869
0.000892 869
0.000893 869
0.000894 869
0.000895 869
0.000896 869
0.000897 869
0.000898 870
0.000899 869
0.0009 870
0.000901 870
0.000902 870
0.000903 870
0.000904 870
0.000905 870
0.000906 870
0.000907 870
0.000908 870
0.000909 870
0.00091 869
0.000911 869
0.000912 869
0.000913 869
0.000914 869
0.000915 869
0.000916 869
0.000917 869
0.000918 869
0.000919 869
0.00092 869
0.000921 869
0.000922 869
0.000923 869
0.000924 869
0.000925 870
0.000926 870
0.000927 870
0.000928 869
0.000929 869
0.00093 869
0.000931 870
0.000932 869
0.000933 869
0.000934 868
0.000935 868
0.000936 868
0.000937 867
0.000938 867
0.000939 867
0.00094 867
0.000941 867
0.000942 867
0.000943 867
0.000944 868
0.000945 868
0.000946 868
0.000947 868
0.000948 868
0.000949 869
0.00095 869
0.000951 870
0.000952 870
0.000953 871
0.000954 870
0.000955 870
0.000956 870
0.000957 870
0.000958 870
0.000959 870
0.00096 870
0.000961 870
0.000962 870
0.000963 870
0.000964 870
0.000965 870
0.000966 870
0.000967 870
0.000968 870
0.000969 870
0.00097 870
0.000971 870
0.000972 871
0.000973 870
0.000974 870
0.000975 870
0.000976 871
0.000977 870
0.000978 870
0.000979 870
0.00098 870
0.000981 870
0.000982 870
0.000983 870
0.000984 870
0.000985 870
0.000986 870
0.000987 870
0.000988 870
0.000989 870
0.00099 870
0.000991 870
0.000992 870
0.000993 870
0.000994 870
0.000995 869
0.000996 869
0.000997 868
0.000998 868
0.000999 868
0.001 868
0.001001 868
0.001002 868
0.001003 868
0.001004 868
0.001005 868
0.001006 868
0.001007 868
0.001008 868
0.001009 865
0.00101 866
0.001011 866
0.001012 866
0.001013 865
0.001014 865
0.001015 865
0.001016 865
0.001017 865
0.001018 865
0.001019 865
0.00102 865
0.001021 865
0.001022 865
0.001023 865
0.001024 865
0.001025 865
0.001026 865
0.001027 865
0.001028 865
0.001029 865
0.00103 865
0.001031 865
0.001032 865
0.001033 865
0.001034 865
0.001035 865
0.001036 865
0.001037 866
0.001038 866
0.001039 866
0.00104 866
0.001041 866
0.001042 866
0.001043 866
0.001044 866
0.001045 867
0.001046 868
0.001047 868
0.001048 868
0.001049 868
0.00105 868
0.001051 868
0.001052 868
0.001053 868
0.001054 868
0.001055 869
0.001056 869
0.001057 869
0.001058 869
0.001059 869
0.00106 869
0.001061 869
0.001062 869
0.001063 869
0.001064 869
0.001065 869
0.001066 869
0.001067 869
0.001068 869
0.001069 870
0.00107 870
0.001071 870
0.001072 871
0.001073 871
0.001074 871
0.001075 871
0.001076 871
0.001077 871
0.001078 870
0.001079 870
0.00108 870
0.001081 871
0.001082 870
0.001083 870
0.001084 870
0.001085 870
0.001086 870
0.001087 870
0.001088 870
0.001089 870
0.00109 870
0.001091 870
0.001092 869
0.001093 870
0.001094 870
0.001095 870
0.001096 870
0.001097 870
0.001098 870
0.001099 870
0.0011 871
0.001101 871
0.001102 871
0.001103 871
0.001104 871
0.001105 871
0.001106 871
0.001107 871
0.001108 871
0.001109 871
0.00111 871
0.001111 871
0.001112 871
0.001113 871
0.001114 871
0.001115 871
0.001116 870
0.001117 870
0.001118 870
0.001119 870
0.00112 870
0.001121 869
0.001122 869
0.001123 870
0.001124 870
0.001125 870
0.001126 870
0.001127 870
0.001128 870
0.001129 870
0.00113 870
0.001131 870
0.001132 871
0.001133 871
0.001134 871
0.001135 871
0.001136 871
0.001137 871
0.001138 871
0.001139 871
0.00114 871
0.001141 871
0.001142 871
0.001143 872
0.001144 872
0.001145 872
0.001146 872
0.001147 872
0.001148 872
0.001149 872
0.00115 872
0.001151 872
0.001152 872
0.001153 872
0.001154 872
0.001155 872
0.001156 872
0.001157 872
0.001158 872
0.001159 872
0.00116 872
0.001161 872
0.001162 872
0.001163 872
0.001164 872
0.001165 872
0.001166 872
0.001167 871
0.001168 870
0.001169 870
0.00117 870
0.001171 870
0.001172 870
0.001173 870
0.001174 870
0.001175 870
0.001176 870
0.001177 870
0.001178 870
0.001179 870
0.00118 871
0.001181 870
0.001182 870
0.001183 870
0.001184 870
0.001185 870
0.001186 870
0.001187 870
0.001188 869
0.001189 869
0.00119 869
0.001191 869
0.001192 870
0.001193 870
0.001194 870
0.001195 870
0.001196 870
0.001197 870
0.001198 871
0.001199 871
0.0012 871
0.001201 871
0.001202 871
0.001203 871
0.001204 871
0.001205 872
0.001206 872
0.001207 872
0.001208 872
0.001209 872
0.00121 871
0.001211 871
0.001212 871
0.001213 871
0.001214 871
0.001215 871
0.001216 871
0.001217 871
0.001218 871
0.001219 871
0.00122 872
0.001221 872
0.001222 872
0.001223 873
0.001224 873
0.001225 873
0.001226 873
0.001227 873
0.001228 873
0.001229 873
0.00123 873
0.001231 872
0.001232 872
0.001233 872
0.001234 872
0.001235 872
0.001236 872
0.001237 872
0.001238 872
0.001239 872
0.00124 872
0.001241 872
0.001242 871
0.001243 871
0.001244 871
0.001245 871
0.001246 871
0.001247 871
0.001248 871
0.001249 871
0.00125 871
0.001251 871
0.001252 872
0.001253 872
0.001254 872
0.001255 871
0.001256 871
0.001257 871
0.001258 871
0.001259 871
0.00126 870
0.001261 870
0.001262 869
0.001263 869
0.001264 870
0.001265 870
0.001266 870
0.001267 870
0.001268 870
0.001269 870
0.00127 870
0.001271 870
0.001272 870
0.001273 870
0.001274 870
0.001275 870
0.001276 871
0.001277 871
0.001278 871
0.001279 870
0.00128 870
0.001281 870
0.001282 870
0.001283 870
0.001284 870
0.001285 870
0.001286 870
0.001287 870
0.001288 870
0.001289 870
0.00129 870
0.001291 870
0.001292 870
0.001293 870
0.001294 870
0.001295 870
0.001296 870
0.001297 870
0.001298 870
0.001299 870
0.0013 870
0.001301 871
0.001302 871
0.001303 871
0.001304 871
0.001305 871
0.001306 871
0.001307 870
0.001308 870
0.001309 870
0.00131 870
0.001311 870
0.001312 870
0.001313 870
0.001314 870
0.001315 870
0.001316 870
0.001317 870
0.001318 870
0.001319 870
0.00132 870
0.001321 870
0.001322 870
0.001323 871
0.001324 871
0.001325 871
0.001326 871
0.001327 871
0.001328 871
0.001329 870
0.00133 870
0.001331 870
0.001332 870
0.001333 870
0.001334 870
0.001335 870
0.001336 870
0.001337 870
0.001338 870
0.001339 871
0.00134 871
0.001341 871
0.001342 871
0.001343 871
0.001344 872
0.001345 873
0.001346 873
0.001347 873
0.001348 873
0.001349 873
0.00135 873
0.001351 873
0.001352 873
0.001353 873
0.001354 873
0.001355 872
0.001356 872
0.001357 872
0.001358 872
0.001359 872
0.00136 872
0.001361 872
0.001362 872
0.001363 872
0.001364 872
0.001365 872
0.001366 872
0.001367 871
0.001368 871
0.001369 871
0.00137 871
0.001371 871
0.001372 871
0.001373 871
0.001374 871
0.001375 870
0.001376 870
0.001377 870
0.001378 870
0.001379 870
0.00138 870
0.001381 871
0.001382 871
0.001383 871
0.001384 871
0.001385 871
0.001386 871
0.001387 871
0.001388 871
0.001389 871
0.00139 871
0.001391 871
0.001392 871
0.001393 871
0.001394 871
0.001395 872
0.001396 872
0.001397 872
0.001398 872
0.001399 872
0.0014 872
0.001401 872
0.001402 872
0.001403 872
0.001404 872
0.001405 872
0.001406 872
0.001407 872
0.001408 872
0.001409 872
0.00141 872
0.001411 871
0.001412 870
0.001413 870
0.001414 870
0.001415 870
0.001416 870
0.001417 870
0.001418 870
0.001419 870
0.00142 870
0.001421 870
0.001422 871
0.001423 872
0.001424 872
0.001425 873
0.001426 873
0.001427 873
0.001428 873
0.001429 873
0.00143 873
0.001431 873
0.001432 873
0.001433 872
0.001434 872
0.001435 872
0.001436 872
0.001437 872
0.001438 871
0.001439 871
0.00144 871
0.001441 871
0.001442 871
0.001443 871
0.001444 871
0.001445 871
0.001446 871
0.001447 871
0.001448 871
0.001449 871
0.00145 871
0.001451 870
0.001452 870
0.001453 870
0.001454 870
0.001455 870
0.001456 870
0.001457 870
0.001458 870
0.001459 870
0.00146 870
0.001461 870
0.001462 870
0.001463 870
0.001464 870
0.001465 870
0.001466 870
0.001467 870
0.001468 870
0.001469 870
0.00147 870
0.001471 870
0.001472 870
0.001473 870
0.001474 871
0.001475 871
0.001476 871
0.001477 871
0.001478 871
0.001479 871
0.00148 871
0.001481 871
0.001482 871
0.001483 871
0.001484 871
0.001485 871
0.001486 871
0.001487 871
0.001488 871
0.001489 871
0.00149 871
0.001491 871
0.001492 870
0.001493 870
0.001494 870
0.001495 870
0.001496 870
0.001497 870
0.001498 869
0.001499 869
0.0015 869
0.001501 869
0.001502 869
0.001503 869
0.001504 869
0.001505 868
0.001506 868
0.001507 868
0.001508 868
0.001509 868
0.00151 868
0.001511 868
0.001512 868
0.001513 868
0.001514 869
0.001515 869
0.001516 869
0.001517 869
0.001518 869
0.001519 869
0.00152 869
0.001521 869
0.001522 869
0.001523 869
0.001524 869
0.001525 869
0.001526 869
0.001527 869
0.001528 869
0.001529 869
0.00153 869
0.001531 869
0.001532 869
0.001533 869
0.001534 869
0.001535 869
0.001536 869
0.001537 869
0.001538 869
0.001539 868
0.00154 868
0.001541 868
0.001542 868
0.001543 868
0.001544 868
0.001545 868
0.001546 868
0.001547 868
0.001548 868
0.001549 868
0.00155 868
0.001551 868
0.001552 868
0.001553 868
0.001554 869
0.001555 869
0.001556 869
0.001557 870
0.001558 870
0.001559 870
0.00156 870
0.001561 870
0.001562 870
0.001563 870
0.001564 870
0.001565 870
0.001566 870
0.001567 870
0.001568 870
0.001569 869
0.00157 869
0.001571 870
0.001572 870
0.001573 870
0.001574 870
0.001575 870
0.001576 870
0.001577 870
0.001578 870
0.001579 870
0.00158 870
0.001581 870
0.001582 870
0.001583 870
0.001584 870
0.001585 870
0.001586 870
0.001587 870
0.001588 870
0.001589 870
0.00159 870
0.001591 870
0.001592 870
0.001593 870
0.001594 870
0.001595 870
0.001596 870
0.001597 869
0.001598 869
0.001599 869
0.0016 869
0.001601 869
0.001602 869
0.001603 869
0.001604 869
0.001605 869
0.001606 869
0.001607 869
0.001608 869
0.001609 868
0.00161 868
0.001611 868
0.001612 868
0.001613 868
0.001614 868
0.001615 868
0.001616 868
0.001617 868
0.001618 868
0.001619 868
0.00162 868
0.001621 868
0.001622 868
0.001623 868
0.001624 868
0.001625 868
0.001626 868
0.001627 868
0.001628 868
0.001629 867
0.00163 866
0.001631 866
0.001632 866
0.001633 866
0.001634 866
0.001635 866
0.001636 865
0.001637 864
0.001638 863
0.001639 863
0.00164 863
0.001641 864
0.001642 865
0.001643 865
0.001644 866
0.001645 866
0.001646 866
0.001647 868
0.001648 868
0.001649 868
0.00165 868
0.001651 868
0.001652 868
0.001653 868
0.001654 868
0.001655 869
0.001656 868
0.001657 869
0.001658 869
0.001659 869
0.00166 869
0.001661 869
0.001662 869
0.001663 869
0.001664 869
0.001665 869
0.001666 869
0.001667 869
0.001668 869
0.001669 869
0.00167 869
0.001671 869
0.001672 869
0.001673 869
0.001674 870
0.001675 870
0.001676 870
0.001677 870
0.001678 870
0.001679 870
0.00168 871
0.001681 871
0.001682 871
0.001683 871
0.001684 872
0.001685 872
0.001686 872
0.001687 872
0.001688 872
0.001689 872
0.00169 872
0.001691 872
0.001692 872
0.001693 872
0.001694 872
0.001695 872
0.001696 872
0.001697 872
0.001698 871
0.001699 871
0.0017 871
0.001701 871
0.001702 871
0.001703 871
0.001704 870
0.001705 870
0.001706 870
0.001707 870
0.001708 869
0.001709 869
0.00171 869
0.001711 869
0.001712 869
0.001713 869
0.001714 869
0.001715 869
0.001716 869
0.001717 869
0.001718 869
0.001719 870
0.00172 871
0.001721 871
0.001722 871
0.001723 871
0.001724 871
0.001725 871
0.001726 871
0.001727 871
0.001728 871
0.001729 871
0.00173 871
0.001731 871
0.001732 871
0.001733 871
0.001734 871
0.001735 871
0.001736 871
0.001737 871
0.001738 871
0.001739 871
0.00174 871
0.001741 871
0.001742 871
0.001743 871
0.001744 871
0.001745 871
0.001746 871
0.001747 871
0.001748 871
0.001749 871
0.00175 871
0.001751 871
0.001752 871
0.001753 871
0.001754 871
0.001755 871
0.001756 871
0.001757 871
0.001758 871
0.001759 871
0.00176 871
0.001761 871
0.001762 871
0.001763 871
0.001764 870
0.001765 872
0.001766 872
0.001767 872
0.001768 872
0.001769 872
0.00177 871
0.001771 871
0.001772 871
0.001773 871
0.001774 871
0.001775 871
0.001776 870
0.001777 870
0.001778 870
0.001779 870
0.00178 870
0.001781 870
0.001782 870
0.001783 872
0.001784 871
0.001785 871
0.001786 871
0.001787 871
0.001788 871
0.001789 871
0.00179 871
0.001791 871
0.001792 871
0.001793 871
0.001794 871
0.001795 871
0.001796 871
0.001797 871
0.001798 871
0.001799 871
0.0018 871
0.001801 871
0.001802 871
0.001803 871
0.001804 871
0.001805 871
0.001806 871
0.001807 871
0.001808 871
0.001809 871
0.00181 871
0.001811 871
0.001812 871
0.001813 870
0.001814 870
0.001815 870
0.001816 870
0.001817 869
0.001818 869
0.001819 869
0.00182 869
0.001821 869
0.001822 869
0.001823 868
0.001824 868
0.001825 868
0.001826 868
0.001827 867
0.001828 867
0.001829 867
0.00183 866
0.001831 865
0.001832 865
0.001833 865
0.001834 865
0.001835 865
0.001836 865
0.001837 865
0.001838 865
0.001839 865
0.00184 865
0.001841 866
0.001842 866
0.001843 866
0.001844 866
0.001845 866
0.001846 866
0.001847 866
0.001848 866
0.001849 866
0.00185 866
0.001851 866
0.001852 865
0.001853 865
0.001854 865
0.001855 865
0.001856 865
0.001857 865
0.001858 865
0.001859 864
0.00186 863
0.001861 863
0.001862 863
0.001863 863
0.001864 863
0.001865 863
0.001866 863
0.001867 863
0.001868 863
0.001869 864
0.00187 864
0.001871 864
0.001872 864
0.001873 864
0.001874 863
0.001875 863
0.001876 864
0.001877 864
0.001878 863
0.001879 863
0.00188 863
0.001881 863
0.001882 863
0.001883 863
0.001884 863
0.001885 863
0.001886 863
0.001887 863
0.001888 863
0.001889 863
0.00189 862
0.001891 862
0.001892 862
0.001893 862
0.001894 862
0.001895 862
0.001896 862
0.001897 862
0.001898 862
0.001899 862
0.0019 862
0.001901 861
0.001902 861
0.001903 862
0.001904 862
0.001905 862
0.001906 862
0.001907 862
0.001908 862
0.001909 861
0.00191 861
0.001911 861
0.001912 861
0.001913 861
0.001914 861
0.001915 861
0.001916 861
0.001917 859
0.001918 859
0.001919 859
0.00192 859
0.001921 859
0.001922 859
0.001923 858
0.001924 858
0.001925 858
0.001926 858
0.001927 857
0.001928 857
0.001929 857
0.00193 857
0.001931 857
0.001932 858
0.001933 858
0.001934 858
0.001935 858
0.001936 858
0.001937 858
0.001938 858
0.001939 858
0.00194 858
0.001941 858
0.001942 858
0.001943 858
0.001944 858
0.001945 858
0.001946 858
0.001947 859
0.001948 859
0.001949 859
0.00195 859
0.001951 859
0.001952 859
0.001953 858
0.001954 858
0.001955 858
0.001956 858
0.001957 858
0.001958 858
0.001959 858
0.00196 858
0.001961 858
0.001962 858
0.001963 858
0.001964 858
0.001965 858
0.001966 858
0.001967 858
0.001968 858
0.001969 858
0.00197 858
0.001971 858
0.001972 858
0.001973 858
0.001974 858
0.001975 858
0.001976 859
0.001977 859
0.001978 859
0.001979 859
0.00198 859
0.001981 859
0.001982 859
0.001983 859
0.001984 858
0.001985 858
0.001986 858
0.001987 858
0.001988 858
0.001989 858
0.00199 858
0.001991 858
0.001992 858
0.001993 858
0.001994 858
0.001995 858
0.001996 858
0.001997 859
0.001998 859
0.001999 859
0.002 859
0.002001 859
0.002002 859
0.002003 859
0.002004 859
0.002005 858
0.002006 858
0.002007 858
0.002008 858
0.002009 859
0.00201 859
0.002011 858
0.002012 858
0.002013 858
0.002014 858
0.002015 858
0.002016 857
0.002017 857
0.002018 857
0.002019 857
0.00202 857
0.002021 856
0.002022 856
0.002023 856
0.002024 857
0.002025 857
0.002026 857
0.002027 857
0.002028 857
0.002029 857
0.00203 857
0.002031 857
0.002032 857
0.002033 857
0.002034 857
0.002035 857
0.002036 857
0.002037 856
0.002038 856
0.002039 856
0.00204 856
0.002041 856
0.002042 856
0.002043 856
0.002044 856
0.002045 856
0.002046 856
0.002047 856
0.002048 856
0.002049 856
0.00205 856
0.002051 856
0.002052 855
0.002053 855
0.002054 855
0.002055 855
0.002056 855
0.002057 855
0.002058 857
0.002059 857
0.00206 857
0.002061 857
0.002062 857
0.002063 857
0.002064 857
0.002065 857
0.002066 857
0.002067 857
0.002068 857
0.002069 857
0.00207 857
0.002071 857
0.002072 857
0.002073 858
0.002074 857
0.002075 857
0.002076 857
0.002077 857
0.002078 857
0.002079 857
0.00208 857
0.002081 857
0.002082 857
0.002083 857
0.002084 857
0.002085 857
0.002086 857
0.002087 857
0.002088 857
0.002089 857
0.00209 857
0.002091 857
0.002092 857
0.002093 857
0.002094 858
0.002095 858
0.002096 858
0.002097 858
0.002098 858
0.002099 858
0.0021 858
0.002101 858
0.002102 858
0.002103 858
0.002104 858
0.002105 858
0.002106 858
0.002107 858
0.002108 858
0.002109 858
0.00211 858
0.002111 857
0.002112 857
0.002113 857
0.002114 856
0.002115 856
0.002116 857
0.002117 857
0.002118 857
0.002119 858
0.00212 858
0.002121 857
0.002122 857
0.002123 857
0.002124 857
0.002125 857
0.002126 857
0.002127 857
0.002128 857
0.002129 857
0.00213 857
0.002131 857
0.002132 857
0.002133 857
0.002134 857
0.002135 857
0.002136 858
0.002137 858
0.002138 857
0.002139 857
0.00214 858
0.002141 858
0.002142 858
0.002143 858
0.002144 858
0.002145 858
0.002146 858
0.002147 858
0.002148 858
0.002149 858
0.00215 858
0.002151 858
0.002152 858
0.002153 858
0.002154 858
0.002155 858
0.002156 858
0.002157 858
0.002158 858
0.002159 858
0.00216 858
0.002161 859
0.002162 859
0.002163 858
0.002164 858
0.002165 858
0.002166 858
0.002167 858
0.002168 858
0.002169 856
0.00217 856
0.002171 856
0.002172 856
0.002173 857
0.002174 857
0.002175 857
0.002176 857
0.002177 858
0.002178 858
0.002179 858
0.00218 858
0.002181 858
0.002182 857
0.002183 857
0.002184 857
0.002185 857
0.002186 857
0.002187 857
0.002188 857
0.002189 857
0.00219 857
0.002191 857
0.002192 857
0.002193 857
0.002194 857
0.002195 857
0.002196 857
0.002197 857
0.002198 857
0.002199 857
0.0022 857
0.002201 857
0.002202 857
0.002203 857
0.002204 857
0.002205 857
0.002206 856
0.002207 856
0.002208 856
0.002209 856
0.00221 856
0.002211 856
0.002212 855
0.002213 854
0.002214 855
0.002215 855
0.002216 855
0.002217 855
0.002218 855
0.002219 855
0.00222 855
0.002221 855
0.002222 855
0.002223 855
0.002224 855
0.002225 855
0.002226 855
0.002227 855
0.002228 855
0.002229 855
0.00223 855
0.002231 855
0.002232 855
0.002233 855
0.002234 855
0.002235 855
0.002236 855
0.002237 854
0.002238 854
0.002239 854
0.00224 854
0.002241 854
0.002242 854
0.002243 854
0.002244 854
0.002245 854
0.002246 853
0.002247 852
0.002248 852
0.002249 852
0.00225 852
0.002251 852
0.002252 852
0.002253 852
0.002254 852
0.002255 852
0.002256 852
0.002257 852
0.002258 852
0.002259 852
0.00226 852
0.002261 852
0.002262 851
0.002263 851
0.002264 850
0.002265 850
0.002266 850
0.002267 849
0.002268 849
0.002269 848
0.00227 848
0.002271 848
0.002272 848
0.002273 847
0.002274 847
0.002275 847
0.002276 847
0.002277 847
0.002278 847
0.002279 847
0.00228 848
0.002281 848
0.002282 847
0.002283 847
0.002284 847
0.002285 848
0.002286 848
0.002287 848
0.002288 848
0.002289 848
0.00229 848
0.002291 848
0.002292 848
0.002293 848
0.002294 848
0.002295 849
0.002296 850
0.002297 850
0.002298 850
0.002299 849
0.0023 849
0.002301 849
0.002302 849
0.002303 849
0.002304 849
0.002305 849
0.002306 849
0.002307 849
0.002308 849
0.002309 849
0.00231 849
0.002311 850
0.002312 850
0.002313 850
0.002314 850
0.002315 850
0.002316 850
0.002317 850
0.002318 850
0.002319 851
0.00232 851
0.002321 851
0.002322 851
0.002323 851
0.002324 851
0.002325 850
0.002326 850
0.002327 850
0.002328 850
0.002329 850
0.00233 850
0.002331 851
0.002332 851
0.002333 852
0.002334 852
0.002335 852
0.002336 852
0.002337 852
0.002338 852
0.002339 852
0.00234 853
0.002341 853
0.002342 853
0.002343 853
0.002344 853
0.002345 853
0.002346 852
0.002347 852
0.002348 852
0.002349 852
0.00235 852
0.002351 852
0.002352 852
0.002353 852
0.002354 852
0.002355 853
0.002356 853
0.002357 853
0.002358 853
0.002359 853
0.00236 853
0.002361 854
0.002362 854
0.002363 854
0.002364 854
0.002365 854
0.002366 854
0.002367 854
0.002368 855
0.002369 855
0.00237 855
0.002371 855
0.002372 855
0.002373 855
0.002374 855
0.002375 855
0.002376 855
0.002377 855
0.002378 855
0.002379 855
0.00238 855
0.002381 854
0.002382 854
0.002383 854
0.002384 854
0.002385 854
0.002386 854
0.002387 854
0.002388 854
0.002389 854
0.00239 854
0.002391 854
0.002392 854
0.002393 854
0.002394 854
0.002395 854
0.002396 854
0.002397 854
0.002398 854
0.002399 854
0.0024 854
0.002401 854
0.002402 854
0.002403 854
0.002404 854
0.002405 853
0.002406 853
0.002407 853
0.002408 853
0.002409 853
0.00241 853
0.002411 853
0.002412 852
0.002413 852
0.002414 852
0.002415 853
0.002416 853
0.002417 853
0.002418 853
0.002419 853
0.00242 853
0.002421 853
0.002422 853
0.002423 853
0.002424 855
0.002425 855
0.002426 855
0.002427 855
0.002428 855
0.002429 855
0.00243 855
0.002431 855
0.002432 855
0.002433 855
0.002434 855
0.002435 855
0.002436 855
0.002437 855
0.002438 855
0.002439 855
0.00244 855
0.002441 855
0.002442 855
0.002443 855
0.002444 854
0.002445 854
0.002446 855
0.002447 856
0.002448 856
0.002449 856
0.00245 856
0.002451 856
0.002452 855
0.002453 855
0.002454 855
0.002455 855
0.002456 856
0.002457 856
0.002458 857
0.002459 857
0.00246 857
0.002461 857
0.002462 856
0.002463 855
0.002464 855
0.002465 856
0.002466 856
0.002467 856
0.002468 856
0.002469 856
0.00247 856
0.002471 856
0.002472 856
0.002473 856
0.002474 856
0.002475 856
0.002476 856
0.002477 856
0.002478 856
0.002479 856
0.00248 857
0.002481 857
0.002482 857
0.002483 857
0.002484 857
0.002485 856
0.002486 857
0.002487 857
0.002488 856
0.002489 857
0.00249 857
0.002491 857
0.002492 857
0.002493 857
0.002494 857
0.002495 857
0.002496 857
0.002497 857
0.002498 857
0.002499 857
0.0025 857
0.002501 857
0.002502 857
0.002503 857
0.002504 857
0.002505 857
0.002506 857
0.002507 857
0.002508 857
0.002509 857
0.00251 857
0.002511 857
0.002512 857
0.002513 858
0.002514 858
0.002515 858
0.002516 858
0.002517 858
0.002518 858
0.002519 858
0.00252 858
0.002521 858
0.002522 858
0.002523 858
0.002524 858
0.002525 858
0.002526 858
0.002527 858
0.002528 858
0.002529 858
0.00253 858
0.002531 858
0.002532 858
0.002533 858
0.002534 858
0.002535 858
0.002536 858
0.002537 858
0.002538 858
0.002539 858
0.00254 858
0.002541 858
0.002542 858
0.002543 858
0.002544 858
0.002545 858
0.002546 857
0.002547 856
0.002548 856
0.002549 856
0.00255 856
0.002551 856
0.002552 856
0.002553 856
0.002554 856
0.002555 856
0.002556 856
0.002557 856
0.002558 856
0.002559 856
0.00256 856
0.002561 856
0.002562 856
0.002563 856
0.002564 856
0.002565 856
0.002566 856
0.002567 856
0.002568 856
0.002569 856
0.00257 856
0.002571 856
0.002572 857
0.002573 857
0.002574 856
0.002575 856
0.002576 856
0.002577 856
0.002578 856
0.002579 856
0.00258 856
0.002581 856
0.002582 856
0.002583 856
0.002584 856
0.002585 856
0.002586 856
0.002587 856
0.002588 856
0.002589 856
0.00259 856
0.002591 856
0.002592 856
0.002593 856
0.002594 856
0.002595 856
0.002596 857
0.002597 857
0.002598 857
0.002599 856
0.0026 856
0.002601 856
0.002602 856
0.002603 856
0.002604 856
0.002605 856
0.002606 856
0.002607 856
0.002608 856
0.002609 856
0.00261 856
0.002611 856
0.002612 856
0.002613 856
0.002614 856
0.002615 856
0.002616 857
0.002617 857
0.002618 857
0.002619 857
0.00262 857
0.002621 857
0.002622 857
0.002623 857
0.002624 857
0.002625 857
0.002626 856
0.002627 857
0.002628 857
0.002629 858
0.00263 858
0.002631 858
0.002632 858
0.002633 858
0.002634 858
0.002635 858
0.002636 858
0.002637 858
0.002638 859
0.002639 859
0.00264 859
0.002641 859
0.002642 859
0.002643 859
0.002644 859
0.002645 859
0.002646 859
0.002647 859
0.002648 859
0.002649 859
0.00265 859
0.002651 859
0.002652 859
0.002653 859
0.002654 859
0.002655 859
0.002656 859
0.002657 859
0.002658 859
0.002659 859
0.00266 858
0.002661 858
0.002662 858
0.002663 858
0.002664 858
0.002665 858
0.002666 859
0.002667 859
0.002668 859
0.002669 859
0.00267 860
0.002671 860
0.002672 860
0.002673 860
0.002674 860
0.002675 860
0.002676 860
0.002677 860
0.002678 860
0.002679 860
0.00268 860
0.002681 860
0.002682 861
0.002683 861
0.002684 861
0.002685 861
0.002686 861
0.002687 861
0.002688 861
0.002689 861
0.00269 861
0.002691 861
0.002692 861
0.002693 861
0.002694 860
0.002695 860
0.002696 860
0.002697 861
0.002698 861
0.002699 861
0.0027 861
0.002701 861
0.002702 862
0.002703 862
0.002704 862
0.002705 862
0.002706 862
0.002707 862
0.002708 862
0.002709 862
0.00271 862
0.002711 862
0.002712 862
0.002713 861
0.002714 861
0.002715 861
0.002716 861
0.002717 861
0.002718 861
0.002719 861
0.00272 861
0.002721 861
0.002722 861
0.002723 860
0.002724 860
0.002725 860
0.002726 860
0.002727 860
0.002728 860
0.002729 860
0.00273 860
0.002731 860
0.002732 860
0.002733 860
0.002734 860
0.002735 860
0.002736 860
0.002737 860
0.002738 860
0.002739 860
0.00274 860
0.002741 860
0.002742 861
0.002743 861
0.002744 861
0.002745 861
0.002746 862
0.002747 862
0.002748 862
0.002749 862
0.00275 862
0.002751 862
0.002752 862
0.002753 862
0.002754 862
0.002755 862
0.002756 862
0.002757 862
0.002758 862
0.002759 862
0.00276 862
0.002761 862
0.002762 861
0.002763 861
0.002764 860
0.002765 860
0.002766 859
0.002767 859
0.002768 859
0.002769 859
0.00277 860
0.002771 860
0.002772 860
0.002773 861
0.002774 861
0.002775 861
0.002776 861
0.002777 861
0.002778 861
0.002779 861
0.00278 861
0.002781 861
0.002782 861
0.002783 861
0.002784 861
0.002785 861
0.002786 861
0.002787 861
0.002788 861
0.002789 860
0.00279 860
0.002791 860
0.002792 860
0.002793 860
0.002794 860
0.002795 860
0.002796 860
0.002797 860
0.002798 860
0.002799 860
0.0028 860
0.002801 860
0.002802 860
0.002803 860
0.002804 860
0.002805 860
0.002806 860
0.002807 860
0.002808 860
0.002809 860
0.00281 860
0.002811 860
0.002812 860
0.002813 860
0.002814 860
0.002815 860
0.002816 860
0.002817 860
0.002818 860
0.002819 860
0.00282 860
0.002821 860
0.002822 860
0.002823 860
0.002824 860
0.002825 860
0.002826 860
0.002827 860
0.002828 860
0.002829 860
0.00283 860
0.002831 859
0.002832 859
0.002833 859
0.002834 859
0.002835 859
0.002836 859
0.002837 860
0.002838 860
0.002839 861
0.00284 861
0.002841 861
0.002842 861
0.002843 861
0.002844 861
0.002845 861
0.002846 861
0.002847 861
0.002848 861
0.002849 861
0.00285 861
0.002851 861
0.002852 861
0.002853 861
0.002854 860
0.002855 860
0.002856 860
0.002857 860
0.002858 860
0.002859 860
0.00286 860
0.002861 860
0.002862 860
0.002863 860
0.002864 861
0.002865 861
0.002866 861
0.002867 861
0.002868 861
0.002869 861
0.00287 861
0.002871 861
0.002872 861
0.002873 861
0.002874 861
0.002875 861
0.002876 862
0.002877 862
0.002878 862
0.002879 862
0.00288 862
0.002881 862
0.002882 862
0.002883 862
0.002884 862
0.002885 862
0.002886 862
0.002887 862
0.002888 862
0.002889 862
0.00289 862
0.002891 862
0.002892 862
0.002893 862
0.002894 862
0.002895 862
0.002896 862
0.002897 862
0.002898 862
0.002899 862
0.0029 862
0.002901 862
0.002902 862
0.002903 862
0.002904 862
0.002905 862
0.002906 862
0.002907 862
0.002908 862
0.002909 862
0.00291 862
0.002911 862
0.002912 861
0.002913 861
0.002914 861
0.002915 861
0.002916 861
0.002917 861
0.002918 861
0.002919 861
0.00292 861
0.002921 861
0.002922 861
0.002923 861
0.002924 861
0.002925 861
0.002926 861
0.002927 861
0.002928 861
0.002929 861
0.00293 861
0.002931 861
0.002932 862
0.002933 862
0.002934 862
0.002935 862
0.002936 862
0.002937 862
0.002938 862
0.002939 862
0.00294 862
0.002941 862
0.002942 862
0.002943 862
0.002944 862
0.002945 862
0.002946 861
0.002947 861
0.002948 862
0.002949 862
0.00295 862
0.002951 863
0.002952 863
0.002953 863
0.002954 863
0.002955 863
0.002956 862
0.002957 862
0.002958 862
0.002959 862
0.00296 862
0.002961 861
0.002962 861
0.002963 861
0.002964 861
0.002965 861
0.002966 861
0.002967 861
0.002968 861
0.002969 861
0.00297 861
0.002971 861
0.002972 861
0.002973 861
0.002974 862
0.002975 862
0.002976 862
0.002977 863
0.002978 864
0.002979 864
0.00298 864
0.002981 864
0.002982 864
0.002983 864
0.002984 864
0.002985 864
0.002986 864
0.002987 864
0.002988 865
0.002989 865
0.00299 865
0.002991 865
0.002992 865
0.002993 865
0.002994 865
0.002995 865
0.002996 865
0.002997 865
0.002998 865
0.002999 864
0.003 864
0.003001 864
0.003002 864
0.003003 864
0.003004 864
0.003005 864
0.003006 864
0.003007 864
0.003008 865
0.003009 865
0.00301 865
0.003011 865
0.003012 865
0.003013 865
0.003014 865
0.003015 864
0.003016 864
0.003017 864
0.003018 864
0.003019 864
0.00302 864
0.003021 865
0.003022 865
0.003023 865
0.003024 865
0.003025 865
0.003026 865
0.003027 865
0.003028 865
0.003029 865
0.00303 865
0.003031 865
0.003032 865
0.003033 865
0.003034 865
0.003035 865
0.003036 865
0.003037 865
0.003038 865
0.003039 866
0.00304 866
0.003041 866
0.003042 866
0.003043 866
0.003044 866
0.003045 866
0.003046 866
0.003047 866
0.003048 866
0.003049 866
0.00305 865
0.003051 866
0.003052 866
0.003053 866
0.003054 865
0.003055 865
0.003056 865
0.003057 865
0.003058 865
0.003059 865
0.00306 865
0.003061 865
0.003062 865
0.003063 865
0.003064 865
0.003065 865
0.003066 865
0.003067 865
0.003068 865
0.003069 865
0.00307 865
0.003071 866
0.003072 866
0.003073 866
0.003074 866
0.003075 866
0.003076 866
0.003077 866
0.003078 866
0.003079 866
0.00308 865
0.003081 865
0.003082 865
0.003083 864
0.003084 864
0.003085 863
0.003086 863
0.003087 863
0.003088 863
0.003089 863
0.00309 864
0.003091 864
0.003092 864
0.003093 864
0.003094 864
0.003095 864
0.003096 864
0.003097 864
0.003098 864
0.003099 864
0.0031 864
0.003101 864
0.003102 863
0.003103 863
0.003104 863
0.003105 863
0.003106 863
0.003107 863
0.003108 863
0.003109 863
0.00311 863
0.003111 863
0.003112 863
0.003113 863
0.003114 863
0.003115 863
0.003116 863
0.003117 863
0.003118 863
0.003119 863
0.00312 863
0.003121 863
0.003122 863
0.003123 863
0.003124 863
0.003125 863
0.003126 863
0.003127 862
0.003128 863
0.003129 863
0.00313 863
0.003131 863
0.003132 863
0.003133 863
0.003134 863
0.003135 863
0.003136 863
0.003137 863
0.003138 863
0.003139 863
0.00314 863
0.003141 863
0.003142 863
0.003143 862
0.003144 862
0.003145 862
0.003146 862
0.003147 862
0.003148 861
0.003149 861
0.00315 861
0.003151 861
0.003152 861
0.003153 861
0.003154 861
0.003155 861
0.003156 861
0.003157 861
0.003158 861
0.003159 861
0.00316 861
0.003161 861
0.003162 860
0.003163 860
0.003164 860
0.003165 860
0.003166 861
0.003167 861
0.003168 861
0.003169 861
0.00317 861
0.003171 861
0.003172 861
0.003173 861
0.003174 861
0.003175 861
0.003176 861
0.003177 861
0.003178 861
0.003179 860
0.00318 860
0.003181 860
0.003182 861
0.003183 861
0.003184 861
0.003185 859
0.003186 859
0.003187 859
0.003188 859
0.003189 859
0.00319 859
0.003191 859
0.003192 859
0.003193 858
0.003194 858
0.003195 858
0.003196 857
0.003197 857
0.003198 857
0.003199 857
0.0032 857
0.003201 857
0.003202 857
0.003203 857
0.003204 856
0.003205 856
0.003206 856
0.003207 856
0.003208 856
0.003209 856
0.00321 856
0.003211 856
0.003212 856
0.003213 856
0.003214 856
0.003215 856
0.003216 856
0.003217 856
0.003218 856
0.003219 856
0.00322 856
0.003221 856
0.003222 856
0.003223 856
0.003224 856
0.003225 856
0.003226 856
0.003227 855
0.003228 856
0.003229 856
0.00323 856
0.003231 856
0.003232 856
0.003233 856
0.003234 856
0.003235 856
0.003236 856
0.003237 856
0.003238 856
0.003239 856
0.00324 855
0.003241 855
0.003242 855
0.003243 855
0.003244 855
0.003245 855
0.003246 854
0.003247 854
0.003248 854
0.003249 854
0.00325 854
0.003251 854
0.003252 854
0.003253 854
0.003254 854
0.003255 855
0.003256 855
0.003257 855
0.003258 855
0.003259 855
0.00326 855
0.003261 855
0.003262 855
0.003263 856
0.003264 856
0.003265 856
0.003266 856
0.003267 856
0.003268 856
0.003269 856
0.00327 856
0.003271 856
0.003272 856
0.003273 856
0.003274 856
0.003275 856
0.003276 856
0.003277 856
0.003278 856
0.003279 856
0.00328 856
0.003281 856
0.003282 856
0.003283 856
0.003284 856
0.003285 856
0.003286 856
0.003287 856
0.003288 856
0.003289 855
0.00329 855
0.003291 854
0.003292 854
0.003293 854
0.003294 854
0.003295 853
0.003296 853
0.003297 853
0.003298 853
0.003299 853
0.0033 853
0.003301 853
0.003302 852
0.003303 852
0.003304 853
0.003305 854
0.003306 854
0.003307 854
0.003308 854
0.003309 854
0.00331 854
0.003311 854
0.003312 854
0.003313 854
0.003314 854
0.003315 853
0.003316 853
0.003317 853
0.003318 853
0.003319 853
0.00332 854
0.003321 855
0.003322 855
0.003323 855
0.003324 855
0.003325 855
0.003326 855
0.003327 855
0.003328 855
0.003329 855
0.00333 855
0.003331 855
0.003332 855
0.003333 855
0.003334 855
0.003335 855
0.003336 855
0.003337 855
0.003338 855
0.003339 854
0.00334 854
0.003341 854
0.003342 854
0.003343 854
0.003344 854
0.003345 854
0.003346 854
0.003347 854
0.003348 854
0.003349 854
0.00335 854
0.003351 854
0.003352 854
0.003353 854
0.003354 854
0.003355 854
0.003356 853
0.003357 853
0.003358 853
0.003359 853
0.00336 853
0.003361 853
0.003362 853
0.003363 853
0.003364 853
0.003365 853
0.003366 853
0.003367 853
0.003368 853
0.003369 853
0.00337 853
0.003371 853
0.003372 853
0.003373 853
0.003374 853
0.003375 853
0.003376 853
0.003377 853
0.003378 853
0.003379 853
0.00338 853
0.003381 853
0.003382 852
0.003383 851
0.003384 851
0.003385 851
0.003386 850
0.003387 849
0.003388 849
0.003389 849
0.00339 849
0.003391 850
0.003392 850
0.003393 850
0.003394 850
0.003395 850
0.003396 850
0.003397 850
0.003398 849
0.003399 849
0.0034 849
0.003401 849
0.003402 849
0.003403 849
0.003404 849
0.003405 848
0.003406 848
0.003407 848
0.003408 848
0.003409 848
0.00341 849
0.003411 848
0.003412 848
0.003413 848
0.003414 848
0.003415 848
0.003416 848
0.003417 848
0.003418 848
0.003419 847
0.00342 847
0.003421 847
0.003422 846
0.003423 846
0.003424 846
0.003425 846
0.003426 846
0.003427 846
0.003428 846
0.003429 846
0.00343 846
0.003431 847
0.003432 847
0.003433 847
0.003434 847
0.003435 847
0.003436 847
0.003437 847
0.003438 848
0.003439 848
0.00344 848
0.003441 848
0.003442 848
0.003443 848
0.003444 848
0.003445 848
0.003446 848
0.003447 848
0.003448 848
0.003449 848
0.00345 848
0.003451 848
0.003452 848
0.003453 848
0.003454 848
0.003455 848
0.003456 848
0.003457 848
0.003458 848
0.003459 848
0.00346 848
0.003461 848
0.003462 848
0.003463 848
0.003464 848
0.003465 848
0.003466 848
0.003467 848
0.003468 847
0.003469 847
0.00347 847
0.003471 847
0.003472 846
0.003473 846
0.003474 846
0.003475 846
0.003476 846
0.003477 846
0.003478 846
0.003479 846
0.00348 846
0.003481 846
0.003482 847
0.003483 846
0.003484 846
0.003485 846
0.003486 846
0.003487 846
0.003488 846
0.003489 846
0.00349 846
0.003491 846
0.003492 846
0.003493 846
0.003494 846
0.003495 846
0.003496 846
0.003497 846
0.003498 846
0.003499 846
0.0035 846
0.003501 846
0.003502 846
0.003503 846
0.003504 846
0.003505 846
0.003506 846
0.003507 845
0.003508 845
0.003509 845
0.00351 845
0.003511 845
0.003512 845
0.003513 845
0.003514 844
0.003515 844
0.003516 844
0.003517 844
0.003518 844
0.003519 844
0.00352 845
0.003521 845
0.003522 845
0.003523 845
0.003524 845
0.003525 845
0.003526 845
0.003527 844
0.003528 844
0.003529 844
0.00353 845
0.003531 845
0.003532 845
0.003533 845
0.003534 845
0.003535 845
0.003536 845
0.003537 845
0.003538 845
0.003539 845
0.00354 844
0.003541 844
0.003542 844
0.003543 843
0.003544 843
0.003545 843
0.003546 843
0.003547 843
0.003548 843
0.003549 843
0.00355 843
0.003551 843
0.003552 843
0.003553 843
0.003554 843
0.003555 843
0.003556 843
0.003557 843
0.003558 843
0.003559 844
0.00356 844
0.003561 844
0.003562 844
0.003563 844
0.003564 844
0.003565 844
0.003566 844
0.003567 844
0.003568 845
0.003569 845
0.00357 845
0.003571 845
0.003572 845
0.003573 845
0.003574 845
0.003575 845
0.003576 846
0.003577 846
0.003578 846
0.003579 846
0.00358 846
0.003581 846
0.003582 846
0.003583 846
0.003584 846
0.003585 846
0.003586 846
0.003587 846
0.003588 846
0.003589 846
0.00359 846
0.003591 846
0.003592 846
0.003593 846
0.003594 847
0.003595 847
0.003596 846
0.003597 846
0.003598 846
0.003599 846
0.0036 846
0.003601 846
0.003602 846
0.003603 846
0.003604 846
0.003605 846
0.003606 846
0.003607 846
0.003608 846
0.003609 846
0.00361 846
0.003611 846
0.003612 846
0.003613 846
0.003614 845
0.003615 845
0.003616 845
0.003617 845
0.003618 845
0.003619 845
0.00362 845
0.003621 845
0.003622 845
0.003623 845
0.003624 845
0.003625 845
0.003626 845
0.003627 845
0.003628 844
0.003629 844
0.00363 844
0.003631 844
0.003632 844
0.003633 844
0.003634 844
0.003635 844
0.003636 844
0.003637 844
0.003638 844
0.003639 844
0.00364 844
0.003641 844
0.003642 844
0.003643 844
0.003644 844
0.003645 844
0.003646 844
0.003647 844
0.003648 844
0.003649 844
0.00365 844
0.003651 844
0.003652 843
0.003653 843
0.003654 843
0.003655 843
0.003656 843
0.003657 844
0.003658 844
0.003659 844
0.00366 844
0.003661 845
0.003662 845
0.003663 845
0.003664 845
0.003665 845
0.003666 845
0.003667 845
0.003668 845
0.003669 844
0.00367 844
0.003671 844
0.003672 844
0.003673 844
0.003674 844
0.003675 844
0.003676 844
0.003677 844
0.003678 844
0.003679 844
0.00368 844
0.003681 844
0.003682 845
0.003683 846
0.003684 846
0.003685 846
0.003686 846
0.003687 846
0.003688 846
0.003689 846
0.00369 846
0.003691 846
0.003692 846
0.003693 846
0.003694 846
0.003695 846
0.003696 846
0.003697 846
0.003698 845
0.003699 845
0.0037 845
0.003701 845
0.003702 845
0.003703 845
0.003704 845
0.003705 845
0.003706 845
0.003707 845
0.003708 845
0.003709 845
0.00371 844
0.003711 844
0.003712 844
0.003713 844
0.003714 844
0.003715 844
0.003716 844
0.003717 844
0.003718 844
0.003719 844
0.00372 844
0.003721 844
0.003722 844
0.003723 844
0.003724 844
0.003725 844
0.003726 844
0.003727 844
0.003728 844
0.003729 844
0.00373 844
0.003731 844
0.003732 844
0.003733 844
0.003734 844
0.003735 844
0.003736 844
0.003737 844
0.003738 844
0.003739 844
0.00374 844
0.003741 844
0.003742 844
0.003743 844
0.003744 844
0.003745 844
0.003746 844
0.003747 844
0.003748 844
0.003749 844
0.00375 845
0.003751 845
0.003752 845
0.003753 845
0.003754 845
0.003755 845
0.003756 845
0.003757 845
0.003758 845
0.003759 845
0.00376 845
0.003761 845
0.003762 846
0.003763 846
0.003764 846
0.003765 847
0.003766 848
0.003767 847
0.003768 847
0.003769 847
0.00377 847
0.003771 847
0.003772 847
0.003773 847
0.003774 847
0.003775 846
0.003776 846
0.003777 846
0.003778 846
0.003779 846
0.00378 846
0.003781 846
0.003782 846
0.003783 846
0.003784 846
0.003785 846
0.003786 846
0.003787 846
0.003788 846
0.003789 846
0.00379 846
0.003791 846
0.003792 847
0.003793 847
0.003794 847
0.003795 847
0.003796 847
0.003797 847
0.003798 847
0.003799 847
0.0038 847
0.003801 847
0.003802 848
0.003803 848
0.003804 848
0.003805 848
0.003806 848
0.003807 848
0.003808 848
0.003809 848
0.00381 848
0.003811 849
0.003812 849
0.003813 849
0.003814 850
0.003815 850
0.003816 850
0.003817 850
0.003818 850
0.003819 850
0.00382 850
0.003821 850
0.003822 851
0.003823 851
0.003824 851
0.003825 851
0.003826 851
0.003827 851
0.003828 851
0.003829 851
0.00383 851
0.003831 852
0.003832 852
0.003833 852
0.003834 852
0.003835 852
0.003836 852
0.003837 852
0.003838 852
0.003839 852
0.00384 852
0.003841 852
0.003842 853
0.003843 853
0.003844 853
0.003845 853
0.003846 853
0.003847 853
0.003848 853
0.003849 854
0.00385 853
0.003851 853
0.003852 853
0.003853 853
0.003854 853
0.003855 853
0.003856 853
0.003857 854
0.003858 854
0.003859 854
0.00386 854
0.003861 853
0.003862 853
0.003863 853
0.003864 854
0.003865 854
0.003866 854
0.003867 853
0.003868 853
0.003869 853
0.00387 853
0.003871 853
0.003872 853
0.003873 853
0.003874 853
0.003875 853
0.003876 853
0.003877 853
0.003878 853
0.003879 853
0.00388 853
0.003881 853
0.003882 853
0.003883 853
0.003884 853
0.003885 853
0.003886 853
0.003887 853
0.003888 853
0.003889 853
0.00389 854
0.003891 854
0.003892 854
0.003893 854
0.003894 854
0.003895 854
0.003896 854
0.003897 854
0.003898 854
0.003899 854
0.0039 854
0.003901 855
0.003902 855
0.003903 855
0.003904 856
0.003905 856
0.003906 856
0.003907 856
0.003908 857
0.003909 857
0.00391 858
0.003911 858
0.003912 858
0.003913 858
0.003914 858
0.003915 857
0.003916 857
0.003917 857
0.003918 857
0.003919 857
0.00392 857
0.003921 857
0.003922 857
0.003923 857
0.003924 857
0.003925 857
0.003926 858
0.003927 858
0.003928 858
0.003929 859
0.00393 859
0.003931 859
0.003932 859
0.003933 859
0.003934 859
0.003935 859
0.003936 859
0.003937 859
0.003938 858
0.003939 858
0.00394 857
0.003941 857
0.003942 856
0.003943 856
0.003944 856
0.003945 856
0.003946 856
0.003947 856
0.003948 856
0.003949 856
0.00395 856
0.003951 856
0.003952 856
0.003953 857
0.003954 857
0.003955 857
0.003956 857
0.003957 857
0.003958 857
0.003959 857
0.00396 857
0.003961 857
0.003962 857
0.003963 857
0.003964 857
0.003965 857
0.003966 857
0.003967 857
0.003968 857
0.003969 857
0.00397 857
0.003971 857
0.003972 856
0.003973 856
0.003974 856
0.003975 856
0.003976 856
0.003977 855
0.003978 855
0.003979 855
0.00398 855
0.003981 855
0.003982 855
0.003983 855
0.003984 855
0.003985 855
0.003986 856
0.003987 856
0.003988 856
0.003989 856
0.00399 856
0.003991 856
0.003992 856
0.003993 856
0.003994 856
0.003995 856
0.003996 856
0.003997 855
0.003998 855
0.003999 855
0.004 855
0.004001 855
0.004002 855
0.004003 855
0.004004 855
0.004005 855
0.004006 855
0.004007 855
0.004008 855
0.004009 855
0.00401 856
0.004011 856
0.004012 856
0.004013 856
0.004014 856
0.004015 856
0.004016 856
0.004017 856
0.004018 856
0.004019 856
0.00402 856
0.004021 856
0.004022 856
0.004023 856
0.004024 856
0.004025 857
0.004026 857
0.004027 857
0.004028 857
0.004029 857
0.00403 857
0.004031 856
0.004032 856
0.004033 856
0.004034 856
0.004035 856
0.004036 856
0.004037 856
0.004038 856
0.004039 856
0.00404 856
0.004041 856
0.004042 856
0.004043 856
0.004044 856
0.004045 856
0.004046 856
0.004047 855
0.004048 855
0.004049 855
0.00405 855
0.004051 855
0.004052 855
0.004053 855
0.004054 855
0.004055 855
0.004056 855
0.004057 855
0.004058 855
0.004059 855
0.00406 855
0.004061 855
0.004062 855
0.004063 855
0.004064 855
0.004065 855
0.004066 855
0.004067 855
0.004068 855
0.004069 855
0.00407 855
0.004071 855
0.004072 855
0.004073 855
0.004074 855
0.004075 855
0.004076 855
0.004077 855
0.004078 855
0.004079 855
0.00408 854
0.004081 854
0.004082 854
0.004083 854
0.004084 854
0.004085 854
0.004086 854
0.004087 854
0.004088 854
0.004089 854
0.00409 854
0.004091 854
0.004092 854
0.004093 854
0.004094 854
0.004095 855
0.004096 855
0.004097 855
0.004098 855
0.004099 855
0.0041 856
0.004101 856
0.004102 856
0.004103 856
0.004104 856
0.004105 856
0.004106 856
0.004107 856
0.004108 856
0.004109 856
0.00411 856
0.004111 856
0.004112 857
0.004113 858
0.004114 858
0.004115 858
0.004116 858
0.004117 859
0.004118 859
0.004119 859
0.00412 859
0.004121 859
0.004122 859
0.004123 859
0.004124 859
0.004125 859
0.004126 859
0.004127 859
0.004128 859
0.004129 859
0.00413 859
0.004131 859
0.004132 860
0.004133 860
0.004134 860
0.004135 860
0.004136 860
0.004137 860
0.004138 860
0.004139 860
0.00414 860
0.004141 860
0.004142 860
0.004143 860
0.004144 860
0.004145 860
0.004146 860
0.004147 860
0.004148 859
0.004149 859
0.00415 859
0.004151 859
0.004152 858
0.004153 858
0.004154 858
0.004155 858
0.004156 858
0.004157 858
0.004158 858
0.004159 858
0.00416 858
0.004161 858
0.004162 858
0.004163 858
0.004164 858
0.004165 857
0.004166 857
0.004167 857
0.004168 857
0.004169 857
0.00417 857
0.004171 857
0.004172 857
0.004173 857
0.004174 857
0.004175 857
0.004176 857
0.004177 857
0.004178 857
0.004179 857
0.00418 857
0.004181 857
0.004182 857
0.004183 858
0.004184 858
0.004185 858
0.004186 858
0.004187 858
0.004188 858
0.004189 858
0.00419 857
0.004191 857
0.004192 857
0.004193 857
0.004194 857
0.004195 856
0.004196 856
0.004197 856
0.004198 856
0.004199 856
0.0042 856
0.004201 856
0.004202 856
0.004203 856
0.004204 856
0.004205 856
0.004206 855
0.004207 855
0.004208 856
0.004209 856
0.00421 856
0.004211 856
0.004212 856
0.004213 856
0.004214 856
0.004215 856
0.004216 856
0.004217 856
0.004218 856
0.004219 856
0.00422 856
0.004221 856
0.004222 856
0.004223 856
0.004224 855
0.004225 855
0.004226 855
0.004227 855
0.004228 855
0.004229 855
0.00423 855
0.004231 855
0.004232 855
0.004233 855
0.004234 855
0.004235 855
0.004236 856
0.004237 857
0.004238 857
0.004239 857
0.00424 857
0.004241 857
0.004242 857
0.004243 857
0.004244 857
0.004245 857
0.004246 857
0.004247 856
0.004248 856
0.004249 856
0.00425 856
0.004251 856
0.004252 855
0.004253 855
0.004254 855
0.004255 855
0.004256 855
0.004257 855
0.004258 855
0.004259 855
0.00426 855
0.004261 855
0.004262 855
0.004263 854
0.004264 854
0.004265 854
0.004266 854
0.004267 854
0.004268 854
0.004269 854
0.00427 854
0.004271 854
0.004272 854
0.004273 854
0.004274 854
0.004275 855
0.004276 854
0.004277 854
0.004278 854
0.004279 854
0.00428 854
0.004281 854
0.004282 854
0.004283 854
0.004284 854
0.004285 854
0.004286 854
0.004287 854
0.004288 854
0.004289 854
0.00429 855
0.004291 855
0.004292 855
0.004293 855
0.004294 854
0.004295 854
0.004296 854
0.004297 854
0.004298 854
0.004299 854
0.0043 854
0.004301 855
0.004302 855
0.004303 855
0.004304 855
0.004305 855
0.004306 855
0.004307 855
0.004308 855
0.004309 855
0.00431 855
0.004311 855
0.004312 854
0.004313 854
0.004314 854
0.004315 854
0.004316 854
0.004317 853
0.004318 853
0.004319 853
0.00432 853
0.004321 853
0.004322 853
0.004323 854
0.004324 854
0.004325 854
0.004326 854
0.004327 854
0.004328 854
0.004329 854
0.00433 854
0.004331 854
0.004332 854
0.004333 854
0.004334 855
0.004335 856
0.004336 857
0.004337 857
0.004338 856
0.004339 856
0.00434 856
0.004341 857
0.004342 857
0.004343 857
0.004344 857
0.004345 858
0.004346 858
0.004347 858
0.004348 858
0.004349 858
0.00435 858
0.004351 858
0.004352 858
0.004353 858
0.004354 858
0.004355 858
0.004356 857
0.004357 857
0.004358 857
0.004359 857
0.00436 857
0.004361 857
0.004362 857
0.004363 857
0.004364 857
0.004365 857
0.004366 857
0.004367 857
0.004368 857
0.004369 857
0.00437 858
0.004371 858
0.004372 858
0.004373 858
0.004374 858
0.004375 857
0.004376 857
0.004377 857
0.004378 856
0.004379 856
0.00438 855
0.004381 855
0.004382 855
0.004383 855
0.004384 855
0.004385 855
0.004386 855
0.004387 856
0.004388 856
0.004389 856
0.00439 856
0.004391 856
0.004392 856
0.004393 856
0.004394 856
0.004395 858
0.004396 857
0.004397 858
0.004398 858
0.004399 858
0.0044 858
0.004401 859
0.004402 859
0.004403 859
0.004404 859
0.004405 859
0.004406 859
0.004407 859
0.004408 859
0.004409 859
0.00441 859
0.004411 859
0.004412 859
0.004413 859
0.004414 859
0.004415 858
0.004416 858
0.004417 858
0.004418 858
0.004419 858
0.00442 858
0.004421 858
0.004422 858
0.004423 858
0.004424 858
0.004425 858
0.004426 858
0.004427 857
0.004428 857
0.004429 857
0.00443 857
0.004431 858
0.004432 858
0.004433 857
0.004434 857
0.004435 857
0.004436 857
0.004437 857
0.004438 857
0.004439 857
0.00444 858
0.004441 858
0.004442 858
0.004443 858
0.004444 859
0.004445 859
0.004446 859
0.004447 859
0.004448 859
0.004449 859
0.00445 859
0.004451 859
0.004452 859
0.004453 859
0.004454 860
0.004455 860
0.004456 859
0.004457 859
0.004458 859
0.004459 859
0.00446 859
0.004461 859
0.004462 859
0.004463 859
0.004464 859
0.004465 859
0.004466 859
0.004467 859
0.004468 860
0.004469 860
0.00447 860
0.004471 860
0.004472 860
0.004473 860
0.004474 860
0.004475 860
0.004476 860
0.004477 860
0.004478 860
0.004479 860
0.00448 860
0.004481 860
0.004482 860
0.004483 860
0.004484 860
0.004485 860
0.004486 860
0.004487 859
0.004488 859
0.004489 859
0.00449 858
0.004491 858
0.004492 858
0.004493 858
0.004494 858
0.004495 858
0.004496 858
0.004497 858
0.004498 858
0.004499 858
0.0045 858
0.004501 858
0.004502 858
0.004503 858
0.004504 858
0.004505 858
0.004506 858
0.004507 858
0.004508 858
0.004509 858
0.00451 858
0.004511 858
0.004512 858
0.004513 859
0.004514 859
0.004515 859
0.004516 859
0.004517 859
0.004518 859
0.004519 859
0.00452 859
0.004521 859
0.004522 859
0.004523 859
0.004524 859
0.004525 859
0.004526 860
0.004527 860
0.004528 860
0.004529 859
0.00453 859
0.004531 859
0.004532 858
0.004533 858
0.004534 858
0.004535 858
0.004536 857
0.004537 858
0.004538 858
0.004539 858
0.00454 858
0.004541 858
0.004542 858
0.004543 858
0.004544 858
0.004545 858
0.004546 858
0.004547 858
0.004548 858
0.004549 858
0.00455 858
0.004551 858
0.004552 858
0.004553 858
0.004554 858
0.004555 858
0.004556 858
0.004557 858
0.004558 858
0.004559 858
0.00456 858
0.004561 858
0.004562 858
0.004563 858
0.004564 858
0.004565 858
0.004566 858
0.004567 858
0.004568 858
0.004569 858
0.00457 858
0.004571 858
0.004572 858
0.004573 858
0.004574 858
0.004575 858
0.004576 858
0.004577 858
0.004578 858
0.004579 858
0.00458 858
0.004581 857
0.004582 857
0.004583 857
0.004584 857
0.004585 857
0.004586 857
0.004587 857
0.004588 857
0.004589 857
0.00459 857
0.004591 857
0.004592 856
0.004593 856
0.004594 855
0.004595 855
0.004596 855
0.004597 855
0.004598 855
0.004599 855
0.0046 855
0.004601 855
0.004602 855
0.004603 855
0.004604 855
0.004605 855
0.004606 855
0.004607 855
0.004608 855
0.004609 855
0.00461 855
0.004611 855
0.004612 855
0.004613 855
0.004614 855
0.004615 855
0.004616 855
0.004617 854
0.004618 854
0.004619 854
0.00462 853
0.004621 853
0.004622 853
0.004623 853
0.004624 853
0.004625 853
0.004626 853
0.004627 854
0.004628 855
0.004629 855
0.00463 855
0.004631 855
0.004632 856
0.004633 856
0.004634 856
0.004635 855
0.004636 855
0.004637 855
0.004638 855
0.004639 854
0.00464 854
0.004641 854
0.004642 854
0.004643 854
0.004644 854
0.004645 854
0.004646 854
0.004647 855
0.004648 855
0.004649 855
0.00465 854
0.004651 854
0.004652 854
0.004653 854
0.004654 854
0.004655 854
0.004656 854
0.004657 854
0.004658 854
0.004659 854
0.00466 854
0.004661 854
0.004662 854
0.004663 854
0.004664 854
0.004665 854
0.004666 854
0.004667 854
0.004668 854
0.004669 854
0.00467 854
0.004671 854
0.004672 854
0.004673 854
0.004674 854
0.004675 854
0.004676 854
0.004677 854
0.004678 854
0.004679 854
0.00468 855
0.004681 855
0.004682 855
0.004683 855
0.004684 856
0.004685 856
0.004686 856
0.004687 856
0.004688 856
0.004689 856
0.00469 855
0.004691 855
0.004692 855
0.004693 855
0.004694 855
0.004695 855
0.004696 855
0.004697 855
0.004698 854
0.004699 853
0.0047 853
0.004701 853
0.004702 853
0.004703 853
0.004704 853
0.004705 853
0.004706 853
0.004707 853
0.004708 853
0.004709 853
0.00471 852
0.004711 852
0.004712 852
0.004713 852
0.004714 852
0.004715 852
0.004716 852
0.004717 852
0.004718 853
0.004719 853
0.00472 853
0.004721 853
0.004722 853
0.004723 853
0.004724 853
0.004725 852
0.004726 852
0.004727 852
0.004728 852
0.004729 852
0.00473 852
0.004731 852
0.004732 852
0.004733 852
0.004734 852
0.004735 852
0.004736 853
0.004737 853
0.004738 853
0.004739 853
0.00474 853
0.004741 853
0.004742 853
0.004743 853
0.004744 853
0.004745 853
0.004746 853
0.004747 853
0.004748 854
0.004749 854
0.00475 854
0.004751 854
0.004752 854
0.004753 854
0.004754 854
0.004755 854
0.004756 854
0.004757 853
0.004758 853
0.004759 853
0.00476 853
0.004761 853
0.004762 853
0.004763 853
0.004764 853
0.004765 853
0.004766 853
0.004767 853
0.004768 853
0.004769 853
0.00477 853
0.004771 853
0.004772 853
0.004773 853
0.004774 853
0.004775 853
0.004776 853
0.004777 853
0.004778 853
0.004779 853
0.00478 854
0.004781 853
0.004782 853
0.004783 853
0.004784 853
0.004785 853
0.004786 853
0.004787 853
0.004788 853
0.004789 853
0.00479 853
0.004791 854
0.004792 854
0.004793 854
0.004794 855
0.004795 855
0.004796 855
0.004797 855
0.004798 855
0.004799 855
0.0048 855
0.004801 855
0.004802 855
0.004803 855
0.004804 855
0.004805 855
0.004806 854
0.004807 854
0.004808 854
0.004809 854
0.00481 854
0.004811 854
0.004812 854
0.004813 854
0.004814 854
0.004815 854
0.004816 854
0.004817 854
0.004818 854
0.004819 854
0.00482 854
0.004821 854
0.004822 854
0.004823 854
0.004824 854
0.004825 853
0.004826 853
0.004827 853
0.004828 853
0.004829 853
0.00483 853
0.004831 853
0.004832 851
0.004833 851
0.004834 851
0.004835 851
0.004836 851
0.004837 851
0.004838 851
0.004839 851
0.00484 851
0.004841 851
0.004842 851
0.004843 851
0.004844 851
0.004845 851
0.004846 852
0.004847 852
0.004848 852
0.004849 851
0.00485 851
0.004851 851
0.004852 851
0.004853 851
0.004854 851
0.004855 851
0.004856 851
0.004857 851
0.004858 851
0.004859 851
0.00486 851
0.004861 851
0.004862 851
0.004863 851
0.004864 851
0.004865 851
0.004866 851
0.004867 851
0.004868 851
0.004869 851
0.00487 851
0.004871 851
0.004872 851
0.004873 851
0.004874 850
0.004875 850
0.004876 850
0.004877 850
0.004878 851
0.004879 851
0.00488 851
0.004881 851
0.004882 851
0.004883 851
0.004884 851
0.004885 851
0.004886 851
0.004887 851
0.004888 851
0.004889 851
0.00489 851
0.004891 851
0.004892 851
0.004893 851
0.004894 851
0.004895 852
0.004896 852
0.004897 852
0.004898 851
0.004899 851
0.0049 851
0.004901 851
0.004902 851
0.004903 851
0.004904 851
0.004905 851
0.004906 851
0.004907 852
0.004908 852
0.004909 852
0.00491 852
0.004911 853
0.004912 853
0.004913 854
0.004914 854
0.004915 854
0.004916 854
0.004917 854
0.004918 854
0.004919 854
0.00492 854
0.004921 853
0.004922 854
0.004923 854
0.004924 854
0.004925 854
0.004926 854
0.004927 854
0.004928 854
0.004929 853
0.00493 853
0.004931 853
0.004932 853
0.004933 853
0.004934 853
0.004935 853
0.004936 853
0.004937 852
0.004938 852
0.004939 852
0.00494 852
0.004941 852
0.004942 852
0.004943 852
0.004944 852
0.004945 853
0.004946 853
0.004947 853
0.004948 853
0.004949 853
0.00495 853
0.004951 853
0.004952 853
0.004953 852
0.004954 852
0.004955 852
0.004956 852
0.004957 851
0.004958 851
0.004959 851
0.00496 852
0.004961 852
0.004962 852
0.004963 852
0.004964 852
0.004965 852
0.004966 852
0.004967 851
0.004968 851
0.004969 851
0.00497 852
0.004971 852
0.004972 852
0.004973 852
0.004974 852
0.004975 852
0.004976 852
0.004977 852
0.004978 852
0.004979 852
0.00498 852
0.004981 852
0.004982 852
0.004983 852
0.004984 852
0.004985 852
0.004986 853
0.004987 853
0.004988 853
0.004989 853
0.00499 853
0.004991 853
0.004992 853
0.004993 853
0.004994 853
0.004995 853
0.004996 853
0.004997 853
0.004998 853
0.004999 854
0.005 854
