0 6802
1e-06 6790
2e-06 6775
3e-06 6763
4e-06 6751
5e-06 6741
6e-06 6720
7e-06 6711
8e-06 6699
9e-06 6691
1e-05 6669
1.1e-05 6654
1.2e-05 6640
1.3e-05 6630
1.4e-05 6611
1.5e-05 6604
1.6e-05 6590
1.7e-05 6581
1.8e-05 6571
1.9e-05 6563
2e-05 6557
2.1e-05 6550
2.2e-05 6545
2.3e-05 6543
2.4e-05 6527
2.5e-05 6512
2.6e-05 6498
2.7e-05 6486
2.8e-05 6474
2.9e-05 6459
3e-05 6442
3.1e-05 6429
3.2e-05 6417
3.3e-05 6408
3.4e-05 6397
3.5e-05 6390
3.6e-05 6379
3.7e-05 6367
3.8e-05 6352
3.9e-05 6335
4e-05 6320
4.1e-05 6314
4.2e-05 6307
4.3e-05 6302
4.4e-05 6297
4.5e-05 6288
4.6e-05 6279
4.7e-05 6271
4.8e-05 6261
4.9e-05 6247
5e-05 6236
5.1e-05 6219
5.2e-05 6212
5.3e-05 6207
5.4e-05 6196
5.5e-05 6185
5.6e-05 6172
5.7e-05 6166
5.8e-05 6160
5.9e-05 6157
6e-05 6145
6.1e-05 6129
6.2e-05 6118
6.3e-05 6108
6.4e-05 6097
6.5e-05 6088
6.6e-05 6083
6.7e-05 6075
6.8e-05 6062
6.9e-05 6053
7e-05 6045
7.1e-05 6040
7.2e-05 6025
7.3e-05 6010
7.4e-05 6003
7.5e-05 5998
7.6e-05 5987
7.7e-05 5979
7.8e-05 5969
7.9e-05 5961
8e-05 5954
8.1e-05 5948
8.2e-05 5939
8.3e-05 5935
8.4e-05 5924
8.5e-05 5917
8.6e-05 5915
8.7e-05 5908
8.8e-05 5900
8.9e-05 5894
9e-05 5882
9.1e-05 5879
9.2e-05 5873
9.3e-05 5867
9.4e-05 5863
9.5e-05 5859
9.6e-05 5849
9.7e-05 5845
9.8e-05 5836
9.9e-05 5829
0.0001 5819
0.000101 5814
0.000102 5810
0.000103 5805
0.000104 5797
0.000105 5795
0.000106 5787
0.000107 5778
0.000108 5771
0.000109 5769
0.00011 5761
0.000111 5753
0.000112 5749
0.000113 5747
0.000114 5739
0.000115 5730
0.000116 5727
0.000117 5720
0.000118 5714
0.000119 5708
0.00012 5702
0.000121 5696
0.000122 5691
0.000123 5685
0.000124 5683
0.000125 5676
0.000126 5673
0.000127 5665
0.000128 5660
0.000129 5653
0.00013 5645
0.000131 5639
0.000132 5633
0.000133 5630
0.000134 5626
0.000135 5621
0.000136 5617
0.000137 5613
0.000138 5611
0.000139 5607
0.00014 5601
0.000141 5595
0.000142 5590
0.000143 5585
0.000144 5582
0.000145 5578
0.000146 5573
0.000147 5571
0.000148 5570
0.000149 5563
0.00015 5557
0.000151 5553
0.000152 5552
0.000153 5552
0.000154 5550
0.000155 5549
0.000156 5541
0.000157 5532
0.000158 5524
0.000159 5520
0.00016 5515
0.000161 5510
0.000162 5506
0.000163 5496
0.000164 5494
0.000165 5488
0.000166 5482
0.000167 5476
0.000168 5470
0.000169 5468
0.00017 5467
0.000171 5464
0.000172 5460
0.000173 5460
0.000174 5457
0.000175 5454
0.000176 5452
0.000177 5450
0.000178 5444
0.000179 5442
0.00018 5440
0.000181 5437
0.000182 5434
0.000183 5432
0.000184 5430
0.000185 5426
0.000186 5424
0.000187 5419
0.000188 5416
0.000189 5413
0.00019 5410
0.000191 5407
0.000192 5402
0.000193 5396
0.000194 5393
0.000195 5390
0.000196 5387
0.000197 5381
0.000198 5379
0.000199 5374
0.0002 5371
0.000201 5370
0.000202 5367
0.000203 5363
0.000204 5360
0.000205 5356
0.000206 5354
0.000207 5351
0.000208 5350
0.000209 5345
0.00021 5340
0.000211 5339
0.000212 5338
0.000213 5336
0.000214 5332
0.000215 5330
0.000216 5330
0.000217 5327
0.000218 5323
0.000219 5320
0.00022 5319
0.000221 5317
0.000222 5312
0.000223 5310
0.000224 5309
0.000225 5306
0.000226 5304
0.000227 5301
0.000228 5296
0.000229 5295
0.00023 5294
0.000231 5294
0.000232 5293
0.000233 5292
0.000234 5289
0.000235 5286
0.000236 5284
0.000237 5283
0.000238 5281
0.000239 5278
0.00024 5277
0.000241 5274
0.000242 5273
0.000243 5270
0.000244 5267
0.000245 5265
0.000246 5263
0.000247 5259
0.000248 5257
0.000249 5255
0.00025 5252
0.000251 5251
0.000252 5249
0.000253 5249
0.000254 5244
0.000255 5241
0.000256 5238
0.000257 5238
0.000258 5238
0.000259 5234
0.00026 5234
0.000261 5232
0.000262 5229
0.000263 5228
0.000264 5226
0.000265 5225
0.000266 5224
0.000267 5220
0.000268 5218
0.000269 5217
0.00027 5213
0.000271 5210
0.000272 5210
0.000273 5210
0.000274 5209
0.000275 5205
0.000276 5203
0.000277 5202
0.000278 5200
0.000279 5200
0.00028 5199
0.000281 5195
0.000282 5193
0.000283 5192
0.000284 5190
0.000285 5189
0.000286 5186
0.000287 5184
0.000288 5183
0.000289 5180
0.00029 5180
0.000291 5180
0.000292 5179
0.000293 5178
0.000294 5175
0.000295 5173
0.000296 5170
0.000297 5169
0.000298 5166
0.000299 5165
0.0003 5165
0.000301 5162
0.000302 5161
0.000303 5160
0.000304 5159
0.000305 5156
0.000306 5154
0.000307 5151
0.000308 5148
0.000309 5146
0.00031 5147
0.000311 5144
0.000312 5144
0.000313 5141
0.000314 5140
0.000315 5138
0.000316 5135
0.000317 5135
0.000318 5133
0.000319 5131
0.00032 5130
0.000321 5129
0.000322 5128
0.000323 5127
0.000324 5122
0.000325 5121
0.000326 5120
0.000327 5117
0.000328 5113
0.000329 5112
0.00033 5111
0.000331 5107
0.000332 5107
0.000333 5106
0.000334 5106
0.000335 5106
0.000336 5104
0.000337 5103
0.000338 5102
0.000339 5098
0.00034 5098
0.000341 5095
0.000342 5094
0.000343 5093
0.000344 5091
0.000345 5091
0.000346 5088
0.000347 5087
0.000348 5086
0.000349 5085
0.00035 5084
0.000351 5083
0.000352 5082
0.000353 5081
0.000354 5082
0.000355 5082
0.000356 5079
0.000357 5075
0.000358 5073
0.000359 5072
0.00036 5071
0.000361 5072
0.000362 5072
0.000363 5071
0.000364 5071
0.000365 5071
0.000366 5071
0.000367 5071
0.000368 5068
0.000369 5067
0.00037 5066
0.000371 5066
0.000372 5065
0.000373 5064
0.000374 5063
0.000375 5063
0.000376 5063
0.000377 5064
0.000378 5064
0.000379 5063
0.00038 5063
0.000381 5062
0.000382 5062
0.000383 5061
0.000384 5061
0.000385 5059
0.000386 5059
0.000387 5058
0.000388 5057
0.000389 5055
0.00039 5054
0.000391 5052
0.000392 5052
0.000393 5051
0.000394 5049
0.000395 5048
0.000396 5047
0.000397 5048
0.000398 5048
0.000399 5049
0.0004 5047
0.000401 5047
0.000402 5047
0.000403 5046
0.000404 5045
0.000405 5042
0.000406 5041
0.000407 5040
0.000408 5040
0.000409 5040
0.00041 5039
0.000411 5038
0.000412 5036
0.000413 5037
0.000414 5037
0.000415 5035
0.000416 5035
0.000417 5035
0.000418 5035
0.000419 5034
0.00042 5032
0.000421 5030
0.000422 5028
0.000423 5028
0.000424 5028
0.000425 5028
0.000426 5027
0.000427 5024
0.000428 5024
0.000429 5023
0.00043 5022
0.000431 5022
0.000432 5023
0.000433 5022
0.000434 5021
0.000435 5021
0.000436 5021
0.000437 5019
0.000438 5019
0.000439 5019
0.00044 5019
0.000441 5017
0.000442 5015
0.000443 5014
0.000444 5015
0.000445 5015
0.000446 5015
0.000447 5012
0.000448 5012
0.000449 5012
0.00045 5012
0.000451 5010
0.000452 5010
0.000453 5011
0.000454 5010
0.000455 5009
0.000456 5009
0.000457 5009
0.000458 5009
0.000459 5007
0.00046 5007
0.000461 5008
0.000462 5007
0.000463 5003
0.000464 5001
0.000465 5001
0.000466 5000
0.000467 5001
0.000468 5000
0.000469 4999
0.00047 4997
0.000471 4996
0.000472 4996
0.000473 4995
0.000474 4995
0.000475 4993
0.000476 4993
0.000477 4993
0.000478 4994
0.000479 4994
0.00048 4994
0.000481 4993
0.000482 4992
0.000483 4991
0.000484 4991
0.000485 4991
0.000486 4991
0.000487 4991
0.000488 4990
0.000489 4990
0.00049 4990
0.000491 4988
0.000492 4988
0.000493 4987
0.000494 4987
0.000495 4987
0.000496 4987
0.000497 4986
0.000498 4986
0.000499 4986
0.0005 4985
0.000501 4984
0.000502 4984
0.000503 4982
0.000504 4982
0.000505 4981
0.000506 4978
0.000507 4977
0.000508 4976
0.000509 4976
0.00051 4975
0.000511 4976
0.000512 4977
0.000513 4976
0.000514 4975
0.000515 4974
0.000516 4973
0.000517 4973
0.000518 4973
0.000519 4973
0.00052 4972
0.000521 4970
0.000522 4970
0.000523 4970
0.000524 4971
0.000525 4970
0.000526 4969
0.000527 4969
0.000528 4968
0.000529 4968
0.00053 4966
0.000531 4966
0.000532 4965
0.000533 4964
0.000534 4965
0.000535 4964
0.000536 4964
0.000537 4965
0.000538 4964
0.000539 4964
0.00054 4963
0.000541 4962
0.000542 4962
0.000543 4961
0.000544 4960
0.000545 4960
0.000546 4960
0.000547 4960
0.000548 4960
0.000549 4960
0.00055 4959
0.000551 4959
0.000552 4960
0.000553 4961
0.000554 4961
0.000555 4963
0.000556 4963
0.000557 4963
0.000558 4962
0.000559 4962
0.00056 4962
0.000561 4962
0.000562 4962
0.000563 4962
0.000564 4960
0.000565 4960
0.000566 4958
0.000567 4958
0.000568 4958
0.000569 4958
0.00057 4959
0.000571 4958
0.000572 4958
0.000573 4958
0.000574 4958
0.000575 4958
0.000576 4956
0.000577 4955
0.000578 4955
0.000579 4955
0.00058 4953
0.000581 4953
0.000582 4954
0.000583 4953
0.000584 4952
0.000585 4951
0.000586 4952
0.000587 4952
0.000588 4952
0.000589 4952
0.00059 4952
0.000591 4952
0.000592 4951
0.000593 4951
0.000594 4951
0.000595 4951
0.000596 4951
0.000597 4951
0.000598 4951
0.000599 4951
0.0006 4951
0.000601 4950
0.000602 4951
0.000603 4951
0.000604 4951
0.000605 4951
0.000606 4951
0.000607 4950
0.000608 4950
0.000609 4949
0.00061 4949
0.000611 4949
0.000612 4949
0.000613 4949
0.000614 4949
0.000615 4949
0.000616 4949
0.000617 4949
0.000618 4949
0.000619 4950
0.00062 4949
0.000621 4950
0.000622 4951
0.000623 4952
0.000624 4952
0.000625 4951
0.000626 4951
0.000627 4952
0.000628 4952
0.000629 4951
0.00063 4951
0.000631 4950
0.000632 4948
0.000633 4949
0.000634 4949
0.000635 4949
0.000636 4950
0.000637 4950
0.000638 4950
0.000639 4948
0.00064 4948
0.000641 4948
0.000642 4949
0.000643 4949
0.000644 4947
0.000645 4947
0.000646 4947
0.000647 4947
0.000648 4947
0.000649 4947
0.00065 4948
0.000651 4948
0.000652 4948
0.000653 4948
0.000654 4948
0.000655 4948
0.000656 4948
0.000657 4948
0.000658 4947
0.000659 4947
0.00066 4946
0.000661 4947
0.000662 4946
0.000663 4946
0.000664 4945
0.000665 4945
0.000666 4945
0.000667 4945
0.000668 4945
0.000669 4945
0.00067 4946
0.000671 4946
0.000672 4947
0.000673 4947
0.000674 4946
0.000675 4944
0.000676 4944
0.000677 4943
0.000678 4942
0.000679 4942
0.00068 4942
0.000681 4942
0.000682 4942
0.000683 4943
0.000684 4943
0.000685 4943
0.000686 4943
0.000687 4943
0.000688 4943
0.000689 4943
0.00069 4942
0.000691 4942
0.000692 4942
0.000693 4942
0.000694 4942
0.000695 4942
0.000696 4941
0.000697 4941
0.000698 4940
0.000699 4939
0.0007 4939
0.000701 4939
0.000702 4939
0.000703 4939
0.000704 4938
0.000705 4936
0.000706 4936
0.000707 4936
0.000708 4937
0.000709 4937
0.00071 4937
0.000711 4936
0.000712 4935
0.000713 4936
0.000714 4933
0.000715 4933
0.000716 4931
0.000717 4931
0.000718 4930
0.000719 4929
0.00072 4931
0.000721 4929
0.000722 4929
0.000723 4930
0.000724 4930
0.000725 4930
0.000726 4931
0.000727 4930
0.000728 4930
0.000729 4931
0.00073 4931
0.000731 4931
0.000732 4931
0.000733 4931
0.000734 4931
0.000735 4931
0.000736 4930
0.000737 4929
0.000738 4929
0.000739 4929
0.00074 4929
0.000741 4929
0.000742 4928
0.000743 4928
0.000744 4928
0.000745 4928
0.000746 4928
0.000747 4928
0.000748 4928
0.000749 4929
0.00075 4929
0.000751 4928
0.000752 4928
0.000753 4928
0.000754 4928
0.000755 4928
0.000756 4927
0.000757 4926
0.000758 4927
0.000759 4926
0.00076 4926
0.000761 4926
0.000762 4926
0.000763 4926
0.000764 4926
0.000765 4926
0.000766 4925
0.000767 4925
0.000768 4925
0.000769 4925
0.00077 4925
0.000771 4925
0.000772 4926
0.000773 4926
0.000774 4926
0.000775 4926
0.000776 4926
0.000777 4927
0.000778 4927
0.000779 4926
0.00078 4926
0.000781 4926
0.000782 4926
0.000783 4926
0.000784 4926
0.000785 4926
0.000786 4926
0.000787 4926
0.000788 4926
0.000789 4925
0.00079 4926
0.000791 4924
0.000792 4923
0.000793 4923
0.000794 4923
0.000795 4922
0.000796 4922
0.000797 4922
0.000798 4921
0.000799 4920
0.0008 4919
0.000801 4919
0.000802 4919
0.000803 4920
0.000804 4918
0.000805 4918
0.000806 4918
0.000807 4918
0.000808 4918
0.000809 4918
0.00081 4919
0.000811 4918
0.000812 4918
0.000813 4918
0.000814 4918
0.000815 4918
0.000816 4918
0.000817 4918
0.000818 4918
0.000819 4919
0.00082 4920
0.000821 4920
0.000822 4920
0.000823 4920
0.000824 4921
0.000825 4922
0.000826 4922
0.000827 4922
0.000828 4922
0.000829 4922
0.00083 4922
0.000831 4922
0.000832 4921
0.000833 4921
0.000834 4920
0.000835 4920
0.000836 4920
0.000837 4919
0.000838 4919
0.000839 4919
0.00084 4919
0.000841 4919
0.000842 4920
0.000843 4921
0.000844 4921
0.000845 4921
0.000846 4921
0.000847 4920
0.000848 4920
0.000849 4920
0.00085 4920
0.000851 4920
0.000852 4920
0.000853 4920
0.000854 4920
0.000855 4920
0.000856 4920
0.000857 4920
0.000858 4920
0.000859 4920
0.00086 4920
0.000861 4920
0.000862 4920
0.000863 4919
0.000864 4920
0.000865 4920
0.000866 4920
0.000867 4919
0.000868 4921
0.000869 4921
0.00087 4920
0.000871 4920
0.000872 4920
0.000873 4920
0.000874 4921
0.000875 4920
0.000876 4919
0.000877 4920
0.000878 4920
0.000879 4919
0.00088 4919
0.000881 4919
0.000882 4919
0.000883 4919
0.000884 4919
0.000885 4919
0.000886 4920
0.000887 4920
0.000888 4921
0.000889 4921
0.00089 4921
0.000891 4920
0.000892 4920
0.000893 4920
0.000894 4919
0.000895 4920
0.000896 4919
0.000897 4918
0.000898 4918
0.000899 4918
0.0009 4917
0.000901 4918
0.000902 4918
0.000903 4918
0.000904 4918
0.000905 4918
0.000906 4918
0.000907 4918
0.000908 4919
0.000909 4918
0.00091 4918
0.000911 4918
0.000912 4918
0.000913 4918
0.000914 4918
0.000915 4918
0.000916 4918
0.000917 4919
0.000918 4919
0.000919 4919
0.00092 4919
0.000921 4919
0.000922 4919
0.000923 4919
0.000924 4919
0.000925 4918
0.000926 4918
0.000927 4918
0.000928 4918
0.000929 4917
0.00093 4917
0.000931 4917
0.000932 4917
0.000933 4917
0.000934 4917
0.000935 4916
0.000936 4916
0.000937 4916
0.000938 4915
0.000939 4915
0.00094 4916
0.000941 4916
0.000942 4916
0.000943 4916
0.000944 4916
0.000945 4916
0.000946 4916
0.000947 4916
0.000948 4915
0.000949 4915
0.00095 4915
0.000951 4915
0.000952 4915
0.000953 4915
0.000954 4914
0.000955 4912
0.000956 4912
0.000957 4912
0.000958 4912
0.000959 4912
0.00096 4912
0.000961 4913
0.000962 4914
0.000963 4914
0.000964 4914
0.000965 4914
0.000966 4914
0.000967 4913
0.000968 4913
0.000969 4913
0.00097 4913
0.000971 4913
0.000972 4913
0.000973 4913
0.000974 4913
0.000975 4913
0.000976 4913
0.000977 4913
0.000978 4913
0.000979 4913
0.00098 4913
0.000981 4913
0.000982 4914
0.000983 4915
0.000984 4915
0.000985 4915
0.000986 4915
0.000987 4915
0.000988 4916
0.000989 4917
0.00099 4916
0.000991 4916
0.000992 4916
0.000993 4916
0.000994 4916
0.000995 4916
0.000996 4913
0.000997 4913
0.000998 4913
0.000999 4913
0.001 4913
0.001001 4912
0.001002 4912
0.001003 4913
0.001004 4913
0.001005 4913
0.001006 4912
0.001007 4911
0.001008 4911
0.001009 4911
0.00101 4911
0.001011 4911
0.001012 4910
0.001013 4910
0.001014 4910
0.001015 4910
0.001016 4910
0.001017 4910
0.001018 4910
0.001019 4911
0.00102 4911
0.001021 4911
0.001022 4910
0.001023 4910
0.001024 4910
0.001025 4910
0.001026 4910
0.001027 4910
0.001028 4909
0.001029 4908
0.00103 4908
0.001031 4908
0.001032 4909
0.001033 4910
0.001034 4910
0.001035 4910
0.001036 4910
0.001037 4910
0.001038 4908
0.001039 4908
0.00104 4908
0.001041 4908
0.001042 4908
0.001043 4908
0.001044 4907
0.001045 4907
0.001046 4907
0.001047 4907
0.001048 4907
0.001049 4907
0.00105 4909
0.001051 4909
0.001052 4908
0.001053 4909
0.001054 4910
0.001055 4910
0.001056 4910
0.001057 4910
0.001058 4909
0.001059 4909
0.00106 4909
0.001061 4909
0.001062 4908
0.001063 4906
0.001064 4906
0.001065 4906
0.001066 4906
0.001067 4906
0.001068 4905
0.001069 4905
0.00107 4907
0.001071 4907
0.001072 4907
0.001073 4906
0.001074 4905
0.001075 4905
0.001076 4905
0.001077 4905
0.001078 4905
0.001079 4904
0.00108 4904
0.001081 4903
0.001082 4903
0.001083 4903
0.001084 4903
0.001085 4903
0.001086 4903
0.001087 4903
0.001088 4902
0.001089 4902
0.00109 4902
0.001091 4902
0.001092 4902
0.001093 4902
0.001094 4902
0.001095 4901
0.001096 4901
0.001097 4902
0.001098 4902
0.001099 4901
0.0011 4901
0.001101 4901
0.001102 4901
0.001103 4903
0.001104 4903
0.001105 4902
0.001106 4903
0.001107 4903
0.001108 4903
0.001109 4903
0.00111 4904
0.001111 4904
0.001112 4904
0.001113 4904
0.001114 4904
0.001115 4904
0.001116 4904
0.001117 4904
0.001118 4904
0.001119 4904
0.00112 4903
0.001121 4903
0.001122 4903
0.001123 4903
0.001124 4903
0.001125 4903
0.001126 4903
0.001127 4903
0.001128 4902
0.001129 4901
0.00113 4901
0.001131 4901
0.001132 4901
0.001133 4901
0.001134 4901
0.001135 4901
0.001136 4900
0.001137 4900
0.001138 4900
0.001139 4900
0.00114 4900
0.001141 4900
0.001142 4900
0.001143 4900
0.001144 4900
0.001145 4900
0.001146 4900
0.001147 4900
0.001148 4900
0.001149 4899
0.00115 4899
0.001151 4899
0.001152 4899
0.001153 4899
0.001154 4898
0.001155 4898
0.001156 4898
0.001157 4898
0.001158 4898
0.001159 4898
0.00116 4898
0.001161 4899
0.001162 4899
0.001163 4899
0.001164 4899
0.001165 4899
0.001166 4899
0.001167 4899
0.001168 4899
0.001169 4900
0.00117 4900
0.001171 4901
0.001172 4900
0.001173 4900
0.001174 4899
0.001175 4899
0.001176 4899
0.001177 4899
0.001178 4899
0.001179 4898
0.00118 4898
0.001181 4898
0.001182 4900
0.001183 4899
0.001184 4898
0.001185 4899
0.001186 4899
0.001187 4899
0.001188 4898
0.001189 4898
0.00119 4898
0.001191 4900
0.001192 4900
0.001193 4900
0.001194 4900
0.001195 4900
0.001196 4900
0.001197 4899
0.001198 4899
0.001199 4899
0.0012 4900
0.001201 4899
0.001202 4899
0.001203 4900
0.001204 4899
0.001205 4899
0.001206 4899
0.001207 4897
0.001208 4897
0.001209 4897
0.00121 4897
0.001211 4897
0.001212 4897
0.001213 4896
0.001214 4896
0.001215 4896
0.001216 4897
0.001217 4896
0.001218 4896
0.001219 4896
0.00122 4896
0.001221 4896
0.001222 4896
0.001223 4896
0.001224 4896
0.001225 4897
0.001226 4896
0.001227 4896
0.001228 4898
0.001229 4898
0.00123 4898
0.001231 4898
0.001232 4898
0.001233 4898
0.001234 4899
0.001235 4899
0.001236 4899
0.001237 4899
0.001238 4899
0.001239 4899
0.00124 4899
0.001241 4899
0.001242 4899
0.001243 4900
0.001244 4899
0.001245 4899
0.001246 4899
0.001247 4899
0.001248 4899
0.001249 4899
0.00125 4899
0.001251 4900
0.001252 4900
0.001253 4900
0.001254 4900
0.001255 4900
0.001256 4900
0.001257 4900
0.001258 4900
0.001259 4900
0.00126 4900
0.001261 4901
0.001262 4901
0.001263 4901
0.001264 4901
0.001265 4900
0.001266 4900
0.001267 4900
0.001268 4899
0.001269 4899
0.00127 4899
0.001271 4900
0.001272 4902
0.001273 4901
0.001274 4900
0.001275 4900
0.001276 4900
0.001277 4900
0.001278 4900
0.001279 4900
0.00128 4900
0.001281 4900
0.001282 4900
0.001283 4900
0.001284 4900
0.001285 4901
0.001286 4900
0.001287 4897
0.001288 4898
0.001289 4899
0.00129 4901
0.001291 4902
0.001292 4902
0.001293 4903
0.001294 4902
0.001295 4902
0.001296 4902
0.001297 4902
0.001298 4903
0.001299 4903
0.0013 4903
0.001301 4902
0.001302 4901
0.001303 4901
0.001304 4901
0.001305 4901
0.001306 4902
0.001307 4902
0.001308 4902
0.001309 4902
0.00131 4903
0.001311 4903
0.001312 4903
0.001313 4904
0.001314 4904
0.001315 4905
0.001316 4906
0.001317 4906
0.001318 4906
0.001319 4906
0.00132 4906
0.001321 4906
0.001322 4906
0.001323 4906
0.001324 4906
0.001325 4906
0.001326 4906
0.001327 4906
0.001328 4906
0.001329 4906
0.00133 4906
0.001331 4906
0.001332 4906
0.001333 4907
0.001334 4907
0.001335 4907
0.001336 4907
0.001337 4906
0.001338 4907
0.001339 4906
0.00134 4906
0.001341 4907
0.001342 4907
0.001343 4907
0.001344 4905
0.001345 4905
0.001346 4905
0.001347 4905
0.001348 4905
0.001349 4905
0.00135 4905
0.001351 4906
0.001352 4906
0.001353 4906
0.001354 4906
0.001355 4906
0.001356 4907
0.001357 4907
0.001358 4907
0.001359 4907
0.00136 4907
0.001361 4907
0.001362 4908
0.001363 4908
0.001364 4908
0.001365 4908
0.001366 4908
0.001367 4908
0.001368 4908
0.001369 4908
0.00137 4908
0.001371 4906
0.001372 4906
0.001373 4906
0.001374 4906
0.001375 4908
0.001376 4908
0.001377 4907
0.001378 4907
0.001379 4907
0.00138 4908
0.001381 4908
0.001382 4908
0.001383 4908
0.001384 4908
0.001385 4908
0.001386 4908
0.001387 4908
0.001388 4908
0.001389 4907
0.00139 4907
0.001391 4908
0.001392 4909
0.001393 4909
0.001394 4909
0.001395 4909
0.001396 4910
0.001397 4910
0.001398 4910
0.001399 4910
0.0014 4909
0.001401 4909
0.001402 4909
0.001403 4908
0.001404 4907
0.001405 4907
0.001406 4907
0.001407 4906
0.001408 4906
0.001409 4906
0.00141 4906
0.001411 4905
0.001412 4905
0.001413 4905
0.001414 4905
0.001415 4905
0.001416 4905
0.001417 4904
0.001418 4904
0.001419 4904
0.00142 4904
0.001421 4905
0.001422 4903
0.001423 4904
0.001424 4904
0.001425 4904
0.001426 4904
0.001427 4904
0.001428 4904
0.001429 4904
0.00143 4904
0.001431 4903
0.001432 4903
0.001433 4904
0.001434 4904
0.001435 4904
0.001436 4903
0.001437 4903
0.001438 4903
0.001439 4902
0.00144 4902
0.001441 4902
0.001442 4903
0.001443 4903
0.001444 4902
0.001445 4902
0.001446 4901
0.001447 4901
0.001448 4901
0.001449 4902
0.00145 4902
0.001451 4902
0.001452 4902
0.001453 4901
0.001454 4901
0.001455 4901
0.001456 4902
0.001457 4903
0.001458 4903
0.001459 4904
0.00146 4904
0.001461 4904
0.001462 4904
0.001463 4903
0.001464 4903
0.001465 4903
0.001466 4903
0.001467 4903
0.001468 4903
0.001469 4903
0.00147 4903
0.001471 4903
0.001472 4903
0.001473 4903
0.001474 4903
0.001475 4904
0.001476 4904
0.001477 4904
0.001478 4904
0.001479 4904
0.00148 4904
0.001481 4905
0.001482 4904
0.001483 4904
0.001484 4904
0.001485 4904
0.001486 4904
0.001487 4905
0.001488 4905
0.001489 4905
0.00149 4906
0.001491 4906
0.001492 4906
0.001493 4906
0.001494 4906
0.001495 4906
0.001496 4905
0.001497 4905
0.001498 4905
0.001499 4907
0.0015 4906
0.001501 4907
0.001502 4907
0.001503 4906
0.001504 4906
0.001505 4905
0.001506 4905
0.001507 4905
0.001508 4905
0.001509 4906
0.00151 4906
0.001511 4907
0.001512 4907
0.001513 4906
0.001514 4906
0.001515 4906
0.001516 4906
0.001517 4906
0.001518 4906
0.001519 4906
0.00152 4906
0.001521 4906
0.001522 4906
0.001523 4906
0.001524 4906
0.001525 4906
0.001526 4906
0.001527 4906
0.001528 4906
0.001529 4906
0.00153 4906
0.001531 4906
0.001532 4906
0.001533 4906
0.001534 4905
0.001535 4905
0.001536 4905
0.001537 4905
0.001538 4905
0.001539 4905
0.00154 4905
0.001541 4905
0.001542 4906
0.001543 4906
0.001544 4906
0.001545 4906
0.001546 4906
0.001547 4905
0.001548 4905
0.001549 4905
0.00155 4905
0.001551 4905
0.001552 4905
0.001553 4905
0.001554 4905
0.001555 4906
0.001556 4907
0.001557 4906
0.001558 4906
0.001559 4905
0.00156 4905
0.001561 4906
0.001562 4906
0.001563 4907
0.001564 4907
0.001565 4907
0.001566 4907
0.001567 4907
0.001568 4907
0.001569 4907
0.00157 4906
0.001571 4906
0.001572 4905
0.001573 4907
0.001574 4908
0.001575 4909
0.001576 4908
0.001577 4907
0.001578 4907
0.001579 4907
0.00158 4908
0.001581 4908
0.001582 4908
0.001583 4908
0.001584 4909
0.001585 4909
0.001586 4911
0.001587 4911
0.001588 4911
0.001589 4910
0.00159 4910
0.001591 4910
0.001592 4910
0.001593 4909
0.001594 4909
0.001595 4909
0.001596 4909
0.001597 4909
0.001598 4909
0.001599 4909
0.0016 4909
0.001601 4908
0.001602 4908
0.001603 4908
0.001604 4908
0.001605 4907
0.001606 4908
0.001607 4907
0.001608 4907
0.001609 4906
0.00161 4906
0.001611 4906
0.001612 4905
0.001613 4904
0.001614 4904
0.001615 4903
0.001616 4902
0.001617 4902
0.001618 4900
0.001619 4900
0.00162 4901
0.001621 4901
0.001622 4901
0.001623 4900
0.001624 4900
0.001625 4899
0.001626 4899
0.001627 4899
0.001628 4900
0.001629 4900
0.00163 4900
0.001631 4900
0.001632 4898
0.001633 4898
0.001634 4898
0.001635 4898
0.001636 4898
0.001637 4896
0.001638 4896
0.001639 4896
0.00164 4896
0.001641 4896
0.001642 4896
0.001643 4896
0.001644 4896
0.001645 4896
0.001646 4896
0.001647 4896
0.001648 4897
0.001649 4897
0.00165 4897
0.001651 4898
0.001652 4898
0.001653 4899
0.001654 4899
0.001655 4899
0.001656 4896
0.001657 4896
0.001658 4896
0.001659 4896
0.00166 4896
0.001661 4895
0.001662 4896
0.001663 4897
0.001664 4898
0.001665 4898
0.001666 4898
0.001667 4898
0.001668 4898
0.001669 4898
0.00167 4898
0.001671 4898
0.001672 4898
0.001673 4898
0.001674 4897
0.001675 4897
0.001676 4897
0.001677 4896
0.001678 4897
0.001679 4897
0.00168 4897
0.001681 4897
0.001682 4897
0.001683 4897
0.001684 4897
0.001685 4897
0.001686 4895
0.001687 4895
0.001688 4894
0.001689 4895
0.00169 4895
0.001691 4895
0.001692 4895
0.001693 4894
0.001694 4893
0.001695 4893
0.001696 4893
0.001697 4894
0.001698 4893
0.001699 4893
0.0017 4892
0.001701 4892
0.001702 4892
0.001703 4892
0.001704 4892
0.001705 4892
0.001706 4892
0.001707 4892
0.001708 4891
0.001709 4892
0.00171 4892
0.001711 4893
0.001712 4894
0.001713 4894
0.001714 4894
0.001715 4894
0.001716 4894
0.001717 4896
0.001718 4896
0.001719 4896
0.00172 4895
0.001721 4894
0.001722 4894
0.001723 4894
0.001724 4894
0.001725 4894
0.001726 4894
0.001727 4894
0.001728 4894
0.001729 4893
0.00173 4893
0.001731 4893
0.001732 4893
0.001733 4893
0.001734 4893
0.001735 4893
0.001736 4893
0.001737 4893
0.001738 4893
0.001739 4893
0.00174 4893
0.001741 4894
0.001742 4894
0.001743 4894
0.001744 4894
0.001745 4894
0.001746 4894
0.001747 4894
0.001748 4894
0.001749 4894
0.00175 4893
0.001751 4893
0.001752 4893
0.001753 4893
0.001754 4893
0.001755 4893
0.001756 4893
0.001757 4893
0.001758 4893
0.001759 4894
0.00176 4894
0.001761 4894
0.001762 4894
0.001763 4894
0.001764 4894
0.001765 4894
0.001766 4893
0.001767 4893
0.001768 4893
0.001769 4893
0.00177 4892
0.001771 4891
0.001772 4891
0.001773 4891
0.001774 4891
0.001775 4891
0.001776 4891
0.001777 4889
0.001778 4889
0.001779 4889
0.00178 4889
0.001781 4890
0.001782 4890
0.001783 4890
0.001784 4890
0.001785 4890
0.001786 4890
0.001787 4889
0.001788 4889
0.001789 4889
0.00179 4889
0.001791 4889
0.001792 4889
0.001793 4889
0.001794 4889
0.001795 4889
0.001796 4889
0.001797 4889
0.001798 4889
0.001799 4889
0.0018 4889
0.001801 4889
0.001802 4889
0.001803 4888
0.001804 4888
0.001805 4888
0.001806 4888
0.001807 4888
0.001808 4888
0.001809 4888
0.00181 4888
0.001811 4888
0.001812 4888
0.001813 4888
0.001814 4888
0.001815 4887
0.001816 4887
0.001817 4887
0.001818 4888
0.001819 4888
0.00182 4888
0.001821 4888
0.001822 4887
0.001823 4887
0.001824 4886
0.001825 4886
0.001826 4886
0.001827 4886
0.001828 4886
0.001829 4886
0.00183 4885
0.001831 4885
0.001832 4887
0.001833 4886
0.001834 4886
0.001835 4886
0.001836 4886
0.001837 4886
0.001838 4886
0.001839 4885
0.00184 4885
0.001841 4885
0.001842 4886
0.001843 4886
0.001844 4886
0.001845 4886
0.001846 4886
0.001847 4886
0.001848 4886
0.001849 4887
0.00185 4887
0.001851 4887
0.001852 4887
0.001853 4887
0.001854 4887
0.001855 4887
0.001856 4888
0.001857 4888
0.001858 4888
0.001859 4888
0.00186 4888
0.001861 4888
0.001862 4888
0.001863 4888
0.001864 4888
0.001865 4888
0.001866 4888
0.001867 4887
0.001868 4887
0.001869 4887
0.00187 4887
0.001871 4887
0.001872 4885
0.001873 4885
0.001874 4886
0.001875 4886
0.001876 4886
0.001877 4888
0.001878 4888
0.001879 4888
0.00188 4888
0.001881 4888
0.001882 4889
0.001883 4888
0.001884 4888
0.001885 4888
0.001886 4887
0.001887 4887
0.001888 4887
0.001889 4887
0.00189 4887
0.001891 4887
0.001892 4886
0.001893 4886
0.001894 4887
0.001895 4887
0.001896 4887
0.001897 4887
0.001898 4887
0.001899 4887
0.0019 4887
0.001901 4887
0.001902 4887
0.001903 4888
0.001904 4888
0.001905 4888
0.001906 4888
0.001907 4888
0.001908 4888
0.001909 4887
0.00191 4889
0.001911 4890
0.001912 4890
0.001913 4890
0.001914 4890
0.001915 4890
0.001916 4890
0.001917 4890
0.001918 4890
0.001919 4890
0.00192 4890
0.001921 4890
0.001922 4890
0.001923 4890
0.001924 4889
0.001925 4889
0.001926 4889
0.001927 4889
0.001928 4889
0.001929 4887
0.00193 4887
0.001931 4886
0.001932 4887
0.001933 4887
0.001934 4887
0.001935 4887
0.001936 4887
0.001937 4889
0.001938 4890
0.001939 4890
0.00194 4890
0.001941 4890
0.001942 4891
0.001943 4891
0.001944 4891
0.001945 4891
0.001946 4892
0.001947 4892
0.001948 4892
0.001949 4892
0.00195 4892
0.001951 4892
0.001952 4892
0.001953 4892
0.001954 4891
0.001955 4891
0.001956 4891
0.001957 4891
0.001958 4890
0.001959 4890
0.00196 4890
0.001961 4890
0.001962 4891
0.001963 4891
0.001964 4891
0.001965 4891
0.001966 4891
0.001967 4890
0.001968 4890
0.001969 4890
0.00197 4890
0.001971 4890
0.001972 4890
0.001973 4891
0.001974 4891
0.001975 4891
0.001976 4890
0.001977 4890
0.001978 4890
0.001979 4890
0.00198 4890
0.001981 4890
0.001982 4890
0.001983 4890
0.001984 4890
0.001985 4890
0.001986 4890
0.001987 4890
0.001988 4890
0.001989 4890
0.00199 4890
0.001991 4890
0.001992 4891
0.001993 4892
0.001994 4892
0.001995 4892
0.001996 4892
0.001997 4892
0.001998 4892
0.001999 4892
0.002 4892
0.002001 4892
0.002002 4891
0.002003 4890
0.002004 4890
0.002005 4890
0.002006 4890
0.002007 4890
0.002008 4890
0.002009 4890
0.00201 4890
0.002011 4890
0.002012 4890
0.002013 4889
0.002014 4889
0.002015 4889
0.002016 4889
0.002017 4889
0.002018 4889
0.002019 4889
0.00202 4889
0.002021 4889
0.002022 4889
0.002023 4889
0.002024 4890
0.002025 4891
0.002026 4891
0.002027 4891
0.002028 4891
0.002029 4891
0.00203 4891
0.002031 4891
0.002032 4891
0.002033 4892
0.002034 4892
0.002035 4892
0.002036 4893
0.002037 4893
0.002038 4893
0.002039 4893
0.00204 4894
0.002041 4892
0.002042 4891
0.002043 4891
0.002044 4891
0.002045 4891
0.002046 4891
0.002047 4891
0.002048 4891
0.002049 4891
0.00205 4891
0.002051 4891
0.002052 4891
0.002053 4892
0.002054 4892
0.002055 4892
0.002056 4892
0.002057 4892
0.002058 4892
0.002059 4893
0.00206 4892
0.002061 4892
0.002062 4892
0.002063 4891
0.002064 4891
0.002065 4891
0.002066 4891
0.002067 4891
0.002068 4891
0.002069 4891
0.00207 4890
0.002071 4890
0.002072 4890
0.002073 4890
0.002074 4890
0.002075 4890
0.002076 4890
0.002077 4890
0.002078 4890
0.002079 4890
0.00208 4890
0.002081 4890
0.002082 4890
0.002083 4890
0.002084 4890
0.002085 4890
0.002086 4890
0.002087 4890
0.002088 4890
0.002089 4890
0.00209 4890
0.002091 4890
0.002092 4890
0.002093 4889
0.002094 4889
0.002095 4890
0.002096 4888
0.002097 4889
0.002098 4889
0.002099 4889
0.0021 4889
0.002101 4889
0.002102 4889
0.002103 4889
0.002104 4889
0.002105 4889
0.002106 4889
0.002107 4888
0.002108 4888
0.002109 4888
0.00211 4888
0.002111 4888
0.002112 4888
0.002113 4888
0.002114 4888
0.002115 4888
0.002116 4888
0.002117 4888
0.002118 4888
0.002119 4888
0.00212 4889
0.002121 4889
0.002122 4887
0.002123 4887
0.002124 4887
0.002125 4885
0.002126 4884
0.002127 4884
0.002128 4884
0.002129 4884
0.00213 4884
0.002131 4884
0.002132 4883
0.002133 4883
0.002134 4883
0.002135 4883
0.002136 4883
0.002137 4883
0.002138 4883
0.002139 4883
0.00214 4883
0.002141 4884
0.002142 4883
0.002143 4883
0.002144 4883
0.002145 4883
0.002146 4883
0.002147 4882
0.002148 4882
0.002149 4882
0.00215 4882
0.002151 4882
0.002152 4882
0.002153 4882
0.002154 4882
0.002155 4882
0.002156 4882
0.002157 4882
0.002158 4881
0.002159 4881
0.00216 4881
0.002161 4881
0.002162 4881
0.002163 4881
0.002164 4880
0.002165 4880
0.002166 4879
0.002167 4879
0.002168 4879
0.002169 4879
0.00217 4879
0.002171 4879
0.002172 4879
0.002173 4879
0.002174 4880
0.002175 4880
0.002176 4880
0.002177 4880
0.002178 4882
0.002179 4882
0.00218 4882
0.002181 4882
0.002182 4882
0.002183 4882
0.002184 4882
0.002185 4881
0.002186 4881
0.002187 4881
0.002188 4881
0.002189 4881
0.00219 4881
0.002191 4881
0.002192 4881
0.002193 4881
0.002194 4881
0.002195 4881
0.002196 4880
0.002197 4879
0.002198 4879
0.002199 4881
0.0022 4881
0.002201 4881
0.002202 4881
0.002203 4881
0.002204 4881
0.002205 4881
0.002206 4881
0.002207 4881
0.002208 4881
0.002209 4880
0.00221 4880
0.002211 4880
0.002212 4881
0.002213 4881
0.002214 4881
0.002215 4881
0.002216 4881
0.002217 4882
0.002218 4882
0.002219 4881
0.00222 4881
0.002221 4881
0.002222 4881
0.002223 4881
0.002224 4881
0.002225 4883
0.002226 4883
0.002227 4883
0.002228 4882
0.002229 4882
0.00223 4882
0.002231 4882
0.002232 4882
0.002233 4882
0.002234 4883
0.002235 4883
0.002236 4883
0.002237 4883
0.002238 4882
0.002239 4881
0.00224 4881
0.002241 4881
0.002242 4881
0.002243 4881
0.002244 4881
0.002245 4880
0.002246 4880
0.002247 4880
0.002248 4880
0.002249 4879
0.00225 4880
0.002251 4877
0.002252 4877
0.002253 4877
0.002254 4877
0.002255 4877
0.002256 4877
0.002257 4877
0.002258 4877
0.002259 4877
0.00226 4877
0.002261 4877
0.002262 4877
0.002263 4876
0.002264 4876
0.002265 4876
0.002266 4876
0.002267 4876
0.002268 4876
0.002269 4876
0.00227 4876
0.002271 4876
0.002272 4877
0.002273 4877
0.002274 4877
0.002275 4876
0.002276 4876
0.002277 4876
0.002278 4877
0.002279 4877
0.00228 4877
0.002281 4877
0.002282 4877
0.002283 4877
0.002284 4877
0.002285 4877
0.002286 4877
0.002287 4877
0.002288 4877
0.002289 4877
0.00229 4877
0.002291 4878
0.002292 4878
0.002293 4878
0.002294 4877
0.002295 4877
0.002296 4877
0.002297 4877
0.002298 4877
0.002299 4876
0.0023 4876
0.002301 4876
0.002302 4875
0.002303 4874
0.002304 4874
0.002305 4874
0.002306 4874
0.002307 4875
0.002308 4875
0.002309 4875
0.00231 4875
0.002311 4875
0.002312 4875
0.002313 4876
0.002314 4876
0.002315 4875
0.002316 4873
0.002317 4873
0.002318 4873
0.002319 4873
0.00232 4873
0.002321 4873
0.002322 4872
0.002323 4872
0.002324 4872
0.002325 4872
0.002326 4872
0.002327 4872
0.002328 4871
0.002329 4871
0.00233 4870
0.002331 4870
0.002332 4870
0.002333 4870
0.002334 4870
0.002335 4870
0.002336 4870
0.002337 4870
0.002338 4870
0.002339 4870
0.00234 4870
0.002341 4870
0.002342 4870
0.002343 4870
0.002344 4871
0.002345 4871
0.002346 4870
0.002347 4869
0.002348 4869
0.002349 4869
0.00235 4869
0.002351 4869
0.002352 4870
0.002353 4870
0.002354 4870
0.002355 4870
0.002356 4870
0.002357 4870
0.002358 4870
0.002359 4869
0.00236 4869
0.002361 4870
0.002362 4870
0.002363 4870
0.002364 4870
0.002365 4870
0.002366 4870
0.002367 4870
0.002368 4871
0.002369 4871
0.00237 4871
0.002371 4871
0.002372 4871
0.002373 4871
0.002374 4871
0.002375 4871
0.002376 4871
0.002377 4871
0.002378 4871
0.002379 4871
0.00238 4870
0.002381 4870
0.002382 4870
0.002383 4870
0.002384 4870
0.002385 4870
0.002386 4870
0.002387 4870
0.002388 4870
0.002389 4870
0.00239 4870
0.002391 4870
0.002392 4871
0.002393 4871
0.002394 4871
0.002395 4871
0.002396 4871
0.002397 4871
0.002398 4872
0.002399 4872
0.0024 4872
0.002401 4872
0.002402 4872
0.002403 4872
0.002404 4872
0.002405 4872
0.002406 4872
0.002407 4872
0.002408 4871
0.002409 4871
0.00241 4871
0.002411 4871
0.002412 4871
0.002413 4871
0.002414 4872
0.002415 4872
0.002416 4872
0.002417 4873
0.002418 4873
0.002419 4873
0.00242 4872
0.002421 4872
0.002422 4872
0.002423 4873
0.002424 4873
0.002425 4873
0.002426 4873
0.002427 4873
0.002428 4873
0.002429 4874
0.00243 4874
0.002431 4874
0.002432 4874
0.002433 4873
0.002434 4874
0.002435 4876
0.002436 4875
0.002437 4875
0.002438 4875
0.002439 4875
0.00244 4874
0.002441 4874
0.002442 4874
0.002443 4874
0.002444 4874
0.002445 4874
0.002446 4874
0.002447 4874
0.002448 4874
0.002449 4874
0.00245 4874
0.002451 4874
0.002452 4874
0.002453 4874
0.002454 4874
0.002455 4875
0.002456 4875
0.002457 4874
0.002458 4875
0.002459 4875
0.00246 4875
0.002461 4876
0.002462 4875
0.002463 4875
0.002464 4875
0.002465 4876
0.002466 4876
0.002467 4876
0.002468 4876
0.002469 4877
0.00247 4877
0.002471 4877
0.002472 4876
0.002473 4875
0.002474 4875
0.002475 4875
0.002476 4875
0.002477 4876
0.002478 4877
0.002479 4877
0.00248 4877
0.002481 4878
0.002482 4878
0.002483 4877
0.002484 4876
0.002485 4875
0.002486 4875
0.002487 4875
0.002488 4876
0.002489 4876
0.00249 4876
0.002491 4876
0.002492 4875
0.002493 4875
0.002494 4875
0.002495 4875
0.002496 4875
0.002497 4875
0.002498 4875
0.002499 4875
0.0025 4875
0.002501 4875
0.002502 4875
0.002503 4875
0.002504 4875
0.002505 4875
0.002506 4875
0.002507 4875
0.002508 4875
0.002509 4875
0.00251 4875
0.002511 4874
0.002512 4874
0.002513 4875
0.002514 4875
0.002515 4874
0.002516 4874
0.002517 4874
0.002518 4874
0.002519 4874
0.00252 4874
0.002521 4874
0.002522 4876
0.002523 4876
0.002524 4876
0.002525 4876
0.002526 4876
0.002527 4876
0.002528 4876
0.002529 4876
0.00253 4876
0.002531 4876
0.002532 4877
0.002533 4878
0.002534 4878
0.002535 4877
0.002536 4877
0.002537 4877
0.002538 4876
0.002539 4876
0.00254 4875
0.002541 4874
0.002542 4874
0.002543 4873
0.002544 4873
0.002545 4873
0.002546 4873
0.002547 4873
0.002548 4872
0.002549 4872
0.00255 4873
0.002551 4873
0.002552 4873
0.002553 4874
0.002554 4874
0.002555 4874
0.002556 4874
0.002557 4873
0.002558 4873
0.002559 4874
0.00256 4874
0.002561 4874
0.002562 4874
0.002563 4873
0.002564 4872
0.002565 4872
0.002566 4873
0.002567 4873
0.002568 4873
0.002569 4873
0.00257 4873
0.002571 4873
0.002572 4873
0.002573 4872
0.002574 4872
0.002575 4871
0.002576 4871
0.002577 4871
0.002578 4871
0.002579 4871
0.00258 4872
0.002581 4871
0.002582 4871
0.002583 4871
0.002584 4871
0.002585 4871
0.002586 4870
0.002587 4870
0.002588 4870
0.002589 4869
0.00259 4869
0.002591 4870
0.002592 4871
0.002593 4871
0.002594 4871
0.002595 4871
0.002596 4871
0.002597 4871
0.002598 4871
0.002599 4872
0.0026 4872
0.002601 4872
0.002602 4871
0.002603 4871
0.002604 4871
0.002605 4870
0.002606 4870
0.002607 4870
0.002608 4870
0.002609 4869
0.00261 4868
0.002611 4868
0.002612 4868
0.002613 4868
0.002614 4868
0.002615 4868
0.002616 4867
0.002617 4867
0.002618 4867
0.002619 4868
0.00262 4868
0.002621 4868
0.002622 4868
0.002623 4868
0.002624 4867
0.002625 4867
0.002626 4868
0.002627 4868
0.002628 4868
0.002629 4867
0.00263 4867
0.002631 4867
0.002632 4866
0.002633 4866
0.002634 4865
0.002635 4867
0.002636 4866
0.002637 4866
0.002638 4866
0.002639 4866
0.00264 4865
0.002641 4865
0.002642 4866
0.002643 4865
0.002644 4865
0.002645 4864
0.002646 4864
0.002647 4864
0.002648 4864
0.002649 4864
0.00265 4864
0.002651 4864
0.002652 4864
0.002653 4863
0.002654 4863
0.002655 4864
0.002656 4864
0.002657 4864
0.002658 4864
0.002659 4864
0.00266 4864
0.002661 4863
0.002662 4863
0.002663 4863
0.002664 4863
0.002665 4863
0.002666 4862
0.002667 4861
0.002668 4862
0.002669 4862
0.00267 4861
0.002671 4861
0.002672 4861
0.002673 4861
0.002674 4860
0.002675 4862
0.002676 4861
0.002677 4862
0.002678 4862
0.002679 4863
0.00268 4862
0.002681 4861
0.002682 4861
0.002683 4861
0.002684 4861
0.002685 4861
0.002686 4861
0.002687 4861
0.002688 4862
0.002689 4864
0.00269 4864
0.002691 4864
0.002692 4863
0.002693 4864
0.002694 4864
0.002695 4864
0.002696 4865
0.002697 4865
0.002698 4866
0.002699 4866
0.0027 4866
0.002701 4866
0.002702 4866
0.002703 4867
0.002704 4867
0.002705 4867
0.002706 4867
0.002707 4868
0.002708 4869
0.002709 4869
0.00271 4869
0.002711 4870
0.002712 4870
0.002713 4870
0.002714 4870
0.002715 4870
0.002716 4869
0.002717 4870
0.002718 4869
0.002719 4868
0.00272 4868
0.002721 4868
0.002722 4868
0.002723 4869
0.002724 4869
0.002725 4869
0.002726 4869
0.002727 4870
0.002728 4870
0.002729 4870
0.00273 4870
0.002731 4870
0.002732 4870
0.002733 4870
0.002734 4872
0.002735 4872
0.002736 4872
0.002737 4871
0.002738 4872
0.002739 4872
0.00274 4872
0.002741 4872
0.002742 4872
0.002743 4872
0.002744 4872
0.002745 4872
0.002746 4872
0.002747 4872
0.002748 4872
0.002749 4872
0.00275 4872
0.002751 4872
0.002752 4872
0.002753 4872
0.002754 4872
0.002755 4872
0.002756 4872
0.002757 4872
0.002758 4872
0.002759 4873
0.00276 4873
0.002761 4873
0.002762 4873
0.002763 4873
0.002764 4873
0.002765 4873
0.002766 4873
0.002767 4873
0.002768 4873
0.002769 4873
0.00277 4873
0.002771 4873
0.002772 4873
0.002773 4873
0.002774 4873
0.002775 4873
0.002776 4872
0.002777 4871
0.002778 4871
0.002779 4871
0.00278 4871
0.002781 4871
0.002782 4871
0.002783 4871
0.002784 4870
0.002785 4870
0.002786 4871
0.002787 4871
0.002788 4871
0.002789 4871
0.00279 4871
0.002791 4871
0.002792 4871
0.002793 4871
0.002794 4871
0.002795 4871
0.002796 4871
0.002797 4871
0.002798 4871
0.002799 4871
0.0028 4871
0.002801 4871
0.002802 4872
0.002803 4872
0.002804 4872
0.002805 4872
0.002806 4872
0.002807 4871
0.002808 4869
0.002809 4869
0.00281 4869
0.002811 4869
0.002812 4869
0.002813 4869
0.002814 4869
0.002815 4869
0.002816 4869
0.002817 4869
0.002818 4869
0.002819 4869
0.00282 4869
0.002821 4868
0.002822 4868
0.002823 4868
0.002824 4868
0.002825 4869
0.002826 4869
0.002827 4870
0.002828 4869
0.002829 4869
0.00283 4869
0.002831 4869
0.002832 4870
0.002833 4871
0.002834 4871
0.002835 4870
0.002836 4870
0.002837 4870
0.002838 4870
0.002839 4870
0.00284 4870
0.002841 4869
0.002842 4870
0.002843 4870
0.002844 4870
0.002845 4870
0.002846 4870
0.002847 4869
0.002848 4869
0.002849 4869
0.00285 4869
0.002851 4869
0.002852 4869
0.002853 4869
0.002854 4869
0.002855 4870
0.002856 4870
0.002857 4870
0.002858 4870
0.002859 4871
0.00286 4871
0.002861 4871
0.002862 4871
0.002863 4872
0.002864 4872
0.002865 4872
0.002866 4872
0.002867 4872
0.002868 4872
0.002869 4872
0.00287 4871
0.002871 4871
0.002872 4871
0.002873 4871
0.002874 4871
0.002875 4871
0.002876 4871
0.002877 4871
0.002878 4871
0.002879 4871
0.00288 4871
0.002881 4871
0.002882 4871
0.002883 4870
0.002884 4870
0.002885 4870
0.002886 4870
0.002887 4870
0.002888 4870
0.002889 4870
0.00289 4870
0.002891 4870
0.002892 4871
0.002893 4871
0.002894 4871
0.002895 4871
0.002896 4871
0.002897 4870
0.002898 4869
0.002899 4869
0.0029 4869
0.002901 4870
0.002902 4871
0.002903 4871
0.002904 4871
0.002905 4871
0.002906 4871
0.002907 4870
0.002908 4869
0.002909 4870
0.00291 4870
0.002911 4870
0.002912 4870
0.002913 4870
0.002914 4869
0.002915 4869
0.002916 4869
0.002917 4869
0.002918 4869
0.002919 4869
0.00292 4869
0.002921 4869
0.002922 4869
0.002923 4870
0.002924 4870
0.002925 4871
0.002926 4872
0.002927 4872
0.002928 4872
0.002929 4873
0.00293 4873
0.002931 4873
0.002932 4873
0.002933 4873
0.002934 4873
0.002935 4873
0.002936 4873
0.002937 4873
0.002938 4872
0.002939 4872
0.00294 4872
0.002941 4872
0.002942 4871
0.002943 4871
0.002944 4871
0.002945 4870
0.002946 4868
0.002947 4868
0.002948 4868
0.002949 4869
0.00295 4869
0.002951 4868
0.002952 4868
0.002953 4868
0.002954 4868
0.002955 4868
0.002956 4869
0.002957 4869
0.002958 4870
0.002959 4870
0.00296 4870
0.002961 4870
0.002962 4870
0.002963 4870
0.002964 4870
0.002965 4871
0.002966 4871
0.002967 4871
0.002968 4871
0.002969 4871
0.00297 4871
0.002971 4871
0.002972 4871
0.002973 4871
0.002974 4870
0.002975 4870
0.002976 4871
0.002977 4871
0.002978 4871
0.002979 4872
0.00298 4872
0.002981 4872
0.002982 4872
0.002983 4872
0.002984 4872
0.002985 4872
0.002986 4872
0.002987 4872
0.002988 4872
0.002989 4872
0.00299 4872
0.002991 4872
0.002992 4874
0.002993 4874
0.002994 4874
0.002995 4874
0.002996 4874
0.002997 4874
0.002998 4874
0.002999 4874
0.003 4874
0.003001 4873
0.003002 4874
0.003003 4874
0.003004 4874
0.003005 4875
0.003006 4875
0.003007 4874
0.003008 4874
0.003009 4874
0.00301 4874
0.003011 4874
0.003012 4875
0.003013 4875
0.003014 4875
0.003015 4875
0.003016 4876
0.003017 4877
0.003018 4877
0.003019 4878
0.00302 4878
0.003021 4877
0.003022 4876
0.003023 4876
0.003024 4877
0.003025 4877
0.003026 4877
0.003027 4878
0.003028 4878
0.003029 4878
0.00303 4879
0.003031 4879
0.003032 4878
0.003033 4878
0.003034 4878
0.003035 4879
0.003036 4879
0.003037 4879
0.003038 4879
0.003039 4879
0.00304 4878
0.003041 4878
0.003042 4878
0.003043 4879
0.003044 4879
0.003045 4881
0.003046 4881
0.003047 4881
0.003048 4881
0.003049 4880
0.00305 4880
0.003051 4881
0.003052 4881
0.003053 4881
0.003054 4881
0.003055 4881
0.003056 4881
0.003057 4881
0.003058 4881
0.003059 4881
0.00306 4880
0.003061 4880
0.003062 4880
0.003063 4880
0.003064 4880
0.003065 4880
0.003066 4880
0.003067 4879
0.003068 4879
0.003069 4879
0.00307 4879
0.003071 4879
0.003072 4879
0.003073 4877
0.003074 4877
0.003075 4877
0.003076 4877
0.003077 4877
0.003078 4877
0.003079 4877
0.00308 4877
0.003081 4877
0.003082 4876
0.003083 4875
0.003084 4875
0.003085 4875
0.003086 4875
0.003087 4875
0.003088 4875
0.003089 4875
0.00309 4875
0.003091 4874
0.003092 4874
0.003093 4874
0.003094 4874
0.003095 4874
0.003096 4875
0.003097 4875
0.003098 4876
0.003099 4876
0.0031 4876
0.003101 4876
0.003102 4875
0.003103 4875
0.003104 4875
0.003105 4875
0.003106 4875
0.003107 4875
0.003108 4875
0.003109 4875
0.00311 4875
0.003111 4874
0.003112 4874
0.003113 4875
0.003114 4875
0.003115 4876
0.003116 4876
0.003117 4876
0.003118 4876
0.003119 4876
0.00312 4876
0.003121 4876
0.003122 4876
0.003123 4876
0.003124 4876
0.003125 4876
0.003126 4876
0.003127 4876
0.003128 4877
0.003129 4877
0.00313 4877
0.003131 4878
0.003132 4878
0.003133 4879
0.003134 4879
0.003135 4880
0.003136 4880
0.003137 4879
0.003138 4879
0.003139 4879
0.00314 4879
0.003141 4878
0.003142 4878
0.003143 4876
0.003144 4875
0.003145 4874
0.003146 4874
0.003147 4874
0.003148 4874
0.003149 4874
0.00315 4875
0.003151 4875
0.003152 4875
0.003153 4875
0.003154 4875
0.003155 4874
0.003156 4874
0.003157 4874
0.003158 4874
0.003159 4874
0.00316 4874
0.003161 4875
0.003162 4873
0.003163 4873
0.003164 4873
0.003165 4873
0.003166 4874
0.003167 4874
0.003168 4874
0.003169 4874
0.00317 4874
0.003171 4874
0.003172 4874
0.003173 4874
0.003174 4873
0.003175 4873
0.003176 4873
0.003177 4873
0.003178 4873
0.003179 4872
0.00318 4872
0.003181 4873
0.003182 4873
0.003183 4874
0.003184 4875
0.003185 4875
0.003186 4875
0.003187 4875
0.003188 4875
0.003189 4874
0.00319 4874
0.003191 4875
0.003192 4875
0.003193 4875
0.003194 4875
0.003195 4875
0.003196 4875
0.003197 4875
0.003198 4875
0.003199 4876
0.0032 4876
0.003201 4876
0.003202 4876
0.003203 4876
0.003204 4876
0.003205 4876
0.003206 4876
0.003207 4875
0.003208 4874
0.003209 4875
0.00321 4875
0.003211 4874
0.003212 4874
0.003213 4873
0.003214 4872
0.003215 4874
0.003216 4874
0.003217 4873
0.003218 4873
0.003219 4874
0.00322 4874
0.003221 4874
0.003222 4874
0.003223 4874
0.003224 4874
0.003225 4874
0.003226 4874
0.003227 4874
0.003228 4875
0.003229 4875
0.00323 4875
0.003231 4875
0.003232 4875
0.003233 4874
0.003234 4874
0.003235 4873
0.003236 4874
0.003237 4874
0.003238 4874
0.003239 4874
0.00324 4873
0.003241 4873
0.003242 4872
0.003243 4872
0.003244 4873
0.003245 4873
0.003246 4873
0.003247 4873
0.003248 4873
0.003249 4873
0.00325 4873
0.003251 4873
0.003252 4873
0.003253 4873
0.003254 4872
0.003255 4871
0.003256 4871
0.003257 4871
0.003258 4871
0.003259 4871
0.00326 4870
0.003261 4869
0.003262 4868
0.003263 4867
0.003264 4866
0.003265 4866
0.003266 4866
0.003267 4867
0.003268 4867
0.003269 4868
0.00327 4868
0.003271 4868
0.003272 4867
0.003273 4865
0.003274 4865
0.003275 4864
0.003276 4864
0.003277 4864
0.003278 4863
0.003279 4862
0.00328 4863
0.003281 4863
0.003282 4864
0.003283 4864
0.003284 4864
0.003285 4863
0.003286 4863
0.003287 4863
0.003288 4864
0.003289 4864
0.00329 4864
0.003291 4864
0.003292 4864
0.003293 4863
0.003294 4863
0.003295 4864
0.003296 4864
0.003297 4863
0.003298 4863
0.003299 4863
0.0033 4863
0.003301 4862
0.003302 4862
0.003303 4862
0.003304 4862
0.003305 4862
0.003306 4862
0.003307 4863
0.003308 4863
0.003309 4863
0.00331 4863
0.003311 4862
0.003312 4862
0.003313 4862
0.003314 4862
0.003315 4862
0.003316 4862
0.003317 4862
0.003318 4863
0.003319 4862
0.00332 4862
0.003321 4862
0.003322 4861
0.003323 4860
0.003324 4861
0.003325 4861
0.003326 4861
0.003327 4860
0.003328 4860
0.003329 4861
0.00333 4861
0.003331 4860
0.003332 4860
0.003333 4861
0.003334 4860
0.003335 4860
0.003336 4860
0.003337 4860
0.003338 4860
0.003339 4860
0.00334 4861
0.003341 4861
0.003342 4861
0.003343 4861
0.003344 4862
0.003345 4862
0.003346 4862
0.003347 4862
0.003348 4862
0.003349 4862
0.00335 4862
0.003351 4862
0.003352 4862
0.003353 4863
0.003354 4863
0.003355 4862
0.003356 4861
0.003357 4861
0.003358 4861
0.003359 4861
0.00336 4863
0.003361 4862
0.003362 4862
0.003363 4862
0.003364 4862
0.003365 4862
0.003366 4862
0.003367 4862
0.003368 4863
0.003369 4863
0.00337 4862
0.003371 4862
0.003372 4862
0.003373 4863
0.003374 4863
0.003375 4860
0.003376 4860
0.003377 4860
0.003378 4860
0.003379 4860
0.00338 4860
0.003381 4860
0.003382 4862
0.003383 4862
0.003384 4862
0.003385 4862
0.003386 4862
0.003387 4862
0.003388 4862
0.003389 4862
0.00339 4861
0.003391 4861
0.003392 4861
0.003393 4861
0.003394 4861
0.003395 4861
0.003396 4861
0.003397 4861
0.003398 4861
0.003399 4861
0.0034 4861
0.003401 4864
0.003402 4865
0.003403 4865
0.003404 4865
0.003405 4865
0.003406 4865
0.003407 4865
0.003408 4865
0.003409 4865
0.00341 4865
0.003411 4868
0.003412 4866
0.003413 4866
0.003414 4866
0.003415 4866
0.003416 4866
0.003417 4866
0.003418 4864
0.003419 4864
0.00342 4864
0.003421 4864
0.003422 4864
0.003423 4864
0.003424 4865
0.003425 4864
0.003426 4862
0.003427 4862
0.003428 4860
0.003429 4860
0.00343 4860
0.003431 4860
0.003432 4860
0.003433 4860
0.003434 4860
0.003435 4861
0.003436 4861
0.003437 4861
0.003438 4861
0.003439 4863
0.00344 4863
0.003441 4863
0.003442 4863
0.003443 4862
0.003444 4861
0.003445 4862
0.003446 4861
0.003447 4861
0.003448 4860
0.003449 4860
0.00345 4860
0.003451 4860
0.003452 4860
0.003453 4860
0.003454 4860
0.003455 4860
0.003456 4860
0.003457 4860
0.003458 4861
0.003459 4862
0.00346 4862
0.003461 4862
0.003462 4861
0.003463 4861
0.003464 4861
0.003465 4861
0.003466 4862
0.003467 4863
0.003468 4862
0.003469 4862
0.00347 4862
0.003471 4862
0.003472 4861
0.003473 4860
0.003474 4860
0.003475 4861
0.003476 4861
0.003477 4861
0.003478 4861
0.003479 4861
0.00348 4862
0.003481 4863
0.003482 4863
0.003483 4863
0.003484 4863
0.003485 4862
0.003486 4862
0.003487 4862
0.003488 4862
0.003489 4862
0.00349 4862
0.003491 4862
0.003492 4862
0.003493 4862
0.003494 4862
0.003495 4862
0.003496 4862
0.003497 4862
0.003498 4863
0.003499 4863
0.0035 4862
0.003501 4862
0.003502 4862
0.003503 4860
0.003504 4861
0.003505 4862
0.003506 4862
0.003507 4862
0.003508 4862
0.003509 4862
0.00351 4864
0.003511 4863
0.003512 4862
0.003513 4863
0.003514 4862
0.003515 4862
0.003516 4861
0.003517 4861
0.003518 4861
0.003519 4861
0.00352 4862
0.003521 4862
0.003522 4862
0.003523 4863
0.003524 4863
0.003525 4863
0.003526 4863
0.003527 4863
0.003528 4862
0.003529 4863
0.00353 4864
0.003531 4864
0.003532 4863
0.003533 4864
0.003534 4864
0.003535 4864
0.003536 4864
0.003537 4863
0.003538 4863
0.003539 4862
0.00354 4862
0.003541 4862
0.003542 4862
0.003543 4862
0.003544 4862
0.003545 4861
0.003546 4861
0.003547 4861
0.003548 4861
0.003549 4861
0.00355 4861
0.003551 4861
0.003552 4861
0.003553 4860
0.003554 4860
0.003555 4860
0.003556 4859
0.003557 4859
0.003558 4859
0.003559 4859
0.00356 4859
0.003561 4858
0.003562 4859
0.003563 4859
0.003564 4859
0.003565 4859
0.003566 4860
0.003567 4859
0.003568 4859
0.003569 4858
0.00357 4858
0.003571 4858
0.003572 4857
0.003573 4857
0.003574 4857
0.003575 4857
0.003576 4857
0.003577 4857
0.003578 4857
0.003579 4857
0.00358 4857
0.003581 4857
0.003582 4857
0.003583 4857
0.003584 4857
0.003585 4857
0.003586 4857
0.003587 4856
0.003588 4856
0.003589 4857
0.00359 4857
0.003591 4857
0.003592 4858
0.003593 4858
0.003594 4858
0.003595 4858
0.003596 4858
0.003597 4857
0.003598 4857
0.003599 4858
0.0036 4858
0.003601 4858
0.003602 4858
0.003603 4859
0.003604 4859
0.003605 4859
0.003606 4859
0.003607 4859
0.003608 4859
0.003609 4858
0.00361 4858
0.003611 4858
0.003612 4858
0.003613 4858
0.003614 4858
0.003615 4859
0.003616 4858
0.003617 4858
0.003618 4858
0.003619 4857
0.00362 4857
0.003621 4857
0.003622 4857
0.003623 4857
0.003624 4856
0.003625 4855
0.003626 4855
0.003627 4855
0.003628 4855
0.003629 4855
0.00363 4855
0.003631 4855
0.003632 4855
0.003633 4855
0.003634 4856
0.003635 4857
0.003636 4858
0.003637 4858
0.003638 4858
0.003639 4858
0.00364 4858
0.003641 4857
0.003642 4857
0.003643 4857
0.003644 4858
0.003645 4858
0.003646 4858
0.003647 4859
0.003648 4860
0.003649 4863
0.00365 4862
0.003651 4862
0.003652 4862
0.003653 4862
0.003654 4862
0.003655 4863
0.003656 4862
0.003657 4862
0.003658 4861
0.003659 4860
0.00366 4860
0.003661 4860
0.003662 4859
0.003663 4858
0.003664 4858
0.003665 4857
0.003666 4857
0.003667 4857
0.003668 4857
0.003669 4857
0.00367 4856
0.003671 4856
0.003672 4856
0.003673 4856
0.003674 4857
0.003675 4857
0.003676 4857
0.003677 4857
0.003678 4857
0.003679 4857
0.00368 4858
0.003681 4858
0.003682 4858
0.003683 4858
0.003684 4858
0.003685 4858
0.003686 4858
0.003687 4857
0.003688 4857
0.003689 4857
0.00369 4857
0.003691 4857
0.003692 4856
0.003693 4856
0.003694 4855
0.003695 4855
0.003696 4854
0.003697 4854
0.003698 4856
0.003699 4856
0.0037 4855
0.003701 4855
0.003702 4855
0.003703 4855
0.003704 4855
0.003705 4856
0.003706 4857
0.003707 4857
0.003708 4857
0.003709 4857
0.00371 4857
0.003711 4857
0.003712 4856
0.003713 4855
0.003714 4855
0.003715 4855
0.003716 4856
0.003717 4856
0.003718 4856
0.003719 4856
0.00372 4856
0.003721 4856
0.003722 4856
0.003723 4856
0.003724 4857
0.003725 4858
0.003726 4859
0.003727 4858
0.003728 4858
0.003729 4859
0.00373 4859
0.003731 4858
0.003732 4859
0.003733 4859
0.003734 4858
0.003735 4858
0.003736 4858
0.003737 4858
0.003738 4858
0.003739 4858
0.00374 4858
0.003741 4858
0.003742 4859
0.003743 4859
0.003744 4859
0.003745 4859
0.003746 4859
0.003747 4860
0.003748 4860
0.003749 4860
0.00375 4860
0.003751 4861
0.003752 4861
0.003753 4860
0.003754 4859
0.003755 4859
0.003756 4859
0.003757 4858
0.003758 4859
0.003759 4859
0.00376 4859
0.003761 4859
0.003762 4859
0.003763 4859
0.003764 4859
0.003765 4859
0.003766 4859
0.003767 4859
0.003768 4859
0.003769 4859
0.00377 4860
0.003771 4861
0.003772 4861
0.003773 4861
0.003774 4861
0.003775 4861
0.003776 4860
0.003777 4860
0.003778 4860
0.003779 4860
0.00378 4860
0.003781 4860
0.003782 4861
0.003783 4861
0.003784 4861
0.003785 4861
0.003786 4862
0.003787 4862
0.003788 4862
0.003789 4862
0.00379 4862
0.003791 4862
0.003792 4862
0.003793 4862
0.003794 4862
0.003795 4862
0.003796 4861
0.003797 4861
0.003798 4861
0.003799 4861
0.0038 4861
0.003801 4861
0.003802 4860
0.003803 4860
0.003804 4860
0.003805 4859
0.003806 4859
0.003807 4860
0.003808 4860
0.003809 4860
0.00381 4860
0.003811 4860
0.003812 4859
0.003813 4859
0.003814 4858
0.003815 4858
0.003816 4858
0.003817 4859
0.003818 4859
0.003819 4859
0.00382 4859
0.003821 4859
0.003822 4859
0.003823 4859
0.003824 4862
0.003825 4862
0.003826 4862
0.003827 4862
0.003828 4862
0.003829 4862
0.00383 4861
0.003831 4861
0.003832 4861
0.003833 4861
0.003834 4861
0.003835 4862
0.003836 4862
0.003837 4862
0.003838 4862
0.003839 4862
0.00384 4862
0.003841 4862
0.003842 4862
0.003843 4862
0.003844 4862
0.003845 4863
0.003846 4863
0.003847 4863
0.003848 4863
0.003849 4863
0.00385 4863
0.003851 4863
0.003852 4863
0.003853 4862
0.003854 4862
0.003855 4862
0.003856 4862
0.003857 4862
0.003858 4862
0.003859 4862
0.00386 4862
0.003861 4862
0.003862 4863
0.003863 4863
0.003864 4863
0.003865 4864
0.003866 4864
0.003867 4864
0.003868 4864
0.003869 4864
0.00387 4864
0.003871 4865
0.003872 4865
0.003873 4865
0.003874 4865
0.003875 4865
0.003876 4865
0.003877 4865
0.003878 4866
0.003879 4866
0.00388 4866
0.003881 4865
0.003882 4865
0.003883 4865
0.003884 4865
0.003885 4865
0.003886 4865
0.003887 4865
0.003888 4865
0.003889 4864
0.00389 4864
0.003891 4863
0.003892 4863
0.003893 4864
0.003894 4864
0.003895 4865
0.003896 4865
0.003897 4865
0.003898 4866
0.003899 4866
0.0039 4866
0.003901 4865
0.003902 4865
0.003903 4864
0.003904 4864
0.003905 4864
0.003906 4862
0.003907 4861
0.003908 4861
0.003909 4861
0.00391 4860
0.003911 4860
0.003912 4860
0.003913 4860
0.003914 4859
0.003915 4860
0.003916 4859
0.003917 4859
0.003918 4860
0.003919 4860
0.00392 4860
0.003921 4860
0.003922 4860
0.003923 4860
0.003924 4860
0.003925 4860
0.003926 4859
0.003927 4858
0.003928 4858
0.003929 4858
0.00393 4858
0.003931 4858
0.003932 4858
0.003933 4858
0.003934 4858
0.003935 4858
0.003936 4858
0.003937 4858
0.003938 4858
0.003939 4858
0.00394 4858
0.003941 4858
0.003942 4858
0.003943 4858
0.003944 4858
0.003945 4858
0.003946 4858
0.003947 4856
0.003948 4856
0.003949 4856
0.00395 4856
0.003951 4856
0.003952 4856
0.003953 4856
0.003954 4856
0.003955 4857
0.003956 4858
0.003957 4857
0.003958 4857
0.003959 4857
0.00396 4857
0.003961 4857
0.003962 4857
0.003963 4857
0.003964 4856
0.003965 4856
0.003966 4856
0.003967 4857
0.003968 4857
0.003969 4858
0.00397 4858
0.003971 4858
0.003972 4857
0.003973 4857
0.003974 4858
0.003975 4858
0.003976 4859
0.003977 4858
0.003978 4858
0.003979 4858
0.00398 4857
0.003981 4857
0.003982 4857
0.003983 4857
0.003984 4857
0.003985 4857
0.003986 4857
0.003987 4857
0.003988 4857
0.003989 4857
0.00399 4857
0.003991 4857
0.003992 4857
0.003993 4858
0.003994 4859
0.003995 4859
0.003996 4859
0.003997 4859
0.003998 4859
0.003999 4859
0.004 4859
0.004001 4859
0.004002 4859
0.004003 4859
0.004004 4858
0.004005 4859
0.004006 4859
0.004007 4860
0.004008 4859
0.004009 4859
0.00401 4859
0.004011 4860
0.004012 4860
0.004013 4860
0.004014 4860
0.004015 4860
0.004016 4860
0.004017 4861
0.004018 4861
0.004019 4862
0.00402 4862
0.004021 4863
0.004022 4862
0.004023 4862
0.004024 4862
0.004025 4862
0.004026 4862
0.004027 4863
0.004028 4863
0.004029 4863
0.00403 4862
0.004031 4862
0.004032 4862
0.004033 4862
0.004034 4862
0.004035 4862
0.004036 4862
0.004037 4863
0.004038 4863
0.004039 4863
0.00404 4863
0.004041 4863
0.004042 4864
0.004043 4864
0.004044 4863
0.004045 4862
0.004046 4862
0.004047 4862
0.004048 4863
0.004049 4863
0.00405 4863
0.004051 4863
0.004052 4863
0.004053 4863
0.004054 4864
0.004055 4864
0.004056 4864
0.004057 4864
0.004058 4864
0.004059 4864
0.00406 4863
0.004061 4863
0.004062 4863
0.004063 4863
0.004064 4863
0.004065 4862
0.004066 4862
0.004067 4862
0.004068 4861
0.004069 4861
0.00407 4861
0.004071 4861
0.004072 4861
0.004073 4861
0.004074 4860
0.004075 4860
0.004076 4861
0.004077 4861
0.004078 4862
0.004079 4862
0.00408 4862
0.004081 4862
0.004082 4862
0.004083 4862
0.004084 4862
0.004085 4862
0.004086 4862
0.004087 4862
0.004088 4863
0.004089 4863
0.00409 4863
0.004091 4863
0.004092 4863
0.004093 4862
0.004094 4862
0.004095 4861
0.004096 4861
0.004097 4861
0.004098 4861
0.004099 4861
0.0041 4861
0.004101 4861
0.004102 4860
0.004103 4860
0.004104 4860
0.004105 4860
0.004106 4861
0.004107 4861
0.004108 4861
0.004109 4861
0.00411 4862
0.004111 4862
0.004112 4861
0.004113 4861
0.004114 4860
0.004115 4860
0.004116 4860
0.004117 4860
0.004118 4860
0.004119 4860
0.00412 4861
0.004121 4861
0.004122 4861
0.004123 4861
0.004124 4861
0.004125 4861
0.004126 4862
0.004127 4861
0.004128 4861
0.004129 4861
0.00413 4860
0.004131 4860
0.004132 4860
0.004133 4860
0.004134 4859
0.004135 4860
0.004136 4861
0.004137 4861
0.004138 4861
0.004139 4862
0.00414 4862
0.004141 4862
0.004142 4862
0.004143 4862
0.004144 4862
0.004145 4863
0.004146 4863
0.004147 4863
0.004148 4864
0.004149 4864
0.00415 4864
0.004151 4864
0.004152 4864
0.004153 4865
0.004154 4865
0.004155 4864
0.004156 4864
0.004157 4864
0.004158 4864
0.004159 4864
0.00416 4864
0.004161 4864
0.004162 4864
0.004163 4866
0.004164 4865
0.004165 4865
0.004166 4866
0.004167 4866
0.004168 4866
0.004169 4866
0.00417 4866
0.004171 4866
0.004172 4866
0.004173 4866
0.004174 4866
0.004175 4866
0.004176 4866
0.004177 4866
0.004178 4865
0.004179 4864
0.00418 4864
0.004181 4863
0.004182 4862
0.004183 4862
0.004184 4862
0.004185 4863
0.004186 4863
0.004187 4863
0.004188 4863
0.004189 4863
0.00419 4863
0.004191 4863
0.004192 4863
0.004193 4863
0.004194 4863
0.004195 4863
0.004196 4863
0.004197 4863
0.004198 4863
0.004199 4861
0.0042 4861
0.004201 4860
0.004202 4859
0.004203 4860
0.004204 4860
0.004205 4860
0.004206 4860
0.004207 4859
0.004208 4859
0.004209 4859
0.00421 4859
0.004211 4858
0.004212 4858
0.004213 4857
0.004214 4857
0.004215 4857
0.004216 4857
0.004217 4857
0.004218 4857
0.004219 4857
0.00422 4857
0.004221 4856
0.004222 4856
0.004223 4856
0.004224 4856
0.004225 4855
0.004226 4855
0.004227 4855
0.004228 4855
0.004229 4854
0.00423 4853
0.004231 4853
0.004232 4853
0.004233 4853
0.004234 4853
0.004235 4852
0.004236 4852
0.004237 4852
0.004238 4852
0.004239 4852
0.00424 4852
0.004241 4850
0.004242 4850
0.004243 4850
0.004244 4850
0.004245 4850
0.004246 4850
0.004247 4850
0.004248 4850
0.004249 4850
0.00425 4850
0.004251 4850
0.004252 4850
0.004253 4849
0.004254 4849
0.004255 4849
0.004256 4850
0.004257 4850
0.004258 4851
0.004259 4851
0.00426 4851
0.004261 4850
0.004262 4849
0.004263 4848
0.004264 4846
0.004265 4846
0.004266 4846
0.004267 4846
0.004268 4846
0.004269 4847
0.00427 4846
0.004271 4846
0.004272 4846
0.004273 4847
0.004274 4847
0.004275 4846
0.004276 4847
0.004277 4847
0.004278 4848
0.004279 4846
0.00428 4846
0.004281 4846
0.004282 4846
0.004283 4846
0.004284 4846
0.004285 4845
0.004286 4844
0.004287 4845
0.004288 4844
0.004289 4845
0.00429 4847
0.004291 4848
0.004292 4848
0.004293 4847
0.004294 4847
0.004295 4847
0.004296 4847
0.004297 4847
0.004298 4847
0.004299 4846
0.0043 4845
0.004301 4847
0.004302 4847
0.004303 4846
0.004304 4846
0.004305 4846
0.004306 4847
0.004307 4847
0.004308 4847
0.004309 4847
0.00431 4847
0.004311 4847
0.004312 4848
0.004313 4848
0.004314 4848
0.004315 4849
0.004316 4848
0.004317 4847
0.004318 4847
0.004319 4847
0.00432 4847
0.004321 4847
0.004322 4847
0.004323 4847
0.004324 4847
0.004325 4847
0.004326 4847
0.004327 4846
0.004328 4846
0.004329 4846
0.00433 4846
0.004331 4846
0.004332 4845
0.004333 4846
0.004334 4846
0.004335 4847
0.004336 4848
0.004337 4848
0.004338 4848
0.004339 4849
0.00434 4849
0.004341 4849
0.004342 4849
0.004343 4849
0.004344 4849
0.004345 4849
0.004346 4850
0.004347 4850
0.004348 4850
0.004349 4850
0.00435 4850
0.004351 4849
0.004352 4849
0.004353 4848
0.004354 4848
0.004355 4847
0.004356 4847
0.004357 4848
0.004358 4848
0.004359 4848
0.00436 4848
0.004361 4848
0.004362 4848
0.004363 4848
0.004364 4848
0.004365 4848
0.004366 4847
0.004367 4846
0.004368 4846
0.004369 4846
0.00437 4846
0.004371 4845
0.004372 4844
0.004373 4843
0.004374 4843
0.004375 4843
0.004376 4844
0.004377 4845
0.004378 4845
0.004379 4846
0.00438 4846
0.004381 4847
0.004382 4847
0.004383 4847
0.004384 4848
0.004385 4847
0.004386 4847
0.004387 4848
0.004388 4848
0.004389 4848
0.00439 4848
0.004391 4850
0.004392 4850
0.004393 4849
0.004394 4849
0.004395 4849
0.004396 4849
0.004397 4849
0.004398 4849
0.004399 4849
0.0044 4848
0.004401 4848
0.004402 4848
0.004403 4848
0.004404 4848
0.004405 4848
0.004406 4848
0.004407 4848
0.004408 4848
0.004409 4848
0.00441 4848
0.004411 4849
0.004412 4848
0.004413 4848
0.004414 4848
0.004415 4848
0.004416 4848
0.004417 4848
0.004418 4848
0.004419 4848
0.00442 4848
0.004421 4848
0.004422 4848
0.004423 4848
0.004424 4848
0.004425 4848
0.004426 4847
0.004427 4847
0.004428 4847
0.004429 4847
0.00443 4846
0.004431 4845
0.004432 4845
0.004433 4845
0.004434 4845
0.004435 4846
0.004436 4845
0.004437 4844
0.004438 4844
0.004439 4844
0.00444 4844
0.004441 4844
0.004442 4844
0.004443 4845
0.004444 4845
0.004445 4845
0.004446 4845
0.004447 4845
0.004448 4846
0.004449 4846
0.00445 4845
0.004451 4845
0.004452 4845
0.004453 4845
0.004454 4845
0.004455 4846
0.004456 4846
0.004457 4846
0.004458 4846
0.004459 4846
0.00446 4846
0.004461 4846
0.004462 4846
0.004463 4845
0.004464 4845
0.004465 4845
0.004466 4846
0.004467 4846
0.004468 4846
0.004469 4845
0.00447 4845
0.004471 4844
0.004472 4844
0.004473 4843
0.004474 4843
0.004475 4843
0.004476 4843
0.004477 4843
0.004478 4843
0.004479 4842
0.00448 4842
0.004481 4842
0.004482 4841
0.004483 4841
0.004484 4842
0.004485 4842
0.004486 4842
0.004487 4842
0.004488 4842
0.004489 4842
0.00449 4842
0.004491 4841
0.004492 4841
0.004493 4841
0.004494 4842
0.004495 4842
0.004496 4842
0.004497 4842
0.004498 4842
0.004499 4843
0.0045 4844
0.004501 4843
0.004502 4843
0.004503 4844
0.004504 4845
0.004505 4845
0.004506 4845
0.004507 4844
0.004508 4843
0.004509 4843
0.00451 4844
0.004511 4845
0.004512 4846
0.004513 4845
0.004514 4845
0.004515 4844
0.004516 4845
0.004517 4845
0.004518 4844
0.004519 4844
0.00452 4844
0.004521 4844
0.004522 4844
0.004523 4844
0.004524 4844
0.004525 4844
0.004526 4844
0.004527 4844
0.004528 4844
0.004529 4844
0.00453 4843
0.004531 4843
0.004532 4843
0.004533 4843
0.004534 4843
0.004535 4843
0.004536 4844
0.004537 4844
0.004538 4844
0.004539 4844
0.00454 4844
0.004541 4844
0.004542 4844
0.004543 4845
0.004544 4845
0.004545 4844
0.004546 4844
0.004547 4844
0.004548 4845
0.004549 4845
0.00455 4846
0.004551 4845
0.004552 4845
0.004553 4844
0.004554 4843
0.004555 4843
0.004556 4843
0.004557 4844
0.004558 4846
0.004559 4846
0.00456 4846
0.004561 4845
0.004562 4844
0.004563 4844
0.004564 4841
0.004565 4840
0.004566 4840
0.004567 4840
0.004568 4840
0.004569 4840
0.00457 4840
0.004571 4840
0.004572 4840
0.004573 4840
0.004574 4840
0.004575 4838
0.004576 4838
0.004577 4838
0.004578 4838
0.004579 4838
0.00458 4838
0.004581 4838
0.004582 4838
0.004583 4839
0.004584 4839
0.004585 4839
0.004586 4839
0.004587 4839
0.004588 4840
0.004589 4840
0.00459 4840
0.004591 4840
0.004592 4840
0.004593 4840
0.004594 4839
0.004595 4839
0.004596 4839
0.004597 4838
0.004598 4838
0.004599 4839
0.0046 4839
0.004601 4839
0.004602 4839
0.004603 4839
0.004604 4839
0.004605 4839
0.004606 4840
0.004607 4841
0.004608 4841
0.004609 4841
0.00461 4842
0.004611 4842
0.004612 4842
0.004613 4842
0.004614 4842
0.004615 4842
0.004616 4842
0.004617 4843
0.004618 4844
0.004619 4845
0.00462 4845
0.004621 4845
0.004622 4846
0.004623 4845
0.004624 4845
0.004625 4845
0.004626 4844
0.004627 4844
0.004628 4844
0.004629 4845
0.00463 4845
0.004631 4845
0.004632 4845
0.004633 4846
0.004634 4846
0.004635 4847
0.004636 4847
0.004637 4847
0.004638 4847
0.004639 4848
0.00464 4848
0.004641 4847
0.004642 4848
0.004643 4848
0.004644 4847
0.004645 4846
0.004646 4846
0.004647 4846
0.004648 4846
0.004649 4845
0.00465 4845
0.004651 4844
0.004652 4844
0.004653 4845
0.004654 4845
0.004655 4846
0.004656 4847
0.004657 4847
0.004658 4847
0.004659 4847
0.00466 4847
0.004661 4846
0.004662 4846
0.004663 4847
0.004664 4847
0.004665 4848
0.004666 4847
0.004667 4847
0.004668 4847
0.004669 4847
0.00467 4847
0.004671 4846
0.004672 4845
0.004673 4845
0.004674 4844
0.004675 4844
0.004676 4843
0.004677 4843
0.004678 4843
0.004679 4843
0.00468 4843
0.004681 4842
0.004682 4842
0.004683 4842
0.004684 4842
0.004685 4842
0.004686 4842
0.004687 4842
0.004688 4842
0.004689 4842
0.00469 4842
0.004691 4841
0.004692 4840
0.004693 4840
0.004694 4840
0.004695 4840
0.004696 4840
0.004697 4840
0.004698 4840
0.004699 4839
0.0047 4839
0.004701 4839
0.004702 4839
0.004703 4839
0.004704 4840
0.004705 4840
0.004706 4840
0.004707 4840
0.004708 4840
0.004709 4841
0.00471 4842
0.004711 4843
0.004712 4844
0.004713 4844
0.004714 4844
0.004715 4844
0.004716 4844
0.004717 4844
0.004718 4844
0.004719 4843
0.00472 4843
0.004721 4842
0.004722 4842
0.004723 4841
0.004724 4841
0.004725 4841
0.004726 4841
0.004727 4841
0.004728 4841
0.004729 4841
0.00473 4842
0.004731 4842
0.004732 4842
0.004733 4842
0.004734 4842
0.004735 4843
0.004736 4843
0.004737 4843
0.004738 4843
0.004739 4844
0.00474 4844
0.004741 4844
0.004742 4844
0.004743 4845
0.004744 4845
0.004745 4845
0.004746 4845
0.004747 4845
0.004748 4845
0.004749 4845
0.00475 4844
0.004751 4844
0.004752 4844
0.004753 4842
0.004754 4844
0.004755 4844
0.004756 4844
0.004757 4843
0.004758 4842
0.004759 4842
0.00476 4842
0.004761 4842
0.004762 4843
0.004763 4844
0.004764 4844
0.004765 4844
0.004766 4844
0.004767 4844
0.004768 4844
0.004769 4844
0.00477 4844
0.004771 4844
0.004772 4844
0.004773 4844
0.004774 4844
0.004775 4844
0.004776 4844
0.004777 4844
0.004778 4844
0.004779 4844
0.00478 4844
0.004781 4845
0.004782 4845
0.004783 4845
0.004784 4845
0.004785 4845
0.004786 4845
0.004787 4844
0.004788 4844
0.004789 4844
0.00479 4843
0.004791 4843
0.004792 4843
0.004793 4843
0.004794 4843
0.004795 4843
0.004796 4843
0.004797 4843
0.004798 4843
0.004799 4843
0.0048 4843
0.004801 4843
0.004802 4843
0.004803 4844
0.004804 4844
0.004805 4844
0.004806 4844
0.004807 4844
0.004808 4844
0.004809 4844
0.00481 4842
0.004811 4843
0.004812 4843
0.004813 4843
0.004814 4843
0.004815 4843
0.004816 4843
0.004817 4842
0.004818 4843
0.004819 4844
0.00482 4844
0.004821 4844
0.004822 4844
0.004823 4844
0.004824 4844
0.004825 4844
0.004826 4844
0.004827 4844
0.004828 4844
0.004829 4844
0.00483 4843
0.004831 4843
0.004832 4843
0.004833 4843
0.004834 4843
0.004835 4843
0.004836 4843
0.004837 4843
0.004838 4842
0.004839 4842
0.00484 4842
0.004841 4842
0.004842 4842
0.004843 4842
0.004844 4842
0.004845 4842
0.004846 4842
0.004847 4842
0.004848 4843
0.004849 4843
0.00485 4843
0.004851 4843
0.004852 4843
0.004853 4843
0.004854 4844
0.004855 4844
0.004856 4843
0.004857 4843
0.004858 4843
0.004859 4843
0.00486 4843
0.004861 4842
0.004862 4842
0.004863 4842
0.004864 4843
0.004865 4843
0.004866 4843
0.004867 4843
0.004868 4842
0.004869 4842
0.00487 4841
0.004871 4840
0.004872 4840
0.004873 4841
0.004874 4841
0.004875 4841
0.004876 4841
0.004877 4841
0.004878 4841
0.004879 4841
0.00488 4841
0.004881 4842
0.004882 4842
0.004883 4842
0.004884 4842
0.004885 4843
0.004886 4844
0.004887 4845
0.004888 4845
0.004889 4845
0.00489 4845
0.004891 4845
0.004892 4846
0.004893 4845
0.004894 4844
0.004895 4844
0.004896 4844
0.004897 4844
0.004898 4844
0.004899 4844
0.0049 4844
0.004901 4844
0.004902 4844
0.004903 4844
0.004904 4844
0.004905 4844
0.004906 4844
0.004907 4844
0.004908 4844
0.004909 4844
0.00491 4844
0.004911 4844
0.004912 4844
0.004913 4844
0.004914 4844
0.004915 4845
0.004916 4845
0.004917 4844
0.004918 4846
0.004919 4847
0.00492 4847
0.004921 4847
0.004922 4847
0.004923 4848
0.004924 4848
0.004925 4848
0.004926 4848
0.004927 4848
0.004928 4849
0.004929 4849
0.00493 4849
0.004931 4849
0.004932 4849
0.004933 4849
0.004934 4848
0.004935 4848
0.004936 4847
0.004937 4847
0.004938 4847
0.004939 4847
0.00494 4847
0.004941 4847
0.004942 4847
0.004943 4847
0.004944 4847
0.004945 4847
0.004946 4848
0.004947 4847
0.004948 4847
0.004949 4847
0.00495 4847
0.004951 4847
0.004952 4847
0.004953 4847
0.004954 4847
0.004955 4846
0.004956 4845
0.004957 4846
0.004958 4845
0.004959 4845
0.00496 4846
0.004961 4846
0.004962 4846
0.004963 4846
0.004964 4846
0.004965 4846
0.004966 4847
0.004967 4847
0.004968 4846
0.004969 4845
0.00497 4845
0.004971 4845
0.004972 4845
0.004973 4846
0.004974 4846
0.004975 4845
0.004976 4845
0.004977 4845
0.004978 4845
0.004979 4845
0.00498 4845
0.004981 4845
0.004982 4845
0.004983 4845
0.004984 4845
0.004985 4845
0.004986 4845
0.004987 4845
0.004988 4845
0.004989 4845
0.00499 4844
0.004991 4844
0.004992 4844
0.004993 4844
0.004994 4844
0.004995 4844
0.004996 4845
0.004997 4845
0.004998 4845
0.004999 4845
0.005 4845
