0 1217
1e-06 1216
2e-06 1216
3e-06 1217
4e-06 1214
5e-06 1213
6e-06 1208
7e-06 1206
8e-06 1203
9e-06 1204
1e-05 1201
1.1e-05 1200
1.2e-05 1199
1.3e-05 1199
1.4e-05 1199
1.5e-05 1200
1.6e-05 1199
1.7e-05 1196
1.8e-05 1196
1.9e-05 1195
2e-05 1192
2.1e-05 1188
2.2e-05 1187
2.3e-05 1187
2.4e-05 1183
2.5e-05 1181
2.6e-05 1179
2.7e-05 1178
2.8e-05 1175
2.9e-05 1174
3e-05 1172
3.1e-05 1169
3.2e-05 1169
3.3e-05 1169
3.4e-05 1170
3.5e-05 1168
3.6e-05 1169
3.7e-05 1167
3.8e-05 1166
3.9e-05 1161
4e-05 1162
4.1e-05 1162
4.2e-05 1161
4.3e-05 1157
4.4e-05 1156
4.5e-05 1151
4.6e-05 1149
4.7e-05 1149
4.8e-05 1149
4.9e-05 1148
5e-05 1145
5.1e-05 1141
5.2e-05 1138
5.3e-05 1135
5.4e-05 1135
5.5e-05 1136
5.6e-05 1133
5.7e-05 1132
5.8e-05 1132
5.9e-05 1131
6e-05 1133
6.1e-05 1133
6.2e-05 1133
6.3e-05 1132
6.4e-05 1130
6.5e-05 1127
6.6e-05 1126
6.7e-05 1126
6.8e-05 1127
6.9e-05 1127
7e-05 1126
7.1e-05 1124
7.2e-05 1124
7.3e-05 1124
7.4e-05 1122
7.5e-05 1120
7.6e-05 1118
7.7e-05 1118
7.8e-05 1118
7.9e-05 1117
8e-05 1117
8.1e-05 1118
8.2e-05 1117
8.3e-05 1117
8.4e-05 1113
8.5e-05 1115
8.6e-05 1117
8.7e-05 1116
8.8e-05 1115
8.9e-05 1116
9e-05 1116
9.1e-05 1116
9.2e-05 1115
9.3e-05 1114
9.4e-05 1111
9.5e-05 1108
9.6e-05 1108
9.7e-05 1107
9.8e-05 1108
9.9e-05 1109
0.0001 1108
0.000101 1106
0.000102 1105
0.000103 1104
0.000104 1104
0.000105 1103
0.000106 1101
0.000107 1101
0.000108 1100
0.000109 1097
0.00011 1096
0.000111 1096
0.000112 1094
0.000113 1094
0.000114 1095
0.000115 1094
0.000116 1094
0.000117 1093
0.000118 1093
0.000119 1093
0.00012 1093
0.000121 1092
0.000122 1092
0.000123 1093
0.000124 1093
0.000125 1092
0.000126 1091
0.000127 1092
0.000128 1094
0.000129 1092
0.00013 1092
0.000131 1089
0.000132 1089
0.000133 1089
0.000134 1089
0.000135 1089
0.000136 1089
0.000137 1087
0.000138 1085
0.000139 1085
0.00014 1084
0.000141 1082
0.000142 1082
0.000143 1081
0.000144 1082
0.000145 1081
0.000146 1081
0.000147 1082
0.000148 1081
0.000149 1082
0.00015 1081
0.000151 1082
0.000152 1081
0.000153 1078
0.000154 1077
0.000155 1077
0.000156 1077
0.000157 1076
0.000158 1075
0.000159 1076
0.00016 1075
0.000161 1074
0.000162 1074
0.000163 1073
0.000164 1072
0.000165 1071
0.000166 1070
0.000167 1070
0.000168 1067
0.000169 1066
0.00017 1065
0.000171 1065
0.000172 1065
0.000173 1065
0.000174 1065
0.000175 1065
0.000176 1064
0.000177 1064
0.000178 1064
0.000179 1064
0.00018 1062
0.000181 1062
0.000182 1062
0.000183 1062
0.000184 1061
0.000185 1060
0.000186 1061
0.000187 1062
0.000188 1060
0.000189 1060
0.00019 1059
0.000191 1059
0.000192 1059
0.000193 1059
0.000194 1057
0.000195 1057
0.000196 1056
0.000197 1056
0.000198 1055
0.000199 1055
0.0002 1056
0.000201 1056
0.000202 1055
0.000203 1054
0.000204 1054
0.000205 1054
0.000206 1055
0.000207 1055
0.000208 1053
0.000209 1053
0.00021 1054
0.000211 1052
0.000212 1051
0.000213 1051
0.000214 1050
0.000215 1050
0.000216 1050
0.000217 1050
0.000218 1050
0.000219 1049
0.00022 1048
0.000221 1046
0.000222 1045
0.000223 1045
0.000224 1045
0.000225 1045
0.000226 1045
0.000227 1044
0.000228 1044
0.000229 1045
0.00023 1045
0.000231 1045
0.000232 1046
0.000233 1045
0.000234 1045
0.000235 1044
0.000236 1044
0.000237 1043
0.000238 1043
0.000239 1042
0.00024 1043
0.000241 1043
0.000242 1043
0.000243 1042
0.000244 1042
0.000245 1042
0.000246 1040
0.000247 1040
0.000248 1041
0.000249 1041
0.00025 1040
0.000251 1039
0.000252 1039
0.000253 1039
0.000254 1039
0.000255 1038
0.000256 1037
0.000257 1037
0.000258 1037
0.000259 1035
0.00026 1035
0.000261 1035
0.000262 1036
0.000263 1034
0.000264 1034
0.000265 1034
0.000266 1034
0.000267 1033
0.000268 1034
0.000269 1032
0.00027 1032
0.000271 1032
0.000272 1031
0.000273 1030
0.000274 1030
0.000275 1028
0.000276 1028
0.000277 1028
0.000278 1027
0.000279 1026
0.00028 1028
0.000281 1028
0.000282 1027
0.000283 1027
0.000284 1027
0.000285 1027
0.000286 1026
0.000287 1026
0.000288 1026
0.000289 1025
0.00029 1025
0.000291 1025
0.000292 1025
0.000293 1025
0.000294 1024
0.000295 1025
0.000296 1025
0.000297 1025
0.000298 1024
0.000299 1023
0.0003 1022
0.000301 1022
0.000302 1022
0.000303 1021
0.000304 1021
0.000305 1021
0.000306 1021
0.000307 1021
0.000308 1019
0.000309 1019
0.00031 1018
0.000311 1019
0.000312 1019
0.000313 1018
0.000314 1017
0.000315 1017
0.000316 1017
0.000317 1017
0.000318 1018
0.000319 1019
0.00032 1020
0.000321 1023
0.000322 1023
0.000323 1022
0.000324 1022
0.000325 1022
0.000326 1022
0.000327 1022
0.000328 1022
0.000329 1021
0.00033 1020
0.000331 1020
0.000332 1020
0.000333 1020
0.000334 1020
0.000335 1020
0.000336 1020
0.000337 1020
0.000338 1021
0.000339 1021
0.00034 1021
0.000341 1020
0.000342 1021
0.000343 1021
0.000344 1021
0.000345 1020
0.000346 1020
0.000347 1020
0.000348 1020
0.000349 1020
0.00035 1020
0.000351 1018
0.000352 1018
0.000353 1019
0.000354 1018
0.000355 1018
0.000356 1018
0.000357 1019
0.000358 1019
0.000359 1019
0.00036 1019
0.000361 1020
0.000362 1020
0.000363 1020
0.000364 1020
0.000365 1020
0.000366 1020
0.000367 1020
0.000368 1020
0.000369 1020
0.00037 1021
0.000371 1021
0.000372 1022
0.000373 1022
0.000374 1021
0.000375 1021
0.000376 1021
0.000377 1021
0.000378 1020
0.000379 1020
0.00038 1020
0.000381 1020
0.000382 1020
0.000383 1020
0.000384 1020
0.000385 1021
0.000386 1021
0.000387 1022
0.000388 1022
0.000389 1021
0.00039 1021
0.000391 1021
0.000392 1020
0.000393 1019
0.000394 1020
0.000395 1020
0.000396 1020
0.000397 1020
0.000398 1020
0.000399 1020
0.0004 1020
0.000401 1021
0.000402 1021
0.000403 1021
0.000404 1021
0.000405 1022
0.000406 1021
0.000407 1021
0.000408 1021
0.000409 1021
0.00041 1021
0.000411 1021
0.000412 1021
0.000413 1021
0.000414 1021
0.000415 1021
0.000416 1021
0.000417 1021
0.000418 1021
0.000419 1021
0.00042 1021
0.000421 1021
0.000422 1021
0.000423 1021
0.000424 1022
0.000425 1022
0.000426 1023
0.000427 1024
0.000428 1024
0.000429 1024
0.00043 1024
0.000431 1024
0.000432 1023
0.000433 1023
0.000434 1023
0.000435 1023
0.000436 1023
0.000437 1023
0.000438 1023
0.000439 1023
0.00044 1023
0.000441 1022
0.000442 1022
0.000443 1022
0.000444 1022
0.000445 1022
0.000446 1022
0.000447 1022
0.000448 1022
0.000449 1022
0.00045 1022
0.000451 1022
0.000452 1022
0.000453 1022
0.000454 1022
0.000455 1022
0.000456 1022
0.000457 1022
0.000458 1021
0.000459 1021
0.00046 1021
0.000461 1021
0.000462 1021
0.000463 1021
0.000464 1021
0.000465 1020
0.000466 1019
0.000467 1019
0.000468 1019
0.000469 1019
0.00047 1019
0.000471 1018
0.000472 1018
0.000473 1018
0.000474 1018
0.000475 1018
0.000476 1018
0.000477 1018
0.000478 1018
0.000479 1018
0.00048 1019
0.000481 1019
0.000482 1018
0.000483 1018
0.000484 1018
0.000485 1017
0.000486 1017
0.000487 1017
0.000488 1017
0.000489 1017
0.00049 1017
0.000491 1017
0.000492 1017
0.000493 1017
0.000494 1017
0.000495 1017
0.000496 1017
0.000497 1017
0.000498 1017
0.000499 1017
0.0005 1017
0.000501 1017
0.000502 1017
0.000503 1015
0.000504 1015
0.000505 1015
0.000506 1015
0.000507 1015
0.000508 1015
0.000509 1014
0.00051 1014
0.000511 1014
0.000512 1014
0.000513 1014
0.000514 1014
0.000515 1015
0.000516 1015
0.000517 1014
0.000518 1014
0.000519 1014
0.00052 1014
0.000521 1014
0.000522 1014
0.000523 1014
0.000524 1014
0.000525 1014
0.000526 1014
0.000527 1014
0.000528 1014
0.000529 1013
0.00053 1013
0.000531 1013
0.000532 1013
0.000533 1013
0.000534 1013
0.000535 1013
0.000536 1013
0.000537 1013
0.000538 1013
0.000539 1013
0.00054 1013
0.000541 1012
0.000542 1012
0.000543 1012
0.000544 1011
0.000545 1011
0.000546 1011
0.000547 1011
0.000548 1011
0.000549 1011
0.00055 1011
0.000551 1011
0.000552 1011
0.000553 1011
0.000554 1010
0.000555 1010
0.000556 1009
0.000557 1009
0.000558 1009
0.000559 1009
0.00056 1009
0.000561 1009
0.000562 1009
0.000563 1009
0.000564 1009
0.000565 1009
0.000566 1009
0.000567 1009
0.000568 1008
0.000569 1009
0.00057 1009
0.000571 1009
0.000572 1009
0.000573 1009
0.000574 1008
0.000575 1008
0.000576 1008
0.000577 1007
0.000578 1007
0.000579 1007
0.00058 1007
0.000581 1007
0.000582 1007
0.000583 1007
0.000584 1008
0.000585 1008
0.000586 1008
0.000587 1009
0.000588 1010
0.000589 1009
0.00059 1010
0.000591 1010
0.000592 1010
0.000593 1010
0.000594 1010
0.000595 1010
0.000596 1010
0.000597 1010
0.000598 1010
0.000599 1010
0.0006 1010
0.000601 1010
0.000602 1009
0.000603 1009
0.000604 1009
0.000605 1009
0.000606 1009
0.000607 1010
0.000608 1009
0.000609 1009
0.00061 1009
0.000611 1009
0.000612 1009
0.000613 1008
0.000614 1008
0.000615 1008
0.000616 1008
0.000617 1007
0.000618 1007
0.000619 1007
0.00062 1007
0.000621 1007
0.000622 1007
0.000623 1007
0.000624 1007
0.000625 1007
0.000626 1008
0.000627 1008
0.000628 1008
0.000629 1008
0.00063 1008
0.000631 1008
0.000632 1008
0.000633 1008
0.000634 1008
0.000635 1008
0.000636 1008
0.000637 1008
0.000638 1008
0.000639 1008
0.00064 1008
0.000641 1008
0.000642 1008
0.000643 1008
0.000644 1008
0.000645 1008
0.000646 1007
0.000647 1007
0.000648 1007
0.000649 1007
0.00065 1007
0.000651 1008
0.000652 1008
0.000653 1008
0.000654 1009
0.000655 1009
0.000656 1009
0.000657 1009
0.000658 1009
0.000659 1008
0.00066 1008
0.000661 1007
0.000662 1007
0.000663 1007
0.000664 1007
0.000665 1007
0.000666 1007
0.000667 1007
0.000668 1007
0.000669 1007
0.00067 1007
0.000671 1007
0.000672 1007
0.000673 1007
0.000674 1007
0.000675 1007
0.000676 1007
0.000677 1007
0.000678 1007
0.000679 1007
0.00068 1007
0.000681 1007
0.000682 1008
0.000683 1008
0.000684 1008
0.000685 1008
0.000686 1008
0.000687 1009
0.000688 1009
0.000689 1009
0.00069 1009
0.000691 1009
0.000692 1009
0.000693 1009
0.000694 1009
0.000695 1009
0.000696 1009
0.000697 1008
0.000698 1009
0.000699 1009
0.0007 1009
0.000701 1009
0.000702 1008
0.000703 1008
0.000704 1008
0.000705 1008
0.000706 1008
0.000707 1008
0.000708 1008
0.000709 1008
0.00071 1009
0.000711 1010
0.000712 1010
0.000713 1010
0.000714 1009
0.000715 1009
0.000716 1009
0.000717 1009
0.000718 1009
0.000719 1010
0.00072 1010
0.000721 1011
0.000722 1011
0.000723 1011
0.000724 1011
0.000725 1011
0.000726 1011
0.000727 1011
0.000728 1011
0.000729 1011
0.00073 1010
0.000731 1010
0.000732 1010
0.000733 1010
0.000734 1010
0.000735 1010
0.000736 1010
0.000737 1010
0.000738 1010
0.000739 1010
0.00074 1010
0.000741 1010
0.000742 1010
0.000743 1010
0.000744 1010
0.000745 1010
0.000746 1010
0.000747 1010
0.000748 1010
0.000749 1010
0.00075 1010
0.000751 1010
0.000752 1010
0.000753 1010
0.000754 1010
0.000755 1010
0.000756 1010
0.000757 1010
0.000758 1010
0.000759 1010
0.00076 1010
0.000761 1010
0.000762 1010
0.000763 1010
0.000764 1010
0.000765 1010
0.000766 1011
0.000767 1011
0.000768 1011
0.000769 1011
0.00077 1011
0.000771 1011
0.000772 1011
0.000773 1011
0.000774 1012
0.000775 1012
0.000776 1012
0.000777 1012
0.000778 1012
0.000779 1013
0.00078 1013
0.000781 1013
0.000782 1013
0.000783 1013
0.000784 1013
0.000785 1013
0.000786 1013
0.000787 1013
0.000788 1013
0.000789 1013
0.00079 1013
0.000791 1014
0.000792 1014
0.000793 1014
0.000794 1014
0.000795 1014
0.000796 1014
0.000797 1014
0.000798 1014
0.000799 1013
0.0008 1013
0.000801 1013
0.000802 1013
0.000803 1013
0.000804 1012
0.000805 1012
0.000806 1012
0.000807 1012
0.000808 1012
0.000809 1012
0.00081 1012
0.000811 1012
0.000812 1012
0.000813 1014
0.000814 1014
0.000815 1014
0.000816 1014
0.000817 1014
0.000818 1014
0.000819 1014
0.00082 1014
0.000821 1014
0.000822 1014
0.000823 1014
0.000824 1014
0.000825 1014
0.000826 1014
0.000827 1014
0.000828 1014
0.000829 1014
0.00083 1013
0.000831 1013
0.000832 1013
0.000833 1013
0.000834 1013
0.000835 1013
0.000836 1013
0.000837 1013
0.000838 1013
0.000839 1013
0.00084 1013
0.000841 1013
0.000842 1013
0.000843 1013
0.000844 1014
0.000845 1014
0.000846 1014
0.000847 1014
0.000848 1014
0.000849 1014
0.00085 1014
0.000851 1014
0.000852 1014
0.000853 1014
0.000854 1014
0.000855 1014
0.000856 1014
0.000857 1014
0.000858 1014
0.000859 1013
0.00086 1013
0.000861 1013
0.000862 1013
0.000863 1013
0.000864 1013
0.000865 1013
0.000866 1013
0.000867 1013
0.000868 1013
0.000869 1013
0.00087 1013
0.000871 1013
0.000872 1013
0.000873 1013
0.000874 1013
0.000875 1013
0.000876 1013
0.000877 1013
0.000878 1013
0.000879 1013
0.00088 1013
0.000881 1013
0.000882 1013
0.000883 1013
0.000884 1013
0.000885 1013
0.000886 1013
0.000887 1013
0.000888 1013
0.000889 1013
0.00089 1013
0.000891 1013
0.000892 1013
0.000893 1013
0.000894 1013
0.000895 1013
0.000896 1013
0.000897 1012
0.000898 1012
0.000899 1012
0.0009 1012
0.000901 1012
0.000902 1012
0.000903 1012
0.000904 1012
0.000905 1012
0.000906 1012
0.000907 1012
0.000908 1012
0.000909 1012
0.00091 1012
0.000911 1012
0.000912 1012
0.000913 1012
0.000914 1012
0.000915 1012
0.000916 1012
0.000917 1012
0.000918 1012
0.000919 1012
0.00092 1012
0.000921 1012
0.000922 1011
0.000923 1011
0.000924 1011
0.000925 1011
0.000926 1011
0.000927 1011
0.000928 1011
0.000929 1011
0.00093 1011
0.000931 1011
0.000932 1011
0.000933 1011
0.000934 1011
0.000935 1010
0.000936 1010
0.000937 1010
0.000938 1011
0.000939 1011
0.00094 1011
0.000941 1011
0.000942 1011
0.000943 1011
0.000944 1011
0.000945 1011
0.000946 1011
0.000947 1012
0.000948 1012
0.000949 1012
0.00095 1012
0.000951 1012
0.000952 1012
0.000953 1012
0.000954 1012
0.000955 1012
0.000956 1012
0.000957 1012
0.000958 1012
0.000959 1012
0.00096 1012
0.000961 1011
0.000962 1011
0.000963 1011
0.000964 1011
0.000965 1011
0.000966 1011
0.000967 1011
0.000968 1011
0.000969 1011
0.00097 1010
0.000971 1010
0.000972 1010
0.000973 1010
0.000974 1010
0.000975 1010
0.000976 1010
0.000977 1010
0.000978 1010
0.000979 1010
0.00098 1010
0.000981 1010
0.000982 1010
0.000983 1010
0.000984 1010
0.000985 1010
0.000986 1010
0.000987 1010
0.000988 1010
0.000989 1010
0.00099 1010
0.000991 1010
0.000992 1010
0.000993 1010
0.000994 1010
0.000995 1010
0.000996 1010
0.000997 1010
0.000998 1010
0.000999 1010
0.001 1010
0.001001 1010
0.001002 1010
0.001003 1010
0.001004 1010
0.001005 1010
0.001006 1010
0.001007 1010
0.001008 1010
0.001009 1010
0.00101 1010
0.001011 1010
0.001012 1010
0.001013 1010
0.001014 1010
0.001015 1010
0.001016 1010
0.001017 1011
0.001018 1011
0.001019 1011
0.00102 1011
0.001021 1011
0.001022 1011
0.001023 1011
0.001024 1012
0.001025 1011
0.001026 1011
0.001027 1011
0.001028 1011
0.001029 1011
0.00103 1011
0.001031 1011
0.001032 1011
0.001033 1011
0.001034 1011
0.001035 1011
0.001036 1011
0.001037 1011
0.001038 1010
0.001039 1010
0.00104 1010
0.001041 1010
0.001042 1010
0.001043 1010
0.001044 1010
0.001045 1010
0.001046 1010
0.001047 1010
0.001048 1010
0.001049 1010
0.00105 1010
0.001051 1010
0.001052 1010
0.001053 1010
0.001054 1010
0.001055 1010
0.001056 1010
0.001057 1010
0.001058 1010
0.001059 1010
0.00106 1010
0.001061 1010
0.001062 1010
0.001063 1010
0.001064 1010
0.001065 1010
0.001066 1010
0.001067 1010
0.001068 1010
0.001069 1010
0.00107 1010
0.001071 1010
0.001072 1010
0.001073 1010
0.001074 1010
0.001075 1011
0.001076 1011
0.001077 1011
0.001078 1011
0.001079 1011
0.00108 1011
0.001081 1011
0.001082 1011
0.001083 1011
0.001084 1011
0.001085 1011
0.001086 1011
0.001087 1011
0.001088 1011
0.001089 1011
0.00109 1011
0.001091 1011
0.001092 1011
0.001093 1011
0.001094 1011
0.001095 1012
0.001096 1011
0.001097 1011
0.001098 1011
0.001099 1011
0.0011 1011
0.001101 1011
0.001102 1011
0.001103 1011
0.001104 1011
0.001105 1011
0.001106 1011
0.001107 1011
0.001108 1011
0.001109 1011
0.00111 1011
0.001111 1011
0.001112 1011
0.001113 1011
0.001114 1011
0.001115 1011
0.001116 1011
0.001117 1011
0.001118 1011
0.001119 1011
0.00112 1011
0.001121 1011
0.001122 1011
0.001123 1011
0.001124 1011
0.001125 1011
0.001126 1011
0.001127 1010
0.001128 1010
0.001129 1009
0.00113 1009
0.001131 1009
0.001132 1009
0.001133 1009
0.001134 1009
0.001135 1010
0.001136 1010
0.001137 1010
0.001138 1010
0.001139 1010
0.00114 1010
0.001141 1010
0.001142 1010
0.001143 1010
0.001144 1010
0.001145 1010
0.001146 1010
0.001147 1011
0.001148 1011
0.001149 1011
0.00115 1011
0.001151 1011
0.001152 1011
0.001153 1011
0.001154 1011
0.001155 1011
0.001156 1011
0.001157 1011
0.001158 1011
0.001159 1011
0.00116 1011
0.001161 1010
0.001162 1010
0.001163 1010
0.001164 1010
0.001165 1010
0.001166 1010
0.001167 1010
0.001168 1011
0.001169 1009
0.00117 1009
0.001171 1009
0.001172 1009
0.001173 1009
0.001174 1009
0.001175 1009
0.001176 1009
0.001177 1009
0.001178 1009
0.001179 1009
0.00118 1009
0.001181 1009
0.001182 1009
0.001183 1009
0.001184 1009
0.001185 1009
0.001186 1009
0.001187 1009
0.001188 1009
0.001189 1009
0.00119 1009
0.001191 1009
0.001192 1009
0.001193 1009
0.001194 1009
0.001195 1009
0.001196 1009
0.001197 1009
0.001198 1010
0.001199 1010
0.0012 1010
0.001201 1010
0.001202 1010
0.001203 1010
0.001204 1010
0.001205 1010
0.001206 1010
0.001207 1010
0.001208 1010
0.001209 1010
0.00121 1010
0.001211 1010
0.001212 1010
0.001213 1010
0.001214 1010
0.001215 1010
0.001216 1010
0.001217 1010
0.001218 1011
0.001219 1011
0.00122 1011
0.001221 1011
0.001222 1011
0.001223 1011
0.001224 1011
0.001225 1011
0.001226 1011
0.001227 1011
0.001228 1011
0.001229 1011
0.00123 1011
0.001231 1011
0.001232 1011
0.001233 1011
0.001234 1010
0.001235 1010
0.001236 1010
0.001237 1010
0.001238 1010
0.001239 1010
0.00124 1010
0.001241 1011
0.001242 1011
0.001243 1011
0.001244 1011
0.001245 1011
0.001246 1010
0.001247 1010
0.001248 1010
0.001249 1010
0.00125 1010
0.001251 1011
0.001252 1011
0.001253 1011
0.001254 1011
0.001255 1011
0.001256 1011
0.001257 1011
0.001258 1011
0.001259 1012
0.00126 1012
0.001261 1012
0.001262 1012
0.001263 1012
0.001264 1012
0.001265 1012
0.001266 1012
0.001267 1012
0.001268 1012
0.001269 1012
0.00127 1012
0.001271 1012
0.001272 1012
0.001273 1012
0.001274 1011
0.001275 1010
0.001276 1010
0.001277 1010
0.001278 1010
0.001279 1010
0.00128 1010
0.001281 1010
0.001282 1010
0.001283 1010
0.001284 1010
0.001285 1010
0.001286 1010
0.001287 1010
0.001288 1010
0.001289 1010
0.00129 1010
0.001291 1010
0.001292 1010
0.001293 1010
0.001294 1010
0.001295 1010
0.001296 1010
0.001297 1010
0.001298 1010
0.001299 1010
0.0013 1010
0.001301 1010
0.001302 1010
0.001303 1010
0.001304 1010
0.001305 1010
0.001306 1010
0.001307 1010
0.001308 1010
0.001309 1009
0.00131 1009
0.001311 1009
0.001312 1009
0.001313 1009
0.001314 1009
0.001315 1009
0.001316 1009
0.001317 1009
0.001318 1009
0.001319 1009
0.00132 1009
0.001321 1009
0.001322 1009
0.001323 1009
0.001324 1009
0.001325 1009
0.001326 1009
0.001327 1009
0.001328 1009
0.001329 1009
0.00133 1009
0.001331 1010
0.001332 1010
0.001333 1009
0.001334 1009
0.001335 1009
0.001336 1009
0.001337 1009
0.001338 1009
0.001339 1009
0.00134 1009
0.001341 1009
0.001342 1009
0.001343 1009
0.001344 1009
0.001345 1009
0.001346 1009
0.001347 1009
0.001348 1009
0.001349 1009
0.00135 1009
0.001351 1009
0.001352 1009
0.001353 1009
0.001354 1009
0.001355 1009
0.001356 1009
0.001357 1009
0.001358 1009
0.001359 1009
0.00136 1009
0.001361 1009
0.001362 1009
0.001363 1009
0.001364 1009
0.001365 1009
0.001366 1009
0.001367 1009
0.001368 1009
0.001369 1009
0.00137 1010
0.001371 1010
0.001372 1010
0.001373 1010
0.001374 1010
0.001375 1010
0.001376 1010
0.001377 1010
0.001378 1010
0.001379 1010
0.00138 1010
0.001381 1010
0.001382 1010
0.001383 1010
0.001384 1009
0.001385 1009
0.001386 1009
0.001387 1009
0.001388 1008
0.001389 1008
0.00139 1008
0.001391 1008
0.001392 1008
0.001393 1008
0.001394 1008
0.001395 1008
0.001396 1008
0.001397 1008
0.001398 1007
0.001399 1007
0.0014 1008
0.001401 1008
0.001402 1008
0.001403 1007
0.001404 1007
0.001405 1007
0.001406 1007
0.001407 1007
0.001408 1007
0.001409 1007
0.00141 1007
0.001411 1007
0.001412 1007
0.001413 1007
0.001414 1007
0.001415 1006
0.001416 1006
0.001417 1006
0.001418 1006
0.001419 1006
0.00142 1006
0.001421 1006
0.001422 1006
0.001423 1006
0.001424 1006
0.001425 1006
0.001426 1006
0.001427 1006
0.001428 1006
0.001429 1006
0.00143 1006
0.001431 1006
0.001432 1006
0.001433 1006
0.001434 1006
0.001435 1006
0.001436 1006
0.001437 1006
0.001438 1006
0.001439 1006
0.00144 1006
0.001441 1006
0.001442 1006
0.001443 1006
0.001444 1006
0.001445 1005
0.001446 1005
0.001447 1005
0.001448 1005
0.001449 1005
0.00145 1005
0.001451 1005
0.001452 1005
0.001453 1005
0.001454 1005
0.001455 1005
0.001456 1005
0.001457 1005
0.001458 1005
0.001459 1005
0.00146 1005
0.001461 1005
0.001462 1005
0.001463 1005
0.001464 1005
0.001465 1005
0.001466 1005
0.001467 1004
0.001468 1004
0.001469 1004
0.00147 1004
0.001471 1004
0.001472 1004
0.001473 1003
0.001474 1003
0.001475 1003
0.001476 1004
0.001477 1004
0.001478 1004
0.001479 1004
0.00148 1004
0.001481 1004
0.001482 1004
0.001483 1004
0.001484 1004
0.001485 1004
0.001486 1004
0.001487 1004
0.001488 1004
0.001489 1004
0.00149 1004
0.001491 1004
0.001492 1004
0.001493 1004
0.001494 1004
0.001495 1004
0.001496 1004
0.001497 1005
0.001498 1005
0.001499 1005
0.0015 1005
0.001501 1005
0.001502 1005
0.001503 1005
0.001504 1005
0.001505 1005
0.001506 1005
0.001507 1005
0.001508 1005
0.001509 1005
0.00151 1005
0.001511 1005
0.001512 1004
0.001513 1004
0.001514 1004
0.001515 1004
0.001516 1004
0.001517 1004
0.001518 1004
0.001519 1004
0.00152 1004
0.001521 1004
0.001522 1004
0.001523 1004
0.001524 1004
0.001525 1004
0.001526 1004
0.001527 1004
0.001528 1004
0.001529 1004
0.00153 1004
0.001531 1004
0.001532 1004
0.001533 1004
0.001534 1004
0.001535 1004
0.001536 1004
0.001537 1004
0.001538 1004
0.001539 1004
0.00154 1002
0.001541 1002
0.001542 1002
0.001543 1002
0.001544 1002
0.001545 1002
0.001546 1002
0.001547 1002
0.001548 1002
0.001549 1002
0.00155 1002
0.001551 1002
0.001552 1002
0.001553 1002
0.001554 1003
0.001555 1003
0.001556 1003
0.001557 1003
0.001558 1003
0.001559 1003
0.00156 1003
0.001561 1003
0.001562 1003
0.001563 1003
0.001564 1003
0.001565 1003
0.001566 1003
0.001567 1003
0.001568 1003
0.001569 1003
0.00157 1003
0.001571 1003
0.001572 1003
0.001573 1003
0.001574 1003
0.001575 1003
0.001576 1003
0.001577 1003
0.001578 1003
0.001579 1003
0.00158 1003
0.001581 1003
0.001582 1003
0.001583 1003
0.001584 1003
0.001585 1003
0.001586 1003
0.001587 1003
0.001588 1002
0.001589 1002
0.00159 1002
0.001591 1002
0.001592 1002
0.001593 1002
0.001594 1002
0.001595 1002
0.001596 1002
0.001597 1002
0.001598 1002
0.001599 1002
0.0016 1002
0.001601 1002
0.001602 1002
0.001603 1002
0.001604 1002
0.001605 1002
0.001606 1002
0.001607 1002
0.001608 1002
0.001609 1002
0.00161 1002
0.001611 1002
0.001612 1002
0.001613 1002
0.001614 1002
0.001615 1002
0.001616 1002
0.001617 1003
0.001618 1003
0.001619 1003
0.00162 1003
0.001621 1003
0.001622 1003
0.001623 1003
0.001624 1003
0.001625 1003
0.001626 1003
0.001627 1003
0.001628 1003
0.001629 1004
0.00163 1004
0.001631 1004
0.001632 1004
0.001633 1004
0.001634 1004
0.001635 1004
0.001636 1004
0.001637 1004
0.001638 1004
0.001639 1004
0.00164 1004
0.001641 1004
0.001642 1004
0.001643 1004
0.001644 1004
0.001645 1004
0.001646 1004
0.001647 1004
0.001648 1004
0.001649 1004
0.00165 1004
0.001651 1004
0.001652 1004
0.001653 1004
0.001654 1003
0.001655 1003
0.001656 1003
0.001657 1003
0.001658 1003
0.001659 1003
0.00166 1003
0.001661 1003
0.001662 1003
0.001663 1003
0.001664 1003
0.001665 1003
0.001666 1003
0.001667 1003
0.001668 1003
0.001669 1003
0.00167 1003
0.001671 1003
0.001672 1003
0.001673 1003
0.001674 1003
0.001675 1003
0.001676 1003
0.001677 1003
0.001678 1003
0.001679 1003
0.00168 1003
0.001681 1003
0.001682 1003
0.001683 1003
0.001684 1003
0.001685 1003
0.001686 1003
0.001687 1003
0.001688 1003
0.001689 1003
0.00169 1003
0.001691 1003
0.001692 1003
0.001693 1003
0.001694 1003
0.001695 1003
0.001696 1003
0.001697 1003
0.001698 1003
0.001699 1003
0.0017 1003
0.001701 1003
0.001702 1003
0.001703 1003
0.001704 1003
0.001705 1003
0.001706 1003
0.001707 1003
0.001708 1003
0.001709 1002
0.00171 1002
0.001711 1002
0.001712 1002
0.001713 1002
0.001714 1002
0.001715 1002
0.001716 1002
0.001717 1002
0.001718 1002
0.001719 1002
0.00172 1002
0.001721 1002
0.001722 1002
0.001723 1002
0.001724 1002
0.001725 1002
0.001726 1002
0.001727 1002
0.001728 1002
0.001729 1002
0.00173 1002
0.001731 1002
0.001732 1002
0.001733 1002
0.001734 1002
0.001735 1002
0.001736 1002
0.001737 1002
0.001738 1002
0.001739 1002
0.00174 1002
0.001741 1001
0.001742 1001
0.001743 1000
0.001744 1000
0.001745 1000
0.001746 1000
0.001747 1000
0.001748 1000
0.001749 1000
0.00175 1000
0.001751 1000
0.001752 1000
0.001753 1000
0.001754 1000
0.001755 998
0.001756 998
0.001757 998
0.001758 998
0.001759 998
0.00176 998
0.001761 998
0.001762 998
0.001763 998
0.001764 998
0.001765 998
0.001766 998
0.001767 998
0.001768 998
0.001769 998
0.00177 998
0.001771 998
0.001772 998
0.001773 998
0.001774 998
0.001775 998
0.001776 998
0.001777 998
0.001778 998
0.001779 998
0.00178 998
0.001781 998
0.001782 997
0.001783 997
0.001784 997
0.001785 997
0.001786 997
0.001787 997
0.001788 997
0.001789 997
0.00179 997
0.001791 997
0.001792 997
0.001793 997
0.001794 997
0.001795 997
0.001796 997
0.001797 997
0.001798 997
0.001799 997
0.0018 997
0.001801 997
0.001802 997
0.001803 997
0.001804 997
0.001805 996
0.001806 996
0.001807 996
0.001808 996
0.001809 997
0.00181 997
0.001811 998
0.001812 998
0.001813 997
0.001814 997
0.001815 997
0.001816 997
0.001817 997
0.001818 997
0.001819 996
0.00182 996
0.001821 996
0.001822 996
0.001823 997
0.001824 997
0.001825 997
0.001826 997
0.001827 997
0.001828 997
0.001829 997
0.00183 997
0.001831 997
0.001832 997
0.001833 997
0.001834 997
0.001835 997
0.001836 997
0.001837 997
0.001838 997
0.001839 997
0.00184 997
0.001841 997
0.001842 997
0.001843 997
0.001844 997
0.001845 997
0.001846 996
0.001847 996
0.001848 996
0.001849 996
0.00185 996
0.001851 996
0.001852 996
0.001853 996
0.001854 996
0.001855 996
0.001856 996
0.001857 996
0.001858 996
0.001859 996
0.00186 996
0.001861 996
0.001862 996
0.001863 996
0.001864 996
0.001865 996
0.001866 996
0.001867 996
0.001868 996
0.001869 996
0.00187 996
0.001871 996
0.001872 996
0.001873 996
0.001874 996
0.001875 996
0.001876 996
0.001877 996
0.001878 996
0.001879 996
0.00188 996
0.001881 996
0.001882 996
0.001883 996
0.001884 996
0.001885 996
0.001886 996
0.001887 996
0.001888 996
0.001889 996
0.00189 996
0.001891 996
0.001892 996
0.001893 996
0.001894 996
0.001895 996
0.001896 996
0.001897 996
0.001898 996
0.001899 996
0.0019 996
0.001901 996
0.001902 996
0.001903 996
0.001904 996
0.001905 996
0.001906 996
0.001907 996
0.001908 996
0.001909 995
0.00191 995
0.001911 995
0.001912 995
0.001913 995
0.001914 995
0.001915 995
0.001916 995
0.001917 995
0.001918 995
0.001919 994
0.00192 993
0.001921 993
0.001922 993
0.001923 993
0.001924 993
0.001925 993
0.001926 993
0.001927 993
0.001928 993
0.001929 993
0.00193 993
0.001931 993
0.001932 993
0.001933 993
0.001934 993
0.001935 993
0.001936 993
0.001937 993
0.001938 993
0.001939 993
0.00194 993
0.001941 993
0.001942 993
0.001943 993
0.001944 993
0.001945 993
0.001946 994
0.001947 994
0.001948 994
0.001949 994
0.00195 994
0.001951 994
0.001952 994
0.001953 993
0.001954 993
0.001955 993
0.001956 993
0.001957 993
0.001958 993
0.001959 993
0.00196 993
0.001961 993
0.001962 993
0.001963 993
0.001964 994
0.001965 994
0.001966 994
0.001967 994
0.001968 994
0.001969 994
0.00197 994
0.001971 994
0.001972 994
0.001973 994
0.001974 994
0.001975 994
0.001976 993
0.001977 992
0.001978 992
0.001979 992
0.00198 992
0.001981 992
0.001982 992
0.001983 993
0.001984 993
0.001985 993
0.001986 994
0.001987 994
0.001988 994
0.001989 994
0.00199 993
0.001991 993
0.001992 993
0.001993 993
0.001994 993
0.001995 993
0.001996 993
0.001997 993
0.001998 993
0.001999 994
0.002 994
0.002001 994
0.002002 994
0.002003 994
0.002004 994
0.002005 995
0.002006 995
0.002007 995
0.002008 995
0.002009 995
0.00201 996
0.002011 996
0.002012 995
0.002013 995
0.002014 995
0.002015 995
0.002016 995
0.002017 995
0.002018 995
0.002019 995
0.00202 995
0.002021 995
0.002022 995
0.002023 995
0.002024 995
0.002025 995
0.002026 995
0.002027 995
0.002028 995
0.002029 995
0.00203 995
0.002031 995
0.002032 995
0.002033 995
0.002034 995
0.002035 995
0.002036 995
0.002037 996
0.002038 996
0.002039 996
0.00204 996
0.002041 996
0.002042 996
0.002043 996
0.002044 996
0.002045 995
0.002046 995
0.002047 995
0.002048 995
0.002049 995
0.00205 995
0.002051 994
0.002052 994
0.002053 994
0.002054 994
0.002055 994
0.002056 994
0.002057 994
0.002058 994
0.002059 994
0.00206 994
0.002061 994
0.002062 994
0.002063 994
0.002064 994
0.002065 994
0.002066 994
0.002067 994
0.002068 994
0.002069 994
0.00207 994
0.002071 994
0.002072 994
0.002073 994
0.002074 994
0.002075 994
0.002076 994
0.002077 994
0.002078 994
0.002079 994
0.00208 994
0.002081 994
0.002082 994
0.002083 994
0.002084 994
0.002085 994
0.002086 994
0.002087 994
0.002088 994
0.002089 994
0.00209 993
0.002091 993
0.002092 993
0.002093 993
0.002094 993
0.002095 993
0.002096 993
0.002097 993
0.002098 993
0.002099 993
0.0021 993
0.002101 993
0.002102 993
0.002103 993
0.002104 993
0.002105 993
0.002106 993
0.002107 993
0.002108 993
0.002109 993
0.00211 993
0.002111 994
0.002112 994
0.002113 994
0.002114 994
0.002115 994
0.002116 994
0.002117 994
0.002118 994
0.002119 994
0.00212 994
0.002121 994
0.002122 994
0.002123 994
0.002124 994
0.002125 994
0.002126 994
0.002127 993
0.002128 993
0.002129 993
0.00213 993
0.002131 993
0.002132 993
0.002133 993
0.002134 993
0.002135 993
0.002136 993
0.002137 993
0.002138 993
0.002139 993
0.00214 993
0.002141 993
0.002142 993
0.002143 993
0.002144 993
0.002145 993
0.002146 993
0.002147 993
0.002148 993
0.002149 993
0.00215 993
0.002151 992
0.002152 992
0.002153 992
0.002154 992
0.002155 992
0.002156 992
0.002157 992
0.002158 992
0.002159 992
0.00216 992
0.002161 992
0.002162 992
0.002163 992
0.002164 992
0.002165 992
0.002166 992
0.002167 992
0.002168 992
0.002169 992
0.00217 992
0.002171 993
0.002172 993
0.002173 993
0.002174 993
0.002175 993
0.002176 993
0.002177 993
0.002178 993
0.002179 992
0.00218 992
0.002181 992
0.002182 992
0.002183 992
0.002184 992
0.002185 992
0.002186 992
0.002187 992
0.002188 992
0.002189 992
0.00219 992
0.002191 992
0.002192 992
0.002193 992
0.002194 992
0.002195 992
0.002196 992
0.002197 992
0.002198 992
0.002199 992
0.0022 992
0.002201 992
0.002202 992
0.002203 992
0.002204 992
0.002205 992
0.002206 992
0.002207 992
0.002208 991
0.002209 991
0.00221 991
0.002211 991
0.002212 991
0.002213 991
0.002214 992
0.002215 992
0.002216 992
0.002217 992
0.002218 992
0.002219 992
0.00222 992
0.002221 992
0.002222 992
0.002223 992
0.002224 992
0.002225 992
0.002226 992
0.002227 992
0.002228 992
0.002229 992
0.00223 992
0.002231 992
0.002232 992
0.002233 992
0.002234 992
0.002235 992
0.002236 992
0.002237 992
0.002238 992
0.002239 992
0.00224 992
0.002241 993
0.002242 993
0.002243 993
0.002244 993
0.002245 993
0.002246 993
0.002247 993
0.002248 992
0.002249 992
0.00225 992
0.002251 992
0.002252 992
0.002253 992
0.002254 992
0.002255 992
0.002256 992
0.002257 992
0.002258 992
0.002259 992
0.00226 992
0.002261 992
0.002262 992
0.002263 992
0.002264 992
0.002265 992
0.002266 992
0.002267 992
0.002268 992
0.002269 992
0.00227 992
0.002271 992
0.002272 992
0.002273 992
0.002274 992
0.002275 992
0.002276 992
0.002277 992
0.002278 992
0.002279 991
0.00228 991
0.002281 991
0.002282 991
0.002283 991
0.002284 991
0.002285 991
0.002286 991
0.002287 991
0.002288 991
0.002289 991
0.00229 991
0.002291 990
0.002292 990
0.002293 990
0.002294 990
0.002295 990
0.002296 990
0.002297 990
0.002298 990
0.002299 990
0.0023 990
0.002301 990
0.002302 990
0.002303 990
0.002304 990
0.002305 990
0.002306 990
0.002307 990
0.002308 990
0.002309 991
0.00231 990
0.002311 989
0.002312 989
0.002313 989
0.002314 989
0.002315 989
0.002316 989
0.002317 989
0.002318 989
0.002319 989
0.00232 989
0.002321 989
0.002322 989
0.002323 989
0.002324 989
0.002325 989
0.002326 989
0.002327 989
0.002328 989
0.002329 989
0.00233 989
0.002331 989
0.002332 989
0.002333 989
0.002334 990
0.002335 990
0.002336 990
0.002337 990
0.002338 988
0.002339 988
0.00234 988
0.002341 988
0.002342 988
0.002343 988
0.002344 988
0.002345 988
0.002346 988
0.002347 988
0.002348 988
0.002349 988
0.00235 988
0.002351 988
0.002352 988
0.002353 988
0.002354 988
0.002355 988
0.002356 988
0.002357 988
0.002358 988
0.002359 988
0.00236 988
0.002361 988
0.002362 988
0.002363 988
0.002364 988
0.002365 988
0.002366 988
0.002367 988
0.002368 987
0.002369 987
0.00237 987
0.002371 987
0.002372 987
0.002373 987
0.002374 987
0.002375 987
0.002376 987
0.002377 987
0.002378 987
0.002379 988
0.00238 988
0.002381 988
0.002382 988
0.002383 988
0.002384 988
0.002385 988
0.002386 988
0.002387 988
0.002388 988
0.002389 988
0.00239 988
0.002391 988
0.002392 989
0.002393 989
0.002394 988
0.002395 988
0.002396 988
0.002397 988
0.002398 988
0.002399 988
0.0024 988
0.002401 988
0.002402 988
0.002403 988
0.002404 987
0.002405 987
0.002406 987
0.002407 987
0.002408 987
0.002409 987
0.00241 987
0.002411 987
0.002412 987
0.002413 987
0.002414 987
0.002415 987
0.002416 987
0.002417 987
0.002418 987
0.002419 988
0.00242 988
0.002421 988
0.002422 988
0.002423 988
0.002424 988
0.002425 988
0.002426 987
0.002427 987
0.002428 987
0.002429 986
0.00243 986
0.002431 986
0.002432 986
0.002433 987
0.002434 987
0.002435 987
0.002436 986
0.002437 986
0.002438 986
0.002439 986
0.00244 986
0.002441 986
0.002442 986
0.002443 986
0.002444 986
0.002445 986
0.002446 986
0.002447 986
0.002448 986
0.002449 986
0.00245 987
0.002451 987
0.002452 987
0.002453 987
0.002454 987
0.002455 987
0.002456 987
0.002457 987
0.002458 987
0.002459 987
0.00246 987
0.002461 988
0.002462 988
0.002463 988
0.002464 988
0.002465 988
0.002466 988
0.002467 988
0.002468 988
0.002469 988
0.00247 988
0.002471 988
0.002472 988
0.002473 988
0.002474 988
0.002475 988
0.002476 988
0.002477 988
0.002478 988
0.002479 988
0.00248 988
0.002481 988
0.002482 988
0.002483 988
0.002484 988
0.002485 988
0.002486 988
0.002487 988
0.002488 988
0.002489 990
0.00249 989
0.002491 989
0.002492 989
0.002493 989
0.002494 989
0.002495 989
0.002496 990
0.002497 990
0.002498 989
0.002499 989
0.0025 989
0.002501 989
0.002502 989
0.002503 989
0.002504 989
0.002505 989
0.002506 989
0.002507 989
0.002508 989
0.002509 989
0.00251 989
0.002511 989
0.002512 989
0.002513 989
0.002514 989
0.002515 989
0.002516 989
0.002517 988
0.002518 988
0.002519 988
0.00252 988
0.002521 988
0.002522 988
0.002523 988
0.002524 988
0.002525 988
0.002526 989
0.002527 989
0.002528 989
0.002529 989
0.00253 989
0.002531 989
0.002532 989
0.002533 989
0.002534 989
0.002535 989
0.002536 989
0.002537 989
0.002538 989
0.002539 990
0.00254 989
0.002541 989
0.002542 989
0.002543 989
0.002544 989
0.002545 989
0.002546 989
0.002547 991
0.002548 991
0.002549 991
0.00255 991
0.002551 991
0.002552 991
0.002553 991
0.002554 990
0.002555 990
0.002556 990
0.002557 990
0.002558 990
0.002559 990
0.00256 990
0.002561 990
0.002562 990
0.002563 989
0.002564 989
0.002565 989
0.002566 989
0.002567 989
0.002568 989
0.002569 989
0.00257 989
0.002571 989
0.002572 989
0.002573 989
0.002574 989
0.002575 989
0.002576 989
0.002577 989
0.002578 989
0.002579 989
0.00258 989
0.002581 989
0.002582 990
0.002583 990
0.002584 990
0.002585 990
0.002586 991
0.002587 991
0.002588 990
0.002589 990
0.00259 990
0.002591 990
0.002592 990
0.002593 990
0.002594 990
0.002595 990
0.002596 990
0.002597 990
0.002598 990
0.002599 990
0.0026 990
0.002601 990
0.002602 990
0.002603 990
0.002604 989
0.002605 989
0.002606 990
0.002607 990
0.002608 990
0.002609 990
0.00261 990
0.002611 989
0.002612 989
0.002613 989
0.002614 989
0.002615 988
0.002616 988
0.002617 988
0.002618 988
0.002619 988
0.00262 988
0.002621 988
0.002622 987
0.002623 987
0.002624 988
0.002625 988
0.002626 988
0.002627 988
0.002628 988
0.002629 988
0.00263 988
0.002631 988
0.002632 988
0.002633 988
0.002634 988
0.002635 988
0.002636 988
0.002637 988
0.002638 988
0.002639 988
0.00264 988
0.002641 988
0.002642 988
0.002643 988
0.002644 988
0.002645 988
0.002646 988
0.002647 988
0.002648 988
0.002649 988
0.00265 988
0.002651 988
0.002652 988
0.002653 987
0.002654 987
0.002655 987
0.002656 987
0.002657 987
0.002658 987
0.002659 987
0.00266 987
0.002661 986
0.002662 986
0.002663 986
0.002664 986
0.002665 986
0.002666 986
0.002667 987
0.002668 987
0.002669 987
0.00267 987
0.002671 987
0.002672 987
0.002673 987
0.002674 988
0.002675 988
0.002676 988
0.002677 988
0.002678 988
0.002679 988
0.00268 988
0.002681 988
0.002682 988
0.002683 988
0.002684 989
0.002685 989
0.002686 989
0.002687 989
0.002688 989
0.002689 989
0.00269 989
0.002691 989
0.002692 989
0.002693 989
0.002694 989
0.002695 989
0.002696 989
0.002697 989
0.002698 989
0.002699 989
0.0027 989
0.002701 989
0.002702 989
0.002703 989
0.002704 989
0.002705 989
0.002706 989
0.002707 990
0.002708 990
0.002709 990
0.00271 990
0.002711 990
0.002712 990
0.002713 990
0.002714 991
0.002715 991
0.002716 991
0.002717 991
0.002718 991
0.002719 991
0.00272 991
0.002721 991
0.002722 991
0.002723 991
0.002724 991
0.002725 991
0.002726 991
0.002727 991
0.002728 991
0.002729 991
0.00273 991
0.002731 991
0.002732 991
0.002733 991
0.002734 991
0.002735 991
0.002736 991
0.002737 991
0.002738 991
0.002739 991
0.00274 991
0.002741 991
0.002742 991
0.002743 991
0.002744 991
0.002745 991
0.002746 991
0.002747 991
0.002748 991
0.002749 991
0.00275 991
0.002751 991
0.002752 991
0.002753 991
0.002754 991
0.002755 991
0.002756 991
0.002757 991
0.002758 991
0.002759 991
0.00276 991
0.002761 991
0.002762 991
0.002763 990
0.002764 990
0.002765 990
0.002766 990
0.002767 990
0.002768 990
0.002769 990
0.00277 990
0.002771 990
0.002772 990
0.002773 990
0.002774 990
0.002775 990
0.002776 990
0.002777 990
0.002778 990
0.002779 990
0.00278 990
0.002781 990
0.002782 990
0.002783 991
0.002784 991
0.002785 991
0.002786 990
0.002787 990
0.002788 990
0.002789 990
0.00279 990
0.002791 990
0.002792 990
0.002793 990
0.002794 990
0.002795 990
0.002796 990
0.002797 990
0.002798 990
0.002799 990
0.0028 990
0.002801 990
0.002802 990
0.002803 990
0.002804 990
0.002805 990
0.002806 990
0.002807 990
0.002808 990
0.002809 990
0.00281 990
0.002811 990
0.002812 990
0.002813 990
0.002814 991
0.002815 991
0.002816 991
0.002817 992
0.002818 992
0.002819 992
0.00282 993
0.002821 993
0.002822 993
0.002823 993
0.002824 993
0.002825 993
0.002826 994
0.002827 994
0.002828 994
0.002829 994
0.00283 994
0.002831 994
0.002832 994
0.002833 994
0.002834 994
0.002835 994
0.002836 994
0.002837 994
0.002838 995
0.002839 995
0.00284 995
0.002841 995
0.002842 995
0.002843 995
0.002844 995
0.002845 995
0.002846 995
0.002847 995
0.002848 995
0.002849 995
0.00285 995
0.002851 995
0.002852 995
0.002853 995
0.002854 995
0.002855 995
0.002856 995
0.002857 994
0.002858 994
0.002859 994
0.00286 994
0.002861 995
0.002862 995
0.002863 995
0.002864 995
0.002865 995
0.002866 995
0.002867 995
0.002868 995
0.002869 995
0.00287 995
0.002871 995
0.002872 995
0.002873 995
0.002874 995
0.002875 995
0.002876 995
0.002877 996
0.002878 996
0.002879 996
0.00288 996
0.002881 996
0.002882 996
0.002883 996
0.002884 996
0.002885 996
0.002886 996
0.002887 996
0.002888 996
0.002889 996
0.00289 996
0.002891 996
0.002892 996
0.002893 996
0.002894 997
0.002895 997
0.002896 997
0.002897 997
0.002898 997
0.002899 997
0.0029 997
0.002901 997
0.002902 997
0.002903 997
0.002904 997
0.002905 997
0.002906 997
0.002907 997
0.002908 997
0.002909 997
0.00291 997
0.002911 997
0.002912 997
0.002913 997
0.002914 997
0.002915 996
0.002916 996
0.002917 996
0.002918 996
0.002919 996
0.00292 996
0.002921 996
0.002922 997
0.002923 997
0.002924 997
0.002925 997
0.002926 996
0.002927 996
0.002928 996
0.002929 996
0.00293 996
0.002931 996
0.002932 996
0.002933 996
0.002934 996
0.002935 996
0.002936 996
0.002937 996
0.002938 995
0.002939 995
0.00294 995
0.002941 995
0.002942 995
0.002943 995
0.002944 995
0.002945 996
0.002946 996
0.002947 996
0.002948 995
0.002949 995
0.00295 995
0.002951 995
0.002952 995
0.002953 995
0.002954 995
0.002955 995
0.002956 995
0.002957 996
0.002958 996
0.002959 996
0.00296 996
0.002961 996
0.002962 996
0.002963 996
0.002964 996
0.002965 996
0.002966 995
0.002967 995
0.002968 995
0.002969 995
0.00297 995
0.002971 995
0.002972 995
0.002973 995
0.002974 995
0.002975 995
0.002976 995
0.002977 995
0.002978 995
0.002979 995
0.00298 995
0.002981 995
0.002982 995
0.002983 995
0.002984 995
0.002985 995
0.002986 995
0.002987 995
0.002988 995
0.002989 995
0.00299 995
0.002991 995
0.002992 995
0.002993 995
0.002994 994
0.002995 994
0.002996 994
0.002997 994
0.002998 994
0.002999 994
0.003 994
0.003001 994
0.003002 994
0.003003 994
0.003004 994
0.003005 994
0.003006 994
0.003007 994
0.003008 994
0.003009 994
0.00301 994
0.003011 994
0.003012 994
0.003013 994
0.003014 994
0.003015 994
0.003016 994
0.003017 994
0.003018 994
0.003019 995
0.00302 995
0.003021 995
0.003022 995
0.003023 995
0.003024 995
0.003025 995
0.003026 996
0.003027 996
0.003028 996
0.003029 996
0.00303 996
0.003031 996
0.003032 996
0.003033 996
0.003034 996
0.003035 996
0.003036 996
0.003037 996
0.003038 997
0.003039 997
0.00304 997
0.003041 997
0.003042 997
0.003043 997
0.003044 997
0.003045 997
0.003046 997
0.003047 997
0.003048 997
0.003049 997
0.00305 997
0.003051 997
0.003052 997
0.003053 997
0.003054 997
0.003055 997
0.003056 997
0.003057 997
0.003058 997
0.003059 997
0.00306 997
0.003061 997
0.003062 997
0.003063 997
0.003064 996
0.003065 996
0.003066 996
0.003067 996
0.003068 996
0.003069 996
0.00307 995
0.003071 995
0.003072 995
0.003073 995
0.003074 995
0.003075 995
0.003076 995
0.003077 995
0.003078 995
0.003079 995
0.00308 995
0.003081 995
0.003082 995
0.003083 995
0.003084 995
0.003085 995
0.003086 995
0.003087 995
0.003088 995
0.003089 995
0.00309 995
0.003091 995
0.003092 995
0.003093 995
0.003094 995
0.003095 995
0.003096 995
0.003097 995
0.003098 996
0.003099 996
0.0031 996
0.003101 996
0.003102 996
0.003103 996
0.003104 996
0.003105 996
0.003106 997
0.003107 997
0.003108 997
0.003109 997
0.00311 997
0.003111 997
0.003112 997
0.003113 997
0.003114 997
0.003115 996
0.003116 996
0.003117 996
0.003118 996
0.003119 996
0.00312 996
0.003121 996
0.003122 996
0.003123 996
0.003124 996
0.003125 996
0.003126 996
0.003127 996
0.003128 996
0.003129 996
0.00313 996
0.003131 996
0.003132 996
0.003133 996
0.003134 995
0.003135 995
0.003136 995
0.003137 995
0.003138 995
0.003139 995
0.00314 995
0.003141 995
0.003142 995
0.003143 995
0.003144 995
0.003145 995
0.003146 995
0.003147 995
0.003148 995
0.003149 995
0.00315 995
0.003151 995
0.003152 995
0.003153 995
0.003154 995
0.003155 995
0.003156 995
0.003157 995
0.003158 995
0.003159 995
0.00316 995
0.003161 995
0.003162 995
0.003163 995
0.003164 995
0.003165 995
0.003166 995
0.003167 995
0.003168 995
0.003169 995
0.00317 995
0.003171 995
0.003172 995
0.003173 995
0.003174 995
0.003175 995
0.003176 995
0.003177 995
0.003178 995
0.003179 995
0.00318 996
0.003181 996
0.003182 996
0.003183 996
0.003184 996
0.003185 996
0.003186 996
0.003187 996
0.003188 996
0.003189 996
0.00319 996
0.003191 996
0.003192 996
0.003193 997
0.003194 997
0.003195 997
0.003196 998
0.003197 998
0.003198 998
0.003199 998
0.0032 998
0.003201 998
0.003202 998
0.003203 998
0.003204 998
0.003205 998
0.003206 999
0.003207 999
0.003208 999
0.003209 999
0.00321 999
0.003211 999
0.003212 999
0.003213 999
0.003214 999
0.003215 999
0.003216 999
0.003217 999
0.003218 1000
0.003219 1000
0.00322 1000
0.003221 1000
0.003222 1000
0.003223 1000
0.003224 1000
0.003225 1000
0.003226 1000
0.003227 1000
0.003228 1000
0.003229 1001
0.00323 1001
0.003231 1001
0.003232 1001
0.003233 1002
0.003234 1002
0.003235 1002
0.003236 1002
0.003237 1002
0.003238 1002
0.003239 1002
0.00324 1002
0.003241 1002
0.003242 1002
0.003243 1002
0.003244 1002
0.003245 1003
0.003246 1003
0.003247 1003
0.003248 1003
0.003249 1003
0.00325 1003
0.003251 1003
0.003252 1003
0.003253 1003
0.003254 1003
0.003255 1003
0.003256 1004
0.003257 1004
0.003258 1004
0.003259 1004
0.00326 1004
0.003261 1004
0.003262 1004
0.003263 1004
0.003264 1004
0.003265 1004
0.003266 1004
0.003267 1004
0.003268 1004
0.003269 1004
0.00327 1004
0.003271 1004
0.003272 1004
0.003273 1004
0.003274 1004
0.003275 1004
0.003276 1004
0.003277 1004
0.003278 1004
0.003279 1004
0.00328 1004
0.003281 1004
0.003282 1004
0.003283 1004
0.003284 1004
0.003285 1004
0.003286 1004
0.003287 1004
0.003288 1005
0.003289 1005
0.00329 1005
0.003291 1005
0.003292 1005
0.003293 1005
0.003294 1005
0.003295 1005
0.003296 1005
0.003297 1005
0.003298 1005
0.003299 1006
0.0033 1006
0.003301 1006
0.003302 1006
0.003303 1006
0.003304 1006
0.003305 1006
0.003306 1006
0.003307 1006
0.003308 1006
0.003309 1006
0.00331 1006
0.003311 1007
0.003312 1007
0.003313 1007
0.003314 1007
0.003315 1007
0.003316 1007
0.003317 1007
0.003318 1007
0.003319 1007
0.00332 1007
0.003321 1007
0.003322 1007
0.003323 1007
0.003324 1007
0.003325 1007
0.003326 1007
0.003327 1007
0.003328 1007
0.003329 1007
0.00333 1007
0.003331 1007
0.003332 1007
0.003333 1007
0.003334 1007
0.003335 1007
0.003336 1007
0.003337 1007
0.003338 1007
0.003339 1007
0.00334 1007
0.003341 1007
0.003342 1007
0.003343 1007
0.003344 1007
0.003345 1007
0.003346 1007
0.003347 1007
0.003348 1007
0.003349 1007
0.00335 1007
0.003351 1007
0.003352 1007
0.003353 1007
0.003354 1006
0.003355 1006
0.003356 1006
0.003357 1007
0.003358 1007
0.003359 1007
0.00336 1008
0.003361 1008
0.003362 1008
0.003363 1008
0.003364 1008
0.003365 1008
0.003366 1008
0.003367 1008
0.003368 1008
0.003369 1008
0.00337 1008
0.003371 1008
0.003372 1008
0.003373 1008
0.003374 1007
0.003375 1007
0.003376 1007
0.003377 1008
0.003378 1008
0.003379 1008
0.00338 1008
0.003381 1008
0.003382 1008
0.003383 1008
0.003384 1009
0.003385 1009
0.003386 1010
0.003387 1010
0.003388 1010
0.003389 1010
0.00339 1010
0.003391 1010
0.003392 1010
0.003393 1010
0.003394 1010
0.003395 1010
0.003396 1010
0.003397 1011
0.003398 1011
0.003399 1012
0.0034 1012
0.003401 1012
0.003402 1012
0.003403 1012
0.003404 1012
0.003405 1012
0.003406 1012
0.003407 1012
0.003408 1012
0.003409 1012
0.00341 1012
0.003411 1012
0.003412 1012
0.003413 1012
0.003414 1012
0.003415 1012
0.003416 1012
0.003417 1012
0.003418 1012
0.003419 1012
0.00342 1012
0.003421 1012
0.003422 1012
0.003423 1012
0.003424 1012
0.003425 1012
0.003426 1012
0.003427 1012
0.003428 1013
0.003429 1013
0.00343 1013
0.003431 1013
0.003432 1013
0.003433 1013
0.003434 1013
0.003435 1013
0.003436 1013
0.003437 1013
0.003438 1013
0.003439 1013
0.00344 1013
0.003441 1013
0.003442 1013
0.003443 1013
0.003444 1014
0.003445 1014
0.003446 1014
0.003447 1014
0.003448 1014
0.003449 1014
0.00345 1014
0.003451 1014
0.003452 1014
0.003453 1014
0.003454 1014
0.003455 1014
0.003456 1014
0.003457 1014
0.003458 1014
0.003459 1014
0.00346 1014
0.003461 1014
0.003462 1014
0.003463 1014
0.003464 1014
0.003465 1015
0.003466 1016
0.003467 1016
0.003468 1016
0.003469 1016
0.00347 1016
0.003471 1016
0.003472 1016
0.003473 1016
0.003474 1016
0.003475 1016
0.003476 1016
0.003477 1016
0.003478 1016
0.003479 1016
0.00348 1016
0.003481 1016
0.003482 1016
0.003483 1016
0.003484 1016
0.003485 1016
0.003486 1016
0.003487 1016
0.003488 1016
0.003489 1016
0.00349 1016
0.003491 1016
0.003492 1016
0.003493 1016
0.003494 1016
0.003495 1016
0.003496 1016
0.003497 1016
0.003498 1016
0.003499 1016
0.0035 1016
0.003501 1016
0.003502 1016
0.003503 1016
0.003504 1016
0.003505 1016
0.003506 1016
0.003507 1016
0.003508 1016
0.003509 1016
0.00351 1016
0.003511 1016
0.003512 1016
0.003513 1016
0.003514 1017
0.003515 1017
0.003516 1017
0.003517 1017
0.003518 1016
0.003519 1016
0.00352 1016
0.003521 1016
0.003522 1015
0.003523 1015
0.003524 1015
0.003525 1015
0.003526 1014
0.003527 1015
0.003528 1015
0.003529 1015
0.00353 1015
0.003531 1015
0.003532 1015
0.003533 1015
0.003534 1015
0.003535 1015
0.003536 1015
0.003537 1015
0.003538 1015
0.003539 1015
0.00354 1015
0.003541 1015
0.003542 1015
0.003543 1015
0.003544 1015
0.003545 1015
0.003546 1015
0.003547 1015
0.003548 1015
0.003549 1015
0.00355 1015
0.003551 1015
0.003552 1015
0.003553 1015
0.003554 1015
0.003555 1015
0.003556 1015
0.003557 1015
0.003558 1015
0.003559 1015
0.00356 1015
0.003561 1015
0.003562 1015
0.003563 1015
0.003564 1015
0.003565 1015
0.003566 1015
0.003567 1015
0.003568 1015
0.003569 1015
0.00357 1015
0.003571 1015
0.003572 1015
0.003573 1015
0.003574 1015
0.003575 1015
0.003576 1015
0.003577 1015
0.003578 1015
0.003579 1015
0.00358 1014
0.003581 1014
0.003582 1014
0.003583 1014
0.003584 1014
0.003585 1014
0.003586 1014
0.003587 1014
0.003588 1014
0.003589 1014
0.00359 1014
0.003591 1014
0.003592 1014
0.003593 1014
0.003594 1014
0.003595 1014
0.003596 1014
0.003597 1014
0.003598 1014
0.003599 1014
0.0036 1014
0.003601 1014
0.003602 1014
0.003603 1014
0.003604 1014
0.003605 1014
0.003606 1014
0.003607 1014
0.003608 1014
0.003609 1014
0.00361 1014
0.003611 1014
0.003612 1014
0.003613 1014
0.003614 1014
0.003615 1014
0.003616 1014
0.003617 1014
0.003618 1014
0.003619 1014
0.00362 1014
0.003621 1014
0.003622 1014
0.003623 1014
0.003624 1014
0.003625 1014
0.003626 1014
0.003627 1014
0.003628 1014
0.003629 1014
0.00363 1014
0.003631 1014
0.003632 1015
0.003633 1015
0.003634 1015
0.003635 1016
0.003636 1016
0.003637 1016
0.003638 1016
0.003639 1016
0.00364 1016
0.003641 1016
0.003642 1016
0.003643 1016
0.003644 1016
0.003645 1016
0.003646 1016
0.003647 1016
0.003648 1016
0.003649 1016
0.00365 1016
0.003651 1016
0.003652 1017
0.003653 1017
0.003654 1017
0.003655 1017
0.003656 1017
0.003657 1017
0.003658 1017
0.003659 1017
0.00366 1017
0.003661 1017
0.003662 1017
0.003663 1017
0.003664 1017
0.003665 1017
0.003666 1017
0.003667 1017
0.003668 1017
0.003669 1017
0.00367 1017
0.003671 1017
0.003672 1017
0.003673 1017
0.003674 1017
0.003675 1017
0.003676 1016
0.003677 1016
0.003678 1016
0.003679 1016
0.00368 1016
0.003681 1016
0.003682 1016
0.003683 1016
0.003684 1016
0.003685 1016
0.003686 1016
0.003687 1016
0.003688 1016
0.003689 1016
0.00369 1016
0.003691 1016
0.003692 1016
0.003693 1016
0.003694 1016
0.003695 1016
0.003696 1016
0.003697 1016
0.003698 1016
0.003699 1016
0.0037 1017
0.003701 1017
0.003702 1016
0.003703 1016
0.003704 1016
0.003705 1016
0.003706 1016
0.003707 1016
0.003708 1016
0.003709 1016
0.00371 1016
0.003711 1016
0.003712 1016
0.003713 1016
0.003714 1016
0.003715 1016
0.003716 1016
0.003717 1016
0.003718 1016
0.003719 1016
0.00372 1016
0.003721 1016
0.003722 1016
0.003723 1016
0.003724 1016
0.003725 1016
0.003726 1016
0.003727 1016
0.003728 1016
0.003729 1016
0.00373 1016
0.003731 1017
0.003732 1017
0.003733 1016
0.003734 1016
0.003735 1016
0.003736 1016
0.003737 1016
0.003738 1016
0.003739 1016
0.00374 1016
0.003741 1016
0.003742 1016
0.003743 1016
0.003744 1016
0.003745 1016
0.003746 1016
0.003747 1016
0.003748 1016
0.003749 1016
0.00375 1016
0.003751 1016
0.003752 1016
0.003753 1015
0.003754 1015
0.003755 1016
0.003756 1016
0.003757 1016
0.003758 1016
0.003759 1016
0.00376 1016
0.003761 1016
0.003762 1016
0.003763 1015
0.003764 1015
0.003765 1015
0.003766 1015
0.003767 1015
0.003768 1015
0.003769 1015
0.00377 1015
0.003771 1015
0.003772 1015
0.003773 1015
0.003774 1015
0.003775 1015
0.003776 1015
0.003777 1015
0.003778 1015
0.003779 1015
0.00378 1015
0.003781 1015
0.003782 1015
0.003783 1015
0.003784 1015
0.003785 1015
0.003786 1015
0.003787 1015
0.003788 1015
0.003789 1015
0.00379 1015
0.003791 1015
0.003792 1015
0.003793 1015
0.003794 1015
0.003795 1015
0.003796 1015
0.003797 1015
0.003798 1015
0.003799 1015
0.0038 1015
0.003801 1015
0.003802 1015
0.003803 1015
0.003804 1015
0.003805 1015
0.003806 1015
0.003807 1016
0.003808 1016
0.003809 1016
0.00381 1016
0.003811 1016
0.003812 1017
0.003813 1016
0.003814 1016
0.003815 1016
0.003816 1016
0.003817 1016
0.003818 1016
0.003819 1016
0.00382 1016
0.003821 1016
0.003822 1016
0.003823 1016
0.003824 1016
0.003825 1016
0.003826 1016
0.003827 1016
0.003828 1016
0.003829 1016
0.00383 1016
0.003831 1016
0.003832 1016
0.003833 1016
0.003834 1016
0.003835 1016
0.003836 1016
0.003837 1016
0.003838 1016
0.003839 1016
0.00384 1016
0.003841 1016
0.003842 1016
0.003843 1016
0.003844 1016
0.003845 1016
0.003846 1016
0.003847 1016
0.003848 1017
0.003849 1017
0.00385 1017
0.003851 1017
0.003852 1017
0.003853 1017
0.003854 1017
0.003855 1017
0.003856 1017
0.003857 1017
0.003858 1017
0.003859 1017
0.00386 1017
0.003861 1017
0.003862 1017
0.003863 1017
0.003864 1017
0.003865 1017
0.003866 1017
0.003867 1017
0.003868 1017
0.003869 1017
0.00387 1017
0.003871 1017
0.003872 1017
0.003873 1017
0.003874 1017
0.003875 1017
0.003876 1017
0.003877 1017
0.003878 1017
0.003879 1017
0.00388 1017
0.003881 1017
0.003882 1017
0.003883 1017
0.003884 1017
0.003885 1017
0.003886 1017
0.003887 1017
0.003888 1017
0.003889 1017
0.00389 1017
0.003891 1017
0.003892 1017
0.003893 1015
0.003894 1015
0.003895 1015
0.003896 1015
0.003897 1015
0.003898 1015
0.003899 1015
0.0039 1015
0.003901 1015
0.003902 1015
0.003903 1015
0.003904 1015
0.003905 1015
0.003906 1015
0.003907 1015
0.003908 1015
0.003909 1015
0.00391 1014
0.003911 1014
0.003912 1014
0.003913 1014
0.003914 1014
0.003915 1014
0.003916 1014
0.003917 1014
0.003918 1014
0.003919 1014
0.00392 1014
0.003921 1014
0.003922 1014
0.003923 1014
0.003924 1014
0.003925 1014
0.003926 1014
0.003927 1014
0.003928 1014
0.003929 1014
0.00393 1014
0.003931 1014
0.003932 1014
0.003933 1014
0.003934 1014
0.003935 1014
0.003936 1014
0.003937 1014
0.003938 1014
0.003939 1014
0.00394 1014
0.003941 1014
0.003942 1014
0.003943 1014
0.003944 1014
0.003945 1014
0.003946 1014
0.003947 1013
0.003948 1013
0.003949 1012
0.00395 1012
0.003951 1012
0.003952 1012
0.003953 1012
0.003954 1012
0.003955 1012
0.003956 1012
0.003957 1013
0.003958 1013
0.003959 1013
0.00396 1013
0.003961 1013
0.003962 1013
0.003963 1013
0.003964 1013
0.003965 1013
0.003966 1013
0.003967 1013
0.003968 1013
0.003969 1013
0.00397 1013
0.003971 1013
0.003972 1013
0.003973 1013
0.003974 1013
0.003975 1013
0.003976 1013
0.003977 1013
0.003978 1013
0.003979 1013
0.00398 1013
0.003981 1014
0.003982 1014
0.003983 1014
0.003984 1014
0.003985 1014
0.003986 1014
0.003987 1014
0.003988 1013
0.003989 1013
0.00399 1013
0.003991 1013
0.003992 1013
0.003993 1013
0.003994 1013
0.003995 1013
0.003996 1013
0.003997 1013
0.003998 1013
0.003999 1012
0.004 1012
0.004001 1012
0.004002 1012
0.004003 1012
0.004004 1012
0.004005 1011
0.004006 1011
0.004007 1011
0.004008 1011
0.004009 1011
0.00401 1011
0.004011 1011
0.004012 1012
0.004013 1012
0.004014 1012
0.004015 1012
0.004016 1012
0.004017 1012
0.004018 1012
0.004019 1012
0.00402 1012
0.004021 1012
0.004022 1012
0.004023 1012
0.004024 1012
0.004025 1012
0.004026 1012
0.004027 1012
0.004028 1013
0.004029 1013
0.00403 1013
0.004031 1013
0.004032 1013
0.004033 1013
0.004034 1013
0.004035 1013
0.004036 1013
0.004037 1013
0.004038 1013
0.004039 1013
0.00404 1013
0.004041 1013
0.004042 1013
0.004043 1013
0.004044 1013
0.004045 1013
0.004046 1013
0.004047 1013
0.004048 1013
0.004049 1013
0.00405 1013
0.004051 1013
0.004052 1013
0.004053 1013
0.004054 1013
0.004055 1013
0.004056 1013
0.004057 1013
0.004058 1013
0.004059 1013
0.00406 1013
0.004061 1013
0.004062 1013
0.004063 1014
0.004064 1014
0.004065 1014
0.004066 1014
0.004067 1014
0.004068 1014
0.004069 1015
0.00407 1015
0.004071 1015
0.004072 1015
0.004073 1015
0.004074 1015
0.004075 1015
0.004076 1015
0.004077 1015
0.004078 1015
0.004079 1015
0.00408 1015
0.004081 1015
0.004082 1015
0.004083 1015
0.004084 1015
0.004085 1015
0.004086 1015
0.004087 1015
0.004088 1015
0.004089 1015
0.00409 1015
0.004091 1015
0.004092 1015
0.004093 1015
0.004094 1016
0.004095 1016
0.004096 1017
0.004097 1017
0.004098 1017
0.004099 1017
0.0041 1017
0.004101 1017
0.004102 1017
0.004103 1017
0.004104 1017
0.004105 1016
0.004106 1016
0.004107 1016
0.004108 1016
0.004109 1016
0.00411 1016
0.004111 1016
0.004112 1016
0.004113 1016
0.004114 1016
0.004115 1016
0.004116 1016
0.004117 1016
0.004118 1016
0.004119 1016
0.00412 1016
0.004121 1016
0.004122 1016
0.004123 1016
0.004124 1016
0.004125 1016
0.004126 1017
0.004127 1017
0.004128 1017
0.004129 1017
0.00413 1017
0.004131 1017
0.004132 1017
0.004133 1017
0.004134 1017
0.004135 1017
0.004136 1017
0.004137 1016
0.004138 1017
0.004139 1016
0.00414 1016
0.004141 1016
0.004142 1016
0.004143 1016
0.004144 1016
0.004145 1016
0.004146 1016
0.004147 1016
0.004148 1016
0.004149 1016
0.00415 1016
0.004151 1016
0.004152 1016
0.004153 1016
0.004154 1016
0.004155 1016
0.004156 1016
0.004157 1016
0.004158 1016
0.004159 1016
0.00416 1016
0.004161 1016
0.004162 1016
0.004163 1016
0.004164 1016
0.004165 1016
0.004166 1016
0.004167 1016
0.004168 1016
0.004169 1016
0.00417 1016
0.004171 1016
0.004172 1016
0.004173 1016
0.004174 1016
0.004175 1016
0.004176 1017
0.004177 1017
0.004178 1017
0.004179 1017
0.00418 1017
0.004181 1017
0.004182 1017
0.004183 1017
0.004184 1017
0.004185 1017
0.004186 1017
0.004187 1017
0.004188 1017
0.004189 1017
0.00419 1017
0.004191 1017
0.004192 1017
0.004193 1017
0.004194 1017
0.004195 1017
0.004196 1017
0.004197 1017
0.004198 1018
0.004199 1018
0.0042 1018
0.004201 1018
0.004202 1018
0.004203 1018
0.004204 1017
0.004205 1016
0.004206 1016
0.004207 1016
0.004208 1016
0.004209 1016
0.00421 1016
0.004211 1016
0.004212 1016
0.004213 1016
0.004214 1016
0.004215 1017
0.004216 1017
0.004217 1017
0.004218 1017
0.004219 1017
0.00422 1017
0.004221 1017
0.004222 1017
0.004223 1017
0.004224 1017
0.004225 1017
0.004226 1017
0.004227 1017
0.004228 1017
0.004229 1017
0.00423 1016
0.004231 1015
0.004232 1015
0.004233 1015
0.004234 1015
0.004235 1015
0.004236 1015
0.004237 1015
0.004238 1015
0.004239 1015
0.00424 1015
0.004241 1015
0.004242 1015
0.004243 1015
0.004244 1015
0.004245 1015
0.004246 1015
0.004247 1016
0.004248 1016
0.004249 1016
0.00425 1016
0.004251 1016
0.004252 1016
0.004253 1016
0.004254 1016
0.004255 1016
0.004256 1016
0.004257 1016
0.004258 1016
0.004259 1017
0.00426 1017
0.004261 1017
0.004262 1017
0.004263 1017
0.004264 1017
0.004265 1017
0.004266 1017
0.004267 1017
0.004268 1018
0.004269 1018
0.00427 1018
0.004271 1018
0.004272 1018
0.004273 1018
0.004274 1018
0.004275 1018
0.004276 1018
0.004277 1018
0.004278 1018
0.004279 1019
0.00428 1019
0.004281 1019
0.004282 1019
0.004283 1019
0.004284 1019
0.004285 1019
0.004286 1019
0.004287 1019
0.004288 1019
0.004289 1019
0.00429 1019
0.004291 1019
0.004292 1019
0.004293 1019
0.004294 1019
0.004295 1019
0.004296 1019
0.004297 1019
0.004298 1020
0.004299 1020
0.0043 1020
0.004301 1020
0.004302 1020
0.004303 1020
0.004304 1020
0.004305 1020
0.004306 1020
0.004307 1021
0.004308 1021
0.004309 1021
0.00431 1022
0.004311 1022
0.004312 1022
0.004313 1022
0.004314 1022
0.004315 1023
0.004316 1023
0.004317 1023
0.004318 1023
0.004319 1023
0.00432 1023
0.004321 1024
0.004322 1024
0.004323 1024
0.004324 1024
0.004325 1024
0.004326 1024
0.004327 1024
0.004328 1024
0.004329 1024
0.00433 1024
0.004331 1024
0.004332 1025
0.004333 1025
0.004334 1025
0.004335 1025
0.004336 1025
0.004337 1025
0.004338 1025
0.004339 1025
0.00434 1025
0.004341 1025
0.004342 1024
0.004343 1024
0.004344 1024
0.004345 1024
0.004346 1023
0.004347 1023
0.004348 1023
0.004349 1023
0.00435 1023
0.004351 1023
0.004352 1023
0.004353 1023
0.004354 1023
0.004355 1023
0.004356 1023
0.004357 1023
0.004358 1023
0.004359 1023
0.00436 1023
0.004361 1023
0.004362 1023
0.004363 1023
0.004364 1023
0.004365 1023
0.004366 1023
0.004367 1023
0.004368 1023
0.004369 1022
0.00437 1022
0.004371 1022
0.004372 1022
0.004373 1022
0.004374 1022
0.004375 1022
0.004376 1022
0.004377 1022
0.004378 1022
0.004379 1022
0.00438 1022
0.004381 1022
0.004382 1022
0.004383 1022
0.004384 1022
0.004385 1022
0.004386 1022
0.004387 1022
0.004388 1022
0.004389 1022
0.00439 1022
0.004391 1022
0.004392 1022
0.004393 1022
0.004394 1022
0.004395 1022
0.004396 1022
0.004397 1022
0.004398 1022
0.004399 1022
0.0044 1022
0.004401 1022
0.004402 1022
0.004403 1022
0.004404 1022
0.004405 1022
0.004406 1022
0.004407 1022
0.004408 1022
0.004409 1022
0.00441 1022
0.004411 1023
0.004412 1023
0.004413 1023
0.004414 1023
0.004415 1022
0.004416 1022
0.004417 1022
0.004418 1022
0.004419 1022
0.00442 1022
0.004421 1022
0.004422 1022
0.004423 1022
0.004424 1022
0.004425 1022
0.004426 1022
0.004427 1022
0.004428 1022
0.004429 1022
0.00443 1022
0.004431 1022
0.004432 1023
0.004433 1023
0.004434 1023
0.004435 1023
0.004436 1023
0.004437 1023
0.004438 1022
0.004439 1022
0.00444 1023
0.004441 1023
0.004442 1023
0.004443 1023
0.004444 1023
0.004445 1023
0.004446 1023
0.004447 1024
0.004448 1024
0.004449 1025
0.00445 1025
0.004451 1025
0.004452 1025
0.004453 1025
0.004454 1025
0.004455 1025
0.004456 1025
0.004457 1025
0.004458 1025
0.004459 1025
0.00446 1025
0.004461 1025
0.004462 1025
0.004463 1025
0.004464 1025
0.004465 1025
0.004466 1025
0.004467 1025
0.004468 1025
0.004469 1025
0.00447 1025
0.004471 1025
0.004472 1025
0.004473 1025
0.004474 1025
0.004475 1025
0.004476 1026
0.004477 1026
0.004478 1026
0.004479 1026
0.00448 1026
0.004481 1026
0.004482 1026
0.004483 1026
0.004484 1026
0.004485 1026
0.004486 1026
0.004487 1026
0.004488 1026
0.004489 1026
0.00449 1026
0.004491 1026
0.004492 1026
0.004493 1026
0.004494 1026
0.004495 1026
0.004496 1026
0.004497 1026
0.004498 1026
0.004499 1026
0.0045 1026
0.004501 1026
0.004502 1025
0.004503 1025
0.004504 1025
0.004505 1025
0.004506 1025
0.004507 1025
0.004508 1025
0.004509 1025
0.00451 1025
0.004511 1025
0.004512 1025
0.004513 1025
0.004514 1025
0.004515 1025
0.004516 1025
0.004517 1025
0.004518 1025
0.004519 1025
0.00452 1025
0.004521 1025
0.004522 1025
0.004523 1025
0.004524 1025
0.004525 1025
0.004526 1025
0.004527 1025
0.004528 1025
0.004529 1025
0.00453 1025
0.004531 1025
0.004532 1025
0.004533 1025
0.004534 1025
0.004535 1025
0.004536 1025
0.004537 1025
0.004538 1025
0.004539 1025
0.00454 1025
0.004541 1025
0.004542 1025
0.004543 1025
0.004544 1025
0.004545 1025
0.004546 1025
0.004547 1025
0.004548 1025
0.004549 1025
0.00455 1025
0.004551 1025
0.004552 1025
0.004553 1025
0.004554 1025
0.004555 1025
0.004556 1025
0.004557 1025
0.004558 1025
0.004559 1026
0.00456 1026
0.004561 1026
0.004562 1026
0.004563 1026
0.004564 1025
0.004565 1025
0.004566 1025
0.004567 1025
0.004568 1025
0.004569 1025
0.00457 1025
0.004571 1025
0.004572 1025
0.004573 1025
0.004574 1025
0.004575 1025
0.004576 1025
0.004577 1025
0.004578 1025
0.004579 1025
0.00458 1024
0.004581 1024
0.004582 1024
0.004583 1024
0.004584 1024
0.004585 1024
0.004586 1023
0.004587 1023
0.004588 1023
0.004589 1022
0.00459 1022
0.004591 1022
0.004592 1022
0.004593 1022
0.004594 1022
0.004595 1022
0.004596 1022
0.004597 1022
0.004598 1022
0.004599 1022
0.0046 1022
0.004601 1022
0.004602 1022
0.004603 1022
0.004604 1023
0.004605 1023
0.004606 1023
0.004607 1023
0.004608 1023
0.004609 1023
0.00461 1023
0.004611 1023
0.004612 1023
0.004613 1023
0.004614 1023
0.004615 1023
0.004616 1023
0.004617 1023
0.004618 1023
0.004619 1023
0.00462 1023
0.004621 1023
0.004622 1023
0.004623 1023
0.004624 1023
0.004625 1023
0.004626 1023
0.004627 1023
0.004628 1023
0.004629 1023
0.00463 1023
0.004631 1023
0.004632 1023
0.004633 1023
0.004634 1023
0.004635 1023
0.004636 1023
0.004637 1023
0.004638 1023
0.004639 1023
0.00464 1023
0.004641 1023
0.004642 1023
0.004643 1023
0.004644 1023
0.004645 1023
0.004646 1023
0.004647 1023
0.004648 1023
0.004649 1023
0.00465 1023
0.004651 1023
0.004652 1023
0.004653 1023
0.004654 1023
0.004655 1023
0.004656 1023
0.004657 1023
0.004658 1023
0.004659 1023
0.00466 1023
0.004661 1023
0.004662 1023
0.004663 1023
0.004664 1023
0.004665 1023
0.004666 1024
0.004667 1024
0.004668 1024
0.004669 1024
0.00467 1024
0.004671 1024
0.004672 1024
0.004673 1024
0.004674 1024
0.004675 1024
0.004676 1025
0.004677 1025
0.004678 1025
0.004679 1025
0.00468 1025
0.004681 1025
0.004682 1025
0.004683 1025
0.004684 1025
0.004685 1025
0.004686 1025
0.004687 1025
0.004688 1025
0.004689 1025
0.00469 1025
0.004691 1025
0.004692 1025
0.004693 1025
0.004694 1025
0.004695 1025
0.004696 1025
0.004697 1025
0.004698 1025
0.004699 1025
0.0047 1025
0.004701 1025
0.004702 1025
0.004703 1025
0.004704 1025
0.004705 1025
0.004706 1025
0.004707 1025
0.004708 1025
0.004709 1025
0.00471 1025
0.004711 1025
0.004712 1024
0.004713 1024
0.004714 1024
0.004715 1024
0.004716 1023
0.004717 1023
0.004718 1023
0.004719 1023
0.00472 1023
0.004721 1023
0.004722 1023
0.004723 1022
0.004724 1022
0.004725 1021
0.004726 1021
0.004727 1021
0.004728 1021
0.004729 1021
0.00473 1021
0.004731 1021
0.004732 1021
0.004733 1021
0.004734 1021
0.004735 1021
0.004736 1021
0.004737 1021
0.004738 1021
0.004739 1021
0.00474 1021
0.004741 1021
0.004742 1021
0.004743 1021
0.004744 1021
0.004745 1021
0.004746 1021
0.004747 1021
0.004748 1021
0.004749 1022
0.00475 1022
0.004751 1022
0.004752 1022
0.004753 1022
0.004754 1023
0.004755 1023
0.004756 1023
0.004757 1023
0.004758 1023
0.004759 1023
0.00476 1023
0.004761 1023
0.004762 1024
0.004763 1024
0.004764 1024
0.004765 1024
0.004766 1024
0.004767 1024
0.004768 1024
0.004769 1024
0.00477 1024
0.004771 1024
0.004772 1024
0.004773 1024
0.004774 1024
0.004775 1024
0.004776 1024
0.004777 1024
0.004778 1024
0.004779 1024
0.00478 1024
0.004781 1024
0.004782 1024
0.004783 1024
0.004784 1024
0.004785 1024
0.004786 1024
0.004787 1024
0.004788 1024
0.004789 1024
0.00479 1023
0.004791 1023
0.004792 1022
0.004793 1022
0.004794 1022
0.004795 1022
0.004796 1022
0.004797 1022
0.004798 1023
0.004799 1023
0.0048 1023
0.004801 1023
0.004802 1023
0.004803 1023
0.004804 1023
0.004805 1023
0.004806 1023
0.004807 1023
0.004808 1023
0.004809 1023
0.00481 1023
0.004811 1023
0.004812 1023
0.004813 1023
0.004814 1023
0.004815 1023
0.004816 1023
0.004817 1023
0.004818 1023
0.004819 1025
0.00482 1025
0.004821 1025
0.004822 1025
0.004823 1025
0.004824 1025
0.004825 1025
0.004826 1025
0.004827 1025
0.004828 1025
0.004829 1025
0.00483 1025
0.004831 1025
0.004832 1025
0.004833 1025
0.004834 1025
0.004835 1025
0.004836 1025
0.004837 1025
0.004838 1025
0.004839 1025
0.00484 1025
0.004841 1025
0.004842 1025
0.004843 1025
0.004844 1025
0.004845 1025
0.004846 1025
0.004847 1025
0.004848 1025
0.004849 1026
0.00485 1026
0.004851 1026
0.004852 1026
0.004853 1026
0.004854 1026
0.004855 1026
0.004856 1026
0.004857 1028
0.004858 1028
0.004859 1028
0.00486 1028
0.004861 1028
0.004862 1028
0.004863 1028
0.004864 1028
0.004865 1028
0.004866 1028
0.004867 1028
0.004868 1028
0.004869 1028
0.00487 1028
0.004871 1028
0.004872 1028
0.004873 1028
0.004874 1028
0.004875 1028
0.004876 1028
0.004877 1027
0.004878 1027
0.004879 1027
0.00488 1027
0.004881 1027
0.004882 1028
0.004883 1028
0.004884 1028
0.004885 1027
0.004886 1026
0.004887 1026
0.004888 1026
0.004889 1026
0.00489 1026
0.004891 1026
0.004892 1025
0.004893 1025
0.004894 1025
0.004895 1025
0.004896 1025
0.004897 1025
0.004898 1025
0.004899 1025
0.0049 1025
0.004901 1025
0.004902 1025
0.004903 1025
0.004904 1025
0.004905 1025
0.004906 1025
0.004907 1024
0.004908 1023
0.004909 1023
0.00491 1023
0.004911 1023
0.004912 1023
0.004913 1023
0.004914 1023
0.004915 1023
0.004916 1023
0.004917 1023
0.004918 1023
0.004919 1023
0.00492 1023
0.004921 1023
0.004922 1023
0.004923 1023
0.004924 1023
0.004925 1023
0.004926 1023
0.004927 1022
0.004928 1022
0.004929 1021
0.00493 1021
0.004931 1021
0.004932 1021
0.004933 1021
0.004934 1021
0.004935 1021
0.004936 1020
0.004937 1020
0.004938 1020
0.004939 1020
0.00494 1020
0.004941 1020
0.004942 1020
0.004943 1020
0.004944 1019
0.004945 1019
0.004946 1019
0.004947 1019
0.004948 1019
0.004949 1019
0.00495 1019
0.004951 1019
0.004952 1019
0.004953 1019
0.004954 1019
0.004955 1019
0.004956 1019
0.004957 1019
0.004958 1019
0.004959 1019
0.00496 1018
0.004961 1018
0.004962 1018
0.004963 1018
0.004964 1018
0.004965 1018
0.004966 1018
0.004967 1018
0.004968 1018
0.004969 1018
0.00497 1018
0.004971 1018
0.004972 1018
0.004973 1018
0.004974 1018
0.004975 1018
0.004976 1018
0.004977 1018
0.004978 1018
0.004979 1019
0.00498 1019
0.004981 1019
0.004982 1018
0.004983 1018
0.004984 1018
0.004985 1018
0.004986 1018
0.004987 1018
0.004988 1018
0.004989 1018
0.00499 1018
0.004991 1018
0.004992 1018
0.004993 1018
0.004994 1018
0.004995 1018
0.004996 1018
0.004997 1018
0.004998 1018
0.004999 1019
0.005 1019
