0 591
1e-06 594
2e-06 595
3e-06 601
4e-06 602
5e-06 604
6e-06 604
7e-06 607
8e-06 609
9e-06 612
1e-05 612
1.1e-05 615
1.2e-05 616
1.3e-05 615
1.4e-05 613
1.5e-05 619
1.6e-05 621
1.7e-05 624
1.8e-05 624
1.9e-05 625
2e-05 626
2.1e-05 631
2.2e-05 632
2.3e-05 634
2.4e-05 635
2.5e-05 635
2.6e-05 639
2.7e-05 639
2.8e-05 642
2.9e-05 641
3e-05 643
3.1e-05 642
3.2e-05 645
3.3e-05 646
3.4e-05 646
3.5e-05 647
3.6e-05 652
3.7e-05 652
3.8e-05 650
3.9e-05 653
4e-05 654
4.1e-05 655
4.2e-05 656
4.3e-05 660
4.4e-05 660
4.5e-05 658
4.6e-05 661
4.7e-05 663
4.8e-05 663
4.9e-05 663
5e-05 664
5.1e-05 665
5.2e-05 666
5.3e-05 668
5.4e-05 669
5.5e-05 670
5.6e-05 670
5.7e-05 669
5.8e-05 672
5.9e-05 673
6e-05 675
6.1e-05 676
6.2e-05 679
6.3e-05 679
6.4e-05 681
6.5e-05 682
6.6e-05 683
6.7e-05 684
6.8e-05 684
6.9e-05 685
7e-05 685
7.1e-05 685
7.2e-05 686
7.3e-05 688
7.4e-05 692
7.5e-05 694
7.6e-05 695
7.7e-05 695
7.8e-05 697
7.9e-05 697
8e-05 697
8.1e-05 697
8.2e-05 698
8.3e-05 701
8.4e-05 700
8.5e-05 702
8.6e-05 705
8.7e-05 706
8.8e-05 706
8.9e-05 706
9e-05 705
9.1e-05 707
9.2e-05 707
9.3e-05 708
9.4e-05 710
9.5e-05 710
9.6e-05 709
9.7e-05 712
9.8e-05 714
9.9e-05 716
0.0001 717
0.000101 718
0.000102 718
0.000103 719
0.000104 722
0.000105 723
0.000106 725
0.000107 726
0.000108 726
0.000109 728
0.00011 729
0.000111 729
0.000112 732
0.000113 734
0.000114 736
0.000115 737
0.000116 736
0.000117 738
0.000118 737
0.000119 738
0.00012 740
0.000121 743
0.000122 745
0.000123 745
0.000124 746
0.000125 748
0.000126 748
0.000127 747
0.000128 748
0.000129 748
0.00013 751
0.000131 752
0.000132 753
0.000133 753
0.000134 753
0.000135 754
0.000136 754
0.000137 754
0.000138 754
0.000139 754
0.00014 756
0.000141 757
0.000142 758
0.000143 758
0.000144 758
0.000145 759
0.000146 760
0.000147 763
0.000148 763
0.000149 762
0.00015 762
0.000151 764
0.000152 765
0.000153 765
0.000154 765
0.000155 765
0.000156 765
0.000157 766
0.000158 767
0.000159 767
0.00016 768
0.000161 769
0.000162 769
0.000163 770
0.000164 770
0.000165 770
0.000166 770
0.000167 771
0.000168 772
0.000169 771
0.00017 771
0.000171 772
0.000172 772
0.000173 773
0.000174 774
0.000175 776
0.000176 776
0.000177 776
0.000178 776
0.000179 778
0.00018 778
0.000181 780
0.000182 780
0.000183 781
0.000184 780
0.000185 780
0.000186 780
0.000187 779
0.000188 780
0.000189 780
0.00019 780
0.000191 781
0.000192 781
0.000193 781
0.000194 781
0.000195 781
0.000196 781
0.000197 781
0.000198 780
0.000199 780
0.0002 783
0.000201 783
0.000202 783
0.000203 783
0.000204 783
0.000205 784
0.000206 785
0.000207 786
0.000208 786
0.000209 787
0.00021 787
0.000211 787
0.000212 787
0.000213 788
0.000214 789
0.000215 791
0.000216 791
0.000217 790
0.000218 790
0.000219 790
0.00022 790
0.000221 790
0.000222 790
0.000223 791
0.000224 790
0.000225 790
0.000226 790
0.000227 791
0.000228 792
0.000229 792
0.00023 794
0.000231 794
0.000232 796
0.000233 796
0.000234 796
0.000235 797
0.000236 799
0.000237 800
0.000238 799
0.000239 800
0.00024 799
0.000241 800
0.000242 800
0.000243 800
0.000244 800
0.000245 800
0.000246 800
0.000247 800
0.000248 800
0.000249 800
0.00025 800
0.000251 801
0.000252 801
0.000253 801
0.000254 801
0.000255 801
0.000256 801
0.000257 801
0.000258 801
0.000259 802
0.00026 801
0.000261 801
0.000262 801
0.000263 801
0.000264 802
0.000265 802
0.000266 801
0.000267 801
0.000268 801
0.000269 801
0.00027 804
0.000271 806
0.000272 806
0.000273 806
0.000274 805
0.000275 805
0.000276 805
0.000277 805
0.000278 805
0.000279 806
0.00028 806
0.000281 806
0.000282 806
0.000283 806
0.000284 806
0.000285 806
0.000286 806
0.000287 806
0.000288 809
0.000289 809
0.00029 811
0.000291 811
0.000292 812
0.000293 812
0.000294 813
0.000295 814
0.000296 815
0.000297 814
0.000298 814
0.000299 813
0.0003 814
0.000301 815
0.000302 815
0.000303 816
0.000304 815
0.000305 815
0.000306 816
0.000307 816
0.000308 816
0.000309 816
0.00031 816
0.000311 816
0.000312 817
0.000313 817
0.000314 817
0.000315 817
0.000316 817
0.000317 817
0.000318 817
0.000319 818
0.00032 819
0.000321 819
0.000322 818
0.000323 818
0.000324 818
0.000325 818
0.000326 818
0.000327 818
0.000328 818
0.000329 818
0.00033 817
0.000331 817
0.000332 817
0.000333 816
0.000334 816
0.000335 816
0.000336 817
0.000337 817
0.000338 818
0.000339 818
0.00034 819
0.000341 819
0.000342 819
0.000343 820
0.000344 821
0.000345 822
0.000346 822
0.000347 822
0.000348 822
0.000349 822
0.00035 821
0.000351 822
0.000352 822
0.000353 822
0.000354 822
0.000355 822
0.000356 822
0.000357 822
0.000358 823
0.000359 824
0.00036 824
0.000361 824
0.000362 825
0.000363 824
0.000364 824
0.000365 823
0.000366 823
0.000367 823
0.000368 823
0.000369 824
0.00037 823
0.000371 823
0.000372 823
0.000373 823
0.000374 824
0.000375 824
0.000376 824
0.000377 824
0.000378 825
0.000379 825
0.00038 825
0.000381 825
0.000382 825
0.000383 825
0.000384 825
0.000385 825
0.000386 826
0.000387 826
0.000388 826
0.000389 826
0.00039 828
0.000391 828
0.000392 828
0.000393 827
0.000394 827
0.000395 827
0.000396 827
0.000397 827
0.000398 827
0.000399 827
0.0004 827
0.000401 827
0.000402 827
0.000403 827
0.000404 827
0.000405 828
0.000406 827
0.000407 826
0.000408 827
0.000409 827
0.00041 828
0.000411 828
0.000412 828
0.000413 828
0.000414 828
0.000415 828
0.000416 827
0.000417 828
0.000418 828
0.000419 828
0.00042 828
0.000421 828
0.000422 827
0.000423 828
0.000424 829
0.000425 828
0.000426 828
0.000427 828
0.000428 828
0.000429 828
0.00043 827
0.000431 828
0.000432 828
0.000433 827
0.000434 829
0.000435 828
0.000436 828
0.000437 828
0.000438 828
0.000439 828
0.00044 828
0.000441 828
0.000442 828
0.000443 828
0.000444 828
0.000445 828
0.000446 829
0.000447 829
0.000448 830
0.000449 830
0.00045 830
0.000451 830
0.000452 830
0.000453 830
0.000454 830
0.000455 829
0.000456 830
0.000457 830
0.000458 830
0.000459 830
0.00046 831
0.000461 831
0.000462 831
0.000463 832
0.000464 832
0.000465 832
0.000466 831
0.000467 832
0.000468 832
0.000469 832
0.00047 831
0.000471 832
0.000472 832
0.000473 832
0.000474 832
0.000475 832
0.000476 832
0.000477 831
0.000478 832
0.000479 832
0.00048 833
0.000481 833
0.000482 833
0.000483 833
0.000484 833
0.000485 833
0.000486 833
0.000487 833
0.000488 833
0.000489 834
0.00049 835
0.000491 835
0.000492 835
0.000493 835
0.000494 835
0.000495 835
0.000496 835
0.000497 835
0.000498 835
0.000499 836
0.0005 837
0.000501 837
0.000502 837
0.000503 837
0.000504 837
0.000505 836
0.000506 836
0.000507 836
0.000508 837
0.000509 836
0.00051 836
0.000511 836
0.000512 836
0.000513 836
0.000514 836
0.000515 836
0.000516 836
0.000517 836
0.000518 836
0.000519 836
0.00052 836
0.000521 836
0.000522 836
0.000523 836
0.000524 836
0.000525 836
0.000526 836
0.000527 836
0.000528 835
0.000529 835
0.00053 835
0.000531 836
0.000532 836
0.000533 836
0.000534 836
0.000535 836
0.000536 837
0.000537 837
0.000538 838
0.000539 838
0.00054 838
0.000541 838
0.000542 837
0.000543 837
0.000544 837
0.000545 837
0.000546 838
0.000547 838
0.000548 838
0.000549 838
0.00055 838
0.000551 838
0.000552 838
0.000553 838
0.000554 838
0.000555 838
0.000556 839
0.000557 839
0.000558 838
0.000559 838
0.00056 838
0.000561 838
0.000562 837
0.000563 837
0.000564 837
0.000565 836
0.000566 836
0.000567 836
0.000568 836
0.000569 836
0.00057 836
0.000571 836
0.000572 836
0.000573 836
0.000574 836
0.000575 836
0.000576 836
0.000577 836
0.000578 836
0.000579 836
0.00058 836
0.000581 837
0.000582 837
0.000583 836
0.000584 836
0.000585 835
0.000586 835
0.000587 835
0.000588 835
0.000589 835
0.00059 835
0.000591 835
0.000592 835
0.000593 835
0.000594 834
0.000595 834
0.000596 834
0.000597 834
0.000598 834
0.000599 834
0.0006 834
0.000601 834
0.000602 834
0.000603 834
0.000604 834
0.000605 834
0.000606 834
0.000607 834
0.000608 834
0.000609 834
0.00061 834
0.000611 834
0.000612 835
0.000613 835
0.000614 835
0.000615 835
0.000616 834
0.000617 834
0.000618 834
0.000619 833
0.00062 833
0.000621 833
0.000622 833
0.000623 831
0.000624 831
0.000625 831
0.000626 832
0.000627 832
0.000628 833
0.000629 833
0.00063 833
0.000631 833
0.000632 834
0.000633 837
0.000634 837
0.000635 838
0.000636 838
0.000637 838
0.000638 837
0.000639 837
0.00064 837
0.000641 837
0.000642 837
0.000643 837
0.000644 837
0.000645 837
0.000646 838
0.000647 838
0.000648 839
0.000649 839
0.00065 839
0.000651 839
0.000652 839
0.000653 840
0.000654 840
0.000655 840
0.000656 840
0.000657 840
0.000658 840
0.000659 840
0.00066 840
0.000661 841
0.000662 841
0.000663 841
0.000664 841
0.000665 841
0.000666 841
0.000667 841
0.000668 841
0.000669 841
0.00067 841
0.000671 841
0.000672 841
0.000673 841
0.000674 841
0.000675 841
0.000676 841
0.000677 841
0.000678 841
0.000679 841
0.00068 841
0.000681 841
0.000682 841
0.000683 842
0.000684 842
0.000685 842
0.000686 842
0.000687 842
0.000688 842
0.000689 841
0.00069 842
0.000691 842
0.000692 842
0.000693 842
0.000694 842
0.000695 842
0.000696 842
0.000697 841
0.000698 841
0.000699 841
0.0007 841
0.000701 841
0.000702 841
0.000703 841
0.000704 841
0.000705 841
0.000706 841
0.000707 841
0.000708 841
0.000709 841
0.00071 841
0.000711 841
0.000712 841
0.000713 841
0.000714 841
0.000715 841
0.000716 841
0.000717 841
0.000718 841
0.000719 841
0.00072 842
0.000721 842
0.000722 842
0.000723 842
0.000724 842
0.000725 842
0.000726 842
0.000727 842
0.000728 842
0.000729 842
0.00073 842
0.000731 842
0.000732 842
0.000733 842
0.000734 842
0.000735 842
0.000736 842
0.000737 842
0.000738 842
0.000739 842
0.00074 842
0.000741 842
0.000742 842
0.000743 841
0.000744 842
0.000745 842
0.000746 842
0.000747 842
0.000748 842
0.000749 842
0.00075 842
0.000751 842
0.000752 842
0.000753 842
0.000754 842
0.000755 842
0.000756 842
0.000757 842
0.000758 842
0.000759 842
0.00076 842
0.000761 843
0.000762 843
0.000763 844
0.000764 844
0.000765 844
0.000766 844
0.000767 844
0.000768 844
0.000769 844
0.00077 844
0.000771 843
0.000772 843
0.000773 843
0.000774 843
0.000775 843
0.000776 843
0.000777 842
0.000778 842
0.000779 841
0.00078 841
0.000781 840
0.000782 840
0.000783 840
0.000784 840
0.000785 840
0.000786 841
0.000787 841
0.000788 842
0.000789 842
0.00079 842
0.000791 842
0.000792 843
0.000793 843
0.000794 843
0.000795 843
0.000796 843
0.000797 843
0.000798 843
0.000799 843
0.0008 843
0.000801 843
0.000802 843
0.000803 843
0.000804 843
0.000805 843
0.000806 842
0.000807 842
0.000808 842
0.000809 842
0.00081 843
0.000811 843
0.000812 843
0.000813 843
0.000814 843
0.000815 843
0.000816 843
0.000817 843
0.000818 843
0.000819 843
0.00082 842
0.000821 842
0.000822 841
0.000823 841
0.000824 841
0.000825 841
0.000826 841
0.000827 841
0.000828 840
0.000829 840
0.00083 840
0.000831 840
0.000832 840
0.000833 840
0.000834 840
0.000835 840
0.000836 840
0.000837 840
0.000838 840
0.000839 839
0.00084 839
0.000841 838
0.000842 838
0.000843 838
0.000844 838
0.000845 838
0.000846 837
0.000847 837
0.000848 837
0.000849 837
0.00085 837
0.000851 837
0.000852 837
0.000853 837
0.000854 837
0.000855 837
0.000856 837
0.000857 837
0.000858 837
0.000859 837
0.00086 837
0.000861 837
0.000862 837
0.000863 837
0.000864 837
0.000865 837
0.000866 837
0.000867 837
0.000868 837
0.000869 837
0.00087 837
0.000871 837
0.000872 837
0.000873 837
0.000874 837
0.000875 836
0.000876 836
0.000877 836
0.000878 836
0.000879 836
0.00088 836
0.000881 836
0.000882 836
0.000883 836
0.000884 836
0.000885 836
0.000886 837
0.000887 837
0.000888 837
0.000889 837
0.00089 837
0.000891 837
0.000892 836
0.000893 836
0.000894 836
0.000895 836
0.000896 836
0.000897 836
0.000898 837
0.000899 837
0.0009 837
0.000901 838
0.000902 838
0.000903 838
0.000904 838
0.000905 838
0.000906 838
0.000907 838
0.000908 838
0.000909 838
0.00091 838
0.000911 838
0.000912 838
0.000913 838
0.000914 838
0.000915 838
0.000916 838
0.000917 838
0.000918 838
0.000919 838
0.00092 838
0.000921 839
0.000922 839
0.000923 839
0.000924 840
0.000925 840
0.000926 840
0.000927 840
0.000928 840
0.000929 840
0.00093 840
0.000931 840
0.000932 840
0.000933 840
0.000934 840
0.000935 840
0.000936 840
0.000937 840
0.000938 840
0.000939 840
0.00094 841
0.000941 841
0.000942 842
0.000943 842
0.000944 842
0.000945 842
0.000946 842
0.000947 841
0.000948 841
0.000949 841
0.00095 842
0.000951 842
0.000952 842
0.000953 842
0.000954 842
0.000955 842
0.000956 842
0.000957 842
0.000958 842
0.000959 842
0.00096 842
0.000961 842
0.000962 842
0.000963 842
0.000964 842
0.000965 843
0.000966 843
0.000967 843
0.000968 843
0.000969 843
0.00097 843
0.000971 843
0.000972 844
0.000973 844
0.000974 844
0.000975 844
0.000976 843
0.000977 843
0.000978 843
0.000979 843
0.00098 843
0.000981 843
0.000982 843
0.000983 843
0.000984 843
0.000985 843
0.000986 843
0.000987 843
0.000988 843
0.000989 843
0.00099 843
0.000991 843
0.000992 843
0.000993 843
0.000994 843
0.000995 842
0.000996 842
0.000997 842
0.000998 842
0.000999 842
0.001 842
0.001001 842
0.001002 842
0.001003 842
0.001004 842
0.001005 842
0.001006 842
0.001007 842
0.001008 842
0.001009 842
0.00101 842
0.001011 840
0.001012 840
0.001013 840
0.001014 840
0.001015 840
0.001016 840
0.001017 840
0.001018 840
0.001019 841
0.00102 841
0.001021 841
0.001022 841
0.001023 841
0.001024 841
0.001025 841
0.001026 841
0.001027 841
0.001028 841
0.001029 841
0.00103 841
0.001031 841
0.001032 841
0.001033 841
0.001034 841
0.001035 841
0.001036 841
0.001037 841
0.001038 841
0.001039 841
0.00104 841
0.001041 841
0.001042 841
0.001043 841
0.001044 841
0.001045 841
0.001046 842
0.001047 842
0.001048 842
0.001049 842
0.00105 842
0.001051 842
0.001052 841
0.001053 841
0.001054 841
0.001055 841
0.001056 841
0.001057 841
0.001058 842
0.001059 842
0.00106 842
0.001061 842
0.001062 842
0.001063 842
0.001064 842
0.001065 842
0.001066 842
0.001067 842
0.001068 842
0.001069 842
0.00107 842
0.001071 842
0.001072 842
0.001073 842
0.001074 843
0.001075 843
0.001076 843
0.001077 843
0.001078 843
0.001079 843
0.00108 843
0.001081 843
0.001082 843
0.001083 843
0.001084 843
0.001085 843
0.001086 843
0.001087 843
0.001088 843
0.001089 843
0.00109 843
0.001091 843
0.001092 842
0.001093 842
0.001094 842
0.001095 842
0.001096 841
0.001097 841
0.001098 841
0.001099 841
0.0011 841
0.001101 841
0.001102 841
0.001103 841
0.001104 841
0.001105 841
0.001106 841
0.001107 841
0.001108 840
0.001109 840
0.00111 840
0.001111 840
0.001112 840
0.001113 840
0.001114 840
0.001115 840
0.001116 840
0.001117 840
0.001118 840
0.001119 840
0.00112 840
0.001121 840
0.001122 841
0.001123 841
0.001124 842
0.001125 842
0.001126 842
0.001127 843
0.001128 843
0.001129 844
0.00113 844
0.001131 844
0.001132 844
0.001133 844
0.001134 844
0.001135 844
0.001136 844
0.001137 844
0.001138 844
0.001139 844
0.00114 844
0.001141 844
0.001142 844
0.001143 844
0.001144 843
0.001145 843
0.001146 843
0.001147 843
0.001148 843
0.001149 843
0.00115 843
0.001151 843
0.001152 843
0.001153 843
0.001154 843
0.001155 843
0.001156 843
0.001157 843
0.001158 843
0.001159 843
0.00116 843
0.001161 843
0.001162 843
0.001163 842
0.001164 842
0.001165 842
0.001166 842
0.001167 842
0.001168 842
0.001169 842
0.00117 842
0.001171 842
0.001172 842
0.001173 842
0.001174 842
0.001175 842
0.001176 842
0.001177 842
0.001178 843
0.001179 843
0.00118 843
0.001181 843
0.001182 843
0.001183 843
0.001184 843
0.001185 843
0.001186 843
0.001187 843
0.001188 844
0.001189 844
0.00119 844
0.001191 844
0.001192 844
0.001193 844
0.001194 844
0.001195 844
0.001196 844
0.001197 844
0.001198 844
0.001199 844
0.0012 844
0.001201 844
0.001202 844
0.001203 844
0.001204 844
0.001205 844
0.001206 844
0.001207 844
0.001208 844
0.001209 844
0.00121 844
0.001211 844
0.001212 844
0.001213 844
0.001214 844
0.001215 844
0.001216 844
0.001217 844
0.001218 844
0.001219 844
0.00122 843
0.001221 843
0.001222 843
0.001223 844
0.001224 844
0.001225 844
0.001226 844
0.001227 844
0.001228 844
0.001229 843
0.00123 843
0.001231 843
0.001232 843
0.001233 843
0.001234 842
0.001235 842
0.001236 842
0.001237 842
0.001238 842
0.001239 842
0.00124 842
0.001241 842
0.001242 842
0.001243 842
0.001244 842
0.001245 842
0.001246 842
0.001247 842
0.001248 842
0.001249 842
0.00125 842
0.001251 842
0.001252 842
0.001253 842
0.001254 843
0.001255 843
0.001256 843
0.001257 843
0.001258 843
0.001259 843
0.00126 842
0.001261 842
0.001262 842
0.001263 842
0.001264 842
0.001265 843
0.001266 843
0.001267 842
0.001268 842
0.001269 841
0.00127 842
0.001271 842
0.001272 842
0.001273 842
0.001274 842
0.001275 843
0.001276 843
0.001277 843
0.001278 843
0.001279 843
0.00128 843
0.001281 843
0.001282 843
0.001283 843
0.001284 843
0.001285 843
0.001286 843
0.001287 843
0.001288 843
0.001289 843
0.00129 843
0.001291 843
0.001292 843
0.001293 843
0.001294 843
0.001295 843
0.001296 843
0.001297 843
0.001298 843
0.001299 843
0.0013 843
0.001301 843
0.001302 843
0.001303 843
0.001304 843
0.001305 843
0.001306 843
0.001307 842
0.001308 843
0.001309 843
0.00131 843
0.001311 843
0.001312 843
0.001313 843
0.001314 843
0.001315 843
0.001316 842
0.001317 842
0.001318 842
0.001319 842
0.00132 842
0.001321 842
0.001322 842
0.001323 842
0.001324 841
0.001325 841
0.001326 841
0.001327 841
0.001328 841
0.001329 841
0.00133 841
0.001331 841
0.001332 841
0.001333 841
0.001334 841
0.001335 841
0.001336 841
0.001337 841
0.001338 841
0.001339 841
0.00134 841
0.001341 841
0.001342 840
0.001343 840
0.001344 840
0.001345 840
0.001346 840
0.001347 840
0.001348 840
0.001349 840
0.00135 840
0.001351 840
0.001352 840
0.001353 840
0.001354 840
0.001355 840
0.001356 840
0.001357 840
0.001358 839
0.001359 839
0.00136 839
0.001361 839
0.001362 839
0.001363 839
0.001364 839
0.001365 839
0.001366 839
0.001367 839
0.001368 839
0.001369 839
0.00137 839
0.001371 839
0.001372 839
0.001373 839
0.001374 840
0.001375 840
0.001376 839
0.001377 839
0.001378 839
0.001379 839
0.00138 839
0.001381 839
0.001382 839
0.001383 839
0.001384 839
0.001385 839
0.001386 839
0.001387 839
0.001388 839
0.001389 839
0.00139 839
0.001391 839
0.001392 839
0.001393 839
0.001394 839
0.001395 839
0.001396 839
0.001397 839
0.001398 839
0.001399 840
0.0014 840
0.001401 840
0.001402 840
0.001403 840
0.001404 840
0.001405 840
0.001406 840
0.001407 840
0.001408 840
0.001409 839
0.00141 839
0.001411 839
0.001412 839
0.001413 839
0.001414 839
0.001415 839
0.001416 839
0.001417 839
0.001418 839
0.001419 839
0.00142 840
0.001421 840
0.001422 841
0.001423 841
0.001424 841
0.001425 841
0.001426 839
0.001427 839
0.001428 839
0.001429 839
0.00143 839
0.001431 839
0.001432 839
0.001433 839
0.001434 839
0.001435 839
0.001436 839
0.001437 839
0.001438 838
0.001439 838
0.00144 838
0.001441 838
0.001442 838
0.001443 838
0.001444 838
0.001445 838
0.001446 838
0.001447 838
0.001448 838
0.001449 838
0.00145 838
0.001451 838
0.001452 838
0.001453 837
0.001454 837
0.001455 837
0.001456 837
0.001457 837
0.001458 837
0.001459 837
0.00146 837
0.001461 837
0.001462 837
0.001463 838
0.001464 838
0.001465 838
0.001466 838
0.001467 838
0.001468 838
0.001469 838
0.00147 839
0.001471 839
0.001472 839
0.001473 839
0.001474 839
0.001475 839
0.001476 839
0.001477 839
0.001478 839
0.001479 839
0.00148 839
0.001481 839
0.001482 839
0.001483 839
0.001484 839
0.001485 839
0.001486 839
0.001487 839
0.001488 839
0.001489 839
0.00149 839
0.001491 839
0.001492 839
0.001493 839
0.001494 839
0.001495 839
0.001496 839
0.001497 839
0.001498 839
0.001499 839
0.0015 839
0.001501 839
0.001502 839
0.001503 839
0.001504 839
0.001505 840
0.001506 840
0.001507 840
0.001508 840
0.001509 840
0.00151 840
0.001511 840
0.001512 840
0.001513 840
0.001514 840
0.001515 840
0.001516 840
0.001517 840
0.001518 841
0.001519 841
0.00152 842
0.001521 842
0.001522 842
0.001523 842
0.001524 842
0.001525 842
0.001526 842
0.001527 842
0.001528 842
0.001529 842
0.00153 842
0.001531 842
0.001532 842
0.001533 843
0.001534 842
0.001535 842
0.001536 842
0.001537 842
0.001538 842
0.001539 842
0.00154 842
0.001541 842
0.001542 842
0.001543 842
0.001544 842
0.001545 842
0.001546 842
0.001547 842
0.001548 843
0.001549 843
0.00155 843
0.001551 843
0.001552 843
0.001553 843
0.001554 843
0.001555 843
0.001556 843
0.001557 843
0.001558 843
0.001559 843
0.00156 843
0.001561 843
0.001562 844
0.001563 844
0.001564 844
0.001565 844
0.001566 844
0.001567 845
0.001568 844
0.001569 844
0.00157 844
0.001571 844
0.001572 844
0.001573 844
0.001574 844
0.001575 844
0.001576 844
0.001577 844
0.001578 844
0.001579 844
0.00158 843
0.001581 843
0.001582 843
0.001583 843
0.001584 843
0.001585 843
0.001586 843
0.001587 843
0.001588 843
0.001589 843
0.00159 843
0.001591 843
0.001592 843
0.001593 843
0.001594 843
0.001595 843
0.001596 843
0.001597 843
0.001598 843
0.001599 843
0.0016 843
0.001601 843
0.001602 842
0.001603 842
0.001604 841
0.001605 841
0.001606 841
0.001607 841
0.001608 841
0.001609 841
0.00161 841
0.001611 841
0.001612 841
0.001613 841
0.001614 841
0.001615 841
0.001616 841
0.001617 841
0.001618 841
0.001619 840
0.00162 840
0.001621 841
0.001622 841
0.001623 841
0.001624 841
0.001625 841
0.001626 841
0.001627 842
0.001628 842
0.001629 842
0.00163 842
0.001631 841
0.001632 841
0.001633 841
0.001634 841
0.001635 841
0.001636 841
0.001637 840
0.001638 840
0.001639 840
0.00164 840
0.001641 840
0.001642 840
0.001643 840
0.001644 840
0.001645 840
0.001646 840
0.001647 840
0.001648 840
0.001649 840
0.00165 840
0.001651 840
0.001652 840
0.001653 840
0.001654 840
0.001655 840
0.001656 840
0.001657 841
0.001658 841
0.001659 841
0.00166 841
0.001661 841
0.001662 841
0.001663 841
0.001664 841
0.001665 841
0.001666 842
0.001667 842
0.001668 842
0.001669 842
0.00167 842
0.001671 842
0.001672 842
0.001673 842
0.001674 842
0.001675 842
0.001676 842
0.001677 842
0.001678 842
0.001679 842
0.00168 842
0.001681 842
0.001682 842
0.001683 842
0.001684 842
0.001685 842
0.001686 843
0.001687 844
0.001688 844
0.001689 844
0.00169 844
0.001691 844
0.001692 844
0.001693 844
0.001694 844
0.001695 845
0.001696 846
0.001697 846
0.001698 846
0.001699 846
0.0017 846
0.001701 846
0.001702 846
0.001703 846
0.001704 846
0.001705 846
0.001706 846
0.001707 846
0.001708 846
0.001709 846
0.00171 846
0.001711 846
0.001712 846
0.001713 846
0.001714 846
0.001715 846
0.001716 846
0.001717 846
0.001718 846
0.001719 845
0.00172 845
0.001721 845
0.001722 845
0.001723 845
0.001724 845
0.001725 845
0.001726 844
0.001727 844
0.001728 844
0.001729 844
0.00173 845
0.001731 845
0.001732 844
0.001733 844
0.001734 844
0.001735 844
0.001736 844
0.001737 844
0.001738 844
0.001739 844
0.00174 844
0.001741 844
0.001742 844
0.001743 844
0.001744 845
0.001745 845
0.001746 845
0.001747 845
0.001748 845
0.001749 845
0.00175 845
0.001751 845
0.001752 845
0.001753 845
0.001754 845
0.001755 845
0.001756 845
0.001757 845
0.001758 845
0.001759 845
0.00176 845
0.001761 845
0.001762 845
0.001763 845
0.001764 846
0.001765 846
0.001766 846
0.001767 846
0.001768 846
0.001769 846
0.00177 846
0.001771 846
0.001772 846
0.001773 846
0.001774 846
0.001775 845
0.001776 845
0.001777 845
0.001778 846
0.001779 846
0.00178 846
0.001781 846
0.001782 846
0.001783 846
0.001784 846
0.001785 846
0.001786 846
0.001787 846
0.001788 846
0.001789 846
0.00179 846
0.001791 846
0.001792 846
0.001793 846
0.001794 846
0.001795 846
0.001796 845
0.001797 845
0.001798 845
0.001799 845
0.0018 845
0.001801 845
0.001802 845
0.001803 845
0.001804 845
0.001805 845
0.001806 845
0.001807 845
0.001808 845
0.001809 844
0.00181 844
0.001811 844
0.001812 844
0.001813 844
0.001814 844
0.001815 844
0.001816 844
0.001817 844
0.001818 844
0.001819 844
0.00182 844
0.001821 844
0.001822 844
0.001823 844
0.001824 844
0.001825 844
0.001826 844
0.001827 844
0.001828 844
0.001829 844
0.00183 844
0.001831 844
0.001832 844
0.001833 844
0.001834 844
0.001835 844
0.001836 844
0.001837 844
0.001838 844
0.001839 844
0.00184 843
0.001841 843
0.001842 843
0.001843 843
0.001844 843
0.001845 843
0.001846 843
0.001847 843
0.001848 843
0.001849 844
0.00185 844
0.001851 844
0.001852 844
0.001853 844
0.001854 844
0.001855 844
0.001856 844
0.001857 844
0.001858 844
0.001859 844
0.00186 844
0.001861 844
0.001862 844
0.001863 844
0.001864 844
0.001865 845
0.001866 845
0.001867 845
0.001868 845
0.001869 845
0.00187 845
0.001871 845
0.001872 845
0.001873 845
0.001874 845
0.001875 845
0.001876 845
0.001877 845
0.001878 845
0.001879 845
0.00188 845
0.001881 845
0.001882 847
0.001883 847
0.001884 847
0.001885 847
0.001886 846
0.001887 846
0.001888 846
0.001889 846
0.00189 846
0.001891 848
0.001892 849
0.001893 849
0.001894 850
0.001895 850
0.001896 851
0.001897 851
0.001898 851
0.001899 851
0.0019 851
0.001901 851
0.001902 851
0.001903 852
0.001904 852
0.001905 852
0.001906 852
0.001907 852
0.001908 852
0.001909 852
0.00191 852
0.001911 852
0.001912 852
0.001913 852
0.001914 852
0.001915 852
0.001916 852
0.001917 852
0.001918 852
0.001919 853
0.00192 853
0.001921 853
0.001922 853
0.001923 853
0.001924 853
0.001925 853
0.001926 853
0.001927 852
0.001928 852
0.001929 852
0.00193 852
0.001931 852
0.001932 852
0.001933 852
0.001934 852
0.001935 852
0.001936 852
0.001937 852
0.001938 852
0.001939 852
0.00194 852
0.001941 852
0.001942 852
0.001943 852
0.001944 852
0.001945 852
0.001946 852
0.001947 852
0.001948 852
0.001949 852
0.00195 852
0.001951 852
0.001952 852
0.001953 853
0.001954 853
0.001955 853
0.001956 853
0.001957 853
0.001958 853
0.001959 853
0.00196 853
0.001961 853
0.001962 853
0.001963 853
0.001964 854
0.001965 854
0.001966 854
0.001967 854
0.001968 854
0.001969 854
0.00197 854
0.001971 854
0.001972 854
0.001973 854
0.001974 854
0.001975 854
0.001976 854
0.001977 853
0.001978 853
0.001979 853
0.00198 853
0.001981 853
0.001982 853
0.001983 853
0.001984 853
0.001985 853
0.001986 853
0.001987 853
0.001988 853
0.001989 853
0.00199 853
0.001991 853
0.001992 853
0.001993 853
0.001994 853
0.001995 853
0.001996 853
0.001997 853
0.001998 853
0.001999 853
0.002 853
0.002001 853
0.002002 853
0.002003 853
0.002004 853
0.002005 853
0.002006 853
0.002007 853
0.002008 853
0.002009 853
0.00201 853
0.002011 853
0.002012 853
0.002013 853
0.002014 853
0.002015 853
0.002016 853
0.002017 853
0.002018 854
0.002019 854
0.00202 854
0.002021 854
0.002022 854
0.002023 854
0.002024 855
0.002025 855
0.002026 855
0.002027 855
0.002028 855
0.002029 855
0.00203 855
0.002031 855
0.002032 855
0.002033 855
0.002034 855
0.002035 855
0.002036 855
0.002037 856
0.002038 856
0.002039 855
0.00204 855
0.002041 855
0.002042 855
0.002043 855
0.002044 855
0.002045 855
0.002046 854
0.002047 854
0.002048 854
0.002049 854
0.00205 854
0.002051 854
0.002052 854
0.002053 854
0.002054 854
0.002055 854
0.002056 854
0.002057 854
0.002058 854
0.002059 854
0.00206 854
0.002061 854
0.002062 854
0.002063 854
0.002064 854
0.002065 854
0.002066 854
0.002067 854
0.002068 854
0.002069 853
0.00207 853
0.002071 853
0.002072 853
0.002073 853
0.002074 853
0.002075 853
0.002076 853
0.002077 853
0.002078 853
0.002079 853
0.00208 853
0.002081 853
0.002082 853
0.002083 853
0.002084 853
0.002085 853
0.002086 853
0.002087 853
0.002088 853
0.002089 853
0.00209 853
0.002091 853
0.002092 854
0.002093 854
0.002094 854
0.002095 854
0.002096 854
0.002097 854
0.002098 854
0.002099 854
0.0021 854
0.002101 854
0.002102 854
0.002103 854
0.002104 854
0.002105 854
0.002106 854
0.002107 854
0.002108 854
0.002109 854
0.00211 854
0.002111 854
0.002112 854
0.002113 854
0.002114 854
0.002115 854
0.002116 854
0.002117 854
0.002118 854
0.002119 854
0.00212 854
0.002121 854
0.002122 854
0.002123 854
0.002124 854
0.002125 854
0.002126 854
0.002127 854
0.002128 854
0.002129 854
0.00213 854
0.002131 854
0.002132 854
0.002133 854
0.002134 854
0.002135 854
0.002136 854
0.002137 854
0.002138 854
0.002139 854
0.00214 854
0.002141 854
0.002142 854
0.002143 854
0.002144 854
0.002145 853
0.002146 853
0.002147 853
0.002148 853
0.002149 853
0.00215 854
0.002151 853
0.002152 853
0.002153 853
0.002154 853
0.002155 853
0.002156 854
0.002157 854
0.002158 855
0.002159 855
0.00216 855
0.002161 855
0.002162 855
0.002163 855
0.002164 854
0.002165 854
0.002166 854
0.002167 854
0.002168 854
0.002169 854
0.00217 854
0.002171 854
0.002172 854
0.002173 854
0.002174 854
0.002175 854
0.002176 854
0.002177 854
0.002178 854
0.002179 854
0.00218 854
0.002181 854
0.002182 854
0.002183 854
0.002184 854
0.002185 853
0.002186 853
0.002187 853
0.002188 853
0.002189 853
0.00219 853
0.002191 853
0.002192 853
0.002193 853
0.002194 853
0.002195 853
0.002196 854
0.002197 854
0.002198 854
0.002199 854
0.0022 854
0.002201 854
0.002202 854
0.002203 854
0.002204 854
0.002205 854
0.002206 854
0.002207 854
0.002208 854
0.002209 853
0.00221 853
0.002211 853
0.002212 853
0.002213 853
0.002214 853
0.002215 853
0.002216 853
0.002217 853
0.002218 853
0.002219 853
0.00222 853
0.002221 853
0.002222 853
0.002223 852
0.002224 852
0.002225 852
0.002226 853
0.002227 853
0.002228 852
0.002229 852
0.00223 852
0.002231 852
0.002232 853
0.002233 853
0.002234 853
0.002235 853
0.002236 853
0.002237 853
0.002238 853
0.002239 853
0.00224 853
0.002241 852
0.002242 852
0.002243 852
0.002244 852
0.002245 852
0.002246 852
0.002247 852
0.002248 852
0.002249 852
0.00225 852
0.002251 852
0.002252 852
0.002253 852
0.002254 852
0.002255 852
0.002256 853
0.002257 853
0.002258 853
0.002259 853
0.00226 853
0.002261 853
0.002262 854
0.002263 855
0.002264 855
0.002265 856
0.002266 856
0.002267 856
0.002268 856
0.002269 856
0.00227 856
0.002271 856
0.002272 856
0.002273 856
0.002274 856
0.002275 856
0.002276 857
0.002277 856
0.002278 856
0.002279 856
0.00228 856
0.002281 856
0.002282 856
0.002283 856
0.002284 856
0.002285 856
0.002286 856
0.002287 856
0.002288 856
0.002289 856
0.00229 856
0.002291 856
0.002292 856
0.002293 856
0.002294 856
0.002295 856
0.002296 856
0.002297 856
0.002298 856
0.002299 856
0.0023 856
0.002301 856
0.002302 856
0.002303 856
0.002304 856
0.002305 856
0.002306 856
0.002307 856
0.002308 856
0.002309 856
0.00231 856
0.002311 856
0.002312 856
0.002313 856
0.002314 856
0.002315 856
0.002316 856
0.002317 856
0.002318 856
0.002319 856
0.00232 856
0.002321 856
0.002322 855
0.002323 855
0.002324 855
0.002325 856
0.002326 856
0.002327 856
0.002328 856
0.002329 856
0.00233 856
0.002331 856
0.002332 856
0.002333 857
0.002334 857
0.002335 857
0.002336 857
0.002337 857
0.002338 857
0.002339 857
0.00234 857
0.002341 857
0.002342 857
0.002343 857
0.002344 857
0.002345 857
0.002346 857
0.002347 857
0.002348 857
0.002349 857
0.00235 857
0.002351 857
0.002352 857
0.002353 857
0.002354 857
0.002355 857
0.002356 857
0.002357 857
0.002358 857
0.002359 857
0.00236 857
0.002361 857
0.002362 857
0.002363 858
0.002364 858
0.002365 858
0.002366 858
0.002367 858
0.002368 858
0.002369 858
0.00237 858
0.002371 858
0.002372 858
0.002373 857
0.002374 857
0.002375 857
0.002376 857
0.002377 857
0.002378 857
0.002379 857
0.00238 857
0.002381 857
0.002382 857
0.002383 857
0.002384 856
0.002385 856
0.002386 856
0.002387 856
0.002388 856
0.002389 856
0.00239 856
0.002391 855
0.002392 855
0.002393 856
0.002394 856
0.002395 857
0.002396 857
0.002397 857
0.002398 858
0.002399 858
0.0024 858
0.002401 858
0.002402 858
0.002403 858
0.002404 858
0.002405 858
0.002406 858
0.002407 858
0.002408 857
0.002409 857
0.00241 857
0.002411 857
0.002412 857
0.002413 856
0.002414 857
0.002415 857
0.002416 857
0.002417 857
0.002418 857
0.002419 857
0.00242 857
0.002421 856
0.002422 856
0.002423 856
0.002424 856
0.002425 856
0.002426 855
0.002427 855
0.002428 855
0.002429 855
0.00243 855
0.002431 855
0.002432 855
0.002433 855
0.002434 855
0.002435 855
0.002436 855
0.002437 855
0.002438 855
0.002439 855
0.00244 854
0.002441 854
0.002442 854
0.002443 854
0.002444 854
0.002445 854
0.002446 854
0.002447 854
0.002448 854
0.002449 853
0.00245 853
0.002451 853
0.002452 853
0.002453 853
0.002454 853
0.002455 853
0.002456 853
0.002457 853
0.002458 853
0.002459 853
0.00246 853
0.002461 854
0.002462 854
0.002463 854
0.002464 854
0.002465 854
0.002466 854
0.002467 854
0.002468 854
0.002469 854
0.00247 854
0.002471 854
0.002472 854
0.002473 854
0.002474 854
0.002475 854
0.002476 855
0.002477 855
0.002478 855
0.002479 855
0.00248 855
0.002481 855
0.002482 855
0.002483 855
0.002484 855
0.002485 855
0.002486 855
0.002487 855
0.002488 855
0.002489 854
0.00249 854
0.002491 854
0.002492 854
0.002493 854
0.002494 854
0.002495 854
0.002496 854
0.002497 854
0.002498 854
0.002499 854
0.0025 854
0.002501 854
0.002502 854
0.002503 854
0.002504 854
0.002505 854
0.002506 854
0.002507 854
0.002508 854
0.002509 854
0.00251 854
0.002511 854
0.002512 854
0.002513 854
0.002514 854
0.002515 854
0.002516 854
0.002517 854
0.002518 854
0.002519 853
0.00252 853
0.002521 853
0.002522 853
0.002523 853
0.002524 853
0.002525 853
0.002526 854
0.002527 854
0.002528 854
0.002529 854
0.00253 854
0.002531 854
0.002532 854
0.002533 853
0.002534 853
0.002535 853
0.002536 853
0.002537 853
0.002538 852
0.002539 852
0.00254 852
0.002541 852
0.002542 852
0.002543 852
0.002544 852
0.002545 852
0.002546 852
0.002547 852
0.002548 852
0.002549 852
0.00255 852
0.002551 852
0.002552 852
0.002553 852
0.002554 852
0.002555 852
0.002556 851
0.002557 851
0.002558 851
0.002559 851
0.00256 851
0.002561 851
0.002562 851
0.002563 850
0.002564 850
0.002565 850
0.002566 850
0.002567 850
0.002568 850
0.002569 850
0.00257 850
0.002571 850
0.002572 850
0.002573 851
0.002574 851
0.002575 851
0.002576 851
0.002577 851
0.002578 851
0.002579 851
0.00258 851
0.002581 851
0.002582 851
0.002583 850
0.002584 850
0.002585 851
0.002586 851
0.002587 851
0.002588 851
0.002589 851
0.00259 852
0.002591 852
0.002592 852
0.002593 852
0.002594 852
0.002595 852
0.002596 851
0.002597 851
0.002598 851
0.002599 851
0.0026 851
0.002601 851
0.002602 850
0.002603 850
0.002604 850
0.002605 850
0.002606 850
0.002607 850
0.002608 850
0.002609 850
0.00261 850
0.002611 850
0.002612 849
0.002613 849
0.002614 850
0.002615 850
0.002616 850
0.002617 850
0.002618 850
0.002619 850
0.00262 850
0.002621 850
0.002622 850
0.002623 850
0.002624 850
0.002625 850
0.002626 850
0.002627 851
0.002628 851
0.002629 851
0.00263 851
0.002631 851
0.002632 851
0.002633 851
0.002634 851
0.002635 851
0.002636 851
0.002637 851
0.002638 851
0.002639 850
0.00264 850
0.002641 850
0.002642 850
0.002643 851
0.002644 851
0.002645 851
0.002646 851
0.002647 851
0.002648 851
0.002649 851
0.00265 851
0.002651 851
0.002652 851
0.002653 851
0.002654 851
0.002655 851
0.002656 851
0.002657 851
0.002658 850
0.002659 850
0.00266 850
0.002661 850
0.002662 850
0.002663 850
0.002664 850
0.002665 850
0.002666 850
0.002667 850
0.002668 850
0.002669 850
0.00267 850
0.002671 850
0.002672 850
0.002673 850
0.002674 850
0.002675 850
0.002676 850
0.002677 850
0.002678 850
0.002679 851
0.00268 851
0.002681 851
0.002682 851
0.002683 851
0.002684 851
0.002685 851
0.002686 851
0.002687 851
0.002688 850
0.002689 850
0.00269 850
0.002691 850
0.002692 850
0.002693 850
0.002694 850
0.002695 850
0.002696 850
0.002697 850
0.002698 850
0.002699 850
0.0027 850
0.002701 850
0.002702 850
0.002703 850
0.002704 850
0.002705 850
0.002706 850
0.002707 849
0.002708 849
0.002709 848
0.00271 849
0.002711 849
0.002712 849
0.002713 849
0.002714 849
0.002715 848
0.002716 848
0.002717 848
0.002718 848
0.002719 848
0.00272 848
0.002721 848
0.002722 848
0.002723 848
0.002724 848
0.002725 848
0.002726 848
0.002727 848
0.002728 848
0.002729 848
0.00273 847
0.002731 847
0.002732 847
0.002733 847
0.002734 847
0.002735 847
0.002736 847
0.002737 847
0.002738 847
0.002739 847
0.00274 848
0.002741 849
0.002742 849
0.002743 849
0.002744 849
0.002745 849
0.002746 849
0.002747 849
0.002748 849
0.002749 849
0.00275 849
0.002751 848
0.002752 848
0.002753 847
0.002754 847
0.002755 847
0.002756 847
0.002757 847
0.002758 847
0.002759 847
0.00276 847
0.002761 847
0.002762 847
0.002763 847
0.002764 847
0.002765 847
0.002766 847
0.002767 847
0.002768 847
0.002769 847
0.00277 847
0.002771 847
0.002772 847
0.002773 846
0.002774 846
0.002775 846
0.002776 846
0.002777 846
0.002778 846
0.002779 845
0.00278 846
0.002781 846
0.002782 846
0.002783 846
0.002784 846
0.002785 846
0.002786 846
0.002787 846
0.002788 846
0.002789 846
0.00279 846
0.002791 846
0.002792 846
0.002793 846
0.002794 846
0.002795 847
0.002796 847
0.002797 846
0.002798 846
0.002799 846
0.0028 845
0.002801 844
0.002802 844
0.002803 844
0.002804 844
0.002805 844
0.002806 844
0.002807 845
0.002808 845
0.002809 845
0.00281 845
0.002811 845
0.002812 845
0.002813 845
0.002814 844
0.002815 844
0.002816 844
0.002817 844
0.002818 844
0.002819 844
0.00282 844
0.002821 844
0.002822 844
0.002823 844
0.002824 844
0.002825 844
0.002826 844
0.002827 844
0.002828 844
0.002829 844
0.00283 844
0.002831 844
0.002832 843
0.002833 843
0.002834 843
0.002835 843
0.002836 843
0.002837 843
0.002838 843
0.002839 844
0.00284 844
0.002841 844
0.002842 844
0.002843 844
0.002844 844
0.002845 844
0.002846 844
0.002847 844
0.002848 844
0.002849 844
0.00285 844
0.002851 844
0.002852 844
0.002853 844
0.002854 844
0.002855 844
0.002856 844
0.002857 844
0.002858 844
0.002859 844
0.00286 844
0.002861 844
0.002862 844
0.002863 844
0.002864 844
0.002865 844
0.002866 844
0.002867 844
0.002868 844
0.002869 843
0.00287 843
0.002871 843
0.002872 843
0.002873 843
0.002874 843
0.002875 843
0.002876 843
0.002877 843
0.002878 843
0.002879 842
0.00288 843
0.002881 843
0.002882 843
0.002883 843
0.002884 843
0.002885 843
0.002886 843
0.002887 843
0.002888 843
0.002889 843
0.00289 843
0.002891 843
0.002892 843
0.002893 842
0.002894 842
0.002895 842
0.002896 842
0.002897 842
0.002898 842
0.002899 841
0.0029 841
0.002901 841
0.002902 841
0.002903 841
0.002904 841
0.002905 841
0.002906 841
0.002907 841
0.002908 841
0.002909 841
0.00291 841
0.002911 841
0.002912 841
0.002913 841
0.002914 841
0.002915 841
0.002916 841
0.002917 841
0.002918 841
0.002919 841
0.00292 842
0.002921 842
0.002922 842
0.002923 842
0.002924 842
0.002925 842
0.002926 842
0.002927 842
0.002928 842
0.002929 842
0.00293 842
0.002931 842
0.002932 842
0.002933 842
0.002934 842
0.002935 842
0.002936 842
0.002937 842
0.002938 842
0.002939 842
0.00294 842
0.002941 842
0.002942 842
0.002943 842
0.002944 841
0.002945 841
0.002946 842
0.002947 842
0.002948 842
0.002949 842
0.00295 842
0.002951 842
0.002952 842
0.002953 842
0.002954 842
0.002955 843
0.002956 843
0.002957 843
0.002958 844
0.002959 845
0.00296 845
0.002961 845
0.002962 845
0.002963 845
0.002964 845
0.002965 845
0.002966 845
0.002967 845
0.002968 845
0.002969 844
0.00297 844
0.002971 844
0.002972 844
0.002973 844
0.002974 844
0.002975 844
0.002976 844
0.002977 844
0.002978 844
0.002979 844
0.00298 844
0.002981 844
0.002982 844
0.002983 845
0.002984 845
0.002985 845
0.002986 844
0.002987 844
0.002988 844
0.002989 844
0.00299 844
0.002991 844
0.002992 844
0.002993 844
0.002994 844
0.002995 844
0.002996 844
0.002997 844
0.002998 844
0.002999 844
0.003 844
0.003001 844
0.003002 844
0.003003 844
0.003004 844
0.003005 844
0.003006 844
0.003007 844
0.003008 844
0.003009 844
0.00301 845
0.003011 845
0.003012 845
0.003013 845
0.003014 845
0.003015 845
0.003016 845
0.003017 845
0.003018 845
0.003019 845
0.00302 845
0.003021 845
0.003022 845
0.003023 845
0.003024 845
0.003025 845
0.003026 845
0.003027 845
0.003028 845
0.003029 845
0.00303 845
0.003031 845
0.003032 845
0.003033 845
0.003034 845
0.003035 845
0.003036 846
0.003037 846
0.003038 846
0.003039 846
0.00304 846
0.003041 846
0.003042 846
0.003043 846
0.003044 846
0.003045 846
0.003046 846
0.003047 846
0.003048 846
0.003049 846
0.00305 845
0.003051 845
0.003052 845
0.003053 845
0.003054 845
0.003055 845
0.003056 845
0.003057 845
0.003058 845
0.003059 846
0.00306 846
0.003061 847
0.003062 847
0.003063 847
0.003064 847
0.003065 847
0.003066 847
0.003067 847
0.003068 847
0.003069 847
0.00307 847
0.003071 847
0.003072 847
0.003073 847
0.003074 847
0.003075 847
0.003076 847
0.003077 847
0.003078 847
0.003079 847
0.00308 847
0.003081 847
0.003082 847
0.003083 847
0.003084 847
0.003085 847
0.003086 847
0.003087 847
0.003088 847
0.003089 846
0.00309 846
0.003091 846
0.003092 846
0.003093 847
0.003094 847
0.003095 847
0.003096 847
0.003097 847
0.003098 847
0.003099 847
0.0031 848
0.003101 848
0.003102 848
0.003103 848
0.003104 848
0.003105 848
0.003106 848
0.003107 848
0.003108 848
0.003109 848
0.00311 848
0.003111 848
0.003112 848
0.003113 848
0.003114 848
0.003115 848
0.003116 848
0.003117 848
0.003118 848
0.003119 848
0.00312 848
0.003121 848
0.003122 848
0.003123 848
0.003124 848
0.003125 848
0.003126 848
0.003127 848
0.003128 848
0.003129 847
0.00313 847
0.003131 847
0.003132 847
0.003133 847
0.003134 847
0.003135 847
0.003136 847
0.003137 848
0.003138 848
0.003139 848
0.00314 847
0.003141 847
0.003142 847
0.003143 847
0.003144 847
0.003145 847
0.003146 847
0.003147 847
0.003148 847
0.003149 847
0.00315 847
0.003151 847
0.003152 847
0.003153 847
0.003154 848
0.003155 848
0.003156 848
0.003157 848
0.003158 848
0.003159 848
0.00316 848
0.003161 848
0.003162 848
0.003163 848
0.003164 847
0.003165 847
0.003166 847
0.003167 847
0.003168 847
0.003169 847
0.00317 847
0.003171 847
0.003172 847
0.003173 846
0.003174 846
0.003175 846
0.003176 846
0.003177 846
0.003178 846
0.003179 846
0.00318 846
0.003181 846
0.003182 846
0.003183 846
0.003184 846
0.003185 846
0.003186 846
0.003187 845
0.003188 845
0.003189 845
0.00319 845
0.003191 845
0.003192 845
0.003193 845
0.003194 845
0.003195 845
0.003196 845
0.003197 845
0.003198 845
0.003199 845
0.0032 845
0.003201 845
0.003202 845
0.003203 845
0.003204 845
0.003205 846
0.003206 846
0.003207 846
0.003208 846
0.003209 845
0.00321 845
0.003211 845
0.003212 845
0.003213 845
0.003214 845
0.003215 845
0.003216 845
0.003217 845
0.003218 845
0.003219 845
0.00322 845
0.003221 845
0.003222 845
0.003223 845
0.003224 845
0.003225 845
0.003226 845
0.003227 845
0.003228 845
0.003229 845
0.00323 845
0.003231 845
0.003232 845
0.003233 845
0.003234 845
0.003235 845
0.003236 845
0.003237 845
0.003238 845
0.003239 845
0.00324 845
0.003241 845
0.003242 845
0.003243 845
0.003244 845
0.003245 845
0.003246 845
0.003247 845
0.003248 845
0.003249 845
0.00325 845
0.003251 845
0.003252 845
0.003253 845
0.003254 845
0.003255 844
0.003256 844
0.003257 844
0.003258 844
0.003259 844
0.00326 844
0.003261 844
0.003262 844
0.003263 844
0.003264 844
0.003265 844
0.003266 844
0.003267 844
0.003268 844
0.003269 844
0.00327 844
0.003271 844
0.003272 844
0.003273 844
0.003274 844
0.003275 843
0.003276 843
0.003277 843
0.003278 843
0.003279 843
0.00328 843
0.003281 843
0.003282 843
0.003283 843
0.003284 843
0.003285 843
0.003286 843
0.003287 843
0.003288 843
0.003289 843
0.00329 843
0.003291 843
0.003292 843
0.003293 843
0.003294 843
0.003295 843
0.003296 843
0.003297 843
0.003298 843
0.003299 843
0.0033 843
0.003301 843
0.003302 842
0.003303 842
0.003304 842
0.003305 842
0.003306 842
0.003307 843
0.003308 843
0.003309 843
0.00331 843
0.003311 843
0.003312 843
0.003313 843
0.003314 843
0.003315 843
0.003316 843
0.003317 843
0.003318 843
0.003319 843
0.00332 843
0.003321 843
0.003322 844
0.003323 844
0.003324 844
0.003325 844
0.003326 844
0.003327 844
0.003328 844
0.003329 844
0.00333 844
0.003331 844
0.003332 844
0.003333 844
0.003334 844
0.003335 844
0.003336 844
0.003337 844
0.003338 844
0.003339 844
0.00334 844
0.003341 844
0.003342 844
0.003343 844
0.003344 844
0.003345 844
0.003346 844
0.003347 844
0.003348 844
0.003349 844
0.00335 844
0.003351 844
0.003352 845
0.003353 845
0.003354 845
0.003355 845
0.003356 845
0.003357 845
0.003358 846
0.003359 846
0.00336 846
0.003361 846
0.003362 846
0.003363 845
0.003364 845
0.003365 845
0.003366 845
0.003367 845
0.003368 845
0.003369 845
0.00337 846
0.003371 847
0.003372 846
0.003373 845
0.003374 845
0.003375 845
0.003376 845
0.003377 845
0.003378 845
0.003379 845
0.00338 845
0.003381 845
0.003382 845
0.003383 845
0.003384 845
0.003385 845
0.003386 845
0.003387 845
0.003388 845
0.003389 845
0.00339 845
0.003391 844
0.003392 844
0.003393 844
0.003394 844
0.003395 844
0.003396 844
0.003397 844
0.003398 844
0.003399 844
0.0034 844
0.003401 844
0.003402 844
0.003403 844
0.003404 844
0.003405 844
0.003406 844
0.003407 844
0.003408 844
0.003409 844
0.00341 844
0.003411 844
0.003412 844
0.003413 844
0.003414 844
0.003415 844
0.003416 844
0.003417 844
0.003418 844
0.003419 844
0.00342 844
0.003421 845
0.003422 845
0.003423 845
0.003424 845
0.003425 845
0.003426 845
0.003427 845
0.003428 845
0.003429 845
0.00343 845
0.003431 845
0.003432 844
0.003433 844
0.003434 844
0.003435 844
0.003436 844
0.003437 843
0.003438 843
0.003439 843
0.00344 843
0.003441 843
0.003442 843
0.003443 843
0.003444 843
0.003445 843
0.003446 843
0.003447 843
0.003448 843
0.003449 844
0.00345 844
0.003451 844
0.003452 844
0.003453 844
0.003454 844
0.003455 844
0.003456 844
0.003457 844
0.003458 844
0.003459 844
0.00346 844
0.003461 844
0.003462 844
0.003463 844
0.003464 845
0.003465 844
0.003466 844
0.003467 844
0.003468 844
0.003469 844
0.00347 844
0.003471 844
0.003472 844
0.003473 844
0.003474 844
0.003475 844
0.003476 844
0.003477 844
0.003478 844
0.003479 844
0.00348 844
0.003481 844
0.003482 844
0.003483 844
0.003484 844
0.003485 844
0.003486 844
0.003487 844
0.003488 844
0.003489 844
0.00349 844
0.003491 845
0.003492 845
0.003493 845
0.003494 845
0.003495 845
0.003496 845
0.003497 844
0.003498 844
0.003499 844
0.0035 844
0.003501 844
0.003502 844
0.003503 844
0.003504 844
0.003505 844
0.003506 844
0.003507 844
0.003508 844
0.003509 844
0.00351 844
0.003511 844
0.003512 844
0.003513 844
0.003514 844
0.003515 844
0.003516 844
0.003517 844
0.003518 844
0.003519 844
0.00352 845
0.003521 845
0.003522 845
0.003523 845
0.003524 846
0.003525 846
0.003526 846
0.003527 846
0.003528 846
0.003529 846
0.00353 846
0.003531 846
0.003532 846
0.003533 846
0.003534 846
0.003535 846
0.003536 846
0.003537 846
0.003538 846
0.003539 846
0.00354 846
0.003541 846
0.003542 846
0.003543 846
0.003544 846
0.003545 847
0.003546 847
0.003547 847
0.003548 847
0.003549 847
0.00355 847
0.003551 847
0.003552 846
0.003553 846
0.003554 846
0.003555 846
0.003556 846
0.003557 846
0.003558 846
0.003559 846
0.00356 846
0.003561 846
0.003562 846
0.003563 846
0.003564 846
0.003565 846
0.003566 846
0.003567 846
0.003568 846
0.003569 845
0.00357 845
0.003571 845
0.003572 844
0.003573 844
0.003574 845
0.003575 845
0.003576 845
0.003577 845
0.003578 845
0.003579 845
0.00358 845
0.003581 845
0.003582 845
0.003583 845
0.003584 845
0.003585 845
0.003586 845
0.003587 845
0.003588 845
0.003589 845
0.00359 845
0.003591 845
0.003592 845
0.003593 845
0.003594 845
0.003595 845
0.003596 845
0.003597 845
0.003598 845
0.003599 845
0.0036 845
0.003601 846
0.003602 845
0.003603 845
0.003604 845
0.003605 845
0.003606 845
0.003607 845
0.003608 845
0.003609 845
0.00361 845
0.003611 845
0.003612 845
0.003613 844
0.003614 844
0.003615 845
0.003616 845
0.003617 845
0.003618 845
0.003619 845
0.00362 845
0.003621 845
0.003622 845
0.003623 845
0.003624 846
0.003625 847
0.003626 848
0.003627 848
0.003628 848
0.003629 848
0.00363 848
0.003631 848
0.003632 848
0.003633 848
0.003634 848
0.003635 848
0.003636 848
0.003637 848
0.003638 848
0.003639 848
0.00364 848
0.003641 848
0.003642 848
0.003643 848
0.003644 848
0.003645 848
0.003646 848
0.003647 848
0.003648 848
0.003649 848
0.00365 848
0.003651 848
0.003652 848
0.003653 848
0.003654 848
0.003655 847
0.003656 847
0.003657 847
0.003658 847
0.003659 847
0.00366 847
0.003661 847
0.003662 847
0.003663 847
0.003664 847
0.003665 847
0.003666 847
0.003667 847
0.003668 847
0.003669 847
0.00367 847
0.003671 847
0.003672 847
0.003673 847
0.003674 847
0.003675 847
0.003676 847
0.003677 847
0.003678 847
0.003679 847
0.00368 847
0.003681 847
0.003682 847
0.003683 847
0.003684 847
0.003685 847
0.003686 846
0.003687 846
0.003688 846
0.003689 846
0.00369 846
0.003691 846
0.003692 846
0.003693 846
0.003694 846
0.003695 846
0.003696 846
0.003697 847
0.003698 847
0.003699 846
0.0037 846
0.003701 846
0.003702 846
0.003703 846
0.003704 846
0.003705 846
0.003706 847
0.003707 847
0.003708 847
0.003709 847
0.00371 847
0.003711 847
0.003712 847
0.003713 847
0.003714 847
0.003715 847
0.003716 847
0.003717 846
0.003718 846
0.003719 846
0.00372 846
0.003721 846
0.003722 846
0.003723 846
0.003724 846
0.003725 845
0.003726 845
0.003727 845
0.003728 844
0.003729 844
0.00373 844
0.003731 844
0.003732 843
0.003733 842
0.003734 842
0.003735 842
0.003736 842
0.003737 842
0.003738 842
0.003739 842
0.00374 842
0.003741 842
0.003742 842
0.003743 842
0.003744 842
0.003745 842
0.003746 842
0.003747 842
0.003748 843
0.003749 843
0.00375 843
0.003751 843
0.003752 843
0.003753 843
0.003754 843
0.003755 843
0.003756 843
0.003757 843
0.003758 843
0.003759 843
0.00376 843
0.003761 843
0.003762 843
0.003763 843
0.003764 843
0.003765 843
0.003766 843
0.003767 843
0.003768 843
0.003769 843
0.00377 843
0.003771 842
0.003772 842
0.003773 842
0.003774 842
0.003775 842
0.003776 842
0.003777 842
0.003778 842
0.003779 842
0.00378 842
0.003781 842
0.003782 842
0.003783 842
0.003784 842
0.003785 842
0.003786 842
0.003787 842
0.003788 842
0.003789 842
0.00379 841
0.003791 841
0.003792 841
0.003793 841
0.003794 841
0.003795 840
0.003796 840
0.003797 840
0.003798 840
0.003799 840
0.0038 840
0.003801 841
0.003802 840
0.003803 840
0.003804 840
0.003805 840
0.003806 840
0.003807 840
0.003808 840
0.003809 840
0.00381 840
0.003811 840
0.003812 840
0.003813 840
0.003814 840
0.003815 840
0.003816 840
0.003817 840
0.003818 840
0.003819 839
0.00382 839
0.003821 839
0.003822 839
0.003823 840
0.003824 840
0.003825 840
0.003826 840
0.003827 840
0.003828 840
0.003829 841
0.00383 841
0.003831 841
0.003832 841
0.003833 841
0.003834 841
0.003835 841
0.003836 841
0.003837 841
0.003838 841
0.003839 841
0.00384 841
0.003841 841
0.003842 841
0.003843 842
0.003844 842
0.003845 842
0.003846 842
0.003847 842
0.003848 842
0.003849 842
0.00385 842
0.003851 842
0.003852 842
0.003853 842
0.003854 842
0.003855 842
0.003856 843
0.003857 843
0.003858 843
0.003859 843
0.00386 843
0.003861 843
0.003862 843
0.003863 843
0.003864 843
0.003865 843
0.003866 843
0.003867 843
0.003868 843
0.003869 843
0.00387 843
0.003871 843
0.003872 843
0.003873 843
0.003874 843
0.003875 843
0.003876 843
0.003877 842
0.003878 842
0.003879 842
0.00388 842
0.003881 842
0.003882 842
0.003883 842
0.003884 842
0.003885 842
0.003886 842
0.003887 842
0.003888 842
0.003889 842
0.00389 842
0.003891 842
0.003892 842
0.003893 842
0.003894 842
0.003895 843
0.003896 843
0.003897 843
0.003898 843
0.003899 843
0.0039 843
0.003901 843
0.003902 843
0.003903 843
0.003904 843
0.003905 843
0.003906 843
0.003907 843
0.003908 843
0.003909 843
0.00391 843
0.003911 843
0.003912 843
0.003913 843
0.003914 843
0.003915 843
0.003916 843
0.003917 843
0.003918 843
0.003919 843
0.00392 843
0.003921 844
0.003922 844
0.003923 844
0.003924 844
0.003925 844
0.003926 844
0.003927 844
0.003928 844
0.003929 844
0.00393 844
0.003931 844
0.003932 844
0.003933 844
0.003934 844
0.003935 844
0.003936 844
0.003937 844
0.003938 844
0.003939 844
0.00394 844
0.003941 844
0.003942 844
0.003943 844
0.003944 844
0.003945 844
0.003946 844
0.003947 845
0.003948 845
0.003949 845
0.00395 845
0.003951 845
0.003952 845
0.003953 845
0.003954 845
0.003955 845
0.003956 846
0.003957 846
0.003958 846
0.003959 846
0.00396 846
0.003961 846
0.003962 846
0.003963 846
0.003964 846
0.003965 846
0.003966 846
0.003967 846
0.003968 846
0.003969 846
0.00397 846
0.003971 846
0.003972 847
0.003973 847
0.003974 847
0.003975 847
0.003976 847
0.003977 847
0.003978 847
0.003979 847
0.00398 847
0.003981 847
0.003982 847
0.003983 847
0.003984 847
0.003985 847
0.003986 847
0.003987 847
0.003988 847
0.003989 847
0.00399 847
0.003991 847
0.003992 847
0.003993 847
0.003994 847
0.003995 847
0.003996 847
0.003997 847
0.003998 847
0.003999 847
0.004 848
0.004001 847
0.004002 847
0.004003 847
0.004004 847
0.004005 847
0.004006 847
0.004007 847
0.004008 847
0.004009 847
0.00401 847
0.004011 847
0.004012 847
0.004013 847
0.004014 847
0.004015 847
0.004016 847
0.004017 847
0.004018 847
0.004019 847
0.00402 847
0.004021 847
0.004022 847
0.004023 847
0.004024 847
0.004025 847
0.004026 847
0.004027 847
0.004028 847
0.004029 847
0.00403 847
0.004031 847
0.004032 847
0.004033 847
0.004034 847
0.004035 847
0.004036 847
0.004037 847
0.004038 847
0.004039 847
0.00404 847
0.004041 847
0.004042 847
0.004043 847
0.004044 847
0.004045 848
0.004046 848
0.004047 848
0.004048 848
0.004049 848
0.00405 848
0.004051 848
0.004052 848
0.004053 848
0.004054 848
0.004055 847
0.004056 847
0.004057 847
0.004058 847
0.004059 847
0.00406 847
0.004061 847
0.004062 847
0.004063 847
0.004064 847
0.004065 847
0.004066 847
0.004067 848
0.004068 848
0.004069 848
0.00407 848
0.004071 848
0.004072 848
0.004073 848
0.004074 848
0.004075 848
0.004076 848
0.004077 848
0.004078 848
0.004079 848
0.00408 848
0.004081 848
0.004082 848
0.004083 848
0.004084 848
0.004085 848
0.004086 848
0.004087 848
0.004088 848
0.004089 848
0.00409 848
0.004091 848
0.004092 848
0.004093 848
0.004094 848
0.004095 848
0.004096 848
0.004097 848
0.004098 848
0.004099 848
0.0041 848
0.004101 848
0.004102 848
0.004103 848
0.004104 848
0.004105 848
0.004106 848
0.004107 848
0.004108 850
0.004109 850
0.00411 851
0.004111 851
0.004112 851
0.004113 851
0.004114 851
0.004115 851
0.004116 851
0.004117 852
0.004118 852
0.004119 852
0.00412 851
0.004121 851
0.004122 851
0.004123 851
0.004124 852
0.004125 852
0.004126 852
0.004127 852
0.004128 851
0.004129 850
0.00413 850
0.004131 850
0.004132 849
0.004133 849
0.004134 849
0.004135 850
0.004136 850
0.004137 850
0.004138 851
0.004139 851
0.00414 851
0.004141 851
0.004142 851
0.004143 851
0.004144 851
0.004145 851
0.004146 851
0.004147 851
0.004148 851
0.004149 851
0.00415 851
0.004151 851
0.004152 851
0.004153 851
0.004154 851
0.004155 851
0.004156 850
0.004157 850
0.004158 850
0.004159 850
0.00416 850
0.004161 850
0.004162 850
0.004163 850
0.004164 850
0.004165 849
0.004166 849
0.004167 849
0.004168 849
0.004169 850
0.00417 850
0.004171 850
0.004172 850
0.004173 850
0.004174 850
0.004175 850
0.004176 850
0.004177 850
0.004178 850
0.004179 850
0.00418 850
0.004181 850
0.004182 850
0.004183 850
0.004184 850
0.004185 850
0.004186 850
0.004187 849
0.004188 849
0.004189 849
0.00419 849
0.004191 849
0.004192 849
0.004193 849
0.004194 849
0.004195 849
0.004196 849
0.004197 849
0.004198 849
0.004199 849
0.0042 849
0.004201 849
0.004202 849
0.004203 849
0.004204 849
0.004205 849
0.004206 849
0.004207 849
0.004208 849
0.004209 849
0.00421 849
0.004211 849
0.004212 849
0.004213 850
0.004214 850
0.004215 850
0.004216 850
0.004217 850
0.004218 850
0.004219 850
0.00422 850
0.004221 850
0.004222 850
0.004223 850
0.004224 850
0.004225 850
0.004226 850
0.004227 850
0.004228 850
0.004229 850
0.00423 850
0.004231 851
0.004232 851
0.004233 851
0.004234 851
0.004235 851
0.004236 851
0.004237 852
0.004238 852
0.004239 852
0.00424 852
0.004241 852
0.004242 852
0.004243 852
0.004244 851
0.004245 851
0.004246 851
0.004247 851
0.004248 851
0.004249 851
0.00425 851
0.004251 851
0.004252 850
0.004253 850
0.004254 850
0.004255 851
0.004256 851
0.004257 851
0.004258 851
0.004259 852
0.00426 852
0.004261 852
0.004262 852
0.004263 852
0.004264 852
0.004265 852
0.004266 852
0.004267 852
0.004268 852
0.004269 852
0.00427 852
0.004271 852
0.004272 852
0.004273 852
0.004274 852
0.004275 852
0.004276 852
0.004277 852
0.004278 852
0.004279 852
0.00428 852
0.004281 852
0.004282 852
0.004283 852
0.004284 852
0.004285 852
0.004286 852
0.004287 852
0.004288 852
0.004289 852
0.00429 852
0.004291 852
0.004292 852
0.004293 852
0.004294 852
0.004295 852
0.004296 852
0.004297 852
0.004298 852
0.004299 852
0.0043 852
0.004301 852
0.004302 852
0.004303 852
0.004304 852
0.004305 852
0.004306 852
0.004307 852
0.004308 852
0.004309 852
0.00431 852
0.004311 852
0.004312 851
0.004313 851
0.004314 851
0.004315 851
0.004316 851
0.004317 851
0.004318 851
0.004319 851
0.00432 851
0.004321 851
0.004322 851
0.004323 851
0.004324 851
0.004325 851
0.004326 850
0.004327 850
0.004328 850
0.004329 851
0.00433 851
0.004331 851
0.004332 851
0.004333 851
0.004334 851
0.004335 851
0.004336 852
0.004337 852
0.004338 852
0.004339 852
0.00434 852
0.004341 852
0.004342 852
0.004343 852
0.004344 852
0.004345 852
0.004346 852
0.004347 852
0.004348 852
0.004349 852
0.00435 852
0.004351 852
0.004352 852
0.004353 851
0.004354 851
0.004355 852
0.004356 852
0.004357 852
0.004358 852
0.004359 852
0.00436 852
0.004361 852
0.004362 852
0.004363 852
0.004364 852
0.004365 852
0.004366 852
0.004367 852
0.004368 852
0.004369 852
0.00437 852
0.004371 852
0.004372 852
0.004373 853
0.004374 853
0.004375 852
0.004376 852
0.004377 852
0.004378 853
0.004379 854
0.00438 854
0.004381 854
0.004382 854
0.004383 854
0.004384 854
0.004385 854
0.004386 854
0.004387 854
0.004388 854
0.004389 854
0.00439 854
0.004391 854
0.004392 854
0.004393 854
0.004394 854
0.004395 854
0.004396 854
0.004397 854
0.004398 854
0.004399 854
0.0044 854
0.004401 854
0.004402 854
0.004403 854
0.004404 854
0.004405 854
0.004406 854
0.004407 854
0.004408 854
0.004409 854
0.00441 854
0.004411 854
0.004412 854
0.004413 855
0.004414 856
0.004415 856
0.004416 856
0.004417 857
0.004418 857
0.004419 857
0.00442 857
0.004421 857
0.004422 857
0.004423 857
0.004424 857
0.004425 857
0.004426 858
0.004427 858
0.004428 858
0.004429 858
0.00443 858
0.004431 857
0.004432 857
0.004433 857
0.004434 857
0.004435 857
0.004436 857
0.004437 857
0.004438 857
0.004439 857
0.00444 857
0.004441 857
0.004442 857
0.004443 857
0.004444 857
0.004445 857
0.004446 857
0.004447 857
0.004448 857
0.004449 857
0.00445 857
0.004451 857
0.004452 857
0.004453 857
0.004454 857
0.004455 857
0.004456 856
0.004457 856
0.004458 856
0.004459 855
0.00446 855
0.004461 855
0.004462 855
0.004463 855
0.004464 856
0.004465 856
0.004466 856
0.004467 855
0.004468 855
0.004469 855
0.00447 856
0.004471 856
0.004472 856
0.004473 856
0.004474 857
0.004475 857
0.004476 857
0.004477 857
0.004478 857
0.004479 857
0.00448 857
0.004481 857
0.004482 857
0.004483 857
0.004484 857
0.004485 857
0.004486 857
0.004487 857
0.004488 857
0.004489 857
0.00449 857
0.004491 857
0.004492 857
0.004493 857
0.004494 857
0.004495 857
0.004496 857
0.004497 857
0.004498 857
0.004499 857
0.0045 857
0.004501 857
0.004502 858
0.004503 858
0.004504 858
0.004505 858
0.004506 858
0.004507 858
0.004508 858
0.004509 858
0.00451 858
0.004511 858
0.004512 858
0.004513 858
0.004514 858
0.004515 858
0.004516 858
0.004517 858
0.004518 858
0.004519 858
0.00452 858
0.004521 858
0.004522 858
0.004523 858
0.004524 858
0.004525 858
0.004526 858
0.004527 858
0.004528 858
0.004529 858
0.00453 858
0.004531 858
0.004532 858
0.004533 858
0.004534 858
0.004535 858
0.004536 857
0.004537 857
0.004538 857
0.004539 857
0.00454 857
0.004541 857
0.004542 857
0.004543 857
0.004544 857
0.004545 857
0.004546 857
0.004547 857
0.004548 856
0.004549 856
0.00455 856
0.004551 856
0.004552 856
0.004553 856
0.004554 856
0.004555 856
0.004556 856
0.004557 856
0.004558 856
0.004559 857
0.00456 857
0.004561 857
0.004562 857
0.004563 857
0.004564 857
0.004565 857
0.004566 857
0.004567 857
0.004568 857
0.004569 857
0.00457 857
0.004571 857
0.004572 857
0.004573 857
0.004574 857
0.004575 857
0.004576 857
0.004577 857
0.004578 857
0.004579 857
0.00458 857
0.004581 857
0.004582 857
0.004583 857
0.004584 857
0.004585 857
0.004586 857
0.004587 857
0.004588 857
0.004589 858
0.00459 858
0.004591 858
0.004592 858
0.004593 858
0.004594 858
0.004595 858
0.004596 858
0.004597 858
0.004598 858
0.004599 858
0.0046 858
0.004601 858
0.004602 858
0.004603 858
0.004604 858
0.004605 858
0.004606 859
0.004607 859
0.004608 859
0.004609 859
0.00461 860
0.004611 859
0.004612 859
0.004613 859
0.004614 859
0.004615 859
0.004616 859
0.004617 859
0.004618 859
0.004619 859
0.00462 859
0.004621 859
0.004622 859
0.004623 859
0.004624 859
0.004625 859
0.004626 859
0.004627 859
0.004628 859
0.004629 859
0.00463 859
0.004631 859
0.004632 859
0.004633 859
0.004634 859
0.004635 859
0.004636 858
0.004637 858
0.004638 858
0.004639 858
0.00464 857
0.004641 857
0.004642 857
0.004643 857
0.004644 857
0.004645 857
0.004646 857
0.004647 857
0.004648 857
0.004649 856
0.00465 856
0.004651 856
0.004652 856
0.004653 856
0.004654 856
0.004655 856
0.004656 856
0.004657 857
0.004658 857
0.004659 857
0.00466 858
0.004661 858
0.004662 858
0.004663 858
0.004664 858
0.004665 858
0.004666 858
0.004667 858
0.004668 859
0.004669 859
0.00467 859
0.004671 859
0.004672 860
0.004673 860
0.004674 860
0.004675 860
0.004676 860
0.004677 860
0.004678 860
0.004679 860
0.00468 860
0.004681 860
0.004682 860
0.004683 860
0.004684 860
0.004685 860
0.004686 860
0.004687 860
0.004688 860
0.004689 860
0.00469 860
0.004691 860
0.004692 860
0.004693 860
0.004694 860
0.004695 860
0.004696 860
0.004697 860
0.004698 860
0.004699 860
0.0047 859
0.004701 859
0.004702 859
0.004703 859
0.004704 859
0.004705 858
0.004706 858
0.004707 858
0.004708 859
0.004709 859
0.00471 859
0.004711 859
0.004712 859
0.004713 859
0.004714 859
0.004715 859
0.004716 859
0.004717 859
0.004718 859
0.004719 859
0.00472 859
0.004721 860
0.004722 860
0.004723 859
0.004724 859
0.004725 859
0.004726 859
0.004727 859
0.004728 859
0.004729 860
0.00473 860
0.004731 860
0.004732 860
0.004733 860
0.004734 860
0.004735 860
0.004736 860
0.004737 860
0.004738 860
0.004739 860
0.00474 859
0.004741 859
0.004742 859
0.004743 859
0.004744 859
0.004745 859
0.004746 859
0.004747 859
0.004748 859
0.004749 859
0.00475 859
0.004751 859
0.004752 859
0.004753 859
0.004754 859
0.004755 859
0.004756 859
0.004757 859
0.004758 859
0.004759 858
0.00476 858
0.004761 858
0.004762 858
0.004763 858
0.004764 858
0.004765 858
0.004766 858
0.004767 858
0.004768 858
0.004769 858
0.00477 858
0.004771 858
0.004772 858
0.004773 858
0.004774 859
0.004775 859
0.004776 859
0.004777 859
0.004778 860
0.004779 860
0.00478 860
0.004781 860
0.004782 860
0.004783 860
0.004784 860
0.004785 860
0.004786 860
0.004787 860
0.004788 860
0.004789 860
0.00479 860
0.004791 860
0.004792 860
0.004793 860
0.004794 860
0.004795 859
0.004796 859
0.004797 859
0.004798 859
0.004799 859
0.0048 859
0.004801 859
0.004802 859
0.004803 858
0.004804 858
0.004805 858
0.004806 858
0.004807 859
0.004808 860
0.004809 860
0.00481 860
0.004811 860
0.004812 860
0.004813 860
0.004814 860
0.004815 860
0.004816 860
0.004817 860
0.004818 860
0.004819 860
0.00482 860
0.004821 860
0.004822 860
0.004823 860
0.004824 859
0.004825 859
0.004826 859
0.004827 859
0.004828 859
0.004829 859
0.00483 859
0.004831 859
0.004832 859
0.004833 859
0.004834 859
0.004835 859
0.004836 859
0.004837 859
0.004838 858
0.004839 858
0.00484 859
0.004841 859
0.004842 859
0.004843 859
0.004844 859
0.004845 859
0.004846 859
0.004847 859
0.004848 859
0.004849 859
0.00485 859
0.004851 859
0.004852 859
0.004853 859
0.004854 859
0.004855 859
0.004856 859
0.004857 859
0.004858 859
0.004859 859
0.00486 859
0.004861 859
0.004862 859
0.004863 859
0.004864 859
0.004865 859
0.004866 859
0.004867 859
0.004868 859
0.004869 859
0.00487 859
0.004871 859
0.004872 859
0.004873 859
0.004874 859
0.004875 859
0.004876 859
0.004877 859
0.004878 859
0.004879 858
0.00488 858
0.004881 858
0.004882 858
0.004883 858
0.004884 858
0.004885 858
0.004886 857
0.004887 857
0.004888 857
0.004889 858
0.00489 858
0.004891 858
0.004892 858
0.004893 858
0.004894 858
0.004895 859
0.004896 859
0.004897 861
0.004898 861
0.004899 861
0.0049 862
0.004901 862
0.004902 862
0.004903 862
0.004904 862
0.004905 862
0.004906 862
0.004907 861
0.004908 861
0.004909 861
0.00491 861
0.004911 861
0.004912 861
0.004913 861
0.004914 861
0.004915 861
0.004916 861
0.004917 861
0.004918 861
0.004919 861
0.00492 861
0.004921 861
0.004922 860
0.004923 860
0.004924 861
0.004925 861
0.004926 861
0.004927 861
0.004928 861
0.004929 861
0.00493 862
0.004931 861
0.004932 861
0.004933 861
0.004934 861
0.004935 861
0.004936 861
0.004937 861
0.004938 861
0.004939 861
0.00494 861
0.004941 861
0.004942 861
0.004943 861
0.004944 861
0.004945 861
0.004946 861
0.004947 861
0.004948 861
0.004949 861
0.00495 860
0.004951 860
0.004952 861
0.004953 861
0.004954 861
0.004955 861
0.004956 861
0.004957 861
0.004958 861
0.004959 861
0.00496 861
0.004961 861
0.004962 861
0.004963 861
0.004964 864
0.004965 864
0.004966 863
0.004967 863
0.004968 863
0.004969 863
0.00497 863
0.004971 863
0.004972 863
0.004973 863
0.004974 863
0.004975 863
0.004976 863
0.004977 863
0.004978 863
0.004979 863
0.00498 863
0.004981 863
0.004982 863
0.004983 863
0.004984 863
0.004985 864
0.004986 864
0.004987 864
0.004988 864
0.004989 864
0.00499 864
0.004991 864
0.004992 864
0.004993 864
0.004994 864
0.004995 864
0.004996 864
0.004997 864
0.004998 865
0.004999 865
0.005 865
