0 5755
1e-06 5737
2e-06 5724
3e-06 5713
4e-06 5705
5e-06 5699
6e-06 5693
7e-06 5684
8e-06 5676
9e-06 5668
1e-05 5661
1.1e-05 5646
1.2e-05 5637
1.3e-05 5620
1.4e-05 5614
1.5e-05 5608
1.6e-05 5596
1.7e-05 5588
1.8e-05 5570
1.9e-05 5562
2e-05 5552
2.1e-05 5547
2.2e-05 5530
2.3e-05 5522
2.4e-05 5515
2.5e-05 5502
2.6e-05 5491
2.7e-05 5489
2.8e-05 5484
2.9e-05 5475
3e-05 5466
3.1e-05 5460
3.2e-05 5454
3.3e-05 5446
3.4e-05 5438
3.5e-05 5429
3.6e-05 5422
3.7e-05 5414
3.8e-05 5405
3.9e-05 5402
4e-05 5397
4.1e-05 5389
4.2e-05 5375
4.3e-05 5369
4.4e-05 5359
4.5e-05 5351
4.6e-05 5347
4.7e-05 5341
4.8e-05 5340
4.9e-05 5336
5e-05 5329
5.1e-05 5319
5.2e-05 5308
5.3e-05 5301
5.4e-05 5297
5.5e-05 5289
5.6e-05 5286
5.7e-05 5280
5.8e-05 5273
5.9e-05 5263
6e-05 5255
6.1e-05 5244
6.2e-05 5240
6.3e-05 5239
6.4e-05 5235
6.5e-05 5228
6.6e-05 5220
6.7e-05 5212
6.8e-05 5210
6.9e-05 5203
7e-05 5196
7.1e-05 5192
7.2e-05 5182
7.3e-05 5178
7.4e-05 5173
7.5e-05 5163
7.6e-05 5157
7.7e-05 5150
7.8e-05 5143
7.9e-05 5134
8e-05 5128
8.1e-05 5123
8.2e-05 5112
8.3e-05 5105
8.4e-05 5095
8.5e-05 5084
8.6e-05 5080
8.7e-05 5072
8.8e-05 5064
8.9e-05 5057
9e-05 5050
9.1e-05 5043
9.2e-05 5039
9.3e-05 5036
9.4e-05 5029
9.5e-05 5025
9.6e-05 5021
9.7e-05 5015
9.8e-05 5010
9.9e-05 5010
0.0001 5005
0.000101 4996
0.000102 4990
0.000103 4988
0.000104 4983
0.000105 4976
0.000106 4970
0.000107 4968
0.000108 4964
0.000109 4958
0.00011 4957
0.000111 4955
0.000112 4952
0.000113 4945
0.000114 4943
0.000115 4936
0.000116 4933
0.000117 4928
0.000118 4924
0.000119 4921
0.00012 4914
0.000121 4910
0.000122 4902
0.000123 4898
0.000124 4896
0.000125 4893
0.000126 4889
0.000127 4887
0.000128 4879
0.000129 4873
0.00013 4869
0.000131 4865
0.000132 4864
0.000133 4860
0.000134 4861
0.000135 4857
0.000136 4855
0.000137 4853
0.000138 4849
0.000139 4842
0.00014 4834
0.000141 4831
0.000142 4829
0.000143 4825
0.000144 4823
0.000145 4817
0.000146 4816
0.000147 4815
0.000148 4810
0.000149 4808
0.00015 4806
0.000151 4802
0.000152 4800
0.000153 4798
0.000154 4793
0.000155 4791
0.000156 4791
0.000157 4787
0.000158 4780
0.000159 4778
0.00016 4773
0.000161 4769
0.000162 4767
0.000163 4767
0.000164 4764
0.000165 4763
0.000166 4762
0.000167 4758
0.000168 4755
0.000169 4752
0.00017 4749
0.000171 4744
0.000172 4739
0.000173 4738
0.000174 4737
0.000175 4733
0.000176 4732
0.000177 4729
0.000178 4725
0.000179 4725
0.00018 4724
0.000181 4722
0.000182 4718
0.000183 4715
0.000184 4717
0.000185 4716
0.000186 4711
0.000187 4710
0.000188 4709
0.000189 4709
0.00019 4707
0.000191 4708
0.000192 4706
0.000193 4706
0.000194 4704
0.000195 4701
0.000196 4698
0.000197 4697
0.000198 4694
0.000199 4692
0.0002 4689
0.000201 4688
0.000202 4680
0.000203 4678
0.000204 4674
0.000205 4670
0.000206 4670
0.000207 4665
0.000208 4663
0.000209 4660
0.00021 4660
0.000211 4659
0.000212 4654
0.000213 4652
0.000214 4648
0.000215 4649
0.000216 4648
0.000217 4646
0.000218 4643
0.000219 4640
0.00022 4636
0.000221 4635
0.000222 4633
0.000223 4631
0.000224 4627
0.000225 4628
0.000226 4625
0.000227 4622
0.000228 4622
0.000229 4621
0.00023 4616
0.000231 4614
0.000232 4613
0.000233 4611
0.000234 4610
0.000235 4608
0.000236 4607
0.000237 4606
0.000238 4603
0.000239 4602
0.00024 4602
0.000241 4599
0.000242 4599
0.000243 4598
0.000244 4595
0.000245 4593
0.000246 4592
0.000247 4590
0.000248 4588
0.000249 4587
0.00025 4584
0.000251 4586
0.000252 4584
0.000253 4581
0.000254 4577
0.000255 4578
0.000256 4579
0.000257 4578
0.000258 4576
0.000259 4574
0.00026 4572
0.000261 4571
0.000262 4571
0.000263 4569
0.000264 4569
0.000265 4567
0.000266 4567
0.000267 4565
0.000268 4564
0.000269 4563
0.00027 4561
0.000271 4558
0.000272 4557
0.000273 4556
0.000274 4554
0.000275 4550
0.000276 4549
0.000277 4547
0.000278 4547
0.000279 4545
0.00028 4544
0.000281 4543
0.000282 4542
0.000283 4539
0.000284 4538
0.000285 4537
0.000286 4537
0.000287 4536
0.000288 4533
0.000289 4536
0.00029 4534
0.000291 4532
0.000292 4531
0.000293 4529
0.000294 4529
0.000295 4527
0.000296 4525
0.000297 4524
0.000298 4519
0.000299 4516
0.0003 4515
0.000301 4515
0.000302 4515
0.000303 4515
0.000304 4513
0.000305 4511
0.000306 4509
0.000307 4509
0.000308 4505
0.000309 4505
0.00031 4505
0.000311 4505
0.000312 4504
0.000313 4502
0.000314 4502
0.000315 4503
0.000316 4501
0.000317 4501
0.000318 4500
0.000319 4499
0.00032 4499
0.000321 4497
0.000322 4495
0.000323 4495
0.000324 4491
0.000325 4491
0.000326 4491
0.000327 4490
0.000328 4488
0.000329 4488
0.00033 4488
0.000331 4485
0.000332 4484
0.000333 4482
0.000334 4479
0.000335 4480
0.000336 4477
0.000337 4476
0.000338 4474
0.000339 4470
0.00034 4469
0.000341 4467
0.000342 4466
0.000343 4462
0.000344 4461
0.000345 4457
0.000346 4456
0.000347 4454
0.000348 4452
0.000349 4450
0.00035 4450
0.000351 4450
0.000352 4448
0.000353 4445
0.000354 4444
0.000355 4444
0.000356 4444
0.000357 4444
0.000358 4444
0.000359 4441
0.00036 4440
0.000361 4439
0.000362 4438
0.000363 4439
0.000364 4438
0.000365 4438
0.000366 4438
0.000367 4437
0.000368 4437
0.000369 4436
0.00037 4435
0.000371 4434
0.000372 4433
0.000373 4432
0.000374 4433
0.000375 4432
0.000376 4432
0.000377 4432
0.000378 4432
0.000379 4431
0.00038 4431
0.000381 4431
0.000382 4429
0.000383 4429
0.000384 4428
0.000385 4427
0.000386 4426
0.000387 4426
0.000388 4425
0.000389 4423
0.00039 4424
0.000391 4424
0.000392 4421
0.000393 4421
0.000394 4421
0.000395 4421
0.000396 4421
0.000397 4423
0.000398 4420
0.000399 4420
0.0004 4419
0.000401 4419
0.000402 4418
0.000403 4414
0.000404 4414
0.000405 4414
0.000406 4413
0.000407 4413
0.000408 4413
0.000409 4412
0.00041 4412
0.000411 4412
0.000412 4412
0.000413 4413
0.000414 4413
0.000415 4413
0.000416 4413
0.000417 4412
0.000418 4411
0.000419 4411
0.00042 4411
0.000421 4411
0.000422 4410
0.000423 4408
0.000424 4407
0.000425 4407
0.000426 4407
0.000427 4407
0.000428 4407
0.000429 4407
0.00043 4407
0.000431 4407
0.000432 4405
0.000433 4405
0.000434 4405
0.000435 4405
0.000436 4401
0.000437 4400
0.000438 4400
0.000439 4400
0.00044 4398
0.000441 4400
0.000442 4400
0.000443 4400
0.000444 4398
0.000445 4397
0.000446 4396
0.000447 4395
0.000448 4395
0.000449 4393
0.00045 4393
0.000451 4393
0.000452 4393
0.000453 4393
0.000454 4392
0.000455 4393
0.000456 4393
0.000457 4393
0.000458 4394
0.000459 4393
0.00046 4393
0.000461 4393
0.000462 4392
0.000463 4392
0.000464 4392
0.000465 4392
0.000466 4391
0.000467 4391
0.000468 4392
0.000469 4392
0.00047 4392
0.000471 4391
0.000472 4391
0.000473 4391
0.000474 4391
0.000475 4391
0.000476 4389
0.000477 4388
0.000478 4388
0.000479 4388
0.00048 4388
0.000481 4389
0.000482 4389
0.000483 4389
0.000484 4388
0.000485 4387
0.000486 4387
0.000487 4388
0.000488 4388
0.000489 4388
0.00049 4387
0.000491 4386
0.000492 4385
0.000493 4384
0.000494 4384
0.000495 4385
0.000496 4384
0.000497 4383
0.000498 4383
0.000499 4384
0.0005 4384
0.000501 4384
0.000502 4384
0.000503 4385
0.000504 4385
0.000505 4385
0.000506 4385
0.000507 4385
0.000508 4381
0.000509 4381
0.00051 4380
0.000511 4380
0.000512 4380
0.000513 4379
0.000514 4380
0.000515 4379
0.000516 4379
0.000517 4378
0.000518 4377
0.000519 4376
0.00052 4375
0.000521 4375
0.000522 4375
0.000523 4376
0.000524 4376
0.000525 4376
0.000526 4376
0.000527 4376
0.000528 4375
0.000529 4375
0.00053 4375
0.000531 4375
0.000532 4376
0.000533 4376
0.000534 4376
0.000535 4376
0.000536 4374
0.000537 4373
0.000538 4373
0.000539 4374
0.00054 4374
0.000541 4374
0.000542 4374
0.000543 4374
0.000544 4374
0.000545 4374
0.000546 4375
0.000547 4375
0.000548 4374
0.000549 4373
0.00055 4373
0.000551 4373
0.000552 4373
0.000553 4373
0.000554 4372
0.000555 4371
0.000556 4371
0.000557 4371
0.000558 4371
0.000559 4370
0.00056 4369
0.000561 4368
0.000562 4366
0.000563 4366
0.000564 4367
0.000565 4367
0.000566 4366
0.000567 4365
0.000568 4364
0.000569 4364
0.00057 4363
0.000571 4363
0.000572 4363
0.000573 4363
0.000574 4363
0.000575 4363
0.000576 4362
0.000577 4363
0.000578 4363
0.000579 4363
0.00058 4363
0.000581 4363
0.000582 4363
0.000583 4364
0.000584 4364
0.000585 4364
0.000586 4364
0.000587 4363
0.000588 4363
0.000589 4363
0.00059 4363
0.000591 4363
0.000592 4362
0.000593 4362
0.000594 4363
0.000595 4364
0.000596 4364
0.000597 4363
0.000598 4363
0.000599 4363
0.0006 4363
0.000601 4363
0.000602 4363
0.000603 4363
0.000604 4363
0.000605 4363
0.000606 4361
0.000607 4361
0.000608 4361
0.000609 4361
0.00061 4360
0.000611 4358
0.000612 4355
0.000613 4354
0.000614 4354
0.000615 4354
0.000616 4353
0.000617 4353
0.000618 4353
0.000619 4353
0.00062 4353
0.000621 4353
0.000622 4353
0.000623 4353
0.000624 4354
0.000625 4353
0.000626 4353
0.000627 4352
0.000628 4353
0.000629 4352
0.00063 4352
0.000631 4352
0.000632 4352
0.000633 4352
0.000634 4351
0.000635 4351
0.000636 4351
0.000637 4351
0.000638 4351
0.000639 4351
0.00064 4351
0.000641 4351
0.000642 4351
0.000643 4349
0.000644 4349
0.000645 4349
0.000646 4348
0.000647 4347
0.000648 4348
0.000649 4348
0.00065 4349
0.000651 4350
0.000652 4351
0.000653 4352
0.000654 4352
0.000655 4350
0.000656 4350
0.000657 4350
0.000658 4350
0.000659 4350
0.00066 4350
0.000661 4350
0.000662 4349
0.000663 4350
0.000664 4350
0.000665 4350
0.000666 4353
0.000667 4353
0.000668 4353
0.000669 4353
0.00067 4353
0.000671 4353
0.000672 4353
0.000673 4355
0.000674 4355
0.000675 4355
0.000676 4355
0.000677 4355
0.000678 4355
0.000679 4356
0.00068 4356
0.000681 4355
0.000682 4355
0.000683 4355
0.000684 4356
0.000685 4357
0.000686 4357
0.000687 4356
0.000688 4355
0.000689 4355
0.00069 4355
0.000691 4355
0.000692 4355
0.000693 4355
0.000694 4354
0.000695 4354
0.000696 4354
0.000697 4354
0.000698 4355
0.000699 4355
0.0007 4355
0.000701 4355
0.000702 4355
0.000703 4354
0.000704 4354
0.000705 4355
0.000706 4355
0.000707 4355
0.000708 4356
0.000709 4356
0.00071 4356
0.000711 4356
0.000712 4356
0.000713 4356
0.000714 4356
0.000715 4357
0.000716 4357
0.000717 4357
0.000718 4357
0.000719 4357
0.00072 4357
0.000721 4358
0.000722 4359
0.000723 4359
0.000724 4359
0.000725 4359
0.000726 4358
0.000727 4355
0.000728 4354
0.000729 4354
0.00073 4354
0.000731 4354
0.000732 4354
0.000733 4354
0.000734 4354
0.000735 4354
0.000736 4354
0.000737 4354
0.000738 4356
0.000739 4355
0.00074 4355
0.000741 4355
0.000742 4355
0.000743 4355
0.000744 4355
0.000745 4355
0.000746 4355
0.000747 4355
0.000748 4355
0.000749 4355
0.00075 4355
0.000751 4356
0.000752 4356
0.000753 4357
0.000754 4357
0.000755 4357
0.000756 4357
0.000757 4356
0.000758 4356
0.000759 4356
0.00076 4356
0.000761 4355
0.000762 4354
0.000763 4354
0.000764 4353
0.000765 4353
0.000766 4353
0.000767 4353
0.000768 4351
0.000769 4350
0.00077 4351
0.000771 4351
0.000772 4351
0.000773 4352
0.000774 4352
0.000775 4352
0.000776 4352
0.000777 4352
0.000778 4352
0.000779 4352
0.00078 4353
0.000781 4353
0.000782 4353
0.000783 4353
0.000784 4352
0.000785 4352
0.000786 4352
0.000787 4352
0.000788 4352
0.000789 4352
0.00079 4352
0.000791 4352
0.000792 4352
0.000793 4353
0.000794 4353
0.000795 4353
0.000796 4353
0.000797 4352
0.000798 4352
0.000799 4352
0.0008 4352
0.000801 4352
0.000802 4351
0.000803 4351
0.000804 4351
0.000805 4350
0.000806 4351
0.000807 4350
0.000808 4350
0.000809 4350
0.00081 4350
0.000811 4350
0.000812 4350
0.000813 4350
0.000814 4351
0.000815 4350
0.000816 4350
0.000817 4350
0.000818 4350
0.000819 4350
0.00082 4350
0.000821 4350
0.000822 4348
0.000823 4348
0.000824 4349
0.000825 4348
0.000826 4348
0.000827 4348
0.000828 4346
0.000829 4345
0.00083 4345
0.000831 4345
0.000832 4345
0.000833 4345
0.000834 4345
0.000835 4345
0.000836 4345
0.000837 4344
0.000838 4344
0.000839 4344
0.00084 4345
0.000841 4345
0.000842 4345
0.000843 4345
0.000844 4345
0.000845 4346
0.000846 4346
0.000847 4345
0.000848 4345
0.000849 4344
0.00085 4344
0.000851 4344
0.000852 4344
0.000853 4344
0.000854 4343
0.000855 4343
0.000856 4343
0.000857 4342
0.000858 4342
0.000859 4342
0.00086 4341
0.000861 4341
0.000862 4341
0.000863 4341
0.000864 4341
0.000865 4341
0.000866 4341
0.000867 4341
0.000868 4341
0.000869 4341
0.00087 4340
0.000871 4340
0.000872 4340
0.000873 4340
0.000874 4340
0.000875 4340
0.000876 4341
0.000877 4341
0.000878 4341
0.000879 4341
0.00088 4341
0.000881 4340
0.000882 4340
0.000883 4340
0.000884 4340
0.000885 4340
0.000886 4340
0.000887 4341
0.000888 4342
0.000889 4341
0.00089 4342
0.000891 4342
0.000892 4341
0.000893 4341
0.000894 4340
0.000895 4340
0.000896 4340
0.000897 4340
0.000898 4340
0.000899 4340
0.0009 4340
0.000901 4340
0.000902 4341
0.000903 4340
0.000904 4341
0.000905 4341
0.000906 4341
0.000907 4339
0.000908 4339
0.000909 4339
0.00091 4339
0.000911 4339
0.000912 4339
0.000913 4339
0.000914 4338
0.000915 4339
0.000916 4338
0.000917 4338
0.000918 4338
0.000919 4338
0.00092 4338
0.000921 4338
0.000922 4338
0.000923 4339
0.000924 4339
0.000925 4337
0.000926 4337
0.000927 4336
0.000928 4335
0.000929 4335
0.00093 4335
0.000931 4335
0.000932 4335
0.000933 4334
0.000934 4334
0.000935 4334
0.000936 4334
0.000937 4334
0.000938 4334
0.000939 4334
0.00094 4334
0.000941 4334
0.000942 4333
0.000943 4332
0.000944 4333
0.000945 4333
0.000946 4333
0.000947 4332
0.000948 4332
0.000949 4331
0.00095 4331
0.000951 4329
0.000952 4329
0.000953 4329
0.000954 4329
0.000955 4329
0.000956 4329
0.000957 4329
0.000958 4329
0.000959 4330
0.00096 4330
0.000961 4330
0.000962 4330
0.000963 4330
0.000964 4330
0.000965 4330
0.000966 4330
0.000967 4330
0.000968 4330
0.000969 4330
0.00097 4330
0.000971 4329
0.000972 4329
0.000973 4329
0.000974 4329
0.000975 4330
0.000976 4330
0.000977 4330
0.000978 4328
0.000979 4328
0.00098 4328
0.000981 4328
0.000982 4329
0.000983 4329
0.000984 4329
0.000985 4329
0.000986 4329
0.000987 4329
0.000988 4329
0.000989 4330
0.00099 4330
0.000991 4330
0.000992 4330
0.000993 4329
0.000994 4329
0.000995 4329
0.000996 4330
0.000997 4331
0.000998 4332
0.000999 4332
0.001 4332
0.001001 4332
0.001002 4332
0.001003 4332
0.001004 4332
0.001005 4332
0.001006 4333
0.001007 4333
0.001008 4333
0.001009 4333
0.00101 4333
0.001011 4333
0.001012 4333
0.001013 4332
0.001014 4332
0.001015 4331
0.001016 4330
0.001017 4330
0.001018 4330
0.001019 4330
0.00102 4330
0.001021 4329
0.001022 4329
0.001023 4329
0.001024 4329
0.001025 4329
0.001026 4329
0.001027 4330
0.001028 4330
0.001029 4330
0.00103 4330
0.001031 4331
0.001032 4332
0.001033 4332
0.001034 4332
0.001035 4332
0.001036 4332
0.001037 4332
0.001038 4332
0.001039 4331
0.00104 4332
0.001041 4332
0.001042 4332
0.001043 4332
0.001044 4332
0.001045 4333
0.001046 4333
0.001047 4332
0.001048 4331
0.001049 4330
0.00105 4330
0.001051 4330
0.001052 4330
0.001053 4330
0.001054 4330
0.001055 4330
0.001056 4330
0.001057 4330
0.001058 4330
0.001059 4330
0.00106 4329
0.001061 4329
0.001062 4331
0.001063 4333
0.001064 4334
0.001065 4334
0.001066 4335
0.001067 4334
0.001068 4334
0.001069 4334
0.00107 4334
0.001071 4334
0.001072 4334
0.001073 4334
0.001074 4334
0.001075 4334
0.001076 4336
0.001077 4336
0.001078 4335
0.001079 4334
0.00108 4334
0.001081 4334
0.001082 4334
0.001083 4333
0.001084 4333
0.001085 4334
0.001086 4335
0.001087 4335
0.001088 4335
0.001089 4335
0.00109 4335
0.001091 4334
0.001092 4334
0.001093 4334
0.001094 4335
0.001095 4335
0.001096 4335
0.001097 4335
0.001098 4334
0.001099 4334
0.0011 4334
0.001101 4334
0.001102 4334
0.001103 4335
0.001104 4335
0.001105 4335
0.001106 4335
0.001107 4335
0.001108 4336
0.001109 4336
0.00111 4336
0.001111 4336
0.001112 4336
0.001113 4337
0.001114 4338
0.001115 4338
0.001116 4338
0.001117 4338
0.001118 4339
0.001119 4339
0.00112 4340
0.001121 4340
0.001122 4341
0.001123 4341
0.001124 4341
0.001125 4340
0.001126 4340
0.001127 4340
0.001128 4340
0.001129 4340
0.00113 4340
0.001131 4340
0.001132 4340
0.001133 4340
0.001134 4339
0.001135 4337
0.001136 4337
0.001137 4337
0.001138 4338
0.001139 4338
0.00114 4338
0.001141 4337
0.001142 4337
0.001143 4337
0.001144 4337
0.001145 4337
0.001146 4338
0.001147 4339
0.001148 4339
0.001149 4340
0.00115 4340
0.001151 4340
0.001152 4340
0.001153 4340
0.001154 4340
0.001155 4340
0.001156 4340
0.001157 4340
0.001158 4340
0.001159 4339
0.00116 4339
0.001161 4338
0.001162 4338
0.001163 4337
0.001164 4337
0.001165 4337
0.001166 4337
0.001167 4337
0.001168 4337
0.001169 4337
0.00117 4339
0.001171 4339
0.001172 4339
0.001173 4339
0.001174 4338
0.001175 4337
0.001176 4337
0.001177 4338
0.001178 4339
0.001179 4338
0.00118 4338
0.001181 4338
0.001182 4339
0.001183 4339
0.001184 4340
0.001185 4340
0.001186 4340
0.001187 4340
0.001188 4340
0.001189 4341
0.00119 4341
0.001191 4341
0.001192 4341
0.001193 4343
0.001194 4344
0.001195 4344
0.001196 4344
0.001197 4344
0.001198 4345
0.001199 4345
0.0012 4346
0.001201 4346
0.001202 4346
0.001203 4346
0.001204 4346
0.001205 4346
0.001206 4346
0.001207 4346
0.001208 4346
0.001209 4345
0.00121 4345
0.001211 4344
0.001212 4344
0.001213 4344
0.001214 4344
0.001215 4345
0.001216 4345
0.001217 4345
0.001218 4346
0.001219 4346
0.00122 4346
0.001221 4346
0.001222 4346
0.001223 4345
0.001224 4346
0.001225 4346
0.001226 4346
0.001227 4346
0.001228 4347
0.001229 4347
0.00123 4348
0.001231 4348
0.001232 4348
0.001233 4348
0.001234 4347
0.001235 4347
0.001236 4348
0.001237 4348
0.001238 4348
0.001239 4348
0.00124 4348
0.001241 4348
0.001242 4348
0.001243 4348
0.001244 4348
0.001245 4348
0.001246 4348
0.001247 4347
0.001248 4346
0.001249 4347
0.00125 4346
0.001251 4346
0.001252 4346
0.001253 4346
0.001254 4346
0.001255 4346
0.001256 4346
0.001257 4346
0.001258 4346
0.001259 4346
0.00126 4346
0.001261 4346
0.001262 4345
0.001263 4345
0.001264 4345
0.001265 4344
0.001266 4345
0.001267 4345
0.001268 4344
0.001269 4343
0.00127 4344
0.001271 4344
0.001272 4345
0.001273 4345
0.001274 4344
0.001275 4345
0.001276 4345
0.001277 4345
0.001278 4345
0.001279 4344
0.00128 4345
0.001281 4345
0.001282 4345
0.001283 4345
0.001284 4345
0.001285 4345
0.001286 4345
0.001287 4345
0.001288 4345
0.001289 4344
0.00129 4344
0.001291 4344
0.001292 4344
0.001293 4344
0.001294 4344
0.001295 4344
0.001296 4344
0.001297 4344
0.001298 4344
0.001299 4344
0.0013 4344
0.001301 4344
0.001302 4343
0.001303 4343
0.001304 4343
0.001305 4343
0.001306 4343
0.001307 4344
0.001308 4343
0.001309 4343
0.00131 4343
0.001311 4343
0.001312 4343
0.001313 4342
0.001314 4342
0.001315 4342
0.001316 4343
0.001317 4343
0.001318 4343
0.001319 4343
0.00132 4343
0.001321 4343
0.001322 4343
0.001323 4343
0.001324 4343
0.001325 4343
0.001326 4343
0.001327 4343
0.001328 4342
0.001329 4342
0.00133 4342
0.001331 4342
0.001332 4342
0.001333 4343
0.001334 4343
0.001335 4343
0.001336 4343
0.001337 4343
0.001338 4344
0.001339 4344
0.00134 4344
0.001341 4344
0.001342 4344
0.001343 4345
0.001344 4345
0.001345 4345
0.001346 4345
0.001347 4346
0.001348 4346
0.001349 4345
0.00135 4344
0.001351 4345
0.001352 4345
0.001353 4345
0.001354 4345
0.001355 4345
0.001356 4345
0.001357 4346
0.001358 4346
0.001359 4346
0.00136 4346
0.001361 4346
0.001362 4346
0.001363 4346
0.001364 4346
0.001365 4346
0.001366 4347
0.001367 4347
0.001368 4346
0.001369 4345
0.00137 4345
0.001371 4345
0.001372 4345
0.001373 4345
0.001374 4345
0.001375 4345
0.001376 4345
0.001377 4345
0.001378 4344
0.001379 4343
0.00138 4343
0.001381 4343
0.001382 4343
0.001383 4343
0.001384 4343
0.001385 4344
0.001386 4343
0.001387 4342
0.001388 4342
0.001389 4343
0.00139 4343
0.001391 4343
0.001392 4343
0.001393 4343
0.001394 4343
0.001395 4343
0.001396 4343
0.001397 4343
0.001398 4343
0.001399 4344
0.0014 4344
0.001401 4344
0.001402 4343
0.001403 4343
0.001404 4343
0.001405 4343
0.001406 4343
0.001407 4343
0.001408 4343
0.001409 4343
0.00141 4343
0.001411 4343
0.001412 4343
0.001413 4343
0.001414 4343
0.001415 4344
0.001416 4344
0.001417 4344
0.001418 4344
0.001419 4344
0.00142 4344
0.001421 4344
0.001422 4344
0.001423 4344
0.001424 4344
0.001425 4344
0.001426 4344
0.001427 4344
0.001428 4344
0.001429 4344
0.00143 4344
0.001431 4343
0.001432 4344
0.001433 4344
0.001434 4345
0.001435 4346
0.001436 4346
0.001437 4346
0.001438 4346
0.001439 4345
0.00144 4345
0.001441 4346
0.001442 4345
0.001443 4345
0.001444 4345
0.001445 4346
0.001446 4346
0.001447 4346
0.001448 4346
0.001449 4346
0.00145 4345
0.001451 4345
0.001452 4345
0.001453 4345
0.001454 4345
0.001455 4346
0.001456 4346
0.001457 4346
0.001458 4346
0.001459 4347
0.00146 4348
0.001461 4348
0.001462 4348
0.001463 4348
0.001464 4347
0.001465 4346
0.001466 4346
0.001467 4346
0.001468 4346
0.001469 4345
0.00147 4345
0.001471 4345
0.001472 4345
0.001473 4344
0.001474 4344
0.001475 4344
0.001476 4344
0.001477 4344
0.001478 4344
0.001479 4344
0.00148 4344
0.001481 4344
0.001482 4344
0.001483 4344
0.001484 4344
0.001485 4344
0.001486 4344
0.001487 4344
0.001488 4344
0.001489 4344
0.00149 4344
0.001491 4344
0.001492 4344
0.001493 4344
0.001494 4344
0.001495 4344
0.001496 4345
0.001497 4343
0.001498 4343
0.001499 4344
0.0015 4344
0.001501 4344
0.001502 4344
0.001503 4344
0.001504 4344
0.001505 4343
0.001506 4343
0.001507 4343
0.001508 4344
0.001509 4344
0.00151 4344
0.001511 4344
0.001512 4343
0.001513 4343
0.001514 4343
0.001515 4343
0.001516 4342
0.001517 4342
0.001518 4342
0.001519 4341
0.00152 4341
0.001521 4341
0.001522 4340
0.001523 4340
0.001524 4340
0.001525 4340
0.001526 4340
0.001527 4339
0.001528 4339
0.001529 4339
0.00153 4340
0.001531 4340
0.001532 4340
0.001533 4340
0.001534 4340
0.001535 4340
0.001536 4341
0.001537 4341
0.001538 4341
0.001539 4341
0.00154 4340
0.001541 4340
0.001542 4339
0.001543 4339
0.001544 4339
0.001545 4339
0.001546 4339
0.001547 4339
0.001548 4341
0.001549 4341
0.00155 4340
0.001551 4341
0.001552 4341
0.001553 4341
0.001554 4341
0.001555 4340
0.001556 4340
0.001557 4340
0.001558 4340
0.001559 4340
0.00156 4340
0.001561 4340
0.001562 4340
0.001563 4340
0.001564 4340
0.001565 4340
0.001566 4340
0.001567 4341
0.001568 4342
0.001569 4343
0.00157 4343
0.001571 4343
0.001572 4343
0.001573 4343
0.001574 4343
0.001575 4343
0.001576 4343
0.001577 4344
0.001578 4343
0.001579 4343
0.00158 4343
0.001581 4343
0.001582 4343
0.001583 4343
0.001584 4343
0.001585 4343
0.001586 4343
0.001587 4341
0.001588 4341
0.001589 4341
0.00159 4341
0.001591 4341
0.001592 4342
0.001593 4342
0.001594 4344
0.001595 4344
0.001596 4344
0.001597 4345
0.001598 4345
0.001599 4345
0.0016 4346
0.001601 4346
0.001602 4345
0.001603 4346
0.001604 4346
0.001605 4346
0.001606 4347
0.001607 4347
0.001608 4347
0.001609 4345
0.00161 4345
0.001611 4345
0.001612 4345
0.001613 4345
0.001614 4344
0.001615 4343
0.001616 4344
0.001617 4345
0.001618 4345
0.001619 4344
0.00162 4344
0.001621 4343
0.001622 4343
0.001623 4343
0.001624 4342
0.001625 4341
0.001626 4341
0.001627 4341
0.001628 4341
0.001629 4339
0.00163 4338
0.001631 4338
0.001632 4338
0.001633 4338
0.001634 4338
0.001635 4337
0.001636 4337
0.001637 4337
0.001638 4337
0.001639 4337
0.00164 4337
0.001641 4337
0.001642 4337
0.001643 4336
0.001644 4336
0.001645 4336
0.001646 4336
0.001647 4336
0.001648 4336
0.001649 4336
0.00165 4336
0.001651 4336
0.001652 4336
0.001653 4336
0.001654 4337
0.001655 4337
0.001656 4337
0.001657 4337
0.001658 4336
0.001659 4337
0.00166 4337
0.001661 4337
0.001662 4337
0.001663 4337
0.001664 4337
0.001665 4337
0.001666 4337
0.001667 4337
0.001668 4337
0.001669 4339
0.00167 4339
0.001671 4339
0.001672 4339
0.001673 4339
0.001674 4340
0.001675 4340
0.001676 4340
0.001677 4340
0.001678 4340
0.001679 4340
0.00168 4340
0.001681 4340
0.001682 4340
0.001683 4342
0.001684 4342
0.001685 4342
0.001686 4342
0.001687 4342
0.001688 4342
0.001689 4342
0.00169 4342
0.001691 4342
0.001692 4342
0.001693 4341
0.001694 4341
0.001695 4341
0.001696 4341
0.001697 4341
0.001698 4339
0.001699 4339
0.0017 4339
0.001701 4339
0.001702 4341
0.001703 4341
0.001704 4341
0.001705 4341
0.001706 4341
0.001707 4341
0.001708 4341
0.001709 4341
0.00171 4341
0.001711 4341
0.001712 4341
0.001713 4341
0.001714 4342
0.001715 4342
0.001716 4342
0.001717 4342
0.001718 4342
0.001719 4342
0.00172 4342
0.001721 4342
0.001722 4341
0.001723 4340
0.001724 4341
0.001725 4341
0.001726 4341
0.001727 4341
0.001728 4341
0.001729 4342
0.00173 4342
0.001731 4342
0.001732 4343
0.001733 4343
0.001734 4344
0.001735 4344
0.001736 4342
0.001737 4342
0.001738 4342
0.001739 4342
0.00174 4342
0.001741 4342
0.001742 4342
0.001743 4342
0.001744 4343
0.001745 4343
0.001746 4343
0.001747 4343
0.001748 4343
0.001749 4343
0.00175 4344
0.001751 4344
0.001752 4344
0.001753 4345
0.001754 4344
0.001755 4343
0.001756 4343
0.001757 4344
0.001758 4344
0.001759 4344
0.00176 4345
0.001761 4345
0.001762 4343
0.001763 4343
0.001764 4343
0.001765 4344
0.001766 4345
0.001767 4345
0.001768 4345
0.001769 4345
0.00177 4345
0.001771 4345
0.001772 4345
0.001773 4344
0.001774 4345
0.001775 4345
0.001776 4345
0.001777 4345
0.001778 4345
0.001779 4345
0.00178 4345
0.001781 4345
0.001782 4345
0.001783 4345
0.001784 4343
0.001785 4342
0.001786 4342
0.001787 4343
0.001788 4344
0.001789 4344
0.00179 4345
0.001791 4344
0.001792 4344
0.001793 4344
0.001794 4344
0.001795 4344
0.001796 4344
0.001797 4344
0.001798 4344
0.001799 4344
0.0018 4344
0.001801 4344
0.001802 4344
0.001803 4344
0.001804 4344
0.001805 4344
0.001806 4345
0.001807 4345
0.001808 4344
0.001809 4344
0.00181 4344
0.001811 4344
0.001812 4344
0.001813 4344
0.001814 4344
0.001815 4344
0.001816 4344
0.001817 4344
0.001818 4344
0.001819 4344
0.00182 4344
0.001821 4344
0.001822 4344
0.001823 4344
0.001824 4344
0.001825 4344
0.001826 4343
0.001827 4343
0.001828 4343
0.001829 4344
0.00183 4344
0.001831 4344
0.001832 4344
0.001833 4344
0.001834 4345
0.001835 4346
0.001836 4345
0.001837 4345
0.001838 4345
0.001839 4345
0.00184 4345
0.001841 4345
0.001842 4345
0.001843 4344
0.001844 4344
0.001845 4344
0.001846 4343
0.001847 4343
0.001848 4343
0.001849 4343
0.00185 4342
0.001851 4342
0.001852 4342
0.001853 4342
0.001854 4342
0.001855 4341
0.001856 4341
0.001857 4342
0.001858 4341
0.001859 4342
0.00186 4342
0.001861 4342
0.001862 4342
0.001863 4342
0.001864 4342
0.001865 4342
0.001866 4342
0.001867 4342
0.001868 4343
0.001869 4343
0.00187 4343
0.001871 4344
0.001872 4344
0.001873 4344
0.001874 4344
0.001875 4344
0.001876 4345
0.001877 4345
0.001878 4345
0.001879 4344
0.00188 4345
0.001881 4345
0.001882 4345
0.001883 4345
0.001884 4345
0.001885 4345
0.001886 4345
0.001887 4345
0.001888 4345
0.001889 4345
0.00189 4346
0.001891 4346
0.001892 4345
0.001893 4345
0.001894 4344
0.001895 4344
0.001896 4344
0.001897 4343
0.001898 4343
0.001899 4343
0.0019 4342
0.001901 4340
0.001902 4340
0.001903 4341
0.001904 4341
0.001905 4341
0.001906 4341
0.001907 4341
0.001908 4341
0.001909 4341
0.00191 4341
0.001911 4341
0.001912 4343
0.001913 4343
0.001914 4343
0.001915 4344
0.001916 4345
0.001917 4346
0.001918 4346
0.001919 4346
0.00192 4346
0.001921 4346
0.001922 4346
0.001923 4346
0.001924 4346
0.001925 4346
0.001926 4346
0.001927 4347
0.001928 4345
0.001929 4345
0.00193 4345
0.001931 4345
0.001932 4345
0.001933 4345
0.001934 4345
0.001935 4345
0.001936 4345
0.001937 4345
0.001938 4345
0.001939 4345
0.00194 4345
0.001941 4345
0.001942 4344
0.001943 4344
0.001944 4343
0.001945 4344
0.001946 4344
0.001947 4344
0.001948 4344
0.001949 4344
0.00195 4344
0.001951 4344
0.001952 4344
0.001953 4344
0.001954 4344
0.001955 4345
0.001956 4345
0.001957 4345
0.001958 4345
0.001959 4344
0.00196 4344
0.001961 4344
0.001962 4344
0.001963 4344
0.001964 4344
0.001965 4344
0.001966 4345
0.001967 4345
0.001968 4344
0.001969 4344
0.00197 4345
0.001971 4345
0.001972 4345
0.001973 4347
0.001974 4347
0.001975 4347
0.001976 4347
0.001977 4348
0.001978 4347
0.001979 4347
0.00198 4347
0.001981 4347
0.001982 4348
0.001983 4348
0.001984 4348
0.001985 4349
0.001986 4349
0.001987 4349
0.001988 4349
0.001989 4348
0.00199 4348
0.001991 4348
0.001992 4347
0.001993 4347
0.001994 4347
0.001995 4347
0.001996 4348
0.001997 4348
0.001998 4348
0.001999 4348
0.002 4348
0.002001 4348
0.002002 4347
0.002003 4347
0.002004 4347
0.002005 4347
0.002006 4347
0.002007 4347
0.002008 4347
0.002009 4347
0.00201 4347
0.002011 4347
0.002012 4347
0.002013 4347
0.002014 4347
0.002015 4347
0.002016 4347
0.002017 4347
0.002018 4346
0.002019 4346
0.00202 4346
0.002021 4346
0.002022 4346
0.002023 4346
0.002024 4345
0.002025 4345
0.002026 4346
0.002027 4346
0.002028 4346
0.002029 4346
0.00203 4346
0.002031 4346
0.002032 4347
0.002033 4347
0.002034 4347
0.002035 4347
0.002036 4348
0.002037 4348
0.002038 4348
0.002039 4348
0.00204 4349
0.002041 4349
0.002042 4349
0.002043 4349
0.002044 4349
0.002045 4348
0.002046 4348
0.002047 4348
0.002048 4347
0.002049 4347
0.00205 4347
0.002051 4347
0.002052 4346
0.002053 4346
0.002054 4346
0.002055 4346
0.002056 4346
0.002057 4346
0.002058 4346
0.002059 4346
0.00206 4345
0.002061 4346
0.002062 4346
0.002063 4346
0.002064 4346
0.002065 4346
0.002066 4346
0.002067 4346
0.002068 4346
0.002069 4348
0.00207 4349
0.002071 4349
0.002072 4349
0.002073 4350
0.002074 4350
0.002075 4350
0.002076 4350
0.002077 4350
0.002078 4350
0.002079 4350
0.00208 4350
0.002081 4350
0.002082 4350
0.002083 4350
0.002084 4350
0.002085 4350
0.002086 4351
0.002087 4351
0.002088 4351
0.002089 4351
0.00209 4351
0.002091 4351
0.002092 4351
0.002093 4350
0.002094 4350
0.002095 4350
0.002096 4350
0.002097 4350
0.002098 4350
0.002099 4350
0.0021 4351
0.002101 4351
0.002102 4352
0.002103 4352
0.002104 4352
0.002105 4352
0.002106 4352
0.002107 4352
0.002108 4351
0.002109 4351
0.00211 4351
0.002111 4350
0.002112 4351
0.002113 4351
0.002114 4350
0.002115 4350
0.002116 4351
0.002117 4351
0.002118 4351
0.002119 4351
0.00212 4351
0.002121 4351
0.002122 4351
0.002123 4351
0.002124 4351
0.002125 4351
0.002126 4351
0.002127 4351
0.002128 4350
0.002129 4350
0.00213 4350
0.002131 4350
0.002132 4350
0.002133 4350
0.002134 4350
0.002135 4350
0.002136 4350
0.002137 4350
0.002138 4350
0.002139 4351
0.00214 4351
0.002141 4349
0.002142 4348
0.002143 4347
0.002144 4347
0.002145 4347
0.002146 4347
0.002147 4347
0.002148 4347
0.002149 4347
0.00215 4347
0.002151 4347
0.002152 4347
0.002153 4347
0.002154 4347
0.002155 4347
0.002156 4347
0.002157 4348
0.002158 4348
0.002159 4347
0.00216 4347
0.002161 4346
0.002162 4346
0.002163 4346
0.002164 4345
0.002165 4344
0.002166 4344
0.002167 4345
0.002168 4345
0.002169 4345
0.00217 4345
0.002171 4345
0.002172 4345
0.002173 4345
0.002174 4345
0.002175 4345
0.002176 4345
0.002177 4345
0.002178 4345
0.002179 4345
0.00218 4345
0.002181 4345
0.002182 4345
0.002183 4346
0.002184 4346
0.002185 4346
0.002186 4346
0.002187 4346
0.002188 4346
0.002189 4346
0.00219 4346
0.002191 4346
0.002192 4346
0.002193 4346
0.002194 4346
0.002195 4346
0.002196 4346
0.002197 4346
0.002198 4346
0.002199 4346
0.0022 4346
0.002201 4346
0.002202 4346
0.002203 4346
0.002204 4346
0.002205 4345
0.002206 4346
0.002207 4345
0.002208 4345
0.002209 4345
0.00221 4345
0.002211 4345
0.002212 4345
0.002213 4345
0.002214 4345
0.002215 4345
0.002216 4345
0.002217 4345
0.002218 4345
0.002219 4345
0.00222 4345
0.002221 4345
0.002222 4345
0.002223 4345
0.002224 4345
0.002225 4345
0.002226 4345
0.002227 4345
0.002228 4345
0.002229 4345
0.00223 4345
0.002231 4345
0.002232 4345
0.002233 4345
0.002234 4345
0.002235 4345
0.002236 4345
0.002237 4344
0.002238 4344
0.002239 4344
0.00224 4344
0.002241 4342
0.002242 4342
0.002243 4342
0.002244 4342
0.002245 4343
0.002246 4343
0.002247 4343
0.002248 4343
0.002249 4343
0.00225 4344
0.002251 4343
0.002252 4343
0.002253 4343
0.002254 4345
0.002255 4345
0.002256 4345
0.002257 4345
0.002258 4345
0.002259 4345
0.00226 4345
0.002261 4345
0.002262 4345
0.002263 4345
0.002264 4345
0.002265 4345
0.002266 4345
0.002267 4345
0.002268 4345
0.002269 4345
0.00227 4345
0.002271 4345
0.002272 4345
0.002273 4345
0.002274 4345
0.002275 4345
0.002276 4345
0.002277 4345
0.002278 4345
0.002279 4345
0.00228 4345
0.002281 4345
0.002282 4345
0.002283 4345
0.002284 4345
0.002285 4345
0.002286 4346
0.002287 4346
0.002288 4346
0.002289 4346
0.00229 4346
0.002291 4347
0.002292 4347
0.002293 4346
0.002294 4346
0.002295 4346
0.002296 4346
0.002297 4346
0.002298 4346
0.002299 4346
0.0023 4346
0.002301 4346
0.002302 4346
0.002303 4345
0.002304 4345
0.002305 4345
0.002306 4345
0.002307 4345
0.002308 4346
0.002309 4345
0.00231 4345
0.002311 4345
0.002312 4345
0.002313 4343
0.002314 4344
0.002315 4342
0.002316 4343
0.002317 4343
0.002318 4344
0.002319 4343
0.00232 4344
0.002321 4344
0.002322 4344
0.002323 4344
0.002324 4344
0.002325 4343
0.002326 4343
0.002327 4343
0.002328 4343
0.002329 4343
0.00233 4343
0.002331 4343
0.002332 4343
0.002333 4343
0.002334 4342
0.002335 4342
0.002336 4341
0.002337 4341
0.002338 4342
0.002339 4341
0.00234 4341
0.002341 4342
0.002342 4342
0.002343 4342
0.002344 4342
0.002345 4343
0.002346 4344
0.002347 4342
0.002348 4342
0.002349 4343
0.00235 4343
0.002351 4343
0.002352 4343
0.002353 4342
0.002354 4342
0.002355 4343
0.002356 4343
0.002357 4343
0.002358 4343
0.002359 4343
0.00236 4343
0.002361 4343
0.002362 4343
0.002363 4343
0.002364 4343
0.002365 4343
0.002366 4343
0.002367 4343
0.002368 4342
0.002369 4341
0.00237 4340
0.002371 4340
0.002372 4340
0.002373 4340
0.002374 4339
0.002375 4341
0.002376 4341
0.002377 4341
0.002378 4341
0.002379 4341
0.00238 4341
0.002381 4341
0.002382 4340
0.002383 4340
0.002384 4340
0.002385 4340
0.002386 4339
0.002387 4340
0.002388 4340
0.002389 4338
0.00239 4338
0.002391 4339
0.002392 4339
0.002393 4340
0.002394 4340
0.002395 4340
0.002396 4339
0.002397 4339
0.002398 4339
0.002399 4340
0.0024 4339
0.002401 4339
0.002402 4339
0.002403 4339
0.002404 4339
0.002405 4339
0.002406 4339
0.002407 4339
0.002408 4340
0.002409 4339
0.00241 4339
0.002411 4338
0.002412 4338
0.002413 4338
0.002414 4338
0.002415 4338
0.002416 4338
0.002417 4338
0.002418 4338
0.002419 4338
0.00242 4337
0.002421 4337
0.002422 4337
0.002423 4335
0.002424 4335
0.002425 4335
0.002426 4335
0.002427 4336
0.002428 4335
0.002429 4335
0.00243 4334
0.002431 4334
0.002432 4334
0.002433 4334
0.002434 4335
0.002435 4335
0.002436 4336
0.002437 4336
0.002438 4336
0.002439 4336
0.00244 4336
0.002441 4336
0.002442 4335
0.002443 4335
0.002444 4335
0.002445 4335
0.002446 4335
0.002447 4335
0.002448 4335
0.002449 4335
0.00245 4335
0.002451 4334
0.002452 4334
0.002453 4334
0.002454 4335
0.002455 4335
0.002456 4336
0.002457 4336
0.002458 4336
0.002459 4336
0.00246 4336
0.002461 4337
0.002462 4337
0.002463 4337
0.002464 4337
0.002465 4336
0.002466 4336
0.002467 4336
0.002468 4336
0.002469 4336
0.00247 4336
0.002471 4336
0.002472 4336
0.002473 4336
0.002474 4336
0.002475 4335
0.002476 4335
0.002477 4335
0.002478 4335
0.002479 4335
0.00248 4334
0.002481 4334
0.002482 4334
0.002483 4334
0.002484 4334
0.002485 4335
0.002486 4335
0.002487 4335
0.002488 4336
0.002489 4336
0.00249 4336
0.002491 4337
0.002492 4337
0.002493 4337
0.002494 4337
0.002495 4337
0.002496 4336
0.002497 4336
0.002498 4336
0.002499 4336
0.0025 4336
0.002501 4337
0.002502 4337
0.002503 4337
0.002504 4337
0.002505 4339
0.002506 4339
0.002507 4339
0.002508 4339
0.002509 4338
0.00251 4337
0.002511 4337
0.002512 4338
0.002513 4337
0.002514 4337
0.002515 4337
0.002516 4337
0.002517 4337
0.002518 4336
0.002519 4336
0.00252 4335
0.002521 4335
0.002522 4335
0.002523 4336
0.002524 4336
0.002525 4337
0.002526 4337
0.002527 4338
0.002528 4338
0.002529 4338
0.00253 4338
0.002531 4338
0.002532 4338
0.002533 4338
0.002534 4338
0.002535 4338
0.002536 4339
0.002537 4339
0.002538 4339
0.002539 4339
0.00254 4339
0.002541 4339
0.002542 4340
0.002543 4340
0.002544 4340
0.002545 4340
0.002546 4340
0.002547 4341
0.002548 4341
0.002549 4341
0.00255 4342
0.002551 4342
0.002552 4342
0.002553 4343
0.002554 4343
0.002555 4343
0.002556 4343
0.002557 4343
0.002558 4343
0.002559 4342
0.00256 4342
0.002561 4343
0.002562 4343
0.002563 4343
0.002564 4343
0.002565 4343
0.002566 4344
0.002567 4344
0.002568 4344
0.002569 4345
0.00257 4346
0.002571 4346
0.002572 4345
0.002573 4345
0.002574 4345
0.002575 4345
0.002576 4345
0.002577 4346
0.002578 4346
0.002579 4346
0.00258 4346
0.002581 4347
0.002582 4347
0.002583 4348
0.002584 4348
0.002585 4348
0.002586 4348
0.002587 4348
0.002588 4348
0.002589 4348
0.00259 4349
0.002591 4349
0.002592 4348
0.002593 4349
0.002594 4349
0.002595 4350
0.002596 4350
0.002597 4350
0.002598 4351
0.002599 4351
0.0026 4352
0.002601 4352
0.002602 4352
0.002603 4353
0.002604 4353
0.002605 4353
0.002606 4352
0.002607 4352
0.002608 4352
0.002609 4353
0.00261 4353
0.002611 4353
0.002612 4353
0.002613 4354
0.002614 4354
0.002615 4354
0.002616 4354
0.002617 4354
0.002618 4355
0.002619 4355
0.00262 4354
0.002621 4354
0.002622 4354
0.002623 4354
0.002624 4354
0.002625 4354
0.002626 4354
0.002627 4355
0.002628 4355
0.002629 4356
0.00263 4356
0.002631 4356
0.002632 4356
0.002633 4355
0.002634 4355
0.002635 4355
0.002636 4354
0.002637 4354
0.002638 4354
0.002639 4354
0.00264 4355
0.002641 4355
0.002642 4355
0.002643 4354
0.002644 4355
0.002645 4355
0.002646 4355
0.002647 4356
0.002648 4356
0.002649 4356
0.00265 4356
0.002651 4358
0.002652 4358
0.002653 4358
0.002654 4358
0.002655 4358
0.002656 4358
0.002657 4359
0.002658 4359
0.002659 4358
0.00266 4357
0.002661 4356
0.002662 4356
0.002663 4356
0.002664 4355
0.002665 4355
0.002666 4355
0.002667 4356
0.002668 4356
0.002669 4358
0.00267 4358
0.002671 4358
0.002672 4358
0.002673 4358
0.002674 4358
0.002675 4358
0.002676 4358
0.002677 4358
0.002678 4358
0.002679 4357
0.00268 4357
0.002681 4357
0.002682 4357
0.002683 4357
0.002684 4357
0.002685 4357
0.002686 4357
0.002687 4357
0.002688 4357
0.002689 4357
0.00269 4357
0.002691 4357
0.002692 4357
0.002693 4358
0.002694 4358
0.002695 4358
0.002696 4358
0.002697 4358
0.002698 4357
0.002699 4359
0.0027 4359
0.002701 4359
0.002702 4359
0.002703 4359
0.002704 4359
0.002705 4360
0.002706 4360
0.002707 4360
0.002708 4360
0.002709 4360
0.00271 4360
0.002711 4360
0.002712 4360
0.002713 4359
0.002714 4359
0.002715 4359
0.002716 4360
0.002717 4361
0.002718 4361
0.002719 4359
0.00272 4359
0.002721 4359
0.002722 4359
0.002723 4359
0.002724 4359
0.002725 4359
0.002726 4358
0.002727 4358
0.002728 4358
0.002729 4358
0.00273 4358
0.002731 4358
0.002732 4359
0.002733 4359
0.002734 4360
0.002735 4360
0.002736 4360
0.002737 4360
0.002738 4360
0.002739 4360
0.00274 4361
0.002741 4361
0.002742 4361
0.002743 4362
0.002744 4362
0.002745 4362
0.002746 4361
0.002747 4361
0.002748 4361
0.002749 4361
0.00275 4360
0.002751 4360
0.002752 4359
0.002753 4359
0.002754 4359
0.002755 4359
0.002756 4358
0.002757 4358
0.002758 4358
0.002759 4358
0.00276 4358
0.002761 4358
0.002762 4358
0.002763 4358
0.002764 4358
0.002765 4357
0.002766 4357
0.002767 4357
0.002768 4357
0.002769 4357
0.00277 4360
0.002771 4360
0.002772 4361
0.002773 4361
0.002774 4361
0.002775 4361
0.002776 4361
0.002777 4361
0.002778 4361
0.002779 4361
0.00278 4361
0.002781 4361
0.002782 4361
0.002783 4361
0.002784 4361
0.002785 4361
0.002786 4360
0.002787 4361
0.002788 4360
0.002789 4361
0.00279 4361
0.002791 4361
0.002792 4361
0.002793 4361
0.002794 4361
0.002795 4361
0.002796 4362
0.002797 4362
0.002798 4363
0.002799 4363
0.0028 4363
0.002801 4363
0.002802 4363
0.002803 4363
0.002804 4363
0.002805 4363
0.002806 4364
0.002807 4366
0.002808 4365
0.002809 4365
0.00281 4365
0.002811 4365
0.002812 4364
0.002813 4364
0.002814 4363
0.002815 4362
0.002816 4363
0.002817 4363
0.002818 4363
0.002819 4363
0.00282 4363
0.002821 4363
0.002822 4363
0.002823 4364
0.002824 4364
0.002825 4364
0.002826 4364
0.002827 4364
0.002828 4363
0.002829 4362
0.00283 4363
0.002831 4365
0.002832 4365
0.002833 4365
0.002834 4365
0.002835 4364
0.002836 4364
0.002837 4363
0.002838 4363
0.002839 4363
0.00284 4363
0.002841 4363
0.002842 4363
0.002843 4362
0.002844 4363
0.002845 4363
0.002846 4363
0.002847 4363
0.002848 4363
0.002849 4363
0.00285 4363
0.002851 4363
0.002852 4363
0.002853 4361
0.002854 4361
0.002855 4361
0.002856 4362
0.002857 4363
0.002858 4364
0.002859 4364
0.00286 4364
0.002861 4364
0.002862 4364
0.002863 4363
0.002864 4363
0.002865 4363
0.002866 4363
0.002867 4363
0.002868 4363
0.002869 4363
0.00287 4363
0.002871 4362
0.002872 4362
0.002873 4361
0.002874 4362
0.002875 4362
0.002876 4362
0.002877 4362
0.002878 4362
0.002879 4362
0.00288 4362
0.002881 4362
0.002882 4362
0.002883 4362
0.002884 4362
0.002885 4363
0.002886 4363
0.002887 4364
0.002888 4365
0.002889 4365
0.00289 4365
0.002891 4366
0.002892 4366
0.002893 4366
0.002894 4367
0.002895 4367
0.002896 4367
0.002897 4367
0.002898 4366
0.002899 4366
0.0029 4367
0.002901 4366
0.002902 4366
0.002903 4366
0.002904 4366
0.002905 4366
0.002906 4366
0.002907 4366
0.002908 4368
0.002909 4368
0.00291 4368
0.002911 4368
0.002912 4368
0.002913 4368
0.002914 4368
0.002915 4368
0.002916 4369
0.002917 4368
0.002918 4368
0.002919 4368
0.00292 4368
0.002921 4368
0.002922 4368
0.002923 4367
0.002924 4367
0.002925 4368
0.002926 4368
0.002927 4368
0.002928 4368
0.002929 4368
0.00293 4368
0.002931 4368
0.002932 4367
0.002933 4367
0.002934 4367
0.002935 4367
0.002936 4367
0.002937 4366
0.002938 4366
0.002939 4366
0.00294 4365
0.002941 4365
0.002942 4365
0.002943 4365
0.002944 4364
0.002945 4364
0.002946 4364
0.002947 4364
0.002948 4364
0.002949 4364
0.00295 4364
0.002951 4364
0.002952 4364
0.002953 4363
0.002954 4363
0.002955 4363
0.002956 4364
0.002957 4364
0.002958 4365
0.002959 4365
0.00296 4365
0.002961 4365
0.002962 4365
0.002963 4365
0.002964 4365
0.002965 4365
0.002966 4364
0.002967 4363
0.002968 4363
0.002969 4363
0.00297 4364
0.002971 4364
0.002972 4364
0.002973 4364
0.002974 4363
0.002975 4363
0.002976 4363
0.002977 4363
0.002978 4363
0.002979 4363
0.00298 4363
0.002981 4363
0.002982 4363
0.002983 4362
0.002984 4360
0.002985 4360
0.002986 4360
0.002987 4360
0.002988 4360
0.002989 4360
0.00299 4360
0.002991 4360
0.002992 4360
0.002993 4360
0.002994 4360
0.002995 4359
0.002996 4359
0.002997 4359
0.002998 4359
0.002999 4359
0.003 4359
0.003001 4359
0.003002 4359
0.003003 4359
0.003004 4359
0.003005 4359
0.003006 4360
0.003007 4360
0.003008 4359
0.003009 4359
0.00301 4359
0.003011 4360
0.003012 4359
0.003013 4359
0.003014 4359
0.003015 4358
0.003016 4358
0.003017 4358
0.003018 4358
0.003019 4358
0.00302 4359
0.003021 4359
0.003022 4359
0.003023 4359
0.003024 4359
0.003025 4359
0.003026 4360
0.003027 4360
0.003028 4360
0.003029 4360
0.00303 4360
0.003031 4360
0.003032 4359
0.003033 4359
0.003034 4359
0.003035 4359
0.003036 4359
0.003037 4359
0.003038 4359
0.003039 4359
0.00304 4360
0.003041 4360
0.003042 4360
0.003043 4360
0.003044 4360
0.003045 4360
0.003046 4359
0.003047 4359
0.003048 4359
0.003049 4359
0.00305 4358
0.003051 4358
0.003052 4357
0.003053 4358
0.003054 4360
0.003055 4359
0.003056 4359
0.003057 4359
0.003058 4359
0.003059 4360
0.00306 4360
0.003061 4360
0.003062 4360
0.003063 4360
0.003064 4360
0.003065 4360
0.003066 4360
0.003067 4360
0.003068 4360
0.003069 4359
0.00307 4359
0.003071 4359
0.003072 4359
0.003073 4358
0.003074 4358
0.003075 4358
0.003076 4358
0.003077 4358
0.003078 4358
0.003079 4358
0.00308 4357
0.003081 4357
0.003082 4357
0.003083 4356
0.003084 4356
0.003085 4356
0.003086 4356
0.003087 4356
0.003088 4356
0.003089 4357
0.00309 4357
0.003091 4357
0.003092 4357
0.003093 4358
0.003094 4359
0.003095 4359
0.003096 4359
0.003097 4359
0.003098 4358
0.003099 4358
0.0031 4359
0.003101 4359
0.003102 4359
0.003103 4359
0.003104 4359
0.003105 4359
0.003106 4359
0.003107 4359
0.003108 4359
0.003109 4359
0.00311 4359
0.003111 4359
0.003112 4359
0.003113 4358
0.003114 4357
0.003115 4357
0.003116 4357
0.003117 4356
0.003118 4356
0.003119 4356
0.00312 4356
0.003121 4356
0.003122 4356
0.003123 4356
0.003124 4356
0.003125 4355
0.003126 4355
0.003127 4355
0.003128 4355
0.003129 4355
0.00313 4356
0.003131 4357
0.003132 4358
0.003133 4358
0.003134 4358
0.003135 4358
0.003136 4359
0.003137 4359
0.003138 4359
0.003139 4359
0.00314 4359
0.003141 4360
0.003142 4362
0.003143 4362
0.003144 4362
0.003145 4362
0.003146 4361
0.003147 4361
0.003148 4361
0.003149 4361
0.00315 4361
0.003151 4361
0.003152 4361
0.003153 4361
0.003154 4361
0.003155 4360
0.003156 4360
0.003157 4360
0.003158 4361
0.003159 4362
0.00316 4362
0.003161 4362
0.003162 4363
0.003163 4364
0.003164 4365
0.003165 4365
0.003166 4365
0.003167 4365
0.003168 4365
0.003169 4365
0.00317 4365
0.003171 4365
0.003172 4365
0.003173 4365
0.003174 4364
0.003175 4364
0.003176 4365
0.003177 4365
0.003178 4365
0.003179 4365
0.00318 4364
0.003181 4364
0.003182 4363
0.003183 4363
0.003184 4363
0.003185 4363
0.003186 4362
0.003187 4362
0.003188 4362
0.003189 4362
0.00319 4362
0.003191 4361
0.003192 4361
0.003193 4361
0.003194 4361
0.003195 4361
0.003196 4361
0.003197 4362
0.003198 4362
0.003199 4362
0.0032 4362
0.003201 4363
0.003202 4363
0.003203 4363
0.003204 4363
0.003205 4363
0.003206 4363
0.003207 4363
0.003208 4363
0.003209 4363
0.00321 4363
0.003211 4363
0.003212 4363
0.003213 4363
0.003214 4363
0.003215 4363
0.003216 4362
0.003217 4362
0.003218 4362
0.003219 4361
0.00322 4362
0.003221 4361
0.003222 4361
0.003223 4361
0.003224 4361
0.003225 4359
0.003226 4359
0.003227 4359
0.003228 4358
0.003229 4358
0.00323 4358
0.003231 4358
0.003232 4358
0.003233 4359
0.003234 4359
0.003235 4359
0.003236 4359
0.003237 4358
0.003238 4358
0.003239 4358
0.00324 4358
0.003241 4358
0.003242 4358
0.003243 4358
0.003244 4359
0.003245 4359
0.003246 4359
0.003247 4359
0.003248 4359
0.003249 4358
0.00325 4359
0.003251 4359
0.003252 4359
0.003253 4360
0.003254 4360
0.003255 4360
0.003256 4360
0.003257 4360
0.003258 4360
0.003259 4360
0.00326 4361
0.003261 4361
0.003262 4361
0.003263 4361
0.003264 4361
0.003265 4361
0.003266 4360
0.003267 4359
0.003268 4359
0.003269 4359
0.00327 4359
0.003271 4359
0.003272 4359
0.003273 4360
0.003274 4360
0.003275 4360
0.003276 4360
0.003277 4360
0.003278 4360
0.003279 4360
0.00328 4360
0.003281 4360
0.003282 4360
0.003283 4360
0.003284 4360
0.003285 4360
0.003286 4360
0.003287 4360
0.003288 4360
0.003289 4361
0.00329 4361
0.003291 4361
0.003292 4361
0.003293 4362
0.003294 4361
0.003295 4361
0.003296 4361
0.003297 4361
0.003298 4361
0.003299 4361
0.0033 4361
0.003301 4362
0.003302 4362
0.003303 4363
0.003304 4363
0.003305 4363
0.003306 4363
0.003307 4363
0.003308 4363
0.003309 4362
0.00331 4362
0.003311 4362
0.003312 4362
0.003313 4362
0.003314 4362
0.003315 4362
0.003316 4362
0.003317 4362
0.003318 4363
0.003319 4364
0.00332 4364
0.003321 4364
0.003322 4366
0.003323 4366
0.003324 4366
0.003325 4366
0.003326 4366
0.003327 4366
0.003328 4366
0.003329 4366
0.00333 4366
0.003331 4366
0.003332 4366
0.003333 4366
0.003334 4365
0.003335 4365
0.003336 4365
0.003337 4365
0.003338 4365
0.003339 4365
0.00334 4365
0.003341 4366
0.003342 4366
0.003343 4366
0.003344 4367
0.003345 4367
0.003346 4368
0.003347 4368
0.003348 4368
0.003349 4368
0.00335 4368
0.003351 4368
0.003352 4368
0.003353 4368
0.003354 4368
0.003355 4368
0.003356 4368
0.003357 4368
0.003358 4368
0.003359 4368
0.00336 4368
0.003361 4368
0.003362 4368
0.003363 4368
0.003364 4368
0.003365 4368
0.003366 4368
0.003367 4368
0.003368 4368
0.003369 4368
0.00337 4368
0.003371 4368
0.003372 4369
0.003373 4369
0.003374 4369
0.003375 4369
0.003376 4370
0.003377 4370
0.003378 4371
0.003379 4371
0.00338 4371
0.003381 4371
0.003382 4371
0.003383 4371
0.003384 4371
0.003385 4371
0.003386 4371
0.003387 4371
0.003388 4371
0.003389 4371
0.00339 4371
0.003391 4371
0.003392 4371
0.003393 4371
0.003394 4370
0.003395 4369
0.003396 4369
0.003397 4369
0.003398 4369
0.003399 4369
0.0034 4369
0.003401 4369
0.003402 4370
0.003403 4370
0.003404 4370
0.003405 4371
0.003406 4371
0.003407 4371
0.003408 4371
0.003409 4371
0.00341 4371
0.003411 4371
0.003412 4370
0.003413 4370
0.003414 4371
0.003415 4371
0.003416 4371
0.003417 4370
0.003418 4372
0.003419 4372
0.00342 4372
0.003421 4373
0.003422 4373
0.003423 4373
0.003424 4373
0.003425 4373
0.003426 4373
0.003427 4373
0.003428 4373
0.003429 4373
0.00343 4373
0.003431 4373
0.003432 4372
0.003433 4371
0.003434 4371
0.003435 4371
0.003436 4371
0.003437 4371
0.003438 4371
0.003439 4372
0.00344 4371
0.003441 4371
0.003442 4370
0.003443 4370
0.003444 4370
0.003445 4370
0.003446 4370
0.003447 4370
0.003448 4370
0.003449 4370
0.00345 4370
0.003451 4370
0.003452 4370
0.003453 4370
0.003454 4371
0.003455 4371
0.003456 4371
0.003457 4371
0.003458 4371
0.003459 4371
0.00346 4371
0.003461 4370
0.003462 4370
0.003463 4370
0.003464 4371
0.003465 4371
0.003466 4369
0.003467 4369
0.003468 4369
0.003469 4369
0.00347 4369
0.003471 4369
0.003472 4369
0.003473 4369
0.003474 4370
0.003475 4370
0.003476 4370
0.003477 4370
0.003478 4370
0.003479 4370
0.00348 4370
0.003481 4370
0.003482 4369
0.003483 4368
0.003484 4368
0.003485 4368
0.003486 4368
0.003487 4368
0.003488 4368
0.003489 4368
0.00349 4368
0.003491 4369
0.003492 4370
0.003493 4368
0.003494 4368
0.003495 4368
0.003496 4367
0.003497 4367
0.003498 4367
0.003499 4368
0.0035 4367
0.003501 4367
0.003502 4367
0.003503 4367
0.003504 4367
0.003505 4368
0.003506 4368
0.003507 4367
0.003508 4366
0.003509 4367
0.00351 4367
0.003511 4368
0.003512 4368
0.003513 4369
0.003514 4369
0.003515 4368
0.003516 4368
0.003517 4369
0.003518 4369
0.003519 4369
0.00352 4369
0.003521 4369
0.003522 4370
0.003523 4371
0.003524 4372
0.003525 4372
0.003526 4372
0.003527 4372
0.003528 4371
0.003529 4371
0.00353 4371
0.003531 4372
0.003532 4372
0.003533 4372
0.003534 4372
0.003535 4372
0.003536 4371
0.003537 4371
0.003538 4371
0.003539 4371
0.00354 4371
0.003541 4371
0.003542 4372
0.003543 4372
0.003544 4372
0.003545 4372
0.003546 4372
0.003547 4372
0.003548 4372
0.003549 4372
0.00355 4372
0.003551 4372
0.003552 4372
0.003553 4372
0.003554 4372
0.003555 4372
0.003556 4372
0.003557 4372
0.003558 4372
0.003559 4373
0.00356 4373
0.003561 4373
0.003562 4373
0.003563 4373
0.003564 4373
0.003565 4373
0.003566 4373
0.003567 4373
0.003568 4373
0.003569 4373
0.00357 4373
0.003571 4373
0.003572 4373
0.003573 4374
0.003574 4374
0.003575 4374
0.003576 4374
0.003577 4374
0.003578 4374
0.003579 4373
0.00358 4373
0.003581 4373
0.003582 4373
0.003583 4372
0.003584 4369
0.003585 4369
0.003586 4369
0.003587 4369
0.003588 4369
0.003589 4369
0.00359 4369
0.003591 4369
0.003592 4370
0.003593 4370
0.003594 4370
0.003595 4370
0.003596 4370
0.003597 4370
0.003598 4370
0.003599 4370
0.0036 4369
0.003601 4369
0.003602 4369
0.003603 4369
0.003604 4369
0.003605 4371
0.003606 4371
0.003607 4370
0.003608 4371
0.003609 4371
0.00361 4371
0.003611 4372
0.003612 4373
0.003613 4373
0.003614 4374
0.003615 4375
0.003616 4374
0.003617 4374
0.003618 4374
0.003619 4375
0.00362 4375
0.003621 4375
0.003622 4374
0.003623 4374
0.003624 4374
0.003625 4374
0.003626 4374
0.003627 4375
0.003628 4375
0.003629 4376
0.00363 4376
0.003631 4378
0.003632 4378
0.003633 4378
0.003634 4378
0.003635 4378
0.003636 4378
0.003637 4376
0.003638 4375
0.003639 4375
0.00364 4375
0.003641 4376
0.003642 4374
0.003643 4373
0.003644 4374
0.003645 4375
0.003646 4375
0.003647 4375
0.003648 4375
0.003649 4375
0.00365 4375
0.003651 4375
0.003652 4375
0.003653 4375
0.003654 4375
0.003655 4376
0.003656 4376
0.003657 4376
0.003658 4376
0.003659 4376
0.00366 4376
0.003661 4376
0.003662 4376
0.003663 4376
0.003664 4376
0.003665 4375
0.003666 4376
0.003667 4377
0.003668 4377
0.003669 4377
0.00367 4377
0.003671 4377
0.003672 4378
0.003673 4378
0.003674 4378
0.003675 4379
0.003676 4379
0.003677 4379
0.003678 4379
0.003679 4379
0.00368 4379
0.003681 4379
0.003682 4379
0.003683 4379
0.003684 4379
0.003685 4378
0.003686 4378
0.003687 4378
0.003688 4377
0.003689 4377
0.00369 4377
0.003691 4377
0.003692 4377
0.003693 4377
0.003694 4377
0.003695 4377
0.003696 4377
0.003697 4377
0.003698 4377
0.003699 4377
0.0037 4377
0.003701 4377
0.003702 4377
0.003703 4377
0.003704 4377
0.003705 4377
0.003706 4378
0.003707 4379
0.003708 4379
0.003709 4380
0.00371 4379
0.003711 4379
0.003712 4379
0.003713 4379
0.003714 4379
0.003715 4379
0.003716 4379
0.003717 4379
0.003718 4379
0.003719 4379
0.00372 4379
0.003721 4379
0.003722 4380
0.003723 4380
0.003724 4380
0.003725 4381
0.003726 4381
0.003727 4381
0.003728 4381
0.003729 4381
0.00373 4381
0.003731 4381
0.003732 4381
0.003733 4381
0.003734 4380
0.003735 4380
0.003736 4380
0.003737 4380
0.003738 4380
0.003739 4380
0.00374 4381
0.003741 4381
0.003742 4380
0.003743 4380
0.003744 4380
0.003745 4380
0.003746 4379
0.003747 4379
0.003748 4380
0.003749 4381
0.00375 4381
0.003751 4380
0.003752 4379
0.003753 4379
0.003754 4379
0.003755 4378
0.003756 4378
0.003757 4378
0.003758 4379
0.003759 4379
0.00376 4378
0.003761 4377
0.003762 4377
0.003763 4378
0.003764 4378
0.003765 4378
0.003766 4378
0.003767 4378
0.003768 4378
0.003769 4380
0.00377 4379
0.003771 4379
0.003772 4379
0.003773 4379
0.003774 4380
0.003775 4379
0.003776 4379
0.003777 4380
0.003778 4380
0.003779 4380
0.00378 4380
0.003781 4380
0.003782 4380
0.003783 4380
0.003784 4380
0.003785 4379
0.003786 4379
0.003787 4379
0.003788 4378
0.003789 4378
0.00379 4378
0.003791 4378
0.003792 4378
0.003793 4378
0.003794 4378
0.003795 4379
0.003796 4380
0.003797 4380
0.003798 4381
0.003799 4381
0.0038 4381
0.003801 4381
0.003802 4381
0.003803 4380
0.003804 4381
0.003805 4381
0.003806 4381
0.003807 4381
0.003808 4381
0.003809 4381
0.00381 4381
0.003811 4381
0.003812 4381
0.003813 4381
0.003814 4381
0.003815 4381
0.003816 4381
0.003817 4380
0.003818 4380
0.003819 4380
0.00382 4380
0.003821 4379
0.003822 4379
0.003823 4380
0.003824 4380
0.003825 4379
0.003826 4379
0.003827 4379
0.003828 4379
0.003829 4379
0.00383 4379
0.003831 4379
0.003832 4379
0.003833 4379
0.003834 4379
0.003835 4379
0.003836 4379
0.003837 4379
0.003838 4379
0.003839 4378
0.00384 4378
0.003841 4379
0.003842 4379
0.003843 4379
0.003844 4380
0.003845 4380
0.003846 4380
0.003847 4380
0.003848 4379
0.003849 4379
0.00385 4378
0.003851 4376
0.003852 4376
0.003853 4376
0.003854 4377
0.003855 4377
0.003856 4377
0.003857 4377
0.003858 4377
0.003859 4377
0.00386 4377
0.003861 4377
0.003862 4377
0.003863 4377
0.003864 4377
0.003865 4377
0.003866 4377
0.003867 4377
0.003868 4377
0.003869 4377
0.00387 4377
0.003871 4377
0.003872 4377
0.003873 4376
0.003874 4376
0.003875 4376
0.003876 4377
0.003877 4376
0.003878 4376
0.003879 4376
0.00388 4376
0.003881 4376
0.003882 4376
0.003883 4376
0.003884 4376
0.003885 4376
0.003886 4376
0.003887 4376
0.003888 4376
0.003889 4376
0.00389 4375
0.003891 4375
0.003892 4375
0.003893 4375
0.003894 4375
0.003895 4375
0.003896 4375
0.003897 4375
0.003898 4375
0.003899 4374
0.0039 4374
0.003901 4375
0.003902 4375
0.003903 4375
0.003904 4375
0.003905 4375
0.003906 4375
0.003907 4374
0.003908 4374
0.003909 4374
0.00391 4374
0.003911 4374
0.003912 4376
0.003913 4376
0.003914 4376
0.003915 4376
0.003916 4376
0.003917 4377
0.003918 4377
0.003919 4377
0.00392 4377
0.003921 4377
0.003922 4377
0.003923 4377
0.003924 4377
0.003925 4377
0.003926 4377
0.003927 4377
0.003928 4376
0.003929 4376
0.00393 4376
0.003931 4376
0.003932 4375
0.003933 4375
0.003934 4376
0.003935 4376
0.003936 4376
0.003937 4376
0.003938 4376
0.003939 4376
0.00394 4376
0.003941 4376
0.003942 4375
0.003943 4375
0.003944 4375
0.003945 4375
0.003946 4375
0.003947 4375
0.003948 4376
0.003949 4376
0.00395 4377
0.003951 4376
0.003952 4376
0.003953 4376
0.003954 4377
0.003955 4377
0.003956 4377
0.003957 4376
0.003958 4376
0.003959 4376
0.00396 4376
0.003961 4376
0.003962 4376
0.003963 4376
0.003964 4377
0.003965 4377
0.003966 4379
0.003967 4379
0.003968 4379
0.003969 4379
0.00397 4378
0.003971 4379
0.003972 4379
0.003973 4379
0.003974 4379
0.003975 4379
0.003976 4379
0.003977 4379
0.003978 4379
0.003979 4379
0.00398 4379
0.003981 4379
0.003982 4379
0.003983 4379
0.003984 4378
0.003985 4378
0.003986 4378
0.003987 4378
0.003988 4379
0.003989 4379
0.00399 4379
0.003991 4379
0.003992 4379
0.003993 4379
0.003994 4377
0.003995 4377
0.003996 4377
0.003997 4377
0.003998 4376
0.003999 4376
0.004 4376
0.004001 4377
0.004002 4377
0.004003 4378
0.004004 4379
0.004005 4379
0.004006 4379
0.004007 4380
0.004008 4380
0.004009 4381
0.00401 4381
0.004011 4382
0.004012 4382
0.004013 4382
0.004014 4382
0.004015 4382
0.004016 4383
0.004017 4384
0.004018 4384
0.004019 4384
0.00402 4383
0.004021 4383
0.004022 4381
0.004023 4381
0.004024 4381
0.004025 4381
0.004026 4382
0.004027 4381
0.004028 4381
0.004029 4381
0.00403 4381
0.004031 4382
0.004032 4382
0.004033 4382
0.004034 4382
0.004035 4382
0.004036 4382
0.004037 4382
0.004038 4382
0.004039 4381
0.00404 4382
0.004041 4382
0.004042 4382
0.004043 4382
0.004044 4382
0.004045 4383
0.004046 4382
0.004047 4382
0.004048 4383
0.004049 4383
0.00405 4383
0.004051 4382
0.004052 4382
0.004053 4382
0.004054 4383
0.004055 4383
0.004056 4383
0.004057 4383
0.004058 4383
0.004059 4384
0.00406 4384
0.004061 4384
0.004062 4385
0.004063 4386
0.004064 4386
0.004065 4386
0.004066 4386
0.004067 4386
0.004068 4386
0.004069 4386
0.00407 4386
0.004071 4386
0.004072 4385
0.004073 4385
0.004074 4385
0.004075 4386
0.004076 4386
0.004077 4386
0.004078 4386
0.004079 4386
0.00408 4386
0.004081 4386
0.004082 4386
0.004083 4386
0.004084 4387
0.004085 4387
0.004086 4387
0.004087 4387
0.004088 4388
0.004089 4389
0.00409 4389
0.004091 4389
0.004092 4389
0.004093 4390
0.004094 4390
0.004095 4390
0.004096 4390
0.004097 4389
0.004098 4389
0.004099 4389
0.0041 4389
0.004101 4389
0.004102 4389
0.004103 4389
0.004104 4388
0.004105 4388
0.004106 4388
0.004107 4387
0.004108 4387
0.004109 4388
0.00411 4388
0.004111 4387
0.004112 4387
0.004113 4387
0.004114 4388
0.004115 4388
0.004116 4388
0.004117 4388
0.004118 4388
0.004119 4389
0.00412 4389
0.004121 4390
0.004122 4391
0.004123 4391
0.004124 4391
0.004125 4392
0.004126 4392
0.004127 4392
0.004128 4392
0.004129 4391
0.00413 4391
0.004131 4391
0.004132 4391
0.004133 4392
0.004134 4392
0.004135 4391
0.004136 4391
0.004137 4392
0.004138 4392
0.004139 4392
0.00414 4392
0.004141 4392
0.004142 4391
0.004143 4391
0.004144 4391
0.004145 4391
0.004146 4391
0.004147 4391
0.004148 4391
0.004149 4391
0.00415 4391
0.004151 4391
0.004152 4391
0.004153 4391
0.004154 4392
0.004155 4392
0.004156 4392
0.004157 4392
0.004158 4391
0.004159 4391
0.00416 4391
0.004161 4391
0.004162 4391
0.004163 4391
0.004164 4391
0.004165 4392
0.004166 4392
0.004167 4392
0.004168 4391
0.004169 4390
0.00417 4391
0.004171 4391
0.004172 4391
0.004173 4391
0.004174 4392
0.004175 4392
0.004176 4393
0.004177 4393
0.004178 4393
0.004179 4393
0.00418 4393
0.004181 4393
0.004182 4393
0.004183 4392
0.004184 4392
0.004185 4392
0.004186 4391
0.004187 4391
0.004188 4391
0.004189 4391
0.00419 4391
0.004191 4391
0.004192 4391
0.004193 4391
0.004194 4391
0.004195 4390
0.004196 4391
0.004197 4391
0.004198 4390
0.004199 4390
0.0042 4390
0.004201 4390
0.004202 4390
0.004203 4390
0.004204 4390
0.004205 4390
0.004206 4390
0.004207 4390
0.004208 4391
0.004209 4391
0.00421 4391
0.004211 4392
0.004212 4392
0.004213 4392
0.004214 4392
0.004215 4391
0.004216 4391
0.004217 4391
0.004218 4391
0.004219 4391
0.00422 4391
0.004221 4393
0.004222 4392
0.004223 4392
0.004224 4392
0.004225 4392
0.004226 4392
0.004227 4392
0.004228 4392
0.004229 4392
0.00423 4391
0.004231 4392
0.004232 4392
0.004233 4392
0.004234 4392
0.004235 4392
0.004236 4392
0.004237 4392
0.004238 4392
0.004239 4391
0.00424 4391
0.004241 4391
0.004242 4390
0.004243 4390
0.004244 4390
0.004245 4389
0.004246 4389
0.004247 4389
0.004248 4389
0.004249 4390
0.00425 4391
0.004251 4391
0.004252 4391
0.004253 4391
0.004254 4391
0.004255 4391
0.004256 4391
0.004257 4391
0.004258 4391
0.004259 4392
0.00426 4392
0.004261 4392
0.004262 4392
0.004263 4393
0.004264 4391
0.004265 4390
0.004266 4390
0.004267 4390
0.004268 4389
0.004269 4389
0.00427 4389
0.004271 4389
0.004272 4390
0.004273 4389
0.004274 4389
0.004275 4387
0.004276 4387
0.004277 4387
0.004278 4387
0.004279 4388
0.00428 4388
0.004281 4388
0.004282 4388
0.004283 4388
0.004284 4388
0.004285 4388
0.004286 4389
0.004287 4389
0.004288 4388
0.004289 4388
0.00429 4388
0.004291 4390
0.004292 4390
0.004293 4390
0.004294 4390
0.004295 4391
0.004296 4390
0.004297 4391
0.004298 4391
0.004299 4391
0.0043 4390
0.004301 4390
0.004302 4390
0.004303 4389
0.004304 4389
0.004305 4389
0.004306 4389
0.004307 4389
0.004308 4389
0.004309 4389
0.00431 4390
0.004311 4390
0.004312 4390
0.004313 4391
0.004314 4391
0.004315 4391
0.004316 4392
0.004317 4392
0.004318 4392
0.004319 4393
0.00432 4393
0.004321 4393
0.004322 4393
0.004323 4393
0.004324 4393
0.004325 4393
0.004326 4392
0.004327 4392
0.004328 4393
0.004329 4393
0.00433 4393
0.004331 4393
0.004332 4393
0.004333 4392
0.004334 4392
0.004335 4393
0.004336 4393
0.004337 4393
0.004338 4393
0.004339 4392
0.00434 4392
0.004341 4393
0.004342 4393
0.004343 4393
0.004344 4393
0.004345 4393
0.004346 4393
0.004347 4393
0.004348 4393
0.004349 4394
0.00435 4394
0.004351 4394
0.004352 4396
0.004353 4396
0.004354 4395
0.004355 4394
0.004356 4394
0.004357 4394
0.004358 4395
0.004359 4395
0.00436 4394
0.004361 4394
0.004362 4394
0.004363 4394
0.004364 4394
0.004365 4394
0.004366 4394
0.004367 4394
0.004368 4393
0.004369 4393
0.00437 4393
0.004371 4393
0.004372 4393
0.004373 4393
0.004374 4393
0.004375 4393
0.004376 4393
0.004377 4392
0.004378 4391
0.004379 4392
0.00438 4392
0.004381 4392
0.004382 4392
0.004383 4392
0.004384 4392
0.004385 4392
0.004386 4392
0.004387 4392
0.004388 4392
0.004389 4392
0.00439 4393
0.004391 4393
0.004392 4393
0.004393 4393
0.004394 4393
0.004395 4394
0.004396 4394
0.004397 4394
0.004398 4394
0.004399 4394
0.0044 4393
0.004401 4393
0.004402 4393
0.004403 4394
0.004404 4394
0.004405 4393
0.004406 4392
0.004407 4392
0.004408 4392
0.004409 4392
0.00441 4392
0.004411 4392
0.004412 4392
0.004413 4392
0.004414 4392
0.004415 4394
0.004416 4394
0.004417 4394
0.004418 4395
0.004419 4395
0.00442 4395
0.004421 4395
0.004422 4394
0.004423 4394
0.004424 4395
0.004425 4396
0.004426 4396
0.004427 4396
0.004428 4396
0.004429 4396
0.00443 4396
0.004431 4396
0.004432 4396
0.004433 4397
0.004434 4397
0.004435 4397
0.004436 4397
0.004437 4397
0.004438 4397
0.004439 4397
0.00444 4398
0.004441 4398
0.004442 4398
0.004443 4399
0.004444 4399
0.004445 4400
0.004446 4400
0.004447 4400
0.004448 4400
0.004449 4401
0.00445 4402
0.004451 4402
0.004452 4402
0.004453 4401
0.004454 4401
0.004455 4401
0.004456 4401
0.004457 4401
0.004458 4401
0.004459 4401
0.00446 4401
0.004461 4401
0.004462 4401
0.004463 4401
0.004464 4401
0.004465 4401
0.004466 4402
0.004467 4402
0.004468 4402
0.004469 4402
0.00447 4402
0.004471 4402
0.004472 4402
0.004473 4402
0.004474 4402
0.004475 4401
0.004476 4401
0.004477 4401
0.004478 4402
0.004479 4403
0.00448 4403
0.004481 4403
0.004482 4403
0.004483 4403
0.004484 4403
0.004485 4403
0.004486 4403
0.004487 4404
0.004488 4404
0.004489 4403
0.00449 4404
0.004491 4405
0.004492 4405
0.004493 4406
0.004494 4406
0.004495 4407
0.004496 4407
0.004497 4406
0.004498 4406
0.004499 4406
0.0045 4406
0.004501 4406
0.004502 4407
0.004503 4406
0.004504 4406
0.004505 4406
0.004506 4406
0.004507 4405
0.004508 4405
0.004509 4406
0.00451 4406
0.004511 4406
0.004512 4405
0.004513 4405
0.004514 4405
0.004515 4405
0.004516 4405
0.004517 4406
0.004518 4406
0.004519 4406
0.00452 4405
0.004521 4405
0.004522 4405
0.004523 4405
0.004524 4405
0.004525 4404
0.004526 4404
0.004527 4404
0.004528 4405
0.004529 4404
0.00453 4404
0.004531 4404
0.004532 4404
0.004533 4404
0.004534 4403
0.004535 4403
0.004536 4403
0.004537 4403
0.004538 4403
0.004539 4403
0.00454 4403
0.004541 4402
0.004542 4402
0.004543 4401
0.004544 4402
0.004545 4403
0.004546 4403
0.004547 4403
0.004548 4404
0.004549 4404
0.00455 4403
0.004551 4403
0.004552 4403
0.004553 4403
0.004554 4404
0.004555 4404
0.004556 4404
0.004557 4404
0.004558 4404
0.004559 4404
0.00456 4404
0.004561 4404
0.004562 4404
0.004563 4404
0.004564 4404
0.004565 4404
0.004566 4404
0.004567 4404
0.004568 4403
0.004569 4403
0.00457 4403
0.004571 4402
0.004572 4402
0.004573 4401
0.004574 4401
0.004575 4401
0.004576 4400
0.004577 4400
0.004578 4400
0.004579 4400
0.00458 4400
0.004581 4399
0.004582 4399
0.004583 4399
0.004584 4400
0.004585 4400
0.004586 4400
0.004587 4400
0.004588 4400
0.004589 4400
0.00459 4400
0.004591 4399
0.004592 4399
0.004593 4399
0.004594 4399
0.004595 4399
0.004596 4398
0.004597 4398
0.004598 4398
0.004599 4398
0.0046 4398
0.004601 4398
0.004602 4398
0.004603 4398
0.004604 4398
0.004605 4398
0.004606 4398
0.004607 4398
0.004608 4398
0.004609 4397
0.00461 4398
0.004611 4398
0.004612 4398
0.004613 4398
0.004614 4398
0.004615 4398
0.004616 4398
0.004617 4398
0.004618 4399
0.004619 4399
0.00462 4399
0.004621 4400
0.004622 4400
0.004623 4400
0.004624 4400
0.004625 4400
0.004626 4400
0.004627 4400
0.004628 4400
0.004629 4400
0.00463 4400
0.004631 4400
0.004632 4399
0.004633 4399
0.004634 4400
0.004635 4400
0.004636 4400
0.004637 4400
0.004638 4399
0.004639 4399
0.00464 4398
0.004641 4399
0.004642 4399
0.004643 4399
0.004644 4398
0.004645 4397
0.004646 4397
0.004647 4398
0.004648 4397
0.004649 4397
0.00465 4397
0.004651 4397
0.004652 4397
0.004653 4398
0.004654 4398
0.004655 4399
0.004656 4399
0.004657 4399
0.004658 4399
0.004659 4399
0.00466 4400
0.004661 4400
0.004662 4399
0.004663 4399
0.004664 4399
0.004665 4398
0.004666 4397
0.004667 4397
0.004668 4397
0.004669 4397
0.00467 4397
0.004671 4397
0.004672 4397
0.004673 4397
0.004674 4397
0.004675 4397
0.004676 4397
0.004677 4397
0.004678 4397
0.004679 4397
0.00468 4397
0.004681 4397
0.004682 4397
0.004683 4397
0.004684 4396
0.004685 4396
0.004686 4396
0.004687 4396
0.004688 4396
0.004689 4397
0.00469 4396
0.004691 4395
0.004692 4395
0.004693 4397
0.004694 4397
0.004695 4397
0.004696 4398
0.004697 4398
0.004698 4399
0.004699 4399
0.0047 4399
0.004701 4399
0.004702 4399
0.004703 4399
0.004704 4400
0.004705 4400
0.004706 4400
0.004707 4400
0.004708 4400
0.004709 4401
0.00471 4401
0.004711 4401
0.004712 4401
0.004713 4401
0.004714 4401
0.004715 4401
0.004716 4401
0.004717 4402
0.004718 4403
0.004719 4403
0.00472 4403
0.004721 4402
0.004722 4402
0.004723 4402
0.004724 4402
0.004725 4402
0.004726 4402
0.004727 4402
0.004728 4402
0.004729 4402
0.00473 4402
0.004731 4402
0.004732 4403
0.004733 4403
0.004734 4403
0.004735 4403
0.004736 4403
0.004737 4403
0.004738 4403
0.004739 4403
0.00474 4403
0.004741 4404
0.004742 4403
0.004743 4402
0.004744 4405
0.004745 4405
0.004746 4405
0.004747 4405
0.004748 4405
0.004749 4405
0.00475 4404
0.004751 4403
0.004752 4403
0.004753 4403
0.004754 4405
0.004755 4405
0.004756 4405
0.004757 4405
0.004758 4405
0.004759 4405
0.00476 4405
0.004761 4405
0.004762 4406
0.004763 4406
0.004764 4406
0.004765 4406
0.004766 4406
0.004767 4406
0.004768 4406
0.004769 4406
0.00477 4407
0.004771 4407
0.004772 4408
0.004773 4408
0.004774 4408
0.004775 4408
0.004776 4408
0.004777 4408
0.004778 4408
0.004779 4408
0.00478 4408
0.004781 4408
0.004782 4408
0.004783 4408
0.004784 4407
0.004785 4407
0.004786 4408
0.004787 4408
0.004788 4408
0.004789 4407
0.00479 4407
0.004791 4407
0.004792 4406
0.004793 4406
0.004794 4406
0.004795 4406
0.004796 4408
0.004797 4407
0.004798 4407
0.004799 4407
0.0048 4408
0.004801 4408
0.004802 4408
0.004803 4407
0.004804 4408
0.004805 4408
0.004806 4409
0.004807 4409
0.004808 4409
0.004809 4409
0.00481 4409
0.004811 4409
0.004812 4409
0.004813 4409
0.004814 4409
0.004815 4409
0.004816 4409
0.004817 4407
0.004818 4407
0.004819 4408
0.00482 4408
0.004821 4408
0.004822 4408
0.004823 4408
0.004824 4408
0.004825 4408
0.004826 4408
0.004827 4408
0.004828 4408
0.004829 4408
0.00483 4408
0.004831 4408
0.004832 4408
0.004833 4408
0.004834 4408
0.004835 4408
0.004836 4408
0.004837 4408
0.004838 4409
0.004839 4409
0.00484 4409
0.004841 4410
0.004842 4409
0.004843 4409
0.004844 4408
0.004845 4408
0.004846 4408
0.004847 4408
0.004848 4408
0.004849 4408
0.00485 4407
0.004851 4407
0.004852 4407
0.004853 4407
0.004854 4407
0.004855 4407
0.004856 4407
0.004857 4407
0.004858 4406
0.004859 4406
0.00486 4406
0.004861 4407
0.004862 4407
0.004863 4408
0.004864 4408
0.004865 4408
0.004866 4408
0.004867 4409
0.004868 4409
0.004869 4409
0.00487 4409
0.004871 4408
0.004872 4408
0.004873 4408
0.004874 4407
0.004875 4407
0.004876 4407
0.004877 4407
0.004878 4407
0.004879 4406
0.00488 4406
0.004881 4406
0.004882 4406
0.004883 4406
0.004884 4406
0.004885 4406
0.004886 4406
0.004887 4406
0.004888 4406
0.004889 4406
0.00489 4406
0.004891 4406
0.004892 4406
0.004893 4406
0.004894 4405
0.004895 4405
0.004896 4405
0.004897 4405
0.004898 4405
0.004899 4405
0.0049 4404
0.004901 4404
0.004902 4403
0.004903 4403
0.004904 4403
0.004905 4403
0.004906 4403
0.004907 4401
0.004908 4401
0.004909 4401
0.00491 4401
0.004911 4401
0.004912 4401
0.004913 4400
0.004914 4400
0.004915 4400
0.004916 4400
0.004917 4400
0.004918 4400
0.004919 4400
0.00492 4400
0.004921 4400
0.004922 4400
0.004923 4401
0.004924 4401
0.004925 4401
0.004926 4401
0.004927 4401
0.004928 4401
0.004929 4401
0.00493 4402
0.004931 4402
0.004932 4402
0.004933 4403
0.004934 4403
0.004935 4403
0.004936 4403
0.004937 4404
0.004938 4404
0.004939 4404
0.00494 4404
0.004941 4404
0.004942 4404
0.004943 4404
0.004944 4404
0.004945 4404
0.004946 4404
0.004947 4405
0.004948 4405
0.004949 4406
0.00495 4406
0.004951 4407
0.004952 4407
0.004953 4407
0.004954 4407
0.004955 4407
0.004956 4407
0.004957 4407
0.004958 4407
0.004959 4408
0.00496 4408
0.004961 4408
0.004962 4408
0.004963 4408
0.004964 4408
0.004965 4408
0.004966 4408
0.004967 4408
0.004968 4408
0.004969 4408
0.00497 4408
0.004971 4408
0.004972 4408
0.004973 4410
0.004974 4410
0.004975 4410
0.004976 4410
0.004977 4410
0.004978 4410
0.004979 4409
0.00498 4409
0.004981 4409
0.004982 4409
0.004983 4409
0.004984 4409
0.004985 4409
0.004986 4409
0.004987 4409
0.004988 4410
0.004989 4410
0.00499 4410
0.004991 4410
0.004992 4410
0.004993 4411
0.004994 4411
0.004995 4411
0.004996 4410
0.004997 4410
0.004998 4410
0.004999 4410
0.005 4410
