0 401
1e-06 403
2e-06 405
3e-06 408
4e-06 413
5e-06 416
6e-06 419
7e-06 423
8e-06 425
9e-06 426
1e-05 428
1.1e-05 432
1.2e-05 438
1.3e-05 444
1.4e-05 446
1.5e-05 447
1.6e-05 449
1.7e-05 451
1.8e-05 455
1.9e-05 459
2e-05 464
2.1e-05 465
2.2e-05 467
2.3e-05 467
2.4e-05 472
2.5e-05 475
2.6e-05 477
2.7e-05 482
2.8e-05 483
2.9e-05 484
3e-05 484
3.1e-05 484
3.2e-05 486
3.3e-05 487
3.4e-05 492
3.5e-05 493
3.6e-05 499
3.7e-05 499
3.8e-05 502
3.9e-05 505
4e-05 508
4.1e-05 508
4.2e-05 512
4.3e-05 512
4.4e-05 515
4.5e-05 517
4.6e-05 520
4.7e-05 521
4.8e-05 526
4.9e-05 525
5e-05 526
5.1e-05 529
5.2e-05 532
5.3e-05 532
5.4e-05 535
5.5e-05 535
5.6e-05 535
5.7e-05 538
5.8e-05 539
5.9e-05 540
6e-05 543
6.1e-05 546
6.2e-05 548
6.3e-05 548
6.4e-05 553
6.5e-05 555
6.6e-05 557
6.7e-05 562
6.8e-05 562
6.9e-05 566
7e-05 568
7.1e-05 569
7.2e-05 571
7.3e-05 572
7.4e-05 573
7.5e-05 574
7.6e-05 579
7.7e-05 580
7.8e-05 581
7.9e-05 586
8e-05 589
8.1e-05 591
8.2e-05 592
8.3e-05 595
8.4e-05 595
8.5e-05 596
8.6e-05 600
8.7e-05 602
8.8e-05 604
8.9e-05 606
9e-05 608
9.1e-05 611
9.2e-05 613
9.3e-05 616
9.4e-05 621
9.5e-05 622
9.6e-05 623
9.7e-05 626
9.8e-05 627
9.9e-05 631
0.0001 632
0.000101 632
0.000102 633
0.000103 634
0.000104 636
0.000105 637
0.000106 641
0.000107 642
0.000108 645
0.000109 648
0.00011 649
0.000111 651
0.000112 652
0.000113 653
0.000114 654
0.000115 655
0.000116 658
0.000117 663
0.000118 664
0.000119 665
0.00012 669
0.000121 669
0.000122 670
0.000123 670
0.000124 674
0.000125 674
0.000126 675
0.000127 678
0.000128 683
0.000129 683
0.00013 685
0.000131 688
0.000132 690
0.000133 693
0.000134 694
0.000135 695
0.000136 698
0.000137 700
0.000138 702
0.000139 702
0.00014 702
0.000141 704
0.000142 704
0.000143 704
0.000144 705
0.000145 707
0.000146 708
0.000147 710
0.000148 710
0.000149 709
0.00015 708
0.000151 709
0.000152 710
0.000153 710
0.000154 711
0.000155 711
0.000156 713
0.000157 715
0.000158 716
0.000159 719
0.00016 720
0.000161 722
0.000162 725
0.000163 728
0.000164 730
0.000165 731
0.000166 731
0.000167 733
0.000168 733
0.000169 734
0.00017 736
0.000171 738
0.000172 739
0.000173 740
0.000174 741
0.000175 741
0.000176 742
0.000177 743
0.000178 743
0.000179 743
0.00018 744
0.000181 747
0.000182 750
0.000183 752
0.000184 753
0.000185 753
0.000186 754
0.000187 754
0.000188 756
0.000189 757
0.00019 758
0.000191 760
0.000192 762
0.000193 763
0.000194 763
0.000195 764
0.000196 765
0.000197 769
0.000198 770
0.000199 771
0.0002 772
0.000201 772
0.000202 774
0.000203 775
0.000204 775
0.000205 776
0.000206 777
0.000207 778
0.000208 779
0.000209 779
0.00021 780
0.000211 780
0.000212 780
0.000213 781
0.000214 784
0.000215 785
0.000216 784
0.000217 784
0.000218 784
0.000219 786
0.00022 786
0.000221 787
0.000222 787
0.000223 787
0.000224 788
0.000225 788
0.000226 789
0.000227 789
0.000228 789
0.000229 791
0.00023 795
0.000231 796
0.000232 798
0.000233 798
0.000234 798
0.000235 800
0.000236 801
0.000237 802
0.000238 803
0.000239 805
0.00024 806
0.000241 806
0.000242 806
0.000243 808
0.000244 808
0.000245 809
0.000246 809
0.000247 810
0.000248 810
0.000249 811
0.00025 812
0.000251 814
0.000252 814
0.000253 814
0.000254 817
0.000255 817
0.000256 817
0.000257 817
0.000258 822
0.000259 822
0.00026 822
0.000261 824
0.000262 825
0.000263 826
0.000264 829
0.000265 829
0.000266 829
0.000267 829
0.000268 829
0.000269 830
0.00027 831
0.000271 831
0.000272 831
0.000273 832
0.000274 832
0.000275 831
0.000276 832
0.000277 832
0.000278 832
0.000279 834
0.00028 837
0.000281 838
0.000282 838
0.000283 839
0.000284 839
0.000285 840
0.000286 841
0.000287 841
0.000288 841
0.000289 841
0.00029 841
0.000291 842
0.000292 844
0.000293 844
0.000294 845
0.000295 846
0.000296 846
0.000297 847
0.000298 849
0.000299 849
0.0003 849
0.000301 849
0.000302 850
0.000303 850
0.000304 851
0.000305 852
0.000306 852
0.000307 857
0.000308 857
0.000309 857
0.00031 857
0.000311 858
0.000312 859
0.000313 859
0.000314 859
0.000315 858
0.000316 858
0.000317 859
0.000318 860
0.000319 860
0.00032 860
0.000321 860
0.000322 860
0.000323 860
0.000324 859
0.000325 858
0.000326 859
0.000327 860
0.000328 860
0.000329 860
0.00033 860
0.000331 860
0.000332 860
0.000333 860
0.000334 860
0.000335 860
0.000336 860
0.000337 860
0.000338 859
0.000339 859
0.00034 859
0.000341 860
0.000342 861
0.000343 863
0.000344 864
0.000345 865
0.000346 866
0.000347 866
0.000348 866
0.000349 867
0.00035 869
0.000351 869
0.000352 869
0.000353 870
0.000354 870
0.000355 870
0.000356 871
0.000357 872
0.000358 872
0.000359 872
0.00036 872
0.000361 873
0.000362 872
0.000363 873
0.000364 875
0.000365 876
0.000366 875
0.000367 875
0.000368 874
0.000369 874
0.00037 876
0.000371 876
0.000372 876
0.000373 876
0.000374 875
0.000375 875
0.000376 875
0.000377 875
0.000378 875
0.000379 875
0.00038 875
0.000381 877
0.000382 877
0.000383 878
0.000384 879
0.000385 879
0.000386 879
0.000387 880
0.000388 881
0.000389 881
0.00039 883
0.000391 883
0.000392 883
0.000393 883
0.000394 883
0.000395 883
0.000396 884
0.000397 884
0.000398 884
0.000399 884
0.0004 884
0.000401 884
0.000402 885
0.000403 885
0.000404 884
0.000405 884
0.000406 884
0.000407 885
0.000408 885
0.000409 885
0.00041 885
0.000411 885
0.000412 885
0.000413 886
0.000414 886
0.000415 885
0.000416 885
0.000417 885
0.000418 885
0.000419 887
0.00042 886
0.000421 887
0.000422 887
0.000423 887
0.000424 888
0.000425 889
0.000426 889
0.000427 890
0.000428 890
0.000429 892
0.00043 893
0.000431 893
0.000432 893
0.000433 893
0.000434 893
0.000435 893
0.000436 893
0.000437 893
0.000438 894
0.000439 894
0.00044 894
0.000441 893
0.000442 893
0.000443 892
0.000444 892
0.000445 892
0.000446 892
0.000447 892
0.000448 892
0.000449 892
0.00045 892
0.000451 893
0.000452 892
0.000453 892
0.000454 893
0.000455 893
0.000456 892
0.000457 891
0.000458 891
0.000459 891
0.00046 892
0.000461 892
0.000462 892
0.000463 893
0.000464 893
0.000465 893
0.000466 893
0.000467 893
0.000468 893
0.000469 893
0.00047 893
0.000471 893
0.000472 894
0.000473 894
0.000474 893
0.000475 893
0.000476 893
0.000477 893
0.000478 893
0.000479 893
0.00048 893
0.000481 893
0.000482 893
0.000483 893
0.000484 893
0.000485 893
0.000486 892
0.000487 892
0.000488 892
0.000489 892
0.00049 893
0.000491 893
0.000492 894
0.000493 894
0.000494 894
0.000495 895
0.000496 896
0.000497 896
0.000498 896
0.000499 896
0.0005 896
0.000501 896
0.000502 896
0.000503 898
0.000504 898
0.000505 898
0.000506 898
0.000507 898
0.000508 898
0.000509 898
0.00051 898
0.000511 898
0.000512 898
0.000513 898
0.000514 898
0.000515 898
0.000516 899
0.000517 898
0.000518 899
0.000519 899
0.00052 899
0.000521 899
0.000522 900
0.000523 899
0.000524 899
0.000525 898
0.000526 899
0.000527 899
0.000528 899
0.000529 899
0.00053 900
0.000531 900
0.000532 901
0.000533 901
0.000534 901
0.000535 901
0.000536 901
0.000537 901
0.000538 901
0.000539 902
0.00054 902
0.000541 902
0.000542 903
0.000543 903
0.000544 903
0.000545 902
0.000546 902
0.000547 902
0.000548 902
0.000549 902
0.00055 902
0.000551 903
0.000552 903
0.000553 903
0.000554 904
0.000555 905
0.000556 905
0.000557 905
0.000558 905
0.000559 906
0.00056 909
0.000561 908
0.000562 908
0.000563 909
0.000564 909
0.000565 909
0.000566 910
0.000567 911
0.000568 911
0.000569 911
0.00057 912
0.000571 912
0.000572 912
0.000573 911
0.000574 912
0.000575 912
0.000576 912
0.000577 913
0.000578 914
0.000579 915
0.00058 915
0.000581 915
0.000582 915
0.000583 915
0.000584 915
0.000585 916
0.000586 916
0.000587 916
0.000588 916
0.000589 916
0.00059 917
0.000591 917
0.000592 917
0.000593 917
0.000594 917
0.000595 917
0.000596 917
0.000597 917
0.000598 918
0.000599 918
0.0006 918
0.000601 918
0.000602 919
0.000603 919
0.000604 919
0.000605 919
0.000606 921
0.000607 921
0.000608 921
0.000609 921
0.00061 922
0.000611 922
0.000612 923
0.000613 923
0.000614 923
0.000615 923
0.000616 923
0.000617 923
0.000618 923
0.000619 923
0.00062 924
0.000621 924
0.000622 924
0.000623 925
0.000624 926
0.000625 926
0.000626 926
0.000627 926
0.000628 925
0.000629 925
0.00063 925
0.000631 925
0.000632 925
0.000633 925
0.000634 924
0.000635 923
0.000636 923
0.000637 923
0.000638 923
0.000639 923
0.00064 924
0.000641 924
0.000642 924
0.000643 924
0.000644 924
0.000645 924
0.000646 923
0.000647 923
0.000648 922
0.000649 922
0.00065 923
0.000651 923
0.000652 923
0.000653 923
0.000654 923
0.000655 923
0.000656 923
0.000657 923
0.000658 923
0.000659 923
0.00066 923
0.000661 923
0.000662 923
0.000663 924
0.000664 924
0.000665 925
0.000666 925
0.000667 926
0.000668 926
0.000669 926
0.00067 927
0.000671 927
0.000672 927
0.000673 927
0.000674 927
0.000675 927
0.000676 928
0.000677 928
0.000678 928
0.000679 929
0.00068 929
0.000681 929
0.000682 928
0.000683 928
0.000684 929
0.000685 929
0.000686 929
0.000687 929
0.000688 929
0.000689 929
0.00069 929
0.000691 929
0.000692 929
0.000693 929
0.000694 929
0.000695 929
0.000696 928
0.000697 927
0.000698 927
0.000699 927
0.0007 927
0.000701 927
0.000702 927
0.000703 926
0.000704 926
0.000705 926
0.000706 926
0.000707 926
0.000708 926
0.000709 926
0.00071 926
0.000711 926
0.000712 926
0.000713 925
0.000714 925
0.000715 925
0.000716 925
0.000717 925
0.000718 925
0.000719 926
0.00072 927
0.000721 926
0.000722 926
0.000723 926
0.000724 926
0.000725 926
0.000726 926
0.000727 926
0.000728 926
0.000729 926
0.00073 926
0.000731 926
0.000732 927
0.000733 927
0.000734 927
0.000735 927
0.000736 927
0.000737 927
0.000738 927
0.000739 928
0.00074 928
0.000741 928
0.000742 928
0.000743 928
0.000744 928
0.000745 928
0.000746 928
0.000747 928
0.000748 928
0.000749 928
0.00075 928
0.000751 928
0.000752 928
0.000753 928
0.000754 926
0.000755 927
0.000756 927
0.000757 927
0.000758 927
0.000759 927
0.00076 927
0.000761 927
0.000762 927
0.000763 927
0.000764 927
0.000765 927
0.000766 926
0.000767 926
0.000768 926
0.000769 926
0.00077 926
0.000771 926
0.000772 926
0.000773 926
0.000774 926
0.000775 926
0.000776 926
0.000777 926
0.000778 927
0.000779 927
0.00078 927
0.000781 928
0.000782 928
0.000783 929
0.000784 928
0.000785 928
0.000786 929
0.000787 930
0.000788 930
0.000789 930
0.00079 930
0.000791 930
0.000792 930
0.000793 930
0.000794 930
0.000795 931
0.000796 931
0.000797 931
0.000798 931
0.000799 931
0.0008 932
0.000801 932
0.000802 932
0.000803 932
0.000804 932
0.000805 933
0.000806 933
0.000807 933
0.000808 933
0.000809 933
0.00081 933
0.000811 933
0.000812 934
0.000813 935
0.000814 935
0.000815 935
0.000816 935
0.000817 935
0.000818 935
0.000819 935
0.00082 935
0.000821 935
0.000822 934
0.000823 934
0.000824 933
0.000825 933
0.000826 933
0.000827 933
0.000828 934
0.000829 934
0.00083 934
0.000831 934
0.000832 934
0.000833 934
0.000834 934
0.000835 934
0.000836 934
0.000837 934
0.000838 934
0.000839 934
0.00084 934
0.000841 935
0.000842 935
0.000843 935
0.000844 935
0.000845 935
0.000846 935
0.000847 935
0.000848 935
0.000849 935
0.00085 935
0.000851 935
0.000852 935
0.000853 935
0.000854 935
0.000855 935
0.000856 935
0.000857 935
0.000858 935
0.000859 935
0.00086 935
0.000861 935
0.000862 935
0.000863 935
0.000864 935
0.000865 935
0.000866 934
0.000867 935
0.000868 935
0.000869 935
0.00087 934
0.000871 934
0.000872 934
0.000873 933
0.000874 933
0.000875 933
0.000876 934
0.000877 934
0.000878 935
0.000879 936
0.00088 935
0.000881 936
0.000882 937
0.000883 937
0.000884 937
0.000885 937
0.000886 937
0.000887 937
0.000888 937
0.000889 937
0.00089 937
0.000891 937
0.000892 937
0.000893 937
0.000894 937
0.000895 937
0.000896 937
0.000897 937
0.000898 937
0.000899 937
0.0009 937
0.000901 937
0.000902 937
0.000903 937
0.000904 938
0.000905 938
0.000906 939
0.000907 937
0.000908 937
0.000909 937
0.00091 937
0.000911 937
0.000912 937
0.000913 938
0.000914 938
0.000915 938
0.000916 938
0.000917 938
0.000918 938
0.000919 938
0.00092 938
0.000921 938
0.000922 938
0.000923 938
0.000924 938
0.000925 938
0.000926 938
0.000927 938
0.000928 938
0.000929 938
0.00093 938
0.000931 938
0.000932 938
0.000933 939
0.000934 940
0.000935 940
0.000936 940
0.000937 940
0.000938 940
0.000939 940
0.00094 940
0.000941 940
0.000942 940
0.000943 940
0.000944 940
0.000945 939
0.000946 939
0.000947 938
0.000948 938
0.000949 938
0.00095 938
0.000951 938
0.000952 938
0.000953 938
0.000954 938
0.000955 938
0.000956 938
0.000957 938
0.000958 937
0.000959 937
0.00096 936
0.000961 936
0.000962 936
0.000963 936
0.000964 936
0.000965 936
0.000966 936
0.000967 936
0.000968 936
0.000969 936
0.00097 936
0.000971 936
0.000972 936
0.000973 936
0.000974 936
0.000975 936
0.000976 936
0.000977 936
0.000978 936
0.000979 936
0.00098 936
0.000981 936
0.000982 936
0.000983 936
0.000984 935
0.000985 935
0.000986 935
0.000987 935
0.000988 935
0.000989 935
0.00099 935
0.000991 935
0.000992 935
0.000993 935
0.000994 935
0.000995 935
0.000996 935
0.000997 935
0.000998 934
0.000999 934
0.001 934
0.001001 934
0.001002 934
0.001003 934
0.001004 934
0.001005 934
0.001006 934
0.001007 934
0.001008 934
0.001009 934
0.00101 934
0.001011 934
0.001012 934
0.001013 934
0.001014 934
0.001015 934
0.001016 934
0.001017 934
0.001018 934
0.001019 934
0.00102 934
0.001021 934
0.001022 934
0.001023 934
0.001024 934
0.001025 934
0.001026 934
0.001027 933
0.001028 933
0.001029 932
0.00103 932
0.001031 932
0.001032 932
0.001033 931
0.001034 931
0.001035 931
0.001036 931
0.001037 931
0.001038 931
0.001039 931
0.00104 930
0.001041 930
0.001042 931
0.001043 931
0.001044 932
0.001045 932
0.001046 932
0.001047 932
0.001048 932
0.001049 932
0.00105 932
0.001051 932
0.001052 932
0.001053 932
0.001054 932
0.001055 933
0.001056 932
0.001057 932
0.001058 932
0.001059 932
0.00106 932
0.001061 932
0.001062 932
0.001063 932
0.001064 932
0.001065 932
0.001066 932
0.001067 932
0.001068 932
0.001069 932
0.00107 932
0.001071 932
0.001072 932
0.001073 932
0.001074 932
0.001075 932
0.001076 932
0.001077 932
0.001078 932
0.001079 932
0.00108 931
0.001081 931
0.001082 931
0.001083 931
0.001084 931
0.001085 931
0.001086 931
0.001087 931
0.001088 931
0.001089 931
0.00109 932
0.001091 932
0.001092 932
0.001093 932
0.001094 932
0.001095 932
0.001096 932
0.001097 931
0.001098 931
0.001099 931
0.0011 931
0.001101 931
0.001102 931
0.001103 931
0.001104 931
0.001105 931
0.001106 931
0.001107 931
0.001108 931
0.001109 931
0.00111 930
0.001111 930
0.001112 930
0.001113 930
0.001114 930
0.001115 930
0.001116 930
0.001117 930
0.001118 930
0.001119 930
0.00112 930
0.001121 930
0.001122 930
0.001123 930
0.001124 930
0.001125 930
0.001126 930
0.001127 930
0.001128 929
0.001129 929
0.00113 929
0.001131 929
0.001132 929
0.001133 929
0.001134 929
0.001135 929
0.001136 929
0.001137 929
0.001138 929
0.001139 929
0.00114 928
0.001141 928
0.001142 927
0.001143 927
0.001144 927
0.001145 927
0.001146 927
0.001147 927
0.001148 927
0.001149 927
0.00115 927
0.001151 927
0.001152 927
0.001153 927
0.001154 927
0.001155 927
0.001156 927
0.001157 927
0.001158 927
0.001159 927
0.00116 927
0.001161 928
0.001162 929
0.001163 929
0.001164 929
0.001165 929
0.001166 929
0.001167 929
0.001168 928
0.001169 928
0.00117 929
0.001171 929
0.001172 929
0.001173 929
0.001174 929
0.001175 929
0.001176 929
0.001177 929
0.001178 929
0.001179 929
0.00118 929
0.001181 929
0.001182 929
0.001183 930
0.001184 930
0.001185 930
0.001186 930
0.001187 930
0.001188 930
0.001189 930
0.00119 930
0.001191 930
0.001192 930
0.001193 930
0.001194 930
0.001195 930
0.001196 930
0.001197 930
0.001198 930
0.001199 930
0.0012 930
0.001201 930
0.001202 930
0.001203 930
0.001204 930
0.001205 930
0.001206 930
0.001207 929
0.001208 929
0.001209 929
0.00121 930
0.001211 930
0.001212 930
0.001213 930
0.001214 930
0.001215 930
0.001216 930
0.001217 930
0.001218 930
0.001219 930
0.00122 930
0.001221 930
0.001222 930
0.001223 930
0.001224 929
0.001225 929
0.001226 930
0.001227 930
0.001228 929
0.001229 930
0.00123 930
0.001231 930
0.001232 930
0.001233 930
0.001234 930
0.001235 930
0.001236 930
0.001237 930
0.001238 929
0.001239 929
0.00124 929
0.001241 929
0.001242 929
0.001243 929
0.001244 929
0.001245 929
0.001246 929
0.001247 929
0.001248 929
0.001249 929
0.00125 929
0.001251 928
0.001252 928
0.001253 928
0.001254 928
0.001255 928
0.001256 928
0.001257 927
0.001258 927
0.001259 927
0.00126 928
0.001261 928
0.001262 929
0.001263 929
0.001264 929
0.001265 929
0.001266 928
0.001267 928
0.001268 928
0.001269 928
0.00127 929
0.001271 929
0.001272 929
0.001273 929
0.001274 929
0.001275 929
0.001276 929
0.001277 927
0.001278 927
0.001279 927
0.00128 927
0.001281 927
0.001282 927
0.001283 927
0.001284 927
0.001285 927
0.001286 927
0.001287 927
0.001288 927
0.001289 927
0.00129 927
0.001291 927
0.001292 927
0.001293 927
0.001294 927
0.001295 927
0.001296 927
0.001297 927
0.001298 927
0.001299 927
0.0013 927
0.001301 927
0.001302 927
0.001303 927
0.001304 927
0.001305 927
0.001306 927
0.001307 927
0.001308 927
0.001309 927
0.00131 927
0.001311 927
0.001312 927
0.001313 927
0.001314 927
0.001315 929
0.001316 930
0.001317 930
0.001318 930
0.001319 930
0.00132 930
0.001321 930
0.001322 929
0.001323 929
0.001324 929
0.001325 929
0.001326 929
0.001327 929
0.001328 929
0.001329 929
0.00133 929
0.001331 929
0.001332 929
0.001333 929
0.001334 929
0.001335 929
0.001336 929
0.001337 929
0.001338 929
0.001339 929
0.00134 929
0.001341 929
0.001342 929
0.001343 929
0.001344 929
0.001345 930
0.001346 930
0.001347 930
0.001348 930
0.001349 930
0.00135 930
0.001351 931
0.001352 932
0.001353 932
0.001354 932
0.001355 932
0.001356 932
0.001357 932
0.001358 932
0.001359 932
0.00136 932
0.001361 932
0.001362 932
0.001363 932
0.001364 932
0.001365 932
0.001366 932
0.001367 932
0.001368 932
0.001369 932
0.00137 932
0.001371 932
0.001372 932
0.001373 932
0.001374 932
0.001375 932
0.001376 932
0.001377 932
0.001378 932
0.001379 932
0.00138 932
0.001381 932
0.001382 932
0.001383 932
0.001384 932
0.001385 932
0.001386 932
0.001387 932
0.001388 932
0.001389 932
0.00139 932
0.001391 932
0.001392 933
0.001393 933
0.001394 933
0.001395 933
0.001396 933
0.001397 933
0.001398 933
0.001399 933
0.0014 933
0.001401 933
0.001402 933
0.001403 933
0.001404 933
0.001405 933
0.001406 933
0.001407 934
0.001408 934
0.001409 933
0.00141 933
0.001411 933
0.001412 933
0.001413 933
0.001414 933
0.001415 933
0.001416 933
0.001417 933
0.001418 933
0.001419 933
0.00142 933
0.001421 933
0.001422 933
0.001423 933
0.001424 933
0.001425 933
0.001426 933
0.001427 933
0.001428 933
0.001429 933
0.00143 933
0.001431 933
0.001432 933
0.001433 933
0.001434 933
0.001435 932
0.001436 932
0.001437 932
0.001438 932
0.001439 931
0.00144 932
0.001441 932
0.001442 932
0.001443 932
0.001444 932
0.001445 932
0.001446 932
0.001447 932
0.001448 932
0.001449 932
0.00145 932
0.001451 932
0.001452 932
0.001453 932
0.001454 931
0.001455 931
0.001456 931
0.001457 931
0.001458 932
0.001459 932
0.00146 932
0.001461 932
0.001462 932
0.001463 932
0.001464 932
0.001465 932
0.001466 932
0.001467 932
0.001468 932
0.001469 932
0.00147 933
0.001471 933
0.001472 933
0.001473 933
0.001474 933
0.001475 934
0.001476 935
0.001477 935
0.001478 935
0.001479 935
0.00148 935
0.001481 935
0.001482 935
0.001483 935
0.001484 935
0.001485 935
0.001486 935
0.001487 935
0.001488 935
0.001489 935
0.00149 935
0.001491 935
0.001492 935
0.001493 935
0.001494 935
0.001495 935
0.001496 935
0.001497 935
0.001498 936
0.001499 936
0.0015 936
0.001501 936
0.001502 936
0.001503 936
0.001504 936
0.001505 936
0.001506 936
0.001507 936
0.001508 936
0.001509 936
0.00151 936
0.001511 936
0.001512 936
0.001513 936
0.001514 936
0.001515 936
0.001516 936
0.001517 936
0.001518 935
0.001519 935
0.00152 935
0.001521 935
0.001522 935
0.001523 935
0.001524 935
0.001525 936
0.001526 936
0.001527 936
0.001528 936
0.001529 936
0.00153 936
0.001531 936
0.001532 936
0.001533 936
0.001534 936
0.001535 935
0.001536 935
0.001537 935
0.001538 935
0.001539 935
0.00154 935
0.001541 935
0.001542 935
0.001543 934
0.001544 934
0.001545 934
0.001546 933
0.001547 933
0.001548 934
0.001549 934
0.00155 933
0.001551 933
0.001552 933
0.001553 933
0.001554 933
0.001555 934
0.001556 934
0.001557 934
0.001558 934
0.001559 934
0.00156 934
0.001561 934
0.001562 934
0.001563 934
0.001564 934
0.001565 934
0.001566 934
0.001567 934
0.001568 934
0.001569 933
0.00157 933
0.001571 933
0.001572 933
0.001573 933
0.001574 933
0.001575 932
0.001576 932
0.001577 932
0.001578 932
0.001579 932
0.00158 931
0.001581 931
0.001582 931
0.001583 931
0.001584 931
0.001585 931
0.001586 931
0.001587 931
0.001588 931
0.001589 931
0.00159 931
0.001591 930
0.001592 930
0.001593 929
0.001594 929
0.001595 928
0.001596 928
0.001597 928
0.001598 928
0.001599 928
0.0016 928
0.001601 928
0.001602 928
0.001603 928
0.001604 928
0.001605 928
0.001606 928
0.001607 928
0.001608 928
0.001609 928
0.00161 929
0.001611 928
0.001612 928
0.001613 928
0.001614 928
0.001615 928
0.001616 928
0.001617 928
0.001618 928
0.001619 928
0.00162 928
0.001621 927
0.001622 927
0.001623 927
0.001624 927
0.001625 927
0.001626 927
0.001627 927
0.001628 927
0.001629 927
0.00163 927
0.001631 927
0.001632 927
0.001633 927
0.001634 927
0.001635 927
0.001636 927
0.001637 927
0.001638 927
0.001639 927
0.00164 927
0.001641 927
0.001642 927
0.001643 927
0.001644 927
0.001645 926
0.001646 926
0.001647 926
0.001648 926
0.001649 927
0.00165 927
0.001651 927
0.001652 928
0.001653 928
0.001654 928
0.001655 928
0.001656 928
0.001657 928
0.001658 928
0.001659 928
0.00166 928
0.001661 928
0.001662 928
0.001663 928
0.001664 928
0.001665 928
0.001666 928
0.001667 928
0.001668 928
0.001669 928
0.00167 928
0.001671 928
0.001672 928
0.001673 928
0.001674 928
0.001675 928
0.001676 928
0.001677 928
0.001678 927
0.001679 927
0.00168 926
0.001681 926
0.001682 926
0.001683 926
0.001684 926
0.001685 926
0.001686 926
0.001687 926
0.001688 927
0.001689 927
0.00169 927
0.001691 927
0.001692 927
0.001693 927
0.001694 927
0.001695 927
0.001696 927
0.001697 927
0.001698 927
0.001699 927
0.0017 927
0.001701 927
0.001702 927
0.001703 927
0.001704 927
0.001705 928
0.001706 927
0.001707 927
0.001708 927
0.001709 927
0.00171 927
0.001711 927
0.001712 927
0.001713 927
0.001714 928
0.001715 928
0.001716 928
0.001717 927
0.001718 927
0.001719 927
0.00172 927
0.001721 927
0.001722 927
0.001723 927
0.001724 927
0.001725 927
0.001726 927
0.001727 927
0.001728 927
0.001729 926
0.00173 926
0.001731 926
0.001732 926
0.001733 926
0.001734 926
0.001735 927
0.001736 927
0.001737 927
0.001738 927
0.001739 927
0.00174 926
0.001741 926
0.001742 926
0.001743 926
0.001744 926
0.001745 926
0.001746 926
0.001747 926
0.001748 926
0.001749 926
0.00175 926
0.001751 926
0.001752 926
0.001753 927
0.001754 927
0.001755 927
0.001756 927
0.001757 927
0.001758 927
0.001759 927
0.00176 927
0.001761 927
0.001762 927
0.001763 927
0.001764 927
0.001765 927
0.001766 927
0.001767 927
0.001768 927
0.001769 927
0.00177 927
0.001771 927
0.001772 927
0.001773 927
0.001774 927
0.001775 927
0.001776 927
0.001777 927
0.001778 927
0.001779 927
0.00178 927
0.001781 927
0.001782 927
0.001783 927
0.001784 927
0.001785 927
0.001786 927
0.001787 927
0.001788 927
0.001789 928
0.00179 928
0.001791 928
0.001792 928
0.001793 928
0.001794 928
0.001795 928
0.001796 929
0.001797 929
0.001798 929
0.001799 928
0.0018 928
0.001801 928
0.001802 928
0.001803 928
0.001804 929
0.001805 929
0.001806 929
0.001807 929
0.001808 929
0.001809 929
0.00181 929
0.001811 929
0.001812 929
0.001813 928
0.001814 928
0.001815 928
0.001816 928
0.001817 929
0.001818 929
0.001819 929
0.00182 929
0.001821 929
0.001822 929
0.001823 930
0.001824 930
0.001825 930
0.001826 930
0.001827 930
0.001828 930
0.001829 929
0.00183 929
0.001831 929
0.001832 929
0.001833 929
0.001834 929
0.001835 929
0.001836 929
0.001837 929
0.001838 929
0.001839 929
0.00184 929
0.001841 928
0.001842 928
0.001843 930
0.001844 930
0.001845 930
0.001846 930
0.001847 930
0.001848 930
0.001849 930
0.00185 930
0.001851 930
0.001852 930
0.001853 930
0.001854 929
0.001855 928
0.001856 928
0.001857 928
0.001858 928
0.001859 928
0.00186 928
0.001861 928
0.001862 929
0.001863 929
0.001864 929
0.001865 929
0.001866 929
0.001867 929
0.001868 929
0.001869 929
0.00187 929
0.001871 928
0.001872 928
0.001873 928
0.001874 928
0.001875 928
0.001876 927
0.001877 927
0.001878 927
0.001879 927
0.00188 927
0.001881 926
0.001882 926
0.001883 926
0.001884 926
0.001885 926
0.001886 926
0.001887 926
0.001888 926
0.001889 926
0.00189 926
0.001891 926
0.001892 926
0.001893 926
0.001894 926
0.001895 926
0.001896 926
0.001897 925
0.001898 925
0.001899 925
0.0019 924
0.001901 924
0.001902 923
0.001903 923
0.001904 923
0.001905 924
0.001906 924
0.001907 924
0.001908 924
0.001909 924
0.00191 924
0.001911 924
0.001912 924
0.001913 924
0.001914 924
0.001915 924
0.001916 924
0.001917 924
0.001918 924
0.001919 924
0.00192 925
0.001921 925
0.001922 925
0.001923 925
0.001924 925
0.001925 925
0.001926 925
0.001927 925
0.001928 925
0.001929 925
0.00193 925
0.001931 925
0.001932 925
0.001933 925
0.001934 925
0.001935 925
0.001936 925
0.001937 925
0.001938 925
0.001939 924
0.00194 924
0.001941 924
0.001942 923
0.001943 923
0.001944 923
0.001945 923
0.001946 923
0.001947 923
0.001948 924
0.001949 924
0.00195 924
0.001951 924
0.001952 924
0.001953 924
0.001954 924
0.001955 924
0.001956 924
0.001957 925
0.001958 925
0.001959 925
0.00196 925
0.001961 924
0.001962 924
0.001963 924
0.001964 924
0.001965 924
0.001966 924
0.001967 924
0.001968 923
0.001969 923
0.00197 923
0.001971 923
0.001972 923
0.001973 922
0.001974 921
0.001975 921
0.001976 921
0.001977 921
0.001978 921
0.001979 921
0.00198 921
0.001981 921
0.001982 921
0.001983 921
0.001984 921
0.001985 921
0.001986 921
0.001987 921
0.001988 921
0.001989 921
0.00199 922
0.001991 922
0.001992 922
0.001993 922
0.001994 922
0.001995 922
0.001996 922
0.001997 921
0.001998 922
0.001999 922
0.002 922
0.002001 922
0.002002 922
0.002003 922
0.002004 923
0.002005 923
0.002006 923
0.002007 923
0.002008 924
0.002009 924
0.00201 924
0.002011 924
0.002012 924
0.002013 924
0.002014 925
0.002015 925
0.002016 925
0.002017 925
0.002018 925
0.002019 925
0.00202 925
0.002021 925
0.002022 925
0.002023 925
0.002024 925
0.002025 925
0.002026 925
0.002027 925
0.002028 925
0.002029 925
0.00203 925
0.002031 925
0.002032 925
0.002033 925
0.002034 925
0.002035 925
0.002036 925
0.002037 925
0.002038 924
0.002039 923
0.00204 923
0.002041 923
0.002042 923
0.002043 923
0.002044 923
0.002045 923
0.002046 922
0.002047 921
0.002048 921
0.002049 921
0.00205 921
0.002051 921
0.002052 922
0.002053 921
0.002054 921
0.002055 921
0.002056 921
0.002057 921
0.002058 921
0.002059 921
0.00206 921
0.002061 920
0.002062 920
0.002063 920
0.002064 920
0.002065 920
0.002066 920
0.002067 920
0.002068 921
0.002069 921
0.00207 921
0.002071 921
0.002072 920
0.002073 920
0.002074 920
0.002075 920
0.002076 920
0.002077 920
0.002078 920
0.002079 920
0.00208 920
0.002081 920
0.002082 920
0.002083 920
0.002084 920
0.002085 920
0.002086 920
0.002087 920
0.002088 920
0.002089 919
0.00209 919
0.002091 919
0.002092 919
0.002093 919
0.002094 919
0.002095 919
0.002096 919
0.002097 918
0.002098 918
0.002099 918
0.0021 918
0.002101 918
0.002102 918
0.002103 918
0.002104 918
0.002105 918
0.002106 918
0.002107 918
0.002108 918
0.002109 917
0.00211 917
0.002111 917
0.002112 916
0.002113 916
0.002114 916
0.002115 917
0.002116 917
0.002117 917
0.002118 917
0.002119 917
0.00212 917
0.002121 917
0.002122 917
0.002123 917
0.002124 918
0.002125 918
0.002126 918
0.002127 917
0.002128 917
0.002129 917
0.00213 917
0.002131 917
0.002132 917
0.002133 917
0.002134 917
0.002135 916
0.002136 916
0.002137 916
0.002138 916
0.002139 916
0.00214 916
0.002141 917
0.002142 917
0.002143 917
0.002144 917
0.002145 916
0.002146 916
0.002147 916
0.002148 917
0.002149 917
0.00215 917
0.002151 917
0.002152 917
0.002153 917
0.002154 918
0.002155 918
0.002156 918
0.002157 918
0.002158 918
0.002159 918
0.00216 918
0.002161 918
0.002162 918
0.002163 918
0.002164 918
0.002165 918
0.002166 918
0.002167 918
0.002168 918
0.002169 918
0.00217 918
0.002171 918
0.002172 918
0.002173 918
0.002174 918
0.002175 918
0.002176 918
0.002177 918
0.002178 919
0.002179 919
0.00218 919
0.002181 919
0.002182 919
0.002183 919
0.002184 919
0.002185 919
0.002186 919
0.002187 919
0.002188 919
0.002189 919
0.00219 919
0.002191 919
0.002192 919
0.002193 919
0.002194 919
0.002195 919
0.002196 919
0.002197 920
0.002198 920
0.002199 920
0.0022 920
0.002201 920
0.002202 920
0.002203 920
0.002204 920
0.002205 920
0.002206 920
0.002207 920
0.002208 920
0.002209 920
0.00221 920
0.002211 920
0.002212 920
0.002213 920
0.002214 919
0.002215 919
0.002216 919
0.002217 919
0.002218 919
0.002219 919
0.00222 919
0.002221 919
0.002222 919
0.002223 919
0.002224 919
0.002225 919
0.002226 919
0.002227 919
0.002228 919
0.002229 919
0.00223 919
0.002231 919
0.002232 919
0.002233 919
0.002234 919
0.002235 919
0.002236 920
0.002237 920
0.002238 919
0.002239 920
0.00224 920
0.002241 920
0.002242 920
0.002243 920
0.002244 920
0.002245 920
0.002246 920
0.002247 920
0.002248 920
0.002249 920
0.00225 920
0.002251 920
0.002252 920
0.002253 920
0.002254 921
0.002255 922
0.002256 922
0.002257 922
0.002258 922
0.002259 922
0.00226 922
0.002261 922
0.002262 921
0.002263 921
0.002264 921
0.002265 921
0.002266 921
0.002267 921
0.002268 920
0.002269 920
0.00227 920
0.002271 920
0.002272 920
0.002273 920
0.002274 920
0.002275 920
0.002276 920
0.002277 920
0.002278 920
0.002279 920
0.00228 920
0.002281 920
0.002282 921
0.002283 921
0.002284 921
0.002285 921
0.002286 921
0.002287 921
0.002288 921
0.002289 921
0.00229 921
0.002291 921
0.002292 921
0.002293 921
0.002294 921
0.002295 920
0.002296 920
0.002297 920
0.002298 920
0.002299 919
0.0023 919
0.002301 920
0.002302 921
0.002303 921
0.002304 921
0.002305 921
0.002306 921
0.002307 921
0.002308 921
0.002309 921
0.00231 920
0.002311 920
0.002312 920
0.002313 920
0.002314 919
0.002315 919
0.002316 919
0.002317 920
0.002318 920
0.002319 920
0.00232 920
0.002321 920
0.002322 920
0.002323 920
0.002324 920
0.002325 920
0.002326 920
0.002327 920
0.002328 921
0.002329 921
0.00233 921
0.002331 921
0.002332 921
0.002333 921
0.002334 921
0.002335 921
0.002336 921
0.002337 921
0.002338 921
0.002339 921
0.00234 921
0.002341 921
0.002342 921
0.002343 920
0.002344 920
0.002345 919
0.002346 918
0.002347 918
0.002348 918
0.002349 918
0.00235 918
0.002351 918
0.002352 918
0.002353 918
0.002354 918
0.002355 918
0.002356 918
0.002357 918
0.002358 917
0.002359 917
0.00236 917
0.002361 917
0.002362 917
0.002363 917
0.002364 917
0.002365 916
0.002366 916
0.002367 916
0.002368 916
0.002369 915
0.00237 915
0.002371 915
0.002372 915
0.002373 915
0.002374 915
0.002375 915
0.002376 915
0.002377 915
0.002378 915
0.002379 915
0.00238 915
0.002381 915
0.002382 915
0.002383 915
0.002384 915
0.002385 914
0.002386 914
0.002387 914
0.002388 914
0.002389 914
0.00239 914
0.002391 914
0.002392 915
0.002393 915
0.002394 915
0.002395 915
0.002396 916
0.002397 916
0.002398 916
0.002399 916
0.0024 916
0.002401 916
0.002402 916
0.002403 916
0.002404 916
0.002405 916
0.002406 917
0.002407 917
0.002408 917
0.002409 917
0.00241 917
0.002411 917
0.002412 917
0.002413 917
0.002414 917
0.002415 917
0.002416 917
0.002417 917
0.002418 917
0.002419 917
0.00242 917
0.002421 917
0.002422 917
0.002423 917
0.002424 917
0.002425 917
0.002426 917
0.002427 917
0.002428 916
0.002429 916
0.00243 916
0.002431 916
0.002432 916
0.002433 916
0.002434 916
0.002435 916
0.002436 916
0.002437 916
0.002438 916
0.002439 916
0.00244 916
0.002441 916
0.002442 916
0.002443 916
0.002444 916
0.002445 916
0.002446 916
0.002447 916
0.002448 917
0.002449 917
0.00245 916
0.002451 915
0.002452 915
0.002453 915
0.002454 915
0.002455 915
0.002456 915
0.002457 913
0.002458 913
0.002459 913
0.00246 914
0.002461 914
0.002462 914
0.002463 914
0.002464 914
0.002465 914
0.002466 914
0.002467 914
0.002468 914
0.002469 914
0.00247 914
0.002471 914
0.002472 914
0.002473 914
0.002474 914
0.002475 914
0.002476 914
0.002477 914
0.002478 914
0.002479 914
0.00248 914
0.002481 914
0.002482 914
0.002483 914
0.002484 914
0.002485 914
0.002486 914
0.002487 914
0.002488 914
0.002489 914
0.00249 915
0.002491 915
0.002492 915
0.002493 915
0.002494 916
0.002495 916
0.002496 916
0.002497 916
0.002498 916
0.002499 916
0.0025 916
0.002501 915
0.002502 916
0.002503 916
0.002504 916
0.002505 916
0.002506 917
0.002507 917
0.002508 918
0.002509 918
0.00251 917
0.002511 917
0.002512 917
0.002513 917
0.002514 917
0.002515 917
0.002516 917
0.002517 917
0.002518 917
0.002519 917
0.00252 917
0.002521 917
0.002522 917
0.002523 917
0.002524 917
0.002525 917
0.002526 917
0.002527 917
0.002528 917
0.002529 917
0.00253 917
0.002531 917
0.002532 917
0.002533 917
0.002534 917
0.002535 917
0.002536 917
0.002537 917
0.002538 917
0.002539 917
0.00254 917
0.002541 917
0.002542 917
0.002543 917
0.002544 917
0.002545 917
0.002546 917
0.002547 917
0.002548 917
0.002549 917
0.00255 916
0.002551 916
0.002552 916
0.002553 916
0.002554 916
0.002555 916
0.002556 916
0.002557 916
0.002558 916
0.002559 917
0.00256 917
0.002561 917
0.002562 918
0.002563 918
0.002564 918
0.002565 918
0.002566 918
0.002567 918
0.002568 918
0.002569 918
0.00257 917
0.002571 917
0.002572 917
0.002573 917
0.002574 917
0.002575 917
0.002576 918
0.002577 918
0.002578 918
0.002579 918
0.00258 918
0.002581 918
0.002582 917
0.002583 917
0.002584 917
0.002585 917
0.002586 917
0.002587 917
0.002588 917
0.002589 916
0.00259 916
0.002591 916
0.002592 916
0.002593 916
0.002594 916
0.002595 916
0.002596 916
0.002597 916
0.002598 916
0.002599 916
0.0026 916
0.002601 916
0.002602 916
0.002603 916
0.002604 916
0.002605 916
0.002606 916
0.002607 916
0.002608 916
0.002609 916
0.00261 917
0.002611 917
0.002612 917
0.002613 917
0.002614 917
0.002615 918
0.002616 918
0.002617 918
0.002618 918
0.002619 918
0.00262 918
0.002621 918
0.002622 919
0.002623 919
0.002624 919
0.002625 919
0.002626 919
0.002627 919
0.002628 919
0.002629 919
0.00263 919
0.002631 919
0.002632 917
0.002633 917
0.002634 917
0.002635 917
0.002636 917
0.002637 917
0.002638 917
0.002639 917
0.00264 917
0.002641 917
0.002642 917
0.002643 917
0.002644 917
0.002645 918
0.002646 918
0.002647 918
0.002648 918
0.002649 918
0.00265 918
0.002651 918
0.002652 918
0.002653 918
0.002654 918
0.002655 918
0.002656 918
0.002657 917
0.002658 917
0.002659 917
0.00266 917
0.002661 917
0.002662 917
0.002663 917
0.002664 917
0.002665 917
0.002666 917
0.002667 917
0.002668 917
0.002669 917
0.00267 917
0.002671 917
0.002672 917
0.002673 916
0.002674 916
0.002675 916
0.002676 916
0.002677 916
0.002678 916
0.002679 916
0.00268 915
0.002681 915
0.002682 915
0.002683 915
0.002684 915
0.002685 915
0.002686 915
0.002687 915
0.002688 915
0.002689 915
0.00269 915
0.002691 915
0.002692 915
0.002693 915
0.002694 915
0.002695 915
0.002696 915
0.002697 915
0.002698 915
0.002699 915
0.0027 915
0.002701 915
0.002702 915
0.002703 915
0.002704 915
0.002705 915
0.002706 915
0.002707 915
0.002708 915
0.002709 915
0.00271 915
0.002711 915
0.002712 916
0.002713 916
0.002714 916
0.002715 916
0.002716 916
0.002717 916
0.002718 916
0.002719 916
0.00272 916
0.002721 916
0.002722 916
0.002723 916
0.002724 915
0.002725 915
0.002726 915
0.002727 915
0.002728 915
0.002729 915
0.00273 915
0.002731 915
0.002732 915
0.002733 915
0.002734 914
0.002735 914
0.002736 914
0.002737 914
0.002738 914
0.002739 914
0.00274 914
0.002741 914
0.002742 914
0.002743 914
0.002744 914
0.002745 915
0.002746 915
0.002747 915
0.002748 915
0.002749 915
0.00275 915
0.002751 915
0.002752 916
0.002753 916
0.002754 916
0.002755 916
0.002756 916
0.002757 916
0.002758 916
0.002759 916
0.00276 916
0.002761 916
0.002762 916
0.002763 917
0.002764 917
0.002765 917
0.002766 916
0.002767 916
0.002768 916
0.002769 916
0.00277 916
0.002771 916
0.002772 916
0.002773 916
0.002774 916
0.002775 916
0.002776 916
0.002777 916
0.002778 916
0.002779 915
0.00278 915
0.002781 915
0.002782 915
0.002783 915
0.002784 915
0.002785 915
0.002786 915
0.002787 915
0.002788 915
0.002789 915
0.00279 914
0.002791 914
0.002792 914
0.002793 914
0.002794 914
0.002795 914
0.002796 914
0.002797 912
0.002798 912
0.002799 912
0.0028 912
0.002801 911
0.002802 911
0.002803 911
0.002804 911
0.002805 912
0.002806 912
0.002807 912
0.002808 912
0.002809 912
0.00281 912
0.002811 913
0.002812 913
0.002813 913
0.002814 912
0.002815 912
0.002816 912
0.002817 912
0.002818 912
0.002819 912
0.00282 912
0.002821 912
0.002822 912
0.002823 913
0.002824 913
0.002825 914
0.002826 914
0.002827 914
0.002828 914
0.002829 914
0.00283 914
0.002831 914
0.002832 914
0.002833 914
0.002834 914
0.002835 914
0.002836 914
0.002837 914
0.002838 914
0.002839 914
0.00284 914
0.002841 914
0.002842 913
0.002843 913
0.002844 913
0.002845 913
0.002846 913
0.002847 913
0.002848 913
0.002849 913
0.00285 913
0.002851 913
0.002852 913
0.002853 913
0.002854 913
0.002855 913
0.002856 913
0.002857 913
0.002858 913
0.002859 913
0.00286 913
0.002861 913
0.002862 913
0.002863 913
0.002864 913
0.002865 913
0.002866 913
0.002867 913
0.002868 913
0.002869 912
0.00287 911
0.002871 911
0.002872 911
0.002873 911
0.002874 911
0.002875 911
0.002876 911
0.002877 911
0.002878 911
0.002879 911
0.00288 911
0.002881 911
0.002882 911
0.002883 911
0.002884 911
0.002885 911
0.002886 911
0.002887 912
0.002888 912
0.002889 912
0.00289 912
0.002891 912
0.002892 912
0.002893 911
0.002894 911
0.002895 911
0.002896 911
0.002897 911
0.002898 912
0.002899 912
0.0029 912
0.002901 910
0.002902 910
0.002903 910
0.002904 910
0.002905 910
0.002906 909
0.002907 909
0.002908 909
0.002909 909
0.00291 909
0.002911 910
0.002912 910
0.002913 910
0.002914 910
0.002915 910
0.002916 910
0.002917 910
0.002918 909
0.002919 909
0.00292 909
0.002921 909
0.002922 909
0.002923 909
0.002924 909
0.002925 909
0.002926 909
0.002927 909
0.002928 909
0.002929 909
0.00293 909
0.002931 909
0.002932 909
0.002933 909
0.002934 909
0.002935 909
0.002936 908
0.002937 908
0.002938 908
0.002939 908
0.00294 908
0.002941 908
0.002942 908
0.002943 908
0.002944 908
0.002945 908
0.002946 907
0.002947 908
0.002948 908
0.002949 908
0.00295 907
0.002951 906
0.002952 906
0.002953 906
0.002954 906
0.002955 906
0.002956 906
0.002957 906
0.002958 907
0.002959 907
0.00296 907
0.002961 907
0.002962 907
0.002963 907
0.002964 907
0.002965 907
0.002966 907
0.002967 907
0.002968 907
0.002969 907
0.00297 907
0.002971 907
0.002972 907
0.002973 907
0.002974 907
0.002975 907
0.002976 907
0.002977 907
0.002978 907
0.002979 908
0.00298 908
0.002981 908
0.002982 908
0.002983 908
0.002984 908
0.002985 908
0.002986 908
0.002987 909
0.002988 909
0.002989 909
0.00299 909
0.002991 909
0.002992 909
0.002993 909
0.002994 909
0.002995 909
0.002996 909
0.002997 909
0.002998 909
0.002999 909
0.003 909
0.003001 909
0.003002 909
0.003003 909
0.003004 909
0.003005 909
0.003006 909
0.003007 909
0.003008 909
0.003009 909
0.00301 909
0.003011 909
0.003012 909
0.003013 909
0.003014 909
0.003015 909
0.003016 909
0.003017 909
0.003018 909
0.003019 909
0.00302 909
0.003021 909
0.003022 909
0.003023 909
0.003024 909
0.003025 909
0.003026 910
0.003027 910
0.003028 910
0.003029 909
0.00303 909
0.003031 909
0.003032 909
0.003033 909
0.003034 909
0.003035 909
0.003036 909
0.003037 909
0.003038 909
0.003039 908
0.00304 908
0.003041 908
0.003042 907
0.003043 907
0.003044 907
0.003045 907
0.003046 907
0.003047 907
0.003048 907
0.003049 907
0.00305 907
0.003051 908
0.003052 908
0.003053 908
0.003054 908
0.003055 908
0.003056 907
0.003057 907
0.003058 907
0.003059 907
0.00306 907
0.003061 907
0.003062 907
0.003063 908
0.003064 908
0.003065 909
0.003066 909
0.003067 909
0.003068 909
0.003069 909
0.00307 909
0.003071 909
0.003072 909
0.003073 910
0.003074 910
0.003075 910
0.003076 910
0.003077 910
0.003078 910
0.003079 910
0.00308 911
0.003081 911
0.003082 912
0.003083 913
0.003084 913
0.003085 913
0.003086 912
0.003087 912
0.003088 912
0.003089 912
0.00309 912
0.003091 912
0.003092 912
0.003093 912
0.003094 912
0.003095 911
0.003096 911
0.003097 910
0.003098 910
0.003099 910
0.0031 909
0.003101 908
0.003102 908
0.003103 908
0.003104 908
0.003105 908
0.003106 908
0.003107 908
0.003108 908
0.003109 908
0.00311 908
0.003111 908
0.003112 908
0.003113 908
0.003114 908
0.003115 908
0.003116 908
0.003117 908
0.003118 908
0.003119 908
0.00312 908
0.003121 908
0.003122 908
0.003123 908
0.003124 908
0.003125 908
0.003126 908
0.003127 908
0.003128 908
0.003129 908
0.00313 909
0.003131 909
0.003132 909
0.003133 910
0.003134 910
0.003135 910
0.003136 909
0.003137 909
0.003138 909
0.003139 909
0.00314 909
0.003141 909
0.003142 909
0.003143 909
0.003144 910
0.003145 910
0.003146 910
0.003147 910
0.003148 910
0.003149 909
0.00315 910
0.003151 910
0.003152 910
0.003153 910
0.003154 910
0.003155 910
0.003156 910
0.003157 910
0.003158 910
0.003159 910
0.00316 910
0.003161 909
0.003162 909
0.003163 909
0.003164 909
0.003165 909
0.003166 908
0.003167 908
0.003168 908
0.003169 908
0.00317 908
0.003171 908
0.003172 908
0.003173 908
0.003174 908
0.003175 908
0.003176 908
0.003177 908
0.003178 908
0.003179 907
0.00318 907
0.003181 907
0.003182 907
0.003183 907
0.003184 906
0.003185 906
0.003186 906
0.003187 906
0.003188 906
0.003189 906
0.00319 906
0.003191 906
0.003192 906
0.003193 906
0.003194 906
0.003195 906
0.003196 906
0.003197 906
0.003198 906
0.003199 906
0.0032 906
0.003201 907
0.003202 907
0.003203 907
0.003204 907
0.003205 907
0.003206 907
0.003207 907
0.003208 907
0.003209 907
0.00321 907
0.003211 907
0.003212 907
0.003213 907
0.003214 907
0.003215 907
0.003216 907
0.003217 907
0.003218 907
0.003219 907
0.00322 906
0.003221 906
0.003222 906
0.003223 906
0.003224 906
0.003225 906
0.003226 906
0.003227 906
0.003228 906
0.003229 906
0.00323 906
0.003231 905
0.003232 905
0.003233 905
0.003234 905
0.003235 905
0.003236 905
0.003237 905
0.003238 905
0.003239 905
0.00324 904
0.003241 904
0.003242 904
0.003243 904
0.003244 904
0.003245 904
0.003246 904
0.003247 904
0.003248 905
0.003249 905
0.00325 905
0.003251 905
0.003252 905
0.003253 905
0.003254 905
0.003255 905
0.003256 905
0.003257 905
0.003258 905
0.003259 906
0.00326 906
0.003261 906
0.003262 906
0.003263 906
0.003264 906
0.003265 906
0.003266 906
0.003267 906
0.003268 906
0.003269 905
0.00327 905
0.003271 905
0.003272 905
0.003273 905
0.003274 906
0.003275 906
0.003276 906
0.003277 906
0.003278 906
0.003279 906
0.00328 907
0.003281 907
0.003282 906
0.003283 906
0.003284 906
0.003285 906
0.003286 906
0.003287 906
0.003288 905
0.003289 905
0.00329 905
0.003291 905
0.003292 905
0.003293 905
0.003294 905
0.003295 906
0.003296 906
0.003297 906
0.003298 906
0.003299 906
0.0033 905
0.003301 905
0.003302 905
0.003303 905
0.003304 905
0.003305 904
0.003306 904
0.003307 903
0.003308 903
0.003309 903
0.00331 903
0.003311 903
0.003312 902
0.003313 901
0.003314 901
0.003315 901
0.003316 901
0.003317 901
0.003318 901
0.003319 901
0.00332 901
0.003321 901
0.003322 901
0.003323 901
0.003324 901
0.003325 901
0.003326 901
0.003327 900
0.003328 900
0.003329 900
0.00333 900
0.003331 900
0.003332 901
0.003333 901
0.003334 901
0.003335 901
0.003336 901
0.003337 901
0.003338 901
0.003339 901
0.00334 901
0.003341 901
0.003342 901
0.003343 902
0.003344 902
0.003345 902
0.003346 901
0.003347 901
0.003348 901
0.003349 902
0.00335 902
0.003351 902
0.003352 902
0.003353 902
0.003354 902
0.003355 902
0.003356 902
0.003357 901
0.003358 899
0.003359 899
0.00336 899
0.003361 899
0.003362 899
0.003363 900
0.003364 900
0.003365 900
0.003366 900
0.003367 900
0.003368 901
0.003369 901
0.00337 900
0.003371 899
0.003372 899
0.003373 899
0.003374 899
0.003375 899
0.003376 899
0.003377 899
0.003378 899
0.003379 899
0.00338 899
0.003381 900
0.003382 900
0.003383 900
0.003384 900
0.003385 900
0.003386 900
0.003387 900
0.003388 900
0.003389 900
0.00339 900
0.003391 900
0.003392 900
0.003393 900
0.003394 900
0.003395 900
0.003396 900
0.003397 900
0.003398 900
0.003399 900
0.0034 900
0.003401 900
0.003402 899
0.003403 899
0.003404 899
0.003405 898
0.003406 898
0.003407 898
0.003408 898
0.003409 898
0.00341 898
0.003411 898
0.003412 898
0.003413 898
0.003414 898
0.003415 898
0.003416 899
0.003417 899
0.003418 899
0.003419 899
0.00342 899
0.003421 899
0.003422 899
0.003423 899
0.003424 899
0.003425 899
0.003426 899
0.003427 899
0.003428 899
0.003429 898
0.00343 898
0.003431 898
0.003432 898
0.003433 898
0.003434 898
0.003435 898
0.003436 898
0.003437 898
0.003438 898
0.003439 898
0.00344 898
0.003441 898
0.003442 898
0.003443 898
0.003444 898
0.003445 898
0.003446 898
0.003447 897
0.003448 897
0.003449 897
0.00345 897
0.003451 897
0.003452 897
0.003453 898
0.003454 898
0.003455 897
0.003456 898
0.003457 898
0.003458 898
0.003459 898
0.00346 898
0.003461 899
0.003462 899
0.003463 899
0.003464 899
0.003465 899
0.003466 898
0.003467 898
0.003468 898
0.003469 898
0.00347 899
0.003471 899
0.003472 898
0.003473 898
0.003474 898
0.003475 898
0.003476 898
0.003477 898
0.003478 897
0.003479 897
0.00348 897
0.003481 897
0.003482 897
0.003483 897
0.003484 897
0.003485 897
0.003486 897
0.003487 897
0.003488 897
0.003489 897
0.00349 897
0.003491 897
0.003492 897
0.003493 897
0.003494 897
0.003495 897
0.003496 897
0.003497 897
0.003498 898
0.003499 898
0.0035 898
0.003501 898
0.003502 898
0.003503 898
0.003504 898
0.003505 898
0.003506 898
0.003507 898
0.003508 898
0.003509 897
0.00351 897
0.003511 897
0.003512 897
0.003513 896
0.003514 896
0.003515 896
0.003516 896
0.003517 896
0.003518 896
0.003519 896
0.00352 896
0.003521 895
0.003522 895
0.003523 895
0.003524 895
0.003525 895
0.003526 895
0.003527 895
0.003528 894
0.003529 894
0.00353 894
0.003531 894
0.003532 893
0.003533 893
0.003534 893
0.003535 893
0.003536 893
0.003537 893
0.003538 893
0.003539 893
0.00354 894
0.003541 894
0.003542 893
0.003543 893
0.003544 893
0.003545 893
0.003546 892
0.003547 892
0.003548 892
0.003549 892
0.00355 892
0.003551 892
0.003552 892
0.003553 892
0.003554 892
0.003555 892
0.003556 892
0.003557 892
0.003558 892
0.003559 892
0.00356 892
0.003561 892
0.003562 891
0.003563 891
0.003564 891
0.003565 891
0.003566 891
0.003567 891
0.003568 891
0.003569 891
0.00357 891
0.003571 891
0.003572 891
0.003573 891
0.003574 891
0.003575 891
0.003576 891
0.003577 891
0.003578 892
0.003579 892
0.00358 892
0.003581 892
0.003582 892
0.003583 892
0.003584 892
0.003585 893
0.003586 893
0.003587 893
0.003588 893
0.003589 893
0.00359 893
0.003591 893
0.003592 893
0.003593 893
0.003594 893
0.003595 893
0.003596 893
0.003597 893
0.003598 895
0.003599 895
0.0036 895
0.003601 895
0.003602 894
0.003603 894
0.003604 894
0.003605 893
0.003606 893
0.003607 893
0.003608 894
0.003609 894
0.00361 894
0.003611 894
0.003612 894
0.003613 894
0.003614 894
0.003615 894
0.003616 894
0.003617 895
0.003618 895
0.003619 896
0.00362 896
0.003621 895
0.003622 895
0.003623 895
0.003624 895
0.003625 895
0.003626 895
0.003627 895
0.003628 895
0.003629 895
0.00363 895
0.003631 895
0.003632 894
0.003633 894
0.003634 894
0.003635 894
0.003636 895
0.003637 895
0.003638 895
0.003639 895
0.00364 895
0.003641 895
0.003642 895
0.003643 896
0.003644 896
0.003645 896
0.003646 896
0.003647 896
0.003648 896
0.003649 897
0.00365 897
0.003651 897
0.003652 898
0.003653 898
0.003654 898
0.003655 898
0.003656 898
0.003657 898
0.003658 898
0.003659 898
0.00366 898
0.003661 898
0.003662 898
0.003663 898
0.003664 898
0.003665 898
0.003666 898
0.003667 898
0.003668 898
0.003669 898
0.00367 898
0.003671 898
0.003672 898
0.003673 897
0.003674 897
0.003675 897
0.003676 897
0.003677 897
0.003678 897
0.003679 897
0.00368 897
0.003681 897
0.003682 897
0.003683 897
0.003684 897
0.003685 897
0.003686 897
0.003687 897
0.003688 897
0.003689 897
0.00369 897
0.003691 897
0.003692 897
0.003693 897
0.003694 897
0.003695 897
0.003696 897
0.003697 897
0.003698 897
0.003699 897
0.0037 897
0.003701 895
0.003702 895
0.003703 895
0.003704 895
0.003705 895
0.003706 895
0.003707 895
0.003708 894
0.003709 894
0.00371 894
0.003711 894
0.003712 894
0.003713 894
0.003714 894
0.003715 894
0.003716 893
0.003717 892
0.003718 892
0.003719 892
0.00372 892
0.003721 892
0.003722 892
0.003723 892
0.003724 891
0.003725 891
0.003726 891
0.003727 891
0.003728 891
0.003729 891
0.00373 891
0.003731 890
0.003732 890
0.003733 890
0.003734 890
0.003735 890
0.003736 890
0.003737 890
0.003738 890
0.003739 890
0.00374 890
0.003741 890
0.003742 890
0.003743 890
0.003744 890
0.003745 890
0.003746 890
0.003747 890
0.003748 890
0.003749 890
0.00375 890
0.003751 890
0.003752 890
0.003753 890
0.003754 890
0.003755 890
0.003756 890
0.003757 890
0.003758 890
0.003759 890
0.00376 891
0.003761 891
0.003762 891
0.003763 891
0.003764 891
0.003765 891
0.003766 891
0.003767 891
0.003768 891
0.003769 891
0.00377 891
0.003771 891
0.003772 891
0.003773 891
0.003774 891
0.003775 890
0.003776 890
0.003777 890
0.003778 889
0.003779 889
0.00378 889
0.003781 889
0.003782 889
0.003783 889
0.003784 890
0.003785 890
0.003786 890
0.003787 890
0.003788 890
0.003789 890
0.00379 890
0.003791 890
0.003792 890
0.003793 890
0.003794 890
0.003795 890
0.003796 890
0.003797 890
0.003798 890
0.003799 891
0.0038 891
0.003801 891
0.003802 891
0.003803 891
0.003804 891
0.003805 891
0.003806 891
0.003807 891
0.003808 891
0.003809 891
0.00381 891
0.003811 891
0.003812 891
0.003813 891
0.003814 891
0.003815 891
0.003816 892
0.003817 892
0.003818 892
0.003819 892
0.00382 892
0.003821 892
0.003822 892
0.003823 892
0.003824 892
0.003825 892
0.003826 892
0.003827 892
0.003828 892
0.003829 892
0.00383 892
0.003831 892
0.003832 891
0.003833 891
0.003834 891
0.003835 891
0.003836 891
0.003837 891
0.003838 891
0.003839 890
0.00384 890
0.003841 890
0.003842 890
0.003843 890
0.003844 890
0.003845 890
0.003846 890
0.003847 890
0.003848 890
0.003849 890
0.00385 890
0.003851 890
0.003852 889
0.003853 889
0.003854 889
0.003855 889
0.003856 889
0.003857 889
0.003858 889
0.003859 890
0.00386 890
0.003861 890
0.003862 890
0.003863 890
0.003864 890
0.003865 890
0.003866 890
0.003867 890
0.003868 890
0.003869 890
0.00387 890
0.003871 890
0.003872 890
0.003873 890
0.003874 890
0.003875 890
0.003876 890
0.003877 890
0.003878 890
0.003879 890
0.00388 890
0.003881 889
0.003882 889
0.003883 888
0.003884 888
0.003885 888
0.003886 888
0.003887 888
0.003888 888
0.003889 889
0.00389 889
0.003891 889
0.003892 889
0.003893 888
0.003894 888
0.003895 888
0.003896 889
0.003897 889
0.003898 889
0.003899 888
0.0039 888
0.003901 887
0.003902 886
0.003903 886
0.003904 886
0.003905 887
0.003906 887
0.003907 887
0.003908 888
0.003909 889
0.00391 890
0.003911 890
0.003912 890
0.003913 890
0.003914 890
0.003915 890
0.003916 891
0.003917 891
0.003918 891
0.003919 891
0.00392 891
0.003921 890
0.003922 890
0.003923 890
0.003924 889
0.003925 888
0.003926 888
0.003927 888
0.003928 888
0.003929 888
0.00393 889
0.003931 889
0.003932 889
0.003933 889
0.003934 888
0.003935 888
0.003936 888
0.003937 888
0.003938 888
0.003939 888
0.00394 888
0.003941 888
0.003942 888
0.003943 888
0.003944 888
0.003945 888
0.003946 888
0.003947 888
0.003948 889
0.003949 889
0.00395 888
0.003951 889
0.003952 889
0.003953 889
0.003954 889
0.003955 889
0.003956 889
0.003957 889
0.003958 889
0.003959 889
0.00396 889
0.003961 889
0.003962 889
0.003963 889
0.003964 889
0.003965 889
0.003966 889
0.003967 889
0.003968 889
0.003969 889
0.00397 889
0.003971 889
0.003972 889
0.003973 889
0.003974 889
0.003975 889
0.003976 889
0.003977 889
0.003978 889
0.003979 889
0.00398 889
0.003981 889
0.003982 889
0.003983 889
0.003984 889
0.003985 888
0.003986 888
0.003987 888
0.003988 888
0.003989 888
0.00399 888
0.003991 888
0.003992 888
0.003993 888
0.003994 888
0.003995 888
0.003996 887
0.003997 887
0.003998 888
0.003999 888
0.004 888
0.004001 887
0.004002 887
0.004003 887
0.004004 887
0.004005 887
0.004006 887
0.004007 888
0.004008 888
0.004009 888
0.00401 889
0.004011 889
0.004012 889
0.004013 889
0.004014 889
0.004015 890
0.004016 890
0.004017 890
0.004018 890
0.004019 890
0.00402 889
0.004021 890
0.004022 890
0.004023 890
0.004024 890
0.004025 890
0.004026 890
0.004027 890
0.004028 890
0.004029 889
0.00403 889
0.004031 889
0.004032 889
0.004033 889
0.004034 889
0.004035 889
0.004036 889
0.004037 889
0.004038 889
0.004039 889
0.00404 889
0.004041 888
0.004042 887
0.004043 887
0.004044 887
0.004045 887
0.004046 887
0.004047 888
0.004048 888
0.004049 888
0.00405 888
0.004051 889
0.004052 889
0.004053 889
0.004054 889
0.004055 889
0.004056 889
0.004057 888
0.004058 888
0.004059 888
0.00406 888
0.004061 889
0.004062 889
0.004063 889
0.004064 888
0.004065 889
0.004066 889
0.004067 889
0.004068 889
0.004069 889
0.00407 889
0.004071 889
0.004072 889
0.004073 888
0.004074 888
0.004075 888
0.004076 888
0.004077 888
0.004078 888
0.004079 888
0.00408 888
0.004081 888
0.004082 888
0.004083 888
0.004084 888
0.004085 888
0.004086 888
0.004087 888
0.004088 888
0.004089 887
0.00409 887
0.004091 887
0.004092 887
0.004093 887
0.004094 887
0.004095 887
0.004096 887
0.004097 887
0.004098 887
0.004099 887
0.0041 888
0.004101 888
0.004102 888
0.004103 888
0.004104 888
0.004105 888
0.004106 888
0.004107 890
0.004108 890
0.004109 890
0.00411 890
0.004111 890
0.004112 890
0.004113 890
0.004114 890
0.004115 890
0.004116 890
0.004117 889
0.004118 889
0.004119 890
0.00412 890
0.004121 890
0.004122 890
0.004123 890
0.004124 890
0.004125 890
0.004126 890
0.004127 890
0.004128 890
0.004129 890
0.00413 891
0.004131 891
0.004132 891
0.004133 891
0.004134 891
0.004135 891
0.004136 891
0.004137 890
0.004138 890
0.004139 890
0.00414 891
0.004141 891
0.004142 891
0.004143 891
0.004144 891
0.004145 891
0.004146 891
0.004147 891
0.004148 891
0.004149 891
0.00415 891
0.004151 891
0.004152 891
0.004153 891
0.004154 891
0.004155 891
0.004156 891
0.004157 891
0.004158 891
0.004159 891
0.00416 891
0.004161 891
0.004162 891
0.004163 891
0.004164 891
0.004165 891
0.004166 891
0.004167 891
0.004168 891
0.004169 891
0.00417 891
0.004171 891
0.004172 891
0.004173 891
0.004174 891
0.004175 891
0.004176 891
0.004177 891
0.004178 891
0.004179 891
0.00418 891
0.004181 891
0.004182 891
0.004183 891
0.004184 891
0.004185 891
0.004186 891
0.004187 891
0.004188 891
0.004189 891
0.00419 891
0.004191 891
0.004192 891
0.004193 891
0.004194 891
0.004195 891
0.004196 891
0.004197 892
0.004198 892
0.004199 892
0.0042 893
0.004201 893
0.004202 893
0.004203 892
0.004204 892
0.004205 892
0.004206 892
0.004207 892
0.004208 892
0.004209 893
0.00421 893
0.004211 893
0.004212 893
0.004213 893
0.004214 893
0.004215 893
0.004216 893
0.004217 893
0.004218 893
0.004219 893
0.00422 893
0.004221 893
0.004222 894
0.004223 894
0.004224 895
0.004225 895
0.004226 895
0.004227 895
0.004228 895
0.004229 895
0.00423 895
0.004231 895
0.004232 895
0.004233 895
0.004234 895
0.004235 895
0.004236 895
0.004237 895
0.004238 895
0.004239 895
0.00424 896
0.004241 896
0.004242 896
0.004243 896
0.004244 896
0.004245 896
0.004246 896
0.004247 896
0.004248 896
0.004249 896
0.00425 896
0.004251 895
0.004252 895
0.004253 895
0.004254 895
0.004255 895
0.004256 896
0.004257 896
0.004258 896
0.004259 896
0.00426 895
0.004261 896
0.004262 895
0.004263 895
0.004264 895
0.004265 895
0.004266 895
0.004267 895
0.004268 895
0.004269 895
0.00427 896
0.004271 896
0.004272 896
0.004273 896
0.004274 896
0.004275 896
0.004276 896
0.004277 897
0.004278 897
0.004279 897
0.00428 897
0.004281 897
0.004282 897
0.004283 897
0.004284 897
0.004285 897
0.004286 897
0.004287 897
0.004288 897
0.004289 897
0.00429 897
0.004291 898
0.004292 898
0.004293 898
0.004294 898
0.004295 899
0.004296 899
0.004297 899
0.004298 899
0.004299 899
0.0043 899
0.004301 899
0.004302 899
0.004303 899
0.004304 899
0.004305 899
0.004306 900
0.004307 900
0.004308 899
0.004309 899
0.00431 899
0.004311 899
0.004312 899
0.004313 899
0.004314 899
0.004315 899
0.004316 899
0.004317 899
0.004318 899
0.004319 899
0.00432 899
0.004321 899
0.004322 899
0.004323 899
0.004324 899
0.004325 899
0.004326 899
0.004327 899
0.004328 899
0.004329 899
0.00433 899
0.004331 899
0.004332 899
0.004333 899
0.004334 899
0.004335 899
0.004336 899
0.004337 899
0.004338 899
0.004339 899
0.00434 899
0.004341 899
0.004342 899
0.004343 899
0.004344 899
0.004345 899
0.004346 899
0.004347 899
0.004348 899
0.004349 899
0.00435 899
0.004351 899
0.004352 899
0.004353 899
0.004354 899
0.004355 899
0.004356 899
0.004357 899
0.004358 898
0.004359 898
0.00436 898
0.004361 898
0.004362 898
0.004363 898
0.004364 898
0.004365 898
0.004366 898
0.004367 898
0.004368 898
0.004369 898
0.00437 898
0.004371 898
0.004372 898
0.004373 898
0.004374 898
0.004375 898
0.004376 898
0.004377 898
0.004378 898
0.004379 898
0.00438 898
0.004381 898
0.004382 898
0.004383 898
0.004384 897
0.004385 897
0.004386 897
0.004387 897
0.004388 896
0.004389 896
0.00439 896
0.004391 897
0.004392 896
0.004393 896
0.004394 896
0.004395 896
0.004396 895
0.004397 895
0.004398 895
0.004399 895
0.0044 895
0.004401 894
0.004402 894
0.004403 894
0.004404 894
0.004405 894
0.004406 894
0.004407 894
0.004408 894
0.004409 894
0.00441 894
0.004411 894
0.004412 894
0.004413 895
0.004414 895
0.004415 895
0.004416 895
0.004417 895
0.004418 895
0.004419 895
0.00442 895
0.004421 895
0.004422 895
0.004423 895
0.004424 895
0.004425 895
0.004426 895
0.004427 895
0.004428 894
0.004429 894
0.00443 894
0.004431 894
0.004432 894
0.004433 894
0.004434 894
0.004435 894
0.004436 894
0.004437 894
0.004438 894
0.004439 894
0.00444 894
0.004441 894
0.004442 894
0.004443 894
0.004444 894
0.004445 894
0.004446 894
0.004447 894
0.004448 894
0.004449 894
0.00445 894
0.004451 894
0.004452 894
0.004453 894
0.004454 894
0.004455 894
0.004456 894
0.004457 893
0.004458 893
0.004459 893
0.00446 893
0.004461 893
0.004462 893
0.004463 893
0.004464 893
0.004465 893
0.004466 893
0.004467 893
0.004468 893
0.004469 893
0.00447 893
0.004471 893
0.004472 893
0.004473 893
0.004474 893
0.004475 893
0.004476 893
0.004477 893
0.004478 893
0.004479 893
0.00448 893
0.004481 893
0.004482 893
0.004483 893
0.004484 893
0.004485 893
0.004486 893
0.004487 893
0.004488 893
0.004489 893
0.00449 893
0.004491 893
0.004492 893
0.004493 893
0.004494 892
0.004495 892
0.004496 892
0.004497 892
0.004498 892
0.004499 891
0.0045 891
0.004501 892
0.004502 892
0.004503 892
0.004504 892
0.004505 892
0.004506 892
0.004507 892
0.004508 892
0.004509 892
0.00451 893
0.004511 893
0.004512 893
0.004513 893
0.004514 893
0.004515 893
0.004516 893
0.004517 893
0.004518 893
0.004519 893
0.00452 893
0.004521 893
0.004522 893
0.004523 893
0.004524 893
0.004525 893
0.004526 893
0.004527 893
0.004528 893
0.004529 893
0.00453 893
0.004531 893
0.004532 893
0.004533 893
0.004534 893
0.004535 893
0.004536 893
0.004537 893
0.004538 893
0.004539 893
0.00454 893
0.004541 892
0.004542 892
0.004543 892
0.004544 892
0.004545 892
0.004546 892
0.004547 893
0.004548 893
0.004549 893
0.00455 893
0.004551 893
0.004552 893
0.004553 894
0.004554 894
0.004555 894
0.004556 894
0.004557 894
0.004558 894
0.004559 894
0.00456 894
0.004561 894
0.004562 894
0.004563 895
0.004564 895
0.004565 895
0.004566 894
0.004567 894
0.004568 894
0.004569 894
0.00457 894
0.004571 893
0.004572 893
0.004573 894
0.004574 894
0.004575 894
0.004576 894
0.004577 894
0.004578 895
0.004579 895
0.00458 895
0.004581 895
0.004582 895
0.004583 896
0.004584 896
0.004585 896
0.004586 896
0.004587 896
0.004588 896
0.004589 896
0.00459 896
0.004591 896
0.004592 896
0.004593 896
0.004594 895
0.004595 894
0.004596 895
0.004597 895
0.004598 895
0.004599 895
0.0046 895
0.004601 895
0.004602 895
0.004603 896
0.004604 896
0.004605 896
0.004606 895
0.004607 895
0.004608 895
0.004609 895
0.00461 895
0.004611 895
0.004612 895
0.004613 895
0.004614 895
0.004615 895
0.004616 894
0.004617 894
0.004618 894
0.004619 894
0.00462 894
0.004621 894
0.004622 894
0.004623 894
0.004624 894
0.004625 895
0.004626 895
0.004627 896
0.004628 895
0.004629 895
0.00463 895
0.004631 895
0.004632 895
0.004633 895
0.004634 895
0.004635 895
0.004636 895
0.004637 895
0.004638 895
0.004639 895
0.00464 895
0.004641 895
0.004642 895
0.004643 895
0.004644 895
0.004645 895
0.004646 895
0.004647 894
0.004648 894
0.004649 894
0.00465 894
0.004651 894
0.004652 894
0.004653 894
0.004654 894
0.004655 894
0.004656 894
0.004657 894
0.004658 894
0.004659 894
0.00466 894
0.004661 894
0.004662 894
0.004663 894
0.004664 894
0.004665 893
0.004666 893
0.004667 893
0.004668 893
0.004669 893
0.00467 893
0.004671 893
0.004672 893
0.004673 893
0.004674 893
0.004675 894
0.004676 894
0.004677 893
0.004678 893
0.004679 893
0.00468 893
0.004681 893
0.004682 893
0.004683 893
0.004684 893
0.004685 893
0.004686 893
0.004687 893
0.004688 893
0.004689 893
0.00469 893
0.004691 893
0.004692 893
0.004693 893
0.004694 893
0.004695 893
0.004696 893
0.004697 893
0.004698 893
0.004699 893
0.0047 893
0.004701 893
0.004702 893
0.004703 893
0.004704 893
0.004705 893
0.004706 893
0.004707 893
0.004708 893
0.004709 893
0.00471 893
0.004711 894
0.004712 894
0.004713 894
0.004714 894
0.004715 894
0.004716 894
0.004717 894
0.004718 894
0.004719 893
0.00472 893
0.004721 893
0.004722 893
0.004723 893
0.004724 892
0.004725 892
0.004726 892
0.004727 892
0.004728 892
0.004729 892
0.00473 892
0.004731 892
0.004732 892
0.004733 892
0.004734 892
0.004735 892
0.004736 892
0.004737 892
0.004738 892
0.004739 892
0.00474 892
0.004741 892
0.004742 892
0.004743 892
0.004744 892
0.004745 892
0.004746 893
0.004747 893
0.004748 893
0.004749 893
0.00475 894
0.004751 894
0.004752 894
0.004753 893
0.004754 893
0.004755 893
0.004756 893
0.004757 893
0.004758 893
0.004759 893
0.00476 893
0.004761 893
0.004762 893
0.004763 893
0.004764 893
0.004765 893
0.004766 893
0.004767 893
0.004768 893
0.004769 893
0.00477 893
0.004771 893
0.004772 893
0.004773 892
0.004774 892
0.004775 892
0.004776 891
0.004777 891
0.004778 891
0.004779 890
0.00478 890
0.004781 890
0.004782 891
0.004783 891
0.004784 891
0.004785 891
0.004786 891
0.004787 891
0.004788 891
0.004789 891
0.00479 892
0.004791 892
0.004792 891
0.004793 891
0.004794 891
0.004795 891
0.004796 891
0.004797 890
0.004798 890
0.004799 890
0.0048 890
0.004801 890
0.004802 890
0.004803 890
0.004804 890
0.004805 890
0.004806 890
0.004807 890
0.004808 890
0.004809 890
0.00481 890
0.004811 890
0.004812 890
0.004813 890
0.004814 890
0.004815 890
0.004816 890
0.004817 890
0.004818 890
0.004819 890
0.00482 891
0.004821 891
0.004822 891
0.004823 891
0.004824 891
0.004825 891
0.004826 891
0.004827 891
0.004828 891
0.004829 891
0.00483 891
0.004831 891
0.004832 891
0.004833 891
0.004834 890
0.004835 889
0.004836 889
0.004837 889
0.004838 889
0.004839 889
0.00484 890
0.004841 890
0.004842 890
0.004843 890
0.004844 890
0.004845 890
0.004846 890
0.004847 890
0.004848 890
0.004849 891
0.00485 892
0.004851 892
0.004852 892
0.004853 892
0.004854 892
0.004855 892
0.004856 892
0.004857 892
0.004858 891
0.004859 891
0.00486 891
0.004861 891
0.004862 891
0.004863 891
0.004864 891
0.004865 891
0.004866 891
0.004867 891
0.004868 891
0.004869 891
0.00487 891
0.004871 891
0.004872 891
0.004873 891
0.004874 891
0.004875 891
0.004876 891
0.004877 891
0.004878 891
0.004879 891
0.00488 891
0.004881 891
0.004882 891
0.004883 891
0.004884 891
0.004885 891
0.004886 891
0.004887 891
0.004888 891
0.004889 891
0.00489 891
0.004891 891
0.004892 891
0.004893 891
0.004894 891
0.004895 892
0.004896 892
0.004897 892
0.004898 892
0.004899 892
0.0049 892
0.004901 892
0.004902 892
0.004903 893
0.004904 893
0.004905 893
0.004906 893
0.004907 893
0.004908 893
0.004909 893
0.00491 893
0.004911 892
0.004912 892
0.004913 892
0.004914 892
0.004915 892
0.004916 892
0.004917 892
0.004918 892
0.004919 892
0.00492 892
0.004921 892
0.004922 892
0.004923 892
0.004924 893
0.004925 893
0.004926 893
0.004927 893
0.004928 893
0.004929 893
0.00493 893
0.004931 893
0.004932 893
0.004933 893
0.004934 893
0.004935 893
0.004936 894
0.004937 894
0.004938 894
0.004939 894
0.00494 894
0.004941 894
0.004942 894
0.004943 893
0.004944 893
0.004945 893
0.004946 892
0.004947 892
0.004948 892
0.004949 892
0.00495 892
0.004951 892
0.004952 892
0.004953 892
0.004954 892
0.004955 892
0.004956 892
0.004957 892
0.004958 892
0.004959 892
0.00496 892
0.004961 892
0.004962 892
0.004963 892
0.004964 893
0.004965 893
0.004966 893
0.004967 892
0.004968 892
0.004969 892
0.00497 892
0.004971 892
0.004972 892
0.004973 892
0.004974 892
0.004975 892
0.004976 892
0.004977 892
0.004978 892
0.004979 892
0.00498 892
0.004981 892
0.004982 892
0.004983 891
0.004984 891
0.004985 891
0.004986 891
0.004987 891
0.004988 891
0.004989 891
0.00499 891
0.004991 891
0.004992 891
0.004993 890
0.004994 890
0.004995 890
0.004996 890
0.004997 890
0.004998 890
0.004999 890
0.005 890
