0 591
1e-06 594
2e-06 597
3e-06 600
4e-06 602
5e-06 604
6e-06 603
7e-06 604
8e-06 606
9e-06 609
1e-05 610
1.1e-05 612
1.2e-05 612
1.3e-05 613
1.4e-05 615
1.5e-05 617
1.6e-05 618
1.7e-05 617
1.8e-05 620
1.9e-05 621
2e-05 621
2.1e-05 624
2.2e-05 623
2.3e-05 624
2.4e-05 625
2.5e-05 627
2.6e-05 630
2.7e-05 632
2.8e-05 635
2.9e-05 638
3e-05 638
3.1e-05 641
3.2e-05 645
3.3e-05 646
3.4e-05 648
3.5e-05 651
3.6e-05 653
3.7e-05 653
3.8e-05 652
3.9e-05 652
4e-05 652
4.1e-05 653
4.2e-05 654
4.3e-05 655
4.4e-05 655
4.5e-05 656
4.6e-05 657
4.7e-05 660
4.8e-05 663
4.9e-05 665
5e-05 667
5.1e-05 667
5.2e-05 666
5.3e-05 668
5.4e-05 669
5.5e-05 669
5.6e-05 670
5.7e-05 670
5.8e-05 671
5.9e-05 672
6e-05 672
6.1e-05 674
6.2e-05 676
6.3e-05 676
6.4e-05 677
6.5e-05 677
6.6e-05 678
6.7e-05 677
6.8e-05 678
6.9e-05 679
7e-05 678
7.1e-05 679
7.2e-05 681
7.3e-05 680
7.4e-05 682
7.5e-05 683
7.6e-05 688
7.7e-05 688
7.8e-05 689
7.9e-05 687
8e-05 686
8.1e-05 687
8.2e-05 691
8.3e-05 691
8.4e-05 690
8.5e-05 694
8.6e-05 694
8.7e-05 695
8.8e-05 698
8.9e-05 699
9e-05 699
9.1e-05 700
9.2e-05 702
9.3e-05 699
9.4e-05 699
9.5e-05 700
9.6e-05 699
9.7e-05 701
9.8e-05 701
9.9e-05 701
0.0001 702
0.000101 703
0.000102 703
0.000103 706
0.000104 708
0.000105 708
0.000106 708
0.000107 710
0.000108 710
0.000109 711
0.00011 713
0.000111 714
0.000112 713
0.000113 714
0.000114 716
0.000115 717
0.000116 717
0.000117 718
0.000118 720
0.000119 721
0.00012 723
0.000121 724
0.000122 725
0.000123 725
0.000124 728
0.000125 729
0.000126 731
0.000127 731
0.000128 732
0.000129 732
0.00013 734
0.000131 734
0.000132 734
0.000133 734
0.000134 734
0.000135 734
0.000136 734
0.000137 737
0.000138 738
0.000139 738
0.00014 739
0.000141 739
0.000142 739
0.000143 739
0.000144 739
0.000145 740
0.000146 742
0.000147 742
0.000148 743
0.000149 744
0.00015 745
0.000151 745
0.000152 745
0.000153 745
0.000154 746
0.000155 746
0.000156 748
0.000157 749
0.000158 750
0.000159 750
0.00016 751
0.000161 754
0.000162 755
0.000163 755
0.000164 755
0.000165 755
0.000166 758
0.000167 757
0.000168 757
0.000169 760
0.00017 760
0.000171 760
0.000172 761
0.000173 761
0.000174 761
0.000175 760
0.000176 759
0.000177 760
0.000178 761
0.000179 763
0.00018 763
0.000181 762
0.000182 761
0.000183 762
0.000184 763
0.000185 763
0.000186 764
0.000187 764
0.000188 765
0.000189 765
0.00019 769
0.000191 769
0.000192 771
0.000193 772
0.000194 773
0.000195 772
0.000196 773
0.000197 776
0.000198 777
0.000199 777
0.0002 776
0.000201 777
0.000202 778
0.000203 779
0.000204 781
0.000205 781
0.000206 781
0.000207 781
0.000208 782
0.000209 782
0.00021 783
0.000211 783
0.000212 782
0.000213 784
0.000214 784
0.000215 785
0.000216 786
0.000217 787
0.000218 787
0.000219 787
0.00022 787
0.000221 789
0.000222 789
0.000223 791
0.000224 791
0.000225 791
0.000226 792
0.000227 792
0.000228 794
0.000229 794
0.00023 794
0.000231 792
0.000232 793
0.000233 794
0.000234 794
0.000235 794
0.000236 794
0.000237 794
0.000238 794
0.000239 794
0.00024 793
0.000241 794
0.000242 794
0.000243 794
0.000244 794
0.000245 794
0.000246 794
0.000247 795
0.000248 795
0.000249 796
0.00025 797
0.000251 797
0.000252 797
0.000253 797
0.000254 797
0.000255 798
0.000256 798
0.000257 800
0.000258 800
0.000259 802
0.00026 804
0.000261 804
0.000262 804
0.000263 805
0.000264 805
0.000265 805
0.000266 806
0.000267 806
0.000268 806
0.000269 806
0.00027 806
0.000271 806
0.000272 806
0.000273 805
0.000274 805
0.000275 804
0.000276 804
0.000277 804
0.000278 804
0.000279 805
0.00028 806
0.000281 806
0.000282 806
0.000283 806
0.000284 806
0.000285 807
0.000286 808
0.000287 808
0.000288 808
0.000289 809
0.00029 809
0.000291 809
0.000292 811
0.000293 812
0.000294 812
0.000295 813
0.000296 814
0.000297 814
0.000298 813
0.000299 813
0.0003 813
0.000301 813
0.000302 813
0.000303 813
0.000304 814
0.000305 813
0.000306 813
0.000307 814
0.000308 814
0.000309 814
0.00031 815
0.000311 815
0.000312 815
0.000313 816
0.000314 816
0.000315 817
0.000316 817
0.000317 816
0.000318 816
0.000319 817
0.00032 819
0.000321 818
0.000322 818
0.000323 817
0.000324 818
0.000325 818
0.000326 818
0.000327 818
0.000328 819
0.000329 819
0.00033 820
0.000331 820
0.000332 820
0.000333 820
0.000334 820
0.000335 819
0.000336 819
0.000337 820
0.000338 820
0.000339 820
0.00034 819
0.000341 818
0.000342 818
0.000343 818
0.000344 817
0.000345 817
0.000346 817
0.000347 817
0.000348 817
0.000349 817
0.00035 817
0.000351 818
0.000352 818
0.000353 818
0.000354 818
0.000355 818
0.000356 820
0.000357 822
0.000358 822
0.000359 822
0.00036 822
0.000361 822
0.000362 822
0.000363 822
0.000364 822
0.000365 822
0.000366 822
0.000367 821
0.000368 821
0.000369 821
0.00037 821
0.000371 821
0.000372 821
0.000373 821
0.000374 821
0.000375 821
0.000376 822
0.000377 822
0.000378 822
0.000379 822
0.00038 823
0.000381 823
0.000382 823
0.000383 823
0.000384 824
0.000385 824
0.000386 824
0.000387 824
0.000388 824
0.000389 824
0.00039 824
0.000391 824
0.000392 824
0.000393 824
0.000394 824
0.000395 824
0.000396 824
0.000397 824
0.000398 824
0.000399 824
0.0004 825
0.000401 824
0.000402 825
0.000403 824
0.000404 824
0.000405 824
0.000406 824
0.000407 825
0.000408 825
0.000409 825
0.00041 825
0.000411 825
0.000412 825
0.000413 825
0.000414 824
0.000415 824
0.000416 825
0.000417 825
0.000418 825
0.000419 826
0.00042 826
0.000421 826
0.000422 825
0.000423 826
0.000424 825
0.000425 825
0.000426 826
0.000427 825
0.000428 825
0.000429 825
0.00043 823
0.000431 824
0.000432 825
0.000433 825
0.000434 825
0.000435 826
0.000436 827
0.000437 827
0.000438 827
0.000439 827
0.00044 828
0.000441 828
0.000442 828
0.000443 828
0.000444 829
0.000445 829
0.000446 829
0.000447 829
0.000448 829
0.000449 829
0.00045 829
0.000451 829
0.000452 829
0.000453 829
0.000454 829
0.000455 829
0.000456 829
0.000457 829
0.000458 829
0.000459 829
0.00046 829
0.000461 829
0.000462 829
0.000463 830
0.000464 830
0.000465 830
0.000466 830
0.000467 830
0.000468 830
0.000469 830
0.00047 831
0.000471 831
0.000472 831
0.000473 830
0.000474 830
0.000475 830
0.000476 830
0.000477 830
0.000478 829
0.000479 829
0.00048 829
0.000481 830
0.000482 830
0.000483 830
0.000484 829
0.000485 830
0.000486 831
0.000487 832
0.000488 833
0.000489 833
0.00049 833
0.000491 832
0.000492 831
0.000493 831
0.000494 831
0.000495 831
0.000496 831
0.000497 832
0.000498 832
0.000499 832
0.0005 832
0.000501 833
0.000502 833
0.000503 833
0.000504 833
0.000505 833
0.000506 833
0.000507 833
0.000508 832
0.000509 832
0.00051 832
0.000511 832
0.000512 833
0.000513 833
0.000514 833
0.000515 834
0.000516 835
0.000517 835
0.000518 835
0.000519 835
0.00052 835
0.000521 835
0.000522 835
0.000523 836
0.000524 836
0.000525 836
0.000526 836
0.000527 836
0.000528 836
0.000529 836
0.00053 836
0.000531 836
0.000532 837
0.000533 837
0.000534 837
0.000535 837
0.000536 838
0.000537 838
0.000538 838
0.000539 838
0.00054 837
0.000541 837
0.000542 837
0.000543 837
0.000544 837
0.000545 837
0.000546 837
0.000547 837
0.000548 837
0.000549 837
0.00055 837
0.000551 838
0.000552 838
0.000553 837
0.000554 837
0.000555 837
0.000556 837
0.000557 838
0.000558 838
0.000559 839
0.00056 839
0.000561 839
0.000562 840
0.000563 840
0.000564 840
0.000565 840
0.000566 840
0.000567 841
0.000568 841
0.000569 841
0.00057 841
0.000571 842
0.000572 842
0.000573 842
0.000574 842
0.000575 841
0.000576 841
0.000577 841
0.000578 842
0.000579 842
0.00058 842
0.000581 842
0.000582 842
0.000583 842
0.000584 842
0.000585 843
0.000586 843
0.000587 843
0.000588 843
0.000589 842
0.00059 842
0.000591 842
0.000592 841
0.000593 841
0.000594 841
0.000595 840
0.000596 840
0.000597 840
0.000598 840
0.000599 840
0.0006 840
0.000601 840
0.000602 841
0.000603 841
0.000604 841
0.000605 841
0.000606 841
0.000607 839
0.000608 839
0.000609 839
0.00061 839
0.000611 840
0.000612 840
0.000613 840
0.000614 840
0.000615 840
0.000616 840
0.000617 840
0.000618 840
0.000619 840
0.00062 840
0.000621 840
0.000622 840
0.000623 840
0.000624 840
0.000625 841
0.000626 841
0.000627 842
0.000628 841
0.000629 841
0.00063 841
0.000631 841
0.000632 841
0.000633 841
0.000634 841
0.000635 841
0.000636 841
0.000637 841
0.000638 841
0.000639 841
0.00064 841
0.000641 841
0.000642 841
0.000643 842
0.000644 842
0.000645 842
0.000646 842
0.000647 842
0.000648 842
0.000649 841
0.00065 840
0.000651 840
0.000652 841
0.000653 841
0.000654 841
0.000655 841
0.000656 841
0.000657 841
0.000658 841
0.000659 841
0.00066 840
0.000661 842
0.000662 842
0.000663 842
0.000664 842
0.000665 842
0.000666 841
0.000667 841
0.000668 841
0.000669 841
0.00067 841
0.000671 841
0.000672 841
0.000673 841
0.000674 841
0.000675 841
0.000676 841
0.000677 841
0.000678 840
0.000679 840
0.00068 839
0.000681 840
0.000682 840
0.000683 840
0.000684 840
0.000685 840
0.000686 840
0.000687 840
0.000688 840
0.000689 840
0.00069 840
0.000691 840
0.000692 840
0.000693 840
0.000694 840
0.000695 840
0.000696 840
0.000697 840
0.000698 840
0.000699 839
0.0007 839
0.000701 839
0.000702 839
0.000703 839
0.000704 839
0.000705 839
0.000706 839
0.000707 839
0.000708 839
0.000709 839
0.00071 839
0.000711 839
0.000712 839
0.000713 839
0.000714 839
0.000715 839
0.000716 839
0.000717 839
0.000718 839
0.000719 839
0.00072 839
0.000721 839
0.000722 839
0.000723 839
0.000724 839
0.000725 840
0.000726 840
0.000727 840
0.000728 840
0.000729 840
0.00073 840
0.000731 840
0.000732 840
0.000733 840
0.000734 840
0.000735 840
0.000736 840
0.000737 840
0.000738 840
0.000739 840
0.00074 840
0.000741 840
0.000742 840
0.000743 840
0.000744 840
0.000745 840
0.000746 840
0.000747 840
0.000748 840
0.000749 840
0.00075 840
0.000751 840
0.000752 840
0.000753 840
0.000754 840
0.000755 840
0.000756 840
0.000757 839
0.000758 839
0.000759 839
0.00076 839
0.000761 839
0.000762 839
0.000763 839
0.000764 839
0.000765 839
0.000766 839
0.000767 839
0.000768 839
0.000769 839
0.00077 839
0.000771 839
0.000772 839
0.000773 839
0.000774 839
0.000775 839
0.000776 839
0.000777 840
0.000778 840
0.000779 840
0.00078 840
0.000781 840
0.000782 840
0.000783 840
0.000784 840
0.000785 841
0.000786 841
0.000787 841
0.000788 841
0.000789 841
0.00079 841
0.000791 841
0.000792 842
0.000793 842
0.000794 842
0.000795 842
0.000796 842
0.000797 842
0.000798 843
0.000799 843
0.0008 843
0.000801 843
0.000802 843
0.000803 843
0.000804 843
0.000805 843
0.000806 843
0.000807 842
0.000808 842
0.000809 842
0.00081 842
0.000811 842
0.000812 843
0.000813 843
0.000814 843
0.000815 843
0.000816 843
0.000817 843
0.000818 844
0.000819 844
0.00082 844
0.000821 844
0.000822 844
0.000823 844
0.000824 844
0.000825 844
0.000826 844
0.000827 844
0.000828 844
0.000829 843
0.00083 843
0.000831 843
0.000832 843
0.000833 842
0.000834 842
0.000835 842
0.000836 842
0.000837 842
0.000838 841
0.000839 842
0.00084 841
0.000841 841
0.000842 841
0.000843 841
0.000844 841
0.000845 841
0.000846 841
0.000847 841
0.000848 841
0.000849 841
0.00085 841
0.000851 841
0.000852 841
0.000853 841
0.000854 841
0.000855 842
0.000856 842
0.000857 842
0.000858 842
0.000859 842
0.00086 842
0.000861 842
0.000862 842
0.000863 842
0.000864 842
0.000865 842
0.000866 842
0.000867 842
0.000868 842
0.000869 842
0.00087 842
0.000871 842
0.000872 842
0.000873 842
0.000874 842
0.000875 842
0.000876 842
0.000877 843
0.000878 843
0.000879 843
0.00088 843
0.000881 843
0.000882 843
0.000883 843
0.000884 843
0.000885 844
0.000886 843
0.000887 843
0.000888 843
0.000889 843
0.00089 843
0.000891 844
0.000892 844
0.000893 844
0.000894 843
0.000895 843
0.000896 843
0.000897 843
0.000898 843
0.000899 843
0.0009 843
0.000901 844
0.000902 844
0.000903 843
0.000904 843
0.000905 843
0.000906 843
0.000907 843
0.000908 843
0.000909 843
0.00091 843
0.000911 843
0.000912 843
0.000913 843
0.000914 843
0.000915 843
0.000916 843
0.000917 843
0.000918 844
0.000919 844
0.00092 844
0.000921 844
0.000922 844
0.000923 844
0.000924 844
0.000925 844
0.000926 844
0.000927 844
0.000928 844
0.000929 844
0.00093 844
0.000931 844
0.000932 844
0.000933 843
0.000934 843
0.000935 843
0.000936 843
0.000937 843
0.000938 843
0.000939 843
0.00094 842
0.000941 842
0.000942 842
0.000943 842
0.000944 842
0.000945 842
0.000946 842
0.000947 842
0.000948 842
0.000949 842
0.00095 842
0.000951 842
0.000952 842
0.000953 842
0.000954 842
0.000955 842
0.000956 842
0.000957 842
0.000958 842
0.000959 842
0.00096 843
0.000961 843
0.000962 843
0.000963 843
0.000964 843
0.000965 843
0.000966 843
0.000967 843
0.000968 843
0.000969 843
0.00097 843
0.000971 843
0.000972 843
0.000973 843
0.000974 843
0.000975 843
0.000976 842
0.000977 842
0.000978 843
0.000979 844
0.00098 844
0.000981 844
0.000982 844
0.000983 844
0.000984 844
0.000985 844
0.000986 844
0.000987 844
0.000988 845
0.000989 845
0.00099 845
0.000991 845
0.000992 845
0.000993 845
0.000994 845
0.000995 845
0.000996 845
0.000997 845
0.000998 845
0.000999 845
0.001 845
0.001001 845
0.001002 845
0.001003 845
0.001004 845
0.001005 845
0.001006 845
0.001007 845
0.001008 845
0.001009 845
0.00101 845
0.001011 845
0.001012 846
0.001013 846
0.001014 846
0.001015 846
0.001016 846
0.001017 846
0.001018 846
0.001019 846
0.00102 846
0.001021 846
0.001022 846
0.001023 846
0.001024 846
0.001025 846
0.001026 846
0.001027 846
0.001028 846
0.001029 846
0.00103 846
0.001031 845
0.001032 845
0.001033 845
0.001034 845
0.001035 845
0.001036 845
0.001037 845
0.001038 845
0.001039 845
0.00104 845
0.001041 845
0.001042 845
0.001043 845
0.001044 845
0.001045 845
0.001046 845
0.001047 845
0.001048 845
0.001049 845
0.00105 845
0.001051 845
0.001052 845
0.001053 845
0.001054 845
0.001055 845
0.001056 845
0.001057 845
0.001058 845
0.001059 845
0.00106 845
0.001061 845
0.001062 845
0.001063 846
0.001064 846
0.001065 846
0.001066 846
0.001067 846
0.001068 846
0.001069 846
0.00107 846
0.001071 846
0.001072 846
0.001073 846
0.001074 846
0.001075 846
0.001076 846
0.001077 846
0.001078 846
0.001079 846
0.00108 845
0.001081 845
0.001082 845
0.001083 845
0.001084 845
0.001085 846
0.001086 846
0.001087 846
0.001088 846
0.001089 846
0.00109 846
0.001091 846
0.001092 846
0.001093 846
0.001094 846
0.001095 846
0.001096 846
0.001097 846
0.001098 846
0.001099 846
0.0011 846
0.001101 846
0.001102 846
0.001103 846
0.001104 846
0.001105 846
0.001106 846
0.001107 846
0.001108 846
0.001109 846
0.00111 846
0.001111 846
0.001112 846
0.001113 846
0.001114 846
0.001115 846
0.001116 846
0.001117 846
0.001118 846
0.001119 846
0.00112 846
0.001121 846
0.001122 846
0.001123 846
0.001124 846
0.001125 847
0.001126 847
0.001127 847
0.001128 847
0.001129 847
0.00113 847
0.001131 847
0.001132 847
0.001133 847
0.001134 847
0.001135 847
0.001136 846
0.001137 846
0.001138 846
0.001139 846
0.00114 846
0.001141 846
0.001142 846
0.001143 846
0.001144 846
0.001145 846
0.001146 846
0.001147 846
0.001148 846
0.001149 846
0.00115 846
0.001151 846
0.001152 846
0.001153 846
0.001154 845
0.001155 845
0.001156 845
0.001157 845
0.001158 845
0.001159 846
0.00116 845
0.001161 845
0.001162 845
0.001163 845
0.001164 845
0.001165 845
0.001166 845
0.001167 845
0.001168 845
0.001169 845
0.00117 845
0.001171 845
0.001172 846
0.001173 846
0.001174 846
0.001175 846
0.001176 846
0.001177 846
0.001178 846
0.001179 846
0.00118 846
0.001181 847
0.001182 847
0.001183 847
0.001184 847
0.001185 848
0.001186 849
0.001187 849
0.001188 849
0.001189 849
0.00119 849
0.001191 849
0.001192 849
0.001193 849
0.001194 849
0.001195 849
0.001196 849
0.001197 849
0.001198 849
0.001199 849
0.0012 849
0.001201 849
0.001202 849
0.001203 849
0.001204 849
0.001205 849
0.001206 849
0.001207 849
0.001208 849
0.001209 849
0.00121 849
0.001211 849
0.001212 849
0.001213 849
0.001214 849
0.001215 849
0.001216 849
0.001217 849
0.001218 849
0.001219 849
0.00122 849
0.001221 849
0.001222 849
0.001223 849
0.001224 849
0.001225 849
0.001226 849
0.001227 849
0.001228 849
0.001229 849
0.00123 850
0.001231 850
0.001232 850
0.001233 850
0.001234 850
0.001235 850
0.001236 850
0.001237 850
0.001238 850
0.001239 849
0.00124 849
0.001241 849
0.001242 849
0.001243 849
0.001244 849
0.001245 849
0.001246 850
0.001247 850
0.001248 850
0.001249 849
0.00125 849
0.001251 849
0.001252 849
0.001253 849
0.001254 849
0.001255 850
0.001256 850
0.001257 850
0.001258 850
0.001259 850
0.00126 850
0.001261 851
0.001262 851
0.001263 851
0.001264 851
0.001265 851
0.001266 851
0.001267 851
0.001268 851
0.001269 851
0.00127 852
0.001271 852
0.001272 853
0.001273 853
0.001274 853
0.001275 851
0.001276 851
0.001277 851
0.001278 851
0.001279 851
0.00128 851
0.001281 851
0.001282 851
0.001283 851
0.001284 851
0.001285 851
0.001286 850
0.001287 850
0.001288 850
0.001289 849
0.00129 850
0.001291 849
0.001292 849
0.001293 849
0.001294 849
0.001295 849
0.001296 849
0.001297 849
0.001298 849
0.001299 849
0.0013 849
0.001301 849
0.001302 849
0.001303 849
0.001304 849
0.001305 849
0.001306 849
0.001307 849
0.001308 849
0.001309 849
0.00131 848
0.001311 848
0.001312 848
0.001313 848
0.001314 848
0.001315 848
0.001316 848
0.001317 848
0.001318 848
0.001319 848
0.00132 848
0.001321 848
0.001322 848
0.001323 848
0.001324 848
0.001325 848
0.001326 847
0.001327 847
0.001328 847
0.001329 847
0.00133 847
0.001331 847
0.001332 847
0.001333 847
0.001334 847
0.001335 847
0.001336 848
0.001337 848
0.001338 848
0.001339 848
0.00134 848
0.001341 849
0.001342 849
0.001343 849
0.001344 849
0.001345 850
0.001346 850
0.001347 850
0.001348 850
0.001349 850
0.00135 850
0.001351 850
0.001352 850
0.001353 850
0.001354 850
0.001355 850
0.001356 850
0.001357 850
0.001358 850
0.001359 850
0.00136 850
0.001361 850
0.001362 850
0.001363 850
0.001364 850
0.001365 850
0.001366 850
0.001367 850
0.001368 850
0.001369 849
0.00137 849
0.001371 848
0.001372 848
0.001373 848
0.001374 849
0.001375 849
0.001376 850
0.001377 850
0.001378 850
0.001379 850
0.00138 850
0.001381 850
0.001382 850
0.001383 850
0.001384 850
0.001385 850
0.001386 850
0.001387 850
0.001388 849
0.001389 849
0.00139 849
0.001391 849
0.001392 849
0.001393 849
0.001394 849
0.001395 849
0.001396 849
0.001397 849
0.001398 849
0.001399 849
0.0014 849
0.001401 849
0.001402 849
0.001403 849
0.001404 849
0.001405 850
0.001406 850
0.001407 850
0.001408 849
0.001409 849
0.00141 849
0.001411 849
0.001412 849
0.001413 849
0.001414 849
0.001415 849
0.001416 849
0.001417 848
0.001418 848
0.001419 848
0.00142 848
0.001421 848
0.001422 848
0.001423 848
0.001424 848
0.001425 848
0.001426 848
0.001427 848
0.001428 848
0.001429 848
0.00143 848
0.001431 848
0.001432 848
0.001433 848
0.001434 848
0.001435 848
0.001436 847
0.001437 847
0.001438 847
0.001439 847
0.00144 847
0.001441 847
0.001442 847
0.001443 847
0.001444 847
0.001445 847
0.001446 846
0.001447 846
0.001448 846
0.001449 846
0.00145 847
0.001451 847
0.001452 847
0.001453 847
0.001454 847
0.001455 847
0.001456 847
0.001457 847
0.001458 846
0.001459 846
0.00146 846
0.001461 846
0.001462 846
0.001463 846
0.001464 846
0.001465 846
0.001466 846
0.001467 846
0.001468 846
0.001469 846
0.00147 846
0.001471 846
0.001472 846
0.001473 846
0.001474 846
0.001475 846
0.001476 847
0.001477 847
0.001478 847
0.001479 847
0.00148 847
0.001481 847
0.001482 847
0.001483 848
0.001484 848
0.001485 848
0.001486 848
0.001487 848
0.001488 849
0.001489 849
0.00149 849
0.001491 849
0.001492 849
0.001493 848
0.001494 849
0.001495 849
0.001496 849
0.001497 849
0.001498 849
0.001499 849
0.0015 849
0.001501 849
0.001502 849
0.001503 849
0.001504 849
0.001505 849
0.001506 849
0.001507 849
0.001508 849
0.001509 849
0.00151 849
0.001511 849
0.001512 848
0.001513 848
0.001514 848
0.001515 848
0.001516 848
0.001517 848
0.001518 848
0.001519 848
0.00152 848
0.001521 848
0.001522 848
0.001523 848
0.001524 848
0.001525 848
0.001526 848
0.001527 848
0.001528 848
0.001529 848
0.00153 849
0.001531 849
0.001532 849
0.001533 848
0.001534 847
0.001535 847
0.001536 848
0.001537 848
0.001538 848
0.001539 848
0.00154 848
0.001541 848
0.001542 848
0.001543 848
0.001544 848
0.001545 848
0.001546 848
0.001547 848
0.001548 848
0.001549 848
0.00155 848
0.001551 848
0.001552 848
0.001553 848
0.001554 848
0.001555 848
0.001556 849
0.001557 849
0.001558 849
0.001559 849
0.00156 849
0.001561 848
0.001562 848
0.001563 848
0.001564 848
0.001565 848
0.001566 848
0.001567 848
0.001568 848
0.001569 848
0.00157 848
0.001571 848
0.001572 848
0.001573 848
0.001574 848
0.001575 849
0.001576 849
0.001577 849
0.001578 849
0.001579 849
0.00158 849
0.001581 849
0.001582 849
0.001583 849
0.001584 849
0.001585 850
0.001586 850
0.001587 850
0.001588 850
0.001589 850
0.00159 850
0.001591 850
0.001592 850
0.001593 849
0.001594 849
0.001595 849
0.001596 849
0.001597 849
0.001598 849
0.001599 849
0.0016 849
0.001601 849
0.001602 849
0.001603 849
0.001604 849
0.001605 849
0.001606 849
0.001607 849
0.001608 849
0.001609 849
0.00161 850
0.001611 850
0.001612 850
0.001613 850
0.001614 850
0.001615 850
0.001616 851
0.001617 850
0.001618 850
0.001619 850
0.00162 850
0.001621 850
0.001622 850
0.001623 850
0.001624 850
0.001625 851
0.001626 851
0.001627 851
0.001628 851
0.001629 851
0.00163 851
0.001631 851
0.001632 851
0.001633 851
0.001634 851
0.001635 851
0.001636 851
0.001637 851
0.001638 851
0.001639 851
0.00164 851
0.001641 851
0.001642 851
0.001643 851
0.001644 851
0.001645 851
0.001646 851
0.001647 851
0.001648 851
0.001649 851
0.00165 851
0.001651 851
0.001652 851
0.001653 851
0.001654 851
0.001655 852
0.001656 852
0.001657 852
0.001658 852
0.001659 852
0.00166 852
0.001661 852
0.001662 852
0.001663 852
0.001664 852
0.001665 852
0.001666 852
0.001667 852
0.001668 852
0.001669 851
0.00167 852
0.001671 851
0.001672 851
0.001673 851
0.001674 851
0.001675 851
0.001676 852
0.001677 852
0.001678 852
0.001679 852
0.00168 852
0.001681 852
0.001682 852
0.001683 852
0.001684 852
0.001685 852
0.001686 852
0.001687 852
0.001688 852
0.001689 852
0.00169 852
0.001691 852
0.001692 852
0.001693 852
0.001694 852
0.001695 852
0.001696 852
0.001697 852
0.001698 852
0.001699 852
0.0017 852
0.001701 852
0.001702 852
0.001703 852
0.001704 853
0.001705 853
0.001706 853
0.001707 853
0.001708 853
0.001709 853
0.00171 853
0.001711 853
0.001712 853
0.001713 853
0.001714 853
0.001715 853
0.001716 853
0.001717 853
0.001718 853
0.001719 853
0.00172 853
0.001721 853
0.001722 853
0.001723 853
0.001724 854
0.001725 854
0.001726 854
0.001727 854
0.001728 854
0.001729 854
0.00173 854
0.001731 854
0.001732 855
0.001733 855
0.001734 855
0.001735 855
0.001736 854
0.001737 854
0.001738 854
0.001739 854
0.00174 854
0.001741 853
0.001742 853
0.001743 853
0.001744 853
0.001745 853
0.001746 853
0.001747 853
0.001748 853
0.001749 853
0.00175 853
0.001751 854
0.001752 855
0.001753 855
0.001754 855
0.001755 855
0.001756 855
0.001757 855
0.001758 854
0.001759 854
0.00176 854
0.001761 854
0.001762 854
0.001763 854
0.001764 854
0.001765 853
0.001766 853
0.001767 853
0.001768 853
0.001769 853
0.00177 853
0.001771 853
0.001772 853
0.001773 854
0.001774 854
0.001775 854
0.001776 854
0.001777 854
0.001778 854
0.001779 854
0.00178 854
0.001781 854
0.001782 855
0.001783 855
0.001784 855
0.001785 855
0.001786 855
0.001787 855
0.001788 855
0.001789 855
0.00179 855
0.001791 855
0.001792 855
0.001793 855
0.001794 855
0.001795 855
0.001796 854
0.001797 854
0.001798 854
0.001799 854
0.0018 854
0.001801 854
0.001802 854
0.001803 854
0.001804 855
0.001805 855
0.001806 855
0.001807 855
0.001808 855
0.001809 855
0.00181 855
0.001811 855
0.001812 855
0.001813 855
0.001814 855
0.001815 855
0.001816 855
0.001817 855
0.001818 855
0.001819 855
0.00182 856
0.001821 856
0.001822 856
0.001823 856
0.001824 856
0.001825 856
0.001826 856
0.001827 856
0.001828 856
0.001829 855
0.00183 855
0.001831 855
0.001832 855
0.001833 855
0.001834 855
0.001835 855
0.001836 855
0.001837 855
0.001838 855
0.001839 855
0.00184 855
0.001841 855
0.001842 855
0.001843 855
0.001844 855
0.001845 855
0.001846 855
0.001847 855
0.001848 855
0.001849 855
0.00185 855
0.001851 855
0.001852 855
0.001853 855
0.001854 855
0.001855 855
0.001856 855
0.001857 855
0.001858 855
0.001859 855
0.00186 855
0.001861 855
0.001862 855
0.001863 855
0.001864 855
0.001865 855
0.001866 855
0.001867 855
0.001868 855
0.001869 855
0.00187 856
0.001871 856
0.001872 856
0.001873 856
0.001874 856
0.001875 856
0.001876 855
0.001877 855
0.001878 855
0.001879 855
0.00188 855
0.001881 855
0.001882 855
0.001883 856
0.001884 856
0.001885 856
0.001886 857
0.001887 856
0.001888 856
0.001889 856
0.00189 857
0.001891 857
0.001892 857
0.001893 857
0.001894 857
0.001895 857
0.001896 857
0.001897 857
0.001898 857
0.001899 857
0.0019 857
0.001901 858
0.001902 858
0.001903 858
0.001904 858
0.001905 858
0.001906 858
0.001907 858
0.001908 858
0.001909 858
0.00191 857
0.001911 857
0.001912 858
0.001913 858
0.001914 858
0.001915 858
0.001916 858
0.001917 858
0.001918 857
0.001919 857
0.00192 857
0.001921 857
0.001922 858
0.001923 858
0.001924 858
0.001925 858
0.001926 859
0.001927 859
0.001928 859
0.001929 859
0.00193 859
0.001931 859
0.001932 859
0.001933 859
0.001934 859
0.001935 859
0.001936 859
0.001937 859
0.001938 859
0.001939 859
0.00194 859
0.001941 859
0.001942 859
0.001943 859
0.001944 859
0.001945 859
0.001946 859
0.001947 859
0.001948 859
0.001949 859
0.00195 859
0.001951 859
0.001952 859
0.001953 859
0.001954 859
0.001955 860
0.001956 860
0.001957 860
0.001958 860
0.001959 860
0.00196 859
0.001961 859
0.001962 859
0.001963 859
0.001964 859
0.001965 859
0.001966 859
0.001967 858
0.001968 858
0.001969 858
0.00197 858
0.001971 858
0.001972 858
0.001973 858
0.001974 858
0.001975 859
0.001976 860
0.001977 860
0.001978 860
0.001979 861
0.00198 861
0.001981 861
0.001982 861
0.001983 862
0.001984 862
0.001985 862
0.001986 862
0.001987 862
0.001988 862
0.001989 862
0.00199 862
0.001991 862
0.001992 862
0.001993 862
0.001994 862
0.001995 862
0.001996 862
0.001997 862
0.001998 862
0.001999 862
0.002 862
0.002001 862
0.002002 862
0.002003 862
0.002004 861
0.002005 860
0.002006 860
0.002007 860
0.002008 860
0.002009 860
0.00201 860
0.002011 860
0.002012 860
0.002013 860
0.002014 860
0.002015 860
0.002016 860
0.002017 859
0.002018 859
0.002019 859
0.00202 859
0.002021 859
0.002022 859
0.002023 858
0.002024 858
0.002025 858
0.002026 858
0.002027 858
0.002028 858
0.002029 857
0.00203 857
0.002031 858
0.002032 858
0.002033 858
0.002034 858
0.002035 858
0.002036 858
0.002037 858
0.002038 858
0.002039 858
0.00204 859
0.002041 859
0.002042 859
0.002043 859
0.002044 859
0.002045 859
0.002046 859
0.002047 860
0.002048 860
0.002049 860
0.00205 860
0.002051 860
0.002052 860
0.002053 860
0.002054 860
0.002055 860
0.002056 859
0.002057 859
0.002058 859
0.002059 859
0.00206 859
0.002061 859
0.002062 859
0.002063 859
0.002064 859
0.002065 859
0.002066 859
0.002067 859
0.002068 859
0.002069 859
0.00207 859
0.002071 859
0.002072 859
0.002073 859
0.002074 859
0.002075 859
0.002076 859
0.002077 858
0.002078 858
0.002079 858
0.00208 858
0.002081 858
0.002082 857
0.002083 857
0.002084 857
0.002085 857
0.002086 857
0.002087 857
0.002088 857
0.002089 857
0.00209 857
0.002091 857
0.002092 858
0.002093 858
0.002094 858
0.002095 858
0.002096 858
0.002097 858
0.002098 858
0.002099 857
0.0021 857
0.002101 857
0.002102 857
0.002103 858
0.002104 858
0.002105 858
0.002106 858
0.002107 858
0.002108 858
0.002109 858
0.00211 858
0.002111 858
0.002112 858
0.002113 858
0.002114 859
0.002115 859
0.002116 859
0.002117 859
0.002118 859
0.002119 859
0.00212 859
0.002121 859
0.002122 859
0.002123 860
0.002124 860
0.002125 860
0.002126 860
0.002127 860
0.002128 860
0.002129 860
0.00213 860
0.002131 860
0.002132 860
0.002133 860
0.002134 860
0.002135 860
0.002136 861
0.002137 861
0.002138 861
0.002139 861
0.00214 861
0.002141 861
0.002142 861
0.002143 861
0.002144 861
0.002145 861
0.002146 861
0.002147 861
0.002148 861
0.002149 861
0.00215 861
0.002151 861
0.002152 861
0.002153 861
0.002154 861
0.002155 861
0.002156 861
0.002157 862
0.002158 861
0.002159 861
0.00216 861
0.002161 861
0.002162 861
0.002163 861
0.002164 861
0.002165 861
0.002166 861
0.002167 861
0.002168 861
0.002169 861
0.00217 862
0.002171 862
0.002172 862
0.002173 862
0.002174 861
0.002175 861
0.002176 861
0.002177 861
0.002178 861
0.002179 861
0.00218 861
0.002181 860
0.002182 860
0.002183 859
0.002184 859
0.002185 858
0.002186 858
0.002187 858
0.002188 858
0.002189 858
0.00219 858
0.002191 858
0.002192 858
0.002193 858
0.002194 858
0.002195 858
0.002196 858
0.002197 858
0.002198 858
0.002199 858
0.0022 858
0.002201 858
0.002202 857
0.002203 857
0.002204 857
0.002205 857
0.002206 857
0.002207 857
0.002208 858
0.002209 858
0.00221 858
0.002211 858
0.002212 858
0.002213 859
0.002214 859
0.002215 859
0.002216 859
0.002217 859
0.002218 859
0.002219 859
0.00222 859
0.002221 859
0.002222 859
0.002223 859
0.002224 859
0.002225 859
0.002226 859
0.002227 859
0.002228 859
0.002229 859
0.00223 860
0.002231 860
0.002232 860
0.002233 861
0.002234 861
0.002235 861
0.002236 861
0.002237 861
0.002238 861
0.002239 861
0.00224 861
0.002241 861
0.002242 861
0.002243 861
0.002244 861
0.002245 861
0.002246 862
0.002247 862
0.002248 862
0.002249 862
0.00225 862
0.002251 862
0.002252 862
0.002253 862
0.002254 862
0.002255 862
0.002256 862
0.002257 863
0.002258 863
0.002259 863
0.00226 863
0.002261 863
0.002262 863
0.002263 863
0.002264 863
0.002265 863
0.002266 863
0.002267 863
0.002268 863
0.002269 863
0.00227 863
0.002271 863
0.002272 863
0.002273 863
0.002274 863
0.002275 863
0.002276 863
0.002277 863
0.002278 863
0.002279 863
0.00228 863
0.002281 863
0.002282 863
0.002283 863
0.002284 862
0.002285 862
0.002286 862
0.002287 862
0.002288 862
0.002289 863
0.00229 863
0.002291 863
0.002292 863
0.002293 863
0.002294 864
0.002295 864
0.002296 864
0.002297 864
0.002298 864
0.002299 864
0.0023 864
0.002301 864
0.002302 864
0.002303 864
0.002304 864
0.002305 863
0.002306 863
0.002307 863
0.002308 863
0.002309 863
0.00231 863
0.002311 863
0.002312 863
0.002313 863
0.002314 862
0.002315 863
0.002316 864
0.002317 864
0.002318 864
0.002319 864
0.00232 864
0.002321 864
0.002322 864
0.002323 864
0.002324 864
0.002325 864
0.002326 864
0.002327 864
0.002328 864
0.002329 864
0.00233 864
0.002331 864
0.002332 864
0.002333 864
0.002334 864
0.002335 864
0.002336 864
0.002337 864
0.002338 864
0.002339 864
0.00234 864
0.002341 864
0.002342 864
0.002343 864
0.002344 864
0.002345 864
0.002346 864
0.002347 864
0.002348 864
0.002349 865
0.00235 865
0.002351 865
0.002352 865
0.002353 865
0.002354 865
0.002355 865
0.002356 865
0.002357 864
0.002358 864
0.002359 864
0.00236 865
0.002361 865
0.002362 864
0.002363 864
0.002364 864
0.002365 864
0.002366 864
0.002367 864
0.002368 864
0.002369 864
0.00237 864
0.002371 864
0.002372 864
0.002373 864
0.002374 864
0.002375 864
0.002376 864
0.002377 864
0.002378 864
0.002379 864
0.00238 864
0.002381 864
0.002382 864
0.002383 864
0.002384 864
0.002385 864
0.002386 864
0.002387 864
0.002388 864
0.002389 864
0.00239 864
0.002391 864
0.002392 864
0.002393 864
0.002394 864
0.002395 863
0.002396 863
0.002397 863
0.002398 863
0.002399 863
0.0024 863
0.002401 863
0.002402 863
0.002403 864
0.002404 864
0.002405 864
0.002406 864
0.002407 864
0.002408 864
0.002409 864
0.00241 864
0.002411 864
0.002412 865
0.002413 865
0.002414 865
0.002415 866
0.002416 866
0.002417 866
0.002418 866
0.002419 866
0.00242 866
0.002421 866
0.002422 866
0.002423 866
0.002424 866
0.002425 866
0.002426 866
0.002427 866
0.002428 866
0.002429 866
0.00243 866
0.002431 866
0.002432 866
0.002433 865
0.002434 865
0.002435 865
0.002436 865
0.002437 865
0.002438 865
0.002439 866
0.00244 866
0.002441 866
0.002442 866
0.002443 866
0.002444 866
0.002445 865
0.002446 865
0.002447 865
0.002448 865
0.002449 865
0.00245 865
0.002451 865
0.002452 865
0.002453 865
0.002454 865
0.002455 865
0.002456 867
0.002457 867
0.002458 868
0.002459 868
0.00246 868
0.002461 868
0.002462 868
0.002463 868
0.002464 868
0.002465 868
0.002466 868
0.002467 868
0.002468 869
0.002469 869
0.00247 869
0.002471 869
0.002472 869
0.002473 869
0.002474 869
0.002475 869
0.002476 869
0.002477 869
0.002478 869
0.002479 870
0.00248 870
0.002481 870
0.002482 870
0.002483 869
0.002484 869
0.002485 869
0.002486 868
0.002487 868
0.002488 868
0.002489 868
0.00249 867
0.002491 867
0.002492 867
0.002493 867
0.002494 867
0.002495 867
0.002496 865
0.002497 865
0.002498 865
0.002499 864
0.0025 864
0.002501 864
0.002502 864
0.002503 864
0.002504 864
0.002505 864
0.002506 864
0.002507 864
0.002508 864
0.002509 865
0.00251 865
0.002511 865
0.002512 864
0.002513 865
0.002514 865
0.002515 865
0.002516 865
0.002517 865
0.002518 865
0.002519 865
0.00252 865
0.002521 865
0.002522 865
0.002523 865
0.002524 865
0.002525 865
0.002526 865
0.002527 865
0.002528 865
0.002529 865
0.00253 865
0.002531 865
0.002532 864
0.002533 864
0.002534 864
0.002535 864
0.002536 864
0.002537 864
0.002538 864
0.002539 864
0.00254 864
0.002541 864
0.002542 864
0.002543 864
0.002544 864
0.002545 864
0.002546 864
0.002547 864
0.002548 864
0.002549 864
0.00255 864
0.002551 864
0.002552 864
0.002553 864
0.002554 864
0.002555 864
0.002556 864
0.002557 864
0.002558 864
0.002559 865
0.00256 865
0.002561 865
0.002562 865
0.002563 865
0.002564 864
0.002565 864
0.002566 865
0.002567 865
0.002568 865
0.002569 865
0.00257 865
0.002571 865
0.002572 865
0.002573 865
0.002574 865
0.002575 865
0.002576 865
0.002577 865
0.002578 865
0.002579 865
0.00258 865
0.002581 865
0.002582 865
0.002583 864
0.002584 865
0.002585 865
0.002586 865
0.002587 865
0.002588 865
0.002589 865
0.00259 865
0.002591 865
0.002592 865
0.002593 865
0.002594 865
0.002595 865
0.002596 865
0.002597 865
0.002598 865
0.002599 865
0.0026 865
0.002601 865
0.002602 865
0.002603 865
0.002604 865
0.002605 865
0.002606 865
0.002607 865
0.002608 865
0.002609 866
0.00261 866
0.002611 866
0.002612 866
0.002613 866
0.002614 866
0.002615 866
0.002616 866
0.002617 866
0.002618 866
0.002619 866
0.00262 866
0.002621 866
0.002622 866
0.002623 866
0.002624 866
0.002625 866
0.002626 866
0.002627 866
0.002628 866
0.002629 866
0.00263 865
0.002631 865
0.002632 865
0.002633 865
0.002634 865
0.002635 865
0.002636 865
0.002637 865
0.002638 865
0.002639 865
0.00264 865
0.002641 865
0.002642 865
0.002643 865
0.002644 865
0.002645 865
0.002646 865
0.002647 865
0.002648 865
0.002649 865
0.00265 865
0.002651 865
0.002652 865
0.002653 865
0.002654 865
0.002655 865
0.002656 866
0.002657 866
0.002658 866
0.002659 866
0.00266 866
0.002661 866
0.002662 866
0.002663 866
0.002664 867
0.002665 867
0.002666 868
0.002667 868
0.002668 868
0.002669 868
0.00267 868
0.002671 868
0.002672 868
0.002673 868
0.002674 869
0.002675 869
0.002676 869
0.002677 869
0.002678 870
0.002679 870
0.00268 870
0.002681 870
0.002682 870
0.002683 870
0.002684 870
0.002685 870
0.002686 870
0.002687 870
0.002688 870
0.002689 870
0.00269 869
0.002691 870
0.002692 870
0.002693 870
0.002694 870
0.002695 870
0.002696 870
0.002697 870
0.002698 870
0.002699 870
0.0027 870
0.002701 870
0.002702 870
0.002703 870
0.002704 870
0.002705 870
0.002706 869
0.002707 868
0.002708 868
0.002709 868
0.00271 868
0.002711 868
0.002712 868
0.002713 868
0.002714 869
0.002715 869
0.002716 869
0.002717 869
0.002718 869
0.002719 869
0.00272 869
0.002721 869
0.002722 869
0.002723 869
0.002724 869
0.002725 869
0.002726 869
0.002727 869
0.002728 869
0.002729 869
0.00273 869
0.002731 869
0.002732 869
0.002733 869
0.002734 869
0.002735 869
0.002736 869
0.002737 869
0.002738 869
0.002739 869
0.00274 869
0.002741 869
0.002742 869
0.002743 869
0.002744 869
0.002745 869
0.002746 869
0.002747 869
0.002748 869
0.002749 869
0.00275 869
0.002751 869
0.002752 870
0.002753 870
0.002754 871
0.002755 871
0.002756 871
0.002757 871
0.002758 871
0.002759 871
0.00276 872
0.002761 872
0.002762 872
0.002763 872
0.002764 872
0.002765 872
0.002766 872
0.002767 872
0.002768 872
0.002769 872
0.00277 872
0.002771 872
0.002772 872
0.002773 872
0.002774 872
0.002775 872
0.002776 872
0.002777 873
0.002778 873
0.002779 873
0.00278 873
0.002781 873
0.002782 873
0.002783 873
0.002784 873
0.002785 873
0.002786 873
0.002787 873
0.002788 873
0.002789 873
0.00279 873
0.002791 873
0.002792 873
0.002793 873
0.002794 873
0.002795 873
0.002796 873
0.002797 873
0.002798 873
0.002799 873
0.0028 873
0.002801 873
0.002802 873
0.002803 873
0.002804 873
0.002805 873
0.002806 873
0.002807 873
0.002808 873
0.002809 873
0.00281 873
0.002811 873
0.002812 873
0.002813 873
0.002814 872
0.002815 872
0.002816 872
0.002817 872
0.002818 872
0.002819 872
0.00282 872
0.002821 872
0.002822 872
0.002823 872
0.002824 872
0.002825 872
0.002826 872
0.002827 872
0.002828 873
0.002829 872
0.00283 872
0.002831 872
0.002832 872
0.002833 873
0.002834 873
0.002835 874
0.002836 874
0.002837 874
0.002838 874
0.002839 874
0.00284 874
0.002841 874
0.002842 874
0.002843 873
0.002844 873
0.002845 873
0.002846 873
0.002847 873
0.002848 873
0.002849 873
0.00285 873
0.002851 873
0.002852 873
0.002853 873
0.002854 873
0.002855 873
0.002856 873
0.002857 873
0.002858 873
0.002859 873
0.00286 873
0.002861 873
0.002862 873
0.002863 873
0.002864 873
0.002865 873
0.002866 873
0.002867 873
0.002868 873
0.002869 873
0.00287 873
0.002871 873
0.002872 874
0.002873 874
0.002874 874
0.002875 874
0.002876 874
0.002877 874
0.002878 874
0.002879 874
0.00288 874
0.002881 874
0.002882 873
0.002883 873
0.002884 873
0.002885 873
0.002886 873
0.002887 873
0.002888 873
0.002889 872
0.00289 872
0.002891 872
0.002892 872
0.002893 872
0.002894 872
0.002895 872
0.002896 872
0.002897 872
0.002898 872
0.002899 872
0.0029 872
0.002901 872
0.002902 872
0.002903 872
0.002904 872
0.002905 872
0.002906 872
0.002907 872
0.002908 872
0.002909 872
0.00291 871
0.002911 871
0.002912 871
0.002913 871
0.002914 871
0.002915 871
0.002916 871
0.002917 871
0.002918 871
0.002919 871
0.00292 871
0.002921 872
0.002922 872
0.002923 872
0.002924 872
0.002925 872
0.002926 872
0.002927 872
0.002928 872
0.002929 872
0.00293 872
0.002931 872
0.002932 872
0.002933 872
0.002934 872
0.002935 872
0.002936 872
0.002937 872
0.002938 872
0.002939 872
0.00294 872
0.002941 872
0.002942 872
0.002943 872
0.002944 872
0.002945 872
0.002946 872
0.002947 872
0.002948 872
0.002949 872
0.00295 872
0.002951 872
0.002952 872
0.002953 872
0.002954 871
0.002955 871
0.002956 871
0.002957 871
0.002958 871
0.002959 871
0.00296 871
0.002961 871
0.002962 871
0.002963 871
0.002964 871
0.002965 871
0.002966 871
0.002967 871
0.002968 872
0.002969 872
0.00297 872
0.002971 872
0.002972 872
0.002973 872
0.002974 872
0.002975 872
0.002976 872
0.002977 872
0.002978 872
0.002979 872
0.00298 872
0.002981 872
0.002982 872
0.002983 872
0.002984 871
0.002985 871
0.002986 871
0.002987 871
0.002988 871
0.002989 871
0.00299 871
0.002991 871
0.002992 871
0.002993 872
0.002994 873
0.002995 873
0.002996 873
0.002997 873
0.002998 873
0.002999 873
0.003 873
0.003001 873
0.003002 872
0.003003 872
0.003004 872
0.003005 871
0.003006 872
0.003007 872
0.003008 872
0.003009 873
0.00301 873
0.003011 873
0.003012 873
0.003013 873
0.003014 873
0.003015 873
0.003016 873
0.003017 873
0.003018 873
0.003019 873
0.00302 873
0.003021 873
0.003022 873
0.003023 873
0.003024 873
0.003025 873
0.003026 873
0.003027 873
0.003028 873
0.003029 873
0.00303 873
0.003031 873
0.003032 872
0.003033 872
0.003034 872
0.003035 872
0.003036 872
0.003037 872
0.003038 872
0.003039 873
0.00304 873
0.003041 874
0.003042 874
0.003043 874
0.003044 874
0.003045 874
0.003046 874
0.003047 874
0.003048 874
0.003049 874
0.00305 874
0.003051 874
0.003052 874
0.003053 874
0.003054 874
0.003055 873
0.003056 871
0.003057 871
0.003058 871
0.003059 871
0.00306 871
0.003061 871
0.003062 871
0.003063 871
0.003064 871
0.003065 871
0.003066 871
0.003067 871
0.003068 871
0.003069 871
0.00307 872
0.003071 872
0.003072 872
0.003073 872
0.003074 872
0.003075 872
0.003076 872
0.003077 872
0.003078 872
0.003079 873
0.00308 873
0.003081 873
0.003082 873
0.003083 873
0.003084 873
0.003085 873
0.003086 873
0.003087 873
0.003088 873
0.003089 873
0.00309 873
0.003091 873
0.003092 873
0.003093 873
0.003094 873
0.003095 873
0.003096 873
0.003097 873
0.003098 873
0.003099 872
0.0031 872
0.003101 873
0.003102 873
0.003103 873
0.003104 873
0.003105 873
0.003106 873
0.003107 873
0.003108 873
0.003109 873
0.00311 873
0.003111 873
0.003112 873
0.003113 873
0.003114 873
0.003115 873
0.003116 873
0.003117 873
0.003118 873
0.003119 873
0.00312 873
0.003121 873
0.003122 873
0.003123 873
0.003124 873
0.003125 872
0.003126 872
0.003127 872
0.003128 872
0.003129 872
0.00313 872
0.003131 872
0.003132 872
0.003133 872
0.003134 872
0.003135 872
0.003136 872
0.003137 872
0.003138 872
0.003139 872
0.00314 872
0.003141 872
0.003142 872
0.003143 872
0.003144 873
0.003145 873
0.003146 873
0.003147 873
0.003148 873
0.003149 873
0.00315 873
0.003151 873
0.003152 873
0.003153 874
0.003154 874
0.003155 874
0.003156 874
0.003157 874
0.003158 874
0.003159 874
0.00316 874
0.003161 874
0.003162 874
0.003163 873
0.003164 873
0.003165 873
0.003166 874
0.003167 874
0.003168 874
0.003169 874
0.00317 874
0.003171 874
0.003172 874
0.003173 874
0.003174 873
0.003175 873
0.003176 873
0.003177 873
0.003178 873
0.003179 873
0.00318 873
0.003181 873
0.003182 873
0.003183 873
0.003184 873
0.003185 873
0.003186 873
0.003187 873
0.003188 873
0.003189 873
0.00319 874
0.003191 874
0.003192 874
0.003193 874
0.003194 874
0.003195 874
0.003196 874
0.003197 874
0.003198 873
0.003199 873
0.0032 873
0.003201 873
0.003202 873
0.003203 873
0.003204 873
0.003205 873
0.003206 873
0.003207 873
0.003208 873
0.003209 873
0.00321 873
0.003211 873
0.003212 873
0.003213 873
0.003214 873
0.003215 873
0.003216 873
0.003217 873
0.003218 873
0.003219 873
0.00322 873
0.003221 873
0.003222 873
0.003223 873
0.003224 873
0.003225 873
0.003226 873
0.003227 873
0.003228 872
0.003229 872
0.00323 872
0.003231 872
0.003232 872
0.003233 872
0.003234 872
0.003235 872
0.003236 872
0.003237 872
0.003238 872
0.003239 873
0.00324 873
0.003241 873
0.003242 873
0.003243 873
0.003244 873
0.003245 873
0.003246 873
0.003247 873
0.003248 873
0.003249 873
0.00325 873
0.003251 873
0.003252 873
0.003253 873
0.003254 874
0.003255 874
0.003256 874
0.003257 874
0.003258 874
0.003259 874
0.00326 874
0.003261 874
0.003262 874
0.003263 874
0.003264 874
0.003265 874
0.003266 874
0.003267 874
0.003268 874
0.003269 874
0.00327 874
0.003271 874
0.003272 874
0.003273 874
0.003274 874
0.003275 874
0.003276 874
0.003277 874
0.003278 874
0.003279 874
0.00328 874
0.003281 874
0.003282 874
0.003283 874
0.003284 874
0.003285 874
0.003286 874
0.003287 874
0.003288 874
0.003289 874
0.00329 875
0.003291 875
0.003292 875
0.003293 875
0.003294 875
0.003295 875
0.003296 875
0.003297 875
0.003298 875
0.003299 875
0.0033 875
0.003301 875
0.003302 875
0.003303 875
0.003304 875
0.003305 875
0.003306 875
0.003307 875
0.003308 875
0.003309 875
0.00331 875
0.003311 875
0.003312 875
0.003313 875
0.003314 875
0.003315 875
0.003316 875
0.003317 876
0.003318 876
0.003319 876
0.00332 876
0.003321 876
0.003322 876
0.003323 876
0.003324 876
0.003325 876
0.003326 876
0.003327 876
0.003328 876
0.003329 876
0.00333 876
0.003331 876
0.003332 875
0.003333 875
0.003334 875
0.003335 875
0.003336 875
0.003337 874
0.003338 874
0.003339 874
0.00334 874
0.003341 874
0.003342 874
0.003343 874
0.003344 874
0.003345 874
0.003346 874
0.003347 874
0.003348 874
0.003349 874
0.00335 874
0.003351 874
0.003352 874
0.003353 874
0.003354 874
0.003355 874
0.003356 874
0.003357 874
0.003358 874
0.003359 874
0.00336 874
0.003361 874
0.003362 874
0.003363 874
0.003364 874
0.003365 874
0.003366 874
0.003367 874
0.003368 874
0.003369 874
0.00337 874
0.003371 874
0.003372 874
0.003373 874
0.003374 874
0.003375 874
0.003376 874
0.003377 874
0.003378 874
0.003379 874
0.00338 873
0.003381 874
0.003382 873
0.003383 873
0.003384 873
0.003385 873
0.003386 873
0.003387 873
0.003388 873
0.003389 873
0.00339 873
0.003391 873
0.003392 873
0.003393 873
0.003394 873
0.003395 873
0.003396 873
0.003397 873
0.003398 873
0.003399 873
0.0034 872
0.003401 872
0.003402 872
0.003403 872
0.003404 872
0.003405 872
0.003406 872
0.003407 872
0.003408 872
0.003409 872
0.00341 872
0.003411 871
0.003412 871
0.003413 871
0.003414 871
0.003415 871
0.003416 871
0.003417 871
0.003418 872
0.003419 873
0.00342 873
0.003421 873
0.003422 873
0.003423 873
0.003424 873
0.003425 873
0.003426 873
0.003427 873
0.003428 873
0.003429 873
0.00343 873
0.003431 873
0.003432 873
0.003433 873
0.003434 873
0.003435 873
0.003436 873
0.003437 873
0.003438 873
0.003439 873
0.00344 873
0.003441 874
0.003442 874
0.003443 873
0.003444 873
0.003445 873
0.003446 873
0.003447 873
0.003448 873
0.003449 873
0.00345 873
0.003451 873
0.003452 873
0.003453 874
0.003454 874
0.003455 874
0.003456 874
0.003457 874
0.003458 874
0.003459 874
0.00346 874
0.003461 874
0.003462 874
0.003463 874
0.003464 874
0.003465 874
0.003466 874
0.003467 874
0.003468 874
0.003469 874
0.00347 874
0.003471 874
0.003472 874
0.003473 874
0.003474 874
0.003475 873
0.003476 873
0.003477 873
0.003478 873
0.003479 873
0.00348 873
0.003481 873
0.003482 873
0.003483 873
0.003484 873
0.003485 873
0.003486 873
0.003487 873
0.003488 873
0.003489 873
0.00349 873
0.003491 873
0.003492 873
0.003493 873
0.003494 873
0.003495 873
0.003496 873
0.003497 873
0.003498 874
0.003499 874
0.0035 874
0.003501 874
0.003502 874
0.003503 874
0.003504 874
0.003505 874
0.003506 874
0.003507 874
0.003508 874
0.003509 874
0.00351 874
0.003511 874
0.003512 874
0.003513 874
0.003514 874
0.003515 874
0.003516 874
0.003517 874
0.003518 874
0.003519 874
0.00352 874
0.003521 874
0.003522 874
0.003523 875
0.003524 875
0.003525 875
0.003526 875
0.003527 875
0.003528 875
0.003529 875
0.00353 875
0.003531 876
0.003532 876
0.003533 876
0.003534 876
0.003535 876
0.003536 876
0.003537 876
0.003538 876
0.003539 877
0.00354 877
0.003541 877
0.003542 877
0.003543 876
0.003544 876
0.003545 876
0.003546 876
0.003547 876
0.003548 876
0.003549 876
0.00355 876
0.003551 876
0.003552 876
0.003553 876
0.003554 876
0.003555 877
0.003556 877
0.003557 877
0.003558 877
0.003559 877
0.00356 877
0.003561 877
0.003562 877
0.003563 877
0.003564 877
0.003565 877
0.003566 877
0.003567 877
0.003568 877
0.003569 877
0.00357 878
0.003571 878
0.003572 878
0.003573 878
0.003574 878
0.003575 878
0.003576 878
0.003577 878
0.003578 878
0.003579 877
0.00358 877
0.003581 877
0.003582 878
0.003583 878
0.003584 878
0.003585 878
0.003586 878
0.003587 878
0.003588 878
0.003589 878
0.00359 878
0.003591 878
0.003592 878
0.003593 878
0.003594 878
0.003595 878
0.003596 878
0.003597 878
0.003598 877
0.003599 877
0.0036 877
0.003601 877
0.003602 877
0.003603 877
0.003604 877
0.003605 877
0.003606 877
0.003607 877
0.003608 877
0.003609 877
0.00361 877
0.003611 877
0.003612 878
0.003613 878
0.003614 878
0.003615 878
0.003616 878
0.003617 878
0.003618 878
0.003619 878
0.00362 878
0.003621 878
0.003622 878
0.003623 878
0.003624 878
0.003625 879
0.003626 879
0.003627 879
0.003628 879
0.003629 880
0.00363 880
0.003631 880
0.003632 880
0.003633 880
0.003634 881
0.003635 881
0.003636 881
0.003637 881
0.003638 881
0.003639 881
0.00364 881
0.003641 881
0.003642 881
0.003643 881
0.003644 881
0.003645 881
0.003646 881
0.003647 881
0.003648 882
0.003649 882
0.00365 882
0.003651 882
0.003652 882
0.003653 882
0.003654 882
0.003655 882
0.003656 882
0.003657 882
0.003658 882
0.003659 882
0.00366 882
0.003661 882
0.003662 882
0.003663 882
0.003664 882
0.003665 882
0.003666 882
0.003667 882
0.003668 882
0.003669 882
0.00367 883
0.003671 882
0.003672 882
0.003673 881
0.003674 881
0.003675 881
0.003676 881
0.003677 881
0.003678 881
0.003679 881
0.00368 881
0.003681 881
0.003682 881
0.003683 881
0.003684 881
0.003685 881
0.003686 881
0.003687 881
0.003688 881
0.003689 881
0.00369 881
0.003691 881
0.003692 881
0.003693 881
0.003694 881
0.003695 881
0.003696 880
0.003697 880
0.003698 880
0.003699 880
0.0037 879
0.003701 879
0.003702 879
0.003703 879
0.003704 879
0.003705 879
0.003706 879
0.003707 879
0.003708 879
0.003709 879
0.00371 879
0.003711 879
0.003712 879
0.003713 879
0.003714 879
0.003715 879
0.003716 879
0.003717 879
0.003718 878
0.003719 878
0.00372 878
0.003721 878
0.003722 878
0.003723 878
0.003724 878
0.003725 878
0.003726 878
0.003727 878
0.003728 878
0.003729 878
0.00373 878
0.003731 878
0.003732 878
0.003733 878
0.003734 878
0.003735 879
0.003736 879
0.003737 879
0.003738 878
0.003739 878
0.00374 879
0.003741 879
0.003742 879
0.003743 879
0.003744 879
0.003745 879
0.003746 879
0.003747 879
0.003748 879
0.003749 879
0.00375 879
0.003751 879
0.003752 879
0.003753 879
0.003754 879
0.003755 879
0.003756 879
0.003757 879
0.003758 879
0.003759 879
0.00376 879
0.003761 879
0.003762 879
0.003763 879
0.003764 879
0.003765 879
0.003766 878
0.003767 878
0.003768 878
0.003769 878
0.00377 878
0.003771 878
0.003772 878
0.003773 879
0.003774 880
0.003775 881
0.003776 881
0.003777 881
0.003778 881
0.003779 881
0.00378 881
0.003781 882
0.003782 882
0.003783 882
0.003784 882
0.003785 882
0.003786 882
0.003787 882
0.003788 882
0.003789 882
0.00379 882
0.003791 882
0.003792 882
0.003793 882
0.003794 882
0.003795 882
0.003796 882
0.003797 882
0.003798 882
0.003799 882
0.0038 882
0.003801 882
0.003802 882
0.003803 882
0.003804 882
0.003805 882
0.003806 882
0.003807 882
0.003808 882
0.003809 882
0.00381 882
0.003811 882
0.003812 882
0.003813 882
0.003814 882
0.003815 882
0.003816 883
0.003817 883
0.003818 883
0.003819 883
0.00382 883
0.003821 883
0.003822 883
0.003823 884
0.003824 884
0.003825 884
0.003826 884
0.003827 884
0.003828 884
0.003829 884
0.00383 884
0.003831 884
0.003832 884
0.003833 884
0.003834 884
0.003835 884
0.003836 884
0.003837 884
0.003838 884
0.003839 884
0.00384 884
0.003841 884
0.003842 884
0.003843 884
0.003844 884
0.003845 884
0.003846 884
0.003847 885
0.003848 885
0.003849 886
0.00385 886
0.003851 886
0.003852 886
0.003853 886
0.003854 886
0.003855 886
0.003856 886
0.003857 886
0.003858 886
0.003859 886
0.00386 886
0.003861 886
0.003862 886
0.003863 886
0.003864 886
0.003865 886
0.003866 885
0.003867 886
0.003868 886
0.003869 886
0.00387 886
0.003871 886
0.003872 886
0.003873 886
0.003874 886
0.003875 886
0.003876 887
0.003877 886
0.003878 886
0.003879 886
0.00388 886
0.003881 885
0.003882 885
0.003883 885
0.003884 885
0.003885 885
0.003886 885
0.003887 885
0.003888 885
0.003889 885
0.00389 886
0.003891 886
0.003892 886
0.003893 886
0.003894 886
0.003895 886
0.003896 886
0.003897 886
0.003898 886
0.003899 887
0.0039 887
0.003901 887
0.003902 887
0.003903 887
0.003904 887
0.003905 887
0.003906 887
0.003907 887
0.003908 886
0.003909 886
0.00391 886
0.003911 886
0.003912 886
0.003913 886
0.003914 886
0.003915 886
0.003916 886
0.003917 886
0.003918 886
0.003919 886
0.00392 886
0.003921 886
0.003922 886
0.003923 886
0.003924 886
0.003925 886
0.003926 886
0.003927 886
0.003928 885
0.003929 885
0.00393 885
0.003931 885
0.003932 885
0.003933 885
0.003934 885
0.003935 885
0.003936 885
0.003937 885
0.003938 885
0.003939 885
0.00394 885
0.003941 885
0.003942 885
0.003943 885
0.003944 885
0.003945 885
0.003946 885
0.003947 885
0.003948 885
0.003949 885
0.00395 885
0.003951 885
0.003952 885
0.003953 885
0.003954 885
0.003955 885
0.003956 885
0.003957 885
0.003958 885
0.003959 885
0.00396 885
0.003961 885
0.003962 885
0.003963 885
0.003964 884
0.003965 884
0.003966 884
0.003967 884
0.003968 884
0.003969 884
0.00397 884
0.003971 884
0.003972 884
0.003973 884
0.003974 883
0.003975 883
0.003976 883
0.003977 884
0.003978 884
0.003979 884
0.00398 884
0.003981 884
0.003982 884
0.003983 884
0.003984 884
0.003985 884
0.003986 884
0.003987 884
0.003988 884
0.003989 884
0.00399 884
0.003991 884
0.003992 884
0.003993 884
0.003994 884
0.003995 884
0.003996 885
0.003997 885
0.003998 885
0.003999 885
0.004 885
0.004001 885
0.004002 885
0.004003 885
0.004004 885
0.004005 885
0.004006 885
0.004007 885
0.004008 885
0.004009 885
0.00401 885
0.004011 885
0.004012 885
0.004013 886
0.004014 886
0.004015 886
0.004016 886
0.004017 886
0.004018 886
0.004019 886
0.00402 886
0.004021 886
0.004022 885
0.004023 885
0.004024 885
0.004025 885
0.004026 885
0.004027 885
0.004028 885
0.004029 885
0.00403 885
0.004031 885
0.004032 885
0.004033 885
0.004034 885
0.004035 886
0.004036 886
0.004037 886
0.004038 886
0.004039 886
0.00404 886
0.004041 886
0.004042 886
0.004043 886
0.004044 887
0.004045 887
0.004046 887
0.004047 887
0.004048 887
0.004049 887
0.00405 887
0.004051 887
0.004052 887
0.004053 887
0.004054 887
0.004055 887
0.004056 887
0.004057 887
0.004058 887
0.004059 887
0.00406 887
0.004061 887
0.004062 887
0.004063 887
0.004064 887
0.004065 887
0.004066 887
0.004067 887
0.004068 886
0.004069 886
0.00407 886
0.004071 886
0.004072 886
0.004073 886
0.004074 886
0.004075 886
0.004076 886
0.004077 886
0.004078 886
0.004079 886
0.00408 886
0.004081 886
0.004082 886
0.004083 886
0.004084 886
0.004085 886
0.004086 886
0.004087 885
0.004088 885
0.004089 885
0.00409 885
0.004091 885
0.004092 885
0.004093 885
0.004094 885
0.004095 885
0.004096 886
0.004097 887
0.004098 887
0.004099 887
0.0041 887
0.004101 887
0.004102 887
0.004103 887
0.004104 887
0.004105 887
0.004106 888
0.004107 888
0.004108 888
0.004109 888
0.00411 888
0.004111 888
0.004112 888
0.004113 888
0.004114 888
0.004115 888
0.004116 888
0.004117 888
0.004118 888
0.004119 889
0.00412 889
0.004121 889
0.004122 889
0.004123 889
0.004124 888
0.004125 888
0.004126 889
0.004127 888
0.004128 888
0.004129 888
0.00413 888
0.004131 889
0.004132 889
0.004133 889
0.004134 890
0.004135 890
0.004136 890
0.004137 890
0.004138 890
0.004139 890
0.00414 890
0.004141 889
0.004142 889
0.004143 889
0.004144 889
0.004145 889
0.004146 889
0.004147 889
0.004148 889
0.004149 889
0.00415 889
0.004151 889
0.004152 889
0.004153 889
0.004154 890
0.004155 890
0.004156 890
0.004157 890
0.004158 890
0.004159 890
0.00416 890
0.004161 890
0.004162 890
0.004163 890
0.004164 890
0.004165 890
0.004166 890
0.004167 890
0.004168 890
0.004169 890
0.00417 890
0.004171 890
0.004172 889
0.004173 889
0.004174 889
0.004175 889
0.004176 889
0.004177 890
0.004178 890
0.004179 890
0.00418 890
0.004181 890
0.004182 890
0.004183 890
0.004184 890
0.004185 890
0.004186 890
0.004187 890
0.004188 890
0.004189 890
0.00419 890
0.004191 890
0.004192 890
0.004193 890
0.004194 890
0.004195 890
0.004196 890
0.004197 890
0.004198 890
0.004199 890
0.0042 890
0.004201 890
0.004202 890
0.004203 890
0.004204 890
0.004205 890
0.004206 890
0.004207 890
0.004208 890
0.004209 890
0.00421 890
0.004211 890
0.004212 890
0.004213 890
0.004214 890
0.004215 890
0.004216 890
0.004217 890
0.004218 890
0.004219 890
0.00422 890
0.004221 890
0.004222 890
0.004223 890
0.004224 890
0.004225 890
0.004226 890
0.004227 890
0.004228 890
0.004229 890
0.00423 889
0.004231 889
0.004232 889
0.004233 889
0.004234 889
0.004235 889
0.004236 889
0.004237 889
0.004238 889
0.004239 889
0.00424 889
0.004241 889
0.004242 889
0.004243 889
0.004244 889
0.004245 889
0.004246 889
0.004247 889
0.004248 889
0.004249 889
0.00425 889
0.004251 889
0.004252 889
0.004253 889
0.004254 889
0.004255 889
0.004256 889
0.004257 890
0.004258 890
0.004259 890
0.00426 890
0.004261 890
0.004262 890
0.004263 890
0.004264 890
0.004265 890
0.004266 890
0.004267 890
0.004268 890
0.004269 890
0.00427 890
0.004271 890
0.004272 890
0.004273 890
0.004274 890
0.004275 890
0.004276 890
0.004277 890
0.004278 890
0.004279 890
0.00428 890
0.004281 890
0.004282 890
0.004283 890
0.004284 890
0.004285 890
0.004286 891
0.004287 891
0.004288 891
0.004289 891
0.00429 891
0.004291 891
0.004292 890
0.004293 890
0.004294 890
0.004295 890
0.004296 890
0.004297 890
0.004298 890
0.004299 890
0.0043 890
0.004301 890
0.004302 890
0.004303 890
0.004304 890
0.004305 890
0.004306 890
0.004307 890
0.004308 890
0.004309 890
0.00431 891
0.004311 891
0.004312 891
0.004313 891
0.004314 890
0.004315 890
0.004316 889
0.004317 889
0.004318 889
0.004319 889
0.00432 889
0.004321 889
0.004322 889
0.004323 890
0.004324 890
0.004325 890
0.004326 890
0.004327 890
0.004328 890
0.004329 890
0.00433 890
0.004331 890
0.004332 890
0.004333 891
0.004334 891
0.004335 891
0.004336 891
0.004337 891
0.004338 891
0.004339 891
0.00434 891
0.004341 891
0.004342 891
0.004343 891
0.004344 891
0.004345 891
0.004346 891
0.004347 891
0.004348 891
0.004349 891
0.00435 891
0.004351 891
0.004352 891
0.004353 891
0.004354 891
0.004355 891
0.004356 891
0.004357 891
0.004358 891
0.004359 891
0.00436 891
0.004361 891
0.004362 891
0.004363 891
0.004364 891
0.004365 891
0.004366 891
0.004367 891
0.004368 891
0.004369 891
0.00437 891
0.004371 891
0.004372 891
0.004373 891
0.004374 891
0.004375 891
0.004376 891
0.004377 891
0.004378 892
0.004379 892
0.00438 892
0.004381 893
0.004382 893
0.004383 893
0.004384 893
0.004385 893
0.004386 893
0.004387 893
0.004388 893
0.004389 894
0.00439 894
0.004391 894
0.004392 894
0.004393 894
0.004394 894
0.004395 894
0.004396 894
0.004397 894
0.004398 894
0.004399 894
0.0044 894
0.004401 895
0.004402 895
0.004403 895
0.004404 895
0.004405 895
0.004406 895
0.004407 895
0.004408 895
0.004409 895
0.00441 895
0.004411 895
0.004412 895
0.004413 895
0.004414 894
0.004415 894
0.004416 894
0.004417 894
0.004418 894
0.004419 894
0.00442 894
0.004421 894
0.004422 894
0.004423 894
0.004424 894
0.004425 895
0.004426 895
0.004427 895
0.004428 895
0.004429 895
0.00443 895
0.004431 896
0.004432 897
0.004433 897
0.004434 897
0.004435 897
0.004436 897
0.004437 897
0.004438 897
0.004439 897
0.00444 897
0.004441 897
0.004442 897
0.004443 898
0.004444 898
0.004445 898
0.004446 898
0.004447 898
0.004448 898
0.004449 898
0.00445 898
0.004451 897
0.004452 897
0.004453 897
0.004454 897
0.004455 897
0.004456 897
0.004457 898
0.004458 898
0.004459 898
0.00446 898
0.004461 898
0.004462 898
0.004463 898
0.004464 898
0.004465 898
0.004466 898
0.004467 898
0.004468 898
0.004469 898
0.00447 898
0.004471 898
0.004472 898
0.004473 898
0.004474 898
0.004475 898
0.004476 897
0.004477 897
0.004478 897
0.004479 897
0.00448 897
0.004481 897
0.004482 898
0.004483 898
0.004484 898
0.004485 898
0.004486 898
0.004487 898
0.004488 898
0.004489 897
0.00449 897
0.004491 897
0.004492 897
0.004493 897
0.004494 897
0.004495 897
0.004496 897
0.004497 897
0.004498 897
0.004499 897
0.0045 897
0.004501 897
0.004502 897
0.004503 897
0.004504 897
0.004505 897
0.004506 898
0.004507 898
0.004508 898
0.004509 898
0.00451 898
0.004511 898
0.004512 898
0.004513 898
0.004514 898
0.004515 898
0.004516 898
0.004517 898
0.004518 898
0.004519 898
0.00452 898
0.004521 897
0.004522 897
0.004523 898
0.004524 898
0.004525 898
0.004526 898
0.004527 898
0.004528 898
0.004529 898
0.00453 898
0.004531 898
0.004532 898
0.004533 898
0.004534 897
0.004535 897
0.004536 897
0.004537 897
0.004538 897
0.004539 897
0.00454 897
0.004541 898
0.004542 898
0.004543 898
0.004544 898
0.004545 897
0.004546 897
0.004547 897
0.004548 897
0.004549 897
0.00455 897
0.004551 897
0.004552 897
0.004553 897
0.004554 897
0.004555 897
0.004556 897
0.004557 897
0.004558 897
0.004559 897
0.00456 897
0.004561 897
0.004562 897
0.004563 897
0.004564 897
0.004565 897
0.004566 897
0.004567 897
0.004568 897
0.004569 896
0.00457 896
0.004571 896
0.004572 896
0.004573 896
0.004574 895
0.004575 895
0.004576 894
0.004577 894
0.004578 894
0.004579 894
0.00458 894
0.004581 894
0.004582 894
0.004583 894
0.004584 894
0.004585 894
0.004586 893
0.004587 893
0.004588 893
0.004589 893
0.00459 893
0.004591 893
0.004592 893
0.004593 893
0.004594 893
0.004595 893
0.004596 893
0.004597 893
0.004598 893
0.004599 893
0.0046 893
0.004601 893
0.004602 893
0.004603 893
0.004604 892
0.004605 892
0.004606 892
0.004607 892
0.004608 892
0.004609 892
0.00461 893
0.004611 893
0.004612 893
0.004613 892
0.004614 892
0.004615 892
0.004616 892
0.004617 892
0.004618 892
0.004619 892
0.00462 891
0.004621 892
0.004622 892
0.004623 892
0.004624 891
0.004625 891
0.004626 891
0.004627 891
0.004628 892
0.004629 892
0.00463 892
0.004631 892
0.004632 892
0.004633 892
0.004634 892
0.004635 892
0.004636 892
0.004637 893
0.004638 893
0.004639 893
0.00464 893
0.004641 893
0.004642 893
0.004643 893
0.004644 893
0.004645 893
0.004646 893
0.004647 893
0.004648 893
0.004649 894
0.00465 894
0.004651 893
0.004652 893
0.004653 893
0.004654 893
0.004655 893
0.004656 893
0.004657 893
0.004658 893
0.004659 893
0.00466 893
0.004661 893
0.004662 893
0.004663 893
0.004664 893
0.004665 893
0.004666 893
0.004667 893
0.004668 893
0.004669 893
0.00467 893
0.004671 893
0.004672 893
0.004673 893
0.004674 893
0.004675 893
0.004676 893
0.004677 893
0.004678 893
0.004679 894
0.00468 894
0.004681 894
0.004682 894
0.004683 894
0.004684 894
0.004685 894
0.004686 893
0.004687 893
0.004688 893
0.004689 893
0.00469 894
0.004691 894
0.004692 894
0.004693 894
0.004694 894
0.004695 894
0.004696 894
0.004697 894
0.004698 894
0.004699 894
0.0047 894
0.004701 894
0.004702 893
0.004703 893
0.004704 892
0.004705 893
0.004706 893
0.004707 893
0.004708 893
0.004709 893
0.00471 893
0.004711 893
0.004712 893
0.004713 893
0.004714 893
0.004715 893
0.004716 893
0.004717 893
0.004718 893
0.004719 894
0.00472 893
0.004721 893
0.004722 893
0.004723 893
0.004724 893
0.004725 893
0.004726 893
0.004727 893
0.004728 893
0.004729 893
0.00473 893
0.004731 893
0.004732 893
0.004733 893
0.004734 893
0.004735 893
0.004736 893
0.004737 892
0.004738 891
0.004739 891
0.00474 891
0.004741 891
0.004742 891
0.004743 891
0.004744 891
0.004745 891
0.004746 892
0.004747 892
0.004748 892
0.004749 892
0.00475 892
0.004751 892
0.004752 891
0.004753 891
0.004754 891
0.004755 891
0.004756 891
0.004757 891
0.004758 891
0.004759 891
0.00476 891
0.004761 891
0.004762 890
0.004763 890
0.004764 889
0.004765 889
0.004766 889
0.004767 889
0.004768 890
0.004769 889
0.00477 889
0.004771 890
0.004772 890
0.004773 890
0.004774 890
0.004775 890
0.004776 891
0.004777 891
0.004778 891
0.004779 891
0.00478 891
0.004781 891
0.004782 890
0.004783 890
0.004784 890
0.004785 890
0.004786 890
0.004787 890
0.004788 890
0.004789 890
0.00479 890
0.004791 890
0.004792 890
0.004793 890
0.004794 889
0.004795 889
0.004796 889
0.004797 889
0.004798 889
0.004799 889
0.0048 889
0.004801 889
0.004802 889
0.004803 889
0.004804 889
0.004805 889
0.004806 889
0.004807 889
0.004808 890
0.004809 890
0.00481 890
0.004811 890
0.004812 890
0.004813 890
0.004814 890
0.004815 890
0.004816 890
0.004817 890
0.004818 890
0.004819 890
0.00482 890
0.004821 890
0.004822 890
0.004823 890
0.004824 890
0.004825 891
0.004826 890
0.004827 889
0.004828 889
0.004829 889
0.00483 889
0.004831 889
0.004832 889
0.004833 890
0.004834 890
0.004835 890
0.004836 890
0.004837 890
0.004838 890
0.004839 890
0.00484 890
0.004841 890
0.004842 890
0.004843 890
0.004844 890
0.004845 890
0.004846 890
0.004847 890
0.004848 890
0.004849 890
0.00485 890
0.004851 890
0.004852 890
0.004853 890
0.004854 890
0.004855 890
0.004856 890
0.004857 890
0.004858 890
0.004859 890
0.00486 890
0.004861 890
0.004862 890
0.004863 890
0.004864 890
0.004865 890
0.004866 890
0.004867 890
0.004868 890
0.004869 890
0.00487 890
0.004871 890
0.004872 891
0.004873 891
0.004874 892
0.004875 892
0.004876 892
0.004877 892
0.004878 892
0.004879 892
0.00488 892
0.004881 891
0.004882 891
0.004883 891
0.004884 891
0.004885 891
0.004886 891
0.004887 891
0.004888 891
0.004889 891
0.00489 891
0.004891 891
0.004892 891
0.004893 891
0.004894 891
0.004895 891
0.004896 891
0.004897 892
0.004898 892
0.004899 892
0.0049 892
0.004901 892
0.004902 892
0.004903 892
0.004904 892
0.004905 892
0.004906 892
0.004907 892
0.004908 892
0.004909 892
0.00491 893
0.004911 893
0.004912 893
0.004913 893
0.004914 893
0.004915 893
0.004916 893
0.004917 893
0.004918 893
0.004919 893
0.00492 893
0.004921 894
0.004922 894
0.004923 894
0.004924 894
0.004925 894
0.004926 895
0.004927 895
0.004928 894
0.004929 894
0.00493 894
0.004931 894
0.004932 894
0.004933 894
0.004934 895
0.004935 895
0.004936 895
0.004937 895
0.004938 895
0.004939 895
0.00494 895
0.004941 895
0.004942 895
0.004943 895
0.004944 895
0.004945 895
0.004946 895
0.004947 895
0.004948 895
0.004949 895
0.00495 895
0.004951 895
0.004952 896
0.004953 896
0.004954 896
0.004955 896
0.004956 896
0.004957 896
0.004958 895
0.004959 895
0.00496 895
0.004961 895
0.004962 895
0.004963 895
0.004964 895
0.004965 895
0.004966 895
0.004967 895
0.004968 895
0.004969 895
0.00497 895
0.004971 895
0.004972 895
0.004973 895
0.004974 895
0.004975 895
0.004976 895
0.004977 895
0.004978 896
0.004979 896
0.00498 896
0.004981 896
0.004982 896
0.004983 895
0.004984 895
0.004985 895
0.004986 896
0.004987 896
0.004988 895
0.004989 895
0.00499 895
0.004991 895
0.004992 894
0.004993 894
0.004994 894
0.004995 894
0.004996 894
0.004997 894
0.004998 894
0.004999 894
0.005 894
