0 71
1e-06 71
2e-06 71
3e-06 72
4e-06 73
5e-06 73
6e-06 73
7e-06 73
8e-06 74
9e-06 74
1e-05 74
1.1e-05 76
1.2e-05 76
1.3e-05 76
1.4e-05 77
1.5e-05 79
1.6e-05 79
1.7e-05 79
1.8e-05 81
1.9e-05 82
2e-05 82
2.1e-05 83
2.2e-05 83
2.3e-05 83
2.4e-05 83
2.5e-05 83
2.6e-05 83
2.7e-05 83
2.8e-05 83
2.9e-05 84
3e-05 84
3.1e-05 84
3.2e-05 85
3.3e-05 85
3.4e-05 86
3.5e-05 88
3.6e-05 88
3.7e-05 88
3.8e-05 89
3.9e-05 89
4e-05 89
4.1e-05 90
4.2e-05 91
4.3e-05 91
4.4e-05 92
4.5e-05 93
4.6e-05 94
4.7e-05 94
4.8e-05 95
4.9e-05 97
5e-05 97
5.1e-05 97
5.2e-05 98
5.3e-05 98
5.4e-05 100
5.5e-05 101
5.6e-05 102
5.7e-05 102
5.8e-05 102
5.9e-05 102
6e-05 102
6.1e-05 104
6.2e-05 105
6.3e-05 105
6.4e-05 105
6.5e-05 105
6.6e-05 105
6.7e-05 105
6.8e-05 105
6.9e-05 105
7e-05 105
7.1e-05 107
7.2e-05 109
7.3e-05 109
7.4e-05 109
7.5e-05 109
7.6e-05 109
7.7e-05 109
7.8e-05 109
7.9e-05 109
8e-05 109
8.1e-05 111
8.2e-05 111
8.3e-05 111
8.4e-05 111
8.5e-05 113
8.6e-05 114
8.7e-05 115
8.8e-05 115
8.9e-05 117
9e-05 117
9.1e-05 117
9.2e-05 117
9.3e-05 117
9.4e-05 118
9.5e-05 118
9.6e-05 119
9.7e-05 119
9.8e-05 119
9.9e-05 120
0.0001 120
0.000101 121
0.000102 121
0.000103 123
0.000104 123
0.000105 123
0.000106 123
0.000107 123
0.000108 123
0.000109 124
0.00011 124
0.000111 124
0.000112 124
0.000113 124
0.000114 126
0.000115 126
0.000116 126
0.000117 128
0.000118 128
0.000119 128
0.00012 128
0.000121 128
0.000122 128
0.000123 129
0.000124 129
0.000125 129
0.000126 129
0.000127 129
0.000128 129
0.000129 131
0.00013 132
0.000131 132
0.000132 133
0.000133 133
0.000134 133
0.000135 134
0.000136 136
0.000137 137
0.000138 137
0.000139 137
0.00014 138
0.000141 138
0.000142 138
0.000143 138
0.000144 138
0.000145 138
0.000146 138
0.000147 138
0.000148 138
0.000149 138
0.00015 138
0.000151 138
0.000152 138
0.000153 139
0.000154 140
0.000155 140
0.000156 141
0.000157 141
0.000158 141
0.000159 141
0.00016 141
0.000161 141
0.000162 141
0.000163 141
0.000164 141
0.000165 141
0.000166 141
0.000167 141
0.000168 141
0.000169 141
0.00017 141
0.000171 141
0.000172 141
0.000173 141
0.000174 142
0.000175 142
0.000176 142
0.000177 143
0.000178 143
0.000179 143
0.00018 143
0.000181 143
0.000182 143
0.000183 144
0.000184 145
0.000185 145
0.000186 145
0.000187 145
0.000188 145
0.000189 145
0.00019 145
0.000191 145
0.000192 146
0.000193 148
0.000194 150
0.000195 150
0.000196 150
0.000197 150
0.000198 151
0.000199 151
0.0002 151
0.000201 151
0.000202 151
0.000203 152
0.000204 152
0.000205 152
0.000206 153
0.000207 153
0.000208 154
0.000209 154
0.00021 154
0.000211 154
0.000212 154
0.000213 154
0.000214 154
0.000215 154
0.000216 154
0.000217 155
0.000218 156
0.000219 156
0.00022 156
0.000221 156
0.000222 157
0.000223 157
0.000224 157
0.000225 157
0.000226 157
0.000227 158
0.000228 158
0.000229 158
0.00023 158
0.000231 158
0.000232 158
0.000233 158
0.000234 158
0.000235 158
0.000236 158
0.000237 158
0.000238 158
0.000239 159
0.00024 159
0.000241 159
0.000242 159
0.000243 159
0.000244 159
0.000245 159
0.000246 159
0.000247 159
0.000248 159
0.000249 161
0.00025 161
0.000251 161
0.000252 161
0.000253 161
0.000254 162
0.000255 163
0.000256 163
0.000257 163
0.000258 163
0.000259 163
0.00026 163
0.000261 163
0.000262 163
0.000263 163
0.000264 163
0.000265 163
0.000266 163
0.000267 163
0.000268 163
0.000269 163
0.00027 163
0.000271 164
0.000272 164
0.000273 165
0.000274 165
0.000275 165
0.000276 165
0.000277 165
0.000278 166
0.000279 167
0.00028 168
0.000281 168
0.000282 168
0.000283 168
0.000284 168
0.000285 168
0.000286 168
0.000287 168
0.000288 168
0.000289 168
0.00029 168
0.000291 168
0.000292 168
0.000293 168
0.000294 169
0.000295 169
0.000296 169
0.000297 169
0.000298 170
0.000299 170
0.0003 170
0.000301 170
0.000302 170
0.000303 170
0.000304 170
0.000305 170
0.000306 170
0.000307 170
0.000308 170
0.000309 170
0.00031 170
0.000311 170
0.000312 170
0.000313 170
0.000314 170
0.000315 170
0.000316 170
0.000317 170
0.000318 170
0.000319 170
0.00032 170
0.000321 170
0.000322 170
0.000323 170
0.000324 170
0.000325 171
0.000326 171
0.000327 171
0.000328 171
0.000329 171
0.00033 171
0.000331 171
0.000332 171
0.000333 171
0.000334 171
0.000335 171
0.000336 172
0.000337 172
0.000338 172
0.000339 172
0.00034 172
0.000341 172
0.000342 172
0.000343 172
0.000344 172
0.000345 172
0.000346 172
0.000347 172
0.000348 172
0.000349 172
0.00035 172
0.000351 172
0.000352 172
0.000353 172
0.000354 172
0.000355 172
0.000356 172
0.000357 172
0.000358 172
0.000359 173
0.00036 173
0.000361 173
0.000362 173
0.000363 173
0.000364 173
0.000365 173
0.000366 173
0.000367 173
0.000368 173
0.000369 173
0.00037 173
0.000371 173
0.000372 173
0.000373 173
0.000374 173
0.000375 175
0.000376 175
0.000377 175
0.000378 175
0.000379 175
0.00038 175
0.000381 175
0.000382 175
0.000383 175
0.000384 176
0.000385 175
0.000386 175
0.000387 175
0.000388 175
0.000389 175
0.00039 175
0.000391 175
0.000392 176
0.000393 176
0.000394 176
0.000395 176
0.000396 176
0.000397 176
0.000398 176
0.000399 176
0.0004 176
0.000401 176
0.000402 176
0.000403 176
0.000404 176
0.000405 177
0.000406 177
0.000407 177
0.000408 177
0.000409 177
0.00041 177
0.000411 177
0.000412 177
0.000413 177
0.000414 178
0.000415 178
0.000416 178
0.000417 178
0.000418 178
0.000419 178
0.00042 178
0.000421 178
0.000422 178
0.000423 178
0.000424 178
0.000425 178
0.000426 178
0.000427 178
0.000428 178
0.000429 178
0.00043 178
0.000431 178
0.000432 178
0.000433 178
0.000434 178
0.000435 178
0.000436 178
0.000437 178
0.000438 178
0.000439 178
0.00044 178
0.000441 178
0.000442 178
0.000443 179
0.000444 179
0.000445 179
0.000446 179
0.000447 179
0.000448 180
0.000449 180
0.00045 180
0.000451 180
0.000452 180
0.000453 180
0.000454 180
0.000455 181
0.000456 181
0.000457 181
0.000458 181
0.000459 181
0.00046 181
0.000461 181
0.000462 181
0.000463 181
0.000464 181
0.000465 182
0.000466 182
0.000467 182
0.000468 182
0.000469 182
0.00047 182
0.000471 182
0.000472 182
0.000473 182
0.000474 182
0.000475 182
0.000476 182
0.000477 183
0.000478 184
0.000479 184
0.00048 184
0.000481 184
0.000482 184
0.000483 184
0.000484 184
0.000485 184
0.000486 184
0.000487 184
0.000488 184
0.000489 184
0.00049 184
0.000491 184
0.000492 184
0.000493 184
0.000494 185
0.000495 185
0.000496 185
0.000497 185
0.000498 185
0.000499 185
0.0005 185
0.000501 184
0.000502 184
0.000503 184
0.000504 184
0.000505 184
0.000506 184
0.000507 184
0.000508 184
0.000509 185
0.00051 185
0.000511 185
0.000512 185
0.000513 185
0.000514 185
0.000515 185
0.000516 185
0.000517 185
0.000518 186
0.000519 186
0.00052 186
0.000521 186
0.000522 185
0.000523 185
0.000524 185
0.000525 185
0.000526 185
0.000527 185
0.000528 185
0.000529 185
0.00053 185
0.000531 185
0.000532 185
0.000533 185
0.000534 185
0.000535 185
0.000536 185
0.000537 185
0.000538 185
0.000539 185
0.00054 185
0.000541 185
0.000542 185
0.000543 185
0.000544 185
0.000545 185
0.000546 185
0.000547 185
0.000548 185
0.000549 185
0.00055 185
0.000551 185
0.000552 185
0.000553 185
0.000554 185
0.000555 185
0.000556 185
0.000557 185
0.000558 185
0.000559 185
0.00056 185
0.000561 185
0.000562 185
0.000563 185
0.000564 185
0.000565 185
0.000566 185
0.000567 185
0.000568 185
0.000569 185
0.00057 185
0.000571 185
0.000572 185
0.000573 185
0.000574 185
0.000575 185
0.000576 185
0.000577 185
0.000578 185
0.000579 185
0.00058 185
0.000581 184
0.000582 184
0.000583 184
0.000584 184
0.000585 184
0.000586 184
0.000587 184
0.000588 184
0.000589 184
0.00059 184
0.000591 184
0.000592 184
0.000593 184
0.000594 184
0.000595 184
0.000596 184
0.000597 184
0.000598 184
0.000599 184
0.0006 184
0.000601 184
0.000602 184
0.000603 184
0.000604 184
0.000605 184
0.000606 184
0.000607 184
0.000608 184
0.000609 184
0.00061 184
0.000611 184
0.000612 184
0.000613 183
0.000614 183
0.000615 183
0.000616 183
0.000617 183
0.000618 183
0.000619 183
0.00062 183
0.000621 183
0.000622 183
0.000623 183
0.000624 183
0.000625 183
0.000626 183
0.000627 183
0.000628 183
0.000629 183
0.00063 183
0.000631 183
0.000632 183
0.000633 183
0.000634 183
0.000635 183
0.000636 184
0.000637 184
0.000638 184
0.000639 184
0.00064 184
0.000641 184
0.000642 184
0.000643 184
0.000644 184
0.000645 184
0.000646 184
0.000647 184
0.000648 184
0.000649 184
0.00065 184
0.000651 184
0.000652 184
0.000653 184
0.000654 184
0.000655 184
0.000656 184
0.000657 184
0.000658 184
0.000659 184
0.00066 184
0.000661 184
0.000662 184
0.000663 184
0.000664 184
0.000665 184
0.000666 184
0.000667 184
0.000668 185
0.000669 185
0.00067 185
0.000671 185
0.000672 185
0.000673 185
0.000674 185
0.000675 185
0.000676 185
0.000677 185
0.000678 186
0.000679 186
0.00068 186
0.000681 186
0.000682 186
0.000683 186
0.000684 186
0.000685 186
0.000686 186
0.000687 186
0.000688 186
0.000689 187
0.00069 187
0.000691 187
0.000692 187
0.000693 187
0.000694 187
0.000695 187
0.000696 187
0.000697 187
0.000698 187
0.000699 187
0.0007 187
0.000701 187
0.000702 187
0.000703 187
0.000704 187
0.000705 187
0.000706 187
0.000707 187
0.000708 187
0.000709 187
0.00071 187
0.000711 187
0.000712 187
0.000713 187
0.000714 187
0.000715 187
0.000716 187
0.000717 187
0.000718 187
0.000719 187
0.00072 187
0.000721 187
0.000722 187
0.000723 187
0.000724 187
0.000725 187
0.000726 187
0.000727 187
0.000728 187
0.000729 187
0.00073 187
0.000731 187
0.000732 187
0.000733 187
0.000734 187
0.000735 187
0.000736 187
0.000737 187
0.000738 187
0.000739 187
0.00074 187
0.000741 187
0.000742 187
0.000743 187
0.000744 187
0.000745 187
0.000746 187
0.000747 187
0.000748 187
0.000749 187
0.00075 187
0.000751 187
0.000752 187
0.000753 187
0.000754 187
0.000755 187
0.000756 187
0.000757 187
0.000758 187
0.000759 187
0.00076 187
0.000761 187
0.000762 187
0.000763 187
0.000764 187
0.000765 187
0.000766 187
0.000767 187
0.000768 187
0.000769 187
0.00077 187
0.000771 187
0.000772 187
0.000773 188
0.000774 188
0.000775 188
0.000776 188
0.000777 188
0.000778 188
0.000779 188
0.00078 188
0.000781 188
0.000782 188
0.000783 188
0.000784 188
0.000785 188
0.000786 188
0.000787 188
0.000788 188
0.000789 188
0.00079 188
0.000791 188
0.000792 188
0.000793 188
0.000794 188
0.000795 188
0.000796 188
0.000797 188
0.000798 188
0.000799 188
0.0008 188
0.000801 188
0.000802 188
0.000803 188
0.000804 188
0.000805 188
0.000806 188
0.000807 188
0.000808 188
0.000809 188
0.00081 188
0.000811 188
0.000812 188
0.000813 188
0.000814 188
0.000815 188
0.000816 188
0.000817 188
0.000818 188
0.000819 188
0.00082 188
0.000821 188
0.000822 188
0.000823 188
0.000824 188
0.000825 188
0.000826 187
0.000827 187
0.000828 187
0.000829 187
0.00083 187
0.000831 187
0.000832 187
0.000833 187
0.000834 187
0.000835 187
0.000836 187
0.000837 187
0.000838 186
0.000839 186
0.00084 186
0.000841 186
0.000842 186
0.000843 186
0.000844 186
0.000845 186
0.000846 186
0.000847 186
0.000848 186
0.000849 186
0.00085 186
0.000851 186
0.000852 186
0.000853 186
0.000854 186
0.000855 186
0.000856 186
0.000857 186
0.000858 186
0.000859 186
0.00086 186
0.000861 186
0.000862 186
0.000863 186
0.000864 186
0.000865 186
0.000866 186
0.000867 186
0.000868 186
0.000869 186
0.00087 186
0.000871 186
0.000872 186
0.000873 186
0.000874 186
0.000875 186
0.000876 186
0.000877 186
0.000878 186
0.000879 186
0.00088 186
0.000881 186
0.000882 186
0.000883 186
0.000884 186
0.000885 186
0.000886 186
0.000887 186
0.000888 186
0.000889 186
0.00089 186
0.000891 187
0.000892 187
0.000893 187
0.000894 187
0.000895 187
0.000896 187
0.000897 187
0.000898 187
0.000899 187
0.0009 187
0.000901 187
0.000902 187
0.000903 187
0.000904 187
0.000905 187
0.000906 187
0.000907 187
0.000908 187
0.000909 187
0.00091 187
0.000911 187
0.000912 187
0.000913 187
0.000914 187
0.000915 187
0.000916 187
0.000917 187
0.000918 187
0.000919 187
0.00092 187
0.000921 187
0.000922 187
0.000923 187
0.000924 187
0.000925 187
0.000926 187
0.000927 187
0.000928 187
0.000929 188
0.00093 188
0.000931 188
0.000932 188
0.000933 188
0.000934 188
0.000935 188
0.000936 188
0.000937 188
0.000938 188
0.000939 188
0.00094 188
0.000941 188
0.000942 188
0.000943 188
0.000944 188
0.000945 188
0.000946 188
0.000947 187
0.000948 188
0.000949 188
0.00095 188
0.000951 188
0.000952 188
0.000953 188
0.000954 188
0.000955 188
0.000956 188
0.000957 188
0.000958 188
0.000959 188
0.00096 188
0.000961 188
0.000962 188
0.000963 188
0.000964 188
0.000965 188
0.000966 188
0.000967 188
0.000968 188
0.000969 188
0.00097 188
0.000971 188
0.000972 188
0.000973 188
0.000974 188
0.000975 188
0.000976 188
0.000977 188
0.000978 188
0.000979 188
0.00098 188
0.000981 188
0.000982 188
0.000983 188
0.000984 188
0.000985 188
0.000986 188
0.000987 188
0.000988 188
0.000989 188
0.00099 188
0.000991 188
0.000992 188
0.000993 188
0.000994 188
0.000995 188
0.000996 188
0.000997 188
0.000998 188
0.000999 188
0.001 188
0.001001 188
0.001002 188
0.001003 188
0.001004 189
0.001005 189
0.001006 189
0.001007 189
0.001008 189
0.001009 189
0.00101 188
0.001011 188
0.001012 188
0.001013 188
0.001014 188
0.001015 188
0.001016 188
0.001017 188
0.001018 188
0.001019 188
0.00102 188
0.001021 188
0.001022 188
0.001023 188
0.001024 188
0.001025 188
0.001026 188
0.001027 188
0.001028 188
0.001029 188
0.00103 188
0.001031 188
0.001032 188
0.001033 188
0.001034 188
0.001035 188
0.001036 188
0.001037 188
0.001038 188
0.001039 188
0.00104 188
0.001041 188
0.001042 188
0.001043 188
0.001044 188
0.001045 188
0.001046 188
0.001047 188
0.001048 188
0.001049 188
0.00105 188
0.001051 188
0.001052 188
0.001053 188
0.001054 188
0.001055 188
0.001056 188
0.001057 188
0.001058 188
0.001059 188
0.00106 188
0.001061 188
0.001062 188
0.001063 188
0.001064 188
0.001065 188
0.001066 188
0.001067 188
0.001068 188
0.001069 188
0.00107 188
0.001071 188
0.001072 188
0.001073 188
0.001074 188
0.001075 189
0.001076 189
0.001077 189
0.001078 189
0.001079 189
0.00108 189
0.001081 189
0.001082 188
0.001083 188
0.001084 189
0.001085 189
0.001086 189
0.001087 189
0.001088 189
0.001089 189
0.00109 189
0.001091 189
0.001092 189
0.001093 189
0.001094 189
0.001095 189
0.001096 189
0.001097 189
0.001098 189
0.001099 189
0.0011 189
0.001101 189
0.001102 189
0.001103 189
0.001104 189
0.001105 189
0.001106 189
0.001107 189
0.001108 189
0.001109 189
0.00111 189
0.001111 189
0.001112 189
0.001113 189
0.001114 189
0.001115 189
0.001116 189
0.001117 189
0.001118 189
0.001119 189
0.00112 189
0.001121 189
0.001122 189
0.001123 189
0.001124 189
0.001125 189
0.001126 189
0.001127 189
0.001128 189
0.001129 189
0.00113 189
0.001131 189
0.001132 189
0.001133 189
0.001134 189
0.001135 189
0.001136 189
0.001137 189
0.001138 189
0.001139 189
0.00114 189
0.001141 189
0.001142 189
0.001143 189
0.001144 189
0.001145 189
0.001146 189
0.001147 189
0.001148 189
0.001149 189
0.00115 189
0.001151 189
0.001152 189
0.001153 189
0.001154 190
0.001155 190
0.001156 189
0.001157 189
0.001158 189
0.001159 189
0.00116 189
0.001161 189
0.001162 189
0.001163 189
0.001164 189
0.001165 189
0.001166 189
0.001167 189
0.001168 189
0.001169 189
0.00117 189
0.001171 189
0.001172 189
0.001173 189
0.001174 189
0.001175 189
0.001176 189
0.001177 189
0.001178 189
0.001179 189
0.00118 189
0.001181 189
0.001182 189
0.001183 189
0.001184 189
0.001185 189
0.001186 189
0.001187 189
0.001188 189
0.001189 189
0.00119 189
0.001191 189
0.001192 189
0.001193 189
0.001194 189
0.001195 189
0.001196 189
0.001197 189
0.001198 189
0.001199 189
0.0012 189
0.001201 189
0.001202 189
0.001203 189
0.001204 189
0.001205 189
0.001206 189
0.001207 189
0.001208 189
0.001209 189
0.00121 189
0.001211 189
0.001212 189
0.001213 189
0.001214 189
0.001215 189
0.001216 189
0.001217 189
0.001218 189
0.001219 189
0.00122 189
0.001221 189
0.001222 189
0.001223 189
0.001224 189
0.001225 189
0.001226 189
0.001227 189
0.001228 189
0.001229 189
0.00123 189
0.001231 189
0.001232 189
0.001233 189
0.001234 189
0.001235 189
0.001236 189
0.001237 189
0.001238 189
0.001239 189
0.00124 189
0.001241 189
0.001242 189
0.001243 189
0.001244 189
0.001245 189
0.001246 189
0.001247 189
0.001248 189
0.001249 189
0.00125 189
0.001251 189
0.001252 189
0.001253 189
0.001254 189
0.001255 189
0.001256 189
0.001257 189
0.001258 189
0.001259 189
0.00126 189
0.001261 189
0.001262 189
0.001263 189
0.001264 189
0.001265 189
0.001266 189
0.001267 189
0.001268 189
0.001269 189
0.00127 189
0.001271 190
0.001272 190
0.001273 190
0.001274 190
0.001275 190
0.001276 190
0.001277 190
0.001278 190
0.001279 190
0.00128 190
0.001281 190
0.001282 190
0.001283 190
0.001284 190
0.001285 190
0.001286 190
0.001287 190
0.001288 190
0.001289 190
0.00129 190
0.001291 190
0.001292 190
0.001293 190
0.001294 190
0.001295 190
0.001296 190
0.001297 190
0.001298 190
0.001299 190
0.0013 190
0.001301 190
0.001302 190
0.001303 190
0.001304 190
0.001305 190
0.001306 190
0.001307 190
0.001308 190
0.001309 190
0.00131 190
0.001311 190
0.001312 190
0.001313 190
0.001314 190
0.001315 190
0.001316 190
0.001317 189
0.001318 188
0.001319 188
0.00132 188
0.001321 188
0.001322 188
0.001323 188
0.001324 189
0.001325 189
0.001326 189
0.001327 189
0.001328 189
0.001329 189
0.00133 189
0.001331 189
0.001332 189
0.001333 189
0.001334 189
0.001335 189
0.001336 189
0.001337 189
0.001338 189
0.001339 189
0.00134 189
0.001341 189
0.001342 189
0.001343 189
0.001344 189
0.001345 189
0.001346 190
0.001347 190
0.001348 190
0.001349 190
0.00135 190
0.001351 190
0.001352 190
0.001353 190
0.001354 190
0.001355 190
0.001356 190
0.001357 190
0.001358 190
0.001359 190
0.00136 190
0.001361 190
0.001362 190
0.001363 190
0.001364 190
0.001365 190
0.001366 190
0.001367 190
0.001368 190
0.001369 190
0.00137 190
0.001371 190
0.001372 190
0.001373 190
0.001374 190
0.001375 190
0.001376 190
0.001377 191
0.001378 191
0.001379 191
0.00138 191
0.001381 191
0.001382 191
0.001383 191
0.001384 191
0.001385 191
0.001386 191
0.001387 191
0.001388 191
0.001389 191
0.00139 191
0.001391 191
0.001392 191
0.001393 191
0.001394 191
0.001395 191
0.001396 191
0.001397 191
0.001398 190
0.001399 190
0.0014 190
0.001401 190
0.001402 190
0.001403 190
0.001404 190
0.001405 190
0.001406 190
0.001407 190
0.001408 190
0.001409 190
0.00141 191
0.001411 191
0.001412 192
0.001413 192
0.001414 192
0.001415 192
0.001416 192
0.001417 192
0.001418 191
0.001419 191
0.00142 191
0.001421 191
0.001422 191
0.001423 191
0.001424 191
0.001425 191
0.001426 191
0.001427 192
0.001428 192
0.001429 191
0.00143 191
0.001431 191
0.001432 191
0.001433 191
0.001434 192
0.001435 192
0.001436 192
0.001437 192
0.001438 192
0.001439 192
0.00144 193
0.001441 193
0.001442 193
0.001443 193
0.001444 193
0.001445 193
0.001446 193
0.001447 193
0.001448 193
0.001449 193
0.00145 193
0.001451 193
0.001452 193
0.001453 193
0.001454 193
0.001455 193
0.001456 193
0.001457 193
0.001458 193
0.001459 193
0.00146 193
0.001461 193
0.001462 193
0.001463 193
0.001464 193
0.001465 193
0.001466 193
0.001467 193
0.001468 193
0.001469 193
0.00147 193
0.001471 193
0.001472 193
0.001473 193
0.001474 193
0.001475 193
0.001476 193
0.001477 193
0.001478 193
0.001479 193
0.00148 193
0.001481 193
0.001482 193
0.001483 193
0.001484 193
0.001485 193
0.001486 193
0.001487 193
0.001488 192
0.001489 192
0.00149 192
0.001491 192
0.001492 192
0.001493 192
0.001494 192
0.001495 192
0.001496 192
0.001497 192
0.001498 192
0.001499 192
0.0015 192
0.001501 193
0.001502 193
0.001503 194
0.001504 194
0.001505 194
0.001506 194
0.001507 194
0.001508 194
0.001509 194
0.00151 194
0.001511 194
0.001512 194
0.001513 194
0.001514 194
0.001515 194
0.001516 194
0.001517 194
0.001518 194
0.001519 194
0.00152 194
0.001521 194
0.001522 194
0.001523 194
0.001524 194
0.001525 195
0.001526 195
0.001527 195
0.001528 195
0.001529 195
0.00153 195
0.001531 195
0.001532 195
0.001533 195
0.001534 195
0.001535 195
0.001536 195
0.001537 195
0.001538 195
0.001539 195
0.00154 195
0.001541 195
0.001542 195
0.001543 195
0.001544 195
0.001545 195
0.001546 195
0.001547 195
0.001548 195
0.001549 195
0.00155 196
0.001551 196
0.001552 196
0.001553 196
0.001554 196
0.001555 196
0.001556 196
0.001557 196
0.001558 196
0.001559 196
0.00156 196
0.001561 196
0.001562 196
0.001563 196
0.001564 196
0.001565 196
0.001566 196
0.001567 196
0.001568 196
0.001569 196
0.00157 196
0.001571 196
0.001572 196
0.001573 196
0.001574 196
0.001575 196
0.001576 196
0.001577 196
0.001578 196
0.001579 196
0.00158 196
0.001581 196
0.001582 196
0.001583 196
0.001584 197
0.001585 197
0.001586 197
0.001587 197
0.001588 197
0.001589 197
0.00159 197
0.001591 197
0.001592 197
0.001593 197
0.001594 197
0.001595 197
0.001596 197
0.001597 197
0.001598 198
0.001599 198
0.0016 198
0.001601 198
0.001602 198
0.001603 198
0.001604 198
0.001605 198
0.001606 198
0.001607 198
0.001608 198
0.001609 198
0.00161 198
0.001611 198
0.001612 198
0.001613 198
0.001614 198
0.001615 198
0.001616 198
0.001617 198
0.001618 198
0.001619 198
0.00162 198
0.001621 198
0.001622 198
0.001623 198
0.001624 198
0.001625 198
0.001626 198
0.001627 198
0.001628 198
0.001629 198
0.00163 198
0.001631 198
0.001632 198
0.001633 198
0.001634 198
0.001635 198
0.001636 198
0.001637 198
0.001638 198
0.001639 198
0.00164 198
0.001641 198
0.001642 198
0.001643 198
0.001644 198
0.001645 198
0.001646 198
0.001647 198
0.001648 198
0.001649 198
0.00165 197
0.001651 197
0.001652 197
0.001653 197
0.001654 197
0.001655 197
0.001656 197
0.001657 197
0.001658 197
0.001659 197
0.00166 197
0.001661 197
0.001662 197
0.001663 197
0.001664 197
0.001665 197
0.001666 197
0.001667 197
0.001668 197
0.001669 197
0.00167 197
0.001671 197
0.001672 197
0.001673 198
0.001674 198
0.001675 198
0.001676 198
0.001677 198
0.001678 198
0.001679 198
0.00168 198
0.001681 198
0.001682 198
0.001683 198
0.001684 198
0.001685 198
0.001686 198
0.001687 198
0.001688 198
0.001689 198
0.00169 198
0.001691 198
0.001692 198
0.001693 198
0.001694 198
0.001695 198
0.001696 198
0.001697 198
0.001698 198
0.001699 198
0.0017 198
0.001701 198
0.001702 198
0.001703 198
0.001704 198
0.001705 198
0.001706 198
0.001707 198
0.001708 198
0.001709 198
0.00171 198
0.001711 198
0.001712 198
0.001713 198
0.001714 198
0.001715 198
0.001716 198
0.001717 198
0.001718 198
0.001719 198
0.00172 198
0.001721 198
0.001722 198
0.001723 198
0.001724 198
0.001725 198
0.001726 198
0.001727 198
0.001728 198
0.001729 198
0.00173 198
0.001731 198
0.001732 198
0.001733 198
0.001734 198
0.001735 198
0.001736 198
0.001737 198
0.001738 198
0.001739 198
0.00174 197
0.001741 197
0.001742 197
0.001743 197
0.001744 197
0.001745 197
0.001746 197
0.001747 197
0.001748 196
0.001749 196
0.00175 196
0.001751 196
0.001752 196
0.001753 196
0.001754 196
0.001755 196
0.001756 196
0.001757 196
0.001758 196
0.001759 196
0.00176 196
0.001761 196
0.001762 196
0.001763 196
0.001764 196
0.001765 196
0.001766 196
0.001767 197
0.001768 197
0.001769 197
0.00177 197
0.001771 197
0.001772 197
0.001773 197
0.001774 197
0.001775 197
0.001776 197
0.001777 197
0.001778 197
0.001779 197
0.00178 197
0.001781 197
0.001782 197
0.001783 197
0.001784 197
0.001785 197
0.001786 197
0.001787 197
0.001788 197
0.001789 197
0.00179 197
0.001791 197
0.001792 197
0.001793 197
0.001794 197
0.001795 197
0.001796 197
0.001797 197
0.001798 197
0.001799 197
0.0018 197
0.001801 197
0.001802 197
0.001803 197
0.001804 197
0.001805 197
0.001806 197
0.001807 197
0.001808 197
0.001809 197
0.00181 197
0.001811 197
0.001812 197
0.001813 197
0.001814 197
0.001815 197
0.001816 197
0.001817 197
0.001818 197
0.001819 197
0.00182 197
0.001821 197
0.001822 197
0.001823 197
0.001824 197
0.001825 197
0.001826 197
0.001827 197
0.001828 197
0.001829 197
0.00183 197
0.001831 197
0.001832 197
0.001833 197
0.001834 197
0.001835 197
0.001836 197
0.001837 197
0.001838 197
0.001839 197
0.00184 197
0.001841 197
0.001842 197
0.001843 196
0.001844 196
0.001845 196
0.001846 196
0.001847 196
0.001848 196
0.001849 196
0.00185 196
0.001851 196
0.001852 196
0.001853 196
0.001854 196
0.001855 196
0.001856 196
0.001857 196
0.001858 196
0.001859 196
0.00186 196
0.001861 196
0.001862 196
0.001863 196
0.001864 196
0.001865 196
0.001866 196
0.001867 196
0.001868 196
0.001869 196
0.00187 196
0.001871 196
0.001872 196
0.001873 196
0.001874 196
0.001875 196
0.001876 196
0.001877 196
0.001878 196
0.001879 196
0.00188 196
0.001881 196
0.001882 196
0.001883 196
0.001884 196
0.001885 196
0.001886 196
0.001887 196
0.001888 196
0.001889 196
0.00189 196
0.001891 196
0.001892 196
0.001893 196
0.001894 196
0.001895 196
0.001896 196
0.001897 196
0.001898 196
0.001899 196
0.0019 196
0.001901 196
0.001902 196
0.001903 196
0.001904 196
0.001905 196
0.001906 196
0.001907 196
0.001908 196
0.001909 196
0.00191 196
0.001911 196
0.001912 196
0.001913 196
0.001914 196
0.001915 196
0.001916 196
0.001917 196
0.001918 196
0.001919 196
0.00192 196
0.001921 196
0.001922 196
0.001923 196
0.001924 196
0.001925 196
0.001926 196
0.001927 196
0.001928 196
0.001929 196
0.00193 196
0.001931 196
0.001932 196
0.001933 196
0.001934 196
0.001935 196
0.001936 196
0.001937 196
0.001938 196
0.001939 196
0.00194 196
0.001941 196
0.001942 196
0.001943 196
0.001944 196
0.001945 196
0.001946 196
0.001947 196
0.001948 196
0.001949 196
0.00195 196
0.001951 196
0.001952 196
0.001953 196
0.001954 196
0.001955 196
0.001956 196
0.001957 196
0.001958 196
0.001959 196
0.00196 196
0.001961 196
0.001962 196
0.001963 195
0.001964 195
0.001965 195
0.001966 195
0.001967 195
0.001968 195
0.001969 195
0.00197 195
0.001971 195
0.001972 195
0.001973 195
0.001974 195
0.001975 195
0.001976 195
0.001977 195
0.001978 195
0.001979 195
0.00198 195
0.001981 195
0.001982 195
0.001983 195
0.001984 195
0.001985 195
0.001986 195
0.001987 195
0.001988 195
0.001989 195
0.00199 195
0.001991 195
0.001992 195
0.001993 195
0.001994 195
0.001995 195
0.001996 195
0.001997 195
0.001998 195
0.001999 195
0.002 195
0.002001 195
0.002002 195
0.002003 195
0.002004 195
0.002005 195
0.002006 195
0.002007 195
0.002008 195
0.002009 195
0.00201 195
0.002011 195
0.002012 195
0.002013 195
0.002014 195
0.002015 195
0.002016 195
0.002017 195
0.002018 195
0.002019 195
0.00202 195
0.002021 195
0.002022 195
0.002023 195
0.002024 195
0.002025 195
0.002026 195
0.002027 195
0.002028 195
0.002029 195
0.00203 195
0.002031 195
0.002032 195
0.002033 195
0.002034 195
0.002035 195
0.002036 195
0.002037 194
0.002038 194
0.002039 194
0.00204 194
0.002041 194
0.002042 194
0.002043 194
0.002044 194
0.002045 194
0.002046 194
0.002047 194
0.002048 194
0.002049 194
0.00205 194
0.002051 194
0.002052 194
0.002053 194
0.002054 194
0.002055 194
0.002056 194
0.002057 194
0.002058 194
0.002059 194
0.00206 194
0.002061 194
0.002062 194
0.002063 194
0.002064 194
0.002065 194
0.002066 194
0.002067 194
0.002068 194
0.002069 194
0.00207 194
0.002071 194
0.002072 194
0.002073 194
0.002074 194
0.002075 194
0.002076 194
0.002077 194
0.002078 194
0.002079 194
0.00208 194
0.002081 194
0.002082 194
0.002083 194
0.002084 194
0.002085 194
0.002086 194
0.002087 194
0.002088 194
0.002089 194
0.00209 194
0.002091 194
0.002092 194
0.002093 194
0.002094 194
0.002095 194
0.002096 194
0.002097 194
0.002098 194
0.002099 194
0.0021 194
0.002101 194
0.002102 194
0.002103 194
0.002104 194
0.002105 194
0.002106 194
0.002107 194
0.002108 194
0.002109 194
0.00211 194
0.002111 194
0.002112 194
0.002113 194
0.002114 194
0.002115 194
0.002116 194
0.002117 194
0.002118 194
0.002119 194
0.00212 194
0.002121 194
0.002122 194
0.002123 194
0.002124 194
0.002125 194
0.002126 194
0.002127 194
0.002128 194
0.002129 194
0.00213 194
0.002131 194
0.002132 194
0.002133 194
0.002134 194
0.002135 194
0.002136 194
0.002137 194
0.002138 194
0.002139 194
0.00214 194
0.002141 194
0.002142 194
0.002143 194
0.002144 194
0.002145 194
0.002146 194
0.002147 194
0.002148 194
0.002149 194
0.00215 194
0.002151 194
0.002152 194
0.002153 194
0.002154 194
0.002155 194
0.002156 194
0.002157 194
0.002158 194
0.002159 194
0.00216 194
0.002161 194
0.002162 194
0.002163 194
0.002164 194
0.002165 194
0.002166 194
0.002167 194
0.002168 194
0.002169 194
0.00217 194
0.002171 194
0.002172 194
0.002173 194
0.002174 194
0.002175 194
0.002176 194
0.002177 194
0.002178 194
0.002179 194
0.00218 194
0.002181 194
0.002182 194
0.002183 194
0.002184 194
0.002185 194
0.002186 194
0.002187 194
0.002188 194
0.002189 194
0.00219 194
0.002191 194
0.002192 194
0.002193 194
0.002194 194
0.002195 194
0.002196 194
0.002197 194
0.002198 194
0.002199 194
0.0022 194
0.002201 194
0.002202 194
0.002203 194
0.002204 194
0.002205 194
0.002206 194
0.002207 194
0.002208 194
0.002209 194
0.00221 193
0.002211 192
0.002212 192
0.002213 192
0.002214 192
0.002215 192
0.002216 192
0.002217 192
0.002218 192
0.002219 192
0.00222 192
0.002221 192
0.002222 192
0.002223 192
0.002224 192
0.002225 192
0.002226 192
0.002227 192
0.002228 192
0.002229 192
0.00223 192
0.002231 192
0.002232 192
0.002233 192
0.002234 192
0.002235 192
0.002236 192
0.002237 192
0.002238 192
0.002239 192
0.00224 192
0.002241 192
0.002242 192
0.002243 192
0.002244 192
0.002245 192
0.002246 192
0.002247 192
0.002248 192
0.002249 192
0.00225 192
0.002251 192
0.002252 192
0.002253 192
0.002254 192
0.002255 192
0.002256 192
0.002257 192
0.002258 192
0.002259 192
0.00226 192
0.002261 192
0.002262 192
0.002263 192
0.002264 192
0.002265 192
0.002266 192
0.002267 192
0.002268 192
0.002269 192
0.00227 192
0.002271 192
0.002272 192
0.002273 192
0.002274 192
0.002275 192
0.002276 192
0.002277 192
0.002278 192
0.002279 192
0.00228 192
0.002281 192
0.002282 192
0.002283 192
0.002284 192
0.002285 192
0.002286 193
0.002287 193
0.002288 193
0.002289 193
0.00229 193
0.002291 193
0.002292 192
0.002293 192
0.002294 192
0.002295 192
0.002296 192
0.002297 193
0.002298 193
0.002299 193
0.0023 193
0.002301 193
0.002302 193
0.002303 193
0.002304 193
0.002305 193
0.002306 193
0.002307 193
0.002308 193
0.002309 193
0.00231 193
0.002311 193
0.002312 193
0.002313 193
0.002314 193
0.002315 193
0.002316 193
0.002317 193
0.002318 193
0.002319 193
0.00232 193
0.002321 193
0.002322 193
0.002323 194
0.002324 194
0.002325 194
0.002326 194
0.002327 194
0.002328 194
0.002329 194
0.00233 194
0.002331 194
0.002332 194
0.002333 194
0.002334 194
0.002335 194
0.002336 194
0.002337 194
0.002338 194
0.002339 194
0.00234 194
0.002341 195
0.002342 195
0.002343 195
0.002344 195
0.002345 195
0.002346 195
0.002347 195
0.002348 195
0.002349 195
0.00235 195
0.002351 195
0.002352 195
0.002353 195
0.002354 195
0.002355 195
0.002356 195
0.002357 195
0.002358 195
0.002359 195
0.00236 195
0.002361 195
0.002362 195
0.002363 195
0.002364 195
0.002365 195
0.002366 195
0.002367 195
0.002368 195
0.002369 195
0.00237 195
0.002371 195
0.002372 195
0.002373 195
0.002374 195
0.002375 195
0.002376 195
0.002377 195
0.002378 195
0.002379 195
0.00238 195
0.002381 195
0.002382 195
0.002383 195
0.002384 195
0.002385 195
0.002386 195
0.002387 195
0.002388 195
0.002389 195
0.00239 196
0.002391 196
0.002392 196
0.002393 196
0.002394 196
0.002395 196
0.002396 196
0.002397 196
0.002398 196
0.002399 196
0.0024 196
0.002401 196
0.002402 196
0.002403 196
0.002404 196
0.002405 196
0.002406 196
0.002407 196
0.002408 196
0.002409 196
0.00241 196
0.002411 196
0.002412 196
0.002413 196
0.002414 196
0.002415 196
0.002416 196
0.002417 196
0.002418 197
0.002419 197
0.00242 197
0.002421 197
0.002422 197
0.002423 197
0.002424 197
0.002425 197
0.002426 197
0.002427 197
0.002428 197
0.002429 197
0.00243 197
0.002431 197
0.002432 197
0.002433 197
0.002434 197
0.002435 197
0.002436 197
0.002437 197
0.002438 197
0.002439 197
0.00244 197
0.002441 197
0.002442 197
0.002443 197
0.002444 197
0.002445 197
0.002446 197
0.002447 197
0.002448 197
0.002449 197
0.00245 197
0.002451 197
0.002452 197
0.002453 197
0.002454 197
0.002455 197
0.002456 197
0.002457 197
0.002458 197
0.002459 197
0.00246 197
0.002461 197
0.002462 197
0.002463 197
0.002464 197
0.002465 197
0.002466 197
0.002467 197
0.002468 197
0.002469 197
0.00247 197
0.002471 197
0.002472 197
0.002473 197
0.002474 197
0.002475 197
0.002476 197
0.002477 197
0.002478 197
0.002479 197
0.00248 197
0.002481 197
0.002482 197
0.002483 197
0.002484 197
0.002485 197
0.002486 196
0.002487 196
0.002488 196
0.002489 196
0.00249 196
0.002491 196
0.002492 196
0.002493 196
0.002494 196
0.002495 196
0.002496 196
0.002497 196
0.002498 196
0.002499 196
0.0025 196
0.002501 196
0.002502 196
0.002503 196
0.002504 196
0.002505 196
0.002506 196
0.002507 196
0.002508 196
0.002509 195
0.00251 195
0.002511 195
0.002512 195
0.002513 195
0.002514 195
0.002515 195
0.002516 195
0.002517 195
0.002518 195
0.002519 195
0.00252 195
0.002521 195
0.002522 195
0.002523 195
0.002524 195
0.002525 195
0.002526 195
0.002527 195
0.002528 195
0.002529 195
0.00253 195
0.002531 195
0.002532 195
0.002533 195
0.002534 195
0.002535 195
0.002536 195
0.002537 195
0.002538 195
0.002539 195
0.00254 195
0.002541 195
0.002542 195
0.002543 195
0.002544 195
0.002545 195
0.002546 195
0.002547 195
0.002548 195
0.002549 195
0.00255 195
0.002551 195
0.002552 195
0.002553 195
0.002554 195
0.002555 195
0.002556 195
0.002557 195
0.002558 195
0.002559 195
0.00256 195
0.002561 195
0.002562 195
0.002563 195
0.002564 195
0.002565 195
0.002566 196
0.002567 195
0.002568 195
0.002569 195
0.00257 195
0.002571 195
0.002572 195
0.002573 195
0.002574 195
0.002575 195
0.002576 195
0.002577 195
0.002578 195
0.002579 195
0.00258 195
0.002581 195
0.002582 195
0.002583 195
0.002584 195
0.002585 195
0.002586 195
0.002587 195
0.002588 195
0.002589 195
0.00259 195
0.002591 195
0.002592 195
0.002593 195
0.002594 195
0.002595 195
0.002596 195
0.002597 195
0.002598 195
0.002599 195
0.0026 195
0.002601 195
0.002602 195
0.002603 195
0.002604 195
0.002605 195
0.002606 195
0.002607 195
0.002608 195
0.002609 195
0.00261 195
0.002611 195
0.002612 195
0.002613 195
0.002614 195
0.002615 195
0.002616 195
0.002617 195
0.002618 195
0.002619 195
0.00262 196
0.002621 196
0.002622 196
0.002623 196
0.002624 196
0.002625 196
0.002626 196
0.002627 196
0.002628 196
0.002629 196
0.00263 196
0.002631 196
0.002632 196
0.002633 196
0.002634 196
0.002635 196
0.002636 196
0.002637 196
0.002638 196
0.002639 196
0.00264 196
0.002641 196
0.002642 195
0.002643 195
0.002644 195
0.002645 195
0.002646 195
0.002647 195
0.002648 195
0.002649 195
0.00265 195
0.002651 195
0.002652 195
0.002653 195
0.002654 195
0.002655 195
0.002656 195
0.002657 195
0.002658 195
0.002659 195
0.00266 195
0.002661 195
0.002662 195
0.002663 195
0.002664 195
0.002665 195
0.002666 195
0.002667 195
0.002668 195
0.002669 195
0.00267 195
0.002671 196
0.002672 196
0.002673 196
0.002674 196
0.002675 196
0.002676 196
0.002677 196
0.002678 196
0.002679 196
0.00268 196
0.002681 196
0.002682 196
0.002683 196
0.002684 196
0.002685 196
0.002686 196
0.002687 196
0.002688 196
0.002689 196
0.00269 196
0.002691 196
0.002692 196
0.002693 196
0.002694 196
0.002695 196
0.002696 196
0.002697 196
0.002698 196
0.002699 195
0.0027 195
0.002701 195
0.002702 195
0.002703 195
0.002704 195
0.002705 195
0.002706 195
0.002707 195
0.002708 195
0.002709 195
0.00271 195
0.002711 195
0.002712 195
0.002713 195
0.002714 195
0.002715 195
0.002716 195
0.002717 195
0.002718 195
0.002719 195
0.00272 195
0.002721 195
0.002722 195
0.002723 195
0.002724 195
0.002725 195
0.002726 195
0.002727 195
0.002728 195
0.002729 195
0.00273 195
0.002731 195
0.002732 195
0.002733 195
0.002734 195
0.002735 195
0.002736 195
0.002737 195
0.002738 195
0.002739 195
0.00274 195
0.002741 195
0.002742 195
0.002743 195
0.002744 195
0.002745 195
0.002746 195
0.002747 195
0.002748 195
0.002749 195
0.00275 195
0.002751 195
0.002752 195
0.002753 195
0.002754 195
0.002755 195
0.002756 195
0.002757 195
0.002758 195
0.002759 195
0.00276 195
0.002761 195
0.002762 195
0.002763 195
0.002764 195
0.002765 195
0.002766 195
0.002767 195
0.002768 194
0.002769 194
0.00277 194
0.002771 194
0.002772 194
0.002773 194
0.002774 194
0.002775 194
0.002776 194
0.002777 194
0.002778 194
0.002779 194
0.00278 194
0.002781 194
0.002782 194
0.002783 194
0.002784 194
0.002785 194
0.002786 194
0.002787 194
0.002788 194
0.002789 194
0.00279 194
0.002791 194
0.002792 194
0.002793 194
0.002794 194
0.002795 194
0.002796 194
0.002797 194
0.002798 194
0.002799 194
0.0028 194
0.002801 194
0.002802 194
0.002803 194
0.002804 194
0.002805 194
0.002806 194
0.002807 194
0.002808 194
0.002809 194
0.00281 194
0.002811 194
0.002812 194
0.002813 194
0.002814 194
0.002815 194
0.002816 194
0.002817 194
0.002818 194
0.002819 194
0.00282 194
0.002821 194
0.002822 194
0.002823 194
0.002824 194
0.002825 194
0.002826 194
0.002827 194
0.002828 194
0.002829 194
0.00283 194
0.002831 194
0.002832 194
0.002833 194
0.002834 194
0.002835 194
0.002836 194
0.002837 194
0.002838 194
0.002839 194
0.00284 194
0.002841 194
0.002842 194
0.002843 195
0.002844 195
0.002845 195
0.002846 195
0.002847 195
0.002848 195
0.002849 195
0.00285 195
0.002851 195
0.002852 195
0.002853 195
0.002854 195
0.002855 195
0.002856 195
0.002857 195
0.002858 195
0.002859 195
0.00286 195
0.002861 195
0.002862 195
0.002863 195
0.002864 195
0.002865 195
0.002866 195
0.002867 195
0.002868 195
0.002869 195
0.00287 195
0.002871 195
0.002872 195
0.002873 195
0.002874 195
0.002875 195
0.002876 195
0.002877 195
0.002878 195
0.002879 195
0.00288 195
0.002881 195
0.002882 195
0.002883 195
0.002884 195
0.002885 195
0.002886 195
0.002887 195
0.002888 195
0.002889 195
0.00289 195
0.002891 195
0.002892 195
0.002893 195
0.002894 195
0.002895 195
0.002896 195
0.002897 195
0.002898 195
0.002899 195
0.0029 196
0.002901 196
0.002902 196
0.002903 196
0.002904 196
0.002905 196
0.002906 196
0.002907 196
0.002908 196
0.002909 196
0.00291 196
0.002911 196
0.002912 196
0.002913 196
0.002914 196
0.002915 196
0.002916 195
0.002917 195
0.002918 195
0.002919 195
0.00292 195
0.002921 195
0.002922 195
0.002923 195
0.002924 195
0.002925 195
0.002926 195
0.002927 195
0.002928 195
0.002929 195
0.00293 195
0.002931 195
0.002932 195
0.002933 195
0.002934 195
0.002935 195
0.002936 195
0.002937 195
0.002938 195
0.002939 195
0.00294 195
0.002941 195
0.002942 195
0.002943 195
0.002944 195
0.002945 195
0.002946 195
0.002947 195
0.002948 195
0.002949 195
0.00295 195
0.002951 195
0.002952 195
0.002953 195
0.002954 195
0.002955 195
0.002956 195
0.002957 195
0.002958 195
0.002959 195
0.00296 195
0.002961 195
0.002962 195
0.002963 195
0.002964 195
0.002965 195
0.002966 195
0.002967 195
0.002968 195
0.002969 195
0.00297 195
0.002971 195
0.002972 195
0.002973 195
0.002974 195
0.002975 195
0.002976 195
0.002977 195
0.002978 195
0.002979 195
0.00298 195
0.002981 195
0.002982 195
0.002983 195
0.002984 195
0.002985 195
0.002986 195
0.002987 195
0.002988 195
0.002989 195
0.00299 195
0.002991 195
0.002992 195
0.002993 195
0.002994 195
0.002995 195
0.002996 195
0.002997 195
0.002998 195
0.002999 195
0.003 195
0.003001 194
0.003002 194
0.003003 194
0.003004 194
0.003005 194
0.003006 194
0.003007 194
0.003008 194
0.003009 194
0.00301 194
0.003011 194
0.003012 194
0.003013 194
0.003014 194
0.003015 194
0.003016 194
0.003017 193
0.003018 193
0.003019 193
0.00302 193
0.003021 193
0.003022 193
0.003023 193
0.003024 193
0.003025 193
0.003026 193
0.003027 193
0.003028 193
0.003029 193
0.00303 193
0.003031 193
0.003032 193
0.003033 193
0.003034 193
0.003035 193
0.003036 193
0.003037 193
0.003038 193
0.003039 193
0.00304 193
0.003041 194
0.003042 194
0.003043 194
0.003044 194
0.003045 194
0.003046 194
0.003047 194
0.003048 194
0.003049 194
0.00305 194
0.003051 193
0.003052 193
0.003053 193
0.003054 193
0.003055 193
0.003056 193
0.003057 193
0.003058 193
0.003059 193
0.00306 193
0.003061 193
0.003062 193
0.003063 193
0.003064 193
0.003065 193
0.003066 193
0.003067 193
0.003068 193
0.003069 193
0.00307 193
0.003071 193
0.003072 194
0.003073 194
0.003074 194
0.003075 194
0.003076 194
0.003077 194
0.003078 194
0.003079 194
0.00308 194
0.003081 194
0.003082 194
0.003083 194
0.003084 194
0.003085 195
0.003086 195
0.003087 195
0.003088 195
0.003089 195
0.00309 195
0.003091 195
0.003092 195
0.003093 195
0.003094 195
0.003095 195
0.003096 195
0.003097 195
0.003098 195
0.003099 195
0.0031 195
0.003101 195
0.003102 195
0.003103 195
0.003104 195
0.003105 195
0.003106 195
0.003107 195
0.003108 195
0.003109 195
0.00311 195
0.003111 195
0.003112 195
0.003113 196
0.003114 196
0.003115 196
0.003116 196
0.003117 196
0.003118 196
0.003119 196
0.00312 196
0.003121 196
0.003122 196
0.003123 196
0.003124 196
0.003125 196
0.003126 196
0.003127 196
0.003128 196
0.003129 196
0.00313 196
0.003131 196
0.003132 196
0.003133 196
0.003134 196
0.003135 196
0.003136 196
0.003137 196
0.003138 196
0.003139 196
0.00314 196
0.003141 196
0.003142 196
0.003143 196
0.003144 196
0.003145 196
0.003146 196
0.003147 196
0.003148 196
0.003149 196
0.00315 196
0.003151 196
0.003152 196
0.003153 196
0.003154 196
0.003155 196
0.003156 196
0.003157 196
0.003158 196
0.003159 196
0.00316 196
0.003161 196
0.003162 196
0.003163 196
0.003164 196
0.003165 196
0.003166 196
0.003167 196
0.003168 196
0.003169 196
0.00317 196
0.003171 196
0.003172 196
0.003173 196
0.003174 196
0.003175 196
0.003176 196
0.003177 196
0.003178 196
0.003179 196
0.00318 196
0.003181 196
0.003182 196
0.003183 196
0.003184 196
0.003185 196
0.003186 196
0.003187 196
0.003188 196
0.003189 196
0.00319 196
0.003191 196
0.003192 196
0.003193 196
0.003194 196
0.003195 196
0.003196 196
0.003197 196
0.003198 196
0.003199 196
0.0032 196
0.003201 196
0.003202 196
0.003203 196
0.003204 196
0.003205 196
0.003206 197
0.003207 197
0.003208 197
0.003209 197
0.00321 197
0.003211 197
0.003212 197
0.003213 197
0.003214 197
0.003215 197
0.003216 197
0.003217 197
0.003218 197
0.003219 197
0.00322 197
0.003221 197
0.003222 197
0.003223 197
0.003224 197
0.003225 197
0.003226 197
0.003227 197
0.003228 197
0.003229 197
0.00323 197
0.003231 197
0.003232 197
0.003233 197
0.003234 197
0.003235 197
0.003236 198
0.003237 198
0.003238 198
0.003239 198
0.00324 198
0.003241 198
0.003242 198
0.003243 198
0.003244 198
0.003245 198
0.003246 198
0.003247 198
0.003248 198
0.003249 198
0.00325 198
0.003251 198
0.003252 198
0.003253 198
0.003254 198
0.003255 198
0.003256 198
0.003257 198
0.003258 198
0.003259 197
0.00326 197
0.003261 197
0.003262 197
0.003263 197
0.003264 197
0.003265 197
0.003266 198
0.003267 198
0.003268 198
0.003269 198
0.00327 198
0.003271 198
0.003272 197
0.003273 197
0.003274 197
0.003275 197
0.003276 197
0.003277 197
0.003278 197
0.003279 197
0.00328 197
0.003281 197
0.003282 197
0.003283 197
0.003284 197
0.003285 197
0.003286 197
0.003287 197
0.003288 197
0.003289 197
0.00329 197
0.003291 197
0.003292 197
0.003293 197
0.003294 197
0.003295 197
0.003296 197
0.003297 197
0.003298 197
0.003299 197
0.0033 197
0.003301 197
0.003302 197
0.003303 197
0.003304 197
0.003305 197
0.003306 197
0.003307 197
0.003308 196
0.003309 196
0.00331 196
0.003311 196
0.003312 196
0.003313 196
0.003314 196
0.003315 196
0.003316 196
0.003317 196
0.003318 196
0.003319 196
0.00332 196
0.003321 196
0.003322 196
0.003323 196
0.003324 196
0.003325 196
0.003326 196
0.003327 196
0.003328 196
0.003329 196
0.00333 195
0.003331 195
0.003332 195
0.003333 195
0.003334 195
0.003335 196
0.003336 196
0.003337 196
0.003338 196
0.003339 196
0.00334 196
0.003341 196
0.003342 196
0.003343 196
0.003344 196
0.003345 196
0.003346 196
0.003347 196
0.003348 196
0.003349 196
0.00335 196
0.003351 196
0.003352 196
0.003353 196
0.003354 196
0.003355 196
0.003356 196
0.003357 196
0.003358 196
0.003359 197
0.00336 196
0.003361 196
0.003362 196
0.003363 196
0.003364 196
0.003365 196
0.003366 196
0.003367 196
0.003368 196
0.003369 196
0.00337 196
0.003371 196
0.003372 196
0.003373 196
0.003374 196
0.003375 196
0.003376 196
0.003377 196
0.003378 196
0.003379 196
0.00338 196
0.003381 196
0.003382 196
0.003383 196
0.003384 196
0.003385 196
0.003386 196
0.003387 195
0.003388 195
0.003389 195
0.00339 195
0.003391 195
0.003392 195
0.003393 194
0.003394 194
0.003395 194
0.003396 194
0.003397 194
0.003398 194
0.003399 194
0.0034 194
0.003401 194
0.003402 194
0.003403 194
0.003404 194
0.003405 194
0.003406 194
0.003407 194
0.003408 194
0.003409 194
0.00341 194
0.003411 194
0.003412 194
0.003413 194
0.003414 194
0.003415 194
0.003416 194
0.003417 194
0.003418 194
0.003419 194
0.00342 194
0.003421 194
0.003422 194
0.003423 194
0.003424 194
0.003425 194
0.003426 194
0.003427 194
0.003428 194
0.003429 194
0.00343 194
0.003431 194
0.003432 194
0.003433 194
0.003434 194
0.003435 194
0.003436 194
0.003437 194
0.003438 194
0.003439 194
0.00344 194
0.003441 194
0.003442 194
0.003443 194
0.003444 194
0.003445 194
0.003446 194
0.003447 194
0.003448 194
0.003449 194
0.00345 194
0.003451 194
0.003452 194
0.003453 194
0.003454 194
0.003455 194
0.003456 194
0.003457 194
0.003458 194
0.003459 194
0.00346 194
0.003461 194
0.003462 194
0.003463 194
0.003464 193
0.003465 193
0.003466 193
0.003467 193
0.003468 193
0.003469 193
0.00347 193
0.003471 193
0.003472 193
0.003473 193
0.003474 193
0.003475 193
0.003476 193
0.003477 193
0.003478 193
0.003479 193
0.00348 193
0.003481 193
0.003482 193
0.003483 193
0.003484 193
0.003485 193
0.003486 193
0.003487 193
0.003488 193
0.003489 193
0.00349 193
0.003491 193
0.003492 194
0.003493 194
0.003494 194
0.003495 194
0.003496 194
0.003497 194
0.003498 194
0.003499 194
0.0035 194
0.003501 194
0.003502 194
0.003503 194
0.003504 194
0.003505 194
0.003506 194
0.003507 194
0.003508 194
0.003509 194
0.00351 194
0.003511 194
0.003512 194
0.003513 194
0.003514 194
0.003515 194
0.003516 194
0.003517 193
0.003518 193
0.003519 193
0.00352 193
0.003521 193
0.003522 193
0.003523 193
0.003524 193
0.003525 193
0.003526 193
0.003527 193
0.003528 193
0.003529 193
0.00353 193
0.003531 193
0.003532 193
0.003533 193
0.003534 193
0.003535 193
0.003536 192
0.003537 192
0.003538 192
0.003539 192
0.00354 192
0.003541 192
0.003542 192
0.003543 192
0.003544 192
0.003545 192
0.003546 192
0.003547 192
0.003548 192
0.003549 192
0.00355 192
0.003551 192
0.003552 192
0.003553 192
0.003554 192
0.003555 191
0.003556 191
0.003557 191
0.003558 191
0.003559 191
0.00356 191
0.003561 191
0.003562 191
0.003563 191
0.003564 191
0.003565 191
0.003566 191
0.003567 191
0.003568 191
0.003569 191
0.00357 191
0.003571 191
0.003572 191
0.003573 191
0.003574 191
0.003575 191
0.003576 191
0.003577 191
0.003578 191
0.003579 191
0.00358 191
0.003581 191
0.003582 191
0.003583 191
0.003584 191
0.003585 191
0.003586 191
0.003587 191
0.003588 191
0.003589 192
0.00359 192
0.003591 191
0.003592 191
0.003593 191
0.003594 191
0.003595 191
0.003596 191
0.003597 191
0.003598 190
0.003599 190
0.0036 190
0.003601 191
0.003602 191
0.003603 191
0.003604 191
0.003605 191
0.003606 191
0.003607 191
0.003608 191
0.003609 191
0.00361 191
0.003611 191
0.003612 191
0.003613 191
0.003614 191
0.003615 191
0.003616 191
0.003617 191
0.003618 191
0.003619 191
0.00362 191
0.003621 191
0.003622 191
0.003623 191
0.003624 191
0.003625 191
0.003626 191
0.003627 191
0.003628 191
0.003629 191
0.00363 191
0.003631 191
0.003632 191
0.003633 191
0.003634 190
0.003635 190
0.003636 190
0.003637 190
0.003638 190
0.003639 191
0.00364 191
0.003641 191
0.003642 191
0.003643 191
0.003644 191
0.003645 191
0.003646 191
0.003647 191
0.003648 191
0.003649 191
0.00365 191
0.003651 191
0.003652 191
0.003653 191
0.003654 191
0.003655 191
0.003656 191
0.003657 191
0.003658 191
0.003659 191
0.00366 191
0.003661 191
0.003662 191
0.003663 191
0.003664 191
0.003665 191
0.003666 191
0.003667 191
0.003668 191
0.003669 191
0.00367 191
0.003671 191
0.003672 191
0.003673 191
0.003674 191
0.003675 191
0.003676 191
0.003677 191
0.003678 191
0.003679 191
0.00368 191
0.003681 191
0.003682 191
0.003683 191
0.003684 191
0.003685 191
0.003686 191
0.003687 190
0.003688 190
0.003689 190
0.00369 190
0.003691 190
0.003692 190
0.003693 190
0.003694 190
0.003695 190
0.003696 190
0.003697 190
0.003698 190
0.003699 190
0.0037 190
0.003701 190
0.003702 190
0.003703 190
0.003704 190
0.003705 190
0.003706 190
0.003707 190
0.003708 190
0.003709 190
0.00371 190
0.003711 190
0.003712 190
0.003713 190
0.003714 190
0.003715 190
0.003716 190
0.003717 190
0.003718 190
0.003719 190
0.00372 190
0.003721 190
0.003722 190
0.003723 190
0.003724 190
0.003725 190
0.003726 190
0.003727 190
0.003728 190
0.003729 190
0.00373 190
0.003731 190
0.003732 190
0.003733 190
0.003734 190
0.003735 190
0.003736 190
0.003737 190
0.003738 190
0.003739 190
0.00374 190
0.003741 190
0.003742 190
0.003743 190
0.003744 190
0.003745 190
0.003746 190
0.003747 190
0.003748 190
0.003749 190
0.00375 190
0.003751 190
0.003752 190
0.003753 190
0.003754 190
0.003755 190
0.003756 190
0.003757 190
0.003758 190
0.003759 190
0.00376 190
0.003761 190
0.003762 190
0.003763 190
0.003764 191
0.003765 191
0.003766 191
0.003767 191
0.003768 191
0.003769 191
0.00377 191
0.003771 191
0.003772 191
0.003773 191
0.003774 191
0.003775 190
0.003776 190
0.003777 190
0.003778 190
0.003779 190
0.00378 190
0.003781 190
0.003782 190
0.003783 190
0.003784 190
0.003785 190
0.003786 190
0.003787 190
0.003788 190
0.003789 190
0.00379 190
0.003791 190
0.003792 190
0.003793 190
0.003794 190
0.003795 190
0.003796 190
0.003797 190
0.003798 190
0.003799 190
0.0038 190
0.003801 190
0.003802 190
0.003803 190
0.003804 190
0.003805 190
0.003806 190
0.003807 190
0.003808 190
0.003809 190
0.00381 190
0.003811 190
0.003812 190
0.003813 190
0.003814 190
0.003815 190
0.003816 190
0.003817 190
0.003818 190
0.003819 190
0.00382 190
0.003821 190
0.003822 190
0.003823 190
0.003824 190
0.003825 190
0.003826 190
0.003827 190
0.003828 190
0.003829 190
0.00383 190
0.003831 190
0.003832 190
0.003833 190
0.003834 190
0.003835 190
0.003836 190
0.003837 190
0.003838 190
0.003839 190
0.00384 190
0.003841 190
0.003842 190
0.003843 190
0.003844 190
0.003845 190
0.003846 190
0.003847 190
0.003848 190
0.003849 190
0.00385 190
0.003851 190
0.003852 190
0.003853 190
0.003854 190
0.003855 190
0.003856 190
0.003857 190
0.003858 190
0.003859 190
0.00386 190
0.003861 190
0.003862 190
0.003863 190
0.003864 190
0.003865 190
0.003866 190
0.003867 190
0.003868 190
0.003869 190
0.00387 190
0.003871 190
0.003872 190
0.003873 190
0.003874 190
0.003875 190
0.003876 190
0.003877 190
0.003878 190
0.003879 190
0.00388 190
0.003881 190
0.003882 190
0.003883 190
0.003884 190
0.003885 190
0.003886 190
0.003887 190
0.003888 190
0.003889 190
0.00389 190
0.003891 190
0.003892 190
0.003893 190
0.003894 190
0.003895 190
0.003896 190
0.003897 190
0.003898 190
0.003899 190
0.0039 190
0.003901 190
0.003902 190
0.003903 190
0.003904 190
0.003905 190
0.003906 190
0.003907 190
0.003908 190
0.003909 190
0.00391 190
0.003911 190
0.003912 190
0.003913 190
0.003914 190
0.003915 190
0.003916 190
0.003917 190
0.003918 190
0.003919 190
0.00392 190
0.003921 190
0.003922 190
0.003923 190
0.003924 190
0.003925 190
0.003926 190
0.003927 191
0.003928 191
0.003929 191
0.00393 191
0.003931 191
0.003932 191
0.003933 191
0.003934 191
0.003935 191
0.003936 191
0.003937 191
0.003938 191
0.003939 191
0.00394 191
0.003941 191
0.003942 191
0.003943 191
0.003944 191
0.003945 191
0.003946 191
0.003947 191
0.003948 191
0.003949 191
0.00395 191
0.003951 191
0.003952 191
0.003953 191
0.003954 191
0.003955 191
0.003956 191
0.003957 191
0.003958 191
0.003959 191
0.00396 191
0.003961 191
0.003962 191
0.003963 191
0.003964 191
0.003965 191
0.003966 191
0.003967 191
0.003968 191
0.003969 191
0.00397 192
0.003971 192
0.003972 192
0.003973 192
0.003974 192
0.003975 192
0.003976 192
0.003977 192
0.003978 192
0.003979 192
0.00398 192
0.003981 192
0.003982 192
0.003983 192
0.003984 192
0.003985 192
0.003986 192
0.003987 192
0.003988 192
0.003989 192
0.00399 192
0.003991 192
0.003992 192
0.003993 192
0.003994 192
0.003995 192
0.003996 192
0.003997 192
0.003998 191
0.003999 191
0.004 191
0.004001 191
0.004002 191
0.004003 191
0.004004 191
0.004005 191
0.004006 191
0.004007 191
0.004008 191
0.004009 191
0.00401 191
0.004011 191
0.004012 191
0.004013 191
0.004014 191
0.004015 191
0.004016 191
0.004017 191
0.004018 191
0.004019 191
0.00402 191
0.004021 191
0.004022 191
0.004023 191
0.004024 191
0.004025 191
0.004026 191
0.004027 191
0.004028 191
0.004029 191
0.00403 191
0.004031 191
0.004032 191
0.004033 191
0.004034 191
0.004035 191
0.004036 191
0.004037 191
0.004038 191
0.004039 191
0.00404 191
0.004041 191
0.004042 191
0.004043 191
0.004044 191
0.004045 191
0.004046 191
0.004047 191
0.004048 191
0.004049 191
0.00405 191
0.004051 191
0.004052 191
0.004053 191
0.004054 191
0.004055 191
0.004056 191
0.004057 191
0.004058 191
0.004059 191
0.00406 191
0.004061 191
0.004062 191
0.004063 191
0.004064 191
0.004065 191
0.004066 191
0.004067 191
0.004068 191
0.004069 190
0.00407 190
0.004071 190
0.004072 190
0.004073 190
0.004074 190
0.004075 190
0.004076 190
0.004077 190
0.004078 190
0.004079 190
0.00408 190
0.004081 190
0.004082 190
0.004083 190
0.004084 190
0.004085 189
0.004086 189
0.004087 189
0.004088 189
0.004089 189
0.00409 189
0.004091 189
0.004092 189
0.004093 189
0.004094 189
0.004095 189
0.004096 189
0.004097 189
0.004098 189
0.004099 189
0.0041 189
0.004101 189
0.004102 189
0.004103 189
0.004104 189
0.004105 189
0.004106 189
0.004107 189
0.004108 189
0.004109 189
0.00411 189
0.004111 189
0.004112 189
0.004113 189
0.004114 189
0.004115 189
0.004116 189
0.004117 189
0.004118 189
0.004119 189
0.00412 189
0.004121 189
0.004122 189
0.004123 189
0.004124 189
0.004125 189
0.004126 189
0.004127 189
0.004128 189
0.004129 189
0.00413 189
0.004131 189
0.004132 189
0.004133 189
0.004134 189
0.004135 189
0.004136 188
0.004137 188
0.004138 188
0.004139 188
0.00414 188
0.004141 188
0.004142 188
0.004143 188
0.004144 188
0.004145 188
0.004146 188
0.004147 188
0.004148 188
0.004149 188
0.00415 188
0.004151 188
0.004152 188
0.004153 188
0.004154 188
0.004155 188
0.004156 188
0.004157 189
0.004158 189
0.004159 189
0.00416 190
0.004161 190
0.004162 190
0.004163 190
0.004164 190
0.004165 189
0.004166 189
0.004167 189
0.004168 189
0.004169 189
0.00417 189
0.004171 189
0.004172 189
0.004173 189
0.004174 189
0.004175 189
0.004176 189
0.004177 189
0.004178 189
0.004179 189
0.00418 189
0.004181 189
0.004182 189
0.004183 189
0.004184 189
0.004185 189
0.004186 189
0.004187 189
0.004188 189
0.004189 189
0.00419 189
0.004191 189
0.004192 189
0.004193 189
0.004194 189
0.004195 189
0.004196 189
0.004197 189
0.004198 189
0.004199 189
0.0042 188
0.004201 188
0.004202 188
0.004203 188
0.004204 188
0.004205 188
0.004206 188
0.004207 188
0.004208 188
0.004209 189
0.00421 189
0.004211 189
0.004212 189
0.004213 189
0.004214 189
0.004215 189
0.004216 189
0.004217 189
0.004218 189
0.004219 189
0.00422 189
0.004221 189
0.004222 189
0.004223 189
0.004224 189
0.004225 189
0.004226 189
0.004227 189
0.004228 189
0.004229 189
0.00423 189
0.004231 189
0.004232 189
0.004233 189
0.004234 189
0.004235 189
0.004236 189
0.004237 189
0.004238 189
0.004239 189
0.00424 188
0.004241 188
0.004242 188
0.004243 188
0.004244 188
0.004245 188
0.004246 188
0.004247 188
0.004248 188
0.004249 188
0.00425 188
0.004251 188
0.004252 189
0.004253 189
0.004254 189
0.004255 189
0.004256 189
0.004257 189
0.004258 189
0.004259 190
0.00426 190
0.004261 190
0.004262 190
0.004263 190
0.004264 190
0.004265 190
0.004266 190
0.004267 190
0.004268 190
0.004269 190
0.00427 190
0.004271 190
0.004272 190
0.004273 190
0.004274 190
0.004275 190
0.004276 190
0.004277 190
0.004278 190
0.004279 190
0.00428 190
0.004281 190
0.004282 190
0.004283 190
0.004284 190
0.004285 190
0.004286 190
0.004287 190
0.004288 190
0.004289 190
0.00429 190
0.004291 190
0.004292 190
0.004293 190
0.004294 190
0.004295 190
0.004296 190
0.004297 190
0.004298 190
0.004299 190
0.0043 190
0.004301 190
0.004302 190
0.004303 190
0.004304 190
0.004305 190
0.004306 190
0.004307 190
0.004308 190
0.004309 190
0.00431 190
0.004311 190
0.004312 190
0.004313 190
0.004314 190
0.004315 190
0.004316 190
0.004317 190
0.004318 190
0.004319 190
0.00432 190
0.004321 190
0.004322 190
0.004323 190
0.004324 190
0.004325 190
0.004326 190
0.004327 190
0.004328 190
0.004329 190
0.00433 190
0.004331 190
0.004332 190
0.004333 190
0.004334 190
0.004335 190
0.004336 190
0.004337 190
0.004338 190
0.004339 190
0.00434 190
0.004341 190
0.004342 190
0.004343 190
0.004344 190
0.004345 190
0.004346 190
0.004347 190
0.004348 190
0.004349 190
0.00435 190
0.004351 190
0.004352 190
0.004353 190
0.004354 190
0.004355 190
0.004356 190
0.004357 190
0.004358 190
0.004359 190
0.00436 190
0.004361 190
0.004362 190
0.004363 190
0.004364 190
0.004365 190
0.004366 190
0.004367 190
0.004368 190
0.004369 190
0.00437 190
0.004371 190
0.004372 190
0.004373 190
0.004374 190
0.004375 190
0.004376 190
0.004377 190
0.004378 190
0.004379 190
0.00438 190
0.004381 190
0.004382 190
0.004383 190
0.004384 190
0.004385 190
0.004386 190
0.004387 190
0.004388 190
0.004389 190
0.00439 190
0.004391 190
0.004392 190
0.004393 190
0.004394 190
0.004395 190
0.004396 190
0.004397 190
0.004398 190
0.004399 190
0.0044 190
0.004401 190
0.004402 190
0.004403 190
0.004404 190
0.004405 189
0.004406 189
0.004407 189
0.004408 189
0.004409 189
0.00441 189
0.004411 189
0.004412 189
0.004413 189
0.004414 189
0.004415 189
0.004416 189
0.004417 189
0.004418 189
0.004419 189
0.00442 189
0.004421 189
0.004422 189
0.004423 189
0.004424 189
0.004425 189
0.004426 189
0.004427 189
0.004428 189
0.004429 189
0.00443 189
0.004431 189
0.004432 189
0.004433 188
0.004434 188
0.004435 188
0.004436 188
0.004437 188
0.004438 188
0.004439 188
0.00444 188
0.004441 188
0.004442 188
0.004443 188
0.004444 188
0.004445 188
0.004446 188
0.004447 188
0.004448 188
0.004449 188
0.00445 188
0.004451 188
0.004452 188
0.004453 188
0.004454 188
0.004455 188
0.004456 188
0.004457 188
0.004458 188
0.004459 187
0.00446 187
0.004461 187
0.004462 187
0.004463 187
0.004464 187
0.004465 187
0.004466 187
0.004467 188
0.004468 188
0.004469 188
0.00447 188
0.004471 188
0.004472 188
0.004473 188
0.004474 188
0.004475 188
0.004476 188
0.004477 188
0.004478 188
0.004479 188
0.00448 188
0.004481 188
0.004482 188
0.004483 188
0.004484 188
0.004485 188
0.004486 188
0.004487 188
0.004488 188
0.004489 188
0.00449 188
0.004491 188
0.004492 188
0.004493 188
0.004494 188
0.004495 188
0.004496 188
0.004497 188
0.004498 188
0.004499 188
0.0045 188
0.004501 188
0.004502 188
0.004503 188
0.004504 188
0.004505 188
0.004506 188
0.004507 188
0.004508 188
0.004509 188
0.00451 188
0.004511 188
0.004512 188
0.004513 188
0.004514 188
0.004515 188
0.004516 188
0.004517 188
0.004518 188
0.004519 188
0.00452 188
0.004521 188
0.004522 188
0.004523 188
0.004524 188
0.004525 188
0.004526 188
0.004527 188
0.004528 188
0.004529 188
0.00453 188
0.004531 188
0.004532 188
0.004533 188
0.004534 188
0.004535 188
0.004536 188
0.004537 188
0.004538 188
0.004539 188
0.00454 188
0.004541 188
0.004542 188
0.004543 188
0.004544 188
0.004545 188
0.004546 188
0.004547 188
0.004548 188
0.004549 188
0.00455 188
0.004551 188
0.004552 188
0.004553 188
0.004554 188
0.004555 188
0.004556 188
0.004557 188
0.004558 188
0.004559 188
0.00456 188
0.004561 188
0.004562 188
0.004563 188
0.004564 188
0.004565 188
0.004566 189
0.004567 189
0.004568 189
0.004569 189
0.00457 189
0.004571 189
0.004572 189
0.004573 189
0.004574 189
0.004575 189
0.004576 189
0.004577 189
0.004578 189
0.004579 189
0.00458 189
0.004581 189
0.004582 189
0.004583 189
0.004584 189
0.004585 189
0.004586 189
0.004587 189
0.004588 189
0.004589 189
0.00459 189
0.004591 189
0.004592 189
0.004593 189
0.004594 189
0.004595 189
0.004596 189
0.004597 189
0.004598 189
0.004599 189
0.0046 189
0.004601 189
0.004602 189
0.004603 190
0.004604 190
0.004605 190
0.004606 190
0.004607 190
0.004608 190
0.004609 190
0.00461 190
0.004611 190
0.004612 190
0.004613 190
0.004614 190
0.004615 190
0.004616 190
0.004617 190
0.004618 190
0.004619 190
0.00462 190
0.004621 190
0.004622 190
0.004623 190
0.004624 190
0.004625 190
0.004626 190
0.004627 190
0.004628 190
0.004629 190
0.00463 190
0.004631 190
0.004632 190
0.004633 190
0.004634 190
0.004635 190
0.004636 190
0.004637 190
0.004638 190
0.004639 190
0.00464 190
0.004641 190
0.004642 190
0.004643 190
0.004644 190
0.004645 190
0.004646 190
0.004647 190
0.004648 190
0.004649 190
0.00465 190
0.004651 190
0.004652 190
0.004653 190
0.004654 190
0.004655 190
0.004656 190
0.004657 190
0.004658 190
0.004659 190
0.00466 190
0.004661 190
0.004662 190
0.004663 190
0.004664 190
0.004665 190
0.004666 190
0.004667 189
0.004668 189
0.004669 189
0.00467 189
0.004671 189
0.004672 189
0.004673 189
0.004674 189
0.004675 189
0.004676 189
0.004677 189
0.004678 189
0.004679 189
0.00468 189
0.004681 189
0.004682 189
0.004683 189
0.004684 189
0.004685 189
0.004686 189
0.004687 189
0.004688 189
0.004689 189
0.00469 189
0.004691 189
0.004692 189
0.004693 189
0.004694 189
0.004695 189
0.004696 189
0.004697 189
0.004698 189
0.004699 189
0.0047 189
0.004701 189
0.004702 189
0.004703 189
0.004704 189
0.004705 189
0.004706 189
0.004707 189
0.004708 189
0.004709 189
0.00471 189
0.004711 189
0.004712 189
0.004713 189
0.004714 189
0.004715 189
0.004716 189
0.004717 189
0.004718 189
0.004719 189
0.00472 189
0.004721 189
0.004722 189
0.004723 189
0.004724 189
0.004725 189
0.004726 189
0.004727 189
0.004728 189
0.004729 189
0.00473 189
0.004731 189
0.004732 189
0.004733 189
0.004734 189
0.004735 189
0.004736 189
0.004737 189
0.004738 189
0.004739 189
0.00474 189
0.004741 189
0.004742 189
0.004743 188
0.004744 188
0.004745 188
0.004746 188
0.004747 188
0.004748 188
0.004749 188
0.00475 187
0.004751 187
0.004752 187
0.004753 187
0.004754 187
0.004755 187
0.004756 188
0.004757 188
0.004758 188
0.004759 188
0.00476 188
0.004761 188
0.004762 188
0.004763 188
0.004764 188
0.004765 188
0.004766 188
0.004767 188
0.004768 188
0.004769 188
0.00477 188
0.004771 188
0.004772 188
0.004773 188
0.004774 188
0.004775 188
0.004776 188
0.004777 188
0.004778 188
0.004779 188
0.00478 188
0.004781 188
0.004782 188
0.004783 188
0.004784 188
0.004785 188
0.004786 188
0.004787 188
0.004788 188
0.004789 188
0.00479 188
0.004791 188
0.004792 188
0.004793 189
0.004794 189
0.004795 189
0.004796 189
0.004797 189
0.004798 189
0.004799 189
0.0048 189
0.004801 189
0.004802 189
0.004803 189
0.004804 189
0.004805 189
0.004806 189
0.004807 189
0.004808 189
0.004809 189
0.00481 189
0.004811 189
0.004812 189
0.004813 189
0.004814 189
0.004815 189
0.004816 189
0.004817 189
0.004818 189
0.004819 189
0.00482 189
0.004821 189
0.004822 189
0.004823 189
0.004824 189
0.004825 189
0.004826 189
0.004827 189
0.004828 189
0.004829 189
0.00483 189
0.004831 188
0.004832 188
0.004833 188
0.004834 188
0.004835 188
0.004836 188
0.004837 188
0.004838 188
0.004839 188
0.00484 188
0.004841 188
0.004842 188
0.004843 188
0.004844 188
0.004845 188
0.004846 188
0.004847 188
0.004848 188
0.004849 188
0.00485 188
0.004851 188
0.004852 188
0.004853 188
0.004854 188
0.004855 188
0.004856 188
0.004857 188
0.004858 188
0.004859 188
0.00486 188
0.004861 188
0.004862 188
0.004863 188
0.004864 188
0.004865 188
0.004866 188
0.004867 188
0.004868 188
0.004869 188
0.00487 188
0.004871 188
0.004872 188
0.004873 188
0.004874 188
0.004875 188
0.004876 188
0.004877 188
0.004878 188
0.004879 188
0.00488 188
0.004881 188
0.004882 188
0.004883 188
0.004884 188
0.004885 188
0.004886 188
0.004887 188
0.004888 188
0.004889 188
0.00489 188
0.004891 188
0.004892 188
0.004893 188
0.004894 188
0.004895 188
0.004896 188
0.004897 188
0.004898 188
0.004899 187
0.0049 187
0.004901 187
0.004902 187
0.004903 187
0.004904 187
0.004905 187
0.004906 187
0.004907 187
0.004908 187
0.004909 187
0.00491 187
0.004911 187
0.004912 187
0.004913 187
0.004914 187
0.004915 187
0.004916 187
0.004917 187
0.004918 187
0.004919 187
0.00492 187
0.004921 187
0.004922 187
0.004923 187
0.004924 187
0.004925 187
0.004926 187
0.004927 187
0.004928 187
0.004929 187
0.00493 187
0.004931 187
0.004932 187
0.004933 187
0.004934 187
0.004935 187
0.004936 187
0.004937 187
0.004938 187
0.004939 188
0.00494 188
0.004941 188
0.004942 188
0.004943 188
0.004944 188
0.004945 188
0.004946 188
0.004947 188
0.004948 188
0.004949 188
0.00495 188
0.004951 188
0.004952 188
0.004953 188
0.004954 187
0.004955 187
0.004956 187
0.004957 187
0.004958 187
0.004959 187
0.00496 187
0.004961 187
0.004962 187
0.004963 187
0.004964 187
0.004965 187
0.004966 187
0.004967 187
0.004968 188
0.004969 188
0.00497 188
0.004971 188
0.004972 188
0.004973 188
0.004974 188
0.004975 188
0.004976 188
0.004977 188
0.004978 188
0.004979 188
0.00498 188
0.004981 188
0.004982 188
0.004983 188
0.004984 188
0.004985 188
0.004986 187
0.004987 187
0.004988 187
0.004989 187
0.00499 188
0.004991 188
0.004992 188
0.004993 188
0.004994 188
0.004995 188
0.004996 188
0.004997 188
0.004998 188
0.004999 188
0.005 188
