0 401
1e-06 403
2e-06 405
3e-06 410
4e-06 413
5e-06 417
6e-06 423
7e-06 430
8e-06 437
9e-06 440
1e-05 441
1.1e-05 444
1.2e-05 446
1.3e-05 447
1.4e-05 452
1.5e-05 453
1.6e-05 455
1.7e-05 461
1.8e-05 468
1.9e-05 469
2e-05 471
2.1e-05 472
2.2e-05 474
2.3e-05 481
2.4e-05 483
2.5e-05 487
2.6e-05 488
2.7e-05 492
2.8e-05 496
2.9e-05 498
3e-05 503
3.1e-05 505
3.2e-05 507
3.3e-05 512
3.4e-05 516
3.5e-05 517
3.6e-05 518
3.7e-05 522
3.8e-05 526
3.9e-05 530
4e-05 529
4.1e-05 532
4.2e-05 534
4.3e-05 536
4.4e-05 538
4.5e-05 538
4.6e-05 542
4.7e-05 545
4.8e-05 548
4.9e-05 554
5e-05 561
5.1e-05 563
5.2e-05 566
5.3e-05 568
5.4e-05 572
5.5e-05 575
5.6e-05 577
5.7e-05 579
5.8e-05 578
5.9e-05 579
6e-05 580
6.1e-05 581
6.2e-05 586
6.3e-05 586
6.4e-05 588
6.5e-05 591
6.6e-05 592
6.7e-05 595
6.8e-05 598
6.9e-05 601
7e-05 606
7.1e-05 607
7.2e-05 609
7.3e-05 611
7.4e-05 612
7.5e-05 616
7.6e-05 619
7.7e-05 620
7.8e-05 620
7.9e-05 622
8e-05 626
8.1e-05 632
8.2e-05 634
8.3e-05 637
8.4e-05 638
8.5e-05 643
8.6e-05 644
8.7e-05 647
8.8e-05 648
8.9e-05 649
9e-05 651
9.1e-05 653
9.2e-05 656
9.3e-05 658
9.4e-05 659
9.5e-05 663
9.6e-05 664
9.7e-05 666
9.8e-05 668
9.9e-05 669
0.0001 672
0.000101 673
0.000102 673
0.000103 674
0.000104 677
0.000105 678
0.000106 679
0.000107 683
0.000108 684
0.000109 684
0.00011 685
0.000111 686
0.000112 686
0.000113 690
0.000114 691
0.000115 691
0.000116 696
0.000117 697
0.000118 700
0.000119 702
0.00012 704
0.000121 706
0.000122 710
0.000123 711
0.000124 711
0.000125 714
0.000126 719
0.000127 719
0.000128 721
0.000129 725
0.00013 725
0.000131 726
0.000132 726
0.000133 727
0.000134 729
0.000135 729
0.000136 731
0.000137 734
0.000138 735
0.000139 738
0.00014 741
0.000141 745
0.000142 748
0.000143 749
0.000144 752
0.000145 753
0.000146 757
0.000147 759
0.000148 759
0.000149 760
0.00015 760
0.000151 763
0.000152 766
0.000153 770
0.000154 772
0.000155 773
0.000156 773
0.000157 774
0.000158 774
0.000159 776
0.00016 776
0.000161 777
0.000162 779
0.000163 779
0.000164 779
0.000165 779
0.000166 783
0.000167 783
0.000168 785
0.000169 786
0.00017 787
0.000171 787
0.000172 788
0.000173 788
0.000174 789
0.000175 790
0.000176 791
0.000177 793
0.000178 796
0.000179 798
0.00018 798
0.000181 799
0.000182 801
0.000183 802
0.000184 804
0.000185 806
0.000186 807
0.000187 809
0.000188 810
0.000189 810
0.00019 810
0.000191 813
0.000192 816
0.000193 820
0.000194 821
0.000195 821
0.000196 823
0.000197 823
0.000198 823
0.000199 824
0.0002 825
0.000201 828
0.000202 829
0.000203 830
0.000204 830
0.000205 831
0.000206 832
0.000207 832
0.000208 831
0.000209 836
0.00021 837
0.000211 839
0.000212 840
0.000213 839
0.000214 841
0.000215 842
0.000216 843
0.000217 843
0.000218 844
0.000219 844
0.00022 845
0.000221 847
0.000222 848
0.000223 850
0.000224 851
0.000225 853
0.000226 852
0.000227 852
0.000228 852
0.000229 852
0.00023 853
0.000231 854
0.000232 855
0.000233 856
0.000234 856
0.000235 856
0.000236 857
0.000237 857
0.000238 858
0.000239 858
0.00024 861
0.000241 863
0.000242 865
0.000243 866
0.000244 866
0.000245 866
0.000246 866
0.000247 868
0.000248 868
0.000249 869
0.00025 868
0.000251 868
0.000252 868
0.000253 868
0.000254 869
0.000255 868
0.000256 869
0.000257 869
0.000258 871
0.000259 870
0.00026 870
0.000261 870
0.000262 871
0.000263 872
0.000264 874
0.000265 875
0.000266 876
0.000267 876
0.000268 876
0.000269 877
0.00027 877
0.000271 878
0.000272 878
0.000273 879
0.000274 880
0.000275 880
0.000276 880
0.000277 882
0.000278 882
0.000279 884
0.00028 883
0.000281 884
0.000282 884
0.000283 884
0.000284 886
0.000285 885
0.000286 885
0.000287 885
0.000288 886
0.000289 886
0.00029 887
0.000291 887
0.000292 887
0.000293 887
0.000294 888
0.000295 889
0.000296 888
0.000297 888
0.000298 888
0.000299 888
0.0003 888
0.000301 889
0.000302 889
0.000303 890
0.000304 890
0.000305 890
0.000306 891
0.000307 892
0.000308 892
0.000309 891
0.00031 892
0.000311 893
0.000312 893
0.000313 894
0.000314 895
0.000315 896
0.000316 896
0.000317 896
0.000318 898
0.000319 898
0.00032 899
0.000321 898
0.000322 898
0.000323 898
0.000324 899
0.000325 899
0.000326 900
0.000327 900
0.000328 900
0.000329 900
0.00033 901
0.000331 901
0.000332 902
0.000333 902
0.000334 903
0.000335 903
0.000336 904
0.000337 903
0.000338 903
0.000339 903
0.00034 906
0.000341 909
0.000342 910
0.000343 910
0.000344 910
0.000345 911
0.000346 912
0.000347 912
0.000348 911
0.000349 912
0.00035 913
0.000351 913
0.000352 913
0.000353 913
0.000354 913
0.000355 914
0.000356 915
0.000357 916
0.000358 918
0.000359 917
0.00036 916
0.000361 918
0.000362 918
0.000363 918
0.000364 918
0.000365 918
0.000366 918
0.000367 919
0.000368 919
0.000369 920
0.00037 920
0.000371 921
0.000372 921
0.000373 921
0.000374 922
0.000375 922
0.000376 925
0.000377 925
0.000378 927
0.000379 927
0.00038 927
0.000381 927
0.000382 927
0.000383 927
0.000384 927
0.000385 927
0.000386 927
0.000387 926
0.000388 926
0.000389 926
0.00039 926
0.000391 927
0.000392 927
0.000393 927
0.000394 927
0.000395 927
0.000396 927
0.000397 928
0.000398 928
0.000399 928
0.0004 928
0.000401 928
0.000402 928
0.000403 928
0.000404 929
0.000405 928
0.000406 929
0.000407 929
0.000408 930
0.000409 930
0.00041 931
0.000411 934
0.000412 934
0.000413 934
0.000414 935
0.000415 935
0.000416 935
0.000417 935
0.000418 935
0.000419 935
0.00042 934
0.000421 935
0.000422 936
0.000423 936
0.000424 938
0.000425 938
0.000426 938
0.000427 938
0.000428 938
0.000429 941
0.00043 941
0.000431 942
0.000432 942
0.000433 942
0.000434 942
0.000435 941
0.000436 941
0.000437 940
0.000438 941
0.000439 941
0.00044 942
0.000441 943
0.000442 943
0.000443 944
0.000444 944
0.000445 944
0.000446 944
0.000447 945
0.000448 945
0.000449 945
0.00045 945
0.000451 946
0.000452 946
0.000453 946
0.000454 946
0.000455 946
0.000456 946
0.000457 946
0.000458 946
0.000459 946
0.00046 946
0.000461 946
0.000462 946
0.000463 946
0.000464 947
0.000465 948
0.000466 949
0.000467 949
0.000468 950
0.000469 950
0.00047 951
0.000471 953
0.000472 953
0.000473 953
0.000474 953
0.000475 955
0.000476 956
0.000477 957
0.000478 957
0.000479 957
0.00048 957
0.000481 957
0.000482 957
0.000483 958
0.000484 958
0.000485 960
0.000486 960
0.000487 960
0.000488 960
0.000489 960
0.00049 960
0.000491 960
0.000492 960
0.000493 960
0.000494 960
0.000495 960
0.000496 960
0.000497 960
0.000498 960
0.000499 960
0.0005 961
0.000501 961
0.000502 961
0.000503 961
0.000504 961
0.000505 961
0.000506 961
0.000507 961
0.000508 962
0.000509 962
0.00051 962
0.000511 962
0.000512 963
0.000513 964
0.000514 964
0.000515 964
0.000516 965
0.000517 965
0.000518 965
0.000519 965
0.00052 966
0.000521 966
0.000522 966
0.000523 966
0.000524 966
0.000525 967
0.000526 967
0.000527 967
0.000528 967
0.000529 967
0.00053 967
0.000531 967
0.000532 967
0.000533 967
0.000534 967
0.000535 967
0.000536 968
0.000537 968
0.000538 968
0.000539 968
0.00054 968
0.000541 968
0.000542 968
0.000543 969
0.000544 969
0.000545 969
0.000546 969
0.000547 970
0.000548 971
0.000549 971
0.00055 971
0.000551 971
0.000552 971
0.000553 971
0.000554 971
0.000555 971
0.000556 971
0.000557 971
0.000558 971
0.000559 971
0.00056 971
0.000561 971
0.000562 971
0.000563 970
0.000564 970
0.000565 970
0.000566 970
0.000567 970
0.000568 969
0.000569 969
0.00057 970
0.000571 970
0.000572 968
0.000573 968
0.000574 968
0.000575 968
0.000576 968
0.000577 968
0.000578 968
0.000579 968
0.00058 968
0.000581 968
0.000582 967
0.000583 967
0.000584 967
0.000585 966
0.000586 967
0.000587 968
0.000588 968
0.000589 967
0.00059 967
0.000591 967
0.000592 967
0.000593 967
0.000594 966
0.000595 966
0.000596 967
0.000597 967
0.000598 967
0.000599 968
0.0006 968
0.000601 968
0.000602 968
0.000603 967
0.000604 967
0.000605 967
0.000606 967
0.000607 967
0.000608 967
0.000609 967
0.00061 967
0.000611 967
0.000612 967
0.000613 967
0.000614 967
0.000615 967
0.000616 966
0.000617 967
0.000618 967
0.000619 968
0.00062 968
0.000621 968
0.000622 968
0.000623 969
0.000624 969
0.000625 969
0.000626 969
0.000627 969
0.000628 970
0.000629 970
0.00063 970
0.000631 970
0.000632 970
0.000633 971
0.000634 971
0.000635 971
0.000636 971
0.000637 971
0.000638 971
0.000639 971
0.00064 971
0.000641 971
0.000642 971
0.000643 971
0.000644 971
0.000645 971
0.000646 972
0.000647 972
0.000648 972
0.000649 973
0.00065 973
0.000651 973
0.000652 973
0.000653 973
0.000654 973
0.000655 973
0.000656 973
0.000657 974
0.000658 974
0.000659 974
0.00066 974
0.000661 974
0.000662 973
0.000663 973
0.000664 973
0.000665 973
0.000666 973
0.000667 973
0.000668 973
0.000669 974
0.00067 974
0.000671 974
0.000672 974
0.000673 974
0.000674 974
0.000675 974
0.000676 973
0.000677 973
0.000678 973
0.000679 973
0.00068 973
0.000681 974
0.000682 974
0.000683 974
0.000684 974
0.000685 973
0.000686 973
0.000687 973
0.000688 973
0.000689 973
0.00069 973
0.000691 973
0.000692 973
0.000693 973
0.000694 973
0.000695 973
0.000696 973
0.000697 973
0.000698 973
0.000699 973
0.0007 973
0.000701 973
0.000702 974
0.000703 974
0.000704 973
0.000705 973
0.000706 973
0.000707 973
0.000708 973
0.000709 974
0.00071 974
0.000711 974
0.000712 973
0.000713 973
0.000714 973
0.000715 973
0.000716 973
0.000717 973
0.000718 973
0.000719 974
0.00072 974
0.000721 974
0.000722 974
0.000723 974
0.000724 974
0.000725 975
0.000726 974
0.000727 974
0.000728 974
0.000729 974
0.00073 974
0.000731 974
0.000732 974
0.000733 973
0.000734 973
0.000735 973
0.000736 973
0.000737 973
0.000738 973
0.000739 973
0.00074 973
0.000741 974
0.000742 974
0.000743 974
0.000744 974
0.000745 974
0.000746 974
0.000747 974
0.000748 974
0.000749 974
0.00075 973
0.000751 973
0.000752 973
0.000753 973
0.000754 973
0.000755 973
0.000756 972
0.000757 971
0.000758 973
0.000759 973
0.00076 972
0.000761 972
0.000762 972
0.000763 972
0.000764 972
0.000765 972
0.000766 972
0.000767 972
0.000768 973
0.000769 973
0.00077 973
0.000771 973
0.000772 973
0.000773 973
0.000774 973
0.000775 973
0.000776 973
0.000777 973
0.000778 973
0.000779 973
0.00078 973
0.000781 973
0.000782 973
0.000783 973
0.000784 973
0.000785 973
0.000786 973
0.000787 973
0.000788 973
0.000789 973
0.00079 973
0.000791 973
0.000792 973
0.000793 973
0.000794 973
0.000795 973
0.000796 973
0.000797 973
0.000798 973
0.000799 973
0.0008 973
0.000801 973
0.000802 973
0.000803 973
0.000804 973
0.000805 973
0.000806 973
0.000807 973
0.000808 973
0.000809 973
0.00081 973
0.000811 973
0.000812 973
0.000813 973
0.000814 973
0.000815 973
0.000816 973
0.000817 973
0.000818 974
0.000819 974
0.00082 974
0.000821 974
0.000822 974
0.000823 974
0.000824 974
0.000825 974
0.000826 974
0.000827 974
0.000828 975
0.000829 975
0.00083 975
0.000831 975
0.000832 974
0.000833 974
0.000834 974
0.000835 974
0.000836 973
0.000837 972
0.000838 972
0.000839 972
0.00084 972
0.000841 972
0.000842 973
0.000843 973
0.000844 973
0.000845 973
0.000846 973
0.000847 973
0.000848 973
0.000849 973
0.00085 973
0.000851 973
0.000852 973
0.000853 973
0.000854 973
0.000855 973
0.000856 973
0.000857 973
0.000858 973
0.000859 973
0.00086 973
0.000861 974
0.000862 974
0.000863 974
0.000864 974
0.000865 974
0.000866 974
0.000867 974
0.000868 974
0.000869 974
0.00087 974
0.000871 974
0.000872 974
0.000873 974
0.000874 974
0.000875 974
0.000876 974
0.000877 974
0.000878 974
0.000879 975
0.00088 975
0.000881 974
0.000882 974
0.000883 974
0.000884 974
0.000885 973
0.000886 973
0.000887 973
0.000888 973
0.000889 973
0.00089 972
0.000891 971
0.000892 970
0.000893 970
0.000894 970
0.000895 971
0.000896 971
0.000897 971
0.000898 971
0.000899 971
0.0009 972
0.000901 972
0.000902 972
0.000903 973
0.000904 973
0.000905 973
0.000906 973
0.000907 973
0.000908 973
0.000909 973
0.00091 974
0.000911 974
0.000912 974
0.000913 975
0.000914 975
0.000915 975
0.000916 976
0.000917 976
0.000918 976
0.000919 976
0.00092 976
0.000921 976
0.000922 976
0.000923 976
0.000924 976
0.000925 976
0.000926 976
0.000927 976
0.000928 976
0.000929 976
0.00093 976
0.000931 976
0.000932 976
0.000933 976
0.000934 976
0.000935 976
0.000936 976
0.000937 976
0.000938 976
0.000939 975
0.00094 975
0.000941 975
0.000942 975
0.000943 975
0.000944 975
0.000945 975
0.000946 974
0.000947 974
0.000948 974
0.000949 974
0.00095 974
0.000951 974
0.000952 974
0.000953 974
0.000954 974
0.000955 974
0.000956 974
0.000957 974
0.000958 973
0.000959 973
0.00096 973
0.000961 973
0.000962 973
0.000963 973
0.000964 973
0.000965 973
0.000966 973
0.000967 973
0.000968 973
0.000969 973
0.00097 973
0.000971 973
0.000972 972
0.000973 971
0.000974 971
0.000975 971
0.000976 970
0.000977 970
0.000978 969
0.000979 969
0.00098 969
0.000981 969
0.000982 969
0.000983 969
0.000984 969
0.000985 969
0.000986 969
0.000987 969
0.000988 969
0.000989 968
0.00099 968
0.000991 968
0.000992 968
0.000993 968
0.000994 968
0.000995 969
0.000996 969
0.000997 969
0.000998 969
0.000999 970
0.001 970
0.001001 970
0.001002 970
0.001003 970
0.001004 970
0.001005 970
0.001006 970
0.001007 970
0.001008 970
0.001009 970
0.00101 969
0.001011 969
0.001012 969
0.001013 970
0.001014 970
0.001015 970
0.001016 970
0.001017 970
0.001018 970
0.001019 970
0.00102 970
0.001021 970
0.001022 970
0.001023 970
0.001024 970
0.001025 971
0.001026 971
0.001027 971
0.001028 971
0.001029 971
0.00103 971
0.001031 971
0.001032 971
0.001033 971
0.001034 971
0.001035 971
0.001036 970
0.001037 970
0.001038 970
0.001039 970
0.00104 970
0.001041 970
0.001042 970
0.001043 970
0.001044 970
0.001045 970
0.001046 970
0.001047 970
0.001048 970
0.001049 970
0.00105 970
0.001051 970
0.001052 970
0.001053 970
0.001054 970
0.001055 970
0.001056 970
0.001057 970
0.001058 970
0.001059 969
0.00106 969
0.001061 969
0.001062 969
0.001063 969
0.001064 968
0.001065 968
0.001066 968
0.001067 968
0.001068 968
0.001069 968
0.00107 968
0.001071 968
0.001072 969
0.001073 968
0.001074 968
0.001075 968
0.001076 968
0.001077 967
0.001078 967
0.001079 966
0.00108 966
0.001081 967
0.001082 967
0.001083 967
0.001084 967
0.001085 967
0.001086 967
0.001087 967
0.001088 967
0.001089 967
0.00109 967
0.001091 967
0.001092 967
0.001093 966
0.001094 966
0.001095 966
0.001096 966
0.001097 966
0.001098 967
0.001099 967
0.0011 967
0.001101 966
0.001102 967
0.001103 967
0.001104 967
0.001105 967
0.001106 967
0.001107 967
0.001108 967
0.001109 967
0.00111 967
0.001111 967
0.001112 967
0.001113 967
0.001114 967
0.001115 967
0.001116 967
0.001117 967
0.001118 967
0.001119 967
0.00112 967
0.001121 966
0.001122 966
0.001123 966
0.001124 966
0.001125 966
0.001126 966
0.001127 966
0.001128 965
0.001129 965
0.00113 965
0.001131 965
0.001132 965
0.001133 965
0.001134 965
0.001135 965
0.001136 965
0.001137 965
0.001138 965
0.001139 965
0.00114 965
0.001141 965
0.001142 965
0.001143 964
0.001144 964
0.001145 964
0.001146 964
0.001147 964
0.001148 964
0.001149 964
0.00115 964
0.001151 964
0.001152 964
0.001153 964
0.001154 964
0.001155 964
0.001156 964
0.001157 964
0.001158 964
0.001159 964
0.00116 964
0.001161 965
0.001162 965
0.001163 965
0.001164 966
0.001165 966
0.001166 966
0.001167 966
0.001168 966
0.001169 966
0.00117 966
0.001171 966
0.001172 966
0.001173 965
0.001174 964
0.001175 964
0.001176 964
0.001177 963
0.001178 963
0.001179 963
0.00118 963
0.001181 963
0.001182 963
0.001183 963
0.001184 963
0.001185 963
0.001186 963
0.001187 963
0.001188 964
0.001189 964
0.00119 963
0.001191 963
0.001192 963
0.001193 963
0.001194 962
0.001195 962
0.001196 962
0.001197 961
0.001198 961
0.001199 960
0.0012 960
0.001201 960
0.001202 960
0.001203 960
0.001204 960
0.001205 960
0.001206 960
0.001207 960
0.001208 960
0.001209 960
0.00121 960
0.001211 960
0.001212 960
0.001213 960
0.001214 960
0.001215 960
0.001216 960
0.001217 959
0.001218 959
0.001219 959
0.00122 958
0.001221 957
0.001222 957
0.001223 957
0.001224 957
0.001225 957
0.001226 957
0.001227 957
0.001228 957
0.001229 957
0.00123 957
0.001231 957
0.001232 958
0.001233 958
0.001234 958
0.001235 958
0.001236 958
0.001237 958
0.001238 958
0.001239 959
0.00124 959
0.001241 959
0.001242 959
0.001243 959
0.001244 959
0.001245 959
0.001246 959
0.001247 959
0.001248 959
0.001249 959
0.00125 959
0.001251 959
0.001252 959
0.001253 959
0.001254 959
0.001255 959
0.001256 959
0.001257 960
0.001258 960
0.001259 960
0.00126 961
0.001261 961
0.001262 961
0.001263 961
0.001264 961
0.001265 961
0.001266 961
0.001267 961
0.001268 961
0.001269 961
0.00127 961
0.001271 961
0.001272 960
0.001273 960
0.001274 960
0.001275 960
0.001276 960
0.001277 960
0.001278 960
0.001279 960
0.00128 960
0.001281 960
0.001282 960
0.001283 960
0.001284 960
0.001285 960
0.001286 960
0.001287 960
0.001288 960
0.001289 960
0.00129 960
0.001291 961
0.001292 961
0.001293 961
0.001294 961
0.001295 961
0.001296 961
0.001297 961
0.001298 962
0.001299 962
0.0013 962
0.001301 962
0.001302 962
0.001303 962
0.001304 962
0.001305 962
0.001306 962
0.001307 962
0.001308 962
0.001309 962
0.00131 962
0.001311 962
0.001312 962
0.001313 962
0.001314 962
0.001315 963
0.001316 963
0.001317 963
0.001318 963
0.001319 963
0.00132 963
0.001321 963
0.001322 963
0.001323 963
0.001324 963
0.001325 963
0.001326 963
0.001327 962
0.001328 962
0.001329 961
0.00133 961
0.001331 961
0.001332 960
0.001333 960
0.001334 960
0.001335 960
0.001336 960
0.001337 960
0.001338 960
0.001339 958
0.00134 958
0.001341 958
0.001342 958
0.001343 958
0.001344 958
0.001345 959
0.001346 959
0.001347 959
0.001348 959
0.001349 960
0.00135 960
0.001351 961
0.001352 961
0.001353 961
0.001354 961
0.001355 961
0.001356 961
0.001357 961
0.001358 961
0.001359 961
0.00136 960
0.001361 960
0.001362 959
0.001363 959
0.001364 960
0.001365 960
0.001366 960
0.001367 959
0.001368 959
0.001369 958
0.00137 958
0.001371 957
0.001372 957
0.001373 957
0.001374 957
0.001375 956
0.001376 956
0.001377 956
0.001378 956
0.001379 956
0.00138 956
0.001381 956
0.001382 956
0.001383 955
0.001384 954
0.001385 954
0.001386 954
0.001387 954
0.001388 955
0.001389 955
0.00139 955
0.001391 955
0.001392 955
0.001393 955
0.001394 954
0.001395 953
0.001396 953
0.001397 953
0.001398 953
0.001399 953
0.0014 953
0.001401 953
0.001402 953
0.001403 953
0.001404 953
0.001405 951
0.001406 951
0.001407 951
0.001408 951
0.001409 950
0.00141 950
0.001411 949
0.001412 949
0.001413 949
0.001414 949
0.001415 949
0.001416 949
0.001417 949
0.001418 949
0.001419 949
0.00142 949
0.001421 949
0.001422 949
0.001423 950
0.001424 950
0.001425 950
0.001426 949
0.001427 949
0.001428 949
0.001429 949
0.00143 949
0.001431 949
0.001432 949
0.001433 950
0.001434 950
0.001435 951
0.001436 951
0.001437 951
0.001438 951
0.001439 951
0.00144 951
0.001441 951
0.001442 951
0.001443 951
0.001444 951
0.001445 951
0.001446 951
0.001447 951
0.001448 951
0.001449 952
0.00145 951
0.001451 950
0.001452 949
0.001453 949
0.001454 949
0.001455 949
0.001456 949
0.001457 950
0.001458 950
0.001459 949
0.00146 947
0.001461 947
0.001462 947
0.001463 947
0.001464 947
0.001465 947
0.001466 947
0.001467 947
0.001468 947
0.001469 947
0.00147 947
0.001471 947
0.001472 947
0.001473 947
0.001474 947
0.001475 947
0.001476 946
0.001477 946
0.001478 946
0.001479 946
0.00148 945
0.001481 945
0.001482 945
0.001483 945
0.001484 945
0.001485 945
0.001486 945
0.001487 945
0.001488 945
0.001489 945
0.00149 945
0.001491 945
0.001492 945
0.001493 945
0.001494 946
0.001495 946
0.001496 946
0.001497 946
0.001498 946
0.001499 946
0.0015 947
0.001501 947
0.001502 947
0.001503 947
0.001504 947
0.001505 947
0.001506 946
0.001507 946
0.001508 947
0.001509 947
0.00151 948
0.001511 948
0.001512 948
0.001513 948
0.001514 948
0.001515 948
0.001516 948
0.001517 948
0.001518 948
0.001519 948
0.00152 948
0.001521 948
0.001522 948
0.001523 948
0.001524 948
0.001525 949
0.001526 949
0.001527 948
0.001528 948
0.001529 948
0.00153 948
0.001531 948
0.001532 948
0.001533 948
0.001534 948
0.001535 948
0.001536 948
0.001537 948
0.001538 948
0.001539 949
0.00154 949
0.001541 949
0.001542 949
0.001543 949
0.001544 949
0.001545 949
0.001546 949
0.001547 949
0.001548 949
0.001549 949
0.00155 949
0.001551 950
0.001552 949
0.001553 949
0.001554 949
0.001555 948
0.001556 948
0.001557 948
0.001558 948
0.001559 948
0.00156 948
0.001561 948
0.001562 948
0.001563 948
0.001564 948
0.001565 949
0.001566 949
0.001567 949
0.001568 949
0.001569 949
0.00157 949
0.001571 949
0.001572 949
0.001573 949
0.001574 949
0.001575 949
0.001576 949
0.001577 949
0.001578 949
0.001579 949
0.00158 949
0.001581 949
0.001582 949
0.001583 949
0.001584 949
0.001585 948
0.001586 947
0.001587 947
0.001588 947
0.001589 946
0.00159 946
0.001591 947
0.001592 947
0.001593 947
0.001594 947
0.001595 947
0.001596 947
0.001597 947
0.001598 947
0.001599 945
0.0016 944
0.001601 944
0.001602 944
0.001603 944
0.001604 944
0.001605 943
0.001606 944
0.001607 944
0.001608 944
0.001609 944
0.00161 944
0.001611 943
0.001612 943
0.001613 943
0.001614 943
0.001615 943
0.001616 943
0.001617 943
0.001618 943
0.001619 943
0.00162 943
0.001621 943
0.001622 943
0.001623 944
0.001624 944
0.001625 944
0.001626 944
0.001627 944
0.001628 944
0.001629 944
0.00163 944
0.001631 944
0.001632 944
0.001633 944
0.001634 944
0.001635 944
0.001636 944
0.001637 944
0.001638 944
0.001639 944
0.00164 945
0.001641 945
0.001642 945
0.001643 945
0.001644 945
0.001645 946
0.001646 946
0.001647 947
0.001648 947
0.001649 947
0.00165 947
0.001651 947
0.001652 946
0.001653 946
0.001654 946
0.001655 946
0.001656 946
0.001657 946
0.001658 946
0.001659 946
0.00166 946
0.001661 945
0.001662 944
0.001663 944
0.001664 942
0.001665 942
0.001666 942
0.001667 942
0.001668 942
0.001669 942
0.00167 942
0.001671 941
0.001672 942
0.001673 942
0.001674 942
0.001675 942
0.001676 942
0.001677 942
0.001678 942
0.001679 942
0.00168 942
0.001681 942
0.001682 942
0.001683 942
0.001684 942
0.001685 942
0.001686 942
0.001687 942
0.001688 942
0.001689 942
0.00169 942
0.001691 942
0.001692 942
0.001693 942
0.001694 942
0.001695 942
0.001696 942
0.001697 942
0.001698 942
0.001699 942
0.0017 943
0.001701 942
0.001702 942
0.001703 942
0.001704 942
0.001705 942
0.001706 942
0.001707 942
0.001708 942
0.001709 942
0.00171 942
0.001711 942
0.001712 942
0.001713 942
0.001714 942
0.001715 942
0.001716 942
0.001717 942
0.001718 942
0.001719 942
0.00172 942
0.001721 942
0.001722 942
0.001723 942
0.001724 942
0.001725 942
0.001726 942
0.001727 942
0.001728 942
0.001729 942
0.00173 942
0.001731 942
0.001732 942
0.001733 942
0.001734 943
0.001735 943
0.001736 943
0.001737 943
0.001738 943
0.001739 943
0.00174 943
0.001741 943
0.001742 943
0.001743 944
0.001744 944
0.001745 944
0.001746 944
0.001747 945
0.001748 945
0.001749 945
0.00175 946
0.001751 946
0.001752 946
0.001753 946
0.001754 946
0.001755 946
0.001756 946
0.001757 946
0.001758 946
0.001759 946
0.00176 946
0.001761 946
0.001762 946
0.001763 946
0.001764 946
0.001765 946
0.001766 947
0.001767 947
0.001768 947
0.001769 946
0.00177 945
0.001771 945
0.001772 945
0.001773 945
0.001774 945
0.001775 945
0.001776 945
0.001777 945
0.001778 945
0.001779 945
0.00178 944
0.001781 944
0.001782 944
0.001783 944
0.001784 944
0.001785 944
0.001786 944
0.001787 944
0.001788 944
0.001789 944
0.00179 944
0.001791 944
0.001792 943
0.001793 942
0.001794 942
0.001795 942
0.001796 942
0.001797 942
0.001798 942
0.001799 942
0.0018 942
0.001801 942
0.001802 942
0.001803 942
0.001804 942
0.001805 942
0.001806 942
0.001807 942
0.001808 942
0.001809 942
0.00181 942
0.001811 942
0.001812 941
0.001813 941
0.001814 942
0.001815 942
0.001816 942
0.001817 942
0.001818 942
0.001819 942
0.00182 942
0.001821 942
0.001822 942
0.001823 942
0.001824 942
0.001825 942
0.001826 942
0.001827 942
0.001828 942
0.001829 943
0.00183 943
0.001831 943
0.001832 943
0.001833 944
0.001834 944
0.001835 944
0.001836 943
0.001837 943
0.001838 943
0.001839 943
0.00184 943
0.001841 943
0.001842 943
0.001843 943
0.001844 943
0.001845 943
0.001846 943
0.001847 943
0.001848 943
0.001849 943
0.00185 943
0.001851 943
0.001852 943
0.001853 943
0.001854 943
0.001855 943
0.001856 944
0.001857 944
0.001858 944
0.001859 944
0.00186 944
0.001861 944
0.001862 944
0.001863 942
0.001864 941
0.001865 941
0.001866 941
0.001867 942
0.001868 942
0.001869 942
0.00187 942
0.001871 942
0.001872 943
0.001873 943
0.001874 943
0.001875 944
0.001876 944
0.001877 943
0.001878 943
0.001879 943
0.00188 943
0.001881 943
0.001882 943
0.001883 943
0.001884 943
0.001885 943
0.001886 943
0.001887 943
0.001888 942
0.001889 942
0.00189 942
0.001891 942
0.001892 942
0.001893 942
0.001894 942
0.001895 942
0.001896 942
0.001897 942
0.001898 942
0.001899 942
0.0019 942
0.001901 942
0.001902 942
0.001903 942
0.001904 942
0.001905 942
0.001906 942
0.001907 942
0.001908 942
0.001909 942
0.00191 942
0.001911 942
0.001912 942
0.001913 942
0.001914 942
0.001915 943
0.001916 943
0.001917 943
0.001918 943
0.001919 943
0.00192 943
0.001921 943
0.001922 943
0.001923 943
0.001924 943
0.001925 943
0.001926 943
0.001927 943
0.001928 943
0.001929 943
0.00193 943
0.001931 943
0.001932 942
0.001933 942
0.001934 943
0.001935 943
0.001936 943
0.001937 943
0.001938 943
0.001939 943
0.00194 943
0.001941 943
0.001942 943
0.001943 943
0.001944 943
0.001945 943
0.001946 943
0.001947 943
0.001948 943
0.001949 943
0.00195 943
0.001951 943
0.001952 943
0.001953 943
0.001954 943
0.001955 943
0.001956 943
0.001957 942
0.001958 942
0.001959 942
0.00196 942
0.001961 942
0.001962 942
0.001963 942
0.001964 942
0.001965 942
0.001966 942
0.001967 942
0.001968 942
0.001969 942
0.00197 942
0.001971 943
0.001972 943
0.001973 943
0.001974 943
0.001975 943
0.001976 943
0.001977 943
0.001978 942
0.001979 942
0.00198 942
0.001981 942
0.001982 942
0.001983 942
0.001984 942
0.001985 942
0.001986 942
0.001987 942
0.001988 942
0.001989 942
0.00199 942
0.001991 942
0.001992 942
0.001993 942
0.001994 942
0.001995 942
0.001996 942
0.001997 942
0.001998 942
0.001999 942
0.002 942
0.002001 942
0.002002 942
0.002003 942
0.002004 942
0.002005 942
0.002006 942
0.002007 941
0.002008 941
0.002009 942
0.00201 942
0.002011 942
0.002012 942
0.002013 942
0.002014 941
0.002015 941
0.002016 941
0.002017 941
0.002018 941
0.002019 941
0.00202 941
0.002021 941
0.002022 942
0.002023 943
0.002024 943
0.002025 943
0.002026 943
0.002027 943
0.002028 943
0.002029 943
0.00203 943
0.002031 943
0.002032 943
0.002033 943
0.002034 943
0.002035 943
0.002036 943
0.002037 943
0.002038 943
0.002039 943
0.00204 943
0.002041 943
0.002042 943
0.002043 943
0.002044 944
0.002045 944
0.002046 944
0.002047 944
0.002048 944
0.002049 944
0.00205 944
0.002051 943
0.002052 943
0.002053 943
0.002054 943
0.002055 943
0.002056 943
0.002057 943
0.002058 943
0.002059 943
0.00206 943
0.002061 943
0.002062 943
0.002063 943
0.002064 942
0.002065 942
0.002066 942
0.002067 942
0.002068 942
0.002069 942
0.00207 942
0.002071 942
0.002072 942
0.002073 942
0.002074 942
0.002075 942
0.002076 942
0.002077 942
0.002078 942
0.002079 942
0.00208 941
0.002081 941
0.002082 941
0.002083 941
0.002084 941
0.002085 941
0.002086 941
0.002087 941
0.002088 941
0.002089 942
0.00209 942
0.002091 942
0.002092 942
0.002093 942
0.002094 942
0.002095 942
0.002096 942
0.002097 941
0.002098 941
0.002099 941
0.0021 940
0.002101 940
0.002102 940
0.002103 940
0.002104 940
0.002105 939
0.002106 939
0.002107 939
0.002108 939
0.002109 939
0.00211 939
0.002111 940
0.002112 940
0.002113 940
0.002114 940
0.002115 940
0.002116 939
0.002117 939
0.002118 939
0.002119 939
0.00212 939
0.002121 939
0.002122 940
0.002123 940
0.002124 940
0.002125 940
0.002126 940
0.002127 940
0.002128 940
0.002129 940
0.00213 940
0.002131 939
0.002132 939
0.002133 939
0.002134 939
0.002135 939
0.002136 939
0.002137 939
0.002138 939
0.002139 939
0.00214 938
0.002141 937
0.002142 937
0.002143 937
0.002144 937
0.002145 938
0.002146 938
0.002147 938
0.002148 938
0.002149 937
0.00215 937
0.002151 937
0.002152 937
0.002153 937
0.002154 937
0.002155 937
0.002156 937
0.002157 937
0.002158 937
0.002159 937
0.00216 937
0.002161 937
0.002162 937
0.002163 937
0.002164 937
0.002165 937
0.002166 938
0.002167 938
0.002168 938
0.002169 938
0.00217 938
0.002171 938
0.002172 938
0.002173 939
0.002174 939
0.002175 939
0.002176 939
0.002177 939
0.002178 939
0.002179 939
0.00218 939
0.002181 939
0.002182 939
0.002183 939
0.002184 938
0.002185 938
0.002186 938
0.002187 938
0.002188 938
0.002189 938
0.00219 938
0.002191 938
0.002192 938
0.002193 938
0.002194 938
0.002195 938
0.002196 938
0.002197 938
0.002198 938
0.002199 938
0.0022 938
0.002201 938
0.002202 938
0.002203 938
0.002204 938
0.002205 938
0.002206 938
0.002207 938
0.002208 938
0.002209 938
0.00221 938
0.002211 938
0.002212 938
0.002213 937
0.002214 937
0.002215 937
0.002216 936
0.002217 936
0.002218 936
0.002219 936
0.00222 936
0.002221 937
0.002222 937
0.002223 937
0.002224 937
0.002225 937
0.002226 937
0.002227 937
0.002228 937
0.002229 937
0.00223 937
0.002231 937
0.002232 937
0.002233 937
0.002234 937
0.002235 939
0.002236 939
0.002237 939
0.002238 939
0.002239 938
0.00224 938
0.002241 938
0.002242 938
0.002243 938
0.002244 938
0.002245 939
0.002246 939
0.002247 939
0.002248 939
0.002249 939
0.00225 939
0.002251 939
0.002252 939
0.002253 939
0.002254 939
0.002255 939
0.002256 939
0.002257 939
0.002258 939
0.002259 938
0.00226 938
0.002261 939
0.002262 939
0.002263 939
0.002264 939
0.002265 939
0.002266 939
0.002267 939
0.002268 940
0.002269 940
0.00227 940
0.002271 940
0.002272 941
0.002273 942
0.002274 942
0.002275 942
0.002276 942
0.002277 942
0.002278 943
0.002279 943
0.00228 943
0.002281 942
0.002282 943
0.002283 943
0.002284 943
0.002285 943
0.002286 943
0.002287 943
0.002288 942
0.002289 942
0.00229 942
0.002291 942
0.002292 942
0.002293 942
0.002294 942
0.002295 942
0.002296 942
0.002297 942
0.002298 942
0.002299 942
0.0023 942
0.002301 943
0.002302 943
0.002303 943
0.002304 943
0.002305 943
0.002306 943
0.002307 943
0.002308 943
0.002309 943
0.00231 943
0.002311 943
0.002312 943
0.002313 943
0.002314 942
0.002315 942
0.002316 942
0.002317 941
0.002318 942
0.002319 942
0.00232 941
0.002321 941
0.002322 942
0.002323 942
0.002324 942
0.002325 942
0.002326 943
0.002327 943
0.002328 943
0.002329 943
0.00233 943
0.002331 943
0.002332 943
0.002333 943
0.002334 943
0.002335 944
0.002336 944
0.002337 944
0.002338 944
0.002339 944
0.00234 944
0.002341 944
0.002342 944
0.002343 945
0.002344 945
0.002345 945
0.002346 945
0.002347 945
0.002348 945
0.002349 945
0.00235 945
0.002351 945
0.002352 946
0.002353 946
0.002354 946
0.002355 945
0.002356 945
0.002357 945
0.002358 945
0.002359 946
0.00236 947
0.002361 948
0.002362 947
0.002363 947
0.002364 947
0.002365 947
0.002366 947
0.002367 946
0.002368 946
0.002369 945
0.00237 946
0.002371 946
0.002372 946
0.002373 947
0.002374 947
0.002375 947
0.002376 947
0.002377 947
0.002378 947
0.002379 946
0.00238 946
0.002381 945
0.002382 945
0.002383 945
0.002384 945
0.002385 944
0.002386 944
0.002387 944
0.002388 944
0.002389 942
0.00239 943
0.002391 943
0.002392 943
0.002393 943
0.002394 943
0.002395 943
0.002396 943
0.002397 943
0.002398 943
0.002399 944
0.0024 944
0.002401 944
0.002402 943
0.002403 943
0.002404 943
0.002405 942
0.002406 942
0.002407 942
0.002408 942
0.002409 942
0.00241 942
0.002411 941
0.002412 941
0.002413 940
0.002414 940
0.002415 940
0.002416 940
0.002417 940
0.002418 940
0.002419 940
0.00242 940
0.002421 940
0.002422 940
0.002423 940
0.002424 940
0.002425 941
0.002426 941
0.002427 941
0.002428 941
0.002429 941
0.00243 940
0.002431 940
0.002432 940
0.002433 940
0.002434 940
0.002435 939
0.002436 939
0.002437 939
0.002438 939
0.002439 939
0.00244 939
0.002441 939
0.002442 939
0.002443 939
0.002444 940
0.002445 940
0.002446 940
0.002447 940
0.002448 940
0.002449 940
0.00245 940
0.002451 940
0.002452 940
0.002453 940
0.002454 940
0.002455 940
0.002456 940
0.002457 940
0.002458 940
0.002459 940
0.00246 940
0.002461 940
0.002462 940
0.002463 940
0.002464 940
0.002465 940
0.002466 940
0.002467 940
0.002468 940
0.002469 940
0.00247 940
0.002471 940
0.002472 940
0.002473 940
0.002474 940
0.002475 940
0.002476 940
0.002477 940
0.002478 940
0.002479 940
0.00248 940
0.002481 940
0.002482 940
0.002483 940
0.002484 940
0.002485 940
0.002486 940
0.002487 939
0.002488 939
0.002489 939
0.00249 938
0.002491 938
0.002492 938
0.002493 938
0.002494 938
0.002495 938
0.002496 937
0.002497 937
0.002498 938
0.002499 938
0.0025 938
0.002501 938
0.002502 938
0.002503 938
0.002504 938
0.002505 939
0.002506 939
0.002507 939
0.002508 939
0.002509 940
0.00251 940
0.002511 940
0.002512 940
0.002513 940
0.002514 940
0.002515 940
0.002516 940
0.002517 940
0.002518 940
0.002519 939
0.00252 938
0.002521 939
0.002522 939
0.002523 939
0.002524 939
0.002525 939
0.002526 939
0.002527 939
0.002528 939
0.002529 939
0.00253 939
0.002531 939
0.002532 939
0.002533 939
0.002534 938
0.002535 938
0.002536 938
0.002537 938
0.002538 938
0.002539 938
0.00254 939
0.002541 939
0.002542 940
0.002543 940
0.002544 941
0.002545 941
0.002546 941
0.002547 941
0.002548 941
0.002549 941
0.00255 941
0.002551 940
0.002552 940
0.002553 940
0.002554 940
0.002555 940
0.002556 940
0.002557 940
0.002558 940
0.002559 939
0.00256 939
0.002561 938
0.002562 938
0.002563 938
0.002564 938
0.002565 938
0.002566 938
0.002567 938
0.002568 938
0.002569 939
0.00257 939
0.002571 939
0.002572 938
0.002573 938
0.002574 938
0.002575 938
0.002576 939
0.002577 939
0.002578 940
0.002579 940
0.00258 941
0.002581 942
0.002582 942
0.002583 942
0.002584 941
0.002585 941
0.002586 942
0.002587 942
0.002588 942
0.002589 942
0.00259 942
0.002591 942
0.002592 942
0.002593 942
0.002594 942
0.002595 942
0.002596 942
0.002597 942
0.002598 942
0.002599 942
0.0026 942
0.002601 942
0.002602 942
0.002603 942
0.002604 942
0.002605 942
0.002606 942
0.002607 942
0.002608 942
0.002609 942
0.00261 942
0.002611 942
0.002612 942
0.002613 942
0.002614 942
0.002615 942
0.002616 941
0.002617 941
0.002618 941
0.002619 941
0.00262 941
0.002621 941
0.002622 941
0.002623 941
0.002624 941
0.002625 941
0.002626 941
0.002627 941
0.002628 941
0.002629 941
0.00263 941
0.002631 941
0.002632 941
0.002633 942
0.002634 942
0.002635 942
0.002636 942
0.002637 942
0.002638 942
0.002639 942
0.00264 942
0.002641 942
0.002642 942
0.002643 942
0.002644 942
0.002645 942
0.002646 942
0.002647 942
0.002648 942
0.002649 942
0.00265 943
0.002651 943
0.002652 943
0.002653 943
0.002654 943
0.002655 944
0.002656 944
0.002657 944
0.002658 944
0.002659 944
0.00266 944
0.002661 944
0.002662 944
0.002663 944
0.002664 944
0.002665 944
0.002666 944
0.002667 944
0.002668 944
0.002669 944
0.00267 945
0.002671 945
0.002672 945
0.002673 946
0.002674 946
0.002675 946
0.002676 946
0.002677 946
0.002678 946
0.002679 946
0.00268 946
0.002681 946
0.002682 946
0.002683 946
0.002684 946
0.002685 946
0.002686 945
0.002687 945
0.002688 946
0.002689 946
0.00269 946
0.002691 946
0.002692 946
0.002693 946
0.002694 946
0.002695 946
0.002696 946
0.002697 947
0.002698 946
0.002699 946
0.0027 946
0.002701 946
0.002702 947
0.002703 947
0.002704 947
0.002705 946
0.002706 946
0.002707 946
0.002708 946
0.002709 946
0.00271 945
0.002711 945
0.002712 945
0.002713 945
0.002714 945
0.002715 945
0.002716 945
0.002717 945
0.002718 945
0.002719 945
0.00272 945
0.002721 944
0.002722 944
0.002723 943
0.002724 943
0.002725 943
0.002726 943
0.002727 942
0.002728 942
0.002729 942
0.00273 942
0.002731 942
0.002732 942
0.002733 942
0.002734 942
0.002735 942
0.002736 942
0.002737 942
0.002738 942
0.002739 942
0.00274 941
0.002741 941
0.002742 941
0.002743 941
0.002744 941
0.002745 941
0.002746 941
0.002747 941
0.002748 941
0.002749 941
0.00275 941
0.002751 941
0.002752 941
0.002753 941
0.002754 941
0.002755 941
0.002756 940
0.002757 940
0.002758 940
0.002759 940
0.00276 940
0.002761 940
0.002762 940
0.002763 940
0.002764 940
0.002765 940
0.002766 940
0.002767 940
0.002768 940
0.002769 940
0.00277 940
0.002771 940
0.002772 940
0.002773 940
0.002774 940
0.002775 940
0.002776 941
0.002777 941
0.002778 941
0.002779 941
0.00278 941
0.002781 941
0.002782 941
0.002783 941
0.002784 941
0.002785 941
0.002786 941
0.002787 941
0.002788 941
0.002789 941
0.00279 941
0.002791 941
0.002792 941
0.002793 941
0.002794 941
0.002795 941
0.002796 941
0.002797 941
0.002798 941
0.002799 941
0.0028 941
0.002801 941
0.002802 941
0.002803 941
0.002804 941
0.002805 941
0.002806 941
0.002807 941
0.002808 941
0.002809 941
0.00281 941
0.002811 941
0.002812 941
0.002813 941
0.002814 941
0.002815 941
0.002816 942
0.002817 942
0.002818 942
0.002819 942
0.00282 941
0.002821 941
0.002822 941
0.002823 941
0.002824 941
0.002825 941
0.002826 941
0.002827 941
0.002828 941
0.002829 941
0.00283 941
0.002831 940
0.002832 940
0.002833 940
0.002834 940
0.002835 940
0.002836 940
0.002837 940
0.002838 940
0.002839 940
0.00284 940
0.002841 940
0.002842 940
0.002843 940
0.002844 939
0.002845 939
0.002846 939
0.002847 939
0.002848 939
0.002849 939
0.00285 939
0.002851 939
0.002852 939
0.002853 938
0.002854 938
0.002855 938
0.002856 938
0.002857 938
0.002858 938
0.002859 938
0.00286 938
0.002861 938
0.002862 938
0.002863 939
0.002864 939
0.002865 939
0.002866 939
0.002867 939
0.002868 939
0.002869 939
0.00287 939
0.002871 939
0.002872 939
0.002873 939
0.002874 939
0.002875 939
0.002876 939
0.002877 939
0.002878 939
0.002879 939
0.00288 939
0.002881 939
0.002882 939
0.002883 940
0.002884 940
0.002885 940
0.002886 940
0.002887 939
0.002888 939
0.002889 939
0.00289 938
0.002891 938
0.002892 938
0.002893 938
0.002894 938
0.002895 938
0.002896 939
0.002897 939
0.002898 939
0.002899 939
0.0029 940
0.002901 940
0.002902 940
0.002903 940
0.002904 940
0.002905 940
0.002906 940
0.002907 940
0.002908 940
0.002909 940
0.00291 940
0.002911 940
0.002912 940
0.002913 940
0.002914 940
0.002915 940
0.002916 940
0.002917 939
0.002918 939
0.002919 938
0.00292 939
0.002921 940
0.002922 940
0.002923 940
0.002924 940
0.002925 940
0.002926 940
0.002927 940
0.002928 940
0.002929 940
0.00293 940
0.002931 940
0.002932 940
0.002933 940
0.002934 940
0.002935 939
0.002936 939
0.002937 939
0.002938 939
0.002939 939
0.00294 939
0.002941 939
0.002942 939
0.002943 939
0.002944 939
0.002945 939
0.002946 939
0.002947 939
0.002948 939
0.002949 939
0.00295 939
0.002951 939
0.002952 938
0.002953 938
0.002954 938
0.002955 938
0.002956 937
0.002957 937
0.002958 937
0.002959 937
0.00296 937
0.002961 937
0.002962 937
0.002963 937
0.002964 937
0.002965 937
0.002966 937
0.002967 937
0.002968 938
0.002969 938
0.00297 938
0.002971 938
0.002972 938
0.002973 938
0.002974 938
0.002975 938
0.002976 938
0.002977 938
0.002978 938
0.002979 938
0.00298 938
0.002981 938
0.002982 938
0.002983 938
0.002984 938
0.002985 938
0.002986 938
0.002987 938
0.002988 938
0.002989 938
0.00299 938
0.002991 939
0.002992 939
0.002993 939
0.002994 939
0.002995 939
0.002996 939
0.002997 939
0.002998 940
0.002999 940
0.003 940
0.003001 940
0.003002 940
0.003003 940
0.003004 940
0.003005 940
0.003006 939
0.003007 939
0.003008 939
0.003009 938
0.00301 938
0.003011 938
0.003012 938
0.003013 938
0.003014 938
0.003015 938
0.003016 938
0.003017 938
0.003018 938
0.003019 938
0.00302 938
0.003021 938
0.003022 938
0.003023 938
0.003024 938
0.003025 938
0.003026 938
0.003027 938
0.003028 939
0.003029 939
0.00303 939
0.003031 939
0.003032 939
0.003033 938
0.003034 938
0.003035 938
0.003036 938
0.003037 938
0.003038 938
0.003039 938
0.00304 938
0.003041 938
0.003042 938
0.003043 938
0.003044 938
0.003045 938
0.003046 938
0.003047 938
0.003048 938
0.003049 938
0.00305 938
0.003051 938
0.003052 938
0.003053 939
0.003054 939
0.003055 939
0.003056 940
0.003057 940
0.003058 940
0.003059 940
0.00306 940
0.003061 939
0.003062 939
0.003063 939
0.003064 939
0.003065 939
0.003066 939
0.003067 938
0.003068 938
0.003069 938
0.00307 938
0.003071 938
0.003072 938
0.003073 938
0.003074 938
0.003075 939
0.003076 939
0.003077 939
0.003078 940
0.003079 940
0.00308 940
0.003081 940
0.003082 939
0.003083 939
0.003084 940
0.003085 940
0.003086 940
0.003087 940
0.003088 940
0.003089 940
0.00309 940
0.003091 941
0.003092 941
0.003093 940
0.003094 940
0.003095 940
0.003096 940
0.003097 940
0.003098 940
0.003099 940
0.0031 940
0.003101 940
0.003102 940
0.003103 940
0.003104 940
0.003105 939
0.003106 939
0.003107 939
0.003108 939
0.003109 939
0.00311 939
0.003111 939
0.003112 939
0.003113 939
0.003114 939
0.003115 939
0.003116 938
0.003117 939
0.003118 939
0.003119 940
0.00312 940
0.003121 940
0.003122 941
0.003123 942
0.003124 940
0.003125 940
0.003126 940
0.003127 940
0.003128 940
0.003129 940
0.00313 940
0.003131 940
0.003132 939
0.003133 939
0.003134 939
0.003135 939
0.003136 940
0.003137 940
0.003138 940
0.003139 940
0.00314 940
0.003141 940
0.003142 940
0.003143 940
0.003144 940
0.003145 940
0.003146 940
0.003147 940
0.003148 940
0.003149 941
0.00315 941
0.003151 941
0.003152 941
0.003153 941
0.003154 941
0.003155 941
0.003156 941
0.003157 941
0.003158 941
0.003159 942
0.00316 942
0.003161 942
0.003162 941
0.003163 940
0.003164 940
0.003165 940
0.003166 940
0.003167 940
0.003168 940
0.003169 940
0.00317 940
0.003171 940
0.003172 940
0.003173 940
0.003174 940
0.003175 939
0.003176 939
0.003177 939
0.003178 939
0.003179 940
0.00318 940
0.003181 940
0.003182 940
0.003183 940
0.003184 940
0.003185 940
0.003186 940
0.003187 940
0.003188 939
0.003189 939
0.00319 939
0.003191 939
0.003192 939
0.003193 939
0.003194 938
0.003195 938
0.003196 937
0.003197 937
0.003198 937
0.003199 937
0.0032 937
0.003201 937
0.003202 937
0.003203 937
0.003204 937
0.003205 937
0.003206 937
0.003207 937
0.003208 937
0.003209 937
0.00321 937
0.003211 937
0.003212 936
0.003213 937
0.003214 937
0.003215 937
0.003216 937
0.003217 937
0.003218 937
0.003219 937
0.00322 937
0.003221 938
0.003222 938
0.003223 938
0.003224 938
0.003225 938
0.003226 938
0.003227 938
0.003228 938
0.003229 938
0.00323 938
0.003231 938
0.003232 938
0.003233 938
0.003234 938
0.003235 939
0.003236 939
0.003237 939
0.003238 939
0.003239 939
0.00324 939
0.003241 939
0.003242 939
0.003243 939
0.003244 939
0.003245 939
0.003246 940
0.003247 940
0.003248 940
0.003249 940
0.00325 940
0.003251 940
0.003252 940
0.003253 940
0.003254 940
0.003255 940
0.003256 940
0.003257 940
0.003258 940
0.003259 940
0.00326 940
0.003261 940
0.003262 940
0.003263 940
0.003264 940
0.003265 940
0.003266 941
0.003267 941
0.003268 941
0.003269 941
0.00327 941
0.003271 940
0.003272 940
0.003273 940
0.003274 940
0.003275 941
0.003276 941
0.003277 941
0.003278 941
0.003279 941
0.00328 941
0.003281 941
0.003282 941
0.003283 941
0.003284 941
0.003285 941
0.003286 941
0.003287 941
0.003288 940
0.003289 940
0.00329 940
0.003291 940
0.003292 940
0.003293 940
0.003294 940
0.003295 940
0.003296 940
0.003297 940
0.003298 940
0.003299 940
0.0033 940
0.003301 940
0.003302 940
0.003303 940
0.003304 940
0.003305 940
0.003306 940
0.003307 940
0.003308 940
0.003309 939
0.00331 939
0.003311 939
0.003312 939
0.003313 939
0.003314 938
0.003315 938
0.003316 938
0.003317 938
0.003318 938
0.003319 938
0.00332 937
0.003321 937
0.003322 937
0.003323 937
0.003324 937
0.003325 937
0.003326 938
0.003327 938
0.003328 938
0.003329 938
0.00333 938
0.003331 938
0.003332 938
0.003333 938
0.003334 938
0.003335 938
0.003336 938
0.003337 938
0.003338 939
0.003339 940
0.00334 940
0.003341 940
0.003342 940
0.003343 939
0.003344 938
0.003345 938
0.003346 939
0.003347 939
0.003348 939
0.003349 939
0.00335 939
0.003351 939
0.003352 939
0.003353 939
0.003354 939
0.003355 939
0.003356 939
0.003357 939
0.003358 939
0.003359 939
0.00336 939
0.003361 939
0.003362 939
0.003363 939
0.003364 939
0.003365 939
0.003366 939
0.003367 939
0.003368 939
0.003369 938
0.00337 938
0.003371 938
0.003372 938
0.003373 938
0.003374 937
0.003375 936
0.003376 936
0.003377 936
0.003378 936
0.003379 936
0.00338 936
0.003381 936
0.003382 936
0.003383 936
0.003384 936
0.003385 936
0.003386 936
0.003387 936
0.003388 936
0.003389 936
0.00339 936
0.003391 936
0.003392 936
0.003393 936
0.003394 936
0.003395 936
0.003396 936
0.003397 936
0.003398 936
0.003399 936
0.0034 936
0.003401 936
0.003402 936
0.003403 936
0.003404 937
0.003405 937
0.003406 937
0.003407 937
0.003408 937
0.003409 937
0.00341 937
0.003411 937
0.003412 937
0.003413 937
0.003414 937
0.003415 937
0.003416 937
0.003417 937
0.003418 937
0.003419 937
0.00342 937
0.003421 937
0.003422 937
0.003423 937
0.003424 937
0.003425 937
0.003426 937
0.003427 937
0.003428 937
0.003429 937
0.00343 937
0.003431 937
0.003432 937
0.003433 937
0.003434 937
0.003435 937
0.003436 937
0.003437 937
0.003438 937
0.003439 937
0.00344 937
0.003441 937
0.003442 936
0.003443 936
0.003444 936
0.003445 936
0.003446 937
0.003447 936
0.003448 936
0.003449 936
0.00345 937
0.003451 937
0.003452 937
0.003453 937
0.003454 937
0.003455 937
0.003456 937
0.003457 937
0.003458 937
0.003459 937
0.00346 937
0.003461 936
0.003462 936
0.003463 936
0.003464 936
0.003465 936
0.003466 936
0.003467 936
0.003468 936
0.003469 936
0.00347 936
0.003471 936
0.003472 936
0.003473 936
0.003474 936
0.003475 936
0.003476 936
0.003477 936
0.003478 936
0.003479 936
0.00348 935
0.003481 935
0.003482 935
0.003483 935
0.003484 936
0.003485 936
0.003486 936
0.003487 936
0.003488 936
0.003489 936
0.00349 936
0.003491 936
0.003492 936
0.003493 936
0.003494 936
0.003495 936
0.003496 936
0.003497 936
0.003498 936
0.003499 936
0.0035 936
0.003501 936
0.003502 936
0.003503 935
0.003504 934
0.003505 934
0.003506 935
0.003507 935
0.003508 936
0.003509 936
0.00351 936
0.003511 936
0.003512 936
0.003513 936
0.003514 936
0.003515 936
0.003516 936
0.003517 936
0.003518 936
0.003519 936
0.00352 936
0.003521 936
0.003522 935
0.003523 935
0.003524 935
0.003525 935
0.003526 935
0.003527 935
0.003528 935
0.003529 935
0.00353 935
0.003531 934
0.003532 934
0.003533 934
0.003534 934
0.003535 934
0.003536 934
0.003537 934
0.003538 934
0.003539 934
0.00354 934
0.003541 934
0.003542 934
0.003543 934
0.003544 933
0.003545 933
0.003546 933
0.003547 933
0.003548 933
0.003549 933
0.00355 933
0.003551 933
0.003552 933
0.003553 933
0.003554 933
0.003555 933
0.003556 933
0.003557 933
0.003558 933
0.003559 933
0.00356 933
0.003561 933
0.003562 933
0.003563 933
0.003564 933
0.003565 933
0.003566 933
0.003567 933
0.003568 933
0.003569 933
0.00357 933
0.003571 933
0.003572 933
0.003573 933
0.003574 933
0.003575 932
0.003576 932
0.003577 932
0.003578 932
0.003579 932
0.00358 932
0.003581 932
0.003582 932
0.003583 932
0.003584 932
0.003585 932
0.003586 932
0.003587 932
0.003588 932
0.003589 932
0.00359 932
0.003591 932
0.003592 932
0.003593 932
0.003594 932
0.003595 932
0.003596 932
0.003597 932
0.003598 932
0.003599 932
0.0036 932
0.003601 932
0.003602 932
0.003603 932
0.003604 932
0.003605 932
0.003606 932
0.003607 932
0.003608 931
0.003609 931
0.00361 931
0.003611 931
0.003612 931
0.003613 931
0.003614 931
0.003615 931
0.003616 931
0.003617 931
0.003618 931
0.003619 931
0.00362 931
0.003621 932
0.003622 931
0.003623 931
0.003624 931
0.003625 931
0.003626 930
0.003627 930
0.003628 930
0.003629 930
0.00363 930
0.003631 931
0.003632 931
0.003633 931
0.003634 931
0.003635 931
0.003636 931
0.003637 931
0.003638 932
0.003639 932
0.00364 932
0.003641 932
0.003642 932
0.003643 932
0.003644 932
0.003645 932
0.003646 932
0.003647 932
0.003648 932
0.003649 932
0.00365 931
0.003651 931
0.003652 931
0.003653 930
0.003654 930
0.003655 929
0.003656 928
0.003657 928
0.003658 928
0.003659 928
0.00366 927
0.003661 927
0.003662 927
0.003663 927
0.003664 927
0.003665 927
0.003666 927
0.003667 928
0.003668 928
0.003669 928
0.00367 929
0.003671 929
0.003672 929
0.003673 929
0.003674 929
0.003675 929
0.003676 929
0.003677 929
0.003678 929
0.003679 929
0.00368 929
0.003681 929
0.003682 929
0.003683 929
0.003684 928
0.003685 928
0.003686 929
0.003687 929
0.003688 929
0.003689 928
0.00369 928
0.003691 928
0.003692 928
0.003693 929
0.003694 929
0.003695 928
0.003696 928
0.003697 928
0.003698 927
0.003699 926
0.0037 926
0.003701 925
0.003702 925
0.003703 926
0.003704 926
0.003705 926
0.003706 926
0.003707 926
0.003708 926
0.003709 926
0.00371 926
0.003711 926
0.003712 926
0.003713 926
0.003714 926
0.003715 926
0.003716 926
0.003717 926
0.003718 926
0.003719 925
0.00372 925
0.003721 925
0.003722 925
0.003723 925
0.003724 925
0.003725 925
0.003726 925
0.003727 925
0.003728 925
0.003729 925
0.00373 925
0.003731 925
0.003732 924
0.003733 925
0.003734 925
0.003735 925
0.003736 925
0.003737 925
0.003738 925
0.003739 925
0.00374 925
0.003741 925
0.003742 925
0.003743 925
0.003744 925
0.003745 925
0.003746 925
0.003747 925
0.003748 925
0.003749 925
0.00375 925
0.003751 925
0.003752 925
0.003753 925
0.003754 924
0.003755 924
0.003756 923
0.003757 923
0.003758 923
0.003759 923
0.00376 923
0.003761 923
0.003762 922
0.003763 922
0.003764 922
0.003765 922
0.003766 922
0.003767 922
0.003768 922
0.003769 922
0.00377 922
0.003771 922
0.003772 922
0.003773 921
0.003774 921
0.003775 921
0.003776 921
0.003777 921
0.003778 921
0.003779 920
0.00378 921
0.003781 921
0.003782 921
0.003783 922
0.003784 922
0.003785 922
0.003786 922
0.003787 922
0.003788 922
0.003789 922
0.00379 922
0.003791 922
0.003792 922
0.003793 922
0.003794 922
0.003795 922
0.003796 922
0.003797 922
0.003798 922
0.003799 922
0.0038 922
0.003801 922
0.003802 922
0.003803 922
0.003804 922
0.003805 922
0.003806 922
0.003807 921
0.003808 921
0.003809 921
0.00381 921
0.003811 922
0.003812 922
0.003813 922
0.003814 922
0.003815 922
0.003816 922
0.003817 922
0.003818 922
0.003819 922
0.00382 922
0.003821 922
0.003822 922
0.003823 922
0.003824 922
0.003825 922
0.003826 922
0.003827 922
0.003828 922
0.003829 922
0.00383 922
0.003831 922
0.003832 922
0.003833 923
0.003834 923
0.003835 923
0.003836 923
0.003837 923
0.003838 923
0.003839 923
0.00384 923
0.003841 923
0.003842 923
0.003843 923
0.003844 923
0.003845 923
0.003846 923
0.003847 923
0.003848 923
0.003849 923
0.00385 923
0.003851 923
0.003852 922
0.003853 922
0.003854 922
0.003855 922
0.003856 922
0.003857 922
0.003858 921
0.003859 921
0.00386 921
0.003861 921
0.003862 921
0.003863 921
0.003864 921
0.003865 921
0.003866 921
0.003867 921
0.003868 921
0.003869 920
0.00387 920
0.003871 920
0.003872 920
0.003873 920
0.003874 920
0.003875 920
0.003876 920
0.003877 920
0.003878 920
0.003879 920
0.00388 920
0.003881 920
0.003882 920
0.003883 919
0.003884 919
0.003885 919
0.003886 919
0.003887 919
0.003888 919
0.003889 919
0.00389 919
0.003891 919
0.003892 919
0.003893 919
0.003894 919
0.003895 919
0.003896 919
0.003897 919
0.003898 919
0.003899 919
0.0039 919
0.003901 919
0.003902 919
0.003903 919
0.003904 919
0.003905 919
0.003906 919
0.003907 919
0.003908 919
0.003909 919
0.00391 919
0.003911 919
0.003912 919
0.003913 919
0.003914 919
0.003915 919
0.003916 919
0.003917 919
0.003918 919
0.003919 919
0.00392 919
0.003921 919
0.003922 920
0.003923 920
0.003924 920
0.003925 921
0.003926 921
0.003927 921
0.003928 921
0.003929 921
0.00393 921
0.003931 921
0.003932 921
0.003933 921
0.003934 921
0.003935 921
0.003936 921
0.003937 921
0.003938 921
0.003939 921
0.00394 921
0.003941 921
0.003942 921
0.003943 921
0.003944 921
0.003945 921
0.003946 921
0.003947 920
0.003948 920
0.003949 919
0.00395 919
0.003951 919
0.003952 919
0.003953 919
0.003954 919
0.003955 919
0.003956 919
0.003957 918
0.003958 918
0.003959 918
0.00396 918
0.003961 918
0.003962 918
0.003963 918
0.003964 918
0.003965 918
0.003966 918
0.003967 918
0.003968 918
0.003969 918
0.00397 918
0.003971 918
0.003972 918
0.003973 918
0.003974 918
0.003975 918
0.003976 918
0.003977 918
0.003978 918
0.003979 918
0.00398 918
0.003981 918
0.003982 918
0.003983 918
0.003984 918
0.003985 918
0.003986 918
0.003987 918
0.003988 918
0.003989 918
0.00399 918
0.003991 918
0.003992 918
0.003993 918
0.003994 918
0.003995 918
0.003996 918
0.003997 918
0.003998 918
0.003999 918
0.004 918
0.004001 918
0.004002 918
0.004003 918
0.004004 918
0.004005 918
0.004006 917
0.004007 917
0.004008 917
0.004009 917
0.00401 917
0.004011 917
0.004012 917
0.004013 918
0.004014 918
0.004015 918
0.004016 918
0.004017 918
0.004018 918
0.004019 918
0.00402 918
0.004021 918
0.004022 919
0.004023 919
0.004024 920
0.004025 920
0.004026 920
0.004027 920
0.004028 920
0.004029 920
0.00403 920
0.004031 920
0.004032 920
0.004033 920
0.004034 920
0.004035 920
0.004036 920
0.004037 920
0.004038 920
0.004039 920
0.00404 920
0.004041 920
0.004042 920
0.004043 920
0.004044 920
0.004045 921
0.004046 921
0.004047 921
0.004048 921
0.004049 921
0.00405 921
0.004051 921
0.004052 921
0.004053 921
0.004054 921
0.004055 921
0.004056 921
0.004057 921
0.004058 921
0.004059 921
0.00406 921
0.004061 921
0.004062 921
0.004063 921
0.004064 921
0.004065 921
0.004066 921
0.004067 921
0.004068 921
0.004069 921
0.00407 921
0.004071 921
0.004072 921
0.004073 921
0.004074 921
0.004075 921
0.004076 921
0.004077 921
0.004078 921
0.004079 921
0.00408 921
0.004081 921
0.004082 921
0.004083 921
0.004084 921
0.004085 921
0.004086 921
0.004087 921
0.004088 921
0.004089 921
0.00409 921
0.004091 921
0.004092 921
0.004093 921
0.004094 921
0.004095 921
0.004096 921
0.004097 921
0.004098 921
0.004099 921
0.0041 921
0.004101 921
0.004102 920
0.004103 921
0.004104 921
0.004105 921
0.004106 921
0.004107 922
0.004108 922
0.004109 922
0.00411 922
0.004111 922
0.004112 922
0.004113 922
0.004114 922
0.004115 922
0.004116 922
0.004117 922
0.004118 922
0.004119 922
0.00412 922
0.004121 922
0.004122 922
0.004123 922
0.004124 922
0.004125 922
0.004126 922
0.004127 922
0.004128 922
0.004129 921
0.00413 921
0.004131 921
0.004132 921
0.004133 922
0.004134 922
0.004135 922
0.004136 922
0.004137 922
0.004138 922
0.004139 922
0.00414 922
0.004141 921
0.004142 921
0.004143 921
0.004144 921
0.004145 921
0.004146 921
0.004147 921
0.004148 921
0.004149 921
0.00415 921
0.004151 921
0.004152 921
0.004153 921
0.004154 921
0.004155 921
0.004156 921
0.004157 922
0.004158 922
0.004159 922
0.00416 922
0.004161 922
0.004162 922
0.004163 922
0.004164 922
0.004165 922
0.004166 922
0.004167 922
0.004168 922
0.004169 922
0.00417 922
0.004171 922
0.004172 922
0.004173 921
0.004174 922
0.004175 922
0.004176 922
0.004177 922
0.004178 922
0.004179 922
0.00418 922
0.004181 923
0.004182 923
0.004183 923
0.004184 922
0.004185 922
0.004186 922
0.004187 922
0.004188 922
0.004189 922
0.00419 922
0.004191 922
0.004192 922
0.004193 922
0.004194 922
0.004195 922
0.004196 922
0.004197 922
0.004198 922
0.004199 923
0.0042 923
0.004201 923
0.004202 923
0.004203 923
0.004204 923
0.004205 923
0.004206 923
0.004207 923
0.004208 923
0.004209 923
0.00421 922
0.004211 922
0.004212 922
0.004213 922
0.004214 922
0.004215 922
0.004216 922
0.004217 922
0.004218 922
0.004219 922
0.00422 922
0.004221 922
0.004222 922
0.004223 922
0.004224 923
0.004225 923
0.004226 923
0.004227 923
0.004228 923
0.004229 923
0.00423 923
0.004231 923
0.004232 923
0.004233 924
0.004234 924
0.004235 924
0.004236 924
0.004237 924
0.004238 924
0.004239 924
0.00424 924
0.004241 924
0.004242 924
0.004243 924
0.004244 924
0.004245 923
0.004246 923
0.004247 922
0.004248 922
0.004249 922
0.00425 922
0.004251 922
0.004252 922
0.004253 922
0.004254 921
0.004255 921
0.004256 921
0.004257 921
0.004258 921
0.004259 921
0.00426 921
0.004261 921
0.004262 921
0.004263 921
0.004264 921
0.004265 921
0.004266 921
0.004267 921
0.004268 921
0.004269 920
0.00427 920
0.004271 920
0.004272 920
0.004273 920
0.004274 920
0.004275 920
0.004276 920
0.004277 920
0.004278 920
0.004279 920
0.00428 920
0.004281 921
0.004282 921
0.004283 921
0.004284 921
0.004285 921
0.004286 920
0.004287 920
0.004288 919
0.004289 919
0.00429 919
0.004291 919
0.004292 919
0.004293 919
0.004294 919
0.004295 919
0.004296 919
0.004297 919
0.004298 919
0.004299 919
0.0043 919
0.004301 919
0.004302 919
0.004303 919
0.004304 919
0.004305 919
0.004306 919
0.004307 919
0.004308 919
0.004309 919
0.00431 919
0.004311 919
0.004312 919
0.004313 919
0.004314 919
0.004315 919
0.004316 919
0.004317 919
0.004318 919
0.004319 919
0.00432 919
0.004321 919
0.004322 919
0.004323 919
0.004324 919
0.004325 919
0.004326 919
0.004327 920
0.004328 920
0.004329 920
0.00433 920
0.004331 920
0.004332 920
0.004333 920
0.004334 920
0.004335 920
0.004336 919
0.004337 919
0.004338 919
0.004339 920
0.00434 920
0.004341 920
0.004342 920
0.004343 920
0.004344 920
0.004345 920
0.004346 920
0.004347 920
0.004348 920
0.004349 920
0.00435 920
0.004351 920
0.004352 920
0.004353 920
0.004354 919
0.004355 919
0.004356 920
0.004357 920
0.004358 920
0.004359 920
0.00436 920
0.004361 920
0.004362 920
0.004363 919
0.004364 919
0.004365 919
0.004366 919
0.004367 919
0.004368 919
0.004369 919
0.00437 920
0.004371 920
0.004372 920
0.004373 920
0.004374 920
0.004375 920
0.004376 920
0.004377 920
0.004378 920
0.004379 920
0.00438 920
0.004381 920
0.004382 920
0.004383 920
0.004384 920
0.004385 920
0.004386 920
0.004387 920
0.004388 920
0.004389 920
0.00439 920
0.004391 920
0.004392 920
0.004393 921
0.004394 922
0.004395 922
0.004396 922
0.004397 922
0.004398 922
0.004399 922
0.0044 922
0.004401 922
0.004402 922
0.004403 922
0.004404 921
0.004405 921
0.004406 921
0.004407 921
0.004408 920
0.004409 920
0.00441 920
0.004411 919
0.004412 919
0.004413 919
0.004414 919
0.004415 919
0.004416 919
0.004417 919
0.004418 920
0.004419 921
0.00442 921
0.004421 921
0.004422 921
0.004423 921
0.004424 920
0.004425 920
0.004426 921
0.004427 921
0.004428 922
0.004429 922
0.00443 922
0.004431 922
0.004432 922
0.004433 922
0.004434 922
0.004435 922
0.004436 922
0.004437 923
0.004438 923
0.004439 923
0.00444 923
0.004441 923
0.004442 924
0.004443 924
0.004444 924
0.004445 924
0.004446 924
0.004447 923
0.004448 923
0.004449 923
0.00445 923
0.004451 923
0.004452 923
0.004453 923
0.004454 923
0.004455 923
0.004456 923
0.004457 923
0.004458 923
0.004459 922
0.00446 922
0.004461 922
0.004462 922
0.004463 922
0.004464 922
0.004465 922
0.004466 922
0.004467 922
0.004468 923
0.004469 923
0.00447 922
0.004471 922
0.004472 923
0.004473 923
0.004474 923
0.004475 923
0.004476 923
0.004477 923
0.004478 923
0.004479 924
0.00448 925
0.004481 925
0.004482 925
0.004483 925
0.004484 925
0.004485 925
0.004486 925
0.004487 925
0.004488 925
0.004489 925
0.00449 925
0.004491 925
0.004492 925
0.004493 926
0.004494 926
0.004495 926
0.004496 926
0.004497 926
0.004498 926
0.004499 926
0.0045 926
0.004501 926
0.004502 926
0.004503 926
0.004504 926
0.004505 926
0.004506 926
0.004507 925
0.004508 925
0.004509 925
0.00451 925
0.004511 925
0.004512 925
0.004513 925
0.004514 925
0.004515 925
0.004516 925
0.004517 925
0.004518 925
0.004519 925
0.00452 925
0.004521 925
0.004522 925
0.004523 925
0.004524 924
0.004525 924
0.004526 924
0.004527 924
0.004528 924
0.004529 924
0.00453 925
0.004531 925
0.004532 925
0.004533 925
0.004534 925
0.004535 925
0.004536 925
0.004537 925
0.004538 925
0.004539 925
0.00454 925
0.004541 925
0.004542 925
0.004543 925
0.004544 925
0.004545 925
0.004546 925
0.004547 925
0.004548 924
0.004549 924
0.00455 924
0.004551 923
0.004552 923
0.004553 923
0.004554 923
0.004555 923
0.004556 923
0.004557 923
0.004558 923
0.004559 923
0.00456 923
0.004561 923
0.004562 923
0.004563 922
0.004564 922
0.004565 922
0.004566 922
0.004567 923
0.004568 923
0.004569 924
0.00457 924
0.004571 924
0.004572 925
0.004573 925
0.004574 925
0.004575 925
0.004576 925
0.004577 925
0.004578 925
0.004579 925
0.00458 925
0.004581 925
0.004582 925
0.004583 925
0.004584 925
0.004585 925
0.004586 925
0.004587 925
0.004588 924
0.004589 924
0.00459 924
0.004591 924
0.004592 924
0.004593 924
0.004594 924
0.004595 924
0.004596 923
0.004597 923
0.004598 923
0.004599 923
0.0046 923
0.004601 923
0.004602 923
0.004603 923
0.004604 922
0.004605 922
0.004606 922
0.004607 923
0.004608 923
0.004609 923
0.00461 924
0.004611 924
0.004612 924
0.004613 924
0.004614 924
0.004615 923
0.004616 923
0.004617 923
0.004618 923
0.004619 923
0.00462 923
0.004621 923
0.004622 923
0.004623 923
0.004624 923
0.004625 923
0.004626 923
0.004627 923
0.004628 923
0.004629 923
0.00463 923
0.004631 923
0.004632 923
0.004633 923
0.004634 923
0.004635 923
0.004636 923
0.004637 923
0.004638 923
0.004639 923
0.00464 923
0.004641 922
0.004642 922
0.004643 922
0.004644 922
0.004645 922
0.004646 922
0.004647 922
0.004648 922
0.004649 922
0.00465 922
0.004651 922
0.004652 922
0.004653 922
0.004654 922
0.004655 922
0.004656 922
0.004657 922
0.004658 922
0.004659 922
0.00466 922
0.004661 923
0.004662 923
0.004663 923
0.004664 923
0.004665 923
0.004666 923
0.004667 923
0.004668 923
0.004669 923
0.00467 923
0.004671 923
0.004672 923
0.004673 923
0.004674 923
0.004675 923
0.004676 923
0.004677 923
0.004678 923
0.004679 923
0.00468 923
0.004681 923
0.004682 922
0.004683 922
0.004684 922
0.004685 922
0.004686 922
0.004687 922
0.004688 922
0.004689 922
0.00469 922
0.004691 922
0.004692 922
0.004693 923
0.004694 923
0.004695 923
0.004696 922
0.004697 922
0.004698 922
0.004699 922
0.0047 922
0.004701 922
0.004702 922
0.004703 922
0.004704 922
0.004705 922
0.004706 921
0.004707 920
0.004708 920
0.004709 920
0.00471 920
0.004711 920
0.004712 920
0.004713 920
0.004714 920
0.004715 920
0.004716 920
0.004717 920
0.004718 920
0.004719 919
0.00472 919
0.004721 919
0.004722 919
0.004723 919
0.004724 918
0.004725 918
0.004726 918
0.004727 918
0.004728 918
0.004729 918
0.00473 918
0.004731 918
0.004732 918
0.004733 918
0.004734 919
0.004735 919
0.004736 919
0.004737 920
0.004738 920
0.004739 920
0.00474 920
0.004741 920
0.004742 921
0.004743 921
0.004744 921
0.004745 921
0.004746 921
0.004747 921
0.004748 921
0.004749 922
0.00475 922
0.004751 922
0.004752 922
0.004753 922
0.004754 923
0.004755 923
0.004756 924
0.004757 924
0.004758 924
0.004759 923
0.00476 922
0.004761 922
0.004762 922
0.004763 922
0.004764 922
0.004765 922
0.004766 922
0.004767 921
0.004768 921
0.004769 921
0.00477 921
0.004771 921
0.004772 921
0.004773 921
0.004774 922
0.004775 922
0.004776 922
0.004777 922
0.004778 922
0.004779 922
0.00478 922
0.004781 922
0.004782 922
0.004783 922
0.004784 922
0.004785 922
0.004786 922
0.004787 922
0.004788 922
0.004789 922
0.00479 922
0.004791 922
0.004792 922
0.004793 922
0.004794 922
0.004795 922
0.004796 922
0.004797 922
0.004798 922
0.004799 922
0.0048 922
0.004801 922
0.004802 922
0.004803 922
0.004804 922
0.004805 922
0.004806 922
0.004807 922
0.004808 922
0.004809 922
0.00481 922
0.004811 922
0.004812 922
0.004813 922
0.004814 922
0.004815 922
0.004816 922
0.004817 922
0.004818 922
0.004819 922
0.00482 922
0.004821 922
0.004822 922
0.004823 922
0.004824 922
0.004825 922
0.004826 922
0.004827 922
0.004828 922
0.004829 922
0.00483 922
0.004831 922
0.004832 921
0.004833 921
0.004834 921
0.004835 921
0.004836 921
0.004837 920
0.004838 920
0.004839 920
0.00484 920
0.004841 920
0.004842 920
0.004843 920
0.004844 920
0.004845 920
0.004846 920
0.004847 920
0.004848 920
0.004849 920
0.00485 920
0.004851 920
0.004852 920
0.004853 920
0.004854 920
0.004855 920
0.004856 921
0.004857 921
0.004858 921
0.004859 922
0.00486 922
0.004861 922
0.004862 922
0.004863 922
0.004864 923
0.004865 923
0.004866 924
0.004867 924
0.004868 924
0.004869 924
0.00487 924
0.004871 924
0.004872 924
0.004873 924
0.004874 926
0.004875 926
0.004876 926
0.004877 926
0.004878 927
0.004879 927
0.00488 927
0.004881 927
0.004882 927
0.004883 927
0.004884 927
0.004885 927
0.004886 927
0.004887 927
0.004888 927
0.004889 927
0.00489 927
0.004891 928
0.004892 928
0.004893 928
0.004894 928
0.004895 928
0.004896 927
0.004897 926
0.004898 926
0.004899 926
0.0049 926
0.004901 926
0.004902 926
0.004903 926
0.004904 926
0.004905 926
0.004906 926
0.004907 926
0.004908 926
0.004909 926
0.00491 926
0.004911 926
0.004912 926
0.004913 926
0.004914 926
0.004915 926
0.004916 926
0.004917 926
0.004918 926
0.004919 926
0.00492 926
0.004921 925
0.004922 925
0.004923 925
0.004924 925
0.004925 925
0.004926 925
0.004927 925
0.004928 924
0.004929 924
0.00493 924
0.004931 924
0.004932 924
0.004933 924
0.004934 925
0.004935 925
0.004936 924
0.004937 924
0.004938 924
0.004939 924
0.00494 924
0.004941 924
0.004942 924
0.004943 924
0.004944 923
0.004945 923
0.004946 923
0.004947 923
0.004948 923
0.004949 924
0.00495 924
0.004951 924
0.004952 924
0.004953 924
0.004954 924
0.004955 924
0.004956 924
0.004957 924
0.004958 924
0.004959 924
0.00496 923
0.004961 923
0.004962 923
0.004963 923
0.004964 923
0.004965 923
0.004966 923
0.004967 923
0.004968 923
0.004969 922
0.00497 922
0.004971 922
0.004972 922
0.004973 922
0.004974 922
0.004975 922
0.004976 922
0.004977 922
0.004978 922
0.004979 923
0.00498 923
0.004981 923
0.004982 923
0.004983 923
0.004984 924
0.004985 924
0.004986 924
0.004987 924
0.004988 924
0.004989 924
0.00499 926
0.004991 926
0.004992 926
0.004993 927
0.004994 927
0.004995 927
0.004996 927
0.004997 927
0.004998 927
0.004999 927
0.005 927
