0 6802
1e-06 6792
2e-06 6777
3e-06 6768
4e-06 6751
5e-06 6735
6e-06 6719
7e-06 6703
8e-06 6688
9e-06 6676
1e-05 6661
1.1e-05 6648
1.2e-05 6636
1.3e-05 6620
1.4e-05 6604
1.5e-05 6592
1.6e-05 6573
1.7e-05 6563
1.8e-05 6552
1.9e-05 6540
2e-05 6531
2.1e-05 6525
2.2e-05 6516
2.3e-05 6505
2.4e-05 6495
2.5e-05 6476
2.6e-05 6462
2.7e-05 6452
2.8e-05 6438
2.9e-05 6423
3e-05 6410
3.1e-05 6399
3.2e-05 6390
3.3e-05 6373
3.4e-05 6366
3.5e-05 6357
3.6e-05 6347
3.7e-05 6341
3.8e-05 6331
3.9e-05 6317
4e-05 6305
4.1e-05 6291
4.2e-05 6278
4.3e-05 6264
4.4e-05 6246
4.5e-05 6242
4.6e-05 6228
4.7e-05 6217
4.8e-05 6208
4.9e-05 6204
5e-05 6189
5.1e-05 6182
5.2e-05 6176
5.3e-05 6166
5.4e-05 6157
5.5e-05 6146
5.6e-05 6138
5.7e-05 6130
5.8e-05 6119
5.9e-05 6106
6e-05 6098
6.1e-05 6095
6.2e-05 6082
6.3e-05 6077
6.4e-05 6066
6.5e-05 6057
6.6e-05 6053
6.7e-05 6048
6.8e-05 6040
6.9e-05 6028
7e-05 6014
7.1e-05 6006
7.2e-05 5992
7.3e-05 5982
7.4e-05 5974
7.5e-05 5965
7.6e-05 5956
7.7e-05 5947
7.8e-05 5937
7.9e-05 5928
8e-05 5923
8.1e-05 5916
8.2e-05 5907
8.3e-05 5901
8.4e-05 5893
8.5e-05 5886
8.6e-05 5884
8.7e-05 5878
8.8e-05 5871
8.9e-05 5866
9e-05 5859
9.1e-05 5853
9.2e-05 5848
9.3e-05 5842
9.4e-05 5837
9.5e-05 5831
9.6e-05 5820
9.7e-05 5816
9.8e-05 5812
9.9e-05 5806
0.0001 5801
0.000101 5796
0.000102 5792
0.000103 5783
0.000104 5779
0.000105 5773
0.000106 5765
0.000107 5762
0.000108 5758
0.000109 5747
0.00011 5744
0.000111 5737
0.000112 5729
0.000113 5724
0.000114 5717
0.000115 5714
0.000116 5707
0.000117 5702
0.000118 5698
0.000119 5692
0.00012 5685
0.000121 5675
0.000122 5664
0.000123 5661
0.000124 5654
0.000125 5646
0.000126 5638
0.000127 5632
0.000128 5628
0.000129 5620
0.00013 5616
0.000131 5609
0.000132 5601
0.000133 5596
0.000134 5591
0.000135 5587
0.000136 5582
0.000137 5579
0.000138 5572
0.000139 5572
0.00014 5566
0.000141 5563
0.000142 5560
0.000143 5556
0.000144 5551
0.000145 5548
0.000146 5543
0.000147 5541
0.000148 5537
0.000149 5531
0.00015 5525
0.000151 5520
0.000152 5515
0.000153 5512
0.000154 5507
0.000155 5505
0.000156 5501
0.000157 5495
0.000158 5493
0.000159 5490
0.00016 5483
0.000161 5478
0.000162 5471
0.000163 5466
0.000164 5457
0.000165 5453
0.000166 5452
0.000167 5450
0.000168 5447
0.000169 5445
0.00017 5440
0.000171 5432
0.000172 5427
0.000173 5422
0.000174 5422
0.000175 5420
0.000176 5419
0.000177 5415
0.000178 5412
0.000179 5410
0.00018 5404
0.000181 5401
0.000182 5400
0.000183 5397
0.000184 5394
0.000185 5392
0.000186 5387
0.000187 5380
0.000188 5378
0.000189 5377
0.00019 5369
0.000191 5369
0.000192 5365
0.000193 5364
0.000194 5362
0.000195 5360
0.000196 5358
0.000197 5355
0.000198 5352
0.000199 5348
0.0002 5346
0.000201 5345
0.000202 5344
0.000203 5343
0.000204 5339
0.000205 5339
0.000206 5336
0.000207 5332
0.000208 5328
0.000209 5323
0.00021 5320
0.000211 5314
0.000212 5309
0.000213 5307
0.000214 5307
0.000215 5304
0.000216 5300
0.000217 5298
0.000218 5293
0.000219 5292
0.00022 5288
0.000221 5284
0.000222 5282
0.000223 5281
0.000224 5277
0.000225 5276
0.000226 5271
0.000227 5268
0.000228 5268
0.000229 5263
0.00023 5260
0.000231 5257
0.000232 5252
0.000233 5249
0.000234 5246
0.000235 5242
0.000236 5238
0.000237 5236
0.000238 5232
0.000239 5232
0.00024 5228
0.000241 5227
0.000242 5224
0.000243 5220
0.000244 5217
0.000245 5216
0.000246 5210
0.000247 5209
0.000248 5208
0.000249 5204
0.00025 5201
0.000251 5197
0.000252 5194
0.000253 5188
0.000254 5187
0.000255 5185
0.000256 5182
0.000257 5178
0.000258 5176
0.000259 5174
0.00026 5174
0.000261 5172
0.000262 5171
0.000263 5171
0.000264 5170
0.000265 5170
0.000266 5169
0.000267 5168
0.000268 5165
0.000269 5165
0.00027 5165
0.000271 5164
0.000272 5162
0.000273 5161
0.000274 5158
0.000275 5157
0.000276 5155
0.000277 5154
0.000278 5152
0.000279 5151
0.00028 5149
0.000281 5148
0.000282 5147
0.000283 5145
0.000284 5146
0.000285 5143
0.000286 5142
0.000287 5140
0.000288 5139
0.000289 5138
0.00029 5138
0.000291 5137
0.000292 5134
0.000293 5133
0.000294 5131
0.000295 5130
0.000296 5130
0.000297 5128
0.000298 5127
0.000299 5126
0.0003 5125
0.000301 5125
0.000302 5123
0.000303 5121
0.000304 5121
0.000305 5120
0.000306 5116
0.000307 5116
0.000308 5115
0.000309 5115
0.00031 5114
0.000311 5115
0.000312 5114
0.000313 5112
0.000314 5112
0.000315 5113
0.000316 5114
0.000317 5111
0.000318 5112
0.000319 5109
0.00032 5109
0.000321 5108
0.000322 5105
0.000323 5105
0.000324 5104
0.000325 5104
0.000326 5101
0.000327 5101
0.000328 5100
0.000329 5096
0.00033 5095
0.000331 5090
0.000332 5088
0.000333 5087
0.000334 5086
0.000335 5082
0.000336 5082
0.000337 5079
0.000338 5078
0.000339 5078
0.00034 5076
0.000341 5076
0.000342 5073
0.000343 5073
0.000344 5073
0.000345 5072
0.000346 5072
0.000347 5071
0.000348 5071
0.000349 5067
0.00035 5065
0.000351 5064
0.000352 5064
0.000353 5062
0.000354 5063
0.000355 5062
0.000356 5061
0.000357 5058
0.000358 5057
0.000359 5058
0.00036 5056
0.000361 5055
0.000362 5054
0.000363 5051
0.000364 5049
0.000365 5048
0.000366 5048
0.000367 5047
0.000368 5047
0.000369 5046
0.00037 5044
0.000371 5044
0.000372 5039
0.000373 5039
0.000374 5039
0.000375 5037
0.000376 5037
0.000377 5036
0.000378 5036
0.000379 5036
0.00038 5035
0.000381 5035
0.000382 5034
0.000383 5033
0.000384 5030
0.000385 5026
0.000386 5026
0.000387 5026
0.000388 5026
0.000389 5026
0.00039 5024
0.000391 5023
0.000392 5022
0.000393 5022
0.000394 5021
0.000395 5019
0.000396 5019
0.000397 5019
0.000398 5019
0.000399 5018
0.0004 5018
0.000401 5018
0.000402 5016
0.000403 5015
0.000404 5013
0.000405 5011
0.000406 5010
0.000407 5010
0.000408 5009
0.000409 5008
0.00041 5007
0.000411 5007
0.000412 5007
0.000413 5005
0.000414 5003
0.000415 5004
0.000416 5004
0.000417 5004
0.000418 5003
0.000419 5002
0.00042 5002
0.000421 4998
0.000422 4997
0.000423 4996
0.000424 4995
0.000425 4995
0.000426 4994
0.000427 4993
0.000428 4993
0.000429 4991
0.00043 4990
0.000431 4988
0.000432 4988
0.000433 4988
0.000434 4987
0.000435 4988
0.000436 4987
0.000437 4984
0.000438 4983
0.000439 4982
0.00044 4980
0.000441 4980
0.000442 4977
0.000443 4977
0.000444 4978
0.000445 4977
0.000446 4976
0.000447 4975
0.000448 4975
0.000449 4975
0.00045 4972
0.000451 4971
0.000452 4969
0.000453 4968
0.000454 4967
0.000455 4965
0.000456 4965
0.000457 4964
0.000458 4963
0.000459 4962
0.00046 4962
0.000461 4960
0.000462 4960
0.000463 4959
0.000464 4959
0.000465 4959
0.000466 4958
0.000467 4956
0.000468 4957
0.000469 4952
0.00047 4952
0.000471 4952
0.000472 4951
0.000473 4951
0.000474 4950
0.000475 4950
0.000476 4950
0.000477 4950
0.000478 4950
0.000479 4949
0.00048 4949
0.000481 4949
0.000482 4949
0.000483 4949
0.000484 4947
0.000485 4946
0.000486 4946
0.000487 4945
0.000488 4944
0.000489 4944
0.00049 4944
0.000491 4944
0.000492 4944
0.000493 4944
0.000494 4944
0.000495 4944
0.000496 4944
0.000497 4944
0.000498 4944
0.000499 4945
0.0005 4945
0.000501 4945
0.000502 4945
0.000503 4945
0.000504 4944
0.000505 4944
0.000506 4945
0.000507 4945
0.000508 4945
0.000509 4943
0.00051 4944
0.000511 4944
0.000512 4943
0.000513 4943
0.000514 4943
0.000515 4943
0.000516 4942
0.000517 4940
0.000518 4936
0.000519 4935
0.00052 4934
0.000521 4933
0.000522 4932
0.000523 4931
0.000524 4931
0.000525 4930
0.000526 4930
0.000527 4930
0.000528 4929
0.000529 4930
0.00053 4929
0.000531 4929
0.000532 4928
0.000533 4928
0.000534 4927
0.000535 4925
0.000536 4925
0.000537 4925
0.000538 4925
0.000539 4925
0.00054 4925
0.000541 4925
0.000542 4924
0.000543 4924
0.000544 4924
0.000545 4924
0.000546 4924
0.000547 4924
0.000548 4924
0.000549 4923
0.00055 4924
0.000551 4924
0.000552 4924
0.000553 4925
0.000554 4925
0.000555 4924
0.000556 4924
0.000557 4923
0.000558 4922
0.000559 4922
0.00056 4922
0.000561 4922
0.000562 4923
0.000563 4922
0.000564 4922
0.000565 4922
0.000566 4922
0.000567 4922
0.000568 4922
0.000569 4923
0.00057 4923
0.000571 4923
0.000572 4923
0.000573 4921
0.000574 4921
0.000575 4920
0.000576 4919
0.000577 4919
0.000578 4918
0.000579 4918
0.00058 4918
0.000581 4918
0.000582 4918
0.000583 4917
0.000584 4917
0.000585 4916
0.000586 4916
0.000587 4916
0.000588 4916
0.000589 4915
0.00059 4915
0.000591 4915
0.000592 4915
0.000593 4916
0.000594 4917
0.000595 4917
0.000596 4916
0.000597 4916
0.000598 4914
0.000599 4914
0.0006 4914
0.000601 4914
0.000602 4913
0.000603 4913
0.000604 4914
0.000605 4913
0.000606 4912
0.000607 4910
0.000608 4910
0.000609 4911
0.00061 4911
0.000611 4910
0.000612 4910
0.000613 4911
0.000614 4911
0.000615 4911
0.000616 4909
0.000617 4909
0.000618 4908
0.000619 4907
0.00062 4907
0.000621 4908
0.000622 4908
0.000623 4907
0.000624 4906
0.000625 4907
0.000626 4906
0.000627 4906
0.000628 4906
0.000629 4906
0.00063 4907
0.000631 4906
0.000632 4905
0.000633 4905
0.000634 4904
0.000635 4903
0.000636 4903
0.000637 4903
0.000638 4901
0.000639 4901
0.00064 4900
0.000641 4901
0.000642 4901
0.000643 4900
0.000644 4899
0.000645 4899
0.000646 4899
0.000647 4899
0.000648 4898
0.000649 4897
0.00065 4897
0.000651 4898
0.000652 4898
0.000653 4898
0.000654 4900
0.000655 4898
0.000656 4897
0.000657 4896
0.000658 4896
0.000659 4896
0.00066 4894
0.000661 4894
0.000662 4893
0.000663 4892
0.000664 4892
0.000665 4893
0.000666 4893
0.000667 4893
0.000668 4893
0.000669 4893
0.00067 4894
0.000671 4894
0.000672 4894
0.000673 4893
0.000674 4893
0.000675 4894
0.000676 4894
0.000677 4894
0.000678 4892
0.000679 4891
0.00068 4891
0.000681 4891
0.000682 4892
0.000683 4892
0.000684 4892
0.000685 4892
0.000686 4892
0.000687 4891
0.000688 4890
0.000689 4890
0.00069 4889
0.000691 4889
0.000692 4889
0.000693 4889
0.000694 4889
0.000695 4889
0.000696 4889
0.000697 4889
0.000698 4889
0.000699 4889
0.0007 4889
0.000701 4890
0.000702 4890
0.000703 4889
0.000704 4889
0.000705 4888
0.000706 4888
0.000707 4888
0.000708 4888
0.000709 4887
0.00071 4887
0.000711 4888
0.000712 4889
0.000713 4889
0.000714 4889
0.000715 4889
0.000716 4889
0.000717 4889
0.000718 4888
0.000719 4888
0.00072 4888
0.000721 4888
0.000722 4889
0.000723 4890
0.000724 4890
0.000725 4890
0.000726 4889
0.000727 4889
0.000728 4889
0.000729 4889
0.00073 4887
0.000731 4887
0.000732 4887
0.000733 4887
0.000734 4886
0.000735 4886
0.000736 4886
0.000737 4885
0.000738 4885
0.000739 4885
0.00074 4887
0.000741 4887
0.000742 4887
0.000743 4888
0.000744 4888
0.000745 4888
0.000746 4888
0.000747 4888
0.000748 4888
0.000749 4888
0.00075 4889
0.000751 4889
0.000752 4889
0.000753 4889
0.000754 4889
0.000755 4890
0.000756 4889
0.000757 4888
0.000758 4886
0.000759 4886
0.00076 4886
0.000761 4887
0.000762 4888
0.000763 4888
0.000764 4888
0.000765 4889
0.000766 4889
0.000767 4889
0.000768 4889
0.000769 4889
0.00077 4889
0.000771 4889
0.000772 4888
0.000773 4888
0.000774 4888
0.000775 4888
0.000776 4888
0.000777 4888
0.000778 4888
0.000779 4887
0.00078 4886
0.000781 4886
0.000782 4886
0.000783 4884
0.000784 4885
0.000785 4885
0.000786 4885
0.000787 4885
0.000788 4885
0.000789 4885
0.00079 4883
0.000791 4882
0.000792 4882
0.000793 4882
0.000794 4882
0.000795 4882
0.000796 4883
0.000797 4883
0.000798 4884
0.000799 4884
0.0008 4884
0.000801 4885
0.000802 4885
0.000803 4885
0.000804 4885
0.000805 4884
0.000806 4884
0.000807 4885
0.000808 4885
0.000809 4884
0.00081 4885
0.000811 4885
0.000812 4884
0.000813 4884
0.000814 4883
0.000815 4883
0.000816 4883
0.000817 4882
0.000818 4882
0.000819 4882
0.00082 4881
0.000821 4881
0.000822 4879
0.000823 4878
0.000824 4878
0.000825 4878
0.000826 4878
0.000827 4877
0.000828 4877
0.000829 4877
0.00083 4876
0.000831 4876
0.000832 4876
0.000833 4875
0.000834 4875
0.000835 4875
0.000836 4875
0.000837 4874
0.000838 4874
0.000839 4874
0.00084 4874
0.000841 4874
0.000842 4873
0.000843 4873
0.000844 4873
0.000845 4873
0.000846 4873
0.000847 4873
0.000848 4872
0.000849 4872
0.00085 4872
0.000851 4872
0.000852 4872
0.000853 4872
0.000854 4872
0.000855 4872
0.000856 4872
0.000857 4872
0.000858 4872
0.000859 4872
0.00086 4872
0.000861 4872
0.000862 4872
0.000863 4872
0.000864 4872
0.000865 4872
0.000866 4872
0.000867 4872
0.000868 4874
0.000869 4874
0.00087 4875
0.000871 4875
0.000872 4875
0.000873 4876
0.000874 4876
0.000875 4876
0.000876 4875
0.000877 4874
0.000878 4874
0.000879 4875
0.00088 4875
0.000881 4876
0.000882 4877
0.000883 4877
0.000884 4877
0.000885 4876
0.000886 4877
0.000887 4877
0.000888 4877
0.000889 4877
0.00089 4877
0.000891 4877
0.000892 4876
0.000893 4876
0.000894 4876
0.000895 4876
0.000896 4876
0.000897 4876
0.000898 4875
0.000899 4874
0.0009 4875
0.000901 4876
0.000902 4876
0.000903 4876
0.000904 4876
0.000905 4876
0.000906 4876
0.000907 4876
0.000908 4876
0.000909 4876
0.00091 4876
0.000911 4876
0.000912 4876
0.000913 4876
0.000914 4877
0.000915 4875
0.000916 4875
0.000917 4875
0.000918 4876
0.000919 4876
0.00092 4875
0.000921 4871
0.000922 4871
0.000923 4870
0.000924 4869
0.000925 4869
0.000926 4869
0.000927 4869
0.000928 4869
0.000929 4869
0.00093 4869
0.000931 4869
0.000932 4869
0.000933 4869
0.000934 4869
0.000935 4869
0.000936 4869
0.000937 4869
0.000938 4869
0.000939 4868
0.00094 4868
0.000941 4868
0.000942 4867
0.000943 4867
0.000944 4866
0.000945 4866
0.000946 4865
0.000947 4865
0.000948 4865
0.000949 4865
0.00095 4864
0.000951 4863
0.000952 4862
0.000953 4862
0.000954 4861
0.000955 4861
0.000956 4861
0.000957 4860
0.000958 4860
0.000959 4860
0.00096 4860
0.000961 4860
0.000962 4860
0.000963 4859
0.000964 4858
0.000965 4858
0.000966 4858
0.000967 4858
0.000968 4858
0.000969 4858
0.00097 4859
0.000971 4859
0.000972 4860
0.000973 4859
0.000974 4858
0.000975 4858
0.000976 4857
0.000977 4857
0.000978 4857
0.000979 4857
0.00098 4857
0.000981 4858
0.000982 4858
0.000983 4858
0.000984 4858
0.000985 4858
0.000986 4858
0.000987 4858
0.000988 4858
0.000989 4857
0.00099 4857
0.000991 4857
0.000992 4857
0.000993 4857
0.000994 4857
0.000995 4856
0.000996 4856
0.000997 4857
0.000998 4857
0.000999 4858
0.001 4858
0.001001 4858
0.001002 4858
0.001003 4858
0.001004 4857
0.001005 4857
0.001006 4857
0.001007 4857
0.001008 4857
0.001009 4856
0.00101 4856
0.001011 4856
0.001012 4856
0.001013 4857
0.001014 4857
0.001015 4858
0.001016 4858
0.001017 4858
0.001018 4858
0.001019 4858
0.00102 4858
0.001021 4858
0.001022 4859
0.001023 4859
0.001024 4859
0.001025 4859
0.001026 4859
0.001027 4859
0.001028 4858
0.001029 4858
0.00103 4859
0.001031 4860
0.001032 4860
0.001033 4860
0.001034 4860
0.001035 4861
0.001036 4861
0.001037 4861
0.001038 4861
0.001039 4861
0.00104 4861
0.001041 4862
0.001042 4862
0.001043 4862
0.001044 4862
0.001045 4862
0.001046 4861
0.001047 4861
0.001048 4861
0.001049 4862
0.00105 4863
0.001051 4863
0.001052 4863
0.001053 4863
0.001054 4863
0.001055 4863
0.001056 4862
0.001057 4863
0.001058 4863
0.001059 4863
0.00106 4863
0.001061 4863
0.001062 4862
0.001063 4862
0.001064 4862
0.001065 4862
0.001066 4862
0.001067 4862
0.001068 4862
0.001069 4862
0.00107 4862
0.001071 4862
0.001072 4862
0.001073 4861
0.001074 4861
0.001075 4862
0.001076 4862
0.001077 4862
0.001078 4862
0.001079 4862
0.00108 4862
0.001081 4863
0.001082 4863
0.001083 4863
0.001084 4863
0.001085 4862
0.001086 4862
0.001087 4861
0.001088 4861
0.001089 4861
0.00109 4861
0.001091 4861
0.001092 4861
0.001093 4862
0.001094 4862
0.001095 4864
0.001096 4864
0.001097 4864
0.001098 4864
0.001099 4865
0.0011 4864
0.001101 4864
0.001102 4864
0.001103 4864
0.001104 4864
0.001105 4864
0.001106 4863
0.001107 4863
0.001108 4863
0.001109 4863
0.00111 4863
0.001111 4863
0.001112 4863
0.001113 4863
0.001114 4862
0.001115 4863
0.001116 4863
0.001117 4863
0.001118 4863
0.001119 4863
0.00112 4863
0.001121 4863
0.001122 4862
0.001123 4862
0.001124 4862
0.001125 4861
0.001126 4861
0.001127 4862
0.001128 4862
0.001129 4862
0.00113 4862
0.001131 4862
0.001132 4862
0.001133 4862
0.001134 4862
0.001135 4861
0.001136 4862
0.001137 4862
0.001138 4862
0.001139 4861
0.00114 4861
0.001141 4861
0.001142 4861
0.001143 4861
0.001144 4861
0.001145 4861
0.001146 4861
0.001147 4861
0.001148 4861
0.001149 4861
0.00115 4861
0.001151 4860
0.001152 4861
0.001153 4862
0.001154 4862
0.001155 4863
0.001156 4864
0.001157 4864
0.001158 4864
0.001159 4864
0.00116 4864
0.001161 4864
0.001162 4864
0.001163 4864
0.001164 4864
0.001165 4864
0.001166 4864
0.001167 4864
0.001168 4864
0.001169 4864
0.00117 4864
0.001171 4863
0.001172 4864
0.001173 4864
0.001174 4864
0.001175 4864
0.001176 4863
0.001177 4864
0.001178 4864
0.001179 4863
0.00118 4862
0.001181 4862
0.001182 4862
0.001183 4862
0.001184 4862
0.001185 4862
0.001186 4862
0.001187 4862
0.001188 4861
0.001189 4861
0.00119 4861
0.001191 4860
0.001192 4861
0.001193 4862
0.001194 4863
0.001195 4862
0.001196 4862
0.001197 4862
0.001198 4862
0.001199 4862
0.0012 4862
0.001201 4860
0.001202 4860
0.001203 4860
0.001204 4860
0.001205 4859
0.001206 4858
0.001207 4858
0.001208 4858
0.001209 4858
0.00121 4858
0.001211 4858
0.001212 4858
0.001213 4859
0.001214 4859
0.001215 4859
0.001216 4859
0.001217 4859
0.001218 4859
0.001219 4860
0.00122 4860
0.001221 4860
0.001222 4860
0.001223 4861
0.001224 4861
0.001225 4861
0.001226 4861
0.001227 4861
0.001228 4862
0.001229 4862
0.00123 4862
0.001231 4862
0.001232 4862
0.001233 4861
0.001234 4861
0.001235 4861
0.001236 4861
0.001237 4861
0.001238 4861
0.001239 4860
0.00124 4861
0.001241 4861
0.001242 4861
0.001243 4862
0.001244 4862
0.001245 4862
0.001246 4863
0.001247 4864
0.001248 4864
0.001249 4863
0.00125 4863
0.001251 4863
0.001252 4862
0.001253 4862
0.001254 4862
0.001255 4861
0.001256 4861
0.001257 4861
0.001258 4860
0.001259 4860
0.00126 4860
0.001261 4860
0.001262 4860
0.001263 4860
0.001264 4860
0.001265 4860
0.001266 4860
0.001267 4860
0.001268 4860
0.001269 4860
0.00127 4860
0.001271 4860
0.001272 4860
0.001273 4860
0.001274 4861
0.001275 4861
0.001276 4862
0.001277 4864
0.001278 4864
0.001279 4865
0.00128 4865
0.001281 4865
0.001282 4865
0.001283 4865
0.001284 4864
0.001285 4864
0.001286 4864
0.001287 4864
0.001288 4864
0.001289 4864
0.00129 4863
0.001291 4863
0.001292 4864
0.001293 4864
0.001294 4865
0.001295 4864
0.001296 4864
0.001297 4864
0.001298 4865
0.001299 4864
0.0013 4865
0.001301 4866
0.001302 4866
0.001303 4866
0.001304 4866
0.001305 4865
0.001306 4864
0.001307 4864
0.001308 4864
0.001309 4865
0.00131 4865
0.001311 4865
0.001312 4865
0.001313 4865
0.001314 4865
0.001315 4865
0.001316 4866
0.001317 4866
0.001318 4864
0.001319 4864
0.00132 4865
0.001321 4865
0.001322 4866
0.001323 4866
0.001324 4866
0.001325 4866
0.001326 4866
0.001327 4866
0.001328 4866
0.001329 4866
0.00133 4866
0.001331 4866
0.001332 4867
0.001333 4868
0.001334 4867
0.001335 4867
0.001336 4867
0.001337 4866
0.001338 4866
0.001339 4866
0.00134 4866
0.001341 4866
0.001342 4866
0.001343 4866
0.001344 4866
0.001345 4866
0.001346 4866
0.001347 4866
0.001348 4866
0.001349 4867
0.00135 4866
0.001351 4866
0.001352 4866
0.001353 4866
0.001354 4866
0.001355 4866
0.001356 4865
0.001357 4865
0.001358 4865
0.001359 4866
0.00136 4866
0.001361 4866
0.001362 4866
0.001363 4866
0.001364 4867
0.001365 4867
0.001366 4868
0.001367 4869
0.001368 4869
0.001369 4869
0.00137 4868
0.001371 4868
0.001372 4868
0.001373 4868
0.001374 4869
0.001375 4869
0.001376 4869
0.001377 4870
0.001378 4870
0.001379 4870
0.00138 4870
0.001381 4870
0.001382 4870
0.001383 4871
0.001384 4871
0.001385 4871
0.001386 4871
0.001387 4871
0.001388 4870
0.001389 4870
0.00139 4869
0.001391 4869
0.001392 4868
0.001393 4868
0.001394 4868
0.001395 4867
0.001396 4867
0.001397 4868
0.001398 4869
0.001399 4869
0.0014 4869
0.001401 4869
0.001402 4869
0.001403 4869
0.001404 4869
0.001405 4869
0.001406 4869
0.001407 4869
0.001408 4869
0.001409 4869
0.00141 4869
0.001411 4869
0.001412 4869
0.001413 4868
0.001414 4868
0.001415 4869
0.001416 4868
0.001417 4868
0.001418 4869
0.001419 4869
0.00142 4870
0.001421 4870
0.001422 4868
0.001423 4868
0.001424 4868
0.001425 4868
0.001426 4868
0.001427 4868
0.001428 4868
0.001429 4869
0.00143 4869
0.001431 4869
0.001432 4869
0.001433 4869
0.001434 4869
0.001435 4868
0.001436 4867
0.001437 4867
0.001438 4867
0.001439 4867
0.00144 4867
0.001441 4867
0.001442 4866
0.001443 4866
0.001444 4865
0.001445 4865
0.001446 4865
0.001447 4866
0.001448 4865
0.001449 4865
0.00145 4863
0.001451 4864
0.001452 4864
0.001453 4864
0.001454 4865
0.001455 4865
0.001456 4865
0.001457 4865
0.001458 4864
0.001459 4864
0.00146 4864
0.001461 4864
0.001462 4864
0.001463 4864
0.001464 4864
0.001465 4863
0.001466 4864
0.001467 4864
0.001468 4865
0.001469 4865
0.00147 4865
0.001471 4865
0.001472 4866
0.001473 4866
0.001474 4866
0.001475 4867
0.001476 4867
0.001477 4867
0.001478 4866
0.001479 4866
0.00148 4866
0.001481 4866
0.001482 4866
0.001483 4866
0.001484 4866
0.001485 4867
0.001486 4866
0.001487 4866
0.001488 4867
0.001489 4866
0.00149 4866
0.001491 4866
0.001492 4866
0.001493 4866
0.001494 4868
0.001495 4869
0.001496 4869
0.001497 4869
0.001498 4869
0.001499 4870
0.0015 4870
0.001501 4869
0.001502 4868
0.001503 4868
0.001504 4869
0.001505 4869
0.001506 4868
0.001507 4868
0.001508 4868
0.001509 4868
0.00151 4869
0.001511 4868
0.001512 4868
0.001513 4868
0.001514 4869
0.001515 4869
0.001516 4867
0.001517 4867
0.001518 4867
0.001519 4867
0.00152 4866
0.001521 4866
0.001522 4867
0.001523 4867
0.001524 4867
0.001525 4867
0.001526 4867
0.001527 4867
0.001528 4867
0.001529 4867
0.00153 4867
0.001531 4867
0.001532 4867
0.001533 4867
0.001534 4867
0.001535 4867
0.001536 4867
0.001537 4867
0.001538 4867
0.001539 4867
0.00154 4867
0.001541 4867
0.001542 4867
0.001543 4867
0.001544 4867
0.001545 4867
0.001546 4867
0.001547 4867
0.001548 4867
0.001549 4866
0.00155 4867
0.001551 4867
0.001552 4868
0.001553 4868
0.001554 4868
0.001555 4869
0.001556 4869
0.001557 4869
0.001558 4869
0.001559 4869
0.00156 4870
0.001561 4870
0.001562 4870
0.001563 4870
0.001564 4870
0.001565 4871
0.001566 4871
0.001567 4870
0.001568 4871
0.001569 4872
0.00157 4872
0.001571 4872
0.001572 4872
0.001573 4872
0.001574 4872
0.001575 4870
0.001576 4870
0.001577 4870
0.001578 4870
0.001579 4869
0.00158 4869
0.001581 4869
0.001582 4869
0.001583 4868
0.001584 4868
0.001585 4867
0.001586 4868
0.001587 4869
0.001588 4869
0.001589 4870
0.00159 4869
0.001591 4868
0.001592 4868
0.001593 4868
0.001594 4867
0.001595 4868
0.001596 4868
0.001597 4867
0.001598 4868
0.001599 4869
0.0016 4870
0.001601 4869
0.001602 4869
0.001603 4869
0.001604 4869
0.001605 4869
0.001606 4869
0.001607 4869
0.001608 4869
0.001609 4869
0.00161 4869
0.001611 4869
0.001612 4868
0.001613 4868
0.001614 4868
0.001615 4868
0.001616 4868
0.001617 4868
0.001618 4868
0.001619 4867
0.00162 4865
0.001621 4865
0.001622 4866
0.001623 4866
0.001624 4865
0.001625 4865
0.001626 4865
0.001627 4865
0.001628 4865
0.001629 4865
0.00163 4865
0.001631 4865
0.001632 4865
0.001633 4864
0.001634 4864
0.001635 4864
0.001636 4864
0.001637 4865
0.001638 4865
0.001639 4866
0.00164 4864
0.001641 4864
0.001642 4864
0.001643 4864
0.001644 4864
0.001645 4865
0.001646 4865
0.001647 4866
0.001648 4866
0.001649 4867
0.00165 4867
0.001651 4867
0.001652 4867
0.001653 4867
0.001654 4867
0.001655 4867
0.001656 4866
0.001657 4866
0.001658 4867
0.001659 4867
0.00166 4867
0.001661 4867
0.001662 4867
0.001663 4867
0.001664 4868
0.001665 4868
0.001666 4868
0.001667 4868
0.001668 4869
0.001669 4869
0.00167 4869
0.001671 4869
0.001672 4869
0.001673 4868
0.001674 4868
0.001675 4868
0.001676 4869
0.001677 4869
0.001678 4869
0.001679 4869
0.00168 4869
0.001681 4869
0.001682 4868
0.001683 4868
0.001684 4867
0.001685 4867
0.001686 4867
0.001687 4867
0.001688 4867
0.001689 4867
0.00169 4867
0.001691 4867
0.001692 4867
0.001693 4867
0.001694 4867
0.001695 4868
0.001696 4868
0.001697 4868
0.001698 4868
0.001699 4868
0.0017 4867
0.001701 4866
0.001702 4866
0.001703 4866
0.001704 4867
0.001705 4867
0.001706 4867
0.001707 4867
0.001708 4867
0.001709 4866
0.00171 4865
0.001711 4866
0.001712 4865
0.001713 4865
0.001714 4865
0.001715 4865
0.001716 4866
0.001717 4866
0.001718 4866
0.001719 4866
0.00172 4866
0.001721 4866
0.001722 4866
0.001723 4866
0.001724 4866
0.001725 4867
0.001726 4867
0.001727 4866
0.001728 4866
0.001729 4867
0.00173 4866
0.001731 4866
0.001732 4866
0.001733 4866
0.001734 4866
0.001735 4866
0.001736 4866
0.001737 4866
0.001738 4866
0.001739 4867
0.00174 4867
0.001741 4867
0.001742 4866
0.001743 4865
0.001744 4865
0.001745 4865
0.001746 4865
0.001747 4866
0.001748 4866
0.001749 4866
0.00175 4866
0.001751 4866
0.001752 4866
0.001753 4866
0.001754 4866
0.001755 4866
0.001756 4866
0.001757 4867
0.001758 4866
0.001759 4866
0.00176 4866
0.001761 4866
0.001762 4866
0.001763 4867
0.001764 4867
0.001765 4868
0.001766 4868
0.001767 4868
0.001768 4867
0.001769 4868
0.00177 4868
0.001771 4868
0.001772 4868
0.001773 4868
0.001774 4867
0.001775 4867
0.001776 4867
0.001777 4867
0.001778 4867
0.001779 4867
0.00178 4866
0.001781 4866
0.001782 4864
0.001783 4864
0.001784 4863
0.001785 4861
0.001786 4861
0.001787 4861
0.001788 4861
0.001789 4861
0.00179 4861
0.001791 4862
0.001792 4862
0.001793 4862
0.001794 4861
0.001795 4862
0.001796 4862
0.001797 4861
0.001798 4861
0.001799 4862
0.0018 4861
0.001801 4861
0.001802 4861
0.001803 4861
0.001804 4861
0.001805 4860
0.001806 4860
0.001807 4859
0.001808 4859
0.001809 4859
0.00181 4859
0.001811 4859
0.001812 4859
0.001813 4860
0.001814 4860
0.001815 4860
0.001816 4859
0.001817 4859
0.001818 4859
0.001819 4858
0.00182 4857
0.001821 4857
0.001822 4857
0.001823 4858
0.001824 4857
0.001825 4857
0.001826 4857
0.001827 4857
0.001828 4857
0.001829 4857
0.00183 4856
0.001831 4856
0.001832 4856
0.001833 4856
0.001834 4856
0.001835 4856
0.001836 4857
0.001837 4857
0.001838 4856
0.001839 4856
0.00184 4856
0.001841 4856
0.001842 4855
0.001843 4855
0.001844 4855
0.001845 4855
0.001846 4855
0.001847 4855
0.001848 4855
0.001849 4855
0.00185 4855
0.001851 4855
0.001852 4855
0.001853 4854
0.001854 4853
0.001855 4853
0.001856 4853
0.001857 4853
0.001858 4853
0.001859 4853
0.00186 4852
0.001861 4851
0.001862 4853
0.001863 4853
0.001864 4853
0.001865 4853
0.001866 4853
0.001867 4854
0.001868 4853
0.001869 4854
0.00187 4854
0.001871 4854
0.001872 4854
0.001873 4854
0.001874 4854
0.001875 4854
0.001876 4855
0.001877 4854
0.001878 4854
0.001879 4852
0.00188 4852
0.001881 4851
0.001882 4850
0.001883 4852
0.001884 4852
0.001885 4852
0.001886 4853
0.001887 4853
0.001888 4853
0.001889 4853
0.00189 4852
0.001891 4852
0.001892 4852
0.001893 4852
0.001894 4852
0.001895 4852
0.001896 4852
0.001897 4852
0.001898 4852
0.001899 4853
0.0019 4853
0.001901 4852
0.001902 4852
0.001903 4852
0.001904 4852
0.001905 4852
0.001906 4851
0.001907 4851
0.001908 4850
0.001909 4850
0.00191 4850
0.001911 4850
0.001912 4851
0.001913 4850
0.001914 4850
0.001915 4851
0.001916 4852
0.001917 4852
0.001918 4853
0.001919 4853
0.00192 4852
0.001921 4852
0.001922 4852
0.001923 4852
0.001924 4852
0.001925 4852
0.001926 4852
0.001927 4853
0.001928 4853
0.001929 4853
0.00193 4852
0.001931 4852
0.001932 4852
0.001933 4852
0.001934 4851
0.001935 4851
0.001936 4850
0.001937 4850
0.001938 4850
0.001939 4848
0.00194 4848
0.001941 4849
0.001942 4849
0.001943 4849
0.001944 4849
0.001945 4849
0.001946 4849
0.001947 4849
0.001948 4849
0.001949 4849
0.00195 4848
0.001951 4848
0.001952 4847
0.001953 4848
0.001954 4847
0.001955 4847
0.001956 4847
0.001957 4847
0.001958 4846
0.001959 4845
0.00196 4845
0.001961 4845
0.001962 4845
0.001963 4845
0.001964 4846
0.001965 4846
0.001966 4846
0.001967 4846
0.001968 4846
0.001969 4846
0.00197 4846
0.001971 4846
0.001972 4847
0.001973 4846
0.001974 4847
0.001975 4846
0.001976 4846
0.001977 4846
0.001978 4846
0.001979 4846
0.00198 4846
0.001981 4846
0.001982 4846
0.001983 4846
0.001984 4846
0.001985 4846
0.001986 4846
0.001987 4846
0.001988 4846
0.001989 4846
0.00199 4846
0.001991 4846
0.001992 4846
0.001993 4846
0.001994 4846
0.001995 4846
0.001996 4846
0.001997 4846
0.001998 4846
0.001999 4846
0.002 4845
0.002001 4845
0.002002 4844
0.002003 4845
0.002004 4845
0.002005 4845
0.002006 4846
0.002007 4846
0.002008 4846
0.002009 4847
0.00201 4847
0.002011 4847
0.002012 4847
0.002013 4847
0.002014 4846
0.002015 4845
0.002016 4844
0.002017 4842
0.002018 4842
0.002019 4843
0.00202 4843
0.002021 4843
0.002022 4843
0.002023 4843
0.002024 4843
0.002025 4843
0.002026 4843
0.002027 4844
0.002028 4844
0.002029 4844
0.00203 4843
0.002031 4843
0.002032 4843
0.002033 4843
0.002034 4843
0.002035 4843
0.002036 4843
0.002037 4844
0.002038 4844
0.002039 4844
0.00204 4844
0.002041 4844
0.002042 4844
0.002043 4843
0.002044 4844
0.002045 4844
0.002046 4843
0.002047 4843
0.002048 4843
0.002049 4843
0.00205 4843
0.002051 4843
0.002052 4843
0.002053 4843
0.002054 4844
0.002055 4844
0.002056 4843
0.002057 4843
0.002058 4843
0.002059 4843
0.00206 4843
0.002061 4843
0.002062 4843
0.002063 4843
0.002064 4844
0.002065 4844
0.002066 4844
0.002067 4845
0.002068 4845
0.002069 4846
0.00207 4846
0.002071 4846
0.002072 4846
0.002073 4846
0.002074 4845
0.002075 4845
0.002076 4845
0.002077 4845
0.002078 4844
0.002079 4844
0.00208 4844
0.002081 4844
0.002082 4845
0.002083 4846
0.002084 4847
0.002085 4847
0.002086 4847
0.002087 4847
0.002088 4847
0.002089 4847
0.00209 4847
0.002091 4847
0.002092 4847
0.002093 4848
0.002094 4848
0.002095 4848
0.002096 4848
0.002097 4848
0.002098 4848
0.002099 4849
0.0021 4849
0.002101 4849
0.002102 4851
0.002103 4851
0.002104 4851
0.002105 4851
0.002106 4851
0.002107 4852
0.002108 4852
0.002109 4850
0.00211 4850
0.002111 4850
0.002112 4850
0.002113 4849
0.002114 4849
0.002115 4849
0.002116 4849
0.002117 4849
0.002118 4851
0.002119 4851
0.00212 4851
0.002121 4851
0.002122 4851
0.002123 4851
0.002124 4850
0.002125 4850
0.002126 4850
0.002127 4850
0.002128 4850
0.002129 4849
0.00213 4850
0.002131 4849
0.002132 4850
0.002133 4850
0.002134 4849
0.002135 4849
0.002136 4849
0.002137 4848
0.002138 4847
0.002139 4847
0.00214 4847
0.002141 4847
0.002142 4847
0.002143 4847
0.002144 4848
0.002145 4848
0.002146 4848
0.002147 4848
0.002148 4848
0.002149 4849
0.00215 4848
0.002151 4848
0.002152 4849
0.002153 4849
0.002154 4849
0.002155 4849
0.002156 4849
0.002157 4849
0.002158 4849
0.002159 4849
0.00216 4850
0.002161 4850
0.002162 4850
0.002163 4850
0.002164 4851
0.002165 4851
0.002166 4851
0.002167 4851
0.002168 4851
0.002169 4851
0.00217 4851
0.002171 4851
0.002172 4851
0.002173 4851
0.002174 4851
0.002175 4851
0.002176 4851
0.002177 4850
0.002178 4850
0.002179 4850
0.00218 4849
0.002181 4849
0.002182 4849
0.002183 4849
0.002184 4849
0.002185 4849
0.002186 4849
0.002187 4849
0.002188 4849
0.002189 4849
0.00219 4849
0.002191 4849
0.002192 4850
0.002193 4850
0.002194 4850
0.002195 4850
0.002196 4850
0.002197 4850
0.002198 4851
0.002199 4851
0.0022 4851
0.002201 4851
0.002202 4851
0.002203 4851
0.002204 4851
0.002205 4850
0.002206 4850
0.002207 4850
0.002208 4851
0.002209 4850
0.00221 4850
0.002211 4850
0.002212 4850
0.002213 4850
0.002214 4850
0.002215 4849
0.002216 4849
0.002217 4849
0.002218 4848
0.002219 4848
0.00222 4848
0.002221 4849
0.002222 4849
0.002223 4848
0.002224 4848
0.002225 4848
0.002226 4848
0.002227 4848
0.002228 4848
0.002229 4848
0.00223 4847
0.002231 4847
0.002232 4847
0.002233 4847
0.002234 4848
0.002235 4848
0.002236 4848
0.002237 4849
0.002238 4848
0.002239 4848
0.00224 4848
0.002241 4849
0.002242 4849
0.002243 4849
0.002244 4848
0.002245 4848
0.002246 4848
0.002247 4848
0.002248 4848
0.002249 4848
0.00225 4848
0.002251 4848
0.002252 4849
0.002253 4849
0.002254 4849
0.002255 4849
0.002256 4849
0.002257 4849
0.002258 4849
0.002259 4848
0.00226 4848
0.002261 4849
0.002262 4849
0.002263 4849
0.002264 4849
0.002265 4849
0.002266 4849
0.002267 4849
0.002268 4849
0.002269 4849
0.00227 4850
0.002271 4850
0.002272 4850
0.002273 4850
0.002274 4849
0.002275 4849
0.002276 4848
0.002277 4848
0.002278 4848
0.002279 4849
0.00228 4849
0.002281 4849
0.002282 4849
0.002283 4849
0.002284 4850
0.002285 4850
0.002286 4851
0.002287 4850
0.002288 4850
0.002289 4850
0.00229 4850
0.002291 4852
0.002292 4852
0.002293 4852
0.002294 4852
0.002295 4852
0.002296 4852
0.002297 4852
0.002298 4852
0.002299 4852
0.0023 4852
0.002301 4852
0.002302 4851
0.002303 4851
0.002304 4851
0.002305 4851
0.002306 4851
0.002307 4851
0.002308 4851
0.002309 4851
0.00231 4852
0.002311 4852
0.002312 4852
0.002313 4852
0.002314 4851
0.002315 4851
0.002316 4851
0.002317 4851
0.002318 4851
0.002319 4851
0.00232 4851
0.002321 4851
0.002322 4849
0.002323 4848
0.002324 4848
0.002325 4849
0.002326 4849
0.002327 4850
0.002328 4850
0.002329 4850
0.00233 4850
0.002331 4849
0.002332 4849
0.002333 4849
0.002334 4849
0.002335 4848
0.002336 4849
0.002337 4850
0.002338 4850
0.002339 4850
0.00234 4850
0.002341 4850
0.002342 4851
0.002343 4851
0.002344 4851
0.002345 4850
0.002346 4851
0.002347 4852
0.002348 4852
0.002349 4852
0.00235 4852
0.002351 4852
0.002352 4852
0.002353 4852
0.002354 4851
0.002355 4852
0.002356 4852
0.002357 4851
0.002358 4851
0.002359 4851
0.00236 4852
0.002361 4852
0.002362 4852
0.002363 4852
0.002364 4850
0.002365 4850
0.002366 4852
0.002367 4852
0.002368 4852
0.002369 4853
0.00237 4853
0.002371 4852
0.002372 4852
0.002373 4852
0.002374 4852
0.002375 4852
0.002376 4852
0.002377 4851
0.002378 4851
0.002379 4850
0.00238 4850
0.002381 4850
0.002382 4850
0.002383 4850
0.002384 4850
0.002385 4850
0.002386 4850
0.002387 4850
0.002388 4850
0.002389 4849
0.00239 4849
0.002391 4849
0.002392 4849
0.002393 4849
0.002394 4849
0.002395 4849
0.002396 4850
0.002397 4850
0.002398 4850
0.002399 4850
0.0024 4850
0.002401 4849
0.002402 4850
0.002403 4850
0.002404 4850
0.002405 4850
0.002406 4850
0.002407 4849
0.002408 4849
0.002409 4850
0.00241 4851
0.002411 4851
0.002412 4851
0.002413 4851
0.002414 4851
0.002415 4850
0.002416 4850
0.002417 4850
0.002418 4850
0.002419 4851
0.00242 4851
0.002421 4850
0.002422 4851
0.002423 4850
0.002424 4850
0.002425 4850
0.002426 4851
0.002427 4851
0.002428 4851
0.002429 4851
0.00243 4851
0.002431 4851
0.002432 4851
0.002433 4851
0.002434 4852
0.002435 4852
0.002436 4853
0.002437 4853
0.002438 4853
0.002439 4853
0.00244 4854
0.002441 4856
0.002442 4856
0.002443 4856
0.002444 4856
0.002445 4856
0.002446 4856
0.002447 4856
0.002448 4856
0.002449 4856
0.00245 4856
0.002451 4856
0.002452 4856
0.002453 4855
0.002454 4856
0.002455 4856
0.002456 4856
0.002457 4856
0.002458 4857
0.002459 4858
0.00246 4858
0.002461 4858
0.002462 4858
0.002463 4859
0.002464 4858
0.002465 4858
0.002466 4859
0.002467 4859
0.002468 4860
0.002469 4859
0.00247 4859
0.002471 4858
0.002472 4858
0.002473 4857
0.002474 4856
0.002475 4856
0.002476 4856
0.002477 4856
0.002478 4856
0.002479 4855
0.00248 4855
0.002481 4856
0.002482 4856
0.002483 4856
0.002484 4856
0.002485 4856
0.002486 4857
0.002487 4857
0.002488 4857
0.002489 4857
0.00249 4857
0.002491 4857
0.002492 4857
0.002493 4857
0.002494 4857
0.002495 4857
0.002496 4857
0.002497 4857
0.002498 4857
0.002499 4857
0.0025 4857
0.002501 4858
0.002502 4858
0.002503 4858
0.002504 4858
0.002505 4858
0.002506 4858
0.002507 4858
0.002508 4858
0.002509 4858
0.00251 4858
0.002511 4858
0.002512 4859
0.002513 4859
0.002514 4859
0.002515 4859
0.002516 4859
0.002517 4858
0.002518 4858
0.002519 4857
0.00252 4857
0.002521 4856
0.002522 4856
0.002523 4856
0.002524 4857
0.002525 4856
0.002526 4857
0.002527 4857
0.002528 4857
0.002529 4856
0.00253 4856
0.002531 4856
0.002532 4855
0.002533 4854
0.002534 4853
0.002535 4852
0.002536 4852
0.002537 4852
0.002538 4852
0.002539 4852
0.00254 4852
0.002541 4852
0.002542 4851
0.002543 4851
0.002544 4851
0.002545 4851
0.002546 4851
0.002547 4851
0.002548 4852
0.002549 4852
0.00255 4852
0.002551 4852
0.002552 4852
0.002553 4852
0.002554 4852
0.002555 4852
0.002556 4852
0.002557 4852
0.002558 4852
0.002559 4851
0.00256 4850
0.002561 4850
0.002562 4850
0.002563 4850
0.002564 4850
0.002565 4850
0.002566 4851
0.002567 4852
0.002568 4852
0.002569 4852
0.00257 4852
0.002571 4852
0.002572 4853
0.002573 4853
0.002574 4853
0.002575 4853
0.002576 4853
0.002577 4853
0.002578 4853
0.002579 4853
0.00258 4854
0.002581 4854
0.002582 4854
0.002583 4854
0.002584 4855
0.002585 4855
0.002586 4855
0.002587 4855
0.002588 4855
0.002589 4854
0.00259 4854
0.002591 4854
0.002592 4854
0.002593 4854
0.002594 4854
0.002595 4854
0.002596 4854
0.002597 4854
0.002598 4854
0.002599 4854
0.0026 4855
0.002601 4855
0.002602 4855
0.002603 4855
0.002604 4856
0.002605 4855
0.002606 4856
0.002607 4856
0.002608 4856
0.002609 4856
0.00261 4857
0.002611 4856
0.002612 4856
0.002613 4855
0.002614 4855
0.002615 4855
0.002616 4855
0.002617 4856
0.002618 4856
0.002619 4856
0.00262 4856
0.002621 4856
0.002622 4857
0.002623 4857
0.002624 4857
0.002625 4856
0.002626 4856
0.002627 4856
0.002628 4856
0.002629 4856
0.00263 4856
0.002631 4856
0.002632 4856
0.002633 4855
0.002634 4855
0.002635 4855
0.002636 4855
0.002637 4855
0.002638 4855
0.002639 4855
0.00264 4855
0.002641 4855
0.002642 4855
0.002643 4855
0.002644 4854
0.002645 4854
0.002646 4854
0.002647 4854
0.002648 4853
0.002649 4853
0.00265 4853
0.002651 4853
0.002652 4853
0.002653 4853
0.002654 4853
0.002655 4853
0.002656 4853
0.002657 4854
0.002658 4854
0.002659 4854
0.00266 4854
0.002661 4854
0.002662 4854
0.002663 4855
0.002664 4855
0.002665 4854
0.002666 4854
0.002667 4854
0.002668 4854
0.002669 4854
0.00267 4854
0.002671 4854
0.002672 4854
0.002673 4854
0.002674 4854
0.002675 4854
0.002676 4854
0.002677 4854
0.002678 4854
0.002679 4854
0.00268 4854
0.002681 4852
0.002682 4852
0.002683 4851
0.002684 4850
0.002685 4851
0.002686 4852
0.002687 4852
0.002688 4852
0.002689 4853
0.00269 4852
0.002691 4853
0.002692 4853
0.002693 4853
0.002694 4854
0.002695 4854
0.002696 4854
0.002697 4854
0.002698 4854
0.002699 4854
0.0027 4855
0.002701 4855
0.002702 4855
0.002703 4856
0.002704 4856
0.002705 4856
0.002706 4856
0.002707 4856
0.002708 4856
0.002709 4855
0.00271 4856
0.002711 4856
0.002712 4857
0.002713 4857
0.002714 4857
0.002715 4857
0.002716 4856
0.002717 4856
0.002718 4855
0.002719 4855
0.00272 4856
0.002721 4857
0.002722 4857
0.002723 4857
0.002724 4857
0.002725 4857
0.002726 4857
0.002727 4857
0.002728 4857
0.002729 4857
0.00273 4857
0.002731 4857
0.002732 4857
0.002733 4857
0.002734 4857
0.002735 4857
0.002736 4857
0.002737 4858
0.002738 4858
0.002739 4858
0.00274 4858
0.002741 4858
0.002742 4858
0.002743 4858
0.002744 4858
0.002745 4860
0.002746 4859
0.002747 4859
0.002748 4859
0.002749 4859
0.00275 4859
0.002751 4859
0.002752 4859
0.002753 4859
0.002754 4859
0.002755 4858
0.002756 4859
0.002757 4860
0.002758 4860
0.002759 4860
0.00276 4860
0.002761 4861
0.002762 4861
0.002763 4862
0.002764 4862
0.002765 4862
0.002766 4862
0.002767 4862
0.002768 4862
0.002769 4862
0.00277 4862
0.002771 4862
0.002772 4862
0.002773 4861
0.002774 4862
0.002775 4863
0.002776 4863
0.002777 4863
0.002778 4863
0.002779 4863
0.00278 4862
0.002781 4861
0.002782 4861
0.002783 4861
0.002784 4861
0.002785 4860
0.002786 4860
0.002787 4860
0.002788 4861
0.002789 4861
0.00279 4861
0.002791 4861
0.002792 4861
0.002793 4861
0.002794 4861
0.002795 4861
0.002796 4861
0.002797 4861
0.002798 4862
0.002799 4861
0.0028 4861
0.002801 4861
0.002802 4861
0.002803 4861
0.002804 4860
0.002805 4860
0.002806 4860
0.002807 4860
0.002808 4860
0.002809 4860
0.00281 4860
0.002811 4860
0.002812 4860
0.002813 4860
0.002814 4859
0.002815 4859
0.002816 4859
0.002817 4858
0.002818 4860
0.002819 4860
0.00282 4861
0.002821 4861
0.002822 4861
0.002823 4861
0.002824 4861
0.002825 4860
0.002826 4860
0.002827 4860
0.002828 4861
0.002829 4861
0.00283 4860
0.002831 4860
0.002832 4860
0.002833 4860
0.002834 4860
0.002835 4860
0.002836 4860
0.002837 4861
0.002838 4861
0.002839 4861
0.00284 4861
0.002841 4861
0.002842 4861
0.002843 4861
0.002844 4860
0.002845 4859
0.002846 4859
0.002847 4858
0.002848 4858
0.002849 4858
0.00285 4858
0.002851 4858
0.002852 4858
0.002853 4858
0.002854 4858
0.002855 4858
0.002856 4858
0.002857 4858
0.002858 4858
0.002859 4858
0.00286 4858
0.002861 4858
0.002862 4858
0.002863 4858
0.002864 4858
0.002865 4858
0.002866 4858
0.002867 4858
0.002868 4858
0.002869 4859
0.00287 4859
0.002871 4859
0.002872 4859
0.002873 4859
0.002874 4860
0.002875 4861
0.002876 4861
0.002877 4861
0.002878 4861
0.002879 4861
0.00288 4862
0.002881 4862
0.002882 4862
0.002883 4862
0.002884 4862
0.002885 4862
0.002886 4862
0.002887 4862
0.002888 4862
0.002889 4861
0.00289 4862
0.002891 4862
0.002892 4862
0.002893 4862
0.002894 4862
0.002895 4861
0.002896 4861
0.002897 4861
0.002898 4861
0.002899 4861
0.0029 4861
0.002901 4861
0.002902 4861
0.002903 4861
0.002904 4862
0.002905 4862
0.002906 4862
0.002907 4862
0.002908 4864
0.002909 4865
0.00291 4866
0.002911 4866
0.002912 4866
0.002913 4866
0.002914 4866
0.002915 4866
0.002916 4867
0.002917 4867
0.002918 4869
0.002919 4870
0.00292 4870
0.002921 4870
0.002922 4870
0.002923 4870
0.002924 4871
0.002925 4871
0.002926 4871
0.002927 4870
0.002928 4871
0.002929 4871
0.00293 4871
0.002931 4871
0.002932 4871
0.002933 4870
0.002934 4870
0.002935 4870
0.002936 4870
0.002937 4871
0.002938 4871
0.002939 4871
0.00294 4871
0.002941 4872
0.002942 4872
0.002943 4871
0.002944 4871
0.002945 4871
0.002946 4871
0.002947 4870
0.002948 4870
0.002949 4869
0.00295 4869
0.002951 4869
0.002952 4869
0.002953 4869
0.002954 4870
0.002955 4871
0.002956 4871
0.002957 4871
0.002958 4871
0.002959 4871
0.00296 4871
0.002961 4872
0.002962 4872
0.002963 4872
0.002964 4872
0.002965 4873
0.002966 4873
0.002967 4873
0.002968 4873
0.002969 4873
0.00297 4873
0.002971 4873
0.002972 4873
0.002973 4872
0.002974 4873
0.002975 4873
0.002976 4873
0.002977 4873
0.002978 4874
0.002979 4874
0.00298 4874
0.002981 4874
0.002982 4875
0.002983 4875
0.002984 4874
0.002985 4874
0.002986 4873
0.002987 4873
0.002988 4873
0.002989 4873
0.00299 4873
0.002991 4873
0.002992 4873
0.002993 4873
0.002994 4873
0.002995 4873
0.002996 4874
0.002997 4876
0.002998 4877
0.002999 4877
0.003 4877
0.003001 4877
0.003002 4877
0.003003 4877
0.003004 4876
0.003005 4876
0.003006 4876
0.003007 4876
0.003008 4876
0.003009 4876
0.00301 4877
0.003011 4877
0.003012 4877
0.003013 4877
0.003014 4876
0.003015 4876
0.003016 4876
0.003017 4877
0.003018 4877
0.003019 4877
0.00302 4877
0.003021 4877
0.003022 4878
0.003023 4879
0.003024 4879
0.003025 4879
0.003026 4879
0.003027 4879
0.003028 4879
0.003029 4879
0.00303 4879
0.003031 4878
0.003032 4878
0.003033 4878
0.003034 4878
0.003035 4878
0.003036 4880
0.003037 4879
0.003038 4880
0.003039 4880
0.00304 4880
0.003041 4880
0.003042 4881
0.003043 4879
0.003044 4880
0.003045 4880
0.003046 4880
0.003047 4880
0.003048 4881
0.003049 4881
0.00305 4881
0.003051 4881
0.003052 4881
0.003053 4882
0.003054 4884
0.003055 4883
0.003056 4883
0.003057 4883
0.003058 4884
0.003059 4883
0.00306 4883
0.003061 4881
0.003062 4881
0.003063 4881
0.003064 4881
0.003065 4881
0.003066 4880
0.003067 4880
0.003068 4880
0.003069 4880
0.00307 4880
0.003071 4880
0.003072 4880
0.003073 4879
0.003074 4879
0.003075 4879
0.003076 4879
0.003077 4879
0.003078 4879
0.003079 4879
0.00308 4878
0.003081 4877
0.003082 4877
0.003083 4877
0.003084 4876
0.003085 4876
0.003086 4876
0.003087 4876
0.003088 4875
0.003089 4876
0.00309 4875
0.003091 4875
0.003092 4875
0.003093 4875
0.003094 4875
0.003095 4875
0.003096 4875
0.003097 4875
0.003098 4875
0.003099 4875
0.0031 4875
0.003101 4875
0.003102 4875
0.003103 4877
0.003104 4877
0.003105 4878
0.003106 4878
0.003107 4877
0.003108 4877
0.003109 4877
0.00311 4877
0.003111 4877
0.003112 4877
0.003113 4877
0.003114 4878
0.003115 4878
0.003116 4877
0.003117 4877
0.003118 4877
0.003119 4877
0.00312 4877
0.003121 4878
0.003122 4878
0.003123 4878
0.003124 4878
0.003125 4878
0.003126 4879
0.003127 4878
0.003128 4878
0.003129 4878
0.00313 4879
0.003131 4880
0.003132 4880
0.003133 4879
0.003134 4879
0.003135 4879
0.003136 4879
0.003137 4879
0.003138 4879
0.003139 4880
0.00314 4881
0.003141 4880
0.003142 4880
0.003143 4880
0.003144 4881
0.003145 4881
0.003146 4880
0.003147 4880
0.003148 4879
0.003149 4879
0.00315 4878
0.003151 4878
0.003152 4878
0.003153 4878
0.003154 4878
0.003155 4878
0.003156 4878
0.003157 4878
0.003158 4878
0.003159 4879
0.00316 4879
0.003161 4879
0.003162 4878
0.003163 4877
0.003164 4877
0.003165 4877
0.003166 4877
0.003167 4876
0.003168 4877
0.003169 4877
0.00317 4877
0.003171 4877
0.003172 4877
0.003173 4877
0.003174 4877
0.003175 4877
0.003176 4877
0.003177 4877
0.003178 4877
0.003179 4877
0.00318 4878
0.003181 4878
0.003182 4877
0.003183 4877
0.003184 4877
0.003185 4878
0.003186 4878
0.003187 4877
0.003188 4877
0.003189 4878
0.00319 4878
0.003191 4878
0.003192 4878
0.003193 4879
0.003194 4880
0.003195 4880
0.003196 4880
0.003197 4880
0.003198 4879
0.003199 4879
0.0032 4879
0.003201 4879
0.003202 4878
0.003203 4878
0.003204 4878
0.003205 4878
0.003206 4878
0.003207 4878
0.003208 4878
0.003209 4878
0.00321 4879
0.003211 4879
0.003212 4879
0.003213 4879
0.003214 4879
0.003215 4879
0.003216 4879
0.003217 4879
0.003218 4879
0.003219 4878
0.00322 4872
0.003221 4872
0.003222 4871
0.003223 4871
0.003224 4871
0.003225 4871
0.003226 4871
0.003227 4871
0.003228 4871
0.003229 4871
0.00323 4871
0.003231 4871
0.003232 4871
0.003233 4871
0.003234 4871
0.003235 4871
0.003236 4871
0.003237 4871
0.003238 4871
0.003239 4872
0.00324 4872
0.003241 4872
0.003242 4872
0.003243 4872
0.003244 4872
0.003245 4870
0.003246 4870
0.003247 4870
0.003248 4870
0.003249 4869
0.00325 4870
0.003251 4870
0.003252 4871
0.003253 4871
0.003254 4869
0.003255 4869
0.003256 4868
0.003257 4868
0.003258 4868
0.003259 4868
0.00326 4868
0.003261 4868
0.003262 4868
0.003263 4868
0.003264 4869
0.003265 4869
0.003266 4869
0.003267 4869
0.003268 4867
0.003269 4867
0.00327 4867
0.003271 4867
0.003272 4867
0.003273 4867
0.003274 4867
0.003275 4866
0.003276 4867
0.003277 4867
0.003278 4867
0.003279 4867
0.00328 4866
0.003281 4865
0.003282 4865
0.003283 4866
0.003284 4866
0.003285 4866
0.003286 4867
0.003287 4867
0.003288 4867
0.003289 4867
0.00329 4866
0.003291 4866
0.003292 4866
0.003293 4866
0.003294 4866
0.003295 4865
0.003296 4867
0.003297 4867
0.003298 4867
0.003299 4867
0.0033 4867
0.003301 4867
0.003302 4867
0.003303 4867
0.003304 4868
0.003305 4868
0.003306 4868
0.003307 4869
0.003308 4869
0.003309 4869
0.00331 4869
0.003311 4869
0.003312 4869
0.003313 4869
0.003314 4869
0.003315 4869
0.003316 4869
0.003317 4870
0.003318 4870
0.003319 4869
0.00332 4870
0.003321 4869
0.003322 4869
0.003323 4869
0.003324 4869
0.003325 4869
0.003326 4869
0.003327 4869
0.003328 4869
0.003329 4869
0.00333 4869
0.003331 4868
0.003332 4869
0.003333 4869
0.003334 4869
0.003335 4869
0.003336 4869
0.003337 4870
0.003338 4870
0.003339 4870
0.00334 4870
0.003341 4870
0.003342 4870
0.003343 4869
0.003344 4868
0.003345 4868
0.003346 4868
0.003347 4868
0.003348 4868
0.003349 4868
0.00335 4868
0.003351 4868
0.003352 4868
0.003353 4868
0.003354 4867
0.003355 4868
0.003356 4868
0.003357 4867
0.003358 4867
0.003359 4867
0.00336 4868
0.003361 4868
0.003362 4867
0.003363 4867
0.003364 4867
0.003365 4867
0.003366 4867
0.003367 4867
0.003368 4867
0.003369 4865
0.00337 4865
0.003371 4865
0.003372 4865
0.003373 4865
0.003374 4867
0.003375 4867
0.003376 4867
0.003377 4867
0.003378 4867
0.003379 4868
0.00338 4868
0.003381 4868
0.003382 4868
0.003383 4868
0.003384 4866
0.003385 4867
0.003386 4867
0.003387 4867
0.003388 4867
0.003389 4867
0.00339 4867
0.003391 4867
0.003392 4868
0.003393 4868
0.003394 4868
0.003395 4868
0.003396 4868
0.003397 4869
0.003398 4870
0.003399 4869
0.0034 4869
0.003401 4869
0.003402 4869
0.003403 4869
0.003404 4869
0.003405 4869
0.003406 4869
0.003407 4869
0.003408 4869
0.003409 4868
0.00341 4867
0.003411 4867
0.003412 4867
0.003413 4867
0.003414 4867
0.003415 4868
0.003416 4868
0.003417 4868
0.003418 4868
0.003419 4867
0.00342 4867
0.003421 4866
0.003422 4866
0.003423 4865
0.003424 4866
0.003425 4866
0.003426 4865
0.003427 4865
0.003428 4866
0.003429 4867
0.00343 4867
0.003431 4867
0.003432 4867
0.003433 4867
0.003434 4867
0.003435 4867
0.003436 4867
0.003437 4867
0.003438 4869
0.003439 4870
0.00344 4871
0.003441 4871
0.003442 4872
0.003443 4872
0.003444 4873
0.003445 4873
0.003446 4872
0.003447 4871
0.003448 4871
0.003449 4871
0.00345 4871
0.003451 4871
0.003452 4871
0.003453 4871
0.003454 4871
0.003455 4872
0.003456 4872
0.003457 4871
0.003458 4872
0.003459 4872
0.00346 4872
0.003461 4872
0.003462 4872
0.003463 4872
0.003464 4872
0.003465 4872
0.003466 4872
0.003467 4872
0.003468 4873
0.003469 4874
0.00347 4874
0.003471 4874
0.003472 4874
0.003473 4873
0.003474 4873
0.003475 4873
0.003476 4873
0.003477 4873
0.003478 4873
0.003479 4872
0.00348 4872
0.003481 4872
0.003482 4872
0.003483 4872
0.003484 4872
0.003485 4873
0.003486 4873
0.003487 4874
0.003488 4875
0.003489 4874
0.00349 4874
0.003491 4875
0.003492 4875
0.003493 4874
0.003494 4874
0.003495 4874
0.003496 4874
0.003497 4874
0.003498 4873
0.003499 4873
0.0035 4873
0.003501 4873
0.003502 4874
0.003503 4874
0.003504 4874
0.003505 4874
0.003506 4874
0.003507 4874
0.003508 4874
0.003509 4875
0.00351 4876
0.003511 4877
0.003512 4877
0.003513 4877
0.003514 4877
0.003515 4877
0.003516 4878
0.003517 4878
0.003518 4878
0.003519 4878
0.00352 4879
0.003521 4879
0.003522 4879
0.003523 4878
0.003524 4878
0.003525 4877
0.003526 4877
0.003527 4879
0.003528 4879
0.003529 4879
0.00353 4879
0.003531 4879
0.003532 4879
0.003533 4879
0.003534 4879
0.003535 4879
0.003536 4879
0.003537 4879
0.003538 4879
0.003539 4879
0.00354 4879
0.003541 4879
0.003542 4879
0.003543 4879
0.003544 4879
0.003545 4879
0.003546 4877
0.003547 4877
0.003548 4878
0.003549 4878
0.00355 4878
0.003551 4879
0.003552 4879
0.003553 4879
0.003554 4879
0.003555 4878
0.003556 4878
0.003557 4878
0.003558 4878
0.003559 4878
0.00356 4878
0.003561 4879
0.003562 4879
0.003563 4879
0.003564 4878
0.003565 4879
0.003566 4879
0.003567 4879
0.003568 4879
0.003569 4879
0.00357 4879
0.003571 4879
0.003572 4879
0.003573 4879
0.003574 4879
0.003575 4879
0.003576 4880
0.003577 4880
0.003578 4879
0.003579 4879
0.00358 4879
0.003581 4879
0.003582 4879
0.003583 4879
0.003584 4879
0.003585 4879
0.003586 4879
0.003587 4879
0.003588 4878
0.003589 4878
0.00359 4878
0.003591 4880
0.003592 4882
0.003593 4882
0.003594 4882
0.003595 4882
0.003596 4882
0.003597 4883
0.003598 4883
0.003599 4882
0.0036 4882
0.003601 4882
0.003602 4883
0.003603 4883
0.003604 4883
0.003605 4883
0.003606 4883
0.003607 4883
0.003608 4882
0.003609 4882
0.00361 4882
0.003611 4882
0.003612 4882
0.003613 4882
0.003614 4882
0.003615 4882
0.003616 4882
0.003617 4882
0.003618 4883
0.003619 4883
0.00362 4882
0.003621 4881
0.003622 4881
0.003623 4881
0.003624 4881
0.003625 4881
0.003626 4881
0.003627 4880
0.003628 4880
0.003629 4880
0.00363 4879
0.003631 4878
0.003632 4878
0.003633 4878
0.003634 4880
0.003635 4879
0.003636 4879
0.003637 4879
0.003638 4879
0.003639 4880
0.00364 4880
0.003641 4880
0.003642 4880
0.003643 4880
0.003644 4880
0.003645 4879
0.003646 4878
0.003647 4877
0.003648 4877
0.003649 4877
0.00365 4877
0.003651 4877
0.003652 4878
0.003653 4878
0.003654 4878
0.003655 4878
0.003656 4878
0.003657 4878
0.003658 4877
0.003659 4877
0.00366 4877
0.003661 4877
0.003662 4876
0.003663 4876
0.003664 4876
0.003665 4876
0.003666 4876
0.003667 4876
0.003668 4876
0.003669 4877
0.00367 4878
0.003671 4877
0.003672 4876
0.003673 4876
0.003674 4876
0.003675 4876
0.003676 4875
0.003677 4875
0.003678 4875
0.003679 4875
0.00368 4875
0.003681 4874
0.003682 4874
0.003683 4874
0.003684 4875
0.003685 4875
0.003686 4875
0.003687 4875
0.003688 4875
0.003689 4875
0.00369 4875
0.003691 4875
0.003692 4875
0.003693 4875
0.003694 4874
0.003695 4874
0.003696 4874
0.003697 4874
0.003698 4874
0.003699 4875
0.0037 4874
0.003701 4874
0.003702 4874
0.003703 4874
0.003704 4874
0.003705 4874
0.003706 4874
0.003707 4874
0.003708 4873
0.003709 4872
0.00371 4871
0.003711 4872
0.003712 4872
0.003713 4873
0.003714 4872
0.003715 4872
0.003716 4871
0.003717 4871
0.003718 4871
0.003719 4871
0.00372 4871
0.003721 4871
0.003722 4870
0.003723 4870
0.003724 4870
0.003725 4870
0.003726 4871
0.003727 4872
0.003728 4872
0.003729 4871
0.00373 4871
0.003731 4872
0.003732 4872
0.003733 4872
0.003734 4872
0.003735 4872
0.003736 4873
0.003737 4873
0.003738 4874
0.003739 4874
0.00374 4874
0.003741 4874
0.003742 4874
0.003743 4875
0.003744 4875
0.003745 4875
0.003746 4875
0.003747 4875
0.003748 4875
0.003749 4876
0.00375 4876
0.003751 4876
0.003752 4875
0.003753 4875
0.003754 4875
0.003755 4875
0.003756 4876
0.003757 4876
0.003758 4876
0.003759 4877
0.00376 4877
0.003761 4877
0.003762 4877
0.003763 4877
0.003764 4877
0.003765 4877
0.003766 4877
0.003767 4877
0.003768 4876
0.003769 4876
0.00377 4878
0.003771 4878
0.003772 4878
0.003773 4878
0.003774 4878
0.003775 4878
0.003776 4878
0.003777 4878
0.003778 4878
0.003779 4878
0.00378 4878
0.003781 4878
0.003782 4878
0.003783 4878
0.003784 4878
0.003785 4878
0.003786 4877
0.003787 4878
0.003788 4877
0.003789 4876
0.00379 4876
0.003791 4877
0.003792 4877
0.003793 4876
0.003794 4876
0.003795 4876
0.003796 4877
0.003797 4877
0.003798 4877
0.003799 4877
0.0038 4877
0.003801 4878
0.003802 4878
0.003803 4878
0.003804 4878
0.003805 4879
0.003806 4879
0.003807 4879
0.003808 4879
0.003809 4879
0.00381 4880
0.003811 4880
0.003812 4881
0.003813 4881
0.003814 4881
0.003815 4881
0.003816 4880
0.003817 4880
0.003818 4879
0.003819 4879
0.00382 4879
0.003821 4879
0.003822 4880
0.003823 4880
0.003824 4880
0.003825 4880
0.003826 4880
0.003827 4880
0.003828 4881
0.003829 4881
0.00383 4881
0.003831 4881
0.003832 4881
0.003833 4881
0.003834 4881
0.003835 4881
0.003836 4881
0.003837 4882
0.003838 4882
0.003839 4882
0.00384 4882
0.003841 4882
0.003842 4882
0.003843 4882
0.003844 4882
0.003845 4883
0.003846 4883
0.003847 4883
0.003848 4883
0.003849 4883
0.00385 4883
0.003851 4883
0.003852 4882
0.003853 4882
0.003854 4882
0.003855 4882
0.003856 4881
0.003857 4882
0.003858 4881
0.003859 4881
0.00386 4881
0.003861 4881
0.003862 4881
0.003863 4881
0.003864 4881
0.003865 4881
0.003866 4880
0.003867 4880
0.003868 4880
0.003869 4880
0.00387 4880
0.003871 4881
0.003872 4881
0.003873 4882
0.003874 4882
0.003875 4882
0.003876 4882
0.003877 4883
0.003878 4883
0.003879 4883
0.00388 4883
0.003881 4883
0.003882 4883
0.003883 4883
0.003884 4883
0.003885 4884
0.003886 4884
0.003887 4884
0.003888 4884
0.003889 4884
0.00389 4884
0.003891 4884
0.003892 4885
0.003893 4885
0.003894 4885
0.003895 4885
0.003896 4885
0.003897 4885
0.003898 4884
0.003899 4883
0.0039 4883
0.003901 4883
0.003902 4883
0.003903 4882
0.003904 4881
0.003905 4881
0.003906 4881
0.003907 4881
0.003908 4882
0.003909 4882
0.00391 4882
0.003911 4882
0.003912 4882
0.003913 4882
0.003914 4882
0.003915 4882
0.003916 4881
0.003917 4881
0.003918 4881
0.003919 4881
0.00392 4882
0.003921 4883
0.003922 4882
0.003923 4881
0.003924 4881
0.003925 4882
0.003926 4882
0.003927 4882
0.003928 4882
0.003929 4882
0.00393 4881
0.003931 4881
0.003932 4881
0.003933 4882
0.003934 4882
0.003935 4882
0.003936 4882
0.003937 4882
0.003938 4881
0.003939 4881
0.00394 4881
0.003941 4881
0.003942 4882
0.003943 4883
0.003944 4883
0.003945 4883
0.003946 4883
0.003947 4883
0.003948 4883
0.003949 4883
0.00395 4883
0.003951 4883
0.003952 4882
0.003953 4882
0.003954 4881
0.003955 4880
0.003956 4880
0.003957 4880
0.003958 4880
0.003959 4879
0.00396 4879
0.003961 4879
0.003962 4879
0.003963 4879
0.003964 4879
0.003965 4879
0.003966 4879
0.003967 4880
0.003968 4880
0.003969 4880
0.00397 4880
0.003971 4880
0.003972 4880
0.003973 4880
0.003974 4880
0.003975 4880
0.003976 4880
0.003977 4880
0.003978 4880
0.003979 4880
0.00398 4880
0.003981 4880
0.003982 4880
0.003983 4880
0.003984 4880
0.003985 4880
0.003986 4880
0.003987 4881
0.003988 4881
0.003989 4881
0.00399 4881
0.003991 4882
0.003992 4882
0.003993 4882
0.003994 4883
0.003995 4884
0.003996 4884
0.003997 4884
0.003998 4885
0.003999 4886
0.004 4886
0.004001 4886
0.004002 4886
0.004003 4887
0.004004 4887
0.004005 4887
0.004006 4887
0.004007 4887
0.004008 4887
0.004009 4887
0.00401 4887
0.004011 4888
0.004012 4888
0.004013 4888
0.004014 4888
0.004015 4888
0.004016 4888
0.004017 4886
0.004018 4885
0.004019 4885
0.00402 4885
0.004021 4885
0.004022 4885
0.004023 4885
0.004024 4885
0.004025 4885
0.004026 4884
0.004027 4884
0.004028 4884
0.004029 4884
0.00403 4883
0.004031 4883
0.004032 4883
0.004033 4883
0.004034 4883
0.004035 4882
0.004036 4882
0.004037 4882
0.004038 4882
0.004039 4882
0.00404 4882
0.004041 4881
0.004042 4881
0.004043 4882
0.004044 4881
0.004045 4881
0.004046 4880
0.004047 4880
0.004048 4880
0.004049 4880
0.00405 4880
0.004051 4879
0.004052 4879
0.004053 4879
0.004054 4879
0.004055 4879
0.004056 4879
0.004057 4879
0.004058 4878
0.004059 4878
0.00406 4878
0.004061 4878
0.004062 4879
0.004063 4879
0.004064 4879
0.004065 4879
0.004066 4879
0.004067 4878
0.004068 4878
0.004069 4877
0.00407 4877
0.004071 4877
0.004072 4877
0.004073 4877
0.004074 4877
0.004075 4878
0.004076 4878
0.004077 4878
0.004078 4878
0.004079 4878
0.00408 4878
0.004081 4877
0.004082 4877
0.004083 4877
0.004084 4875
0.004085 4875
0.004086 4875
0.004087 4875
0.004088 4874
0.004089 4875
0.00409 4876
0.004091 4876
0.004092 4876
0.004093 4876
0.004094 4876
0.004095 4876
0.004096 4876
0.004097 4876
0.004098 4876
0.004099 4876
0.0041 4877
0.004101 4877
0.004102 4877
0.004103 4877
0.004104 4877
0.004105 4877
0.004106 4877
0.004107 4877
0.004108 4876
0.004109 4876
0.00411 4876
0.004111 4876
0.004112 4876
0.004113 4877
0.004114 4877
0.004115 4877
0.004116 4876
0.004117 4876
0.004118 4876
0.004119 4876
0.00412 4876
0.004121 4876
0.004122 4874
0.004123 4874
0.004124 4874
0.004125 4874
0.004126 4876
0.004127 4877
0.004128 4876
0.004129 4876
0.00413 4876
0.004131 4876
0.004132 4876
0.004133 4876
0.004134 4876
0.004135 4877
0.004136 4876
0.004137 4878
0.004138 4878
0.004139 4878
0.00414 4878
0.004141 4878
0.004142 4878
0.004143 4878
0.004144 4878
0.004145 4878
0.004146 4879
0.004147 4877
0.004148 4878
0.004149 4878
0.00415 4878
0.004151 4878
0.004152 4878
0.004153 4878
0.004154 4879
0.004155 4879
0.004156 4879
0.004157 4879
0.004158 4879
0.004159 4878
0.00416 4878
0.004161 4878
0.004162 4878
0.004163 4878
0.004164 4878
0.004165 4878
0.004166 4878
0.004167 4879
0.004168 4879
0.004169 4880
0.00417 4880
0.004171 4880
0.004172 4880
0.004173 4880
0.004174 4880
0.004175 4880
0.004176 4880
0.004177 4880
0.004178 4881
0.004179 4881
0.00418 4881
0.004181 4881
0.004182 4881
0.004183 4882
0.004184 4882
0.004185 4882
0.004186 4882
0.004187 4882
0.004188 4882
0.004189 4882
0.00419 4881
0.004191 4882
0.004192 4881
0.004193 4881
0.004194 4881
0.004195 4881
0.004196 4881
0.004197 4881
0.004198 4882
0.004199 4883
0.0042 4884
0.004201 4884
0.004202 4884
0.004203 4884
0.004204 4884
0.004205 4885
0.004206 4886
0.004207 4886
0.004208 4886
0.004209 4886
0.00421 4886
0.004211 4886
0.004212 4886
0.004213 4886
0.004214 4886
0.004215 4886
0.004216 4887
0.004217 4887
0.004218 4887
0.004219 4887
0.00422 4887
0.004221 4888
0.004222 4889
0.004223 4889
0.004224 4890
0.004225 4890
0.004226 4889
0.004227 4889
0.004228 4888
0.004229 4888
0.00423 4888
0.004231 4888
0.004232 4888
0.004233 4887
0.004234 4886
0.004235 4886
0.004236 4886
0.004237 4886
0.004238 4886
0.004239 4886
0.00424 4886
0.004241 4886
0.004242 4886
0.004243 4886
0.004244 4886
0.004245 4886
0.004246 4886
0.004247 4887
0.004248 4888
0.004249 4889
0.00425 4887
0.004251 4887
0.004252 4888
0.004253 4889
0.004254 4889
0.004255 4888
0.004256 4888
0.004257 4888
0.004258 4888
0.004259 4888
0.00426 4889
0.004261 4889
0.004262 4889
0.004263 4888
0.004264 4888
0.004265 4888
0.004266 4888
0.004267 4888
0.004268 4888
0.004269 4888
0.00427 4888
0.004271 4888
0.004272 4888
0.004273 4887
0.004274 4887
0.004275 4887
0.004276 4887
0.004277 4887
0.004278 4886
0.004279 4886
0.00428 4886
0.004281 4886
0.004282 4886
0.004283 4886
0.004284 4886
0.004285 4886
0.004286 4885
0.004287 4885
0.004288 4885
0.004289 4884
0.00429 4884
0.004291 4885
0.004292 4884
0.004293 4884
0.004294 4884
0.004295 4886
0.004296 4885
0.004297 4885
0.004298 4885
0.004299 4884
0.0043 4884
0.004301 4883
0.004302 4884
0.004303 4884
0.004304 4883
0.004305 4882
0.004306 4882
0.004307 4882
0.004308 4883
0.004309 4884
0.00431 4884
0.004311 4884
0.004312 4884
0.004313 4884
0.004314 4883
0.004315 4884
0.004316 4885
0.004317 4885
0.004318 4884
0.004319 4884
0.00432 4884
0.004321 4884
0.004322 4884
0.004323 4885
0.004324 4885
0.004325 4885
0.004326 4885
0.004327 4884
0.004328 4884
0.004329 4884
0.00433 4884
0.004331 4884
0.004332 4884
0.004333 4884
0.004334 4884
0.004335 4884
0.004336 4884
0.004337 4884
0.004338 4883
0.004339 4883
0.00434 4883
0.004341 4882
0.004342 4882
0.004343 4881
0.004344 4881
0.004345 4881
0.004346 4882
0.004347 4882
0.004348 4883
0.004349 4883
0.00435 4883
0.004351 4883
0.004352 4882
0.004353 4882
0.004354 4881
0.004355 4881
0.004356 4881
0.004357 4881
0.004358 4881
0.004359 4881
0.00436 4882
0.004361 4882
0.004362 4882
0.004363 4882
0.004364 4882
0.004365 4882
0.004366 4882
0.004367 4882
0.004368 4883
0.004369 4883
0.00437 4883
0.004371 4883
0.004372 4883
0.004373 4885
0.004374 4885
0.004375 4885
0.004376 4885
0.004377 4886
0.004378 4886
0.004379 4886
0.00438 4886
0.004381 4886
0.004382 4886
0.004383 4887
0.004384 4887
0.004385 4887
0.004386 4887
0.004387 4887
0.004388 4887
0.004389 4887
0.00439 4887
0.004391 4887
0.004392 4887
0.004393 4887
0.004394 4888
0.004395 4888
0.004396 4889
0.004397 4889
0.004398 4889
0.004399 4889
0.0044 4889
0.004401 4889
0.004402 4889
0.004403 4889
0.004404 4889
0.004405 4889
0.004406 4890
0.004407 4890
0.004408 4889
0.004409 4890
0.00441 4890
0.004411 4889
0.004412 4889
0.004413 4889
0.004414 4889
0.004415 4888
0.004416 4888
0.004417 4888
0.004418 4888
0.004419 4888
0.00442 4887
0.004421 4887
0.004422 4887
0.004423 4887
0.004424 4886
0.004425 4886
0.004426 4886
0.004427 4886
0.004428 4886
0.004429 4887
0.00443 4887
0.004431 4887
0.004432 4887
0.004433 4886
0.004434 4886
0.004435 4886
0.004436 4886
0.004437 4886
0.004438 4886
0.004439 4886
0.00444 4886
0.004441 4886
0.004442 4886
0.004443 4887
0.004444 4887
0.004445 4887
0.004446 4887
0.004447 4887
0.004448 4887
0.004449 4888
0.00445 4888
0.004451 4888
0.004452 4888
0.004453 4888
0.004454 4887
0.004455 4887
0.004456 4887
0.004457 4887
0.004458 4887
0.004459 4887
0.00446 4887
0.004461 4886
0.004462 4886
0.004463 4885
0.004464 4885
0.004465 4885
0.004466 4885
0.004467 4885
0.004468 4886
0.004469 4887
0.00447 4886
0.004471 4886
0.004472 4886
0.004473 4886
0.004474 4886
0.004475 4886
0.004476 4885
0.004477 4885
0.004478 4885
0.004479 4885
0.00448 4885
0.004481 4885
0.004482 4885
0.004483 4885
0.004484 4885
0.004485 4885
0.004486 4885
0.004487 4885
0.004488 4885
0.004489 4885
0.00449 4886
0.004491 4886
0.004492 4886
0.004493 4887
0.004494 4886
0.004495 4886
0.004496 4885
0.004497 4885
0.004498 4885
0.004499 4885
0.0045 4884
0.004501 4884
0.004502 4884
0.004503 4884
0.004504 4884
0.004505 4885
0.004506 4885
0.004507 4885
0.004508 4885
0.004509 4885
0.00451 4885
0.004511 4885
0.004512 4885
0.004513 4885
0.004514 4885
0.004515 4885
0.004516 4884
0.004517 4884
0.004518 4884
0.004519 4884
0.00452 4884
0.004521 4885
0.004522 4884
0.004523 4884
0.004524 4885
0.004525 4885
0.004526 4885
0.004527 4885
0.004528 4886
0.004529 4886
0.00453 4886
0.004531 4886
0.004532 4887
0.004533 4887
0.004534 4887
0.004535 4887
0.004536 4887
0.004537 4887
0.004538 4888
0.004539 4889
0.00454 4889
0.004541 4891
0.004542 4891
0.004543 4891
0.004544 4892
0.004545 4892
0.004546 4892
0.004547 4892
0.004548 4892
0.004549 4892
0.00455 4892
0.004551 4892
0.004552 4892
0.004553 4889
0.004554 4888
0.004555 4888
0.004556 4888
0.004557 4888
0.004558 4888
0.004559 4888
0.00456 4888
0.004561 4888
0.004562 4888
0.004563 4888
0.004564 4888
0.004565 4888
0.004566 4888
0.004567 4888
0.004568 4888
0.004569 4888
0.00457 4888
0.004571 4888
0.004572 4888
0.004573 4888
0.004574 4888
0.004575 4889
0.004576 4889
0.004577 4889
0.004578 4889
0.004579 4889
0.00458 4888
0.004581 4888
0.004582 4889
0.004583 4889
0.004584 4889
0.004585 4890
0.004586 4890
0.004587 4890
0.004588 4890
0.004589 4890
0.00459 4889
0.004591 4889
0.004592 4888
0.004593 4888
0.004594 4888
0.004595 4887
0.004596 4885
0.004597 4885
0.004598 4885
0.004599 4885
0.0046 4885
0.004601 4885
0.004602 4885
0.004603 4885
0.004604 4885
0.004605 4885
0.004606 4885
0.004607 4885
0.004608 4885
0.004609 4885
0.00461 4885
0.004611 4886
0.004612 4886
0.004613 4886
0.004614 4887
0.004615 4887
0.004616 4887
0.004617 4887
0.004618 4887
0.004619 4887
0.00462 4887
0.004621 4887
0.004622 4888
0.004623 4889
0.004624 4888
0.004625 4889
0.004626 4890
0.004627 4890
0.004628 4890
0.004629 4890
0.00463 4890
0.004631 4889
0.004632 4890
0.004633 4891
0.004634 4891
0.004635 4891
0.004636 4892
0.004637 4892
0.004638 4893
0.004639 4893
0.00464 4894
0.004641 4894
0.004642 4893
0.004643 4893
0.004644 4893
0.004645 4893
0.004646 4893
0.004647 4893
0.004648 4892
0.004649 4892
0.00465 4892
0.004651 4892
0.004652 4892
0.004653 4893
0.004654 4894
0.004655 4894
0.004656 4895
0.004657 4895
0.004658 4896
0.004659 4896
0.00466 4896
0.004661 4895
0.004662 4894
0.004663 4894
0.004664 4894
0.004665 4894
0.004666 4895
0.004667 4895
0.004668 4895
0.004669 4895
0.00467 4895
0.004671 4895
0.004672 4895
0.004673 4896
0.004674 4895
0.004675 4895
0.004676 4896
0.004677 4895
0.004678 4894
0.004679 4894
0.00468 4894
0.004681 4893
0.004682 4893
0.004683 4893
0.004684 4893
0.004685 4894
0.004686 4895
0.004687 4895
0.004688 4894
0.004689 4894
0.00469 4894
0.004691 4894
0.004692 4895
0.004693 4894
0.004694 4894
0.004695 4894
0.004696 4894
0.004697 4894
0.004698 4894
0.004699 4895
0.0047 4895
0.004701 4894
0.004702 4894
0.004703 4894
0.004704 4894
0.004705 4894
0.004706 4894
0.004707 4894
0.004708 4894
0.004709 4894
0.00471 4894
0.004711 4893
0.004712 4893
0.004713 4893
0.004714 4893
0.004715 4893
0.004716 4892
0.004717 4893
0.004718 4893
0.004719 4893
0.00472 4894
0.004721 4894
0.004722 4893
0.004723 4893
0.004724 4893
0.004725 4893
0.004726 4893
0.004727 4893
0.004728 4893
0.004729 4894
0.00473 4894
0.004731 4894
0.004732 4894
0.004733 4893
0.004734 4894
0.004735 4894
0.004736 4894
0.004737 4894
0.004738 4893
0.004739 4893
0.00474 4893
0.004741 4893
0.004742 4892
0.004743 4893
0.004744 4893
0.004745 4893
0.004746 4894
0.004747 4894
0.004748 4893
0.004749 4894
0.00475 4893
0.004751 4893
0.004752 4893
0.004753 4893
0.004754 4893
0.004755 4892
0.004756 4893
0.004757 4893
0.004758 4893
0.004759 4893
0.00476 4893
0.004761 4893
0.004762 4894
0.004763 4894
0.004764 4894
0.004765 4894
0.004766 4894
0.004767 4894
0.004768 4894
0.004769 4894
0.00477 4894
0.004771 4894
0.004772 4894
0.004773 4894
0.004774 4894
0.004775 4893
0.004776 4894
0.004777 4894
0.004778 4894
0.004779 4894
0.00478 4892
0.004781 4893
0.004782 4893
0.004783 4893
0.004784 4893
0.004785 4893
0.004786 4893
0.004787 4893
0.004788 4893
0.004789 4893
0.00479 4893
0.004791 4894
0.004792 4894
0.004793 4894
0.004794 4895
0.004795 4895
0.004796 4895
0.004797 4896
0.004798 4896
0.004799 4897
0.0048 4897
0.004801 4896
0.004802 4897
0.004803 4897
0.004804 4897
0.004805 4897
0.004806 4897
0.004807 4897
0.004808 4896
0.004809 4896
0.00481 4896
0.004811 4897
0.004812 4896
0.004813 4896
0.004814 4896
0.004815 4896
0.004816 4897
0.004817 4899
0.004818 4899
0.004819 4899
0.00482 4899
0.004821 4899
0.004822 4900
0.004823 4900
0.004824 4900
0.004825 4900
0.004826 4901
0.004827 4900
0.004828 4900
0.004829 4901
0.00483 4900
0.004831 4899
0.004832 4900
0.004833 4901
0.004834 4899
0.004835 4899
0.004836 4898
0.004837 4898
0.004838 4898
0.004839 4900
0.00484 4898
0.004841 4898
0.004842 4897
0.004843 4897
0.004844 4896
0.004845 4896
0.004846 4896
0.004847 4896
0.004848 4896
0.004849 4896
0.00485 4896
0.004851 4896
0.004852 4897
0.004853 4897
0.004854 4896
0.004855 4896
0.004856 4896
0.004857 4896
0.004858 4896
0.004859 4895
0.00486 4895
0.004861 4895
0.004862 4895
0.004863 4894
0.004864 4894
0.004865 4895
0.004866 4895
0.004867 4895
0.004868 4895
0.004869 4895
0.00487 4895
0.004871 4895
0.004872 4895
0.004873 4895
0.004874 4896
0.004875 4895
0.004876 4896
0.004877 4896
0.004878 4896
0.004879 4895
0.00488 4895
0.004881 4894
0.004882 4894
0.004883 4894
0.004884 4893
0.004885 4893
0.004886 4893
0.004887 4893
0.004888 4893
0.004889 4893
0.00489 4893
0.004891 4893
0.004892 4893
0.004893 4893
0.004894 4892
0.004895 4892
0.004896 4892
0.004897 4892
0.004898 4892
0.004899 4892
0.0049 4892
0.004901 4892
0.004902 4892
0.004903 4892
0.004904 4892
0.004905 4892
0.004906 4892
0.004907 4892
0.004908 4892
0.004909 4892
0.00491 4893
0.004911 4892
0.004912 4892
0.004913 4892
0.004914 4892
0.004915 4892
0.004916 4892
0.004917 4892
0.004918 4892
0.004919 4891
0.00492 4891
0.004921 4891
0.004922 4891
0.004923 4891
0.004924 4891
0.004925 4891
0.004926 4890
0.004927 4890
0.004928 4890
0.004929 4890
0.00493 4890
0.004931 4890
0.004932 4890
0.004933 4890
0.004934 4890
0.004935 4890
0.004936 4890
0.004937 4890
0.004938 4890
0.004939 4891
0.00494 4891
0.004941 4891
0.004942 4891
0.004943 4891
0.004944 4890
0.004945 4890
0.004946 4890
0.004947 4889
0.004948 4888
0.004949 4888
0.00495 4887
0.004951 4887
0.004952 4886
0.004953 4886
0.004954 4886
0.004955 4885
0.004956 4885
0.004957 4885
0.004958 4884
0.004959 4884
0.00496 4883
0.004961 4883
0.004962 4882
0.004963 4882
0.004964 4881
0.004965 4880
0.004966 4880
0.004967 4880
0.004968 4880
0.004969 4880
0.00497 4880
0.004971 4881
0.004972 4880
0.004973 4880
0.004974 4880
0.004975 4880
0.004976 4880
0.004977 4880
0.004978 4880
0.004979 4880
0.00498 4880
0.004981 4880
0.004982 4880
0.004983 4879
0.004984 4879
0.004985 4879
0.004986 4879
0.004987 4879
0.004988 4879
0.004989 4879
0.00499 4879
0.004991 4878
0.004992 4878
0.004993 4878
0.004994 4878
0.004995 4878
0.004996 4878
0.004997 4878
0.004998 4879
0.004999 4879
0.005 4879
