0 6802
1e-06 6789
2e-06 6772
3e-06 6757
4e-06 6746
5e-06 6729
6e-06 6712
7e-06 6699
8e-06 6687
9e-06 6673
1e-05 6661
1.1e-05 6651
1.2e-05 6641
1.3e-05 6623
1.4e-05 6614
1.5e-05 6603
1.6e-05 6593
1.7e-05 6587
1.8e-05 6571
1.9e-05 6563
2e-05 6553
2.1e-05 6547
2.2e-05 6537
2.3e-05 6530
2.4e-05 6519
2.5e-05 6503
2.6e-05 6493
2.7e-05 6487
2.8e-05 6479
2.9e-05 6469
3e-05 6450
3.1e-05 6439
3.2e-05 6423
3.3e-05 6413
3.4e-05 6404
3.5e-05 6400
3.6e-05 6384
3.7e-05 6370
3.8e-05 6360
3.9e-05 6351
4e-05 6340
4.1e-05 6334
4.2e-05 6317
4.3e-05 6312
4.4e-05 6296
4.5e-05 6287
4.6e-05 6270
4.7e-05 6257
4.8e-05 6255
4.9e-05 6241
5e-05 6234
5.1e-05 6224
5.2e-05 6207
5.3e-05 6198
5.4e-05 6188
5.5e-05 6177
5.6e-05 6169
5.7e-05 6160
5.8e-05 6155
5.9e-05 6148
6e-05 6142
6.1e-05 6133
6.2e-05 6125
6.3e-05 6115
6.4e-05 6109
6.5e-05 6093
6.6e-05 6080
6.7e-05 6072
6.8e-05 6065
6.9e-05 6056
7e-05 6048
7.1e-05 6041
7.2e-05 6029
7.3e-05 6016
7.4e-05 6011
7.5e-05 6003
7.6e-05 5993
7.7e-05 5980
7.8e-05 5974
7.9e-05 5962
8e-05 5956
8.1e-05 5949
8.2e-05 5940
8.3e-05 5930
8.4e-05 5923
8.5e-05 5918
8.6e-05 5910
8.7e-05 5903
8.8e-05 5893
8.9e-05 5888
9e-05 5880
9.1e-05 5877
9.2e-05 5870
9.3e-05 5863
9.4e-05 5852
9.5e-05 5846
9.6e-05 5839
9.7e-05 5833
9.8e-05 5827
9.9e-05 5819
0.0001 5813
0.000101 5803
0.000102 5793
0.000103 5786
0.000104 5778
0.000105 5773
0.000106 5767
0.000107 5760
0.000108 5756
0.000109 5754
0.00011 5750
0.000111 5747
0.000112 5745
0.000113 5745
0.000114 5737
0.000115 5732
0.000116 5726
0.000117 5723
0.000118 5716
0.000119 5713
0.00012 5708
0.000121 5699
0.000122 5699
0.000123 5693
0.000124 5689
0.000125 5683
0.000126 5679
0.000127 5673
0.000128 5669
0.000129 5662
0.00013 5661
0.000131 5655
0.000132 5653
0.000133 5647
0.000134 5644
0.000135 5641
0.000136 5639
0.000137 5635
0.000138 5630
0.000139 5625
0.00014 5620
0.000141 5612
0.000142 5608
0.000143 5602
0.000144 5597
0.000145 5594
0.000146 5588
0.000147 5584
0.000148 5579
0.000149 5573
0.00015 5570
0.000151 5567
0.000152 5565
0.000153 5561
0.000154 5555
0.000155 5547
0.000156 5540
0.000157 5534
0.000158 5531
0.000159 5530
0.00016 5526
0.000161 5521
0.000162 5519
0.000163 5516
0.000164 5513
0.000165 5507
0.000166 5507
0.000167 5503
0.000168 5500
0.000169 5496
0.00017 5492
0.000171 5490
0.000172 5486
0.000173 5484
0.000174 5477
0.000175 5473
0.000176 5472
0.000177 5470
0.000178 5466
0.000179 5464
0.00018 5460
0.000181 5457
0.000182 5451
0.000183 5448
0.000184 5445
0.000185 5442
0.000186 5439
0.000187 5435
0.000188 5435
0.000189 5432
0.00019 5430
0.000191 5427
0.000192 5423
0.000193 5416
0.000194 5413
0.000195 5408
0.000196 5404
0.000197 5403
0.000198 5396
0.000199 5393
0.0002 5392
0.000201 5388
0.000202 5384
0.000203 5380
0.000204 5378
0.000205 5377
0.000206 5376
0.000207 5371
0.000208 5367
0.000209 5365
0.00021 5359
0.000211 5355
0.000212 5347
0.000213 5342
0.000214 5339
0.000215 5337
0.000216 5333
0.000217 5330
0.000218 5326
0.000219 5323
0.00022 5320
0.000221 5317
0.000222 5316
0.000223 5314
0.000224 5313
0.000225 5313
0.000226 5310
0.000227 5307
0.000228 5305
0.000229 5299
0.00023 5299
0.000231 5296
0.000232 5292
0.000233 5287
0.000234 5284
0.000235 5283
0.000236 5280
0.000237 5280
0.000238 5278
0.000239 5276
0.00024 5275
0.000241 5274
0.000242 5272
0.000243 5269
0.000244 5263
0.000245 5261
0.000246 5260
0.000247 5256
0.000248 5254
0.000249 5253
0.00025 5250
0.000251 5250
0.000252 5248
0.000253 5247
0.000254 5245
0.000255 5241
0.000256 5238
0.000257 5236
0.000258 5235
0.000259 5234
0.00026 5231
0.000261 5231
0.000262 5229
0.000263 5228
0.000264 5226
0.000265 5224
0.000266 5221
0.000267 5220
0.000268 5220
0.000269 5216
0.00027 5214
0.000271 5214
0.000272 5213
0.000273 5207
0.000274 5205
0.000275 5203
0.000276 5203
0.000277 5200
0.000278 5196
0.000279 5194
0.00028 5191
0.000281 5189
0.000282 5187
0.000283 5187
0.000284 5185
0.000285 5181
0.000286 5180
0.000287 5177
0.000288 5177
0.000289 5175
0.00029 5174
0.000291 5172
0.000292 5165
0.000293 5165
0.000294 5165
0.000295 5163
0.000296 5161
0.000297 5159
0.000298 5158
0.000299 5157
0.0003 5154
0.000301 5150
0.000302 5150
0.000303 5148
0.000304 5146
0.000305 5142
0.000306 5142
0.000307 5142
0.000308 5139
0.000309 5139
0.00031 5138
0.000311 5137
0.000312 5133
0.000313 5130
0.000314 5130
0.000315 5129
0.000316 5128
0.000317 5128
0.000318 5126
0.000319 5126
0.00032 5125
0.000321 5124
0.000322 5124
0.000323 5122
0.000324 5122
0.000325 5121
0.000326 5117
0.000327 5118
0.000328 5118
0.000329 5114
0.00033 5113
0.000331 5111
0.000332 5109
0.000333 5109
0.000334 5108
0.000335 5108
0.000336 5107
0.000337 5104
0.000338 5104
0.000339 5102
0.00034 5100
0.000341 5098
0.000342 5096
0.000343 5093
0.000344 5092
0.000345 5091
0.000346 5091
0.000347 5088
0.000348 5087
0.000349 5084
0.00035 5083
0.000351 5082
0.000352 5078
0.000353 5076
0.000354 5075
0.000355 5075
0.000356 5075
0.000357 5072
0.000358 5073
0.000359 5073
0.00036 5072
0.000361 5070
0.000362 5070
0.000363 5070
0.000364 5068
0.000365 5067
0.000366 5066
0.000367 5066
0.000368 5065
0.000369 5063
0.00037 5061
0.000371 5059
0.000372 5059
0.000373 5059
0.000374 5059
0.000375 5059
0.000376 5059
0.000377 5057
0.000378 5057
0.000379 5057
0.00038 5055
0.000381 5055
0.000382 5056
0.000383 5053
0.000384 5052
0.000385 5052
0.000386 5052
0.000387 5052
0.000388 5052
0.000389 5052
0.00039 5051
0.000391 5050
0.000392 5048
0.000393 5048
0.000394 5048
0.000395 5048
0.000396 5049
0.000397 5049
0.000398 5048
0.000399 5045
0.0004 5044
0.000401 5043
0.000402 5043
0.000403 5039
0.000404 5039
0.000405 5038
0.000406 5038
0.000407 5039
0.000408 5038
0.000409 5038
0.00041 5037
0.000411 5037
0.000412 5037
0.000413 5035
0.000414 5034
0.000415 5033
0.000416 5031
0.000417 5031
0.000418 5030
0.000419 5028
0.00042 5027
0.000421 5027
0.000422 5026
0.000423 5026
0.000424 5025
0.000425 5026
0.000426 5025
0.000427 5023
0.000428 5023
0.000429 5021
0.00043 5020
0.000431 5019
0.000432 5018
0.000433 5018
0.000434 5017
0.000435 5017
0.000436 5016
0.000437 5016
0.000438 5014
0.000439 5014
0.00044 5014
0.000441 5014
0.000442 5012
0.000443 5012
0.000444 5012
0.000445 5011
0.000446 5012
0.000447 5012
0.000448 5012
0.000449 5011
0.00045 5010
0.000451 5008
0.000452 5007
0.000453 5007
0.000454 5007
0.000455 5006
0.000456 5006
0.000457 5005
0.000458 5005
0.000459 5004
0.00046 5005
0.000461 5004
0.000462 5004
0.000463 5003
0.000464 5003
0.000465 5000
0.000466 4999
0.000467 4998
0.000468 4996
0.000469 4995
0.00047 4996
0.000471 4996
0.000472 4994
0.000473 4994
0.000474 4994
0.000475 4994
0.000476 4994
0.000477 4994
0.000478 4994
0.000479 4993
0.00048 4993
0.000481 4993
0.000482 4992
0.000483 4990
0.000484 4991
0.000485 4990
0.000486 4989
0.000487 4989
0.000488 4988
0.000489 4990
0.00049 4990
0.000491 4990
0.000492 4989
0.000493 4989
0.000494 4988
0.000495 4986
0.000496 4985
0.000497 4986
0.000498 4985
0.000499 4985
0.0005 4984
0.000501 4984
0.000502 4983
0.000503 4983
0.000504 4983
0.000505 4983
0.000506 4983
0.000507 4983
0.000508 4984
0.000509 4984
0.00051 4983
0.000511 4982
0.000512 4983
0.000513 4983
0.000514 4983
0.000515 4982
0.000516 4982
0.000517 4981
0.000518 4981
0.000519 4981
0.00052 4980
0.000521 4980
0.000522 4980
0.000523 4980
0.000524 4979
0.000525 4980
0.000526 4980
0.000527 4980
0.000528 4980
0.000529 4979
0.00053 4979
0.000531 4979
0.000532 4977
0.000533 4976
0.000534 4974
0.000535 4972
0.000536 4972
0.000537 4971
0.000538 4971
0.000539 4971
0.00054 4970
0.000541 4969
0.000542 4969
0.000543 4966
0.000544 4966
0.000545 4966
0.000546 4966
0.000547 4966
0.000548 4966
0.000549 4965
0.00055 4965
0.000551 4965
0.000552 4965
0.000553 4965
0.000554 4965
0.000555 4965
0.000556 4964
0.000557 4964
0.000558 4964
0.000559 4964
0.00056 4964
0.000561 4964
0.000562 4960
0.000563 4961
0.000564 4961
0.000565 4960
0.000566 4960
0.000567 4960
0.000568 4960
0.000569 4960
0.00057 4957
0.000571 4956
0.000572 4955
0.000573 4955
0.000574 4956
0.000575 4956
0.000576 4955
0.000577 4956
0.000578 4955
0.000579 4954
0.00058 4954
0.000581 4954
0.000582 4953
0.000583 4953
0.000584 4954
0.000585 4954
0.000586 4954
0.000587 4953
0.000588 4953
0.000589 4952
0.00059 4950
0.000591 4948
0.000592 4948
0.000593 4949
0.000594 4949
0.000595 4949
0.000596 4948
0.000597 4948
0.000598 4946
0.000599 4945
0.0006 4944
0.000601 4942
0.000602 4941
0.000603 4941
0.000604 4941
0.000605 4941
0.000606 4941
0.000607 4941
0.000608 4941
0.000609 4942
0.00061 4940
0.000611 4940
0.000612 4940
0.000613 4940
0.000614 4939
0.000615 4941
0.000616 4941
0.000617 4941
0.000618 4941
0.000619 4941
0.00062 4941
0.000621 4941
0.000622 4940
0.000623 4940
0.000624 4940
0.000625 4939
0.000626 4938
0.000627 4937
0.000628 4938
0.000629 4938
0.00063 4938
0.000631 4938
0.000632 4939
0.000633 4940
0.000634 4940
0.000635 4940
0.000636 4941
0.000637 4941
0.000638 4941
0.000639 4941
0.00064 4941
0.000641 4940
0.000642 4940
0.000643 4940
0.000644 4939
0.000645 4939
0.000646 4939
0.000647 4938
0.000648 4938
0.000649 4937
0.00065 4936
0.000651 4936
0.000652 4936
0.000653 4936
0.000654 4935
0.000655 4934
0.000656 4932
0.000657 4932
0.000658 4931
0.000659 4930
0.00066 4929
0.000661 4929
0.000662 4928
0.000663 4928
0.000664 4928
0.000665 4928
0.000666 4928
0.000667 4927
0.000668 4927
0.000669 4926
0.00067 4925
0.000671 4925
0.000672 4925
0.000673 4925
0.000674 4924
0.000675 4924
0.000676 4924
0.000677 4924
0.000678 4924
0.000679 4924
0.00068 4924
0.000681 4924
0.000682 4924
0.000683 4922
0.000684 4922
0.000685 4922
0.000686 4922
0.000687 4921
0.000688 4921
0.000689 4921
0.00069 4921
0.000691 4921
0.000692 4920
0.000693 4919
0.000694 4919
0.000695 4919
0.000696 4919
0.000697 4919
0.000698 4918
0.000699 4918
0.0007 4918
0.000701 4918
0.000702 4918
0.000703 4918
0.000704 4918
0.000705 4918
0.000706 4918
0.000707 4918
0.000708 4917
0.000709 4917
0.00071 4917
0.000711 4917
0.000712 4917
0.000713 4917
0.000714 4917
0.000715 4917
0.000716 4917
0.000717 4917
0.000718 4917
0.000719 4917
0.00072 4918
0.000721 4918
0.000722 4918
0.000723 4918
0.000724 4917
0.000725 4917
0.000726 4915
0.000727 4915
0.000728 4915
0.000729 4915
0.00073 4915
0.000731 4915
0.000732 4915
0.000733 4914
0.000734 4913
0.000735 4912
0.000736 4912
0.000737 4912
0.000738 4913
0.000739 4913
0.00074 4913
0.000741 4914
0.000742 4914
0.000743 4914
0.000744 4914
0.000745 4914
0.000746 4914
0.000747 4914
0.000748 4914
0.000749 4914
0.00075 4914
0.000751 4914
0.000752 4914
0.000753 4914
0.000754 4914
0.000755 4914
0.000756 4914
0.000757 4913
0.000758 4913
0.000759 4913
0.00076 4913
0.000761 4913
0.000762 4913
0.000763 4913
0.000764 4913
0.000765 4913
0.000766 4913
0.000767 4913
0.000768 4914
0.000769 4914
0.00077 4913
0.000771 4913
0.000772 4914
0.000773 4914
0.000774 4914
0.000775 4914
0.000776 4914
0.000777 4914
0.000778 4915
0.000779 4916
0.00078 4916
0.000781 4916
0.000782 4916
0.000783 4915
0.000784 4915
0.000785 4915
0.000786 4915
0.000787 4916
0.000788 4917
0.000789 4918
0.00079 4918
0.000791 4918
0.000792 4916
0.000793 4916
0.000794 4916
0.000795 4916
0.000796 4916
0.000797 4916
0.000798 4916
0.000799 4916
0.0008 4916
0.000801 4916
0.000802 4917
0.000803 4917
0.000804 4917
0.000805 4916
0.000806 4916
0.000807 4915
0.000808 4914
0.000809 4915
0.00081 4914
0.000811 4915
0.000812 4916
0.000813 4916
0.000814 4915
0.000815 4914
0.000816 4915
0.000817 4916
0.000818 4916
0.000819 4916
0.00082 4916
0.000821 4915
0.000822 4916
0.000823 4916
0.000824 4917
0.000825 4917
0.000826 4917
0.000827 4917
0.000828 4917
0.000829 4917
0.00083 4918
0.000831 4918
0.000832 4918
0.000833 4918
0.000834 4917
0.000835 4919
0.000836 4918
0.000837 4918
0.000838 4918
0.000839 4918
0.00084 4917
0.000841 4918
0.000842 4918
0.000843 4919
0.000844 4919
0.000845 4919
0.000846 4919
0.000847 4919
0.000848 4920
0.000849 4920
0.00085 4920
0.000851 4918
0.000852 4918
0.000853 4919
0.000854 4920
0.000855 4920
0.000856 4920
0.000857 4920
0.000858 4920
0.000859 4919
0.00086 4919
0.000861 4920
0.000862 4919
0.000863 4920
0.000864 4921
0.000865 4921
0.000866 4921
0.000867 4921
0.000868 4921
0.000869 4921
0.00087 4920
0.000871 4920
0.000872 4920
0.000873 4920
0.000874 4920
0.000875 4920
0.000876 4920
0.000877 4920
0.000878 4921
0.000879 4921
0.00088 4921
0.000881 4921
0.000882 4921
0.000883 4920
0.000884 4920
0.000885 4919
0.000886 4919
0.000887 4918
0.000888 4918
0.000889 4918
0.00089 4916
0.000891 4916
0.000892 4916
0.000893 4916
0.000894 4916
0.000895 4916
0.000896 4915
0.000897 4915
0.000898 4914
0.000899 4914
0.0009 4913
0.000901 4913
0.000902 4914
0.000903 4913
0.000904 4914
0.000905 4915
0.000906 4916
0.000907 4916
0.000908 4916
0.000909 4915
0.00091 4915
0.000911 4915
0.000912 4916
0.000913 4916
0.000914 4916
0.000915 4915
0.000916 4915
0.000917 4916
0.000918 4916
0.000919 4917
0.00092 4918
0.000921 4918
0.000922 4918
0.000923 4918
0.000924 4919
0.000925 4919
0.000926 4919
0.000927 4919
0.000928 4919
0.000929 4919
0.00093 4919
0.000931 4918
0.000932 4918
0.000933 4918
0.000934 4919
0.000935 4919
0.000936 4918
0.000937 4918
0.000938 4918
0.000939 4917
0.00094 4917
0.000941 4917
0.000942 4918
0.000943 4917
0.000944 4918
0.000945 4918
0.000946 4918
0.000947 4918
0.000948 4918
0.000949 4918
0.00095 4917
0.000951 4917
0.000952 4917
0.000953 4917
0.000954 4916
0.000955 4916
0.000956 4916
0.000957 4916
0.000958 4916
0.000959 4916
0.00096 4916
0.000961 4916
0.000962 4918
0.000963 4917
0.000964 4917
0.000965 4917
0.000966 4917
0.000967 4917
0.000968 4917
0.000969 4919
0.00097 4920
0.000971 4920
0.000972 4920
0.000973 4919
0.000974 4919
0.000975 4919
0.000976 4918
0.000977 4918
0.000978 4919
0.000979 4919
0.00098 4919
0.000981 4919
0.000982 4919
0.000983 4919
0.000984 4917
0.000985 4917
0.000986 4917
0.000987 4916
0.000988 4916
0.000989 4915
0.00099 4915
0.000991 4914
0.000992 4914
0.000993 4914
0.000994 4914
0.000995 4914
0.000996 4913
0.000997 4913
0.000998 4914
0.000999 4914
0.001 4914
0.001001 4915
0.001002 4913
0.001003 4912
0.001004 4912
0.001005 4912
0.001006 4912
0.001007 4912
0.001008 4912
0.001009 4913
0.00101 4913
0.001011 4913
0.001012 4913
0.001013 4913
0.001014 4914
0.001015 4914
0.001016 4913
0.001017 4913
0.001018 4914
0.001019 4914
0.00102 4914
0.001021 4914
0.001022 4914
0.001023 4914
0.001024 4914
0.001025 4914
0.001026 4912
0.001027 4912
0.001028 4913
0.001029 4913
0.00103 4913
0.001031 4913
0.001032 4913
0.001033 4913
0.001034 4913
0.001035 4913
0.001036 4913
0.001037 4913
0.001038 4914
0.001039 4914
0.00104 4914
0.001041 4915
0.001042 4914
0.001043 4914
0.001044 4913
0.001045 4913
0.001046 4913
0.001047 4913
0.001048 4913
0.001049 4913
0.00105 4913
0.001051 4913
0.001052 4914
0.001053 4914
0.001054 4914
0.001055 4914
0.001056 4914
0.001057 4914
0.001058 4914
0.001059 4914
0.00106 4913
0.001061 4914
0.001062 4915
0.001063 4915
0.001064 4915
0.001065 4915
0.001066 4915
0.001067 4915
0.001068 4915
0.001069 4916
0.00107 4916
0.001071 4916
0.001072 4916
0.001073 4916
0.001074 4916
0.001075 4916
0.001076 4916
0.001077 4915
0.001078 4915
0.001079 4915
0.00108 4915
0.001081 4915
0.001082 4916
0.001083 4916
0.001084 4916
0.001085 4918
0.001086 4918
0.001087 4918
0.001088 4918
0.001089 4918
0.00109 4918
0.001091 4918
0.001092 4919
0.001093 4919
0.001094 4918
0.001095 4918
0.001096 4917
0.001097 4917
0.001098 4917
0.001099 4917
0.0011 4917
0.001101 4917
0.001102 4917
0.001103 4918
0.001104 4918
0.001105 4918
0.001106 4918
0.001107 4918
0.001108 4918
0.001109 4918
0.00111 4918
0.001111 4918
0.001112 4917
0.001113 4917
0.001114 4917
0.001115 4917
0.001116 4917
0.001117 4917
0.001118 4917
0.001119 4917
0.00112 4917
0.001121 4918
0.001122 4918
0.001123 4917
0.001124 4917
0.001125 4917
0.001126 4917
0.001127 4918
0.001128 4918
0.001129 4919
0.00113 4919
0.001131 4918
0.001132 4919
0.001133 4919
0.001134 4920
0.001135 4919
0.001136 4919
0.001137 4920
0.001138 4920
0.001139 4920
0.00114 4920
0.001141 4920
0.001142 4919
0.001143 4920
0.001144 4920
0.001145 4919
0.001146 4918
0.001147 4920
0.001148 4920
0.001149 4920
0.00115 4920
0.001151 4920
0.001152 4920
0.001153 4920
0.001154 4920
0.001155 4920
0.001156 4919
0.001157 4918
0.001158 4918
0.001159 4918
0.00116 4918
0.001161 4918
0.001162 4916
0.001163 4916
0.001164 4916
0.001165 4915
0.001166 4915
0.001167 4916
0.001168 4915
0.001169 4914
0.00117 4914
0.001171 4914
0.001172 4914
0.001173 4914
0.001174 4914
0.001175 4915
0.001176 4915
0.001177 4915
0.001178 4915
0.001179 4916
0.00118 4917
0.001181 4916
0.001182 4916
0.001183 4916
0.001184 4916
0.001185 4915
0.001186 4914
0.001187 4914
0.001188 4914
0.001189 4914
0.00119 4914
0.001191 4913
0.001192 4913
0.001193 4913
0.001194 4913
0.001195 4913
0.001196 4913
0.001197 4913
0.001198 4913
0.001199 4913
0.0012 4913
0.001201 4913
0.001202 4913
0.001203 4913
0.001204 4913
0.001205 4913
0.001206 4913
0.001207 4914
0.001208 4916
0.001209 4916
0.00121 4917
0.001211 4917
0.001212 4917
0.001213 4917
0.001214 4917
0.001215 4917
0.001216 4917
0.001217 4917
0.001218 4918
0.001219 4916
0.00122 4916
0.001221 4916
0.001222 4915
0.001223 4914
0.001224 4915
0.001225 4914
0.001226 4915
0.001227 4915
0.001228 4915
0.001229 4917
0.00123 4917
0.001231 4917
0.001232 4917
0.001233 4917
0.001234 4917
0.001235 4917
0.001236 4917
0.001237 4917
0.001238 4917
0.001239 4917
0.00124 4916
0.001241 4916
0.001242 4915
0.001243 4915
0.001244 4915
0.001245 4915
0.001246 4915
0.001247 4914
0.001248 4914
0.001249 4914
0.00125 4914
0.001251 4914
0.001252 4914
0.001253 4914
0.001254 4914
0.001255 4914
0.001256 4914
0.001257 4914
0.001258 4914
0.001259 4914
0.00126 4914
0.001261 4914
0.001262 4914
0.001263 4914
0.001264 4912
0.001265 4912
0.001266 4912
0.001267 4912
0.001268 4913
0.001269 4914
0.00127 4914
0.001271 4914
0.001272 4914
0.001273 4914
0.001274 4914
0.001275 4914
0.001276 4914
0.001277 4913
0.001278 4913
0.001279 4912
0.00128 4912
0.001281 4912
0.001282 4912
0.001283 4912
0.001284 4912
0.001285 4912
0.001286 4912
0.001287 4912
0.001288 4911
0.001289 4911
0.00129 4910
0.001291 4910
0.001292 4910
0.001293 4909
0.001294 4909
0.001295 4908
0.001296 4908
0.001297 4907
0.001298 4906
0.001299 4907
0.0013 4907
0.001301 4907
0.001302 4907
0.001303 4907
0.001304 4907
0.001305 4906
0.001306 4906
0.001307 4906
0.001308 4907
0.001309 4907
0.00131 4907
0.001311 4908
0.001312 4908
0.001313 4908
0.001314 4908
0.001315 4907
0.001316 4907
0.001317 4907
0.001318 4907
0.001319 4907
0.00132 4907
0.001321 4908
0.001322 4908
0.001323 4908
0.001324 4908
0.001325 4908
0.001326 4908
0.001327 4908
0.001328 4907
0.001329 4906
0.00133 4907
0.001331 4907
0.001332 4907
0.001333 4907
0.001334 4907
0.001335 4907
0.001336 4906
0.001337 4906
0.001338 4907
0.001339 4907
0.00134 4906
0.001341 4906
0.001342 4906
0.001343 4906
0.001344 4906
0.001345 4906
0.001346 4906
0.001347 4906
0.001348 4907
0.001349 4907
0.00135 4908
0.001351 4908
0.001352 4908
0.001353 4908
0.001354 4908
0.001355 4907
0.001356 4908
0.001357 4909
0.001358 4910
0.001359 4910
0.00136 4910
0.001361 4911
0.001362 4909
0.001363 4909
0.001364 4909
0.001365 4909
0.001366 4909
0.001367 4909
0.001368 4909
0.001369 4909
0.00137 4909
0.001371 4909
0.001372 4909
0.001373 4909
0.001374 4908
0.001375 4908
0.001376 4908
0.001377 4908
0.001378 4908
0.001379 4908
0.00138 4908
0.001381 4908
0.001382 4908
0.001383 4908
0.001384 4909
0.001385 4908
0.001386 4907
0.001387 4907
0.001388 4907
0.001389 4907
0.00139 4907
0.001391 4907
0.001392 4907
0.001393 4907
0.001394 4908
0.001395 4908
0.001396 4908
0.001397 4909
0.001398 4910
0.001399 4910
0.0014 4911
0.001401 4910
0.001402 4909
0.001403 4909
0.001404 4909
0.001405 4909
0.001406 4908
0.001407 4907
0.001408 4907
0.001409 4907
0.00141 4907
0.001411 4907
0.001412 4906
0.001413 4906
0.001414 4906
0.001415 4906
0.001416 4906
0.001417 4906
0.001418 4906
0.001419 4906
0.00142 4906
0.001421 4906
0.001422 4906
0.001423 4906
0.001424 4906
0.001425 4905
0.001426 4905
0.001427 4905
0.001428 4904
0.001429 4904
0.00143 4903
0.001431 4903
0.001432 4903
0.001433 4906
0.001434 4906
0.001435 4906
0.001436 4907
0.001437 4908
0.001438 4908
0.001439 4907
0.00144 4907
0.001441 4908
0.001442 4908
0.001443 4908
0.001444 4908
0.001445 4907
0.001446 4908
0.001447 4908
0.001448 4908
0.001449 4908
0.00145 4909
0.001451 4909
0.001452 4909
0.001453 4909
0.001454 4909
0.001455 4909
0.001456 4909
0.001457 4909
0.001458 4909
0.001459 4909
0.00146 4909
0.001461 4908
0.001462 4908
0.001463 4909
0.001464 4910
0.001465 4911
0.001466 4911
0.001467 4911
0.001468 4911
0.001469 4912
0.00147 4912
0.001471 4912
0.001472 4912
0.001473 4912
0.001474 4912
0.001475 4911
0.001476 4911
0.001477 4911
0.001478 4911
0.001479 4911
0.00148 4911
0.001481 4911
0.001482 4911
0.001483 4911
0.001484 4911
0.001485 4911
0.001486 4911
0.001487 4911
0.001488 4911
0.001489 4912
0.00149 4912
0.001491 4912
0.001492 4912
0.001493 4912
0.001494 4912
0.001495 4912
0.001496 4912
0.001497 4912
0.001498 4911
0.001499 4911
0.0015 4911
0.001501 4911
0.001502 4909
0.001503 4909
0.001504 4909
0.001505 4909
0.001506 4909
0.001507 4909
0.001508 4909
0.001509 4909
0.00151 4909
0.001511 4909
0.001512 4909
0.001513 4909
0.001514 4909
0.001515 4910
0.001516 4910
0.001517 4910
0.001518 4910
0.001519 4910
0.00152 4910
0.001521 4910
0.001522 4910
0.001523 4910
0.001524 4910
0.001525 4910
0.001526 4910
0.001527 4910
0.001528 4910
0.001529 4909
0.00153 4909
0.001531 4909
0.001532 4909
0.001533 4909
0.001534 4909
0.001535 4908
0.001536 4907
0.001537 4907
0.001538 4907
0.001539 4907
0.00154 4907
0.001541 4908
0.001542 4908
0.001543 4908
0.001544 4907
0.001545 4907
0.001546 4907
0.001547 4907
0.001548 4907
0.001549 4907
0.00155 4907
0.001551 4907
0.001552 4907
0.001553 4907
0.001554 4907
0.001555 4907
0.001556 4907
0.001557 4906
0.001558 4906
0.001559 4906
0.00156 4907
0.001561 4907
0.001562 4907
0.001563 4906
0.001564 4906
0.001565 4906
0.001566 4906
0.001567 4906
0.001568 4905
0.001569 4905
0.00157 4905
0.001571 4905
0.001572 4904
0.001573 4904
0.001574 4904
0.001575 4904
0.001576 4904
0.001577 4905
0.001578 4905
0.001579 4905
0.00158 4905
0.001581 4906
0.001582 4906
0.001583 4906
0.001584 4905
0.001585 4905
0.001586 4904
0.001587 4904
0.001588 4904
0.001589 4904
0.00159 4906
0.001591 4906
0.001592 4907
0.001593 4908
0.001594 4908
0.001595 4907
0.001596 4907
0.001597 4907
0.001598 4907
0.001599 4907
0.0016 4907
0.001601 4907
0.001602 4907
0.001603 4908
0.001604 4908
0.001605 4908
0.001606 4909
0.001607 4909
0.001608 4908
0.001609 4908
0.00161 4908
0.001611 4908
0.001612 4908
0.001613 4907
0.001614 4907
0.001615 4907
0.001616 4907
0.001617 4907
0.001618 4906
0.001619 4906
0.00162 4906
0.001621 4906
0.001622 4906
0.001623 4906
0.001624 4905
0.001625 4905
0.001626 4905
0.001627 4905
0.001628 4905
0.001629 4905
0.00163 4905
0.001631 4905
0.001632 4904
0.001633 4903
0.001634 4903
0.001635 4904
0.001636 4904
0.001637 4903
0.001638 4905
0.001639 4905
0.00164 4905
0.001641 4905
0.001642 4905
0.001643 4905
0.001644 4905
0.001645 4905
0.001646 4905
0.001647 4905
0.001648 4905
0.001649 4905
0.00165 4905
0.001651 4905
0.001652 4905
0.001653 4906
0.001654 4906
0.001655 4906
0.001656 4906
0.001657 4907
0.001658 4907
0.001659 4906
0.00166 4906
0.001661 4906
0.001662 4906
0.001663 4906
0.001664 4906
0.001665 4906
0.001666 4906
0.001667 4906
0.001668 4906
0.001669 4906
0.00167 4906
0.001671 4906
0.001672 4906
0.001673 4906
0.001674 4906
0.001675 4906
0.001676 4905
0.001677 4905
0.001678 4904
0.001679 4904
0.00168 4904
0.001681 4904
0.001682 4904
0.001683 4904
0.001684 4904
0.001685 4904
0.001686 4905
0.001687 4905
0.001688 4905
0.001689 4905
0.00169 4905
0.001691 4904
0.001692 4904
0.001693 4905
0.001694 4905
0.001695 4905
0.001696 4905
0.001697 4906
0.001698 4906
0.001699 4907
0.0017 4907
0.001701 4907
0.001702 4908
0.001703 4908
0.001704 4908
0.001705 4908
0.001706 4909
0.001707 4909
0.001708 4909
0.001709 4909
0.00171 4909
0.001711 4909
0.001712 4909
0.001713 4909
0.001714 4909
0.001715 4909
0.001716 4908
0.001717 4908
0.001718 4908
0.001719 4909
0.00172 4909
0.001721 4908
0.001722 4908
0.001723 4908
0.001724 4908
0.001725 4908
0.001726 4908
0.001727 4908
0.001728 4908
0.001729 4908
0.00173 4907
0.001731 4907
0.001732 4907
0.001733 4908
0.001734 4909
0.001735 4909
0.001736 4909
0.001737 4909
0.001738 4908
0.001739 4909
0.00174 4910
0.001741 4910
0.001742 4910
0.001743 4910
0.001744 4910
0.001745 4910
0.001746 4910
0.001747 4910
0.001748 4910
0.001749 4909
0.00175 4909
0.001751 4909
0.001752 4909
0.001753 4909
0.001754 4910
0.001755 4908
0.001756 4908
0.001757 4908
0.001758 4908
0.001759 4907
0.00176 4907
0.001761 4907
0.001762 4906
0.001763 4906
0.001764 4906
0.001765 4906
0.001766 4905
0.001767 4905
0.001768 4905
0.001769 4905
0.00177 4904
0.001771 4904
0.001772 4904
0.001773 4903
0.001774 4903
0.001775 4903
0.001776 4903
0.001777 4903
0.001778 4903
0.001779 4903
0.00178 4903
0.001781 4903
0.001782 4903
0.001783 4903
0.001784 4903
0.001785 4903
0.001786 4903
0.001787 4903
0.001788 4903
0.001789 4903
0.00179 4903
0.001791 4902
0.001792 4902
0.001793 4902
0.001794 4901
0.001795 4901
0.001796 4901
0.001797 4901
0.001798 4901
0.001799 4901
0.0018 4901
0.001801 4901
0.001802 4901
0.001803 4900
0.001804 4900
0.001805 4900
0.001806 4900
0.001807 4900
0.001808 4900
0.001809 4901
0.00181 4901
0.001811 4900
0.001812 4900
0.001813 4900
0.001814 4900
0.001815 4900
0.001816 4900
0.001817 4900
0.001818 4900
0.001819 4900
0.00182 4900
0.001821 4900
0.001822 4902
0.001823 4902
0.001824 4902
0.001825 4903
0.001826 4903
0.001827 4903
0.001828 4903
0.001829 4903
0.00183 4904
0.001831 4904
0.001832 4906
0.001833 4906
0.001834 4906
0.001835 4905
0.001836 4905
0.001837 4905
0.001838 4905
0.001839 4905
0.00184 4905
0.001841 4904
0.001842 4904
0.001843 4904
0.001844 4905
0.001845 4904
0.001846 4904
0.001847 4905
0.001848 4905
0.001849 4905
0.00185 4905
0.001851 4905
0.001852 4906
0.001853 4906
0.001854 4906
0.001855 4906
0.001856 4906
0.001857 4906
0.001858 4908
0.001859 4908
0.00186 4908
0.001861 4908
0.001862 4908
0.001863 4907
0.001864 4907
0.001865 4907
0.001866 4906
0.001867 4906
0.001868 4906
0.001869 4906
0.00187 4906
0.001871 4905
0.001872 4904
0.001873 4904
0.001874 4904
0.001875 4904
0.001876 4904
0.001877 4904
0.001878 4904
0.001879 4904
0.00188 4904
0.001881 4904
0.001882 4904
0.001883 4904
0.001884 4904
0.001885 4904
0.001886 4904
0.001887 4904
0.001888 4904
0.001889 4904
0.00189 4904
0.001891 4904
0.001892 4903
0.001893 4903
0.001894 4903
0.001895 4903
0.001896 4903
0.001897 4902
0.001898 4902
0.001899 4902
0.0019 4902
0.001901 4902
0.001902 4902
0.001903 4902
0.001904 4902
0.001905 4902
0.001906 4902
0.001907 4901
0.001908 4901
0.001909 4901
0.00191 4901
0.001911 4901
0.001912 4901
0.001913 4903
0.001914 4903
0.001915 4905
0.001916 4906
0.001917 4905
0.001918 4906
0.001919 4905
0.00192 4904
0.001921 4904
0.001922 4903
0.001923 4903
0.001924 4903
0.001925 4903
0.001926 4902
0.001927 4902
0.001928 4901
0.001929 4900
0.00193 4900
0.001931 4901
0.001932 4900
0.001933 4900
0.001934 4900
0.001935 4902
0.001936 4902
0.001937 4902
0.001938 4903
0.001939 4903
0.00194 4903
0.001941 4902
0.001942 4903
0.001943 4903
0.001944 4903
0.001945 4903
0.001946 4903
0.001947 4903
0.001948 4903
0.001949 4904
0.00195 4903
0.001951 4903
0.001952 4903
0.001953 4903
0.001954 4904
0.001955 4904
0.001956 4904
0.001957 4904
0.001958 4904
0.001959 4904
0.00196 4903
0.001961 4903
0.001962 4903
0.001963 4904
0.001964 4905
0.001965 4906
0.001966 4907
0.001967 4907
0.001968 4907
0.001969 4907
0.00197 4906
0.001971 4908
0.001972 4907
0.001973 4906
0.001974 4906
0.001975 4905
0.001976 4905
0.001977 4905
0.001978 4905
0.001979 4905
0.00198 4905
0.001981 4903
0.001982 4903
0.001983 4902
0.001984 4902
0.001985 4900
0.001986 4902
0.001987 4901
0.001988 4901
0.001989 4902
0.00199 4902
0.001991 4902
0.001992 4902
0.001993 4902
0.001994 4902
0.001995 4901
0.001996 4901
0.001997 4901
0.001998 4901
0.001999 4898
0.002 4897
0.002001 4895
0.002002 4896
0.002003 4896
0.002004 4896
0.002005 4897
0.002006 4897
0.002007 4898
0.002008 4897
0.002009 4897
0.00201 4897
0.002011 4897
0.002012 4898
0.002013 4898
0.002014 4898
0.002015 4897
0.002016 4897
0.002017 4897
0.002018 4897
0.002019 4896
0.00202 4897
0.002021 4897
0.002022 4897
0.002023 4897
0.002024 4897
0.002025 4898
0.002026 4898
0.002027 4898
0.002028 4896
0.002029 4896
0.00203 4896
0.002031 4896
0.002032 4895
0.002033 4895
0.002034 4894
0.002035 4894
0.002036 4894
0.002037 4895
0.002038 4895
0.002039 4895
0.00204 4895
0.002041 4895
0.002042 4895
0.002043 4895
0.002044 4895
0.002045 4895
0.002046 4895
0.002047 4895
0.002048 4895
0.002049 4896
0.00205 4896
0.002051 4895
0.002052 4895
0.002053 4895
0.002054 4895
0.002055 4895
0.002056 4895
0.002057 4895
0.002058 4895
0.002059 4895
0.00206 4894
0.002061 4894
0.002062 4894
0.002063 4894
0.002064 4894
0.002065 4894
0.002066 4894
0.002067 4895
0.002068 4895
0.002069 4895
0.00207 4895
0.002071 4895
0.002072 4895
0.002073 4897
0.002074 4896
0.002075 4896
0.002076 4896
0.002077 4897
0.002078 4897
0.002079 4897
0.00208 4897
0.002081 4898
0.002082 4899
0.002083 4899
0.002084 4899
0.002085 4899
0.002086 4899
0.002087 4899
0.002088 4899
0.002089 4899
0.00209 4898
0.002091 4898
0.002092 4898
0.002093 4898
0.002094 4898
0.002095 4898
0.002096 4898
0.002097 4898
0.002098 4898
0.002099 4898
0.0021 4897
0.002101 4897
0.002102 4897
0.002103 4898
0.002104 4898
0.002105 4897
0.002106 4896
0.002107 4894
0.002108 4894
0.002109 4893
0.00211 4893
0.002111 4893
0.002112 4893
0.002113 4893
0.002114 4893
0.002115 4893
0.002116 4893
0.002117 4894
0.002118 4894
0.002119 4895
0.00212 4895
0.002121 4895
0.002122 4895
0.002123 4894
0.002124 4894
0.002125 4894
0.002126 4894
0.002127 4894
0.002128 4894
0.002129 4894
0.00213 4894
0.002131 4894
0.002132 4894
0.002133 4894
0.002134 4894
0.002135 4894
0.002136 4894
0.002137 4894
0.002138 4894
0.002139 4894
0.00214 4894
0.002141 4894
0.002142 4894
0.002143 4894
0.002144 4895
0.002145 4895
0.002146 4895
0.002147 4895
0.002148 4895
0.002149 4895
0.00215 4895
0.002151 4895
0.002152 4895
0.002153 4895
0.002154 4895
0.002155 4895
0.002156 4895
0.002157 4895
0.002158 4895
0.002159 4895
0.00216 4896
0.002161 4896
0.002162 4895
0.002163 4894
0.002164 4894
0.002165 4895
0.002166 4895
0.002167 4895
0.002168 4895
0.002169 4895
0.00217 4895
0.002171 4894
0.002172 4893
0.002173 4893
0.002174 4894
0.002175 4894
0.002176 4894
0.002177 4894
0.002178 4894
0.002179 4894
0.00218 4894
0.002181 4894
0.002182 4894
0.002183 4894
0.002184 4895
0.002185 4894
0.002186 4894
0.002187 4894
0.002188 4894
0.002189 4894
0.00219 4894
0.002191 4894
0.002192 4895
0.002193 4895
0.002194 4895
0.002195 4895
0.002196 4895
0.002197 4895
0.002198 4895
0.002199 4894
0.0022 4894
0.002201 4893
0.002202 4893
0.002203 4893
0.002204 4893
0.002205 4893
0.002206 4893
0.002207 4894
0.002208 4894
0.002209 4894
0.00221 4893
0.002211 4894
0.002212 4894
0.002213 4894
0.002214 4895
0.002215 4895
0.002216 4895
0.002217 4895
0.002218 4895
0.002219 4895
0.00222 4895
0.002221 4895
0.002222 4895
0.002223 4895
0.002224 4896
0.002225 4896
0.002226 4896
0.002227 4896
0.002228 4896
0.002229 4896
0.00223 4897
0.002231 4897
0.002232 4897
0.002233 4897
0.002234 4897
0.002235 4897
0.002236 4899
0.002237 4899
0.002238 4898
0.002239 4898
0.00224 4898
0.002241 4898
0.002242 4898
0.002243 4898
0.002244 4898
0.002245 4898
0.002246 4898
0.002247 4896
0.002248 4897
0.002249 4897
0.00225 4897
0.002251 4896
0.002252 4896
0.002253 4896
0.002254 4896
0.002255 4896
0.002256 4896
0.002257 4897
0.002258 4897
0.002259 4897
0.00226 4898
0.002261 4898
0.002262 4897
0.002263 4897
0.002264 4898
0.002265 4898
0.002266 4898
0.002267 4899
0.002268 4899
0.002269 4899
0.00227 4899
0.002271 4899
0.002272 4898
0.002273 4898
0.002274 4898
0.002275 4898
0.002276 4898
0.002277 4898
0.002278 4898
0.002279 4897
0.00228 4897
0.002281 4897
0.002282 4897
0.002283 4897
0.002284 4898
0.002285 4898
0.002286 4898
0.002287 4897
0.002288 4898
0.002289 4897
0.00229 4897
0.002291 4897
0.002292 4897
0.002293 4897
0.002294 4897
0.002295 4897
0.002296 4897
0.002297 4897
0.002298 4897
0.002299 4898
0.0023 4898
0.002301 4898
0.002302 4898
0.002303 4898
0.002304 4898
0.002305 4897
0.002306 4896
0.002307 4896
0.002308 4896
0.002309 4896
0.00231 4896
0.002311 4896
0.002312 4897
0.002313 4898
0.002314 4897
0.002315 4897
0.002316 4896
0.002317 4896
0.002318 4896
0.002319 4896
0.00232 4895
0.002321 4895
0.002322 4895
0.002323 4897
0.002324 4897
0.002325 4897
0.002326 4897
0.002327 4896
0.002328 4896
0.002329 4895
0.00233 4895
0.002331 4895
0.002332 4895
0.002333 4895
0.002334 4895
0.002335 4894
0.002336 4894
0.002337 4894
0.002338 4893
0.002339 4893
0.00234 4892
0.002341 4892
0.002342 4892
0.002343 4893
0.002344 4893
0.002345 4893
0.002346 4893
0.002347 4894
0.002348 4894
0.002349 4894
0.00235 4894
0.002351 4895
0.002352 4895
0.002353 4896
0.002354 4895
0.002355 4895
0.002356 4896
0.002357 4897
0.002358 4896
0.002359 4896
0.00236 4897
0.002361 4896
0.002362 4895
0.002363 4895
0.002364 4895
0.002365 4895
0.002366 4896
0.002367 4896
0.002368 4898
0.002369 4898
0.00237 4899
0.002371 4900
0.002372 4900
0.002373 4900
0.002374 4900
0.002375 4901
0.002376 4901
0.002377 4901
0.002378 4901
0.002379 4901
0.00238 4901
0.002381 4901
0.002382 4901
0.002383 4901
0.002384 4901
0.002385 4901
0.002386 4901
0.002387 4900
0.002388 4900
0.002389 4900
0.00239 4901
0.002391 4901
0.002392 4901
0.002393 4901
0.002394 4901
0.002395 4901
0.002396 4901
0.002397 4901
0.002398 4901
0.002399 4901
0.0024 4901
0.002401 4901
0.002402 4901
0.002403 4901
0.002404 4900
0.002405 4901
0.002406 4903
0.002407 4903
0.002408 4903
0.002409 4902
0.00241 4902
0.002411 4904
0.002412 4903
0.002413 4902
0.002414 4902
0.002415 4903
0.002416 4904
0.002417 4904
0.002418 4904
0.002419 4904
0.00242 4904
0.002421 4904
0.002422 4904
0.002423 4904
0.002424 4903
0.002425 4903
0.002426 4903
0.002427 4903
0.002428 4902
0.002429 4902
0.00243 4903
0.002431 4903
0.002432 4903
0.002433 4903
0.002434 4903
0.002435 4903
0.002436 4903
0.002437 4903
0.002438 4903
0.002439 4903
0.00244 4903
0.002441 4902
0.002442 4903
0.002443 4903
0.002444 4903
0.002445 4904
0.002446 4904
0.002447 4904
0.002448 4906
0.002449 4906
0.00245 4906
0.002451 4906
0.002452 4906
0.002453 4906
0.002454 4906
0.002455 4905
0.002456 4905
0.002457 4905
0.002458 4904
0.002459 4904
0.00246 4904
0.002461 4904
0.002462 4904
0.002463 4904
0.002464 4904
0.002465 4903
0.002466 4903
0.002467 4903
0.002468 4903
0.002469 4903
0.00247 4903
0.002471 4903
0.002472 4903
0.002473 4903
0.002474 4903
0.002475 4903
0.002476 4903
0.002477 4903
0.002478 4903
0.002479 4903
0.00248 4903
0.002481 4903
0.002482 4903
0.002483 4904
0.002484 4904
0.002485 4903
0.002486 4904
0.002487 4905
0.002488 4905
0.002489 4905
0.00249 4905
0.002491 4904
0.002492 4903
0.002493 4903
0.002494 4903
0.002495 4903
0.002496 4904
0.002497 4904
0.002498 4905
0.002499 4904
0.0025 4904
0.002501 4903
0.002502 4902
0.002503 4902
0.002504 4903
0.002505 4903
0.002506 4903
0.002507 4904
0.002508 4905
0.002509 4906
0.00251 4906
0.002511 4905
0.002512 4905
0.002513 4905
0.002514 4905
0.002515 4905
0.002516 4905
0.002517 4905
0.002518 4905
0.002519 4905
0.00252 4905
0.002521 4905
0.002522 4905
0.002523 4905
0.002524 4905
0.002525 4905
0.002526 4905
0.002527 4905
0.002528 4905
0.002529 4905
0.00253 4905
0.002531 4904
0.002532 4902
0.002533 4902
0.002534 4902
0.002535 4903
0.002536 4903
0.002537 4904
0.002538 4905
0.002539 4905
0.00254 4905
0.002541 4905
0.002542 4905
0.002543 4906
0.002544 4906
0.002545 4906
0.002546 4906
0.002547 4905
0.002548 4906
0.002549 4905
0.00255 4905
0.002551 4905
0.002552 4905
0.002553 4905
0.002554 4906
0.002555 4906
0.002556 4906
0.002557 4906
0.002558 4905
0.002559 4905
0.00256 4905
0.002561 4905
0.002562 4905
0.002563 4905
0.002564 4905
0.002565 4905
0.002566 4905
0.002567 4905
0.002568 4905
0.002569 4906
0.00257 4907
0.002571 4907
0.002572 4907
0.002573 4907
0.002574 4907
0.002575 4907
0.002576 4907
0.002577 4907
0.002578 4906
0.002579 4906
0.00258 4906
0.002581 4907
0.002582 4907
0.002583 4907
0.002584 4908
0.002585 4908
0.002586 4908
0.002587 4910
0.002588 4909
0.002589 4909
0.00259 4909
0.002591 4909
0.002592 4910
0.002593 4910
0.002594 4910
0.002595 4910
0.002596 4909
0.002597 4909
0.002598 4909
0.002599 4909
0.0026 4908
0.002601 4908
0.002602 4908
0.002603 4908
0.002604 4908
0.002605 4908
0.002606 4908
0.002607 4908
0.002608 4908
0.002609 4908
0.00261 4908
0.002611 4908
0.002612 4908
0.002613 4908
0.002614 4908
0.002615 4908
0.002616 4908
0.002617 4908
0.002618 4908
0.002619 4908
0.00262 4909
0.002621 4909
0.002622 4910
0.002623 4910
0.002624 4909
0.002625 4908
0.002626 4908
0.002627 4906
0.002628 4906
0.002629 4906
0.00263 4906
0.002631 4906
0.002632 4906
0.002633 4906
0.002634 4905
0.002635 4905
0.002636 4904
0.002637 4905
0.002638 4907
0.002639 4907
0.00264 4907
0.002641 4907
0.002642 4905
0.002643 4904
0.002644 4904
0.002645 4904
0.002646 4904
0.002647 4904
0.002648 4905
0.002649 4905
0.00265 4906
0.002651 4906
0.002652 4906
0.002653 4906
0.002654 4906
0.002655 4906
0.002656 4906
0.002657 4906
0.002658 4907
0.002659 4906
0.00266 4905
0.002661 4905
0.002662 4905
0.002663 4905
0.002664 4906
0.002665 4906
0.002666 4906
0.002667 4906
0.002668 4906
0.002669 4907
0.00267 4908
0.002671 4908
0.002672 4908
0.002673 4908
0.002674 4908
0.002675 4908
0.002676 4907
0.002677 4907
0.002678 4907
0.002679 4907
0.00268 4908
0.002681 4908
0.002682 4908
0.002683 4909
0.002684 4909
0.002685 4909
0.002686 4909
0.002687 4909
0.002688 4908
0.002689 4908
0.00269 4907
0.002691 4907
0.002692 4909
0.002693 4911
0.002694 4911
0.002695 4911
0.002696 4911
0.002697 4911
0.002698 4909
0.002699 4909
0.0027 4909
0.002701 4910
0.002702 4910
0.002703 4910
0.002704 4911
0.002705 4911
0.002706 4911
0.002707 4911
0.002708 4911
0.002709 4911
0.00271 4910
0.002711 4910
0.002712 4911
0.002713 4911
0.002714 4911
0.002715 4911
0.002716 4911
0.002717 4911
0.002718 4911
0.002719 4912
0.00272 4912
0.002721 4912
0.002722 4912
0.002723 4912
0.002724 4913
0.002725 4913
0.002726 4913
0.002727 4914
0.002728 4914
0.002729 4914
0.00273 4915
0.002731 4916
0.002732 4915
0.002733 4915
0.002734 4915
0.002735 4915
0.002736 4915
0.002737 4915
0.002738 4915
0.002739 4914
0.00274 4914
0.002741 4914
0.002742 4914
0.002743 4914
0.002744 4914
0.002745 4915
0.002746 4916
0.002747 4916
0.002748 4917
0.002749 4917
0.00275 4917
0.002751 4917
0.002752 4916
0.002753 4916
0.002754 4916
0.002755 4916
0.002756 4916
0.002757 4916
0.002758 4916
0.002759 4916
0.00276 4915
0.002761 4915
0.002762 4914
0.002763 4914
0.002764 4914
0.002765 4914
0.002766 4914
0.002767 4914
0.002768 4914
0.002769 4914
0.00277 4914
0.002771 4914
0.002772 4916
0.002773 4916
0.002774 4916
0.002775 4916
0.002776 4916
0.002777 4916
0.002778 4916
0.002779 4916
0.00278 4916
0.002781 4916
0.002782 4917
0.002783 4916
0.002784 4915
0.002785 4915
0.002786 4916
0.002787 4915
0.002788 4915
0.002789 4915
0.00279 4914
0.002791 4914
0.002792 4914
0.002793 4915
0.002794 4915
0.002795 4915
0.002796 4915
0.002797 4915
0.002798 4915
0.002799 4914
0.0028 4912
0.002801 4912
0.002802 4912
0.002803 4912
0.002804 4912
0.002805 4912
0.002806 4912
0.002807 4912
0.002808 4912
0.002809 4913
0.00281 4913
0.002811 4913
0.002812 4913
0.002813 4913
0.002814 4913
0.002815 4913
0.002816 4912
0.002817 4912
0.002818 4912
0.002819 4913
0.00282 4913
0.002821 4913
0.002822 4913
0.002823 4914
0.002824 4914
0.002825 4914
0.002826 4914
0.002827 4914
0.002828 4914
0.002829 4914
0.00283 4914
0.002831 4914
0.002832 4914
0.002833 4913
0.002834 4913
0.002835 4912
0.002836 4912
0.002837 4912
0.002838 4915
0.002839 4916
0.00284 4915
0.002841 4914
0.002842 4914
0.002843 4914
0.002844 4914
0.002845 4914
0.002846 4914
0.002847 4914
0.002848 4913
0.002849 4913
0.00285 4912
0.002851 4912
0.002852 4912
0.002853 4911
0.002854 4911
0.002855 4911
0.002856 4911
0.002857 4910
0.002858 4910
0.002859 4911
0.00286 4911
0.002861 4910
0.002862 4910
0.002863 4909
0.002864 4909
0.002865 4909
0.002866 4909
0.002867 4909
0.002868 4909
0.002869 4909
0.00287 4908
0.002871 4908
0.002872 4908
0.002873 4908
0.002874 4908
0.002875 4908
0.002876 4908
0.002877 4908
0.002878 4908
0.002879 4908
0.00288 4907
0.002881 4907
0.002882 4907
0.002883 4907
0.002884 4909
0.002885 4909
0.002886 4909
0.002887 4909
0.002888 4909
0.002889 4908
0.00289 4908
0.002891 4908
0.002892 4908
0.002893 4908
0.002894 4909
0.002895 4909
0.002896 4909
0.002897 4909
0.002898 4909
0.002899 4908
0.0029 4908
0.002901 4907
0.002902 4908
0.002903 4908
0.002904 4908
0.002905 4908
0.002906 4908
0.002907 4908
0.002908 4908
0.002909 4908
0.00291 4908
0.002911 4908
0.002912 4908
0.002913 4908
0.002914 4907
0.002915 4907
0.002916 4907
0.002917 4907
0.002918 4907
0.002919 4906
0.00292 4906
0.002921 4905
0.002922 4905
0.002923 4905
0.002924 4905
0.002925 4905
0.002926 4905
0.002927 4905
0.002928 4905
0.002929 4905
0.00293 4905
0.002931 4905
0.002932 4905
0.002933 4905
0.002934 4905
0.002935 4906
0.002936 4906
0.002937 4907
0.002938 4907
0.002939 4907
0.00294 4907
0.002941 4907
0.002942 4906
0.002943 4907
0.002944 4907
0.002945 4906
0.002946 4906
0.002947 4906
0.002948 4906
0.002949 4906
0.00295 4906
0.002951 4906
0.002952 4905
0.002953 4905
0.002954 4905
0.002955 4905
0.002956 4905
0.002957 4905
0.002958 4905
0.002959 4906
0.00296 4906
0.002961 4906
0.002962 4905
0.002963 4905
0.002964 4905
0.002965 4906
0.002966 4905
0.002967 4905
0.002968 4904
0.002969 4904
0.00297 4904
0.002971 4904
0.002972 4905
0.002973 4904
0.002974 4904
0.002975 4905
0.002976 4905
0.002977 4905
0.002978 4904
0.002979 4904
0.00298 4904
0.002981 4904
0.002982 4904
0.002983 4904
0.002984 4904
0.002985 4904
0.002986 4905
0.002987 4905
0.002988 4905
0.002989 4905
0.00299 4905
0.002991 4906
0.002992 4905
0.002993 4905
0.002994 4905
0.002995 4904
0.002996 4904
0.002997 4904
0.002998 4904
0.002999 4904
0.003 4904
0.003001 4904
0.003002 4904
0.003003 4905
0.003004 4905
0.003005 4905
0.003006 4905
0.003007 4906
0.003008 4907
0.003009 4907
0.00301 4907
0.003011 4908
0.003012 4908
0.003013 4908
0.003014 4908
0.003015 4908
0.003016 4908
0.003017 4909
0.003018 4909
0.003019 4909
0.00302 4910
0.003021 4910
0.003022 4910
0.003023 4910
0.003024 4910
0.003025 4911
0.003026 4911
0.003027 4911
0.003028 4911
0.003029 4911
0.00303 4911
0.003031 4911
0.003032 4911
0.003033 4911
0.003034 4911
0.003035 4911
0.003036 4911
0.003037 4911
0.003038 4911
0.003039 4910
0.00304 4910
0.003041 4910
0.003042 4910
0.003043 4910
0.003044 4910
0.003045 4910
0.003046 4911
0.003047 4912
0.003048 4912
0.003049 4913
0.00305 4913
0.003051 4913
0.003052 4913
0.003053 4913
0.003054 4912
0.003055 4912
0.003056 4912
0.003057 4912
0.003058 4912
0.003059 4912
0.00306 4913
0.003061 4913
0.003062 4913
0.003063 4913
0.003064 4913
0.003065 4913
0.003066 4914
0.003067 4915
0.003068 4915
0.003069 4915
0.00307 4918
0.003071 4918
0.003072 4918
0.003073 4918
0.003074 4918
0.003075 4918
0.003076 4918
0.003077 4917
0.003078 4917
0.003079 4919
0.00308 4919
0.003081 4919
0.003082 4918
0.003083 4918
0.003084 4918
0.003085 4918
0.003086 4918
0.003087 4918
0.003088 4918
0.003089 4918
0.00309 4919
0.003091 4919
0.003092 4920
0.003093 4920
0.003094 4920
0.003095 4922
0.003096 4922
0.003097 4922
0.003098 4923
0.003099 4923
0.0031 4923
0.003101 4923
0.003102 4923
0.003103 4923
0.003104 4923
0.003105 4922
0.003106 4922
0.003107 4922
0.003108 4922
0.003109 4922
0.00311 4923
0.003111 4923
0.003112 4923
0.003113 4922
0.003114 4921
0.003115 4921
0.003116 4921
0.003117 4921
0.003118 4921
0.003119 4921
0.00312 4921
0.003121 4921
0.003122 4921
0.003123 4921
0.003124 4921
0.003125 4922
0.003126 4922
0.003127 4922
0.003128 4922
0.003129 4922
0.00313 4922
0.003131 4922
0.003132 4923
0.003133 4923
0.003134 4923
0.003135 4923
0.003136 4923
0.003137 4924
0.003138 4924
0.003139 4923
0.00314 4923
0.003141 4923
0.003142 4923
0.003143 4923
0.003144 4923
0.003145 4923
0.003146 4924
0.003147 4924
0.003148 4924
0.003149 4924
0.00315 4925
0.003151 4924
0.003152 4924
0.003153 4924
0.003154 4924
0.003155 4925
0.003156 4925
0.003157 4924
0.003158 4924
0.003159 4922
0.00316 4923
0.003161 4923
0.003162 4923
0.003163 4924
0.003164 4924
0.003165 4924
0.003166 4924
0.003167 4923
0.003168 4923
0.003169 4923
0.00317 4923
0.003171 4923
0.003172 4922
0.003173 4921
0.003174 4920
0.003175 4920
0.003176 4920
0.003177 4920
0.003178 4920
0.003179 4920
0.00318 4920
0.003181 4920
0.003182 4918
0.003183 4918
0.003184 4919
0.003185 4919
0.003186 4919
0.003187 4919
0.003188 4919
0.003189 4919
0.00319 4919
0.003191 4919
0.003192 4919
0.003193 4920
0.003194 4920
0.003195 4919
0.003196 4918
0.003197 4918
0.003198 4918
0.003199 4919
0.0032 4919
0.003201 4920
0.003202 4920
0.003203 4920
0.003204 4920
0.003205 4920
0.003206 4920
0.003207 4920
0.003208 4920
0.003209 4920
0.00321 4920
0.003211 4920
0.003212 4919
0.003213 4919
0.003214 4920
0.003215 4920
0.003216 4920
0.003217 4920
0.003218 4920
0.003219 4919
0.00322 4919
0.003221 4919
0.003222 4919
0.003223 4919
0.003224 4918
0.003225 4918
0.003226 4918
0.003227 4917
0.003228 4917
0.003229 4917
0.00323 4917
0.003231 4917
0.003232 4917
0.003233 4917
0.003234 4917
0.003235 4917
0.003236 4917
0.003237 4916
0.003238 4916
0.003239 4915
0.00324 4915
0.003241 4915
0.003242 4914
0.003243 4914
0.003244 4914
0.003245 4914
0.003246 4914
0.003247 4914
0.003248 4914
0.003249 4914
0.00325 4914
0.003251 4914
0.003252 4915
0.003253 4915
0.003254 4915
0.003255 4915
0.003256 4915
0.003257 4915
0.003258 4915
0.003259 4915
0.00326 4914
0.003261 4914
0.003262 4914
0.003263 4914
0.003264 4914
0.003265 4915
0.003266 4916
0.003267 4917
0.003268 4917
0.003269 4917
0.00327 4917
0.003271 4917
0.003272 4917
0.003273 4918
0.003274 4918
0.003275 4917
0.003276 4917
0.003277 4917
0.003278 4917
0.003279 4917
0.00328 4917
0.003281 4917
0.003282 4917
0.003283 4917
0.003284 4917
0.003285 4917
0.003286 4917
0.003287 4917
0.003288 4917
0.003289 4916
0.00329 4917
0.003291 4917
0.003292 4917
0.003293 4917
0.003294 4917
0.003295 4918
0.003296 4917
0.003297 4917
0.003298 4917
0.003299 4918
0.0033 4918
0.003301 4918
0.003302 4917
0.003303 4917
0.003304 4917
0.003305 4917
0.003306 4918
0.003307 4918
0.003308 4918
0.003309 4917
0.00331 4916
0.003311 4916
0.003312 4916
0.003313 4916
0.003314 4916
0.003315 4915
0.003316 4914
0.003317 4915
0.003318 4914
0.003319 4914
0.00332 4914
0.003321 4914
0.003322 4914
0.003323 4914
0.003324 4914
0.003325 4914
0.003326 4914
0.003327 4913
0.003328 4914
0.003329 4914
0.00333 4914
0.003331 4914
0.003332 4914
0.003333 4914
0.003334 4914
0.003335 4914
0.003336 4914
0.003337 4914
0.003338 4914
0.003339 4914
0.00334 4913
0.003341 4913
0.003342 4913
0.003343 4913
0.003344 4913
0.003345 4911
0.003346 4911
0.003347 4911
0.003348 4911
0.003349 4910
0.00335 4910
0.003351 4909
0.003352 4908
0.003353 4908
0.003354 4908
0.003355 4908
0.003356 4908
0.003357 4909
0.003358 4909
0.003359 4909
0.00336 4909
0.003361 4909
0.003362 4909
0.003363 4909
0.003364 4909
0.003365 4910
0.003366 4910
0.003367 4910
0.003368 4910
0.003369 4911
0.00337 4911
0.003371 4912
0.003372 4911
0.003373 4911
0.003374 4911
0.003375 4910
0.003376 4910
0.003377 4909
0.003378 4909
0.003379 4910
0.00338 4910
0.003381 4910
0.003382 4910
0.003383 4909
0.003384 4909
0.003385 4909
0.003386 4909
0.003387 4910
0.003388 4911
0.003389 4911
0.00339 4911
0.003391 4911
0.003392 4911
0.003393 4911
0.003394 4910
0.003395 4911
0.003396 4911
0.003397 4912
0.003398 4911
0.003399 4911
0.0034 4911
0.003401 4911
0.003402 4909
0.003403 4909
0.003404 4909
0.003405 4910
0.003406 4910
0.003407 4910
0.003408 4909
0.003409 4909
0.00341 4909
0.003411 4908
0.003412 4908
0.003413 4908
0.003414 4908
0.003415 4908
0.003416 4908
0.003417 4909
0.003418 4909
0.003419 4909
0.00342 4910
0.003421 4910
0.003422 4911
0.003423 4911
0.003424 4911
0.003425 4911
0.003426 4912
0.003427 4912
0.003428 4911
0.003429 4912
0.00343 4913
0.003431 4913
0.003432 4913
0.003433 4913
0.003434 4913
0.003435 4913
0.003436 4913
0.003437 4913
0.003438 4913
0.003439 4913
0.00344 4913
0.003441 4913
0.003442 4912
0.003443 4912
0.003444 4911
0.003445 4911
0.003446 4911
0.003447 4911
0.003448 4911
0.003449 4910
0.00345 4911
0.003451 4911
0.003452 4913
0.003453 4913
0.003454 4913
0.003455 4912
0.003456 4912
0.003457 4912
0.003458 4911
0.003459 4912
0.00346 4913
0.003461 4913
0.003462 4912
0.003463 4912
0.003464 4912
0.003465 4914
0.003466 4914
0.003467 4914
0.003468 4914
0.003469 4914
0.00347 4914
0.003471 4914
0.003472 4913
0.003473 4914
0.003474 4914
0.003475 4914
0.003476 4914
0.003477 4913
0.003478 4911
0.003479 4910
0.00348 4909
0.003481 4909
0.003482 4909
0.003483 4909
0.003484 4909
0.003485 4909
0.003486 4909
0.003487 4909
0.003488 4909
0.003489 4909
0.00349 4909
0.003491 4910
0.003492 4912
0.003493 4910
0.003494 4910
0.003495 4910
0.003496 4909
0.003497 4908
0.003498 4909
0.003499 4909
0.0035 4909
0.003501 4909
0.003502 4910
0.003503 4910
0.003504 4911
0.003505 4911
0.003506 4911
0.003507 4911
0.003508 4912
0.003509 4912
0.00351 4912
0.003511 4912
0.003512 4912
0.003513 4912
0.003514 4912
0.003515 4913
0.003516 4912
0.003517 4912
0.003518 4913
0.003519 4914
0.00352 4914
0.003521 4914
0.003522 4914
0.003523 4914
0.003524 4914
0.003525 4914
0.003526 4914
0.003527 4914
0.003528 4915
0.003529 4916
0.00353 4916
0.003531 4916
0.003532 4916
0.003533 4915
0.003534 4915
0.003535 4915
0.003536 4915
0.003537 4915
0.003538 4914
0.003539 4914
0.00354 4914
0.003541 4913
0.003542 4913
0.003543 4912
0.003544 4912
0.003545 4912
0.003546 4911
0.003547 4912
0.003548 4911
0.003549 4911
0.00355 4911
0.003551 4910
0.003552 4910
0.003553 4910
0.003554 4910
0.003555 4910
0.003556 4910
0.003557 4909
0.003558 4909
0.003559 4910
0.00356 4910
0.003561 4912
0.003562 4913
0.003563 4913
0.003564 4914
0.003565 4914
0.003566 4915
0.003567 4915
0.003568 4916
0.003569 4916
0.00357 4914
0.003571 4913
0.003572 4913
0.003573 4913
0.003574 4913
0.003575 4913
0.003576 4914
0.003577 4913
0.003578 4913
0.003579 4913
0.00358 4913
0.003581 4913
0.003582 4913
0.003583 4913
0.003584 4912
0.003585 4912
0.003586 4912
0.003587 4912
0.003588 4911
0.003589 4911
0.00359 4911
0.003591 4911
0.003592 4910
0.003593 4910
0.003594 4911
0.003595 4911
0.003596 4911
0.003597 4912
0.003598 4912
0.003599 4913
0.0036 4913
0.003601 4913
0.003602 4913
0.003603 4912
0.003604 4912
0.003605 4912
0.003606 4912
0.003607 4912
0.003608 4911
0.003609 4910
0.00361 4910
0.003611 4910
0.003612 4910
0.003613 4909
0.003614 4910
0.003615 4912
0.003616 4912
0.003617 4913
0.003618 4913
0.003619 4913
0.00362 4914
0.003621 4914
0.003622 4914
0.003623 4914
0.003624 4914
0.003625 4914
0.003626 4914
0.003627 4914
0.003628 4914
0.003629 4914
0.00363 4914
0.003631 4914
0.003632 4914
0.003633 4915
0.003634 4915
0.003635 4915
0.003636 4914
0.003637 4914
0.003638 4914
0.003639 4914
0.00364 4914
0.003641 4915
0.003642 4913
0.003643 4913
0.003644 4914
0.003645 4914
0.003646 4914
0.003647 4914
0.003648 4912
0.003649 4912
0.00365 4912
0.003651 4912
0.003652 4912
0.003653 4912
0.003654 4913
0.003655 4913
0.003656 4913
0.003657 4913
0.003658 4912
0.003659 4913
0.00366 4913
0.003661 4913
0.003662 4913
0.003663 4913
0.003664 4913
0.003665 4913
0.003666 4914
0.003667 4914
0.003668 4915
0.003669 4914
0.00367 4913
0.003671 4913
0.003672 4913
0.003673 4913
0.003674 4913
0.003675 4913
0.003676 4913
0.003677 4913
0.003678 4913
0.003679 4913
0.00368 4913
0.003681 4913
0.003682 4913
0.003683 4913
0.003684 4912
0.003685 4912
0.003686 4912
0.003687 4912
0.003688 4913
0.003689 4913
0.00369 4913
0.003691 4912
0.003692 4912
0.003693 4912
0.003694 4912
0.003695 4912
0.003696 4912
0.003697 4912
0.003698 4912
0.003699 4912
0.0037 4912
0.003701 4912
0.003702 4912
0.003703 4912
0.003704 4912
0.003705 4912
0.003706 4913
0.003707 4912
0.003708 4912
0.003709 4912
0.00371 4913
0.003711 4913
0.003712 4913
0.003713 4913
0.003714 4914
0.003715 4914
0.003716 4913
0.003717 4913
0.003718 4913
0.003719 4913
0.00372 4913
0.003721 4913
0.003722 4913
0.003723 4913
0.003724 4913
0.003725 4913
0.003726 4914
0.003727 4914
0.003728 4913
0.003729 4913
0.00373 4913
0.003731 4913
0.003732 4913
0.003733 4913
0.003734 4913
0.003735 4913
0.003736 4913
0.003737 4913
0.003738 4913
0.003739 4913
0.00374 4912
0.003741 4912
0.003742 4912
0.003743 4912
0.003744 4912
0.003745 4912
0.003746 4912
0.003747 4912
0.003748 4912
0.003749 4912
0.00375 4912
0.003751 4912
0.003752 4912
0.003753 4912
0.003754 4913
0.003755 4913
0.003756 4913
0.003757 4913
0.003758 4913
0.003759 4913
0.00376 4913
0.003761 4913
0.003762 4913
0.003763 4913
0.003764 4913
0.003765 4913
0.003766 4913
0.003767 4913
0.003768 4913
0.003769 4913
0.00377 4912
0.003771 4912
0.003772 4912
0.003773 4912
0.003774 4912
0.003775 4912
0.003776 4912
0.003777 4912
0.003778 4912
0.003779 4912
0.00378 4912
0.003781 4912
0.003782 4912
0.003783 4912
0.003784 4912
0.003785 4912
0.003786 4912
0.003787 4912
0.003788 4911
0.003789 4911
0.00379 4912
0.003791 4911
0.003792 4911
0.003793 4911
0.003794 4911
0.003795 4911
0.003796 4911
0.003797 4911
0.003798 4911
0.003799 4911
0.0038 4911
0.003801 4911
0.003802 4912
0.003803 4912
0.003804 4912
0.003805 4912
0.003806 4912
0.003807 4912
0.003808 4912
0.003809 4912
0.00381 4912
0.003811 4912
0.003812 4911
0.003813 4911
0.003814 4911
0.003815 4911
0.003816 4911
0.003817 4911
0.003818 4911
0.003819 4911
0.00382 4912
0.003821 4912
0.003822 4912
0.003823 4912
0.003824 4912
0.003825 4912
0.003826 4911
0.003827 4911
0.003828 4911
0.003829 4911
0.00383 4911
0.003831 4910
0.003832 4909
0.003833 4909
0.003834 4909
0.003835 4908
0.003836 4907
0.003837 4907
0.003838 4907
0.003839 4907
0.00384 4907
0.003841 4907
0.003842 4907
0.003843 4907
0.003844 4907
0.003845 4907
0.003846 4907
0.003847 4907
0.003848 4907
0.003849 4908
0.00385 4908
0.003851 4908
0.003852 4907
0.003853 4907
0.003854 4907
0.003855 4907
0.003856 4907
0.003857 4907
0.003858 4907
0.003859 4907
0.00386 4907
0.003861 4907
0.003862 4906
0.003863 4906
0.003864 4906
0.003865 4906
0.003866 4906
0.003867 4907
0.003868 4907
0.003869 4906
0.00387 4906
0.003871 4906
0.003872 4906
0.003873 4907
0.003874 4907
0.003875 4908
0.003876 4909
0.003877 4909
0.003878 4909
0.003879 4909
0.00388 4910
0.003881 4912
0.003882 4912
0.003883 4912
0.003884 4912
0.003885 4912
0.003886 4912
0.003887 4912
0.003888 4913
0.003889 4913
0.00389 4913
0.003891 4913
0.003892 4913
0.003893 4913
0.003894 4913
0.003895 4912
0.003896 4912
0.003897 4912
0.003898 4912
0.003899 4913
0.0039 4913
0.003901 4913
0.003902 4913
0.003903 4913
0.003904 4913
0.003905 4913
0.003906 4913
0.003907 4913
0.003908 4913
0.003909 4913
0.00391 4913
0.003911 4913
0.003912 4913
0.003913 4913
0.003914 4913
0.003915 4913
0.003916 4913
0.003917 4913
0.003918 4913
0.003919 4913
0.00392 4913
0.003921 4913
0.003922 4913
0.003923 4913
0.003924 4913
0.003925 4913
0.003926 4914
0.003927 4914
0.003928 4914
0.003929 4913
0.00393 4913
0.003931 4912
0.003932 4912
0.003933 4912
0.003934 4912
0.003935 4912
0.003936 4910
0.003937 4911
0.003938 4911
0.003939 4911
0.00394 4910
0.003941 4910
0.003942 4910
0.003943 4909
0.003944 4911
0.003945 4911
0.003946 4911
0.003947 4911
0.003948 4911
0.003949 4911
0.00395 4911
0.003951 4911
0.003952 4911
0.003953 4911
0.003954 4912
0.003955 4912
0.003956 4911
0.003957 4911
0.003958 4911
0.003959 4911
0.00396 4912
0.003961 4912
0.003962 4912
0.003963 4912
0.003964 4913
0.003965 4913
0.003966 4912
0.003967 4913
0.003968 4913
0.003969 4913
0.00397 4913
0.003971 4913
0.003972 4912
0.003973 4911
0.003974 4910
0.003975 4910
0.003976 4910
0.003977 4909
0.003978 4909
0.003979 4907
0.00398 4907
0.003981 4907
0.003982 4907
0.003983 4907
0.003984 4908
0.003985 4908
0.003986 4908
0.003987 4909
0.003988 4909
0.003989 4908
0.00399 4908
0.003991 4909
0.003992 4909
0.003993 4909
0.003994 4909
0.003995 4909
0.003996 4909
0.003997 4909
0.003998 4908
0.003999 4908
0.004 4908
0.004001 4908
0.004002 4907
0.004003 4908
0.004004 4908
0.004005 4909
0.004006 4909
0.004007 4908
0.004008 4908
0.004009 4908
0.00401 4908
0.004011 4908
0.004012 4908
0.004013 4908
0.004014 4907
0.004015 4907
0.004016 4907
0.004017 4907
0.004018 4907
0.004019 4908
0.00402 4908
0.004021 4908
0.004022 4907
0.004023 4907
0.004024 4908
0.004025 4908
0.004026 4909
0.004027 4908
0.004028 4909
0.004029 4909
0.00403 4910
0.004031 4910
0.004032 4910
0.004033 4909
0.004034 4909
0.004035 4910
0.004036 4909
0.004037 4909
0.004038 4909
0.004039 4909
0.00404 4909
0.004041 4909
0.004042 4909
0.004043 4909
0.004044 4909
0.004045 4909
0.004046 4909
0.004047 4909
0.004048 4909
0.004049 4909
0.00405 4909
0.004051 4909
0.004052 4909
0.004053 4909
0.004054 4908
0.004055 4908
0.004056 4908
0.004057 4908
0.004058 4908
0.004059 4908
0.00406 4908
0.004061 4907
0.004062 4907
0.004063 4907
0.004064 4906
0.004065 4906
0.004066 4906
0.004067 4906
0.004068 4906
0.004069 4906
0.00407 4907
0.004071 4906
0.004072 4906
0.004073 4906
0.004074 4906
0.004075 4906
0.004076 4906
0.004077 4906
0.004078 4906
0.004079 4908
0.00408 4908
0.004081 4908
0.004082 4908
0.004083 4908
0.004084 4908
0.004085 4907
0.004086 4907
0.004087 4907
0.004088 4907
0.004089 4906
0.00409 4907
0.004091 4907
0.004092 4907
0.004093 4907
0.004094 4907
0.004095 4907
0.004096 4907
0.004097 4907
0.004098 4907
0.004099 4908
0.0041 4908
0.004101 4908
0.004102 4908
0.004103 4909
0.004104 4909
0.004105 4910
0.004106 4910
0.004107 4910
0.004108 4911
0.004109 4911
0.00411 4911
0.004111 4911
0.004112 4912
0.004113 4912
0.004114 4912
0.004115 4912
0.004116 4912
0.004117 4912
0.004118 4912
0.004119 4912
0.00412 4911
0.004121 4910
0.004122 4910
0.004123 4909
0.004124 4910
0.004125 4910
0.004126 4910
0.004127 4909
0.004128 4909
0.004129 4909
0.00413 4909
0.004131 4909
0.004132 4909
0.004133 4908
0.004134 4908
0.004135 4908
0.004136 4907
0.004137 4907
0.004138 4907
0.004139 4907
0.00414 4908
0.004141 4908
0.004142 4909
0.004143 4908
0.004144 4907
0.004145 4907
0.004146 4907
0.004147 4907
0.004148 4906
0.004149 4907
0.00415 4907
0.004151 4907
0.004152 4907
0.004153 4907
0.004154 4907
0.004155 4906
0.004156 4906
0.004157 4907
0.004158 4907
0.004159 4907
0.00416 4907
0.004161 4906
0.004162 4906
0.004163 4906
0.004164 4906
0.004165 4906
0.004166 4905
0.004167 4904
0.004168 4904
0.004169 4904
0.00417 4905
0.004171 4905
0.004172 4905
0.004173 4905
0.004174 4905
0.004175 4905
0.004176 4906
0.004177 4907
0.004178 4907
0.004179 4907
0.00418 4907
0.004181 4906
0.004182 4907
0.004183 4907
0.004184 4907
0.004185 4908
0.004186 4908
0.004187 4907
0.004188 4907
0.004189 4907
0.00419 4907
0.004191 4907
0.004192 4907
0.004193 4907
0.004194 4907
0.004195 4908
0.004196 4908
0.004197 4908
0.004198 4908
0.004199 4908
0.0042 4909
0.004201 4909
0.004202 4909
0.004203 4911
0.004204 4911
0.004205 4910
0.004206 4910
0.004207 4910
0.004208 4910
0.004209 4908
0.00421 4908
0.004211 4908
0.004212 4907
0.004213 4907
0.004214 4907
0.004215 4907
0.004216 4908
0.004217 4908
0.004218 4908
0.004219 4907
0.00422 4907
0.004221 4907
0.004222 4907
0.004223 4907
0.004224 4907
0.004225 4907
0.004226 4906
0.004227 4906
0.004228 4907
0.004229 4907
0.00423 4907
0.004231 4907
0.004232 4906
0.004233 4906
0.004234 4905
0.004235 4904
0.004236 4904
0.004237 4904
0.004238 4904
0.004239 4904
0.00424 4904
0.004241 4905
0.004242 4905
0.004243 4906
0.004244 4905
0.004245 4904
0.004246 4904
0.004247 4904
0.004248 4903
0.004249 4903
0.00425 4903
0.004251 4903
0.004252 4903
0.004253 4903
0.004254 4902
0.004255 4902
0.004256 4903
0.004257 4904
0.004258 4904
0.004259 4904
0.00426 4904
0.004261 4903
0.004262 4903
0.004263 4902
0.004264 4902
0.004265 4902
0.004266 4902
0.004267 4903
0.004268 4903
0.004269 4902
0.00427 4902
0.004271 4901
0.004272 4901
0.004273 4901
0.004274 4901
0.004275 4901
0.004276 4901
0.004277 4900
0.004278 4899
0.004279 4900
0.00428 4900
0.004281 4901
0.004282 4901
0.004283 4901
0.004284 4901
0.004285 4901
0.004286 4902
0.004287 4901
0.004288 4901
0.004289 4901
0.00429 4901
0.004291 4901
0.004292 4900
0.004293 4900
0.004294 4900
0.004295 4899
0.004296 4899
0.004297 4899
0.004298 4899
0.004299 4899
0.0043 4899
0.004301 4899
0.004302 4899
0.004303 4899
0.004304 4899
0.004305 4899
0.004306 4899
0.004307 4897
0.004308 4897
0.004309 4897
0.00431 4897
0.004311 4897
0.004312 4897
0.004313 4897
0.004314 4897
0.004315 4897
0.004316 4897
0.004317 4898
0.004318 4898
0.004319 4898
0.00432 4899
0.004321 4899
0.004322 4899
0.004323 4899
0.004324 4899
0.004325 4898
0.004326 4899
0.004327 4898
0.004328 4898
0.004329 4897
0.00433 4897
0.004331 4897
0.004332 4898
0.004333 4899
0.004334 4899
0.004335 4899
0.004336 4898
0.004337 4898
0.004338 4898
0.004339 4898
0.00434 4898
0.004341 4898
0.004342 4898
0.004343 4898
0.004344 4898
0.004345 4898
0.004346 4898
0.004347 4898
0.004348 4898
0.004349 4899
0.00435 4899
0.004351 4899
0.004352 4899
0.004353 4898
0.004354 4898
0.004355 4897
0.004356 4897
0.004357 4897
0.004358 4897
0.004359 4897
0.00436 4898
0.004361 4897
0.004362 4896
0.004363 4896
0.004364 4897
0.004365 4897
0.004366 4897
0.004367 4897
0.004368 4897
0.004369 4897
0.00437 4897
0.004371 4897
0.004372 4897
0.004373 4898
0.004374 4899
0.004375 4899
0.004376 4900
0.004377 4900
0.004378 4900
0.004379 4900
0.00438 4900
0.004381 4900
0.004382 4900
0.004383 4900
0.004384 4900
0.004385 4900
0.004386 4901
0.004387 4901
0.004388 4901
0.004389 4901
0.00439 4901
0.004391 4901
0.004392 4900
0.004393 4899
0.004394 4899
0.004395 4899
0.004396 4899
0.004397 4899
0.004398 4899
0.004399 4899
0.0044 4898
0.004401 4897
0.004402 4897
0.004403 4896
0.004404 4896
0.004405 4896
0.004406 4897
0.004407 4896
0.004408 4896
0.004409 4896
0.00441 4896
0.004411 4896
0.004412 4896
0.004413 4895
0.004414 4895
0.004415 4895
0.004416 4895
0.004417 4896
0.004418 4896
0.004419 4897
0.00442 4897
0.004421 4897
0.004422 4897
0.004423 4897
0.004424 4898
0.004425 4899
0.004426 4898
0.004427 4898
0.004428 4897
0.004429 4897
0.00443 4897
0.004431 4897
0.004432 4897
0.004433 4897
0.004434 4897
0.004435 4897
0.004436 4897
0.004437 4897
0.004438 4898
0.004439 4898
0.00444 4898
0.004441 4898
0.004442 4898
0.004443 4898
0.004444 4898
0.004445 4898
0.004446 4897
0.004447 4897
0.004448 4897
0.004449 4897
0.00445 4898
0.004451 4898
0.004452 4898
0.004453 4898
0.004454 4898
0.004455 4898
0.004456 4898
0.004457 4898
0.004458 4898
0.004459 4898
0.00446 4898
0.004461 4898
0.004462 4896
0.004463 4896
0.004464 4895
0.004465 4896
0.004466 4896
0.004467 4896
0.004468 4896
0.004469 4896
0.00447 4896
0.004471 4896
0.004472 4896
0.004473 4896
0.004474 4895
0.004475 4895
0.004476 4893
0.004477 4893
0.004478 4893
0.004479 4893
0.00448 4893
0.004481 4893
0.004482 4893
0.004483 4893
0.004484 4892
0.004485 4892
0.004486 4892
0.004487 4892
0.004488 4892
0.004489 4892
0.00449 4892
0.004491 4892
0.004492 4891
0.004493 4893
0.004494 4893
0.004495 4893
0.004496 4893
0.004497 4891
0.004498 4891
0.004499 4890
0.0045 4889
0.004501 4888
0.004502 4888
0.004503 4888
0.004504 4888
0.004505 4888
0.004506 4888
0.004507 4888
0.004508 4888
0.004509 4887
0.00451 4886
0.004511 4887
0.004512 4887
0.004513 4887
0.004514 4886
0.004515 4887
0.004516 4886
0.004517 4887
0.004518 4887
0.004519 4887
0.00452 4886
0.004521 4886
0.004522 4886
0.004523 4886
0.004524 4886
0.004525 4884
0.004526 4884
0.004527 4884
0.004528 4884
0.004529 4884
0.00453 4884
0.004531 4884
0.004532 4884
0.004533 4884
0.004534 4884
0.004535 4884
0.004536 4885
0.004537 4885
0.004538 4885
0.004539 4885
0.00454 4885
0.004541 4885
0.004542 4885
0.004543 4886
0.004544 4886
0.004545 4886
0.004546 4886
0.004547 4886
0.004548 4885
0.004549 4884
0.00455 4884
0.004551 4884
0.004552 4884
0.004553 4884
0.004554 4884
0.004555 4884
0.004556 4885
0.004557 4885
0.004558 4885
0.004559 4885
0.00456 4885
0.004561 4885
0.004562 4885
0.004563 4885
0.004564 4885
0.004565 4885
0.004566 4885
0.004567 4885
0.004568 4885
0.004569 4885
0.00457 4885
0.004571 4885
0.004572 4885
0.004573 4885
0.004574 4885
0.004575 4884
0.004576 4883
0.004577 4883
0.004578 4882
0.004579 4881
0.00458 4880
0.004581 4880
0.004582 4880
0.004583 4880
0.004584 4880
0.004585 4880
0.004586 4880
0.004587 4880
0.004588 4880
0.004589 4881
0.00459 4882
0.004591 4882
0.004592 4882
0.004593 4882
0.004594 4882
0.004595 4881
0.004596 4881
0.004597 4881
0.004598 4881
0.004599 4881
0.0046 4881
0.004601 4881
0.004602 4881
0.004603 4881
0.004604 4880
0.004605 4880
0.004606 4880
0.004607 4881
0.004608 4881
0.004609 4881
0.00461 4881
0.004611 4882
0.004612 4881
0.004613 4881
0.004614 4880
0.004615 4880
0.004616 4881
0.004617 4881
0.004618 4880
0.004619 4881
0.00462 4881
0.004621 4881
0.004622 4880
0.004623 4880
0.004624 4880
0.004625 4880
0.004626 4880
0.004627 4880
0.004628 4880
0.004629 4880
0.00463 4880
0.004631 4880
0.004632 4880
0.004633 4880
0.004634 4880
0.004635 4879
0.004636 4879
0.004637 4879
0.004638 4879
0.004639 4879
0.00464 4879
0.004641 4880
0.004642 4880
0.004643 4880
0.004644 4879
0.004645 4880
0.004646 4880
0.004647 4880
0.004648 4880
0.004649 4880
0.00465 4880
0.004651 4880
0.004652 4880
0.004653 4880
0.004654 4880
0.004655 4879
0.004656 4880
0.004657 4879
0.004658 4879
0.004659 4879
0.00466 4879
0.004661 4879
0.004662 4879
0.004663 4879
0.004664 4879
0.004665 4878
0.004666 4878
0.004667 4878
0.004668 4878
0.004669 4878
0.00467 4878
0.004671 4877
0.004672 4877
0.004673 4876
0.004674 4876
0.004675 4877
0.004676 4877
0.004677 4877
0.004678 4877
0.004679 4877
0.00468 4877
0.004681 4879
0.004682 4878
0.004683 4878
0.004684 4878
0.004685 4878
0.004686 4878
0.004687 4877
0.004688 4877
0.004689 4876
0.00469 4876
0.004691 4877
0.004692 4877
0.004693 4878
0.004694 4877
0.004695 4876
0.004696 4876
0.004697 4877
0.004698 4877
0.004699 4877
0.0047 4877
0.004701 4879
0.004702 4878
0.004703 4879
0.004704 4879
0.004705 4879
0.004706 4878
0.004707 4879
0.004708 4879
0.004709 4879
0.00471 4879
0.004711 4881
0.004712 4882
0.004713 4882
0.004714 4882
0.004715 4882
0.004716 4882
0.004717 4882
0.004718 4882
0.004719 4882
0.00472 4880
0.004721 4880
0.004722 4879
0.004723 4879
0.004724 4879
0.004725 4879
0.004726 4878
0.004727 4879
0.004728 4879
0.004729 4879
0.00473 4879
0.004731 4879
0.004732 4879
0.004733 4879
0.004734 4878
0.004735 4878
0.004736 4878
0.004737 4878
0.004738 4878
0.004739 4878
0.00474 4878
0.004741 4878
0.004742 4879
0.004743 4878
0.004744 4878
0.004745 4878
0.004746 4878
0.004747 4878
0.004748 4875
0.004749 4875
0.00475 4875
0.004751 4875
0.004752 4875
0.004753 4875
0.004754 4875
0.004755 4875
0.004756 4875
0.004757 4876
0.004758 4876
0.004759 4876
0.00476 4875
0.004761 4874
0.004762 4874
0.004763 4874
0.004764 4874
0.004765 4874
0.004766 4874
0.004767 4874
0.004768 4875
0.004769 4873
0.00477 4873
0.004771 4873
0.004772 4872
0.004773 4871
0.004774 4871
0.004775 4871
0.004776 4871
0.004777 4871
0.004778 4871
0.004779 4870
0.00478 4870
0.004781 4870
0.004782 4869
0.004783 4869
0.004784 4868
0.004785 4868
0.004786 4868
0.004787 4868
0.004788 4867
0.004789 4867
0.00479 4867
0.004791 4867
0.004792 4867
0.004793 4867
0.004794 4868
0.004795 4868
0.004796 4867
0.004797 4867
0.004798 4867
0.004799 4867
0.0048 4866
0.004801 4866
0.004802 4866
0.004803 4866
0.004804 4866
0.004805 4866
0.004806 4866
0.004807 4866
0.004808 4867
0.004809 4867
0.00481 4866
0.004811 4866
0.004812 4866
0.004813 4866
0.004814 4866
0.004815 4866
0.004816 4866
0.004817 4866
0.004818 4866
0.004819 4866
0.00482 4866
0.004821 4866
0.004822 4866
0.004823 4866
0.004824 4866
0.004825 4866
0.004826 4866
0.004827 4865
0.004828 4866
0.004829 4866
0.00483 4865
0.004831 4865
0.004832 4865
0.004833 4865
0.004834 4865
0.004835 4865
0.004836 4865
0.004837 4866
0.004838 4865
0.004839 4865
0.00484 4865
0.004841 4865
0.004842 4865
0.004843 4865
0.004844 4865
0.004845 4865
0.004846 4865
0.004847 4865
0.004848 4866
0.004849 4866
0.00485 4865
0.004851 4864
0.004852 4864
0.004853 4864
0.004854 4864
0.004855 4864
0.004856 4863
0.004857 4863
0.004858 4863
0.004859 4863
0.00486 4864
0.004861 4864
0.004862 4864
0.004863 4864
0.004864 4864
0.004865 4864
0.004866 4864
0.004867 4863
0.004868 4863
0.004869 4865
0.00487 4864
0.004871 4865
0.004872 4865
0.004873 4865
0.004874 4865
0.004875 4865
0.004876 4865
0.004877 4866
0.004878 4865
0.004879 4865
0.00488 4865
0.004881 4865
0.004882 4865
0.004883 4864
0.004884 4863
0.004885 4864
0.004886 4864
0.004887 4864
0.004888 4864
0.004889 4864
0.00489 4866
0.004891 4865
0.004892 4864
0.004893 4864
0.004894 4864
0.004895 4864
0.004896 4864
0.004897 4864
0.004898 4864
0.004899 4864
0.0049 4865
0.004901 4865
0.004902 4865
0.004903 4865
0.004904 4864
0.004905 4864
0.004906 4864
0.004907 4864
0.004908 4864
0.004909 4864
0.00491 4864
0.004911 4863
0.004912 4862
0.004913 4863
0.004914 4863
0.004915 4863
0.004916 4864
0.004917 4864
0.004918 4865
0.004919 4865
0.00492 4865
0.004921 4865
0.004922 4864
0.004923 4864
0.004924 4864
0.004925 4864
0.004926 4865
0.004927 4865
0.004928 4866
0.004929 4867
0.00493 4867
0.004931 4867
0.004932 4867
0.004933 4867
0.004934 4867
0.004935 4867
0.004936 4868
0.004937 4868
0.004938 4868
0.004939 4868
0.00494 4868
0.004941 4868
0.004942 4868
0.004943 4868
0.004944 4868
0.004945 4868
0.004946 4868
0.004947 4867
0.004948 4868
0.004949 4867
0.00495 4866
0.004951 4866
0.004952 4865
0.004953 4865
0.004954 4865
0.004955 4864
0.004956 4864
0.004957 4865
0.004958 4865
0.004959 4865
0.00496 4865
0.004961 4865
0.004962 4865
0.004963 4865
0.004964 4866
0.004965 4866
0.004966 4866
0.004967 4866
0.004968 4865
0.004969 4865
0.00497 4865
0.004971 4864
0.004972 4864
0.004973 4864
0.004974 4864
0.004975 4864
0.004976 4865
0.004977 4866
0.004978 4866
0.004979 4866
0.00498 4866
0.004981 4865
0.004982 4865
0.004983 4865
0.004984 4864
0.004985 4863
0.004986 4863
0.004987 4863
0.004988 4863
0.004989 4863
0.00499 4863
0.004991 4863
0.004992 4863
0.004993 4862
0.004994 4862
0.004995 4862
0.004996 4862
0.004997 4862
0.004998 4862
0.004999 4862
0.005 4862
