0 5322
1e-06 5286
2e-06 5250
3e-06 5206
4e-06 5171
5e-06 5141
6e-06 5107
7e-06 5074
8e-06 5048
9e-06 4996
1e-05 4963
1.1e-05 4941
1.2e-05 4903
1.3e-05 4871
1.4e-05 4838
1.5e-05 4809
1.6e-05 4780
1.7e-05 4750
1.8e-05 4724
1.9e-05 4699
2e-05 4671
2.1e-05 4647
2.2e-05 4619
2.3e-05 4591
2.4e-05 4558
2.5e-05 4526
2.6e-05 4498
2.7e-05 4466
2.8e-05 4435
2.9e-05 4413
3e-05 4388
3.1e-05 4364
3.2e-05 4326
3.3e-05 4298
3.4e-05 4278
3.5e-05 4251
3.6e-05 4219
3.7e-05 4191
3.8e-05 4152
3.9e-05 4118
4e-05 4094
4.1e-05 4074
4.2e-05 4052
4.3e-05 4026
4.4e-05 4009
4.5e-05 3977
4.6e-05 3949
4.7e-05 3918
4.8e-05 3884
4.9e-05 3866
5e-05 3830
5.1e-05 3810
5.2e-05 3798
5.3e-05 3778
5.4e-05 3755
5.5e-05 3726
5.6e-05 3705
5.7e-05 3679
5.8e-05 3653
5.9e-05 3624
6e-05 3597
6.1e-05 3575
6.2e-05 3559
6.3e-05 3542
6.4e-05 3519
6.5e-05 3493
6.6e-05 3465
6.7e-05 3443
6.8e-05 3414
6.9e-05 3397
7e-05 3376
7.1e-05 3354
7.2e-05 3333
7.3e-05 3312
7.4e-05 3288
7.5e-05 3273
7.6e-05 3250
7.7e-05 3229
7.8e-05 3207
7.9e-05 3190
8e-05 3164
8.1e-05 3150
8.2e-05 3127
8.3e-05 3108
8.4e-05 3090
8.5e-05 3072
8.6e-05 3049
8.7e-05 3030
8.8e-05 3015
8.9e-05 3003
9e-05 2985
9.1e-05 2962
9.2e-05 2946
9.3e-05 2922
9.4e-05 2902
9.5e-05 2885
9.6e-05 2867
9.7e-05 2844
9.8e-05 2831
9.9e-05 2810
0.0001 2789
0.000101 2766
0.000102 2747
0.000103 2737
0.000104 2726
0.000105 2711
0.000106 2697
0.000107 2678
0.000108 2660
0.000109 2643
0.00011 2623
0.000111 2604
0.000112 2583
0.000113 2566
0.000114 2546
0.000115 2530
0.000116 2511
0.000117 2490
0.000118 2478
0.000119 2465
0.00012 2444
0.000121 2427
0.000122 2411
0.000123 2393
0.000124 2375
0.000125 2353
0.000126 2330
0.000127 2321
0.000128 2310
0.000129 2296
0.00013 2278
0.000131 2261
0.000132 2240
0.000133 2229
0.000134 2214
0.000135 2197
0.000136 2183
0.000137 2172
0.000138 2162
0.000139 2148
0.00014 2135
0.000141 2123
0.000142 2110
0.000143 2093
0.000144 2080
0.000145 2070
0.000146 2059
0.000147 2052
0.000148 2038
0.000149 2032
0.00015 2021
0.000151 2012
0.000152 2004
0.000153 1991
0.000154 1975
0.000155 1964
0.000156 1952
0.000157 1933
0.000158 1916
0.000159 1910
0.00016 1898
0.000161 1884
0.000162 1863
0.000163 1855
0.000164 1845
0.000165 1830
0.000166 1822
0.000167 1805
0.000168 1794
0.000169 1782
0.00017 1772
0.000171 1766
0.000172 1750
0.000173 1737
0.000174 1724
0.000175 1708
0.000176 1697
0.000177 1685
0.000178 1676
0.000179 1667
0.00018 1660
0.000181 1652
0.000182 1647
0.000183 1640
0.000184 1625
0.000185 1620
0.000186 1612
0.000187 1606
0.000188 1596
0.000189 1590
0.00019 1580
0.000191 1569
0.000192 1558
0.000193 1543
0.000194 1527
0.000195 1522
0.000196 1516
0.000197 1506
0.000198 1496
0.000199 1491
0.0002 1485
0.000201 1478
0.000202 1475
0.000203 1467
0.000204 1455
0.000205 1448
0.000206 1443
0.000207 1436
0.000208 1425
0.000209 1418
0.00021 1412
0.000211 1404
0.000212 1394
0.000213 1387
0.000214 1382
0.000215 1374
0.000216 1363
0.000217 1360
0.000218 1358
0.000219 1349
0.00022 1343
0.000221 1334
0.000222 1323
0.000223 1319
0.000224 1309
0.000225 1304
0.000226 1286
0.000227 1281
0.000228 1273
0.000229 1267
0.00023 1263
0.000231 1257
0.000232 1248
0.000233 1234
0.000234 1228
0.000235 1217
0.000236 1207
0.000237 1197
0.000238 1191
0.000239 1180
0.00024 1174
0.000241 1166
0.000242 1157
0.000243 1151
0.000244 1149
0.000245 1145
0.000246 1140
0.000247 1130
0.000248 1126
0.000249 1121
0.00025 1113
0.000251 1111
0.000252 1105
0.000253 1100
0.000254 1092
0.000255 1088
0.000256 1086
0.000257 1082
0.000258 1074
0.000259 1068
0.00026 1059
0.000261 1054
0.000262 1048
0.000263 1039
0.000264 1038
0.000265 1029
0.000266 1025
0.000267 1020
0.000268 1014
0.000269 1005
0.00027 998
0.000271 993
0.000272 986
0.000273 983
0.000274 979
0.000275 973
0.000276 966
0.000277 961
0.000278 956
0.000279 951
0.00028 950
0.000281 942
0.000282 936
0.000283 928
0.000284 920
0.000285 918
0.000286 916
0.000287 910
0.000288 905
0.000289 901
0.00029 900
0.000291 896
0.000292 892
0.000293 888
0.000294 884
0.000295 879
0.000296 876
0.000297 874
0.000298 871
0.000299 866
0.0003 864
0.000301 863
0.000302 861
0.000303 857
0.000304 853
0.000305 848
0.000306 841
0.000307 839
0.000308 834
0.000309 830
0.00031 826
0.000311 823
0.000312 818
0.000313 813
0.000314 809
0.000315 802
0.000316 793
0.000317 790
0.000318 787
0.000319 781
0.00032 775
0.000321 770
0.000322 765
0.000323 762
0.000324 759
0.000325 761
0.000326 757
0.000327 756
0.000328 755
0.000329 754
0.00033 752
0.000331 749
0.000332 746
0.000333 742
0.000334 736
0.000335 730
0.000336 727
0.000337 721
0.000338 719
0.000339 717
0.00034 709
0.000341 704
0.000342 703
0.000343 699
0.000344 694
0.000345 692
0.000346 690
0.000347 688
0.000348 686
0.000349 683
0.00035 677
0.000351 677
0.000352 676
0.000353 671
0.000354 669
0.000355 663
0.000356 663
0.000357 659
0.000358 649
0.000359 646
0.00036 640
0.000361 640
0.000362 636
0.000363 634
0.000364 629
0.000365 624
0.000366 618
0.000367 616
0.000368 607
0.000369 606
0.00037 600
0.000371 595
0.000372 590
0.000373 588
0.000374 585
0.000375 584
0.000376 585
0.000377 583
0.000378 579
0.000379 578
0.00038 575
0.000381 569
0.000382 567
0.000383 563
0.000384 556
0.000385 556
0.000386 555
0.000387 550
0.000388 546
0.000389 546
0.00039 538
0.000391 535
0.000392 534
0.000393 531
0.000394 528
0.000395 525
0.000396 521
0.000397 520
0.000398 515
0.000399 513
0.0004 511
0.000401 501
0.000402 500
0.000403 498
0.000404 493
0.000405 488
0.000406 487
0.000407 488
0.000408 486
0.000409 485
0.00041 484
0.000411 479
0.000412 479
0.000413 476
0.000414 474
0.000415 470
0.000416 468
0.000417 466
0.000418 466
0.000419 466
0.00042 464
0.000421 461
0.000422 459
0.000423 455
0.000424 450
0.000425 448
0.000426 447
0.000427 444
0.000428 440
0.000429 439
0.00043 438
0.000431 436
0.000432 434
0.000433 433
0.000434 430
0.000435 427
0.000436 427
0.000437 426
0.000438 422
0.000439 421
0.00044 416
0.000441 416
0.000442 412
0.000443 410
0.000444 407
0.000445 405
0.000446 401
0.000447 399
0.000448 397
0.000449 397
0.00045 395
0.000451 394
0.000452 392
0.000453 387
0.000454 384
0.000455 381
0.000456 383
0.000457 379
0.000458 378
0.000459 376
0.00046 374
0.000461 370
0.000462 367
0.000463 369
0.000464 368
0.000465 363
0.000466 357
0.000467 355
0.000468 355
0.000469 350
0.00047 349
0.000471 350
0.000472 350
0.000473 346
0.000474 344
0.000475 343
0.000476 342
0.000477 340
0.000478 339
0.000479 335
0.00048 328
0.000481 327
0.000482 325
0.000483 324
0.000484 322
0.000485 319
0.000486 316
0.000487 313
0.000488 314
0.000489 313
0.00049 310
0.000491 307
0.000492 305
0.000493 307
0.000494 306
0.000495 300
0.000496 298
0.000497 298
0.000498 298
0.000499 297
0.0005 298
0.000501 297
0.000502 297
0.000503 295
0.000504 293
0.000505 290
0.000506 287
0.000507 286
0.000508 287
0.000509 284
0.00051 281
0.000511 280
0.000512 278
0.000513 276
0.000514 275
0.000515 271
0.000516 270
0.000517 269
0.000518 270
0.000519 269
0.00052 268
0.000521 269
0.000522 267
0.000523 267
0.000524 266
0.000525 262
0.000526 258
0.000527 259
0.000528 259
0.000529 260
0.00053 259
0.000531 258
0.000532 255
0.000533 253
0.000534 252
0.000535 252
0.000536 251
0.000537 251
0.000538 249
0.000539 248
0.00054 248
0.000541 249
0.000542 250
0.000543 248
0.000544 249
0.000545 249
0.000546 249
0.000547 249
0.000548 249
0.000549 249
0.00055 247
0.000551 245
0.000552 244
0.000553 243
0.000554 244
0.000555 243
0.000556 242
0.000557 242
0.000558 240
0.000559 239
0.00056 239
0.000561 238
0.000562 237
0.000563 236
0.000564 236
0.000565 234
0.000566 232
0.000567 234
0.000568 234
0.000569 232
0.00057 232
0.000571 232
0.000572 230
0.000573 230
0.000574 230
0.000575 231
0.000576 231
0.000577 230
0.000578 228
0.000579 226
0.00058 226
0.000581 224
0.000582 224
0.000583 224
0.000584 224
0.000585 223
0.000586 221
0.000587 222
0.000588 223
0.000589 221
0.00059 220
0.000591 216
0.000592 215
0.000593 213
0.000594 212
0.000595 212
0.000596 210
0.000597 208
0.000598 208
0.000599 206
0.0006 205
0.000601 201
0.000602 199
0.000603 196
0.000604 196
0.000605 196
0.000606 196
0.000607 196
0.000608 193
0.000609 191
0.00061 190
0.000611 190
0.000612 190
0.000613 190
0.000614 190
0.000615 189
0.000616 188
0.000617 188
0.000618 189
0.000619 189
0.00062 189
0.000621 189
0.000622 188
0.000623 186
0.000624 187
0.000625 187
0.000626 183
0.000627 185
0.000628 183
0.000629 181
0.00063 180
0.000631 180
0.000632 178
0.000633 176
0.000634 175
0.000635 173
0.000636 171
0.000637 169
0.000638 169
0.000639 170
0.00064 169
0.000641 169
0.000642 168
0.000643 169
0.000644 170
0.000645 171
0.000646 170
0.000647 170
0.000648 170
0.000649 169
0.00065 167
0.000651 167
0.000652 167
0.000653 167
0.000654 167
0.000655 167
0.000656 164
0.000657 164
0.000658 164
0.000659 167
0.00066 168
0.000661 167
0.000662 168
0.000663 165
0.000664 165
0.000665 165
0.000666 164
0.000667 163
0.000668 161
0.000669 162
0.00067 159
0.000671 158
0.000672 156
0.000673 156
0.000674 156
0.000675 154
0.000676 153
0.000677 152
0.000678 152
0.000679 151
0.00068 150
0.000681 149
0.000682 149
0.000683 149
0.000684 149
0.000685 149
0.000686 148
0.000687 146
0.000688 145
0.000689 145
0.00069 144
0.000691 142
0.000692 143
0.000693 143
0.000694 144
0.000695 144
0.000696 145
0.000697 144
0.000698 144
0.000699 143
0.0007 140
0.000701 140
0.000702 141
0.000703 142
0.000704 143
0.000705 142
0.000706 141
0.000707 142
0.000708 141
0.000709 139
0.00071 141
0.000711 140
0.000712 140
0.000713 139
0.000714 139
0.000715 139
0.000716 139
0.000717 138
0.000718 139
0.000719 138
0.00072 138
0.000721 137
0.000722 138
0.000723 138
0.000724 136
0.000725 135
0.000726 133
0.000727 133
0.000728 133
0.000729 133
0.00073 133
0.000731 133
0.000732 133
0.000733 133
0.000734 133
0.000735 132
0.000736 132
0.000737 129
0.000738 127
0.000739 128
0.00074 128
0.000741 127
0.000742 126
0.000743 126
0.000744 126
0.000745 126
0.000746 124
0.000747 123
0.000748 124
0.000749 126
0.00075 127
0.000751 127
0.000752 127
0.000753 127
0.000754 126
0.000755 127
0.000756 125
0.000757 125
0.000758 127
0.000759 125
0.00076 124
0.000761 124
0.000762 123
0.000763 122
0.000764 121
0.000765 120
0.000766 118
0.000767 118
0.000768 119
0.000769 119
0.00077 118
0.000771 119
0.000772 119
0.000773 119
0.000774 118
0.000775 119
0.000776 120
0.000777 121
0.000778 120
0.000779 121
0.00078 122
0.000781 122
0.000782 120
0.000783 120
0.000784 121
0.000785 119
0.000786 119
0.000787 118
0.000788 118
0.000789 119
0.00079 118
0.000791 118
0.000792 117
0.000793 117
0.000794 115
0.000795 114
0.000796 112
0.000797 112
0.000798 111
0.000799 110
0.0008 110
0.000801 111
0.000802 112
0.000803 112
0.000804 111
0.000805 111
0.000806 111
0.000807 110
0.000808 109
0.000809 109
0.00081 110
0.000811 110
0.000812 110
0.000813 109
0.000814 108
0.000815 110
0.000816 109
0.000817 109
0.000818 108
0.000819 110
0.00082 109
0.000821 109
0.000822 109
0.000823 109
0.000824 108
0.000825 108
0.000826 108
0.000827 106
0.000828 107
0.000829 106
0.00083 106
0.000831 107
0.000832 108
0.000833 109
0.000834 110
0.000835 110
0.000836 108
0.000837 107
0.000838 108
0.000839 107
0.00084 106
0.000841 107
0.000842 106
0.000843 106
0.000844 105
0.000845 105
0.000846 104
0.000847 104
0.000848 101
0.000849 100
0.00085 100
0.000851 100
0.000852 98
0.000853 98
0.000854 98
0.000855 99
0.000856 102
0.000857 102
0.000858 102
0.000859 101
0.00086 100
0.000861 100
0.000862 99
0.000863 98
0.000864 98
0.000865 98
0.000866 96
0.000867 98
0.000868 97
0.000869 97
0.00087 97
0.000871 96
0.000872 95
0.000873 95
0.000874 95
0.000875 95
0.000876 95
0.000877 96
0.000878 96
0.000879 96
0.00088 96
0.000881 96
0.000882 97
0.000883 96
0.000884 96
0.000885 96
0.000886 97
0.000887 96
0.000888 94
0.000889 97
0.00089 98
0.000891 98
0.000892 98
0.000893 97
0.000894 95
0.000895 96
0.000896 95
0.000897 95
0.000898 95
0.000899 95
0.0009 95
0.000901 95
0.000902 95
0.000903 94
0.000904 93
0.000905 94
0.000906 94
0.000907 94
0.000908 95
0.000909 94
0.00091 93
0.000911 94
0.000912 94
0.000913 96
0.000914 97
0.000915 98
0.000916 98
0.000917 97
0.000918 97
0.000919 98
0.00092 98
0.000921 98
0.000922 97
0.000923 95
0.000924 96
0.000925 97
0.000926 97
0.000927 98
0.000928 98
0.000929 98
0.00093 95
0.000931 95
0.000932 97
0.000933 97
0.000934 96
0.000935 96
0.000936 97
0.000937 97
0.000938 98
0.000939 98
0.00094 97
0.000941 97
0.000942 97
0.000943 97
0.000944 96
0.000945 95
0.000946 93
0.000947 93
0.000948 92
0.000949 90
0.00095 89
0.000951 88
0.000952 88
0.000953 88
0.000954 88
0.000955 88
0.000956 88
0.000957 87
0.000958 88
0.000959 89
0.00096 89
0.000961 91
0.000962 92
0.000963 92
0.000964 93
0.000965 92
0.000966 93
0.000967 93
0.000968 93
0.000969 92
0.00097 91
0.000971 91
0.000972 91
0.000973 92
0.000974 93
0.000975 93
0.000976 93
0.000977 93
0.000978 94
0.000979 94
0.00098 96
0.000981 96
0.000982 96
0.000983 95
0.000984 95
0.000985 95
0.000986 92
0.000987 91
0.000988 93
0.000989 95
0.00099 95
0.000991 95
0.000992 94
0.000993 95
0.000994 95
0.000995 94
0.000996 94
0.000997 94
0.000998 96
0.000999 97
0.001 96
0.001001 95
0.001002 95
0.001003 96
0.001004 95
0.001005 95
0.001006 96
0.001007 95
0.001008 95
0.001009 94
0.00101 94
0.001011 94
0.001012 96
0.001013 96
0.001014 95
0.001015 94
0.001016 94
0.001017 92
0.001018 93
0.001019 92
0.00102 92
0.001021 92
0.001022 92
0.001023 91
0.001024 90
0.001025 91
0.001026 90
0.001027 90
0.001028 90
0.001029 88
0.00103 87
0.001031 86
0.001032 85
0.001033 86
0.001034 89
0.001035 89
0.001036 90
0.001037 91
0.001038 91
0.001039 93
0.00104 91
0.001041 92
0.001042 92
0.001043 92
0.001044 93
0.001045 94
0.001046 94
0.001047 94
0.001048 92
0.001049 90
0.00105 91
0.001051 92
0.001052 92
0.001053 93
0.001054 93
0.001055 94
0.001056 94
0.001057 92
0.001058 91
0.001059 90
0.00106 87
0.001061 87
0.001062 88
0.001063 88
0.001064 88
0.001065 88
0.001066 89
0.001067 89
0.001068 88
0.001069 88
0.00107 87
0.001071 88
0.001072 89
0.001073 89
0.001074 89
0.001075 88
0.001076 88
0.001077 88
0.001078 88
0.001079 87
0.00108 87
0.001081 87
0.001082 87
0.001083 85
0.001084 85
0.001085 86
0.001086 86
0.001087 86
0.001088 87
0.001089 87
0.00109 87
0.001091 87
0.001092 87
0.001093 88
0.001094 89
0.001095 90
0.001096 91
0.001097 90
0.001098 91
0.001099 91
0.0011 92
0.001101 92
0.001102 92
0.001103 91
0.001104 91
0.001105 91
0.001106 91
0.001107 90
0.001108 90
0.001109 90
0.00111 90
0.001111 90
0.001112 90
0.001113 91
0.001114 90
0.001115 88
0.001116 87
0.001117 87
0.001118 87
0.001119 86
0.00112 87
0.001121 87
0.001122 88
0.001123 89
0.001124 88
0.001125 87
0.001126 88
0.001127 88
0.001128 87
0.001129 86
0.00113 86
0.001131 86
0.001132 87
0.001133 87
0.001134 87
0.001135 87
0.001136 87
0.001137 86
0.001138 86
0.001139 86
0.00114 88
0.001141 88
0.001142 88
0.001143 89
0.001144 89
0.001145 89
0.001146 88
0.001147 89
0.001148 89
0.001149 89
0.00115 89
0.001151 89
0.001152 88
0.001153 87
0.001154 88
0.001155 87
0.001156 87
0.001157 87
0.001158 87
0.001159 88
0.00116 88
0.001161 87
0.001162 86
0.001163 86
0.001164 86
0.001165 85
0.001166 85
0.001167 85
0.001168 83
0.001169 83
0.00117 83
0.001171 83
0.001172 84
0.001173 84
0.001174 85
0.001175 84
0.001176 83
0.001177 81
0.001178 81
0.001179 80
0.00118 81
0.001181 81
0.001182 81
0.001183 81
0.001184 79
0.001185 79
0.001186 79
0.001187 76
0.001188 76
0.001189 76
0.00119 76
0.001191 76
0.001192 76
0.001193 76
0.001194 75
0.001195 75
0.001196 77
0.001197 79
0.001198 78
0.001199 78
0.0012 78
0.001201 76
0.001202 76
0.001203 77
0.001204 77
0.001205 77
0.001206 78
0.001207 77
0.001208 78
0.001209 79
0.00121 80
0.001211 79
0.001212 78
0.001213 80
0.001214 80
0.001215 80
0.001216 80
0.001217 80
0.001218 80
0.001219 81
0.00122 82
0.001221 82
0.001222 80
0.001223 82
0.001224 82
0.001225 82
0.001226 82
0.001227 82
0.001228 82
0.001229 82
0.00123 82
0.001231 80
0.001232 80
0.001233 81
0.001234 82
0.001235 83
0.001236 83
0.001237 83
0.001238 84
0.001239 83
0.00124 84
0.001241 82
0.001242 82
0.001243 83
0.001244 81
0.001245 81
0.001246 81
0.001247 81
0.001248 80
0.001249 79
0.00125 79
0.001251 81
0.001252 80
0.001253 80
0.001254 81
0.001255 81
0.001256 82
0.001257 82
0.001258 83
0.001259 81
0.00126 80
0.001261 80
0.001262 80
0.001263 80
0.001264 80
0.001265 79
0.001266 78
0.001267 78
0.001268 78
0.001269 79
0.00127 78
0.001271 77
0.001272 77
0.001273 78
0.001274 78
0.001275 78
0.001276 77
0.001277 78
0.001278 77
0.001279 79
0.00128 79
0.001281 79
0.001282 80
0.001283 81
0.001284 82
0.001285 81
0.001286 81
0.001287 81
0.001288 80
0.001289 80
0.00129 80
0.001291 80
0.001292 80
0.001293 80
0.001294 79
0.001295 78
0.001296 77
0.001297 77
0.001298 77
0.001299 77
0.0013 77
0.001301 77
0.001302 77
0.001303 77
0.001304 78
0.001305 78
0.001306 78
0.001307 78
0.001308 79
0.001309 79
0.00131 79
0.001311 79
0.001312 79
0.001313 80
0.001314 81
0.001315 81
0.001316 81
0.001317 81
0.001318 81
0.001319 80
0.00132 78
0.001321 76
0.001322 77
0.001323 77
0.001324 77
0.001325 77
0.001326 78
0.001327 78
0.001328 78
0.001329 77
0.00133 77
0.001331 77
0.001332 77
0.001333 77
0.001334 76
0.001335 75
0.001336 77
0.001337 77
0.001338 78
0.001339 78
0.00134 78
0.001341 78
0.001342 78
0.001343 77
0.001344 77
0.001345 78
0.001346 81
0.001347 81
0.001348 82
0.001349 82
0.00135 81
0.001351 84
0.001352 85
0.001353 85
0.001354 85
0.001355 85
0.001356 86
0.001357 86
0.001358 86
0.001359 87
0.00136 84
0.001361 87
0.001362 86
0.001363 86
0.001364 86
0.001365 86
0.001366 87
0.001367 88
0.001368 88
0.001369 88
0.00137 87
0.001371 87
0.001372 88
0.001373 86
0.001374 85
0.001375 87
0.001376 88
0.001377 87
0.001378 86
0.001379 86
0.00138 86
0.001381 86
0.001382 85
0.001383 84
0.001384 84
0.001385 83
0.001386 85
0.001387 84
0.001388 83
0.001389 84
0.00139 84
0.001391 83
0.001392 84
0.001393 85
0.001394 85
0.001395 87
0.001396 86
0.001397 86
0.001398 85
0.001399 85
0.0014 86
0.001401 85
0.001402 87
0.001403 86
0.001404 85
0.001405 86
0.001406 84
0.001407 84
0.001408 84
0.001409 84
0.00141 83
0.001411 82
0.001412 82
0.001413 82
0.001414 81
0.001415 81
0.001416 81
0.001417 81
0.001418 81
0.001419 81
0.00142 82
0.001421 82
0.001422 83
0.001423 83
0.001424 83
0.001425 84
0.001426 82
0.001427 84
0.001428 83
0.001429 82
0.00143 83
0.001431 83
0.001432 83
0.001433 81
0.001434 81
0.001435 81
0.001436 80
0.001437 81
0.001438 80
0.001439 80
0.00144 79
0.001441 78
0.001442 78
0.001443 77
0.001444 76
0.001445 75
0.001446 73
0.001447 73
0.001448 72
0.001449 73
0.00145 74
0.001451 75
0.001452 74
0.001453 75
0.001454 76
0.001455 76
0.001456 77
0.001457 79
0.001458 80
0.001459 79
0.00146 80
0.001461 81
0.001462 81
0.001463 81
0.001464 81
0.001465 81
0.001466 82
0.001467 83
0.001468 84
0.001469 86
0.00147 85
0.001471 85
0.001472 85
0.001473 85
0.001474 86
0.001475 84
0.001476 84
0.001477 86
0.001478 86
0.001479 86
0.00148 86
0.001481 87
0.001482 86
0.001483 88
0.001484 89
0.001485 91
0.001486 91
0.001487 89
0.001488 87
0.001489 87
0.00149 86
0.001491 86
0.001492 85
0.001493 84
0.001494 85
0.001495 84
0.001496 83
0.001497 82
0.001498 81
0.001499 80
0.0015 81
0.001501 81
0.001502 81
0.001503 79
0.001504 79
0.001505 78
0.001506 79
0.001507 78
0.001508 78
0.001509 77
0.00151 77
0.001511 79
0.001512 78
0.001513 78
0.001514 78
0.001515 78
0.001516 76
0.001517 76
0.001518 76
0.001519 76
0.00152 78
0.001521 76
0.001522 76
0.001523 76
0.001524 76
0.001525 77
0.001526 78
0.001527 78
0.001528 77
0.001529 77
0.00153 78
0.001531 78
0.001532 78
0.001533 79
0.001534 81
0.001535 81
0.001536 80
0.001537 80
0.001538 80
0.001539 80
0.00154 79
0.001541 79
0.001542 79
0.001543 78
0.001544 77
0.001545 78
0.001546 79
0.001547 81
0.001548 81
0.001549 81
0.00155 82
0.001551 81
0.001552 81
0.001553 81
0.001554 82
0.001555 82
0.001556 82
0.001557 81
0.001558 80
0.001559 80
0.00156 81
0.001561 82
0.001562 82
0.001563 83
0.001564 84
0.001565 84
0.001566 84
0.001567 84
0.001568 85
0.001569 86
0.00157 85
0.001571 87
0.001572 87
0.001573 87
0.001574 88
0.001575 88
0.001576 88
0.001577 88
0.001578 88
0.001579 89
0.00158 89
0.001581 89
0.001582 89
0.001583 89
0.001584 89
0.001585 89
0.001586 89
0.001587 90
0.001588 90
0.001589 90
0.00159 93
0.001591 92
0.001592 91
0.001593 90
0.001594 92
0.001595 91
0.001596 91
0.001597 91
0.001598 92
0.001599 92
0.0016 92
0.001601 93
0.001602 92
0.001603 92
0.001604 91
0.001605 90
0.001606 89
0.001607 91
0.001608 92
0.001609 93
0.00161 93
0.001611 93
0.001612 92
0.001613 92
0.001614 92
0.001615 92
0.001616 92
0.001617 91
0.001618 91
0.001619 91
0.00162 93
0.001621 93
0.001622 94
0.001623 94
0.001624 94
0.001625 94
0.001626 93
0.001627 93
0.001628 94
0.001629 93
0.00163 93
0.001631 93
0.001632 93
0.001633 92
0.001634 93
0.001635 91
0.001636 90
0.001637 92
0.001638 90
0.001639 89
0.00164 92
0.001641 92
0.001642 92
0.001643 92
0.001644 92
0.001645 90
0.001646 90
0.001647 89
0.001648 90
0.001649 90
0.00165 89
0.001651 90
0.001652 89
0.001653 89
0.001654 89
0.001655 89
0.001656 89
0.001657 90
0.001658 93
0.001659 93
0.00166 92
0.001661 93
0.001662 92
0.001663 92
0.001664 90
0.001665 90
0.001666 90
0.001667 90
0.001668 90
0.001669 91
0.00167 91
0.001671 90
0.001672 90
0.001673 90
0.001674 90
0.001675 91
0.001676 89
0.001677 91
0.001678 91
0.001679 89
0.00168 89
0.001681 88
0.001682 88
0.001683 87
0.001684 86
0.001685 87
0.001686 87
0.001687 86
0.001688 86
0.001689 86
0.00169 85
0.001691 86
0.001692 85
0.001693 85
0.001694 85
0.001695 84
0.001696 84
0.001697 85
0.001698 85
0.001699 84
0.0017 83
0.001701 83
0.001702 84
0.001703 83
0.001704 83
0.001705 81
0.001706 81
0.001707 81
0.001708 81
0.001709 81
0.00171 83
0.001711 84
0.001712 83
0.001713 87
0.001714 89
0.001715 88
0.001716 87
0.001717 87
0.001718 85
0.001719 84
0.00172 84
0.001721 84
0.001722 86
0.001723 85
0.001724 87
0.001725 88
0.001726 88
0.001727 90
0.001728 90
0.001729 91
0.00173 92
0.001731 93
0.001732 95
0.001733 95
0.001734 94
0.001735 95
0.001736 97
0.001737 96
0.001738 97
0.001739 96
0.00174 96
0.001741 98
0.001742 98
0.001743 97
0.001744 97
0.001745 98
0.001746 97
0.001747 96
0.001748 95
0.001749 96
0.00175 96
0.001751 96
0.001752 96
0.001753 96
0.001754 98
0.001755 98
0.001756 97
0.001757 97
0.001758 97
0.001759 97
0.00176 97
0.001761 97
0.001762 97
0.001763 100
0.001764 99
0.001765 99
0.001766 99
0.001767 99
0.001768 101
0.001769 103
0.00177 103
0.001771 103
0.001772 103
0.001773 105
0.001774 106
0.001775 106
0.001776 106
0.001777 106
0.001778 104
0.001779 106
0.00178 106
0.001781 105
0.001782 102
0.001783 102
0.001784 102
0.001785 103
0.001786 104
0.001787 101
0.001788 101
0.001789 99
0.00179 99
0.001791 101
0.001792 101
0.001793 100
0.001794 101
0.001795 101
0.001796 102
0.001797 101
0.001798 101
0.001799 101
0.0018 101
0.001801 103
0.001802 103
0.001803 104
0.001804 104
0.001805 104
0.001806 103
0.001807 102
0.001808 102
0.001809 99
0.00181 99
0.001811 99
0.001812 100
0.001813 101
0.001814 100
0.001815 100
0.001816 100
0.001817 100
0.001818 100
0.001819 102
0.00182 102
0.001821 102
0.001822 103
0.001823 102
0.001824 101
0.001825 100
0.001826 100
0.001827 100
0.001828 100
0.001829 100
0.00183 98
0.001831 97
0.001832 97
0.001833 97
0.001834 98
0.001835 98
0.001836 98
0.001837 96
0.001838 97
0.001839 96
0.00184 96
0.001841 96
0.001842 96
0.001843 97
0.001844 97
0.001845 97
0.001846 100
0.001847 100
0.001848 100
0.001849 101
0.00185 101
0.001851 102
0.001852 102
0.001853 103
0.001854 102
0.001855 102
0.001856 102
0.001857 102
0.001858 101
0.001859 99
0.00186 100
0.001861 99
0.001862 99
0.001863 99
0.001864 99
0.001865 99
0.001866 100
0.001867 100
0.001868 99
0.001869 98
0.00187 98
0.001871 98
0.001872 98
0.001873 100
0.001874 98
0.001875 100
0.001876 99
0.001877 100
0.001878 101
0.001879 101
0.00188 100
0.001881 98
0.001882 98
0.001883 98
0.001884 98
0.001885 98
0.001886 98
0.001887 97
0.001888 97
0.001889 97
0.00189 98
0.001891 98
0.001892 98
0.001893 98
0.001894 98
0.001895 98
0.001896 97
0.001897 96
0.001898 96
0.001899 96
0.0019 97
0.001901 98
0.001902 98
0.001903 99
0.001904 99
0.001905 100
0.001906 100
0.001907 100
0.001908 99
0.001909 99
0.00191 100
0.001911 100
0.001912 102
0.001913 102
0.001914 101
0.001915 100
0.001916 98
0.001917 98
0.001918 99
0.001919 98
0.00192 98
0.001921 97
0.001922 96
0.001923 95
0.001924 95
0.001925 95
0.001926 95
0.001927 94
0.001928 94
0.001929 96
0.00193 97
0.001931 96
0.001932 94
0.001933 94
0.001934 95
0.001935 93
0.001936 93
0.001937 93
0.001938 92
0.001939 92
0.00194 92
0.001941 91
0.001942 91
0.001943 91
0.001944 90
0.001945 89
0.001946 91
0.001947 93
0.001948 93
0.001949 91
0.00195 91
0.001951 91
0.001952 91
0.001953 92
0.001954 92
0.001955 92
0.001956 93
0.001957 93
0.001958 93
0.001959 93
0.00196 92
0.001961 89
0.001962 89
0.001963 89
0.001964 87
0.001965 88
0.001966 86
0.001967 86
0.001968 86
0.001969 86
0.00197 85
0.001971 85
0.001972 85
0.001973 86
0.001974 87
0.001975 87
0.001976 86
0.001977 88
0.001978 89
0.001979 88
0.00198 87
0.001981 86
0.001982 86
0.001983 87
0.001984 88
0.001985 89
0.001986 88
0.001987 89
0.001988 89
0.001989 88
0.00199 88
0.001991 89
0.001992 89
0.001993 88
0.001994 85
0.001995 84
0.001996 84
0.001997 83
0.001998 83
0.001999 83
0.002 82
0.002001 82
0.002002 81
0.002003 82
0.002004 82
0.002005 82
0.002006 82
0.002007 82
0.002008 82
0.002009 84
0.00201 83
0.002011 83
0.002012 84
0.002013 85
0.002014 85
0.002015 85
0.002016 84
0.002017 84
0.002018 85
0.002019 86
0.00202 87
0.002021 88
0.002022 89
0.002023 89
0.002024 89
0.002025 89
0.002026 89
0.002027 89
0.002028 88
0.002029 88
0.00203 88
0.002031 88
0.002032 89
0.002033 89
0.002034 89
0.002035 91
0.002036 93
0.002037 94
0.002038 94
0.002039 95
0.00204 94
0.002041 93
0.002042 91
0.002043 90
0.002044 90
0.002045 89
0.002046 90
0.002047 91
0.002048 92
0.002049 93
0.00205 93
0.002051 95
0.002052 94
0.002053 95
0.002054 94
0.002055 94
0.002056 94
0.002057 94
0.002058 94
0.002059 94
0.00206 96
0.002061 95
0.002062 96
0.002063 95
0.002064 95
0.002065 97
0.002066 97
0.002067 97
0.002068 101
0.002069 100
0.00207 100
0.002071 98
0.002072 97
0.002073 95
0.002074 94
0.002075 94
0.002076 93
0.002077 93
0.002078 91
0.002079 91
0.00208 91
0.002081 92
0.002082 92
0.002083 92
0.002084 91
0.002085 91
0.002086 90
0.002087 91
0.002088 90
0.002089 90
0.00209 91
0.002091 91
0.002092 91
0.002093 91
0.002094 91
0.002095 92
0.002096 90
0.002097 90
0.002098 91
0.002099 91
0.0021 92
0.002101 92
0.002102 91
0.002103 91
0.002104 92
0.002105 93
0.002106 93
0.002107 93
0.002108 93
0.002109 94
0.00211 94
0.002111 92
0.002112 92
0.002113 93
0.002114 92
0.002115 92
0.002116 92
0.002117 90
0.002118 88
0.002119 88
0.00212 89
0.002121 91
0.002122 92
0.002123 91
0.002124 91
0.002125 90
0.002126 90
0.002127 89
0.002128 89
0.002129 88
0.00213 87
0.002131 85
0.002132 85
0.002133 86
0.002134 85
0.002135 86
0.002136 86
0.002137 85
0.002138 86
0.002139 86
0.00214 86
0.002141 84
0.002142 85
0.002143 83
0.002144 82
0.002145 84
0.002146 83
0.002147 83
0.002148 84
0.002149 84
0.00215 84
0.002151 85
0.002152 85
0.002153 85
0.002154 85
0.002155 84
0.002156 82
0.002157 83
0.002158 82
0.002159 83
0.00216 83
0.002161 83
0.002162 83
0.002163 82
0.002164 82
0.002165 81
0.002166 80
0.002167 81
0.002168 81
0.002169 82
0.00217 81
0.002171 82
0.002172 82
0.002173 82
0.002174 83
0.002175 84
0.002176 86
0.002177 87
0.002178 87
0.002179 87
0.00218 87
0.002181 88
0.002182 90
0.002183 91
0.002184 90
0.002185 91
0.002186 92
0.002187 92
0.002188 91
0.002189 91
0.00219 91
0.002191 90
0.002192 89
0.002193 90
0.002194 90
0.002195 89
0.002196 88
0.002197 88
0.002198 89
0.002199 90
0.0022 90
0.002201 90
0.002202 91
0.002203 90
0.002204 89
0.002205 89
0.002206 90
0.002207 88
0.002208 89
0.002209 87
0.00221 87
0.002211 88
0.002212 89
0.002213 89
0.002214 90
0.002215 91
0.002216 92
0.002217 92
0.002218 92
0.002219 92
0.00222 92
0.002221 91
0.002222 91
0.002223 91
0.002224 89
0.002225 89
0.002226 90
0.002227 89
0.002228 89
0.002229 90
0.00223 90
0.002231 89
0.002232 90
0.002233 90
0.002234 90
0.002235 90
0.002236 91
0.002237 91
0.002238 89
0.002239 88
0.00224 88
0.002241 91
0.002242 91
0.002243 90
0.002244 91
0.002245 91
0.002246 91
0.002247 90
0.002248 90
0.002249 89
0.00225 88
0.002251 88
0.002252 84
0.002253 84
0.002254 86
0.002255 85
0.002256 85
0.002257 85
0.002258 84
0.002259 84
0.00226 85
0.002261 83
0.002262 82
0.002263 82
0.002264 81
0.002265 81
0.002266 81
0.002267 80
0.002268 80
0.002269 80
0.00227 79
0.002271 80
0.002272 79
0.002273 80
0.002274 81
0.002275 82
0.002276 82
0.002277 84
0.002278 83
0.002279 83
0.00228 84
0.002281 84
0.002282 85
0.002283 85
0.002284 85
0.002285 86
0.002286 86
0.002287 86
0.002288 87
0.002289 87
0.00229 87
0.002291 87
0.002292 84
0.002293 84
0.002294 85
0.002295 85
0.002296 86
0.002297 87
0.002298 86
0.002299 85
0.0023 85
0.002301 86
0.002302 86
0.002303 85
0.002304 84
0.002305 83
0.002306 83
0.002307 83
0.002308 83
0.002309 82
0.00231 81
0.002311 81
0.002312 81
0.002313 81
0.002314 83
0.002315 82
0.002316 81
0.002317 83
0.002318 83
0.002319 81
0.00232 79
0.002321 80
0.002322 80
0.002323 80
0.002324 80
0.002325 80
0.002326 79
0.002327 81
0.002328 81
0.002329 82
0.00233 82
0.002331 81
0.002332 80
0.002333 81
0.002334 81
0.002335 80
0.002336 78
0.002337 78
0.002338 78
0.002339 77
0.00234 78
0.002341 77
0.002342 74
0.002343 72
0.002344 73
0.002345 73
0.002346 75
0.002347 75
0.002348 77
0.002349 77
0.00235 77
0.002351 77
0.002352 79
0.002353 80
0.002354 80
0.002355 81
0.002356 80
0.002357 80
0.002358 80
0.002359 80
0.00236 79
0.002361 79
0.002362 79
0.002363 78
0.002364 78
0.002365 78
0.002366 77
0.002367 76
0.002368 77
0.002369 78
0.00237 78
0.002371 79
0.002372 80
0.002373 82
0.002374 83
0.002375 83
0.002376 82
0.002377 82
0.002378 81
0.002379 79
0.00238 79
0.002381 79
0.002382 79
0.002383 81
0.002384 82
0.002385 82
0.002386 83
0.002387 83
0.002388 83
0.002389 80
0.00239 81
0.002391 81
0.002392 80
0.002393 80
0.002394 80
0.002395 79
0.002396 79
0.002397 78
0.002398 78
0.002399 79
0.0024 78
0.002401 79
0.002402 81
0.002403 81
0.002404 80
0.002405 80
0.002406 79
0.002407 81
0.002408 82
0.002409 84
0.00241 84
0.002411 85
0.002412 82
0.002413 83
0.002414 82
0.002415 83
0.002416 83
0.002417 82
0.002418 80
0.002419 81
0.00242 82
0.002421 82
0.002422 84
0.002423 84
0.002424 84
0.002425 84
0.002426 85
0.002427 85
0.002428 86
0.002429 84
0.00243 85
0.002431 86
0.002432 87
0.002433 87
0.002434 85
0.002435 83
0.002436 82
0.002437 83
0.002438 84
0.002439 85
0.00244 86
0.002441 86
0.002442 85
0.002443 87
0.002444 87
0.002445 87
0.002446 88
0.002447 88
0.002448 88
0.002449 88
0.00245 87
0.002451 87
0.002452 87
0.002453 87
0.002454 88
0.002455 89
0.002456 89
0.002457 88
0.002458 88
0.002459 88
0.00246 88
0.002461 88
0.002462 88
0.002463 88
0.002464 88
0.002465 89
0.002466 86
0.002467 87
0.002468 87
0.002469 87
0.00247 86
0.002471 87
0.002472 87
0.002473 87
0.002474 86
0.002475 86
0.002476 86
0.002477 88
0.002478 87
0.002479 88
0.00248 88
0.002481 88
0.002482 88
0.002483 88
0.002484 88
0.002485 87
0.002486 86
0.002487 83
0.002488 83
0.002489 83
0.00249 83
0.002491 84
0.002492 84
0.002493 84
0.002494 84
0.002495 84
0.002496 85
0.002497 85
0.002498 84
0.002499 83
0.0025 83
0.002501 85
0.002502 86
0.002503 87
0.002504 87
0.002505 88
0.002506 88
0.002507 88
0.002508 88
0.002509 86
0.00251 86
0.002511 86
0.002512 86
0.002513 86
0.002514 87
0.002515 88
0.002516 88
0.002517 89
0.002518 88
0.002519 88
0.00252 88
0.002521 88
0.002522 88
0.002523 88
0.002524 89
0.002525 89
0.002526 89
0.002527 90
0.002528 91
0.002529 92
0.00253 90
0.002531 89
0.002532 89
0.002533 89
0.002534 90
0.002535 89
0.002536 89
0.002537 89
0.002538 89
0.002539 92
0.00254 91
0.002541 91
0.002542 91
0.002543 91
0.002544 92
0.002545 91
0.002546 91
0.002547 91
0.002548 92
0.002549 92
0.00255 92
0.002551 91
0.002552 92
0.002553 92
0.002554 92
0.002555 92
0.002556 91
0.002557 91
0.002558 90
0.002559 89
0.00256 89
0.002561 89
0.002562 88
0.002563 88
0.002564 87
0.002565 87
0.002566 86
0.002567 86
0.002568 87
0.002569 87
0.00257 87
0.002571 88
0.002572 90
0.002573 90
0.002574 93
0.002575 92
0.002576 92
0.002577 90
0.002578 89
0.002579 89
0.00258 89
0.002581 88
0.002582 87
0.002583 87
0.002584 88
0.002585 89
0.002586 88
0.002587 87
0.002588 87
0.002589 87
0.00259 88
0.002591 88
0.002592 87
0.002593 88
0.002594 88
0.002595 87
0.002596 87
0.002597 87
0.002598 85
0.002599 85
0.0026 84
0.002601 85
0.002602 86
0.002603 86
0.002604 87
0.002605 88
0.002606 88
0.002607 88
0.002608 89
0.002609 89
0.00261 88
0.002611 87
0.002612 86
0.002613 85
0.002614 85
0.002615 85
0.002616 84
0.002617 84
0.002618 83
0.002619 82
0.00262 83
0.002621 83
0.002622 83
0.002623 81
0.002624 81
0.002625 82
0.002626 81
0.002627 82
0.002628 82
0.002629 83
0.00263 81
0.002631 80
0.002632 81
0.002633 81
0.002634 81
0.002635 81
0.002636 81
0.002637 82
0.002638 83
0.002639 83
0.00264 83
0.002641 82
0.002642 84
0.002643 84
0.002644 85
0.002645 86
0.002646 87
0.002647 87
0.002648 87
0.002649 87
0.00265 88
0.002651 87
0.002652 88
0.002653 88
0.002654 88
0.002655 88
0.002656 87
0.002657 87
0.002658 85
0.002659 85
0.00266 86
0.002661 86
0.002662 88
0.002663 90
0.002664 90
0.002665 88
0.002666 87
0.002667 87
0.002668 87
0.002669 87
0.00267 87
0.002671 89
0.002672 90
0.002673 90
0.002674 89
0.002675 89
0.002676 89
0.002677 89
0.002678 91
0.002679 91
0.00268 90
0.002681 90
0.002682 89
0.002683 90
0.002684 90
0.002685 92
0.002686 92
0.002687 92
0.002688 92
0.002689 89
0.00269 89
0.002691 89
0.002692 89
0.002693 88
0.002694 88
0.002695 88
0.002696 86
0.002697 85
0.002698 85
0.002699 85
0.0027 85
0.002701 87
0.002702 87
0.002703 88
0.002704 89
0.002705 88
0.002706 87
0.002707 88
0.002708 87
0.002709 88
0.00271 87
0.002711 86
0.002712 86
0.002713 84
0.002714 83
0.002715 83
0.002716 84
0.002717 84
0.002718 84
0.002719 86
0.00272 87
0.002721 87
0.002722 86
0.002723 86
0.002724 86
0.002725 85
0.002726 85
0.002727 85
0.002728 86
0.002729 86
0.00273 86
0.002731 86
0.002732 86
0.002733 86
0.002734 85
0.002735 85
0.002736 86
0.002737 86
0.002738 87
0.002739 87
0.00274 88
0.002741 87
0.002742 87
0.002743 87
0.002744 88
0.002745 87
0.002746 86
0.002747 85
0.002748 85
0.002749 85
0.00275 86
0.002751 83
0.002752 84
0.002753 84
0.002754 83
0.002755 82
0.002756 82
0.002757 85
0.002758 85
0.002759 86
0.00276 87
0.002761 86
0.002762 87
0.002763 89
0.002764 89
0.002765 89
0.002766 89
0.002767 89
0.002768 89
0.002769 88
0.00277 88
0.002771 87
0.002772 85
0.002773 85
0.002774 87
0.002775 87
0.002776 87
0.002777 87
0.002778 87
0.002779 88
0.00278 88
0.002781 90
0.002782 91
0.002783 88
0.002784 90
0.002785 90
0.002786 90
0.002787 89
0.002788 90
0.002789 89
0.00279 90
0.002791 90
0.002792 90
0.002793 92
0.002794 91
0.002795 92
0.002796 91
0.002797 92
0.002798 92
0.002799 89
0.0028 89
0.002801 90
0.002802 90
0.002803 90
0.002804 92
0.002805 92
0.002806 91
0.002807 92
0.002808 91
0.002809 92
0.00281 92
0.002811 92
0.002812 93
0.002813 91
0.002814 90
0.002815 90
0.002816 91
0.002817 93
0.002818 92
0.002819 90
0.00282 90
0.002821 91
0.002822 91
0.002823 90
0.002824 90
0.002825 88
0.002826 90
0.002827 89
0.002828 90
0.002829 89
0.00283 88
0.002831 87
0.002832 88
0.002833 90
0.002834 89
0.002835 89
0.002836 88
0.002837 86
0.002838 90
0.002839 90
0.00284 92
0.002841 92
0.002842 93
0.002843 93
0.002844 93
0.002845 92
0.002846 90
0.002847 90
0.002848 90
0.002849 91
0.00285 91
0.002851 90
0.002852 90
0.002853 91
0.002854 90
0.002855 90
0.002856 90
0.002857 91
0.002858 90
0.002859 91
0.00286 91
0.002861 91
0.002862 92
0.002863 89
0.002864 88
0.002865 90
0.002866 89
0.002867 89
0.002868 90
0.002869 90
0.00287 91
0.002871 90
0.002872 90
0.002873 89
0.002874 89
0.002875 88
0.002876 87
0.002877 86
0.002878 86
0.002879 84
0.00288 85
0.002881 85
0.002882 84
0.002883 84
0.002884 84
0.002885 81
0.002886 81
0.002887 81
0.002888 81
0.002889 81
0.00289 81
0.002891 80
0.002892 80
0.002893 80
0.002894 79
0.002895 80
0.002896 78
0.002897 79
0.002898 79
0.002899 80
0.0029 80
0.002901 81
0.002902 82
0.002903 82
0.002904 82
0.002905 83
0.002906 84
0.002907 82
0.002908 81
0.002909 81
0.00291 82
0.002911 82
0.002912 83
0.002913 83
0.002914 85
0.002915 85
0.002916 84
0.002917 84
0.002918 84
0.002919 85
0.00292 84
0.002921 84
0.002922 85
0.002923 84
0.002924 84
0.002925 85
0.002926 86
0.002927 87
0.002928 86
0.002929 86
0.00293 86
0.002931 87
0.002932 86
0.002933 85
0.002934 85
0.002935 86
0.002936 86
0.002937 85
0.002938 90
0.002939 90
0.00294 89
0.002941 89
0.002942 89
0.002943 90
0.002944 91
0.002945 91
0.002946 91
0.002947 91
0.002948 92
0.002949 94
0.00295 94
0.002951 93
0.002952 93
0.002953 94
0.002954 94
0.002955 93
0.002956 94
0.002957 94
0.002958 96
0.002959 95
0.00296 95
0.002961 94
0.002962 94
0.002963 94
0.002964 93
0.002965 92
0.002966 91
0.002967 92
0.002968 91
0.002969 91
0.00297 93
0.002971 92
0.002972 92
0.002973 90
0.002974 87
0.002975 87
0.002976 87
0.002977 86
0.002978 88
0.002979 89
0.00298 89
0.002981 89
0.002982 88
0.002983 87
0.002984 86
0.002985 85
0.002986 86
0.002987 86
0.002988 85
0.002989 84
0.00299 85
0.002991 85
0.002992 84
0.002993 85
0.002994 84
0.002995 83
0.002996 82
0.002997 82
0.002998 81
0.002999 82
0.003 79
0.003001 79
0.003002 78
0.003003 78
0.003004 77
0.003005 78
0.003006 78
0.003007 78
0.003008 78
0.003009 78
0.00301 78
0.003011 76
0.003012 76
0.003013 75
0.003014 74
0.003015 74
0.003016 74
0.003017 75
0.003018 76
0.003019 77
0.00302 78
0.003021 78
0.003022 79
0.003023 78
0.003024 77
0.003025 77
0.003026 78
0.003027 79
0.003028 80
0.003029 81
0.00303 80
0.003031 79
0.003032 79
0.003033 79
0.003034 80
0.003035 82
0.003036 82
0.003037 83
0.003038 84
0.003039 83
0.00304 83
0.003041 83
0.003042 82
0.003043 79
0.003044 78
0.003045 78
0.003046 79
0.003047 80
0.003048 80
0.003049 80
0.00305 80
0.003051 81
0.003052 81
0.003053 81
0.003054 82
0.003055 80
0.003056 81
0.003057 81
0.003058 81
0.003059 81
0.00306 82
0.003061 82
0.003062 82
0.003063 81
0.003064 82
0.003065 82
0.003066 84
0.003067 84
0.003068 85
0.003069 85
0.00307 84
0.003071 84
0.003072 84
0.003073 83
0.003074 83
0.003075 83
0.003076 83
0.003077 79
0.003078 79
0.003079 79
0.00308 79
0.003081 79
0.003082 79
0.003083 78
0.003084 78
0.003085 78
0.003086 79
0.003087 81
0.003088 82
0.003089 80
0.00309 77
0.003091 77
0.003092 77
0.003093 77
0.003094 77
0.003095 81
0.003096 81
0.003097 82
0.003098 84
0.003099 83
0.0031 83
0.003101 83
0.003102 83
0.003103 83
0.003104 83
0.003105 81
0.003106 81
0.003107 80
0.003108 81
0.003109 81
0.00311 80
0.003111 79
0.003112 79
0.003113 80
0.003114 79
0.003115 76
0.003116 76
0.003117 77
0.003118 78
0.003119 79
0.00312 79
0.003121 78
0.003122 77
0.003123 77
0.003124 77
0.003125 77
0.003126 77
0.003127 78
0.003128 79
0.003129 80
0.00313 80
0.003131 81
0.003132 81
0.003133 81
0.003134 81
0.003135 81
0.003136 81
0.003137 81
0.003138 83
0.003139 83
0.00314 83
0.003141 84
0.003142 84
0.003143 85
0.003144 85
0.003145 86
0.003146 84
0.003147 84
0.003148 84
0.003149 84
0.00315 85
0.003151 86
0.003152 86
0.003153 86
0.003154 86
0.003155 86
0.003156 86
0.003157 86
0.003158 86
0.003159 85
0.00316 84
0.003161 82
0.003162 83
0.003163 82
0.003164 82
0.003165 82
0.003166 80
0.003167 81
0.003168 82
0.003169 82
0.00317 81
0.003171 81
0.003172 81
0.003173 81
0.003174 80
0.003175 79
0.003176 79
0.003177 79
0.003178 78
0.003179 77
0.00318 77
0.003181 77
0.003182 77
0.003183 77
0.003184 77
0.003185 76
0.003186 77
0.003187 76
0.003188 79
0.003189 78
0.00319 78
0.003191 77
0.003192 76
0.003193 77
0.003194 78
0.003195 78
0.003196 74
0.003197 76
0.003198 76
0.003199 76
0.0032 76
0.003201 77
0.003202 76
0.003203 76
0.003204 77
0.003205 77
0.003206 77
0.003207 76
0.003208 77
0.003209 76
0.00321 77
0.003211 76
0.003212 76
0.003213 77
0.003214 77
0.003215 76
0.003216 76
0.003217 76
0.003218 75
0.003219 75
0.00322 75
0.003221 75
0.003222 77
0.003223 78
0.003224 78
0.003225 78
0.003226 77
0.003227 77
0.003228 76
0.003229 76
0.00323 76
0.003231 76
0.003232 77
0.003233 76
0.003234 77
0.003235 77
0.003236 77
0.003237 77
0.003238 77
0.003239 76
0.00324 76
0.003241 75
0.003242 76
0.003243 76
0.003244 76
0.003245 76
0.003246 75
0.003247 76
0.003248 77
0.003249 77
0.00325 78
0.003251 76
0.003252 77
0.003253 78
0.003254 79
0.003255 79
0.003256 77
0.003257 78
0.003258 78
0.003259 77
0.00326 78
0.003261 79
0.003262 80
0.003263 81
0.003264 81
0.003265 81
0.003266 81
0.003267 82
0.003268 83
0.003269 84
0.00327 85
0.003271 84
0.003272 83
0.003273 83
0.003274 84
0.003275 85
0.003276 86
0.003277 86
0.003278 87
0.003279 87
0.00328 87
0.003281 86
0.003282 86
0.003283 86
0.003284 86
0.003285 87
0.003286 86
0.003287 87
0.003288 87
0.003289 88
0.00329 87
0.003291 87
0.003292 86
0.003293 86
0.003294 87
0.003295 85
0.003296 86
0.003297 87
0.003298 86
0.003299 85
0.0033 84
0.003301 83
0.003302 85
0.003303 85
0.003304 86
0.003305 86
0.003306 85
0.003307 86
0.003308 86
0.003309 86
0.00331 85
0.003311 86
0.003312 87
0.003313 87
0.003314 86
0.003315 86
0.003316 87
0.003317 87
0.003318 87
0.003319 87
0.00332 88
0.003321 88
0.003322 90
0.003323 89
0.003324 89
0.003325 89
0.003326 89
0.003327 90
0.003328 90
0.003329 89
0.00333 89
0.003331 89
0.003332 90
0.003333 89
0.003334 89
0.003335 89
0.003336 88
0.003337 87
0.003338 88
0.003339 86
0.00334 86
0.003341 86
0.003342 86
0.003343 87
0.003344 87
0.003345 86
0.003346 85
0.003347 85
0.003348 85
0.003349 86
0.00335 86
0.003351 85
0.003352 85
0.003353 85
0.003354 85
0.003355 86
0.003356 86
0.003357 84
0.003358 85
0.003359 85
0.00336 85
0.003361 86
0.003362 84
0.003363 85
0.003364 84
0.003365 85
0.003366 86
0.003367 85
0.003368 85
0.003369 85
0.00337 86
0.003371 86
0.003372 86
0.003373 86
0.003374 86
0.003375 85
0.003376 85
0.003377 87
0.003378 85
0.003379 88
0.00338 89
0.003381 87
0.003382 85
0.003383 86
0.003384 87
0.003385 87
0.003386 87
0.003387 88
0.003388 88
0.003389 89
0.00339 88
0.003391 88
0.003392 88
0.003393 87
0.003394 89
0.003395 89
0.003396 88
0.003397 89
0.003398 89
0.003399 88
0.0034 88
0.003401 88
0.003402 88
0.003403 87
0.003404 87
0.003405 86
0.003406 86
0.003407 86
0.003408 87
0.003409 87
0.00341 87
0.003411 85
0.003412 84
0.003413 84
0.003414 84
0.003415 84
0.003416 84
0.003417 84
0.003418 84
0.003419 83
0.00342 83
0.003421 82
0.003422 82
0.003423 80
0.003424 81
0.003425 81
0.003426 81
0.003427 81
0.003428 79
0.003429 79
0.00343 80
0.003431 81
0.003432 83
0.003433 83
0.003434 84
0.003435 82
0.003436 82
0.003437 83
0.003438 85
0.003439 85
0.00344 86
0.003441 85
0.003442 87
0.003443 87
0.003444 86
0.003445 86
0.003446 87
0.003447 87
0.003448 89
0.003449 88
0.00345 88
0.003451 88
0.003452 89
0.003453 89
0.003454 89
0.003455 88
0.003456 88
0.003457 88
0.003458 88
0.003459 89
0.00346 88
0.003461 89
0.003462 89
0.003463 90
0.003464 88
0.003465 88
0.003466 89
0.003467 87
0.003468 87
0.003469 85
0.00347 85
0.003471 85
0.003472 85
0.003473 85
0.003474 85
0.003475 84
0.003476 84
0.003477 85
0.003478 86
0.003479 87
0.00348 88
0.003481 89
0.003482 88
0.003483 90
0.003484 89
0.003485 90
0.003486 89
0.003487 89
0.003488 90
0.003489 90
0.00349 89
0.003491 89
0.003492 90
0.003493 90
0.003494 89
0.003495 89
0.003496 88
0.003497 87
0.003498 89
0.003499 89
0.0035 89
0.003501 89
0.003502 89
0.003503 89
0.003504 88
0.003505 88
0.003506 88
0.003507 89
0.003508 89
0.003509 89
0.00351 89
0.003511 90
0.003512 89
0.003513 92
0.003514 93
0.003515 91
0.003516 88
0.003517 86
0.003518 86
0.003519 87
0.00352 86
0.003521 84
0.003522 84
0.003523 82
0.003524 82
0.003525 82
0.003526 81
0.003527 81
0.003528 80
0.003529 78
0.00353 77
0.003531 78
0.003532 78
0.003533 78
0.003534 78
0.003535 78
0.003536 76
0.003537 77
0.003538 77
0.003539 77
0.00354 76
0.003541 75
0.003542 74
0.003543 75
0.003544 75
0.003545 74
0.003546 75
0.003547 74
0.003548 74
0.003549 74
0.00355 74
0.003551 74
0.003552 74
0.003553 75
0.003554 75
0.003555 76
0.003556 77
0.003557 77
0.003558 76
0.003559 76
0.00356 77
0.003561 78
0.003562 79
0.003563 79
0.003564 79
0.003565 77
0.003566 76
0.003567 75
0.003568 76
0.003569 77
0.00357 77
0.003571 77
0.003572 77
0.003573 77
0.003574 77
0.003575 78
0.003576 78
0.003577 79
0.003578 79
0.003579 79
0.00358 80
0.003581 82
0.003582 82
0.003583 82
0.003584 82
0.003585 82
0.003586 84
0.003587 84
0.003588 84
0.003589 82
0.00359 82
0.003591 82
0.003592 80
0.003593 79
0.003594 78
0.003595 77
0.003596 78
0.003597 75
0.003598 74
0.003599 73
0.0036 72
0.003601 72
0.003602 72
0.003603 72
0.003604 73
0.003605 73
0.003606 73
0.003607 74
0.003608 73
0.003609 72
0.00361 72
0.003611 72
0.003612 71
0.003613 71
0.003614 72
0.003615 73
0.003616 73
0.003617 73
0.003618 73
0.003619 74
0.00362 76
0.003621 76
0.003622 77
0.003623 78
0.003624 78
0.003625 77
0.003626 79
0.003627 79
0.003628 79
0.003629 81
0.00363 81
0.003631 81
0.003632 81
0.003633 81
0.003634 79
0.003635 80
0.003636 79
0.003637 80
0.003638 79
0.003639 79
0.00364 78
0.003641 78
0.003642 78
0.003643 78
0.003644 79
0.003645 81
0.003646 81
0.003647 81
0.003648 81
0.003649 83
0.00365 82
0.003651 81
0.003652 81
0.003653 81
0.003654 82
0.003655 83
0.003656 82
0.003657 82
0.003658 84
0.003659 85
0.00366 85
0.003661 84
0.003662 86
0.003663 87
0.003664 86
0.003665 87
0.003666 87
0.003667 86
0.003668 87
0.003669 86
0.00367 87
0.003671 87
0.003672 86
0.003673 86
0.003674 86
0.003675 86
0.003676 85
0.003677 85
0.003678 87
0.003679 87
0.00368 87
0.003681 86
0.003682 86
0.003683 83
0.003684 83
0.003685 83
0.003686 83
0.003687 83
0.003688 83
0.003689 84
0.00369 84
0.003691 86
0.003692 85
0.003693 83
0.003694 83
0.003695 83
0.003696 81
0.003697 81
0.003698 83
0.003699 83
0.0037 83
0.003701 83
0.003702 81
0.003703 80
0.003704 78
0.003705 79
0.003706 78
0.003707 78
0.003708 77
0.003709 75
0.00371 76
0.003711 78
0.003712 79
0.003713 79
0.003714 79
0.003715 79
0.003716 78
0.003717 78
0.003718 80
0.003719 80
0.00372 80
0.003721 79
0.003722 79
0.003723 78
0.003724 78
0.003725 78
0.003726 76
0.003727 75
0.003728 75
0.003729 74
0.00373 73
0.003731 73
0.003732 70
0.003733 71
0.003734 71
0.003735 71
0.003736 69
0.003737 68
0.003738 67
0.003739 67
0.00374 68
0.003741 68
0.003742 68
0.003743 70
0.003744 70
0.003745 71
0.003746 71
0.003747 70
0.003748 71
0.003749 71
0.00375 70
0.003751 69
0.003752 69
0.003753 70
0.003754 70
0.003755 69
0.003756 69
0.003757 71
0.003758 72
0.003759 71
0.00376 71
0.003761 73
0.003762 72
0.003763 72
0.003764 72
0.003765 74
0.003766 74
0.003767 74
0.003768 74
0.003769 74
0.00377 74
0.003771 74
0.003772 74
0.003773 75
0.003774 75
0.003775 75
0.003776 75
0.003777 75
0.003778 75
0.003779 75
0.00378 75
0.003781 76
0.003782 76
0.003783 79
0.003784 79
0.003785 78
0.003786 80
0.003787 80
0.003788 81
0.003789 81
0.00379 81
0.003791 80
0.003792 79
0.003793 80
0.003794 82
0.003795 82
0.003796 84
0.003797 84
0.003798 83
0.003799 83
0.0038 83
0.003801 84
0.003802 84
0.003803 84
0.003804 87
0.003805 88
0.003806 87
0.003807 88
0.003808 90
0.003809 90
0.00381 90
0.003811 89
0.003812 89
0.003813 88
0.003814 87
0.003815 87
0.003816 86
0.003817 86
0.003818 86
0.003819 86
0.00382 86
0.003821 86
0.003822 87
0.003823 86
0.003824 86
0.003825 84
0.003826 84
0.003827 84
0.003828 84
0.003829 84
0.00383 84
0.003831 85
0.003832 84
0.003833 84
0.003834 85
0.003835 85
0.003836 84
0.003837 83
0.003838 82
0.003839 83
0.00384 83
0.003841 82
0.003842 83
0.003843 80
0.003844 80
0.003845 79
0.003846 77
0.003847 77
0.003848 77
0.003849 78
0.00385 78
0.003851 76
0.003852 75
0.003853 75
0.003854 75
0.003855 75
0.003856 74
0.003857 75
0.003858 74
0.003859 73
0.00386 73
0.003861 73
0.003862 74
0.003863 75
0.003864 74
0.003865 74
0.003866 75
0.003867 75
0.003868 73
0.003869 72
0.00387 73
0.003871 73
0.003872 72
0.003873 73
0.003874 71
0.003875 71
0.003876 71
0.003877 71
0.003878 71
0.003879 71
0.00388 71
0.003881 72
0.003882 72
0.003883 71
0.003884 72
0.003885 72
0.003886 72
0.003887 73
0.003888 72
0.003889 71
0.00389 69
0.003891 69
0.003892 69
0.003893 69
0.003894 68
0.003895 68
0.003896 67
0.003897 67
0.003898 67
0.003899 65
0.0039 63
0.003901 63
0.003902 64
0.003903 63
0.003904 63
0.003905 63
0.003906 62
0.003907 62
0.003908 63
0.003909 63
0.00391 63
0.003911 63
0.003912 63
0.003913 65
0.003914 64
0.003915 64
0.003916 64
0.003917 64
0.003918 63
0.003919 63
0.00392 63
0.003921 65
0.003922 66
0.003923 67
0.003924 67
0.003925 67
0.003926 69
0.003927 68
0.003928 68
0.003929 67
0.00393 67
0.003931 68
0.003932 69
0.003933 69
0.003934 69
0.003935 69
0.003936 69
0.003937 70
0.003938 71
0.003939 72
0.00394 70
0.003941 70
0.003942 69
0.003943 68
0.003944 68
0.003945 69
0.003946 69
0.003947 69
0.003948 68
0.003949 67
0.00395 68
0.003951 67
0.003952 66
0.003953 65
0.003954 65
0.003955 65
0.003956 65
0.003957 64
0.003958 62
0.003959 60
0.00396 60
0.003961 61
0.003962 61
0.003963 61
0.003964 61
0.003965 61
0.003966 61
0.003967 61
0.003968 61
0.003969 61
0.00397 61
0.003971 66
0.003972 68
0.003973 69
0.003974 69
0.003975 69
0.003976 68
0.003977 69
0.003978 70
0.003979 71
0.00398 71
0.003981 71
0.003982 72
0.003983 73
0.003984 72
0.003985 73
0.003986 73
0.003987 74
0.003988 72
0.003989 72
0.00399 72
0.003991 72
0.003992 72
0.003993 72
0.003994 72
0.003995 72
0.003996 72
0.003997 72
0.003998 73
0.003999 73
0.004 72
0.004001 73
0.004002 73
0.004003 72
0.004004 72
0.004005 73
0.004006 72
0.004007 73
0.004008 73
0.004009 73
0.00401 73
0.004011 74
0.004012 75
0.004013 75
0.004014 76
0.004015 75
0.004016 75
0.004017 74
0.004018 75
0.004019 76
0.00402 76
0.004021 77
0.004022 78
0.004023 77
0.004024 77
0.004025 77
0.004026 77
0.004027 77
0.004028 76
0.004029 76
0.00403 76
0.004031 76
0.004032 77
0.004033 77
0.004034 79
0.004035 78
0.004036 77
0.004037 78
0.004038 78
0.004039 77
0.00404 78
0.004041 77
0.004042 77
0.004043 77
0.004044 78
0.004045 77
0.004046 77
0.004047 75
0.004048 75
0.004049 75
0.00405 76
0.004051 76
0.004052 77
0.004053 79
0.004054 79
0.004055 80
0.004056 80
0.004057 81
0.004058 81
0.004059 80
0.00406 80
0.004061 79
0.004062 80
0.004063 80
0.004064 80
0.004065 79
0.004066 78
0.004067 78
0.004068 77
0.004069 78
0.00407 77
0.004071 75
0.004072 74
0.004073 73
0.004074 73
0.004075 72
0.004076 72
0.004077 74
0.004078 74
0.004079 74
0.00408 75
0.004081 74
0.004082 73
0.004083 74
0.004084 74
0.004085 74
0.004086 75
0.004087 75
0.004088 76
0.004089 78
0.00409 78
0.004091 80
0.004092 81
0.004093 81
0.004094 83
0.004095 84
0.004096 85
0.004097 85
0.004098 84
0.004099 84
0.0041 84
0.004101 83
0.004102 83
0.004103 84
0.004104 85
0.004105 84
0.004106 84
0.004107 83
0.004108 82
0.004109 82
0.00411 82
0.004111 81
0.004112 78
0.004113 78
0.004114 77
0.004115 77
0.004116 77
0.004117 76
0.004118 76
0.004119 76
0.00412 75
0.004121 74
0.004122 74
0.004123 74
0.004124 74
0.004125 72
0.004126 74
0.004127 75
0.004128 76
0.004129 75
0.00413 76
0.004131 76
0.004132 78
0.004133 78
0.004134 77
0.004135 77
0.004136 77
0.004137 79
0.004138 78
0.004139 79
0.00414 79
0.004141 79
0.004142 78
0.004143 79
0.004144 80
0.004145 77
0.004146 76
0.004147 76
0.004148 76
0.004149 77
0.00415 78
0.004151 77
0.004152 79
0.004153 80
0.004154 79
0.004155 79
0.004156 78
0.004157 82
0.004158 81
0.004159 81
0.00416 81
0.004161 82
0.004162 83
0.004163 84
0.004164 84
0.004165 84
0.004166 83
0.004167 84
0.004168 81
0.004169 82
0.00417 83
0.004171 85
0.004172 85
0.004173 85
0.004174 86
0.004175 85
0.004176 84
0.004177 82
0.004178 83
0.004179 84
0.00418 86
0.004181 87
0.004182 88
0.004183 87
0.004184 86
0.004185 86
0.004186 86
0.004187 85
0.004188 85
0.004189 85
0.00419 85
0.004191 85
0.004192 87
0.004193 86
0.004194 86
0.004195 86
0.004196 87
0.004197 87
0.004198 87
0.004199 87
0.0042 88
0.004201 87
0.004202 87
0.004203 86
0.004204 84
0.004205 85
0.004206 83
0.004207 83
0.004208 84
0.004209 84
0.00421 83
0.004211 84
0.004212 83
0.004213 83
0.004214 83
0.004215 84
0.004216 85
0.004217 83
0.004218 83
0.004219 83
0.00422 81
0.004221 81
0.004222 81
0.004223 81
0.004224 82
0.004225 82
0.004226 82
0.004227 82
0.004228 82
0.004229 81
0.00423 81
0.004231 81
0.004232 80
0.004233 82
0.004234 81
0.004235 81
0.004236 81
0.004237 81
0.004238 81
0.004239 81
0.00424 80
0.004241 80
0.004242 80
0.004243 81
0.004244 81
0.004245 81
0.004246 81
0.004247 82
0.004248 82
0.004249 82
0.00425 82
0.004251 81
0.004252 81
0.004253 81
0.004254 82
0.004255 81
0.004256 80
0.004257 81
0.004258 79
0.004259 81
0.00426 81
0.004261 80
0.004262 80
0.004263 80
0.004264 82
0.004265 84
0.004266 84
0.004267 83
0.004268 83
0.004269 81
0.00427 81
0.004271 81
0.004272 81
0.004273 82
0.004274 82
0.004275 81
0.004276 81
0.004277 81
0.004278 81
0.004279 81
0.00428 80
0.004281 79
0.004282 79
0.004283 80
0.004284 80
0.004285 80
0.004286 80
0.004287 80
0.004288 81
0.004289 79
0.00429 78
0.004291 80
0.004292 81
0.004293 81
0.004294 81
0.004295 81
0.004296 82
0.004297 82
0.004298 83
0.004299 85
0.0043 86
0.004301 86
0.004302 85
0.004303 86
0.004304 85
0.004305 85
0.004306 85
0.004307 84
0.004308 84
0.004309 84
0.00431 85
0.004311 86
0.004312 87
0.004313 91
0.004314 91
0.004315 91
0.004316 91
0.004317 92
0.004318 92
0.004319 90
0.00432 90
0.004321 90
0.004322 92
0.004323 92
0.004324 91
0.004325 90
0.004326 89
0.004327 89
0.004328 89
0.004329 87
0.00433 87
0.004331 88
0.004332 88
0.004333 88
0.004334 89
0.004335 91
0.004336 91
0.004337 91
0.004338 90
0.004339 90
0.00434 90
0.004341 90
0.004342 90
0.004343 89
0.004344 89
0.004345 90
0.004346 91
0.004347 91
0.004348 93
0.004349 94
0.00435 94
0.004351 94
0.004352 95
0.004353 95
0.004354 96
0.004355 94
0.004356 94
0.004357 93
0.004358 93
0.004359 94
0.00436 96
0.004361 95
0.004362 95
0.004363 98
0.004364 97
0.004365 97
0.004366 97
0.004367 96
0.004368 96
0.004369 96
0.00437 97
0.004371 97
0.004372 98
0.004373 98
0.004374 99
0.004375 99
0.004376 99
0.004377 97
0.004378 98
0.004379 98
0.00438 98
0.004381 99
0.004382 98
0.004383 98
0.004384 97
0.004385 99
0.004386 99
0.004387 99
0.004388 97
0.004389 99
0.00439 100
0.004391 99
0.004392 98
0.004393 97
0.004394 97
0.004395 96
0.004396 97
0.004397 97
0.004398 97
0.004399 96
0.0044 96
0.004401 96
0.004402 96
0.004403 95
0.004404 95
0.004405 94
0.004406 92
0.004407 92
0.004408 93
0.004409 91
0.00441 92
0.004411 93
0.004412 92
0.004413 93
0.004414 91
0.004415 90
0.004416 90
0.004417 90
0.004418 91
0.004419 90
0.00442 91
0.004421 92
0.004422 91
0.004423 91
0.004424 89
0.004425 90
0.004426 90
0.004427 91
0.004428 92
0.004429 92
0.00443 92
0.004431 92
0.004432 93
0.004433 92
0.004434 92
0.004435 92
0.004436 92
0.004437 93
0.004438 95
0.004439 96
0.00444 96
0.004441 95
0.004442 96
0.004443 98
0.004444 96
0.004445 96
0.004446 95
0.004447 96
0.004448 95
0.004449 97
0.00445 97
0.004451 98
0.004452 98
0.004453 98
0.004454 99
0.004455 97
0.004456 97
0.004457 97
0.004458 97
0.004459 98
0.00446 99
0.004461 99
0.004462 99
0.004463 101
0.004464 101
0.004465 100
0.004466 99
0.004467 98
0.004468 98
0.004469 98
0.00447 97
0.004471 97
0.004472 95
0.004473 95
0.004474 95
0.004475 95
0.004476 96
0.004477 96
0.004478 96
0.004479 96
0.00448 98
0.004481 98
0.004482 97
0.004483 96
0.004484 95
0.004485 96
0.004486 96
0.004487 96
0.004488 95
0.004489 95
0.00449 96
0.004491 95
0.004492 95
0.004493 92
0.004494 91
0.004495 91
0.004496 92
0.004497 93
0.004498 92
0.004499 92
0.0045 91
0.004501 91
0.004502 92
0.004503 91
0.004504 90
0.004505 92
0.004506 92
0.004507 92
0.004508 92
0.004509 92
0.00451 94
0.004511 93
0.004512 94
0.004513 94
0.004514 94
0.004515 95
0.004516 95
0.004517 95
0.004518 94
0.004519 93
0.00452 94
0.004521 96
0.004522 97
0.004523 97
0.004524 96
0.004525 95
0.004526 96
0.004527 97
0.004528 99
0.004529 100
0.00453 100
0.004531 99
0.004532 98
0.004533 97
0.004534 96
0.004535 96
0.004536 95
0.004537 95
0.004538 94
0.004539 93
0.00454 94
0.004541 93
0.004542 93
0.004543 92
0.004544 93
0.004545 94
0.004546 93
0.004547 93
0.004548 93
0.004549 95
0.00455 95
0.004551 95
0.004552 95
0.004553 96
0.004554 95
0.004555 96
0.004556 97
0.004557 97
0.004558 99
0.004559 100
0.00456 100
0.004561 99
0.004562 99
0.004563 100
0.004564 99
0.004565 98
0.004566 98
0.004567 98
0.004568 101
0.004569 99
0.00457 100
0.004571 102
0.004572 102
0.004573 104
0.004574 103
0.004575 103
0.004576 103
0.004577 105
0.004578 104
0.004579 105
0.00458 105
0.004581 105
0.004582 105
0.004583 104
0.004584 104
0.004585 103
0.004586 104
0.004587 102
0.004588 103
0.004589 100
0.00459 101
0.004591 101
0.004592 102
0.004593 102
0.004594 102
0.004595 102
0.004596 103
0.004597 104
0.004598 102
0.004599 99
0.0046 97
0.004601 98
0.004602 98
0.004603 97
0.004604 98
0.004605 98
0.004606 100
0.004607 100
0.004608 100
0.004609 100
0.00461 100
0.004611 102
0.004612 102
0.004613 102
0.004614 102
0.004615 102
0.004616 101
0.004617 101
0.004618 102
0.004619 102
0.00462 101
0.004621 100
0.004622 98
0.004623 98
0.004624 98
0.004625 98
0.004626 102
0.004627 101
0.004628 101
0.004629 101
0.00463 101
0.004631 101
0.004632 99
0.004633 99
0.004634 99
0.004635 99
0.004636 100
0.004637 100
0.004638 100
0.004639 100
0.00464 100
0.004641 100
0.004642 100
0.004643 100
0.004644 100
0.004645 99
0.004646 98
0.004647 98
0.004648 99
0.004649 99
0.00465 99
0.004651 98
0.004652 99
0.004653 99
0.004654 98
0.004655 101
0.004656 101
0.004657 102
0.004658 103
0.004659 103
0.00466 104
0.004661 102
0.004662 102
0.004663 103
0.004664 104
0.004665 103
0.004666 103
0.004667 104
0.004668 104
0.004669 104
0.00467 104
0.004671 103
0.004672 105
0.004673 106
0.004674 106
0.004675 105
0.004676 105
0.004677 105
0.004678 104
0.004679 102
0.00468 102
0.004681 102
0.004682 100
0.004683 99
0.004684 98
0.004685 99
0.004686 99
0.004687 99
0.004688 99
0.004689 98
0.00469 98
0.004691 96
0.004692 95
0.004693 95
0.004694 96
0.004695 95
0.004696 94
0.004697 94
0.004698 97
0.004699 97
0.0047 99
0.004701 99
0.004702 98
0.004703 98
0.004704 97
0.004705 96
0.004706 95
0.004707 96
0.004708 96
0.004709 96
0.00471 97
0.004711 96
0.004712 96
0.004713 97
0.004714 96
0.004715 95
0.004716 95
0.004717 92
0.004718 92
0.004719 92
0.00472 91
0.004721 92
0.004722 92
0.004723 92
0.004724 92
0.004725 92
0.004726 92
0.004727 91
0.004728 91
0.004729 92
0.00473 92
0.004731 93
0.004732 94
0.004733 92
0.004734 92
0.004735 91
0.004736 91
0.004737 92
0.004738 92
0.004739 92
0.00474 92
0.004741 92
0.004742 90
0.004743 91
0.004744 91
0.004745 91
0.004746 91
0.004747 93
0.004748 93
0.004749 91
0.00475 92
0.004751 91
0.004752 90
0.004753 89
0.004754 89
0.004755 89
0.004756 88
0.004757 87
0.004758 87
0.004759 87
0.00476 88
0.004761 89
0.004762 90
0.004763 89
0.004764 88
0.004765 89
0.004766 90
0.004767 91
0.004768 91
0.004769 91
0.00477 91
0.004771 91
0.004772 92
0.004773 92
0.004774 91
0.004775 93
0.004776 93
0.004777 94
0.004778 94
0.004779 94
0.00478 95
0.004781 95
0.004782 94
0.004783 94
0.004784 93
0.004785 95
0.004786 94
0.004787 93
0.004788 93
0.004789 93
0.00479 92
0.004791 92
0.004792 90
0.004793 89
0.004794 91
0.004795 93
0.004796 95
0.004797 97
0.004798 97
0.004799 97
0.0048 96
0.004801 97
0.004802 96
0.004803 96
0.004804 96
0.004805 96
0.004806 95
0.004807 93
0.004808 93
0.004809 92
0.00481 90
0.004811 89
0.004812 89
0.004813 89
0.004814 90
0.004815 90
0.004816 92
0.004817 92
0.004818 92
0.004819 92
0.00482 92
0.004821 93
0.004822 93
0.004823 93
0.004824 94
0.004825 94
0.004826 95
0.004827 94
0.004828 94
0.004829 95
0.00483 95
0.004831 95
0.004832 95
0.004833 95
0.004834 95
0.004835 94
0.004836 94
0.004837 95
0.004838 95
0.004839 95
0.00484 95
0.004841 95
0.004842 96
0.004843 97
0.004844 96
0.004845 97
0.004846 98
0.004847 98
0.004848 98
0.004849 98
0.00485 97
0.004851 98
0.004852 98
0.004853 98
0.004854 98
0.004855 94
0.004856 95
0.004857 95
0.004858 94
0.004859 95
0.00486 96
0.004861 95
0.004862 94
0.004863 91
0.004864 91
0.004865 91
0.004866 90
0.004867 89
0.004868 88
0.004869 88
0.00487 88
0.004871 87
0.004872 89
0.004873 90
0.004874 90
0.004875 89
0.004876 89
0.004877 90
0.004878 91
0.004879 91
0.00488 90
0.004881 91
0.004882 92
0.004883 91
0.004884 89
0.004885 88
0.004886 90
0.004887 90
0.004888 90
0.004889 89
0.00489 88
0.004891 88
0.004892 87
0.004893 88
0.004894 88
0.004895 88
0.004896 88
0.004897 87
0.004898 87
0.004899 87
0.0049 86
0.004901 87
0.004902 86
0.004903 87
0.004904 88
0.004905 87
0.004906 87
0.004907 87
0.004908 87
0.004909 86
0.00491 86
0.004911 85
0.004912 86
0.004913 87
0.004914 85
0.004915 84
0.004916 84
0.004917 83
0.004918 82
0.004919 82
0.00492 81
0.004921 82
0.004922 82
0.004923 82
0.004924 81
0.004925 81
0.004926 81
0.004927 79
0.004928 79
0.004929 80
0.00493 81
0.004931 80
0.004932 78
0.004933 78
0.004934 78
0.004935 78
0.004936 78
0.004937 78
0.004938 79
0.004939 79
0.00494 79
0.004941 80
0.004942 79
0.004943 77
0.004944 77
0.004945 77
0.004946 77
0.004947 77
0.004948 79
0.004949 81
0.00495 81
0.004951 81
0.004952 82
0.004953 81
0.004954 81
0.004955 81
0.004956 81
0.004957 81
0.004958 82
0.004959 82
0.00496 82
0.004961 83
0.004962 83
0.004963 83
0.004964 83
0.004965 83
0.004966 84
0.004967 81
0.004968 81
0.004969 82
0.00497 82
0.004971 83
0.004972 84
0.004973 84
0.004974 86
0.004975 86
0.004976 89
0.004977 89
0.004978 89
0.004979 89
0.00498 90
0.004981 92
0.004982 91
0.004983 92
0.004984 92
0.004985 92
0.004986 92
0.004987 92
0.004988 92
0.004989 93
0.00499 91
0.004991 92
0.004992 93
0.004993 93
0.004994 93
0.004995 92
0.004996 91
0.004997 91
0.004998 91
0.004999 92
0.005 92
