0 3306
1e-06 3311
2e-06 3323
3e-06 3333
4e-06 3344
5e-06 3348
6e-06 3354
7e-06 3362
8e-06 3375
9e-06 3378
1e-05 3382
1.1e-05 3391
1.2e-05 3404
1.3e-05 3408
1.4e-05 3415
1.5e-05 3422
1.6e-05 3428
1.7e-05 3436
1.8e-05 3443
1.9e-05 3450
2e-05 3454
2.1e-05 3455
2.2e-05 3465
2.3e-05 3471
2.4e-05 3480
2.5e-05 3483
2.6e-05 3486
2.7e-05 3492
2.8e-05 3498
2.9e-05 3502
3e-05 3509
3.1e-05 3518
3.2e-05 3523
3.3e-05 3529
3.4e-05 3530
3.5e-05 3534
3.6e-05 3540
3.7e-05 3547
3.8e-05 3561
3.9e-05 3561
4e-05 3570
4.1e-05 3577
4.2e-05 3576
4.3e-05 3587
4.4e-05 3593
4.5e-05 3601
4.6e-05 3606
4.7e-05 3609
4.8e-05 3617
4.9e-05 3621
5e-05 3623
5.1e-05 3629
5.2e-05 3632
5.3e-05 3639
5.4e-05 3649
5.5e-05 3655
5.6e-05 3656
5.7e-05 3655
5.8e-05 3662
5.9e-05 3667
6e-05 3669
6.1e-05 3675
6.2e-05 3679
6.3e-05 3681
6.4e-05 3684
6.5e-05 3687
6.6e-05 3697
6.7e-05 3705
6.8e-05 3716
6.9e-05 3722
7e-05 3724
7.1e-05 3732
7.2e-05 3738
7.3e-05 3739
7.4e-05 3744
7.5e-05 3744
7.6e-05 3744
7.7e-05 3750
7.8e-05 3753
7.9e-05 3759
8e-05 3766
8.1e-05 3770
8.2e-05 3777
8.3e-05 3786
8.4e-05 3796
8.5e-05 3799
8.6e-05 3802
8.7e-05 3806
8.8e-05 3811
8.9e-05 3810
9e-05 3820
9.1e-05 3823
9.2e-05 3824
9.3e-05 3823
9.4e-05 3826
9.5e-05 3827
9.6e-05 3828
9.7e-05 3832
9.8e-05 3835
9.9e-05 3840
0.0001 3847
0.000101 3850
0.000102 3856
0.000103 3859
0.000104 3861
0.000105 3865
0.000106 3868
0.000107 3872
0.000108 3874
0.000109 3877
0.00011 3880
0.000111 3885
0.000112 3886
0.000113 3893
0.000114 3900
0.000115 3905
0.000116 3912
0.000117 3913
0.000118 3920
0.000119 3921
0.00012 3927
0.000121 3929
0.000122 3929
0.000123 3933
0.000124 3935
0.000125 3939
0.000126 3943
0.000127 3947
0.000128 3950
0.000129 3951
0.00013 3953
0.000131 3956
0.000132 3960
0.000133 3968
0.000134 3973
0.000135 3972
0.000136 3973
0.000137 3975
0.000138 3978
0.000139 3978
0.00014 3980
0.000141 3982
0.000142 3984
0.000143 3986
0.000144 3987
0.000145 3987
0.000146 3993
0.000147 3992
0.000148 3996
0.000149 4002
0.00015 4000
0.000151 4005
0.000152 4004
0.000153 4009
0.000154 4013
0.000155 4015
0.000156 4016
0.000157 4017
0.000158 4018
0.000159 4017
0.00016 4020
0.000161 4019
0.000162 4018
0.000163 4018
0.000164 4019
0.000165 4021
0.000166 4022
0.000167 4024
0.000168 4022
0.000169 4021
0.00017 4022
0.000171 4024
0.000172 4026
0.000173 4025
0.000174 4028
0.000175 4029
0.000176 4031
0.000177 4033
0.000178 4037
0.000179 4038
0.00018 4039
0.000181 4039
0.000182 4040
0.000183 4040
0.000184 4041
0.000185 4044
0.000186 4041
0.000187 4041
0.000188 4043
0.000189 4044
0.00019 4043
0.000191 4043
0.000192 4043
0.000193 4043
0.000194 4049
0.000195 4050
0.000196 4050
0.000197 4054
0.000198 4055
0.000199 4056
0.0002 4057
0.000201 4060
0.000202 4066
0.000203 4069
0.000204 4070
0.000205 4071
0.000206 4072
0.000207 4072
0.000208 4076
0.000209 4076
0.00021 4082
0.000211 4084
0.000212 4086
0.000213 4085
0.000214 4088
0.000215 4091
0.000216 4091
0.000217 4092
0.000218 4091
0.000219 4091
0.00022 4093
0.000221 4095
0.000222 4096
0.000223 4098
0.000224 4097
0.000225 4098
0.000226 4099
0.000227 4097
0.000228 4093
0.000229 4091
0.00023 4089
0.000231 4091
0.000232 4096
0.000233 4099
0.000234 4098
0.000235 4102
0.000236 4104
0.000237 4104
0.000238 4105
0.000239 4106
0.00024 4110
0.000241 4112
0.000242 4111
0.000243 4113
0.000244 4115
0.000245 4118
0.000246 4119
0.000247 4120
0.000248 4119
0.000249 4120
0.00025 4119
0.000251 4120
0.000252 4124
0.000253 4123
0.000254 4126
0.000255 4129
0.000256 4129
0.000257 4130
0.000258 4130
0.000259 4134
0.00026 4133
0.000261 4134
0.000262 4133
0.000263 4133
0.000264 4136
0.000265 4140
0.000266 4144
0.000267 4143
0.000268 4144
0.000269 4143
0.00027 4145
0.000271 4145
0.000272 4150
0.000273 4154
0.000274 4157
0.000275 4158
0.000276 4161
0.000277 4163
0.000278 4166
0.000279 4169
0.00028 4168
0.000281 4170
0.000282 4171
0.000283 4170
0.000284 4170
0.000285 4173
0.000286 4174
0.000287 4175
0.000288 4175
0.000289 4174
0.00029 4172
0.000291 4174
0.000292 4175
0.000293 4177
0.000294 4176
0.000295 4175
0.000296 4175
0.000297 4175
0.000298 4179
0.000299 4178
0.0003 4179
0.000301 4179
0.000302 4179
0.000303 4180
0.000304 4180
0.000305 4182
0.000306 4182
0.000307 4183
0.000308 4182
0.000309 4181
0.00031 4184
0.000311 4184
0.000312 4185
0.000313 4185
0.000314 4184
0.000315 4183
0.000316 4183
0.000317 4186
0.000318 4185
0.000319 4184
0.00032 4187
0.000321 4187
0.000322 4187
0.000323 4188
0.000324 4188
0.000325 4188
0.000326 4189
0.000327 4187
0.000328 4188
0.000329 4190
0.00033 4189
0.000331 4192
0.000332 4193
0.000333 4194
0.000334 4195
0.000335 4196
0.000336 4197
0.000337 4198
0.000338 4198
0.000339 4199
0.00034 4199
0.000341 4199
0.000342 4199
0.000343 4200
0.000344 4200
0.000345 4200
0.000346 4199
0.000347 4198
0.000348 4200
0.000349 4200
0.00035 4197
0.000351 4200
0.000352 4201
0.000353 4202
0.000354 4202
0.000355 4202
0.000356 4204
0.000357 4204
0.000358 4202
0.000359 4205
0.00036 4207
0.000361 4207
0.000362 4208
0.000363 4207
0.000364 4207
0.000365 4209
0.000366 4211
0.000367 4210
0.000368 4211
0.000369 4212
0.00037 4214
0.000371 4215
0.000372 4216
0.000373 4217
0.000374 4217
0.000375 4216
0.000376 4214
0.000377 4214
0.000378 4213
0.000379 4212
0.00038 4212
0.000381 4211
0.000382 4212
0.000383 4211
0.000384 4209
0.000385 4210
0.000386 4209
0.000387 4210
0.000388 4210
0.000389 4209
0.00039 4210
0.000391 4208
0.000392 4208
0.000393 4211
0.000394 4213
0.000395 4214
0.000396 4214
0.000397 4214
0.000398 4213
0.000399 4214
0.0004 4216
0.000401 4219
0.000402 4220
0.000403 4221
0.000404 4221
0.000405 4225
0.000406 4223
0.000407 4222
0.000408 4222
0.000409 4223
0.00041 4222
0.000411 4223
0.000412 4224
0.000413 4223
0.000414 4224
0.000415 4226
0.000416 4226
0.000417 4224
0.000418 4223
0.000419 4222
0.00042 4222
0.000421 4224
0.000422 4225
0.000423 4224
0.000424 4225
0.000425 4225
0.000426 4224
0.000427 4226
0.000428 4227
0.000429 4228
0.00043 4229
0.000431 4231
0.000432 4232
0.000433 4231
0.000434 4232
0.000435 4233
0.000436 4233
0.000437 4233
0.000438 4233
0.000439 4235
0.00044 4235
0.000441 4235
0.000442 4236
0.000443 4236
0.000444 4237
0.000445 4240
0.000446 4238
0.000447 4237
0.000448 4239
0.000449 4240
0.00045 4240
0.000451 4241
0.000452 4241
0.000453 4241
0.000454 4241
0.000455 4243
0.000456 4241
0.000457 4241
0.000458 4244
0.000459 4243
0.00046 4243
0.000461 4244
0.000462 4245
0.000463 4244
0.000464 4244
0.000465 4245
0.000466 4245
0.000467 4244
0.000468 4244
0.000469 4244
0.00047 4242
0.000471 4243
0.000472 4244
0.000473 4244
0.000474 4244
0.000475 4244
0.000476 4244
0.000477 4242
0.000478 4242
0.000479 4242
0.00048 4242
0.000481 4242
0.000482 4242
0.000483 4242
0.000484 4243
0.000485 4245
0.000486 4246
0.000487 4246
0.000488 4245
0.000489 4245
0.00049 4243
0.000491 4243
0.000492 4244
0.000493 4245
0.000494 4244
0.000495 4244
0.000496 4244
0.000497 4243
0.000498 4243
0.000499 4245
0.0005 4246
0.000501 4247
0.000502 4248
0.000503 4248
0.000504 4250
0.000505 4250
0.000506 4247
0.000507 4247
0.000508 4247
0.000509 4246
0.00051 4246
0.000511 4246
0.000512 4245
0.000513 4245
0.000514 4246
0.000515 4246
0.000516 4246
0.000517 4245
0.000518 4245
0.000519 4247
0.00052 4247
0.000521 4248
0.000522 4249
0.000523 4249
0.000524 4251
0.000525 4254
0.000526 4253
0.000527 4252
0.000528 4252
0.000529 4249
0.00053 4249
0.000531 4247
0.000532 4248
0.000533 4247
0.000534 4248
0.000535 4247
0.000536 4247
0.000537 4248
0.000538 4249
0.000539 4248
0.00054 4247
0.000541 4245
0.000542 4245
0.000543 4244
0.000544 4246
0.000545 4247
0.000546 4249
0.000547 4248
0.000548 4249
0.000549 4248
0.00055 4251
0.000551 4252
0.000552 4252
0.000553 4253
0.000554 4254
0.000555 4254
0.000556 4253
0.000557 4253
0.000558 4253
0.000559 4254
0.00056 4253
0.000561 4253
0.000562 4252
0.000563 4253
0.000564 4255
0.000565 4255
0.000566 4254
0.000567 4254
0.000568 4254
0.000569 4255
0.00057 4255
0.000571 4255
0.000572 4255
0.000573 4255
0.000574 4255
0.000575 4257
0.000576 4257
0.000577 4257
0.000578 4258
0.000579 4258
0.00058 4259
0.000581 4259
0.000582 4259
0.000583 4258
0.000584 4258
0.000585 4258
0.000586 4259
0.000587 4260
0.000588 4260
0.000589 4260
0.00059 4261
0.000591 4261
0.000592 4261
0.000593 4261
0.000594 4262
0.000595 4261
0.000596 4263
0.000597 4261
0.000598 4260
0.000599 4259
0.0006 4259
0.000601 4259
0.000602 4259
0.000603 4258
0.000604 4259
0.000605 4259
0.000606 4259
0.000607 4259
0.000608 4259
0.000609 4259
0.00061 4258
0.000611 4258
0.000612 4258
0.000613 4258
0.000614 4258
0.000615 4258
0.000616 4257
0.000617 4257
0.000618 4257
0.000619 4257
0.00062 4256
0.000621 4256
0.000622 4256
0.000623 4255
0.000624 4255
0.000625 4255
0.000626 4255
0.000627 4255
0.000628 4254
0.000629 4254
0.00063 4255
0.000631 4256
0.000632 4256
0.000633 4256
0.000634 4256
0.000635 4256
0.000636 4256
0.000637 4256
0.000638 4256
0.000639 4257
0.00064 4258
0.000641 4258
0.000642 4258
0.000643 4257
0.000644 4257
0.000645 4257
0.000646 4257
0.000647 4256
0.000648 4256
0.000649 4255
0.00065 4255
0.000651 4255
0.000652 4255
0.000653 4255
0.000654 4255
0.000655 4256
0.000656 4256
0.000657 4255
0.000658 4255
0.000659 4256
0.00066 4255
0.000661 4256
0.000662 4255
0.000663 4255
0.000664 4255
0.000665 4255
0.000666 4254
0.000667 4254
0.000668 4255
0.000669 4255
0.00067 4254
0.000671 4253
0.000672 4253
0.000673 4255
0.000674 4253
0.000675 4252
0.000676 4252
0.000677 4251
0.000678 4252
0.000679 4252
0.00068 4252
0.000681 4251
0.000682 4250
0.000683 4250
0.000684 4250
0.000685 4250
0.000686 4249
0.000687 4249
0.000688 4251
0.000689 4252
0.00069 4251
0.000691 4251
0.000692 4251
0.000693 4251
0.000694 4251
0.000695 4251
0.000696 4250
0.000697 4249
0.000698 4249
0.000699 4249
0.0007 4249
0.000701 4249
0.000702 4249
0.000703 4250
0.000704 4251
0.000705 4251
0.000706 4252
0.000707 4251
0.000708 4252
0.000709 4252
0.00071 4251
0.000711 4251
0.000712 4251
0.000713 4252
0.000714 4251
0.000715 4249
0.000716 4249
0.000717 4249
0.000718 4249
0.000719 4249
0.00072 4250
0.000721 4249
0.000722 4249
0.000723 4249
0.000724 4250
0.000725 4250
0.000726 4249
0.000727 4249
0.000728 4248
0.000729 4248
0.00073 4249
0.000731 4249
0.000732 4249
0.000733 4250
0.000734 4250
0.000735 4250
0.000736 4252
0.000737 4254
0.000738 4252
0.000739 4252
0.00074 4252
0.000741 4252
0.000742 4252
0.000743 4252
0.000744 4253
0.000745 4253
0.000746 4253
0.000747 4253
0.000748 4253
0.000749 4253
0.00075 4252
0.000751 4251
0.000752 4249
0.000753 4249
0.000754 4249
0.000755 4249
0.000756 4251
0.000757 4251
0.000758 4251
0.000759 4251
0.00076 4251
0.000761 4251
0.000762 4251
0.000763 4251
0.000764 4251
0.000765 4252
0.000766 4253
0.000767 4252
0.000768 4252
0.000769 4251
0.00077 4251
0.000771 4250
0.000772 4251
0.000773 4251
0.000774 4249
0.000775 4249
0.000776 4251
0.000777 4252
0.000778 4252
0.000779 4252
0.00078 4252
0.000781 4251
0.000782 4252
0.000783 4251
0.000784 4250
0.000785 4251
0.000786 4251
0.000787 4252
0.000788 4251
0.000789 4252
0.00079 4252
0.000791 4251
0.000792 4252
0.000793 4253
0.000794 4253
0.000795 4250
0.000796 4250
0.000797 4249
0.000798 4250
0.000799 4251
0.0008 4251
0.000801 4250
0.000802 4249
0.000803 4248
0.000804 4247
0.000805 4247
0.000806 4247
0.000807 4248
0.000808 4248
0.000809 4247
0.00081 4247
0.000811 4247
0.000812 4247
0.000813 4247
0.000814 4247
0.000815 4247
0.000816 4246
0.000817 4246
0.000818 4246
0.000819 4245
0.00082 4245
0.000821 4245
0.000822 4245
0.000823 4245
0.000824 4245
0.000825 4245
0.000826 4245
0.000827 4244
0.000828 4244
0.000829 4244
0.00083 4245
0.000831 4245
0.000832 4245
0.000833 4245
0.000834 4245
0.000835 4245
0.000836 4245
0.000837 4245
0.000838 4244
0.000839 4244
0.00084 4244
0.000841 4246
0.000842 4246
0.000843 4246
0.000844 4244
0.000845 4244
0.000846 4246
0.000847 4246
0.000848 4247
0.000849 4249
0.00085 4249
0.000851 4250
0.000852 4250
0.000853 4251
0.000854 4251
0.000855 4251
0.000856 4251
0.000857 4251
0.000858 4251
0.000859 4251
0.00086 4252
0.000861 4252
0.000862 4253
0.000863 4254
0.000864 4254
0.000865 4255
0.000866 4256
0.000867 4255
0.000868 4256
0.000869 4256
0.00087 4256
0.000871 4256
0.000872 4256
0.000873 4256
0.000874 4256
0.000875 4255
0.000876 4254
0.000877 4255
0.000878 4255
0.000879 4255
0.00088 4255
0.000881 4255
0.000882 4254
0.000883 4255
0.000884 4255
0.000885 4256
0.000886 4257
0.000887 4257
0.000888 4257
0.000889 4257
0.00089 4256
0.000891 4256
0.000892 4256
0.000893 4255
0.000894 4255
0.000895 4255
0.000896 4255
0.000897 4255
0.000898 4255
0.000899 4256
0.0009 4255
0.000901 4256
0.000902 4256
0.000903 4256
0.000904 4256
0.000905 4256
0.000906 4257
0.000907 4257
0.000908 4256
0.000909 4255
0.00091 4255
0.000911 4255
0.000912 4255
0.000913 4255
0.000914 4255
0.000915 4256
0.000916 4255
0.000917 4255
0.000918 4255
0.000919 4255
0.00092 4255
0.000921 4254
0.000922 4254
0.000923 4253
0.000924 4252
0.000925 4251
0.000926 4252
0.000927 4252
0.000928 4253
0.000929 4252
0.00093 4251
0.000931 4251
0.000932 4251
0.000933 4251
0.000934 4250
0.000935 4250
0.000936 4250
0.000937 4249
0.000938 4249
0.000939 4251
0.00094 4252
0.000941 4252
0.000942 4252
0.000943 4252
0.000944 4253
0.000945 4254
0.000946 4254
0.000947 4254
0.000948 4254
0.000949 4254
0.00095 4254
0.000951 4255
0.000952 4256
0.000953 4256
0.000954 4256
0.000955 4256
0.000956 4257
0.000957 4257
0.000958 4255
0.000959 4253
0.00096 4252
0.000961 4250
0.000962 4250
0.000963 4250
0.000964 4250
0.000965 4251
0.000966 4250
0.000967 4250
0.000968 4250
0.000969 4251
0.00097 4251
0.000971 4251
0.000972 4252
0.000973 4253
0.000974 4253
0.000975 4253
0.000976 4253
0.000977 4253
0.000978 4253
0.000979 4253
0.00098 4252
0.000981 4252
0.000982 4252
0.000983 4252
0.000984 4252
0.000985 4252
0.000986 4252
0.000987 4253
0.000988 4253
0.000989 4254
0.00099 4254
0.000991 4254
0.000992 4255
0.000993 4256
0.000994 4256
0.000995 4256
0.000996 4256
0.000997 4256
0.000998 4255
0.000999 4255
0.001 4255
0.001001 4255
0.001002 4255
0.001003 4256
0.001004 4256
0.001005 4254
0.001006 4254
0.001007 4254
0.001008 4254
0.001009 4254
0.00101 4254
0.001011 4253
0.001012 4252
0.001013 4251
0.001014 4251
0.001015 4250
0.001016 4250
0.001017 4249
0.001018 4249
0.001019 4249
0.00102 4249
0.001021 4247
0.001022 4247
0.001023 4247
0.001024 4248
0.001025 4248
0.001026 4248
0.001027 4249
0.001028 4249
0.001029 4249
0.00103 4250
0.001031 4251
0.001032 4250
0.001033 4250
0.001034 4250
0.001035 4250
0.001036 4250
0.001037 4250
0.001038 4250
0.001039 4250
0.00104 4250
0.001041 4249
0.001042 4249
0.001043 4250
0.001044 4250
0.001045 4250
0.001046 4250
0.001047 4249
0.001048 4249
0.001049 4249
0.00105 4250
0.001051 4250
0.001052 4250
0.001053 4249
0.001054 4249
0.001055 4249
0.001056 4249
0.001057 4249
0.001058 4249
0.001059 4250
0.00106 4250
0.001061 4251
0.001062 4251
0.001063 4251
0.001064 4251
0.001065 4252
0.001066 4252
0.001067 4251
0.001068 4252
0.001069 4253
0.00107 4252
0.001071 4251
0.001072 4251
0.001073 4250
0.001074 4249
0.001075 4248
0.001076 4249
0.001077 4248
0.001078 4248
0.001079 4247
0.00108 4247
0.001081 4247
0.001082 4247
0.001083 4247
0.001084 4247
0.001085 4247
0.001086 4247
0.001087 4247
0.001088 4245
0.001089 4245
0.00109 4245
0.001091 4247
0.001092 4248
0.001093 4248
0.001094 4248
0.001095 4248
0.001096 4248
0.001097 4248
0.001098 4248
0.001099 4248
0.0011 4249
0.001101 4249
0.001102 4251
0.001103 4251
0.001104 4251
0.001105 4250
0.001106 4249
0.001107 4249
0.001108 4249
0.001109 4249
0.00111 4249
0.001111 4249
0.001112 4251
0.001113 4251
0.001114 4251
0.001115 4251
0.001116 4251
0.001117 4251
0.001118 4251
0.001119 4251
0.00112 4252
0.001121 4253
0.001122 4253
0.001123 4252
0.001124 4252
0.001125 4253
0.001126 4253
0.001127 4253
0.001128 4252
0.001129 4252
0.00113 4251
0.001131 4251
0.001132 4251
0.001133 4250
0.001134 4250
0.001135 4252
0.001136 4252
0.001137 4250
0.001138 4250
0.001139 4249
0.00114 4249
0.001141 4251
0.001142 4251
0.001143 4251
0.001144 4251
0.001145 4251
0.001146 4251
0.001147 4250
0.001148 4250
0.001149 4250
0.00115 4250
0.001151 4250
0.001152 4250
0.001153 4250
0.001154 4250
0.001155 4250
0.001156 4250
0.001157 4250
0.001158 4249
0.001159 4249
0.00116 4249
0.001161 4249
0.001162 4248
0.001163 4249
0.001164 4249
0.001165 4250
0.001166 4250
0.001167 4250
0.001168 4250
0.001169 4251
0.00117 4252
0.001171 4253
0.001172 4253
0.001173 4253
0.001174 4253
0.001175 4253
0.001176 4254
0.001177 4253
0.001178 4254
0.001179 4254
0.00118 4254
0.001181 4255
0.001182 4254
0.001183 4255
0.001184 4255
0.001185 4255
0.001186 4255
0.001187 4256
0.001188 4256
0.001189 4255
0.00119 4255
0.001191 4255
0.001192 4255
0.001193 4255
0.001194 4256
0.001195 4255
0.001196 4254
0.001197 4254
0.001198 4254
0.001199 4255
0.0012 4257
0.001201 4256
0.001202 4255
0.001203 4255
0.001204 4253
0.001205 4253
0.001206 4253
0.001207 4254
0.001208 4254
0.001209 4254
0.00121 4254
0.001211 4254
0.001212 4254
0.001213 4254
0.001214 4252
0.001215 4252
0.001216 4251
0.001217 4251
0.001218 4252
0.001219 4252
0.00122 4252
0.001221 4253
0.001222 4252
0.001223 4251
0.001224 4251
0.001225 4250
0.001226 4248
0.001227 4248
0.001228 4248
0.001229 4247
0.00123 4247
0.001231 4247
0.001232 4245
0.001233 4245
0.001234 4245
0.001235 4245
0.001236 4246
0.001237 4245
0.001238 4246
0.001239 4246
0.00124 4245
0.001241 4245
0.001242 4245
0.001243 4245
0.001244 4245
0.001245 4246
0.001246 4246
0.001247 4247
0.001248 4247
0.001249 4247
0.00125 4246
0.001251 4246
0.001252 4247
0.001253 4247
0.001254 4247
0.001255 4247
0.001256 4248
0.001257 4248
0.001258 4248
0.001259 4248
0.00126 4247
0.001261 4247
0.001262 4248
0.001263 4249
0.001264 4250
0.001265 4249
0.001266 4247
0.001267 4247
0.001268 4247
0.001269 4247
0.00127 4247
0.001271 4247
0.001272 4247
0.001273 4247
0.001274 4246
0.001275 4246
0.001276 4246
0.001277 4247
0.001278 4247
0.001279 4247
0.00128 4248
0.001281 4249
0.001282 4249
0.001283 4249
0.001284 4249
0.001285 4249
0.001286 4249
0.001287 4249
0.001288 4250
0.001289 4249
0.00129 4249
0.001291 4249
0.001292 4249
0.001293 4249
0.001294 4249
0.001295 4250
0.001296 4250
0.001297 4250
0.001298 4250
0.001299 4251
0.0013 4252
0.001301 4252
0.001302 4251
0.001303 4251
0.001304 4251
0.001305 4251
0.001306 4251
0.001307 4252
0.001308 4252
0.001309 4252
0.00131 4252
0.001311 4252
0.001312 4252
0.001313 4252
0.001314 4252
0.001315 4252
0.001316 4251
0.001317 4251
0.001318 4251
0.001319 4251
0.00132 4251
0.001321 4251
0.001322 4252
0.001323 4252
0.001324 4251
0.001325 4251
0.001326 4251
0.001327 4251
0.001328 4252
0.001329 4252
0.00133 4252
0.001331 4252
0.001332 4253
0.001333 4253
0.001334 4251
0.001335 4252
0.001336 4252
0.001337 4252
0.001338 4252
0.001339 4250
0.00134 4250
0.001341 4250
0.001342 4250
0.001343 4251
0.001344 4251
0.001345 4252
0.001346 4252
0.001347 4252
0.001348 4252
0.001349 4252
0.00135 4252
0.001351 4253
0.001352 4252
0.001353 4251
0.001354 4251
0.001355 4251
0.001356 4251
0.001357 4251
0.001358 4251
0.001359 4250
0.00136 4250
0.001361 4249
0.001362 4250
0.001363 4251
0.001364 4251
0.001365 4250
0.001366 4250
0.001367 4249
0.001368 4250
0.001369 4250
0.00137 4249
0.001371 4247
0.001372 4247
0.001373 4246
0.001374 4246
0.001375 4246
0.001376 4245
0.001377 4246
0.001378 4246
0.001379 4246
0.00138 4245
0.001381 4245
0.001382 4245
0.001383 4246
0.001384 4246
0.001385 4246
0.001386 4246
0.001387 4246
0.001388 4245
0.001389 4245
0.00139 4246
0.001391 4247
0.001392 4247
0.001393 4247
0.001394 4246
0.001395 4246
0.001396 4246
0.001397 4246
0.001398 4246
0.001399 4246
0.0014 4247
0.001401 4247
0.001402 4247
0.001403 4247
0.001404 4247
0.001405 4247
0.001406 4247
0.001407 4247
0.001408 4247
0.001409 4246
0.00141 4246
0.001411 4247
0.001412 4246
0.001413 4246
0.001414 4246
0.001415 4246
0.001416 4246
0.001417 4244
0.001418 4244
0.001419 4246
0.00142 4248
0.001421 4248
0.001422 4249
0.001423 4249
0.001424 4249
0.001425 4249
0.001426 4249
0.001427 4250
0.001428 4251
0.001429 4253
0.00143 4251
0.001431 4251
0.001432 4251
0.001433 4252
0.001434 4252
0.001435 4253
0.001436 4253
0.001437 4253
0.001438 4253
0.001439 4252
0.00144 4252
0.001441 4252
0.001442 4253
0.001443 4253
0.001444 4252
0.001445 4252
0.001446 4251
0.001447 4251
0.001448 4249
0.001449 4249
0.00145 4249
0.001451 4249
0.001452 4249
0.001453 4249
0.001454 4249
0.001455 4249
0.001456 4249
0.001457 4250
0.001458 4249
0.001459 4250
0.00146 4250
0.001461 4249
0.001462 4249
0.001463 4249
0.001464 4249
0.001465 4249
0.001466 4249
0.001467 4248
0.001468 4246
0.001469 4246
0.00147 4246
0.001471 4247
0.001472 4247
0.001473 4248
0.001474 4247
0.001475 4249
0.001476 4249
0.001477 4249
0.001478 4249
0.001479 4247
0.00148 4247
0.001481 4248
0.001482 4248
0.001483 4248
0.001484 4247
0.001485 4247
0.001486 4247
0.001487 4247
0.001488 4247
0.001489 4247
0.00149 4247
0.001491 4247
0.001492 4246
0.001493 4246
0.001494 4246
0.001495 4246
0.001496 4246
0.001497 4246
0.001498 4246
0.001499 4246
0.0015 4246
0.001501 4246
0.001502 4246
0.001503 4246
0.001504 4246
0.001505 4246
0.001506 4246
0.001507 4248
0.001508 4249
0.001509 4249
0.00151 4249
0.001511 4250
0.001512 4251
0.001513 4251
0.001514 4251
0.001515 4251
0.001516 4252
0.001517 4252
0.001518 4253
0.001519 4254
0.00152 4254
0.001521 4254
0.001522 4254
0.001523 4254
0.001524 4252
0.001525 4252
0.001526 4252
0.001527 4252
0.001528 4252
0.001529 4252
0.00153 4253
0.001531 4252
0.001532 4253
0.001533 4253
0.001534 4253
0.001535 4252
0.001536 4252
0.001537 4252
0.001538 4252
0.001539 4252
0.00154 4253
0.001541 4252
0.001542 4252
0.001543 4252
0.001544 4252
0.001545 4252
0.001546 4253
0.001547 4253
0.001548 4252
0.001549 4252
0.00155 4253
0.001551 4253
0.001552 4253
0.001553 4253
0.001554 4253
0.001555 4252
0.001556 4252
0.001557 4253
0.001558 4253
0.001559 4253
0.00156 4252
0.001561 4254
0.001562 4255
0.001563 4255
0.001564 4255
0.001565 4255
0.001566 4255
0.001567 4255
0.001568 4257
0.001569 4257
0.00157 4257
0.001571 4257
0.001572 4256
0.001573 4256
0.001574 4255
0.001575 4255
0.001576 4256
0.001577 4256
0.001578 4256
0.001579 4256
0.00158 4256
0.001581 4256
0.001582 4256
0.001583 4256
0.001584 4257
0.001585 4258
0.001586 4259
0.001587 4259
0.001588 4259
0.001589 4260
0.00159 4260
0.001591 4260
0.001592 4260
0.001593 4260
0.001594 4260
0.001595 4260
0.001596 4260
0.001597 4260
0.001598 4260
0.001599 4260
0.0016 4259
0.001601 4258
0.001602 4259
0.001603 4259
0.001604 4259
0.001605 4258
0.001606 4257
0.001607 4257
0.001608 4257
0.001609 4256
0.00161 4256
0.001611 4256
0.001612 4256
0.001613 4256
0.001614 4256
0.001615 4256
0.001616 4256
0.001617 4256
0.001618 4255
0.001619 4255
0.00162 4255
0.001621 4255
0.001622 4255
0.001623 4255
0.001624 4255
0.001625 4255
0.001626 4255
0.001627 4254
0.001628 4253
0.001629 4252
0.00163 4252
0.001631 4252
0.001632 4252
0.001633 4251
0.001634 4252
0.001635 4252
0.001636 4251
0.001637 4251
0.001638 4251
0.001639 4251
0.00164 4252
0.001641 4252
0.001642 4252
0.001643 4252
0.001644 4252
0.001645 4251
0.001646 4252
0.001647 4253
0.001648 4254
0.001649 4254
0.00165 4254
0.001651 4254
0.001652 4254
0.001653 4253
0.001654 4253
0.001655 4252
0.001656 4252
0.001657 4253
0.001658 4252
0.001659 4253
0.00166 4252
0.001661 4252
0.001662 4252
0.001663 4253
0.001664 4253
0.001665 4253
0.001666 4252
0.001667 4252
0.001668 4252
0.001669 4252
0.00167 4252
0.001671 4252
0.001672 4253
0.001673 4253
0.001674 4253
0.001675 4253
0.001676 4253
0.001677 4252
0.001678 4252
0.001679 4253
0.00168 4254
0.001681 4255
0.001682 4255
0.001683 4256
0.001684 4256
0.001685 4256
0.001686 4255
0.001687 4255
0.001688 4255
0.001689 4255
0.00169 4255
0.001691 4256
0.001692 4257
0.001693 4257
0.001694 4257
0.001695 4257
0.001696 4257
0.001697 4257
0.001698 4257
0.001699 4257
0.0017 4257
0.001701 4257
0.001702 4257
0.001703 4257
0.001704 4257
0.001705 4257
0.001706 4257
0.001707 4257
0.001708 4256
0.001709 4256
0.00171 4256
0.001711 4255
0.001712 4254
0.001713 4254
0.001714 4254
0.001715 4254
0.001716 4255
0.001717 4255
0.001718 4255
0.001719 4255
0.00172 4256
0.001721 4255
0.001722 4254
0.001723 4254
0.001724 4254
0.001725 4254
0.001726 4256
0.001727 4256
0.001728 4256
0.001729 4256
0.00173 4256
0.001731 4254
0.001732 4255
0.001733 4256
0.001734 4256
0.001735 4255
0.001736 4255
0.001737 4256
0.001738 4256
0.001739 4256
0.00174 4256
0.001741 4254
0.001742 4254
0.001743 4254
0.001744 4254
0.001745 4256
0.001746 4256
0.001747 4256
0.001748 4256
0.001749 4257
0.00175 4257
0.001751 4257
0.001752 4257
0.001753 4257
0.001754 4257
0.001755 4257
0.001756 4257
0.001757 4257
0.001758 4257
0.001759 4256
0.00176 4256
0.001761 4256
0.001762 4256
0.001763 4257
0.001764 4257
0.001765 4257
0.001766 4257
0.001767 4258
0.001768 4257
0.001769 4257
0.00177 4257
0.001771 4257
0.001772 4257
0.001773 4256
0.001774 4256
0.001775 4258
0.001776 4258
0.001777 4257
0.001778 4258
0.001779 4257
0.00178 4256
0.001781 4256
0.001782 4257
0.001783 4257
0.001784 4256
0.001785 4256
0.001786 4256
0.001787 4257
0.001788 4256
0.001789 4256
0.00179 4256
0.001791 4256
0.001792 4255
0.001793 4254
0.001794 4254
0.001795 4253
0.001796 4252
0.001797 4252
0.001798 4252
0.001799 4252
0.0018 4252
0.001801 4252
0.001802 4252
0.001803 4252
0.001804 4252
0.001805 4250
0.001806 4250
0.001807 4250
0.001808 4250
0.001809 4250
0.00181 4250
0.001811 4250
0.001812 4250
0.001813 4249
0.001814 4251
0.001815 4251
0.001816 4251
0.001817 4251
0.001818 4251
0.001819 4252
0.00182 4253
0.001821 4251
0.001822 4250
0.001823 4250
0.001824 4250
0.001825 4250
0.001826 4250
0.001827 4250
0.001828 4250
0.001829 4250
0.00183 4251
0.001831 4251
0.001832 4251
0.001833 4251
0.001834 4250
0.001835 4250
0.001836 4251
0.001837 4250
0.001838 4250
0.001839 4250
0.00184 4250
0.001841 4250
0.001842 4250
0.001843 4250
0.001844 4250
0.001845 4250
0.001846 4250
0.001847 4250
0.001848 4250
0.001849 4250
0.00185 4250
0.001851 4250
0.001852 4251
0.001853 4251
0.001854 4251
0.001855 4251
0.001856 4251
0.001857 4251
0.001858 4251
0.001859 4251
0.00186 4251
0.001861 4251
0.001862 4251
0.001863 4251
0.001864 4251
0.001865 4250
0.001866 4250
0.001867 4250
0.001868 4249
0.001869 4248
0.00187 4248
0.001871 4248
0.001872 4248
0.001873 4248
0.001874 4248
0.001875 4248
0.001876 4248
0.001877 4248
0.001878 4247
0.001879 4247
0.00188 4247
0.001881 4248
0.001882 4248
0.001883 4248
0.001884 4249
0.001885 4248
0.001886 4247
0.001887 4246
0.001888 4246
0.001889 4246
0.00189 4246
0.001891 4246
0.001892 4246
0.001893 4245
0.001894 4245
0.001895 4245
0.001896 4245
0.001897 4245
0.001898 4244
0.001899 4244
0.0019 4244
0.001901 4244
0.001902 4243
0.001903 4243
0.001904 4243
0.001905 4241
0.001906 4244
0.001907 4244
0.001908 4244
0.001909 4244
0.00191 4244
0.001911 4244
0.001912 4244
0.001913 4244
0.001914 4245
0.001915 4244
0.001916 4244
0.001917 4244
0.001918 4244
0.001919 4244
0.00192 4244
0.001921 4242
0.001922 4242
0.001923 4242
0.001924 4242
0.001925 4242
0.001926 4241
0.001927 4241
0.001928 4241
0.001929 4241
0.00193 4240
0.001931 4240
0.001932 4237
0.001933 4237
0.001934 4236
0.001935 4237
0.001936 4237
0.001937 4237
0.001938 4237
0.001939 4237
0.00194 4237
0.001941 4238
0.001942 4238
0.001943 4238
0.001944 4238
0.001945 4238
0.001946 4238
0.001947 4237
0.001948 4237
0.001949 4237
0.00195 4238
0.001951 4237
0.001952 4237
0.001953 4236
0.001954 4236
0.001955 4236
0.001956 4236
0.001957 4236
0.001958 4236
0.001959 4236
0.00196 4236
0.001961 4235
0.001962 4235
0.001963 4234
0.001964 4235
0.001965 4235
0.001966 4235
0.001967 4235
0.001968 4235
0.001969 4235
0.00197 4237
0.001971 4237
0.001972 4237
0.001973 4237
0.001974 4237
0.001975 4237
0.001976 4237
0.001977 4237
0.001978 4237
0.001979 4237
0.00198 4237
0.001981 4236
0.001982 4236
0.001983 4238
0.001984 4237
0.001985 4236
0.001986 4236
0.001987 4236
0.001988 4235
0.001989 4235
0.00199 4235
0.001991 4235
0.001992 4235
0.001993 4235
0.001994 4235
0.001995 4234
0.001996 4233
0.001997 4233
0.001998 4233
0.001999 4232
0.002 4232
0.002001 4232
0.002002 4232
0.002003 4232
0.002004 4232
0.002005 4233
0.002006 4233
0.002007 4233
0.002008 4233
0.002009 4233
0.00201 4232
0.002011 4233
0.002012 4232
0.002013 4231
0.002014 4231
0.002015 4231
0.002016 4231
0.002017 4231
0.002018 4232
0.002019 4232
0.00202 4232
0.002021 4233
0.002022 4232
0.002023 4232
0.002024 4232
0.002025 4232
0.002026 4232
0.002027 4232
0.002028 4232
0.002029 4232
0.00203 4231
0.002031 4232
0.002032 4232
0.002033 4232
0.002034 4232
0.002035 4231
0.002036 4231
0.002037 4230
0.002038 4230
0.002039 4230
0.00204 4230
0.002041 4230
0.002042 4230
0.002043 4230
0.002044 4230
0.002045 4230
0.002046 4231
0.002047 4231
0.002048 4232
0.002049 4232
0.00205 4230
0.002051 4230
0.002052 4230
0.002053 4230
0.002054 4229
0.002055 4229
0.002056 4229
0.002057 4230
0.002058 4230
0.002059 4230
0.00206 4229
0.002061 4229
0.002062 4230
0.002063 4229
0.002064 4229
0.002065 4229
0.002066 4228
0.002067 4228
0.002068 4228
0.002069 4228
0.00207 4228
0.002071 4229
0.002072 4229
0.002073 4229
0.002074 4229
0.002075 4229
0.002076 4229
0.002077 4231
0.002078 4231
0.002079 4231
0.00208 4231
0.002081 4231
0.002082 4233
0.002083 4233
0.002084 4233
0.002085 4233
0.002086 4235
0.002087 4236
0.002088 4236
0.002089 4236
0.00209 4236
0.002091 4236
0.002092 4237
0.002093 4237
0.002094 4237
0.002095 4237
0.002096 4236
0.002097 4236
0.002098 4237
0.002099 4237
0.0021 4237
0.002101 4236
0.002102 4236
0.002103 4236
0.002104 4236
0.002105 4236
0.002106 4236
0.002107 4236
0.002108 4236
0.002109 4236
0.00211 4236
0.002111 4236
0.002112 4237
0.002113 4238
0.002114 4238
0.002115 4238
0.002116 4238
0.002117 4238
0.002118 4239
0.002119 4239
0.00212 4238
0.002121 4239
0.002122 4239
0.002123 4239
0.002124 4239
0.002125 4239
0.002126 4239
0.002127 4239
0.002128 4239
0.002129 4239
0.00213 4239
0.002131 4238
0.002132 4239
0.002133 4238
0.002134 4238
0.002135 4238
0.002136 4237
0.002137 4237
0.002138 4236
0.002139 4236
0.00214 4236
0.002141 4234
0.002142 4234
0.002143 4234
0.002144 4234
0.002145 4235
0.002146 4235
0.002147 4235
0.002148 4235
0.002149 4235
0.00215 4235
0.002151 4235
0.002152 4236
0.002153 4236
0.002154 4236
0.002155 4236
0.002156 4236
0.002157 4235
0.002158 4236
0.002159 4236
0.00216 4237
0.002161 4237
0.002162 4239
0.002163 4239
0.002164 4239
0.002165 4240
0.002166 4240
0.002167 4240
0.002168 4240
0.002169 4240
0.00217 4240
0.002171 4241
0.002172 4241
0.002173 4240
0.002174 4240
0.002175 4240
0.002176 4241
0.002177 4241
0.002178 4242
0.002179 4242
0.00218 4243
0.002181 4245
0.002182 4245
0.002183 4245
0.002184 4245
0.002185 4245
0.002186 4246
0.002187 4246
0.002188 4246
0.002189 4246
0.00219 4246
0.002191 4246
0.002192 4246
0.002193 4246
0.002194 4246
0.002195 4246
0.002196 4246
0.002197 4247
0.002198 4246
0.002199 4246
0.0022 4246
0.002201 4246
0.002202 4246
0.002203 4246
0.002204 4245
0.002205 4245
0.002206 4245
0.002207 4246
0.002208 4245
0.002209 4245
0.00221 4245
0.002211 4245
0.002212 4245
0.002213 4245
0.002214 4244
0.002215 4242
0.002216 4242
0.002217 4241
0.002218 4242
0.002219 4242
0.00222 4240
0.002221 4240
0.002222 4240
0.002223 4240
0.002224 4240
0.002225 4239
0.002226 4239
0.002227 4238
0.002228 4238
0.002229 4239
0.00223 4239
0.002231 4239
0.002232 4239
0.002233 4238
0.002234 4238
0.002235 4241
0.002236 4241
0.002237 4241
0.002238 4241
0.002239 4241
0.00224 4241
0.002241 4241
0.002242 4242
0.002243 4243
0.002244 4243
0.002245 4243
0.002246 4244
0.002247 4244
0.002248 4244
0.002249 4244
0.00225 4245
0.002251 4245
0.002252 4244
0.002253 4244
0.002254 4244
0.002255 4243
0.002256 4244
0.002257 4244
0.002258 4244
0.002259 4244
0.00226 4243
0.002261 4244
0.002262 4244
0.002263 4244
0.002264 4244
0.002265 4244
0.002266 4244
0.002267 4242
0.002268 4242
0.002269 4242
0.00227 4242
0.002271 4242
0.002272 4242
0.002273 4243
0.002274 4243
0.002275 4242
0.002276 4241
0.002277 4241
0.002278 4241
0.002279 4241
0.00228 4241
0.002281 4241
0.002282 4241
0.002283 4241
0.002284 4243
0.002285 4243
0.002286 4243
0.002287 4243
0.002288 4242
0.002289 4242
0.00229 4242
0.002291 4242
0.002292 4242
0.002293 4242
0.002294 4242
0.002295 4242
0.002296 4242
0.002297 4241
0.002298 4241
0.002299 4241
0.0023 4241
0.002301 4241
0.002302 4241
0.002303 4241
0.002304 4240
0.002305 4240
0.002306 4240
0.002307 4240
0.002308 4240
0.002309 4240
0.00231 4239
0.002311 4239
0.002312 4239
0.002313 4239
0.002314 4239
0.002315 4239
0.002316 4239
0.002317 4238
0.002318 4238
0.002319 4238
0.00232 4238
0.002321 4238
0.002322 4238
0.002323 4238
0.002324 4237
0.002325 4237
0.002326 4237
0.002327 4237
0.002328 4236
0.002329 4236
0.00233 4237
0.002331 4236
0.002332 4236
0.002333 4235
0.002334 4235
0.002335 4235
0.002336 4234
0.002337 4233
0.002338 4233
0.002339 4231
0.00234 4231
0.002341 4228
0.002342 4228
0.002343 4228
0.002344 4229
0.002345 4229
0.002346 4229
0.002347 4229
0.002348 4229
0.002349 4229
0.00235 4230
0.002351 4231
0.002352 4231
0.002353 4230
0.002354 4230
0.002355 4230
0.002356 4230
0.002357 4230
0.002358 4230
0.002359 4230
0.00236 4230
0.002361 4230
0.002362 4230
0.002363 4230
0.002364 4230
0.002365 4230
0.002366 4230
0.002367 4230
0.002368 4230
0.002369 4230
0.00237 4229
0.002371 4229
0.002372 4229
0.002373 4229
0.002374 4228
0.002375 4227
0.002376 4227
0.002377 4225
0.002378 4226
0.002379 4225
0.00238 4224
0.002381 4225
0.002382 4225
0.002383 4224
0.002384 4224
0.002385 4224
0.002386 4223
0.002387 4223
0.002388 4222
0.002389 4222
0.00239 4222
0.002391 4222
0.002392 4222
0.002393 4220
0.002394 4220
0.002395 4220
0.002396 4220
0.002397 4221
0.002398 4220
0.002399 4221
0.0024 4221
0.002401 4220
0.002402 4220
0.002403 4220
0.002404 4220
0.002405 4220
0.002406 4220
0.002407 4220
0.002408 4220
0.002409 4220
0.00241 4220
0.002411 4220
0.002412 4219
0.002413 4220
0.002414 4219
0.002415 4219
0.002416 4220
0.002417 4220
0.002418 4220
0.002419 4220
0.00242 4220
0.002421 4220
0.002422 4220
0.002423 4220
0.002424 4220
0.002425 4219
0.002426 4219
0.002427 4219
0.002428 4218
0.002429 4219
0.00243 4220
0.002431 4220
0.002432 4220
0.002433 4220
0.002434 4220
0.002435 4220
0.002436 4220
0.002437 4220
0.002438 4220
0.002439 4220
0.00244 4219
0.002441 4219
0.002442 4219
0.002443 4219
0.002444 4219
0.002445 4219
0.002446 4219
0.002447 4217
0.002448 4217
0.002449 4217
0.00245 4217
0.002451 4217
0.002452 4217
0.002453 4217
0.002454 4218
0.002455 4218
0.002456 4218
0.002457 4218
0.002458 4218
0.002459 4217
0.00246 4217
0.002461 4217
0.002462 4217
0.002463 4218
0.002464 4218
0.002465 4218
0.002466 4218
0.002467 4216
0.002468 4216
0.002469 4216
0.00247 4216
0.002471 4216
0.002472 4215
0.002473 4215
0.002474 4215
0.002475 4215
0.002476 4215
0.002477 4215
0.002478 4215
0.002479 4215
0.00248 4214
0.002481 4213
0.002482 4213
0.002483 4212
0.002484 4212
0.002485 4212
0.002486 4211
0.002487 4212
0.002488 4212
0.002489 4212
0.00249 4212
0.002491 4212
0.002492 4210
0.002493 4210
0.002494 4211
0.002495 4211
0.002496 4210
0.002497 4210
0.002498 4210
0.002499 4209
0.0025 4208
0.002501 4208
0.002502 4209
0.002503 4210
0.002504 4210
0.002505 4210
0.002506 4209
0.002507 4209
0.002508 4209
0.002509 4208
0.00251 4208
0.002511 4208
0.002512 4208
0.002513 4207
0.002514 4207
0.002515 4207
0.002516 4206
0.002517 4206
0.002518 4206
0.002519 4206
0.00252 4207
0.002521 4206
0.002522 4206
0.002523 4206
0.002524 4206
0.002525 4206
0.002526 4206
0.002527 4206
0.002528 4206
0.002529 4206
0.00253 4206
0.002531 4206
0.002532 4206
0.002533 4206
0.002534 4208
0.002535 4209
0.002536 4208
0.002537 4208
0.002538 4208
0.002539 4208
0.00254 4208
0.002541 4209
0.002542 4209
0.002543 4209
0.002544 4209
0.002545 4208
0.002546 4208
0.002547 4208
0.002548 4207
0.002549 4207
0.00255 4207
0.002551 4207
0.002552 4207
0.002553 4207
0.002554 4207
0.002555 4208
0.002556 4208
0.002557 4207
0.002558 4207
0.002559 4207
0.00256 4207
0.002561 4208
0.002562 4208
0.002563 4209
0.002564 4209
0.002565 4209
0.002566 4209
0.002567 4209
0.002568 4209
0.002569 4208
0.00257 4208
0.002571 4208
0.002572 4207
0.002573 4207
0.002574 4208
0.002575 4207
0.002576 4207
0.002577 4206
0.002578 4205
0.002579 4205
0.00258 4204
0.002581 4204
0.002582 4204
0.002583 4204
0.002584 4204
0.002585 4204
0.002586 4204
0.002587 4205
0.002588 4205
0.002589 4205
0.00259 4205
0.002591 4205
0.002592 4204
0.002593 4203
0.002594 4201
0.002595 4202
0.002596 4203
0.002597 4202
0.002598 4202
0.002599 4202
0.0026 4202
0.002601 4202
0.002602 4202
0.002603 4202
0.002604 4203
0.002605 4203
0.002606 4203
0.002607 4203
0.002608 4203
0.002609 4203
0.00261 4203
0.002611 4203
0.002612 4203
0.002613 4203
0.002614 4203
0.002615 4202
0.002616 4202
0.002617 4202
0.002618 4202
0.002619 4202
0.00262 4202
0.002621 4201
0.002622 4201
0.002623 4201
0.002624 4201
0.002625 4201
0.002626 4201
0.002627 4201
0.002628 4201
0.002629 4200
0.00263 4200
0.002631 4200
0.002632 4201
0.002633 4201
0.002634 4201
0.002635 4200
0.002636 4200
0.002637 4200
0.002638 4200
0.002639 4200
0.00264 4200
0.002641 4201
0.002642 4201
0.002643 4201
0.002644 4202
0.002645 4202
0.002646 4201
0.002647 4201
0.002648 4201
0.002649 4201
0.00265 4201
0.002651 4201
0.002652 4201
0.002653 4200
0.002654 4199
0.002655 4199
0.002656 4198
0.002657 4198
0.002658 4198
0.002659 4199
0.00266 4200
0.002661 4200
0.002662 4200
0.002663 4200
0.002664 4200
0.002665 4200
0.002666 4200
0.002667 4200
0.002668 4201
0.002669 4201
0.00267 4201
0.002671 4200
0.002672 4200
0.002673 4201
0.002674 4200
0.002675 4200
0.002676 4199
0.002677 4198
0.002678 4198
0.002679 4199
0.00268 4199
0.002681 4198
0.002682 4197
0.002683 4197
0.002684 4197
0.002685 4197
0.002686 4196
0.002687 4195
0.002688 4195
0.002689 4195
0.00269 4195
0.002691 4194
0.002692 4194
0.002693 4194
0.002694 4194
0.002695 4194
0.002696 4194
0.002697 4194
0.002698 4194
0.002699 4194
0.0027 4194
0.002701 4194
0.002702 4196
0.002703 4196
0.002704 4196
0.002705 4197
0.002706 4196
0.002707 4195
0.002708 4195
0.002709 4195
0.00271 4194
0.002711 4194
0.002712 4194
0.002713 4194
0.002714 4194
0.002715 4193
0.002716 4193
0.002717 4193
0.002718 4193
0.002719 4194
0.00272 4195
0.002721 4194
0.002722 4194
0.002723 4194
0.002724 4193
0.002725 4193
0.002726 4194
0.002727 4194
0.002728 4193
0.002729 4193
0.00273 4195
0.002731 4196
0.002732 4194
0.002733 4195
0.002734 4194
0.002735 4194
0.002736 4194
0.002737 4193
0.002738 4193
0.002739 4193
0.00274 4194
0.002741 4194
0.002742 4194
0.002743 4193
0.002744 4193
0.002745 4194
0.002746 4194
0.002747 4195
0.002748 4194
0.002749 4194
0.00275 4195
0.002751 4195
0.002752 4196
0.002753 4196
0.002754 4196
0.002755 4196
0.002756 4197
0.002757 4197
0.002758 4197
0.002759 4197
0.00276 4197
0.002761 4197
0.002762 4197
0.002763 4198
0.002764 4198
0.002765 4198
0.002766 4197
0.002767 4198
0.002768 4198
0.002769 4196
0.00277 4196
0.002771 4196
0.002772 4197
0.002773 4197
0.002774 4197
0.002775 4198
0.002776 4198
0.002777 4197
0.002778 4197
0.002779 4198
0.00278 4197
0.002781 4197
0.002782 4198
0.002783 4199
0.002784 4201
0.002785 4202
0.002786 4203
0.002787 4205
0.002788 4205
0.002789 4206
0.00279 4208
0.002791 4208
0.002792 4207
0.002793 4207
0.002794 4207
0.002795 4206
0.002796 4206
0.002797 4205
0.002798 4205
0.002799 4204
0.0028 4203
0.002801 4203
0.002802 4202
0.002803 4202
0.002804 4202
0.002805 4202
0.002806 4202
0.002807 4202
0.002808 4202
0.002809 4201
0.00281 4201
0.002811 4201
0.002812 4200
0.002813 4200
0.002814 4199
0.002815 4198
0.002816 4198
0.002817 4198
0.002818 4198
0.002819 4198
0.00282 4197
0.002821 4197
0.002822 4197
0.002823 4196
0.002824 4196
0.002825 4196
0.002826 4196
0.002827 4196
0.002828 4195
0.002829 4195
0.00283 4194
0.002831 4194
0.002832 4194
0.002833 4192
0.002834 4192
0.002835 4194
0.002836 4194
0.002837 4194
0.002838 4194
0.002839 4194
0.00284 4194
0.002841 4194
0.002842 4196
0.002843 4197
0.002844 4198
0.002845 4198
0.002846 4199
0.002847 4199
0.002848 4199
0.002849 4198
0.00285 4198
0.002851 4198
0.002852 4198
0.002853 4197
0.002854 4197
0.002855 4197
0.002856 4198
0.002857 4198
0.002858 4198
0.002859 4198
0.00286 4197
0.002861 4197
0.002862 4197
0.002863 4198
0.002864 4198
0.002865 4198
0.002866 4198
0.002867 4198
0.002868 4199
0.002869 4198
0.00287 4199
0.002871 4199
0.002872 4199
0.002873 4199
0.002874 4197
0.002875 4197
0.002876 4195
0.002877 4195
0.002878 4194
0.002879 4194
0.00288 4194
0.002881 4194
0.002882 4194
0.002883 4194
0.002884 4194
0.002885 4193
0.002886 4193
0.002887 4193
0.002888 4193
0.002889 4193
0.00289 4192
0.002891 4192
0.002892 4192
0.002893 4192
0.002894 4191
0.002895 4192
0.002896 4192
0.002897 4192
0.002898 4191
0.002899 4191
0.0029 4191
0.002901 4191
0.002902 4192
0.002903 4192
0.002904 4192
0.002905 4192
0.002906 4192
0.002907 4192
0.002908 4192
0.002909 4193
0.00291 4194
0.002911 4194
0.002912 4194
0.002913 4194
0.002914 4194
0.002915 4194
0.002916 4194
0.002917 4194
0.002918 4195
0.002919 4194
0.00292 4195
0.002921 4196
0.002922 4196
0.002923 4196
0.002924 4195
0.002925 4195
0.002926 4195
0.002927 4194
0.002928 4195
0.002929 4195
0.00293 4194
0.002931 4194
0.002932 4196
0.002933 4195
0.002934 4195
0.002935 4195
0.002936 4195
0.002937 4195
0.002938 4195
0.002939 4194
0.00294 4192
0.002941 4192
0.002942 4192
0.002943 4193
0.002944 4193
0.002945 4193
0.002946 4192
0.002947 4192
0.002948 4192
0.002949 4191
0.00295 4192
0.002951 4192
0.002952 4192
0.002953 4190
0.002954 4189
0.002955 4188
0.002956 4190
0.002957 4190
0.002958 4191
0.002959 4189
0.00296 4189
0.002961 4190
0.002962 4190
0.002963 4191
0.002964 4191
0.002965 4191
0.002966 4191
0.002967 4191
0.002968 4190
0.002969 4190
0.00297 4190
0.002971 4189
0.002972 4190
0.002973 4190
0.002974 4191
0.002975 4189
0.002976 4188
0.002977 4188
0.002978 4187
0.002979 4186
0.00298 4186
0.002981 4186
0.002982 4186
0.002983 4186
0.002984 4185
0.002985 4185
0.002986 4185
0.002987 4185
0.002988 4186
0.002989 4186
0.00299 4186
0.002991 4186
0.002992 4186
0.002993 4186
0.002994 4186
0.002995 4186
0.002996 4185
0.002997 4186
0.002998 4187
0.002999 4187
0.003 4187
0.003001 4187
0.003002 4187
0.003003 4185
0.003004 4186
0.003005 4186
0.003006 4186
0.003007 4186
0.003008 4186
0.003009 4186
0.00301 4186
0.003011 4185
0.003012 4185
0.003013 4185
0.003014 4185
0.003015 4186
0.003016 4187
0.003017 4187
0.003018 4187
0.003019 4187
0.00302 4186
0.003021 4186
0.003022 4186
0.003023 4188
0.003024 4190
0.003025 4190
0.003026 4190
0.003027 4190
0.003028 4189
0.003029 4189
0.00303 4189
0.003031 4189
0.003032 4189
0.003033 4187
0.003034 4188
0.003035 4189
0.003036 4190
0.003037 4190
0.003038 4190
0.003039 4189
0.00304 4189
0.003041 4189
0.003042 4188
0.003043 4188
0.003044 4188
0.003045 4188
0.003046 4188
0.003047 4188
0.003048 4188
0.003049 4188
0.00305 4188
0.003051 4188
0.003052 4188
0.003053 4188
0.003054 4188
0.003055 4187
0.003056 4187
0.003057 4187
0.003058 4187
0.003059 4187
0.00306 4186
0.003061 4187
0.003062 4186
0.003063 4186
0.003064 4187
0.003065 4187
0.003066 4187
0.003067 4186
0.003068 4186
0.003069 4186
0.00307 4186
0.003071 4187
0.003072 4187
0.003073 4188
0.003074 4188
0.003075 4188
0.003076 4187
0.003077 4188
0.003078 4189
0.003079 4188
0.00308 4188
0.003081 4188
0.003082 4188
0.003083 4187
0.003084 4187
0.003085 4186
0.003086 4186
0.003087 4187
0.003088 4187
0.003089 4186
0.00309 4186
0.003091 4186
0.003092 4186
0.003093 4186
0.003094 4186
0.003095 4187
0.003096 4187
0.003097 4187
0.003098 4187
0.003099 4187
0.0031 4187
0.003101 4187
0.003102 4187
0.003103 4188
0.003104 4188
0.003105 4188
0.003106 4187
0.003107 4188
0.003108 4188
0.003109 4188
0.00311 4187
0.003111 4187
0.003112 4188
0.003113 4189
0.003114 4189
0.003115 4190
0.003116 4190
0.003117 4190
0.003118 4189
0.003119 4188
0.00312 4188
0.003121 4187
0.003122 4189
0.003123 4189
0.003124 4189
0.003125 4189
0.003126 4189
0.003127 4189
0.003128 4189
0.003129 4189
0.00313 4188
0.003131 4188
0.003132 4188
0.003133 4188
0.003134 4188
0.003135 4188
0.003136 4188
0.003137 4188
0.003138 4188
0.003139 4188
0.00314 4188
0.003141 4188
0.003142 4188
0.003143 4188
0.003144 4188
0.003145 4188
0.003146 4188
0.003147 4188
0.003148 4188
0.003149 4188
0.00315 4188
0.003151 4188
0.003152 4188
0.003153 4189
0.003154 4189
0.003155 4189
0.003156 4189
0.003157 4189
0.003158 4189
0.003159 4190
0.00316 4190
0.003161 4189
0.003162 4189
0.003163 4190
0.003164 4190
0.003165 4190
0.003166 4189
0.003167 4189
0.003168 4191
0.003169 4191
0.00317 4191
0.003171 4192
0.003172 4192
0.003173 4192
0.003174 4191
0.003175 4191
0.003176 4191
0.003177 4191
0.003178 4191
0.003179 4192
0.00318 4192
0.003181 4191
0.003182 4191
0.003183 4190
0.003184 4190
0.003185 4190
0.003186 4190
0.003187 4190
0.003188 4189
0.003189 4190
0.00319 4190
0.003191 4190
0.003192 4190
0.003193 4190
0.003194 4190
0.003195 4190
0.003196 4190
0.003197 4191
0.003198 4191
0.003199 4191
0.0032 4191
0.003201 4192
0.003202 4192
0.003203 4192
0.003204 4192
0.003205 4192
0.003206 4192
0.003207 4192
0.003208 4193
0.003209 4193
0.00321 4193
0.003211 4193
0.003212 4193
0.003213 4193
0.003214 4193
0.003215 4194
0.003216 4195
0.003217 4195
0.003218 4196
0.003219 4195
0.00322 4195
0.003221 4194
0.003222 4194
0.003223 4193
0.003224 4192
0.003225 4193
0.003226 4193
0.003227 4193
0.003228 4193
0.003229 4193
0.00323 4193
0.003231 4193
0.003232 4192
0.003233 4192
0.003234 4193
0.003235 4195
0.003236 4195
0.003237 4195
0.003238 4195
0.003239 4193
0.00324 4193
0.003241 4193
0.003242 4193
0.003243 4193
0.003244 4192
0.003245 4192
0.003246 4192
0.003247 4192
0.003248 4193
0.003249 4193
0.00325 4193
0.003251 4193
0.003252 4194
0.003253 4195
0.003254 4196
0.003255 4197
0.003256 4198
0.003257 4198
0.003258 4198
0.003259 4197
0.00326 4197
0.003261 4197
0.003262 4197
0.003263 4197
0.003264 4197
0.003265 4197
0.003266 4197
0.003267 4198
0.003268 4198
0.003269 4198
0.00327 4198
0.003271 4198
0.003272 4199
0.003273 4199
0.003274 4199
0.003275 4199
0.003276 4198
0.003277 4198
0.003278 4195
0.003279 4195
0.00328 4195
0.003281 4195
0.003282 4196
0.003283 4197
0.003284 4197
0.003285 4195
0.003286 4194
0.003287 4194
0.003288 4194
0.003289 4193
0.00329 4192
0.003291 4192
0.003292 4193
0.003293 4192
0.003294 4193
0.003295 4193
0.003296 4193
0.003297 4193
0.003298 4192
0.003299 4191
0.0033 4190
0.003301 4190
0.003302 4191
0.003303 4191
0.003304 4191
0.003305 4191
0.003306 4191
0.003307 4190
0.003308 4190
0.003309 4189
0.00331 4189
0.003311 4189
0.003312 4190
0.003313 4190
0.003314 4189
0.003315 4189
0.003316 4189
0.003317 4190
0.003318 4190
0.003319 4191
0.00332 4191
0.003321 4191
0.003322 4191
0.003323 4190
0.003324 4190
0.003325 4191
0.003326 4191
0.003327 4190
0.003328 4191
0.003329 4192
0.00333 4194
0.003331 4194
0.003332 4194
0.003333 4194
0.003334 4194
0.003335 4194
0.003336 4194
0.003337 4194
0.003338 4194
0.003339 4194
0.00334 4194
0.003341 4193
0.003342 4194
0.003343 4194
0.003344 4194
0.003345 4194
0.003346 4195
0.003347 4195
0.003348 4197
0.003349 4197
0.00335 4197
0.003351 4197
0.003352 4196
0.003353 4196
0.003354 4196
0.003355 4196
0.003356 4198
0.003357 4198
0.003358 4197
0.003359 4197
0.00336 4197
0.003361 4197
0.003362 4197
0.003363 4197
0.003364 4197
0.003365 4197
0.003366 4197
0.003367 4198
0.003368 4197
0.003369 4197
0.00337 4197
0.003371 4197
0.003372 4198
0.003373 4198
0.003374 4199
0.003375 4199
0.003376 4199
0.003377 4199
0.003378 4199
0.003379 4199
0.00338 4199
0.003381 4200
0.003382 4200
0.003383 4200
0.003384 4200
0.003385 4200
0.003386 4200
0.003387 4199
0.003388 4200
0.003389 4200
0.00339 4201
0.003391 4200
0.003392 4200
0.003393 4199
0.003394 4199
0.003395 4198
0.003396 4200
0.003397 4199
0.003398 4199
0.003399 4199
0.0034 4199
0.003401 4198
0.003402 4198
0.003403 4198
0.003404 4197
0.003405 4197
0.003406 4196
0.003407 4196
0.003408 4196
0.003409 4196
0.00341 4195
0.003411 4195
0.003412 4195
0.003413 4196
0.003414 4196
0.003415 4196
0.003416 4197
0.003417 4197
0.003418 4197
0.003419 4198
0.00342 4199
0.003421 4200
0.003422 4200
0.003423 4200
0.003424 4200
0.003425 4200
0.003426 4200
0.003427 4200
0.003428 4200
0.003429 4200
0.00343 4201
0.003431 4201
0.003432 4201
0.003433 4201
0.003434 4199
0.003435 4199
0.003436 4199
0.003437 4199
0.003438 4198
0.003439 4198
0.00344 4197
0.003441 4199
0.003442 4199
0.003443 4200
0.003444 4200
0.003445 4200
0.003446 4200
0.003447 4200
0.003448 4199
0.003449 4199
0.00345 4199
0.003451 4199
0.003452 4198
0.003453 4198
0.003454 4198
0.003455 4198
0.003456 4197
0.003457 4197
0.003458 4196
0.003459 4195
0.00346 4194
0.003461 4194
0.003462 4194
0.003463 4194
0.003464 4194
0.003465 4194
0.003466 4194
0.003467 4195
0.003468 4194
0.003469 4194
0.00347 4194
0.003471 4194
0.003472 4194
0.003473 4194
0.003474 4193
0.003475 4193
0.003476 4193
0.003477 4193
0.003478 4193
0.003479 4193
0.00348 4193
0.003481 4193
0.003482 4194
0.003483 4193
0.003484 4193
0.003485 4194
0.003486 4194
0.003487 4194
0.003488 4195
0.003489 4195
0.00349 4195
0.003491 4196
0.003492 4194
0.003493 4194
0.003494 4194
0.003495 4194
0.003496 4194
0.003497 4194
0.003498 4194
0.003499 4194
0.0035 4194
0.003501 4195
0.003502 4195
0.003503 4195
0.003504 4195
0.003505 4193
0.003506 4193
0.003507 4193
0.003508 4194
0.003509 4194
0.00351 4193
0.003511 4193
0.003512 4193
0.003513 4194
0.003514 4194
0.003515 4194
0.003516 4195
0.003517 4195
0.003518 4195
0.003519 4195
0.00352 4195
0.003521 4195
0.003522 4195
0.003523 4194
0.003524 4194
0.003525 4194
0.003526 4195
0.003527 4195
0.003528 4195
0.003529 4195
0.00353 4195
0.003531 4195
0.003532 4195
0.003533 4195
0.003534 4195
0.003535 4196
0.003536 4196
0.003537 4195
0.003538 4195
0.003539 4194
0.00354 4195
0.003541 4194
0.003542 4194
0.003543 4195
0.003544 4194
0.003545 4192
0.003546 4193
0.003547 4194
0.003548 4194
0.003549 4194
0.00355 4194
0.003551 4193
0.003552 4192
0.003553 4193
0.003554 4193
0.003555 4193
0.003556 4193
0.003557 4194
0.003558 4193
0.003559 4193
0.00356 4193
0.003561 4193
0.003562 4193
0.003563 4192
0.003564 4192
0.003565 4191
0.003566 4190
0.003567 4189
0.003568 4189
0.003569 4188
0.00357 4188
0.003571 4187
0.003572 4187
0.003573 4187
0.003574 4187
0.003575 4187
0.003576 4188
0.003577 4188
0.003578 4188
0.003579 4188
0.00358 4188
0.003581 4188
0.003582 4188
0.003583 4188
0.003584 4189
0.003585 4189
0.003586 4189
0.003587 4188
0.003588 4188
0.003589 4187
0.00359 4187
0.003591 4188
0.003592 4187
0.003593 4186
0.003594 4187
0.003595 4187
0.003596 4188
0.003597 4188
0.003598 4187
0.003599 4187
0.0036 4186
0.003601 4186
0.003602 4186
0.003603 4187
0.003604 4187
0.003605 4188
0.003606 4189
0.003607 4189
0.003608 4188
0.003609 4188
0.00361 4188
0.003611 4187
0.003612 4187
0.003613 4187
0.003614 4186
0.003615 4186
0.003616 4186
0.003617 4188
0.003618 4188
0.003619 4188
0.00362 4189
0.003621 4189
0.003622 4190
0.003623 4190
0.003624 4189
0.003625 4189
0.003626 4189
0.003627 4191
0.003628 4191
0.003629 4191
0.00363 4191
0.003631 4191
0.003632 4190
0.003633 4191
0.003634 4191
0.003635 4191
0.003636 4191
0.003637 4192
0.003638 4192
0.003639 4192
0.00364 4191
0.003641 4191
0.003642 4191
0.003643 4193
0.003644 4193
0.003645 4192
0.003646 4192
0.003647 4192
0.003648 4190
0.003649 4189
0.00365 4189
0.003651 4189
0.003652 4189
0.003653 4189
0.003654 4190
0.003655 4190
0.003656 4191
0.003657 4191
0.003658 4191
0.003659 4191
0.00366 4191
0.003661 4189
0.003662 4189
0.003663 4189
0.003664 4189
0.003665 4189
0.003666 4190
0.003667 4190
0.003668 4191
0.003669 4191
0.00367 4189
0.003671 4189
0.003672 4189
0.003673 4189
0.003674 4189
0.003675 4189
0.003676 4190
0.003677 4190
0.003678 4190
0.003679 4190
0.00368 4190
0.003681 4190
0.003682 4190
0.003683 4190
0.003684 4191
0.003685 4191
0.003686 4191
0.003687 4191
0.003688 4191
0.003689 4191
0.00369 4191
0.003691 4191
0.003692 4192
0.003693 4192
0.003694 4193
0.003695 4194
0.003696 4194
0.003697 4196
0.003698 4196
0.003699 4196
0.0037 4196
0.003701 4195
0.003702 4195
0.003703 4195
0.003704 4195
0.003705 4195
0.003706 4195
0.003707 4194
0.003708 4193
0.003709 4194
0.00371 4193
0.003711 4194
0.003712 4194
0.003713 4194
0.003714 4194
0.003715 4194
0.003716 4194
0.003717 4194
0.003718 4194
0.003719 4193
0.00372 4193
0.003721 4193
0.003722 4191
0.003723 4191
0.003724 4191
0.003725 4192
0.003726 4192
0.003727 4192
0.003728 4192
0.003729 4192
0.00373 4192
0.003731 4192
0.003732 4191
0.003733 4191
0.003734 4191
0.003735 4191
0.003736 4191
0.003737 4191
0.003738 4191
0.003739 4190
0.00374 4191
0.003741 4190
0.003742 4190
0.003743 4190
0.003744 4190
0.003745 4190
0.003746 4190
0.003747 4190
0.003748 4190
0.003749 4189
0.00375 4189
0.003751 4189
0.003752 4188
0.003753 4189
0.003754 4191
0.003755 4191
0.003756 4191
0.003757 4190
0.003758 4189
0.003759 4188
0.00376 4187
0.003761 4186
0.003762 4186
0.003763 4186
0.003764 4187
0.003765 4187
0.003766 4187
0.003767 4187
0.003768 4187
0.003769 4187
0.00377 4187
0.003771 4187
0.003772 4186
0.003773 4186
0.003774 4186
0.003775 4187
0.003776 4188
0.003777 4188
0.003778 4188
0.003779 4188
0.00378 4188
0.003781 4188
0.003782 4188
0.003783 4188
0.003784 4188
0.003785 4188
0.003786 4187
0.003787 4187
0.003788 4187
0.003789 4187
0.00379 4187
0.003791 4187
0.003792 4187
0.003793 4186
0.003794 4186
0.003795 4185
0.003796 4187
0.003797 4187
0.003798 4188
0.003799 4188
0.0038 4189
0.003801 4188
0.003802 4187
0.003803 4187
0.003804 4187
0.003805 4187
0.003806 4187
0.003807 4188
0.003808 4188
0.003809 4188
0.00381 4187
0.003811 4187
0.003812 4187
0.003813 4186
0.003814 4187
0.003815 4187
0.003816 4187
0.003817 4187
0.003818 4187
0.003819 4187
0.00382 4187
0.003821 4187
0.003822 4188
0.003823 4187
0.003824 4187
0.003825 4187
0.003826 4188
0.003827 4187
0.003828 4187
0.003829 4187
0.00383 4187
0.003831 4186
0.003832 4186
0.003833 4186
0.003834 4186
0.003835 4186
0.003836 4186
0.003837 4185
0.003838 4185
0.003839 4186
0.00384 4186
0.003841 4186
0.003842 4186
0.003843 4187
0.003844 4186
0.003845 4186
0.003846 4187
0.003847 4188
0.003848 4188
0.003849 4188
0.00385 4187
0.003851 4187
0.003852 4188
0.003853 4188
0.003854 4188
0.003855 4190
0.003856 4190
0.003857 4190
0.003858 4190
0.003859 4190
0.00386 4191
0.003861 4191
0.003862 4190
0.003863 4189
0.003864 4189
0.003865 4189
0.003866 4186
0.003867 4186
0.003868 4186
0.003869 4186
0.00387 4186
0.003871 4185
0.003872 4185
0.003873 4185
0.003874 4185
0.003875 4185
0.003876 4184
0.003877 4184
0.003878 4184
0.003879 4184
0.00388 4184
0.003881 4184
0.003882 4184
0.003883 4184
0.003884 4184
0.003885 4184
0.003886 4184
0.003887 4184
0.003888 4184
0.003889 4184
0.00389 4184
0.003891 4184
0.003892 4183
0.003893 4183
0.003894 4183
0.003895 4183
0.003896 4183
0.003897 4183
0.003898 4183
0.003899 4183
0.0039 4183
0.003901 4183
0.003902 4182
0.003903 4182
0.003904 4183
0.003905 4183
0.003906 4182
0.003907 4182
0.003908 4182
0.003909 4182
0.00391 4182
0.003911 4182
0.003912 4183
0.003913 4182
0.003914 4182
0.003915 4182
0.003916 4181
0.003917 4181
0.003918 4181
0.003919 4181
0.00392 4181
0.003921 4180
0.003922 4181
0.003923 4180
0.003924 4180
0.003925 4181
0.003926 4181
0.003927 4182
0.003928 4182
0.003929 4182
0.00393 4182
0.003931 4183
0.003932 4183
0.003933 4183
0.003934 4182
0.003935 4182
0.003936 4183
0.003937 4183
0.003938 4183
0.003939 4183
0.00394 4183
0.003941 4184
0.003942 4184
0.003943 4184
0.003944 4184
0.003945 4185
0.003946 4185
0.003947 4185
0.003948 4186
0.003949 4185
0.00395 4185
0.003951 4185
0.003952 4185
0.003953 4185
0.003954 4185
0.003955 4185
0.003956 4185
0.003957 4185
0.003958 4183
0.003959 4183
0.00396 4184
0.003961 4184
0.003962 4183
0.003963 4183
0.003964 4183
0.003965 4183
0.003966 4183
0.003967 4183
0.003968 4183
0.003969 4184
0.00397 4184
0.003971 4184
0.003972 4184
0.003973 4184
0.003974 4185
0.003975 4185
0.003976 4185
0.003977 4185
0.003978 4185
0.003979 4185
0.00398 4185
0.003981 4184
0.003982 4185
0.003983 4185
0.003984 4185
0.003985 4185
0.003986 4185
0.003987 4185
0.003988 4185
0.003989 4185
0.00399 4185
0.003991 4185
0.003992 4184
0.003993 4184
0.003994 4184
0.003995 4185
0.003996 4185
0.003997 4185
0.003998 4185
0.003999 4185
0.004 4185
0.004001 4185
0.004002 4185
0.004003 4186
0.004004 4187
0.004005 4187
0.004006 4188
0.004007 4188
0.004008 4188
0.004009 4188
0.00401 4188
0.004011 4188
0.004012 4188
0.004013 4188
0.004014 4187
0.004015 4187
0.004016 4187
0.004017 4187
0.004018 4187
0.004019 4188
0.00402 4188
0.004021 4188
0.004022 4189
0.004023 4189
0.004024 4189
0.004025 4189
0.004026 4189
0.004027 4189
0.004028 4190
0.004029 4190
0.00403 4191
0.004031 4190
0.004032 4190
0.004033 4190
0.004034 4190
0.004035 4190
0.004036 4190
0.004037 4191
0.004038 4190
0.004039 4190
0.00404 4192
0.004041 4192
0.004042 4191
0.004043 4190
0.004044 4191
0.004045 4191
0.004046 4191
0.004047 4192
0.004048 4191
0.004049 4191
0.00405 4191
0.004051 4192
0.004052 4190
0.004053 4190
0.004054 4190
0.004055 4191
0.004056 4191
0.004057 4191
0.004058 4191
0.004059 4190
0.00406 4192
0.004061 4192
0.004062 4192
0.004063 4192
0.004064 4192
0.004065 4192
0.004066 4191
0.004067 4191
0.004068 4191
0.004069 4191
0.00407 4191
0.004071 4190
0.004072 4189
0.004073 4190
0.004074 4190
0.004075 4190
0.004076 4190
0.004077 4190
0.004078 4191
0.004079 4189
0.00408 4189
0.004081 4189
0.004082 4188
0.004083 4189
0.004084 4190
0.004085 4190
0.004086 4189
0.004087 4188
0.004088 4189
0.004089 4188
0.00409 4187
0.004091 4187
0.004092 4186
0.004093 4187
0.004094 4187
0.004095 4187
0.004096 4187
0.004097 4184
0.004098 4184
0.004099 4185
0.0041 4187
0.004101 4187
0.004102 4187
0.004103 4187
0.004104 4187
0.004105 4189
0.004106 4191
0.004107 4192
0.004108 4192
0.004109 4192
0.00411 4192
0.004111 4192
0.004112 4192
0.004113 4192
0.004114 4193
0.004115 4193
0.004116 4193
0.004117 4193
0.004118 4192
0.004119 4192
0.00412 4192
0.004121 4192
0.004122 4192
0.004123 4192
0.004124 4192
0.004125 4193
0.004126 4193
0.004127 4192
0.004128 4192
0.004129 4192
0.00413 4192
0.004131 4191
0.004132 4191
0.004133 4189
0.004134 4187
0.004135 4187
0.004136 4187
0.004137 4188
0.004138 4189
0.004139 4189
0.00414 4189
0.004141 4188
0.004142 4188
0.004143 4188
0.004144 4188
0.004145 4190
0.004146 4190
0.004147 4190
0.004148 4190
0.004149 4190
0.00415 4190
0.004151 4190
0.004152 4190
0.004153 4190
0.004154 4190
0.004155 4190
0.004156 4190
0.004157 4188
0.004158 4188
0.004159 4189
0.00416 4188
0.004161 4188
0.004162 4189
0.004163 4189
0.004164 4189
0.004165 4189
0.004166 4189
0.004167 4189
0.004168 4190
0.004169 4191
0.00417 4191
0.004171 4191
0.004172 4191
0.004173 4191
0.004174 4192
0.004175 4192
0.004176 4192
0.004177 4193
0.004178 4193
0.004179 4192
0.00418 4191
0.004181 4191
0.004182 4191
0.004183 4191
0.004184 4191
0.004185 4191
0.004186 4191
0.004187 4191
0.004188 4191
0.004189 4192
0.00419 4192
0.004191 4192
0.004192 4191
0.004193 4191
0.004194 4191
0.004195 4192
0.004196 4193
0.004197 4195
0.004198 4194
0.004199 4194
0.0042 4194
0.004201 4193
0.004202 4193
0.004203 4193
0.004204 4193
0.004205 4193
0.004206 4193
0.004207 4193
0.004208 4192
0.004209 4192
0.00421 4192
0.004211 4190
0.004212 4190
0.004213 4191
0.004214 4191
0.004215 4191
0.004216 4191
0.004217 4192
0.004218 4191
0.004219 4191
0.00422 4191
0.004221 4192
0.004222 4191
0.004223 4191
0.004224 4192
0.004225 4192
0.004226 4191
0.004227 4189
0.004228 4189
0.004229 4190
0.00423 4191
0.004231 4192
0.004232 4192
0.004233 4191
0.004234 4191
0.004235 4191
0.004236 4191
0.004237 4191
0.004238 4191
0.004239 4190
0.00424 4190
0.004241 4191
0.004242 4191
0.004243 4192
0.004244 4192
0.004245 4192
0.004246 4192
0.004247 4192
0.004248 4192
0.004249 4192
0.00425 4192
0.004251 4192
0.004252 4192
0.004253 4192
0.004254 4193
0.004255 4193
0.004256 4193
0.004257 4193
0.004258 4194
0.004259 4194
0.00426 4194
0.004261 4194
0.004262 4194
0.004263 4194
0.004264 4194
0.004265 4194
0.004266 4194
0.004267 4193
0.004268 4193
0.004269 4193
0.00427 4193
0.004271 4193
0.004272 4193
0.004273 4193
0.004274 4193
0.004275 4194
0.004276 4194
0.004277 4194
0.004278 4194
0.004279 4194
0.00428 4194
0.004281 4195
0.004282 4195
0.004283 4195
0.004284 4195
0.004285 4195
0.004286 4193
0.004287 4193
0.004288 4194
0.004289 4195
0.00429 4196
0.004291 4195
0.004292 4194
0.004293 4194
0.004294 4194
0.004295 4194
0.004296 4193
0.004297 4194
0.004298 4193
0.004299 4193
0.0043 4193
0.004301 4193
0.004302 4193
0.004303 4193
0.004304 4194
0.004305 4194
0.004306 4194
0.004307 4193
0.004308 4192
0.004309 4192
0.00431 4192
0.004311 4193
0.004312 4193
0.004313 4193
0.004314 4194
0.004315 4194
0.004316 4194
0.004317 4194
0.004318 4194
0.004319 4195
0.00432 4195
0.004321 4195
0.004322 4194
0.004323 4193
0.004324 4194
0.004325 4194
0.004326 4194
0.004327 4195
0.004328 4194
0.004329 4195
0.00433 4195
0.004331 4196
0.004332 4196
0.004333 4196
0.004334 4196
0.004335 4196
0.004336 4196
0.004337 4197
0.004338 4197
0.004339 4196
0.00434 4195
0.004341 4195
0.004342 4195
0.004343 4195
0.004344 4195
0.004345 4195
0.004346 4195
0.004347 4195
0.004348 4195
0.004349 4195
0.00435 4195
0.004351 4196
0.004352 4197
0.004353 4196
0.004354 4195
0.004355 4195
0.004356 4193
0.004357 4192
0.004358 4193
0.004359 4192
0.00436 4192
0.004361 4192
0.004362 4192
0.004363 4192
0.004364 4191
0.004365 4191
0.004366 4191
0.004367 4191
0.004368 4194
0.004369 4194
0.00437 4194
0.004371 4195
0.004372 4194
0.004373 4194
0.004374 4194
0.004375 4194
0.004376 4194
0.004377 4194
0.004378 4194
0.004379 4194
0.00438 4194
0.004381 4194
0.004382 4194
0.004383 4194
0.004384 4194
0.004385 4194
0.004386 4194
0.004387 4194
0.004388 4193
0.004389 4193
0.00439 4193
0.004391 4193
0.004392 4193
0.004393 4192
0.004394 4193
0.004395 4193
0.004396 4194
0.004397 4194
0.004398 4194
0.004399 4194
0.0044 4194
0.004401 4194
0.004402 4194
0.004403 4195
0.004404 4195
0.004405 4195
0.004406 4195
0.004407 4196
0.004408 4195
0.004409 4195
0.00441 4195
0.004411 4195
0.004412 4194
0.004413 4194
0.004414 4194
0.004415 4194
0.004416 4194
0.004417 4195
0.004418 4195
0.004419 4197
0.00442 4197
0.004421 4196
0.004422 4196
0.004423 4196
0.004424 4196
0.004425 4196
0.004426 4196
0.004427 4196
0.004428 4196
0.004429 4194
0.00443 4194
0.004431 4195
0.004432 4195
0.004433 4195
0.004434 4195
0.004435 4194
0.004436 4195
0.004437 4196
0.004438 4196
0.004439 4196
0.00444 4196
0.004441 4196
0.004442 4195
0.004443 4195
0.004444 4195
0.004445 4195
0.004446 4195
0.004447 4196
0.004448 4196
0.004449 4196
0.00445 4196
0.004451 4196
0.004452 4196
0.004453 4196
0.004454 4196
0.004455 4196
0.004456 4196
0.004457 4195
0.004458 4194
0.004459 4195
0.00446 4196
0.004461 4195
0.004462 4196
0.004463 4196
0.004464 4196
0.004465 4196
0.004466 4196
0.004467 4196
0.004468 4196
0.004469 4196
0.00447 4196
0.004471 4196
0.004472 4196
0.004473 4195
0.004474 4195
0.004475 4195
0.004476 4195
0.004477 4195
0.004478 4195
0.004479 4195
0.00448 4195
0.004481 4195
0.004482 4195
0.004483 4195
0.004484 4196
0.004485 4196
0.004486 4196
0.004487 4197
0.004488 4197
0.004489 4198
0.00449 4197
0.004491 4195
0.004492 4195
0.004493 4195
0.004494 4196
0.004495 4197
0.004496 4197
0.004497 4198
0.004498 4199
0.004499 4199
0.0045 4198
0.004501 4199
0.004502 4199
0.004503 4198
0.004504 4197
0.004505 4197
0.004506 4196
0.004507 4196
0.004508 4196
0.004509 4196
0.00451 4197
0.004511 4198
0.004512 4198
0.004513 4198
0.004514 4198
0.004515 4198
0.004516 4198
0.004517 4198
0.004518 4198
0.004519 4198
0.00452 4197
0.004521 4197
0.004522 4197
0.004523 4197
0.004524 4196
0.004525 4196
0.004526 4196
0.004527 4196
0.004528 4196
0.004529 4195
0.00453 4195
0.004531 4195
0.004532 4195
0.004533 4194
0.004534 4194
0.004535 4194
0.004536 4194
0.004537 4194
0.004538 4194
0.004539 4194
0.00454 4194
0.004541 4194
0.004542 4194
0.004543 4195
0.004544 4195
0.004545 4195
0.004546 4195
0.004547 4195
0.004548 4195
0.004549 4194
0.00455 4194
0.004551 4194
0.004552 4194
0.004553 4194
0.004554 4194
0.004555 4194
0.004556 4194
0.004557 4194
0.004558 4194
0.004559 4194
0.00456 4194
0.004561 4194
0.004562 4195
0.004563 4195
0.004564 4195
0.004565 4195
0.004566 4195
0.004567 4196
0.004568 4197
0.004569 4197
0.00457 4197
0.004571 4196
0.004572 4197
0.004573 4197
0.004574 4197
0.004575 4197
0.004576 4196
0.004577 4195
0.004578 4195
0.004579 4195
0.00458 4196
0.004581 4195
0.004582 4194
0.004583 4194
0.004584 4194
0.004585 4194
0.004586 4195
0.004587 4194
0.004588 4194
0.004589 4194
0.00459 4195
0.004591 4195
0.004592 4195
0.004593 4193
0.004594 4192
0.004595 4191
0.004596 4190
0.004597 4190
0.004598 4192
0.004599 4193
0.0046 4193
0.004601 4193
0.004602 4193
0.004603 4193
0.004604 4194
0.004605 4193
0.004606 4193
0.004607 4194
0.004608 4194
0.004609 4195
0.00461 4194
0.004611 4194
0.004612 4194
0.004613 4194
0.004614 4195
0.004615 4196
0.004616 4196
0.004617 4196
0.004618 4195
0.004619 4194
0.00462 4194
0.004621 4193
0.004622 4192
0.004623 4190
0.004624 4190
0.004625 4190
0.004626 4190
0.004627 4190
0.004628 4190
0.004629 4189
0.00463 4188
0.004631 4188
0.004632 4189
0.004633 4190
0.004634 4191
0.004635 4191
0.004636 4191
0.004637 4193
0.004638 4193
0.004639 4194
0.00464 4194
0.004641 4194
0.004642 4194
0.004643 4194
0.004644 4194
0.004645 4195
0.004646 4195
0.004647 4195
0.004648 4195
0.004649 4195
0.00465 4195
0.004651 4195
0.004652 4194
0.004653 4194
0.004654 4193
0.004655 4193
0.004656 4193
0.004657 4193
0.004658 4193
0.004659 4193
0.00466 4193
0.004661 4193
0.004662 4193
0.004663 4193
0.004664 4193
0.004665 4193
0.004666 4193
0.004667 4193
0.004668 4193
0.004669 4193
0.00467 4193
0.004671 4193
0.004672 4193
0.004673 4195
0.004674 4195
0.004675 4195
0.004676 4194
0.004677 4194
0.004678 4194
0.004679 4193
0.00468 4193
0.004681 4193
0.004682 4193
0.004683 4193
0.004684 4191
0.004685 4190
0.004686 4190
0.004687 4190
0.004688 4190
0.004689 4190
0.00469 4190
0.004691 4189
0.004692 4189
0.004693 4189
0.004694 4191
0.004695 4190
0.004696 4190
0.004697 4190
0.004698 4189
0.004699 4189
0.0047 4189
0.004701 4189
0.004702 4189
0.004703 4189
0.004704 4189
0.004705 4189
0.004706 4189
0.004707 4189
0.004708 4188
0.004709 4188
0.00471 4188
0.004711 4188
0.004712 4188
0.004713 4188
0.004714 4188
0.004715 4187
0.004716 4188
0.004717 4188
0.004718 4188
0.004719 4189
0.00472 4190
0.004721 4190
0.004722 4191
0.004723 4191
0.004724 4191
0.004725 4192
0.004726 4193
0.004727 4193
0.004728 4194
0.004729 4194
0.00473 4194
0.004731 4194
0.004732 4193
0.004733 4193
0.004734 4193
0.004735 4193
0.004736 4193
0.004737 4192
0.004738 4192
0.004739 4192
0.00474 4193
0.004741 4192
0.004742 4192
0.004743 4192
0.004744 4192
0.004745 4192
0.004746 4192
0.004747 4191
0.004748 4191
0.004749 4191
0.00475 4191
0.004751 4190
0.004752 4190
0.004753 4190
0.004754 4190
0.004755 4190
0.004756 4190
0.004757 4190
0.004758 4190
0.004759 4191
0.00476 4191
0.004761 4192
0.004762 4191
0.004763 4193
0.004764 4193
0.004765 4193
0.004766 4192
0.004767 4194
0.004768 4194
0.004769 4194
0.00477 4194
0.004771 4195
0.004772 4195
0.004773 4196
0.004774 4196
0.004775 4196
0.004776 4196
0.004777 4196
0.004778 4195
0.004779 4195
0.00478 4194
0.004781 4194
0.004782 4194
0.004783 4194
0.004784 4194
0.004785 4194
0.004786 4193
0.004787 4194
0.004788 4194
0.004789 4194
0.00479 4194
0.004791 4194
0.004792 4194
0.004793 4195
0.004794 4196
0.004795 4194
0.004796 4194
0.004797 4194
0.004798 4194
0.004799 4194
0.0048 4194
0.004801 4194
0.004802 4194
0.004803 4194
0.004804 4195
0.004805 4195
0.004806 4195
0.004807 4195
0.004808 4194
0.004809 4194
0.00481 4195
0.004811 4195
0.004812 4195
0.004813 4195
0.004814 4196
0.004815 4195
0.004816 4194
0.004817 4194
0.004818 4194
0.004819 4194
0.00482 4194
0.004821 4195
0.004822 4195
0.004823 4195
0.004824 4195
0.004825 4195
0.004826 4196
0.004827 4196
0.004828 4195
0.004829 4195
0.00483 4195
0.004831 4195
0.004832 4195
0.004833 4195
0.004834 4195
0.004835 4195
0.004836 4195
0.004837 4195
0.004838 4195
0.004839 4195
0.00484 4195
0.004841 4195
0.004842 4195
0.004843 4195
0.004844 4195
0.004845 4195
0.004846 4195
0.004847 4195
0.004848 4194
0.004849 4195
0.00485 4194
0.004851 4194
0.004852 4194
0.004853 4194
0.004854 4194
0.004855 4195
0.004856 4194
0.004857 4194
0.004858 4194
0.004859 4194
0.00486 4194
0.004861 4194
0.004862 4194
0.004863 4194
0.004864 4194
0.004865 4194
0.004866 4196
0.004867 4195
0.004868 4195
0.004869 4195
0.00487 4195
0.004871 4195
0.004872 4195
0.004873 4194
0.004874 4193
0.004875 4193
0.004876 4193
0.004877 4193
0.004878 4193
0.004879 4193
0.00488 4192
0.004881 4192
0.004882 4193
0.004883 4194
0.004884 4195
0.004885 4194
0.004886 4194
0.004887 4194
0.004888 4193
0.004889 4194
0.00489 4194
0.004891 4194
0.004892 4194
0.004893 4194
0.004894 4194
0.004895 4194
0.004896 4194
0.004897 4194
0.004898 4194
0.004899 4193
0.0049 4192
0.004901 4191
0.004902 4192
0.004903 4193
0.004904 4194
0.004905 4195
0.004906 4194
0.004907 4193
0.004908 4193
0.004909 4193
0.00491 4193
0.004911 4193
0.004912 4193
0.004913 4192
0.004914 4192
0.004915 4192
0.004916 4193
0.004917 4193
0.004918 4190
0.004919 4190
0.00492 4191
0.004921 4191
0.004922 4190
0.004923 4191
0.004924 4192
0.004925 4192
0.004926 4192
0.004927 4192
0.004928 4192
0.004929 4191
0.00493 4191
0.004931 4193
0.004932 4193
0.004933 4193
0.004934 4193
0.004935 4193
0.004936 4193
0.004937 4193
0.004938 4193
0.004939 4193
0.00494 4193
0.004941 4193
0.004942 4194
0.004943 4194
0.004944 4194
0.004945 4194
0.004946 4194
0.004947 4194
0.004948 4194
0.004949 4194
0.00495 4193
0.004951 4193
0.004952 4192
0.004953 4192
0.004954 4191
0.004955 4191
0.004956 4191
0.004957 4192
0.004958 4192
0.004959 4192
0.00496 4192
0.004961 4193
0.004962 4194
0.004963 4194
0.004964 4194
0.004965 4194
0.004966 4193
0.004967 4193
0.004968 4194
0.004969 4194
0.00497 4193
0.004971 4192
0.004972 4192
0.004973 4192
0.004974 4192
0.004975 4191
0.004976 4192
0.004977 4191
0.004978 4191
0.004979 4191
0.00498 4193
0.004981 4194
0.004982 4194
0.004983 4194
0.004984 4194
0.004985 4194
0.004986 4194
0.004987 4194
0.004988 4194
0.004989 4194
0.00499 4194
0.004991 4194
0.004992 4194
0.004993 4193
0.004994 4195
0.004995 4194
0.004996 4194
0.004997 4194
0.004998 4195
0.004999 4195
0.005 4195
