0 71
1e-06 72
2e-06 73
3e-06 74
4e-06 74
5e-06 75
6e-06 76
7e-06 76
8e-06 77
9e-06 77
1e-05 77
1.1e-05 78
1.2e-05 80
1.3e-05 80
1.4e-05 81
1.5e-05 81
1.6e-05 81
1.7e-05 81
1.8e-05 82
1.9e-05 84
2e-05 84
2.1e-05 84
2.2e-05 84
2.3e-05 84
2.4e-05 85
2.5e-05 85
2.6e-05 87
2.7e-05 87
2.8e-05 88
2.9e-05 88
3e-05 88
3.1e-05 87
3.2e-05 88
3.3e-05 89
3.4e-05 89
3.5e-05 90
3.6e-05 92
3.7e-05 92
3.8e-05 92
3.9e-05 93
4e-05 94
4.1e-05 97
4.2e-05 98
4.3e-05 98
4.4e-05 100
4.5e-05 100
4.6e-05 101
4.7e-05 102
4.8e-05 105
4.9e-05 105
5e-05 105
5.1e-05 106
5.2e-05 107
5.3e-05 108
5.4e-05 108
5.5e-05 108
5.6e-05 110
5.7e-05 110
5.8e-05 111
5.9e-05 112
6e-05 114
6.1e-05 115
6.2e-05 115
6.3e-05 116
6.4e-05 117
6.5e-05 117
6.6e-05 117
6.7e-05 117
6.8e-05 117
6.9e-05 117
7e-05 117
7.1e-05 118
7.2e-05 119
7.3e-05 120
7.4e-05 121
7.5e-05 121
7.6e-05 121
7.7e-05 121
7.8e-05 122
7.9e-05 123
8e-05 123
8.1e-05 123
8.2e-05 124
8.3e-05 124
8.4e-05 124
8.5e-05 124
8.6e-05 124
8.7e-05 124
8.8e-05 124
8.9e-05 126
9e-05 127
9.1e-05 127
9.2e-05 127
9.3e-05 127
9.4e-05 128
9.5e-05 128
9.6e-05 128
9.7e-05 128
9.8e-05 128
9.9e-05 128
0.0001 129
0.000101 129
0.000102 130
0.000103 130
0.000104 130
0.000105 132
0.000106 133
0.000107 134
0.000108 134
0.000109 134
0.00011 133
0.000111 133
0.000112 134
0.000113 134
0.000114 134
0.000115 134
0.000116 134
0.000117 134
0.000118 135
0.000119 136
0.00012 137
0.000121 137
0.000122 137
0.000123 137
0.000124 138
0.000125 138
0.000126 139
0.000127 139
0.000128 139
0.000129 139
0.00013 139
0.000131 139
0.000132 139
0.000133 139
0.000134 139
0.000135 139
0.000136 139
0.000137 140
0.000138 140
0.000139 142
0.00014 143
0.000141 143
0.000142 143
0.000143 143
0.000144 143
0.000145 144
0.000146 144
0.000147 144
0.000148 144
0.000149 145
0.00015 145
0.000151 145
0.000152 147
0.000153 148
0.000154 148
0.000155 148
0.000156 148
0.000157 148
0.000158 148
0.000159 149
0.00016 149
0.000161 149
0.000162 149
0.000163 151
0.000164 151
0.000165 151
0.000166 151
0.000167 152
0.000168 152
0.000169 152
0.00017 152
0.000171 152
0.000172 153
0.000173 153
0.000174 153
0.000175 153
0.000176 153
0.000177 153
0.000178 153
0.000179 154
0.00018 154
0.000181 155
0.000182 155
0.000183 155
0.000184 155
0.000185 155
0.000186 155
0.000187 155
0.000188 156
0.000189 156
0.00019 156
0.000191 155
0.000192 155
0.000193 155
0.000194 155
0.000195 155
0.000196 155
0.000197 156
0.000198 156
0.000199 156
0.0002 156
0.000201 156
0.000202 156
0.000203 156
0.000204 156
0.000205 156
0.000206 157
0.000207 157
0.000208 157
0.000209 157
0.00021 157
0.000211 157
0.000212 157
0.000213 157
0.000214 158
0.000215 158
0.000216 158
0.000217 159
0.000218 159
0.000219 159
0.00022 159
0.000221 159
0.000222 159
0.000223 160
0.000224 161
0.000225 161
0.000226 161
0.000227 161
0.000228 161
0.000229 161
0.00023 162
0.000231 163
0.000232 163
0.000233 163
0.000234 163
0.000235 163
0.000236 163
0.000237 163
0.000238 164
0.000239 164
0.00024 164
0.000241 164
0.000242 164
0.000243 165
0.000244 165
0.000245 165
0.000246 165
0.000247 165
0.000248 165
0.000249 165
0.00025 165
0.000251 165
0.000252 165
0.000253 165
0.000254 165
0.000255 165
0.000256 165
0.000257 166
0.000258 166
0.000259 166
0.00026 166
0.000261 166
0.000262 166
0.000263 166
0.000264 166
0.000265 166
0.000266 167
0.000267 167
0.000268 168
0.000269 168
0.00027 168
0.000271 169
0.000272 169
0.000273 169
0.000274 169
0.000275 169
0.000276 169
0.000277 169
0.000278 169
0.000279 169
0.00028 169
0.000281 169
0.000282 169
0.000283 170
0.000284 170
0.000285 170
0.000286 170
0.000287 171
0.000288 171
0.000289 171
0.00029 171
0.000291 171
0.000292 171
0.000293 171
0.000294 171
0.000295 172
0.000296 172
0.000297 172
0.000298 172
0.000299 172
0.0003 172
0.000301 172
0.000302 173
0.000303 173
0.000304 173
0.000305 173
0.000306 173
0.000307 173
0.000308 173
0.000309 173
0.00031 173
0.000311 173
0.000312 174
0.000313 174
0.000314 174
0.000315 174
0.000316 174
0.000317 174
0.000318 174
0.000319 174
0.00032 174
0.000321 174
0.000322 174
0.000323 174
0.000324 174
0.000325 175
0.000326 175
0.000327 175
0.000328 175
0.000329 175
0.00033 176
0.000331 177
0.000332 177
0.000333 177
0.000334 177
0.000335 177
0.000336 177
0.000337 177
0.000338 177
0.000339 178
0.00034 178
0.000341 178
0.000342 178
0.000343 178
0.000344 178
0.000345 178
0.000346 178
0.000347 178
0.000348 178
0.000349 178
0.00035 178
0.000351 178
0.000352 178
0.000353 178
0.000354 178
0.000355 178
0.000356 178
0.000357 178
0.000358 178
0.000359 178
0.00036 179
0.000361 179
0.000362 179
0.000363 179
0.000364 179
0.000365 179
0.000366 179
0.000367 179
0.000368 179
0.000369 179
0.00037 179
0.000371 179
0.000372 179
0.000373 180
0.000374 181
0.000375 181
0.000376 181
0.000377 181
0.000378 182
0.000379 182
0.00038 183
0.000381 183
0.000382 183
0.000383 184
0.000384 184
0.000385 185
0.000386 186
0.000387 186
0.000388 186
0.000389 186
0.00039 186
0.000391 186
0.000392 186
0.000393 186
0.000394 186
0.000395 186
0.000396 186
0.000397 185
0.000398 185
0.000399 185
0.0004 185
0.000401 185
0.000402 185
0.000403 185
0.000404 185
0.000405 185
0.000406 185
0.000407 185
0.000408 185
0.000409 185
0.00041 185
0.000411 185
0.000412 186
0.000413 186
0.000414 186
0.000415 186
0.000416 186
0.000417 187
0.000418 187
0.000419 187
0.00042 187
0.000421 187
0.000422 187
0.000423 187
0.000424 187
0.000425 187
0.000426 187
0.000427 187
0.000428 187
0.000429 187
0.00043 187
0.000431 187
0.000432 187
0.000433 187
0.000434 187
0.000435 187
0.000436 187
0.000437 187
0.000438 187
0.000439 187
0.00044 187
0.000441 187
0.000442 187
0.000443 187
0.000444 188
0.000445 188
0.000446 188
0.000447 188
0.000448 188
0.000449 188
0.00045 188
0.000451 188
0.000452 188
0.000453 188
0.000454 188
0.000455 188
0.000456 188
0.000457 188
0.000458 188
0.000459 188
0.00046 188
0.000461 188
0.000462 188
0.000463 188
0.000464 189
0.000465 189
0.000466 189
0.000467 189
0.000468 189
0.000469 189
0.00047 189
0.000471 189
0.000472 189
0.000473 189
0.000474 189
0.000475 189
0.000476 189
0.000477 189
0.000478 189
0.000479 189
0.00048 189
0.000481 189
0.000482 189
0.000483 189
0.000484 190
0.000485 190
0.000486 190
0.000487 190
0.000488 190
0.000489 190
0.00049 190
0.000491 190
0.000492 190
0.000493 190
0.000494 190
0.000495 190
0.000496 191
0.000497 191
0.000498 191
0.000499 191
0.0005 191
0.000501 191
0.000502 191
0.000503 191
0.000504 190
0.000505 190
0.000506 190
0.000507 190
0.000508 190
0.000509 190
0.00051 190
0.000511 190
0.000512 190
0.000513 190
0.000514 190
0.000515 190
0.000516 190
0.000517 190
0.000518 189
0.000519 189
0.00052 189
0.000521 189
0.000522 189
0.000523 189
0.000524 189
0.000525 189
0.000526 189
0.000527 189
0.000528 189
0.000529 189
0.00053 189
0.000531 189
0.000532 189
0.000533 189
0.000534 189
0.000535 189
0.000536 189
0.000537 189
0.000538 189
0.000539 189
0.00054 189
0.000541 189
0.000542 189
0.000543 189
0.000544 189
0.000545 189
0.000546 189
0.000547 189
0.000548 189
0.000549 189
0.00055 189
0.000551 189
0.000552 189
0.000553 189
0.000554 189
0.000555 189
0.000556 189
0.000557 189
0.000558 189
0.000559 190
0.00056 190
0.000561 190
0.000562 190
0.000563 190
0.000564 190
0.000565 190
0.000566 190
0.000567 190
0.000568 190
0.000569 190
0.00057 190
0.000571 190
0.000572 190
0.000573 190
0.000574 190
0.000575 190
0.000576 190
0.000577 190
0.000578 190
0.000579 190
0.00058 190
0.000581 190
0.000582 190
0.000583 190
0.000584 190
0.000585 190
0.000586 190
0.000587 190
0.000588 190
0.000589 190
0.00059 190
0.000591 190
0.000592 190
0.000593 190
0.000594 190
0.000595 190
0.000596 190
0.000597 190
0.000598 190
0.000599 190
0.0006 190
0.000601 190
0.000602 190
0.000603 190
0.000604 190
0.000605 190
0.000606 190
0.000607 190
0.000608 190
0.000609 190
0.00061 189
0.000611 189
0.000612 189
0.000613 189
0.000614 189
0.000615 189
0.000616 189
0.000617 189
0.000618 189
0.000619 190
0.00062 190
0.000621 190
0.000622 190
0.000623 190
0.000624 190
0.000625 190
0.000626 190
0.000627 190
0.000628 190
0.000629 190
0.00063 190
0.000631 190
0.000632 191
0.000633 191
0.000634 191
0.000635 191
0.000636 191
0.000637 191
0.000638 191
0.000639 191
0.00064 191
0.000641 191
0.000642 191
0.000643 191
0.000644 191
0.000645 191
0.000646 191
0.000647 191
0.000648 191
0.000649 191
0.00065 191
0.000651 191
0.000652 191
0.000653 191
0.000654 191
0.000655 192
0.000656 193
0.000657 193
0.000658 193
0.000659 193
0.00066 193
0.000661 193
0.000662 193
0.000663 193
0.000664 193
0.000665 193
0.000666 193
0.000667 193
0.000668 193
0.000669 193
0.00067 193
0.000671 193
0.000672 193
0.000673 193
0.000674 193
0.000675 193
0.000676 193
0.000677 193
0.000678 193
0.000679 193
0.00068 193
0.000681 193
0.000682 193
0.000683 193
0.000684 193
0.000685 193
0.000686 193
0.000687 193
0.000688 193
0.000689 193
0.00069 193
0.000691 193
0.000692 193
0.000693 193
0.000694 193
0.000695 193
0.000696 193
0.000697 193
0.000698 193
0.000699 193
0.0007 193
0.000701 193
0.000702 193
0.000703 193
0.000704 193
0.000705 193
0.000706 193
0.000707 193
0.000708 193
0.000709 193
0.00071 193
0.000711 193
0.000712 193
0.000713 193
0.000714 193
0.000715 193
0.000716 193
0.000717 193
0.000718 193
0.000719 193
0.00072 193
0.000721 193
0.000722 193
0.000723 193
0.000724 193
0.000725 193
0.000726 194
0.000727 194
0.000728 194
0.000729 194
0.00073 194
0.000731 194
0.000732 194
0.000733 194
0.000734 194
0.000735 194
0.000736 194
0.000737 194
0.000738 194
0.000739 194
0.00074 194
0.000741 194
0.000742 194
0.000743 194
0.000744 194
0.000745 194
0.000746 194
0.000747 194
0.000748 194
0.000749 194
0.00075 194
0.000751 194
0.000752 194
0.000753 194
0.000754 194
0.000755 194
0.000756 194
0.000757 194
0.000758 194
0.000759 194
0.00076 194
0.000761 194
0.000762 194
0.000763 194
0.000764 194
0.000765 194
0.000766 194
0.000767 194
0.000768 194
0.000769 194
0.00077 194
0.000771 195
0.000772 195
0.000773 195
0.000774 195
0.000775 195
0.000776 195
0.000777 195
0.000778 195
0.000779 195
0.00078 195
0.000781 195
0.000782 195
0.000783 195
0.000784 195
0.000785 195
0.000786 195
0.000787 195
0.000788 195
0.000789 195
0.00079 195
0.000791 195
0.000792 195
0.000793 195
0.000794 195
0.000795 195
0.000796 195
0.000797 195
0.000798 195
0.000799 195
0.0008 195
0.000801 195
0.000802 195
0.000803 195
0.000804 195
0.000805 195
0.000806 195
0.000807 195
0.000808 195
0.000809 195
0.00081 195
0.000811 195
0.000812 195
0.000813 195
0.000814 195
0.000815 195
0.000816 195
0.000817 195
0.000818 195
0.000819 195
0.00082 195
0.000821 195
0.000822 195
0.000823 195
0.000824 195
0.000825 195
0.000826 195
0.000827 195
0.000828 195
0.000829 195
0.00083 195
0.000831 195
0.000832 195
0.000833 195
0.000834 195
0.000835 195
0.000836 195
0.000837 195
0.000838 195
0.000839 195
0.00084 195
0.000841 195
0.000842 195
0.000843 195
0.000844 195
0.000845 195
0.000846 195
0.000847 195
0.000848 195
0.000849 195
0.00085 195
0.000851 195
0.000852 195
0.000853 195
0.000854 196
0.000855 196
0.000856 196
0.000857 196
0.000858 196
0.000859 196
0.00086 196
0.000861 196
0.000862 196
0.000863 196
0.000864 196
0.000865 196
0.000866 196
0.000867 196
0.000868 196
0.000869 196
0.00087 196
0.000871 196
0.000872 196
0.000873 196
0.000874 196
0.000875 196
0.000876 196
0.000877 196
0.000878 196
0.000879 196
0.00088 196
0.000881 196
0.000882 196
0.000883 196
0.000884 196
0.000885 196
0.000886 196
0.000887 196
0.000888 196
0.000889 196
0.00089 196
0.000891 196
0.000892 196
0.000893 196
0.000894 196
0.000895 196
0.000896 196
0.000897 196
0.000898 196
0.000899 196
0.0009 196
0.000901 196
0.000902 196
0.000903 196
0.000904 196
0.000905 196
0.000906 196
0.000907 196
0.000908 196
0.000909 196
0.00091 195
0.000911 195
0.000912 195
0.000913 195
0.000914 195
0.000915 195
0.000916 195
0.000917 195
0.000918 195
0.000919 195
0.00092 195
0.000921 195
0.000922 195
0.000923 195
0.000924 195
0.000925 195
0.000926 195
0.000927 195
0.000928 195
0.000929 195
0.00093 195
0.000931 195
0.000932 195
0.000933 195
0.000934 195
0.000935 195
0.000936 195
0.000937 195
0.000938 195
0.000939 195
0.00094 195
0.000941 195
0.000942 195
0.000943 195
0.000944 195
0.000945 195
0.000946 195
0.000947 195
0.000948 195
0.000949 195
0.00095 195
0.000951 195
0.000952 195
0.000953 195
0.000954 195
0.000955 195
0.000956 195
0.000957 195
0.000958 195
0.000959 195
0.00096 195
0.000961 195
0.000962 195
0.000963 195
0.000964 195
0.000965 195
0.000966 195
0.000967 195
0.000968 195
0.000969 195
0.00097 195
0.000971 195
0.000972 195
0.000973 194
0.000974 194
0.000975 194
0.000976 194
0.000977 194
0.000978 194
0.000979 194
0.00098 194
0.000981 194
0.000982 194
0.000983 194
0.000984 194
0.000985 194
0.000986 194
0.000987 194
0.000988 194
0.000989 194
0.00099 194
0.000991 194
0.000992 194
0.000993 193
0.000994 193
0.000995 193
0.000996 193
0.000997 193
0.000998 193
0.000999 193
0.001 193
0.001001 193
0.001002 193
0.001003 193
0.001004 193
0.001005 193
0.001006 193
0.001007 193
0.001008 193
0.001009 193
0.00101 193
0.001011 193
0.001012 193
0.001013 193
0.001014 193
0.001015 193
0.001016 193
0.001017 193
0.001018 193
0.001019 193
0.00102 193
0.001021 193
0.001022 193
0.001023 193
0.001024 193
0.001025 193
0.001026 193
0.001027 193
0.001028 193
0.001029 193
0.00103 193
0.001031 193
0.001032 193
0.001033 193
0.001034 193
0.001035 193
0.001036 193
0.001037 192
0.001038 192
0.001039 191
0.00104 191
0.001041 191
0.001042 191
0.001043 191
0.001044 191
0.001045 191
0.001046 191
0.001047 191
0.001048 191
0.001049 191
0.00105 191
0.001051 191
0.001052 191
0.001053 191
0.001054 191
0.001055 191
0.001056 191
0.001057 191
0.001058 191
0.001059 191
0.00106 190
0.001061 190
0.001062 190
0.001063 190
0.001064 190
0.001065 190
0.001066 190
0.001067 191
0.001068 191
0.001069 191
0.00107 191
0.001071 191
0.001072 191
0.001073 191
0.001074 191
0.001075 191
0.001076 191
0.001077 191
0.001078 191
0.001079 191
0.00108 191
0.001081 191
0.001082 191
0.001083 190
0.001084 190
0.001085 190
0.001086 190
0.001087 190
0.001088 190
0.001089 190
0.00109 190
0.001091 190
0.001092 190
0.001093 189
0.001094 189
0.001095 189
0.001096 189
0.001097 189
0.001098 189
0.001099 189
0.0011 189
0.001101 189
0.001102 189
0.001103 189
0.001104 189
0.001105 189
0.001106 189
0.001107 189
0.001108 189
0.001109 189
0.00111 189
0.001111 190
0.001112 190
0.001113 190
0.001114 190
0.001115 190
0.001116 190
0.001117 190
0.001118 190
0.001119 190
0.00112 190
0.001121 190
0.001122 190
0.001123 190
0.001124 190
0.001125 190
0.001126 190
0.001127 189
0.001128 189
0.001129 189
0.00113 189
0.001131 189
0.001132 189
0.001133 189
0.001134 189
0.001135 189
0.001136 189
0.001137 189
0.001138 189
0.001139 189
0.00114 189
0.001141 189
0.001142 189
0.001143 189
0.001144 189
0.001145 189
0.001146 189
0.001147 189
0.001148 189
0.001149 189
0.00115 189
0.001151 189
0.001152 189
0.001153 189
0.001154 189
0.001155 189
0.001156 189
0.001157 189
0.001158 189
0.001159 189
0.00116 189
0.001161 189
0.001162 189
0.001163 189
0.001164 189
0.001165 189
0.001166 189
0.001167 189
0.001168 189
0.001169 189
0.00117 189
0.001171 189
0.001172 189
0.001173 189
0.001174 189
0.001175 189
0.001176 189
0.001177 189
0.001178 189
0.001179 189
0.00118 189
0.001181 189
0.001182 189
0.001183 189
0.001184 189
0.001185 189
0.001186 189
0.001187 189
0.001188 189
0.001189 189
0.00119 189
0.001191 189
0.001192 189
0.001193 189
0.001194 189
0.001195 189
0.001196 189
0.001197 189
0.001198 189
0.001199 189
0.0012 189
0.001201 189
0.001202 189
0.001203 189
0.001204 189
0.001205 189
0.001206 189
0.001207 189
0.001208 189
0.001209 189
0.00121 189
0.001211 189
0.001212 189
0.001213 189
0.001214 189
0.001215 189
0.001216 189
0.001217 189
0.001218 189
0.001219 189
0.00122 189
0.001221 189
0.001222 189
0.001223 189
0.001224 189
0.001225 189
0.001226 189
0.001227 189
0.001228 189
0.001229 189
0.00123 189
0.001231 189
0.001232 189
0.001233 189
0.001234 188
0.001235 188
0.001236 188
0.001237 189
0.001238 189
0.001239 189
0.00124 189
0.001241 189
0.001242 189
0.001243 189
0.001244 189
0.001245 189
0.001246 189
0.001247 189
0.001248 189
0.001249 189
0.00125 189
0.001251 189
0.001252 189
0.001253 189
0.001254 189
0.001255 189
0.001256 189
0.001257 189
0.001258 189
0.001259 189
0.00126 189
0.001261 189
0.001262 189
0.001263 189
0.001264 189
0.001265 189
0.001266 189
0.001267 189
0.001268 189
0.001269 189
0.00127 189
0.001271 189
0.001272 189
0.001273 189
0.001274 189
0.001275 189
0.001276 189
0.001277 189
0.001278 189
0.001279 189
0.00128 189
0.001281 189
0.001282 189
0.001283 189
0.001284 189
0.001285 189
0.001286 189
0.001287 189
0.001288 189
0.001289 189
0.00129 189
0.001291 189
0.001292 189
0.001293 189
0.001294 189
0.001295 189
0.001296 189
0.001297 189
0.001298 189
0.001299 189
0.0013 189
0.001301 189
0.001302 189
0.001303 189
0.001304 189
0.001305 189
0.001306 189
0.001307 189
0.001308 189
0.001309 189
0.00131 189
0.001311 189
0.001312 189
0.001313 189
0.001314 190
0.001315 190
0.001316 190
0.001317 190
0.001318 190
0.001319 190
0.00132 190
0.001321 190
0.001322 190
0.001323 190
0.001324 190
0.001325 190
0.001326 190
0.001327 190
0.001328 190
0.001329 190
0.00133 190
0.001331 190
0.001332 190
0.001333 190
0.001334 190
0.001335 190
0.001336 190
0.001337 190
0.001338 190
0.001339 190
0.00134 190
0.001341 190
0.001342 190
0.001343 190
0.001344 190
0.001345 190
0.001346 190
0.001347 190
0.001348 190
0.001349 190
0.00135 190
0.001351 190
0.001352 190
0.001353 190
0.001354 190
0.001355 190
0.001356 190
0.001357 190
0.001358 190
0.001359 190
0.00136 190
0.001361 190
0.001362 191
0.001363 191
0.001364 191
0.001365 191
0.001366 191
0.001367 191
0.001368 190
0.001369 190
0.00137 190
0.001371 190
0.001372 190
0.001373 191
0.001374 191
0.001375 191
0.001376 191
0.001377 191
0.001378 191
0.001379 191
0.00138 191
0.001381 191
0.001382 191
0.001383 191
0.001384 191
0.001385 191
0.001386 191
0.001387 191
0.001388 191
0.001389 191
0.00139 191
0.001391 191
0.001392 191
0.001393 191
0.001394 191
0.001395 191
0.001396 191
0.001397 190
0.001398 190
0.001399 190
0.0014 190
0.001401 189
0.001402 189
0.001403 189
0.001404 189
0.001405 189
0.001406 189
0.001407 189
0.001408 189
0.001409 189
0.00141 189
0.001411 189
0.001412 189
0.001413 189
0.001414 189
0.001415 189
0.001416 189
0.001417 189
0.001418 189
0.001419 189
0.00142 189
0.001421 189
0.001422 189
0.001423 189
0.001424 189
0.001425 189
0.001426 189
0.001427 189
0.001428 189
0.001429 189
0.00143 189
0.001431 189
0.001432 189
0.001433 189
0.001434 189
0.001435 189
0.001436 189
0.001437 189
0.001438 189
0.001439 189
0.00144 189
0.001441 189
0.001442 189
0.001443 189
0.001444 189
0.001445 189
0.001446 189
0.001447 189
0.001448 189
0.001449 189
0.00145 189
0.001451 189
0.001452 189
0.001453 189
0.001454 189
0.001455 189
0.001456 189
0.001457 189
0.001458 189
0.001459 189
0.00146 189
0.001461 189
0.001462 189
0.001463 189
0.001464 189
0.001465 189
0.001466 189
0.001467 189
0.001468 189
0.001469 189
0.00147 189
0.001471 189
0.001472 189
0.001473 189
0.001474 189
0.001475 189
0.001476 189
0.001477 189
0.001478 189
0.001479 189
0.00148 190
0.001481 190
0.001482 190
0.001483 190
0.001484 190
0.001485 191
0.001486 191
0.001487 191
0.001488 191
0.001489 191
0.00149 191
0.001491 191
0.001492 191
0.001493 191
0.001494 191
0.001495 191
0.001496 191
0.001497 191
0.001498 191
0.001499 191
0.0015 192
0.001501 192
0.001502 192
0.001503 192
0.001504 193
0.001505 193
0.001506 193
0.001507 193
0.001508 193
0.001509 193
0.00151 193
0.001511 193
0.001512 193
0.001513 193
0.001514 193
0.001515 193
0.001516 193
0.001517 194
0.001518 194
0.001519 194
0.00152 194
0.001521 194
0.001522 194
0.001523 194
0.001524 194
0.001525 194
0.001526 194
0.001527 194
0.001528 194
0.001529 194
0.00153 194
0.001531 194
0.001532 194
0.001533 194
0.001534 194
0.001535 194
0.001536 194
0.001537 194
0.001538 194
0.001539 194
0.00154 194
0.001541 194
0.001542 194
0.001543 194
0.001544 194
0.001545 194
0.001546 194
0.001547 194
0.001548 194
0.001549 194
0.00155 194
0.001551 194
0.001552 194
0.001553 194
0.001554 194
0.001555 194
0.001556 194
0.001557 194
0.001558 194
0.001559 194
0.00156 194
0.001561 194
0.001562 194
0.001563 194
0.001564 194
0.001565 194
0.001566 194
0.001567 194
0.001568 194
0.001569 194
0.00157 194
0.001571 194
0.001572 194
0.001573 194
0.001574 194
0.001575 194
0.001576 194
0.001577 194
0.001578 194
0.001579 194
0.00158 194
0.001581 194
0.001582 194
0.001583 194
0.001584 194
0.001585 194
0.001586 194
0.001587 194
0.001588 194
0.001589 194
0.00159 194
0.001591 194
0.001592 194
0.001593 194
0.001594 194
0.001595 194
0.001596 194
0.001597 194
0.001598 194
0.001599 194
0.0016 194
0.001601 194
0.001602 194
0.001603 194
0.001604 194
0.001605 194
0.001606 194
0.001607 194
0.001608 194
0.001609 194
0.00161 194
0.001611 194
0.001612 194
0.001613 194
0.001614 194
0.001615 194
0.001616 194
0.001617 194
0.001618 194
0.001619 194
0.00162 194
0.001621 194
0.001622 194
0.001623 194
0.001624 194
0.001625 194
0.001626 194
0.001627 194
0.001628 194
0.001629 194
0.00163 194
0.001631 194
0.001632 194
0.001633 194
0.001634 194
0.001635 194
0.001636 194
0.001637 194
0.001638 194
0.001639 194
0.00164 194
0.001641 194
0.001642 194
0.001643 194
0.001644 194
0.001645 194
0.001646 194
0.001647 194
0.001648 194
0.001649 194
0.00165 194
0.001651 194
0.001652 194
0.001653 194
0.001654 194
0.001655 194
0.001656 194
0.001657 194
0.001658 194
0.001659 194
0.00166 194
0.001661 194
0.001662 194
0.001663 194
0.001664 194
0.001665 194
0.001666 194
0.001667 194
0.001668 194
0.001669 194
0.00167 194
0.001671 194
0.001672 194
0.001673 194
0.001674 194
0.001675 194
0.001676 194
0.001677 194
0.001678 194
0.001679 194
0.00168 194
0.001681 194
0.001682 194
0.001683 194
0.001684 194
0.001685 194
0.001686 194
0.001687 193
0.001688 193
0.001689 193
0.00169 193
0.001691 193
0.001692 193
0.001693 193
0.001694 193
0.001695 193
0.001696 193
0.001697 193
0.001698 193
0.001699 193
0.0017 193
0.001701 193
0.001702 193
0.001703 193
0.001704 193
0.001705 193
0.001706 193
0.001707 193
0.001708 193
0.001709 193
0.00171 193
0.001711 193
0.001712 193
0.001713 193
0.001714 193
0.001715 193
0.001716 193
0.001717 193
0.001718 193
0.001719 193
0.00172 193
0.001721 193
0.001722 193
0.001723 193
0.001724 193
0.001725 193
0.001726 193
0.001727 193
0.001728 193
0.001729 193
0.00173 193
0.001731 193
0.001732 193
0.001733 193
0.001734 193
0.001735 193
0.001736 193
0.001737 193
0.001738 193
0.001739 193
0.00174 193
0.001741 193
0.001742 193
0.001743 193
0.001744 193
0.001745 193
0.001746 193
0.001747 193
0.001748 193
0.001749 193
0.00175 193
0.001751 193
0.001752 193
0.001753 192
0.001754 192
0.001755 192
0.001756 192
0.001757 192
0.001758 192
0.001759 192
0.00176 192
0.001761 192
0.001762 192
0.001763 192
0.001764 192
0.001765 192
0.001766 192
0.001767 192
0.001768 192
0.001769 192
0.00177 192
0.001771 192
0.001772 192
0.001773 192
0.001774 192
0.001775 192
0.001776 192
0.001777 192
0.001778 192
0.001779 192
0.00178 192
0.001781 192
0.001782 192
0.001783 192
0.001784 192
0.001785 192
0.001786 192
0.001787 192
0.001788 192
0.001789 192
0.00179 192
0.001791 192
0.001792 192
0.001793 192
0.001794 192
0.001795 192
0.001796 192
0.001797 192
0.001798 192
0.001799 192
0.0018 192
0.001801 192
0.001802 192
0.001803 192
0.001804 192
0.001805 192
0.001806 192
0.001807 192
0.001808 192
0.001809 192
0.00181 192
0.001811 192
0.001812 192
0.001813 192
0.001814 192
0.001815 192
0.001816 192
0.001817 192
0.001818 192
0.001819 192
0.00182 192
0.001821 192
0.001822 192
0.001823 192
0.001824 192
0.001825 192
0.001826 192
0.001827 192
0.001828 192
0.001829 192
0.00183 192
0.001831 191
0.001832 191
0.001833 191
0.001834 191
0.001835 191
0.001836 192
0.001837 192
0.001838 192
0.001839 192
0.00184 192
0.001841 192
0.001842 192
0.001843 192
0.001844 192
0.001845 192
0.001846 192
0.001847 192
0.001848 192
0.001849 192
0.00185 192
0.001851 192
0.001852 192
0.001853 192
0.001854 192
0.001855 192
0.001856 192
0.001857 192
0.001858 192
0.001859 192
0.00186 192
0.001861 192
0.001862 192
0.001863 192
0.001864 192
0.001865 192
0.001866 192
0.001867 192
0.001868 192
0.001869 192
0.00187 192
0.001871 192
0.001872 192
0.001873 192
0.001874 192
0.001875 192
0.001876 192
0.001877 192
0.001878 192
0.001879 192
0.00188 192
0.001881 192
0.001882 192
0.001883 192
0.001884 192
0.001885 192
0.001886 192
0.001887 192
0.001888 192
0.001889 192
0.00189 192
0.001891 192
0.001892 192
0.001893 192
0.001894 192
0.001895 192
0.001896 192
0.001897 192
0.001898 192
0.001899 192
0.0019 192
0.001901 192
0.001902 192
0.001903 192
0.001904 192
0.001905 192
0.001906 192
0.001907 192
0.001908 192
0.001909 192
0.00191 192
0.001911 192
0.001912 192
0.001913 192
0.001914 192
0.001915 193
0.001916 193
0.001917 193
0.001918 193
0.001919 193
0.00192 194
0.001921 194
0.001922 194
0.001923 194
0.001924 194
0.001925 194
0.001926 194
0.001927 194
0.001928 194
0.001929 194
0.00193 194
0.001931 194
0.001932 194
0.001933 194
0.001934 194
0.001935 194
0.001936 194
0.001937 194
0.001938 194
0.001939 194
0.00194 194
0.001941 194
0.001942 194
0.001943 194
0.001944 194
0.001945 194
0.001946 194
0.001947 194
0.001948 194
0.001949 194
0.00195 194
0.001951 194
0.001952 194
0.001953 194
0.001954 194
0.001955 194
0.001956 194
0.001957 194
0.001958 194
0.001959 194
0.00196 194
0.001961 194
0.001962 194
0.001963 194
0.001964 195
0.001965 195
0.001966 195
0.001967 195
0.001968 195
0.001969 195
0.00197 195
0.001971 195
0.001972 195
0.001973 195
0.001974 195
0.001975 195
0.001976 195
0.001977 195
0.001978 195
0.001979 195
0.00198 195
0.001981 195
0.001982 195
0.001983 195
0.001984 195
0.001985 195
0.001986 195
0.001987 195
0.001988 195
0.001989 195
0.00199 195
0.001991 195
0.001992 195
0.001993 195
0.001994 195
0.001995 195
0.001996 195
0.001997 195
0.001998 195
0.001999 195
0.002 195
0.002001 195
0.002002 195
0.002003 195
0.002004 195
0.002005 195
0.002006 195
0.002007 195
0.002008 195
0.002009 195
0.00201 195
0.002011 195
0.002012 195
0.002013 195
0.002014 195
0.002015 195
0.002016 195
0.002017 195
0.002018 195
0.002019 195
0.00202 195
0.002021 195
0.002022 195
0.002023 195
0.002024 195
0.002025 195
0.002026 195
0.002027 195
0.002028 195
0.002029 195
0.00203 195
0.002031 195
0.002032 195
0.002033 195
0.002034 195
0.002035 195
0.002036 195
0.002037 195
0.002038 195
0.002039 195
0.00204 195
0.002041 195
0.002042 195
0.002043 195
0.002044 195
0.002045 195
0.002046 195
0.002047 195
0.002048 195
0.002049 195
0.00205 195
0.002051 195
0.002052 195
0.002053 195
0.002054 195
0.002055 195
0.002056 195
0.002057 195
0.002058 195
0.002059 195
0.00206 195
0.002061 195
0.002062 195
0.002063 195
0.002064 195
0.002065 195
0.002066 195
0.002067 195
0.002068 195
0.002069 195
0.00207 195
0.002071 195
0.002072 195
0.002073 195
0.002074 195
0.002075 195
0.002076 195
0.002077 195
0.002078 195
0.002079 195
0.00208 195
0.002081 195
0.002082 195
0.002083 195
0.002084 195
0.002085 195
0.002086 195
0.002087 195
0.002088 195
0.002089 195
0.00209 195
0.002091 195
0.002092 195
0.002093 195
0.002094 195
0.002095 195
0.002096 195
0.002097 195
0.002098 196
0.002099 196
0.0021 196
0.002101 196
0.002102 196
0.002103 196
0.002104 196
0.002105 196
0.002106 196
0.002107 196
0.002108 196
0.002109 196
0.00211 196
0.002111 196
0.002112 196
0.002113 196
0.002114 196
0.002115 196
0.002116 196
0.002117 196
0.002118 196
0.002119 196
0.00212 196
0.002121 196
0.002122 196
0.002123 196
0.002124 196
0.002125 196
0.002126 196
0.002127 196
0.002128 197
0.002129 197
0.00213 197
0.002131 197
0.002132 197
0.002133 197
0.002134 197
0.002135 197
0.002136 197
0.002137 197
0.002138 197
0.002139 197
0.00214 197
0.002141 197
0.002142 197
0.002143 197
0.002144 197
0.002145 197
0.002146 197
0.002147 197
0.002148 197
0.002149 197
0.00215 197
0.002151 197
0.002152 197
0.002153 197
0.002154 197
0.002155 197
0.002156 197
0.002157 197
0.002158 197
0.002159 197
0.00216 197
0.002161 197
0.002162 197
0.002163 197
0.002164 197
0.002165 197
0.002166 197
0.002167 197
0.002168 197
0.002169 197
0.00217 197
0.002171 197
0.002172 197
0.002173 197
0.002174 197
0.002175 197
0.002176 198
0.002177 198
0.002178 198
0.002179 198
0.00218 198
0.002181 198
0.002182 198
0.002183 198
0.002184 198
0.002185 198
0.002186 198
0.002187 198
0.002188 197
0.002189 197
0.00219 197
0.002191 197
0.002192 197
0.002193 197
0.002194 197
0.002195 197
0.002196 197
0.002197 197
0.002198 197
0.002199 197
0.0022 196
0.002201 196
0.002202 196
0.002203 196
0.002204 196
0.002205 196
0.002206 196
0.002207 196
0.002208 196
0.002209 196
0.00221 196
0.002211 196
0.002212 196
0.002213 196
0.002214 196
0.002215 196
0.002216 196
0.002217 196
0.002218 196
0.002219 196
0.00222 196
0.002221 196
0.002222 196
0.002223 196
0.002224 196
0.002225 196
0.002226 196
0.002227 196
0.002228 196
0.002229 196
0.00223 196
0.002231 196
0.002232 196
0.002233 195
0.002234 195
0.002235 195
0.002236 195
0.002237 195
0.002238 195
0.002239 195
0.00224 195
0.002241 195
0.002242 195
0.002243 195
0.002244 195
0.002245 195
0.002246 195
0.002247 195
0.002248 195
0.002249 195
0.00225 195
0.002251 195
0.002252 195
0.002253 195
0.002254 195
0.002255 195
0.002256 195
0.002257 195
0.002258 195
0.002259 195
0.00226 195
0.002261 195
0.002262 195
0.002263 195
0.002264 195
0.002265 195
0.002266 195
0.002267 195
0.002268 195
0.002269 195
0.00227 195
0.002271 195
0.002272 195
0.002273 195
0.002274 195
0.002275 195
0.002276 195
0.002277 195
0.002278 195
0.002279 195
0.00228 195
0.002281 195
0.002282 195
0.002283 195
0.002284 195
0.002285 195
0.002286 195
0.002287 195
0.002288 195
0.002289 195
0.00229 195
0.002291 195
0.002292 195
0.002293 195
0.002294 195
0.002295 195
0.002296 195
0.002297 195
0.002298 195
0.002299 195
0.0023 195
0.002301 195
0.002302 195
0.002303 195
0.002304 195
0.002305 195
0.002306 195
0.002307 195
0.002308 195
0.002309 195
0.00231 195
0.002311 195
0.002312 195
0.002313 195
0.002314 195
0.002315 195
0.002316 195
0.002317 195
0.002318 195
0.002319 195
0.00232 195
0.002321 195
0.002322 195
0.002323 195
0.002324 195
0.002325 195
0.002326 195
0.002327 195
0.002328 195
0.002329 195
0.00233 195
0.002331 195
0.002332 195
0.002333 195
0.002334 195
0.002335 195
0.002336 195
0.002337 195
0.002338 195
0.002339 195
0.00234 195
0.002341 195
0.002342 195
0.002343 195
0.002344 195
0.002345 195
0.002346 195
0.002347 196
0.002348 196
0.002349 196
0.00235 196
0.002351 196
0.002352 196
0.002353 196
0.002354 196
0.002355 196
0.002356 196
0.002357 196
0.002358 196
0.002359 196
0.00236 196
0.002361 196
0.002362 196
0.002363 196
0.002364 196
0.002365 195
0.002366 195
0.002367 195
0.002368 195
0.002369 195
0.00237 195
0.002371 195
0.002372 195
0.002373 195
0.002374 195
0.002375 195
0.002376 195
0.002377 195
0.002378 195
0.002379 195
0.00238 195
0.002381 195
0.002382 195
0.002383 195
0.002384 195
0.002385 195
0.002386 195
0.002387 195
0.002388 195
0.002389 195
0.00239 195
0.002391 195
0.002392 195
0.002393 194
0.002394 194
0.002395 194
0.002396 194
0.002397 194
0.002398 194
0.002399 194
0.0024 194
0.002401 194
0.002402 193
0.002403 193
0.002404 193
0.002405 193
0.002406 193
0.002407 193
0.002408 193
0.002409 193
0.00241 193
0.002411 193
0.002412 193
0.002413 193
0.002414 193
0.002415 193
0.002416 193
0.002417 193
0.002418 193
0.002419 193
0.00242 193
0.002421 193
0.002422 193
0.002423 193
0.002424 193
0.002425 193
0.002426 193
0.002427 193
0.002428 193
0.002429 193
0.00243 193
0.002431 193
0.002432 193
0.002433 193
0.002434 193
0.002435 193
0.002436 193
0.002437 193
0.002438 193
0.002439 193
0.00244 193
0.002441 193
0.002442 193
0.002443 193
0.002444 194
0.002445 194
0.002446 194
0.002447 194
0.002448 193
0.002449 193
0.00245 193
0.002451 193
0.002452 193
0.002453 193
0.002454 193
0.002455 193
0.002456 193
0.002457 193
0.002458 193
0.002459 193
0.00246 193
0.002461 193
0.002462 193
0.002463 193
0.002464 193
0.002465 193
0.002466 193
0.002467 193
0.002468 193
0.002469 193
0.00247 193
0.002471 193
0.002472 193
0.002473 193
0.002474 193
0.002475 193
0.002476 193
0.002477 193
0.002478 193
0.002479 193
0.00248 193
0.002481 193
0.002482 193
0.002483 193
0.002484 193
0.002485 193
0.002486 193
0.002487 193
0.002488 193
0.002489 193
0.00249 193
0.002491 193
0.002492 193
0.002493 193
0.002494 193
0.002495 193
0.002496 193
0.002497 193
0.002498 193
0.002499 193
0.0025 193
0.002501 193
0.002502 193
0.002503 193
0.002504 193
0.002505 193
0.002506 193
0.002507 193
0.002508 193
0.002509 193
0.00251 193
0.002511 193
0.002512 193
0.002513 193
0.002514 193
0.002515 193
0.002516 193
0.002517 193
0.002518 193
0.002519 193
0.00252 193
0.002521 193
0.002522 193
0.002523 193
0.002524 193
0.002525 193
0.002526 193
0.002527 193
0.002528 193
0.002529 193
0.00253 193
0.002531 193
0.002532 193
0.002533 193
0.002534 193
0.002535 193
0.002536 193
0.002537 193
0.002538 193
0.002539 193
0.00254 193
0.002541 193
0.002542 193
0.002543 193
0.002544 193
0.002545 193
0.002546 193
0.002547 193
0.002548 193
0.002549 193
0.00255 193
0.002551 193
0.002552 193
0.002553 193
0.002554 193
0.002555 193
0.002556 193
0.002557 193
0.002558 193
0.002559 193
0.00256 193
0.002561 193
0.002562 193
0.002563 193
0.002564 193
0.002565 193
0.002566 193
0.002567 193
0.002568 193
0.002569 193
0.00257 193
0.002571 193
0.002572 193
0.002573 193
0.002574 193
0.002575 193
0.002576 193
0.002577 193
0.002578 193
0.002579 193
0.00258 193
0.002581 193
0.002582 193
0.002583 193
0.002584 193
0.002585 193
0.002586 193
0.002587 193
0.002588 193
0.002589 193
0.00259 193
0.002591 193
0.002592 193
0.002593 193
0.002594 193
0.002595 193
0.002596 193
0.002597 193
0.002598 193
0.002599 193
0.0026 193
0.002601 193
0.002602 193
0.002603 193
0.002604 193
0.002605 193
0.002606 193
0.002607 193
0.002608 193
0.002609 193
0.00261 193
0.002611 193
0.002612 193
0.002613 193
0.002614 194
0.002615 194
0.002616 194
0.002617 194
0.002618 194
0.002619 194
0.00262 194
0.002621 194
0.002622 194
0.002623 194
0.002624 194
0.002625 194
0.002626 194
0.002627 194
0.002628 194
0.002629 194
0.00263 194
0.002631 194
0.002632 194
0.002633 194
0.002634 194
0.002635 194
0.002636 194
0.002637 194
0.002638 194
0.002639 194
0.00264 194
0.002641 194
0.002642 194
0.002643 194
0.002644 194
0.002645 194
0.002646 194
0.002647 194
0.002648 194
0.002649 194
0.00265 194
0.002651 194
0.002652 194
0.002653 194
0.002654 194
0.002655 194
0.002656 194
0.002657 194
0.002658 194
0.002659 194
0.00266 194
0.002661 194
0.002662 194
0.002663 194
0.002664 194
0.002665 194
0.002666 194
0.002667 194
0.002668 194
0.002669 194
0.00267 195
0.002671 195
0.002672 195
0.002673 195
0.002674 195
0.002675 195
0.002676 195
0.002677 195
0.002678 195
0.002679 195
0.00268 195
0.002681 195
0.002682 195
0.002683 195
0.002684 195
0.002685 195
0.002686 195
0.002687 195
0.002688 195
0.002689 195
0.00269 195
0.002691 196
0.002692 196
0.002693 196
0.002694 196
0.002695 196
0.002696 196
0.002697 196
0.002698 196
0.002699 196
0.0027 196
0.002701 196
0.002702 197
0.002703 197
0.002704 197
0.002705 197
0.002706 197
0.002707 197
0.002708 197
0.002709 197
0.00271 197
0.002711 197
0.002712 197
0.002713 197
0.002714 197
0.002715 197
0.002716 197
0.002717 197
0.002718 197
0.002719 197
0.00272 197
0.002721 197
0.002722 197
0.002723 197
0.002724 197
0.002725 197
0.002726 197
0.002727 197
0.002728 197
0.002729 197
0.00273 197
0.002731 197
0.002732 196
0.002733 196
0.002734 196
0.002735 196
0.002736 196
0.002737 196
0.002738 196
0.002739 196
0.00274 196
0.002741 196
0.002742 196
0.002743 196
0.002744 196
0.002745 196
0.002746 196
0.002747 196
0.002748 196
0.002749 196
0.00275 197
0.002751 197
0.002752 197
0.002753 197
0.002754 197
0.002755 197
0.002756 197
0.002757 197
0.002758 197
0.002759 197
0.00276 197
0.002761 197
0.002762 197
0.002763 197
0.002764 197
0.002765 197
0.002766 196
0.002767 196
0.002768 196
0.002769 196
0.00277 196
0.002771 196
0.002772 196
0.002773 196
0.002774 196
0.002775 196
0.002776 196
0.002777 196
0.002778 196
0.002779 196
0.00278 196
0.002781 196
0.002782 196
0.002783 196
0.002784 196
0.002785 196
0.002786 196
0.002787 196
0.002788 196
0.002789 196
0.00279 196
0.002791 196
0.002792 196
0.002793 194
0.002794 194
0.002795 194
0.002796 193
0.002797 193
0.002798 193
0.002799 193
0.0028 193
0.002801 193
0.002802 193
0.002803 193
0.002804 193
0.002805 193
0.002806 193
0.002807 193
0.002808 193
0.002809 193
0.00281 193
0.002811 193
0.002812 193
0.002813 193
0.002814 193
0.002815 193
0.002816 193
0.002817 193
0.002818 193
0.002819 193
0.00282 193
0.002821 193
0.002822 193
0.002823 193
0.002824 193
0.002825 193
0.002826 193
0.002827 193
0.002828 193
0.002829 193
0.00283 194
0.002831 194
0.002832 194
0.002833 194
0.002834 194
0.002835 194
0.002836 194
0.002837 194
0.002838 194
0.002839 194
0.00284 194
0.002841 194
0.002842 194
0.002843 194
0.002844 194
0.002845 194
0.002846 194
0.002847 194
0.002848 195
0.002849 195
0.00285 195
0.002851 195
0.002852 195
0.002853 195
0.002854 195
0.002855 195
0.002856 195
0.002857 195
0.002858 195
0.002859 195
0.00286 195
0.002861 195
0.002862 195
0.002863 195
0.002864 195
0.002865 195
0.002866 195
0.002867 195
0.002868 195
0.002869 195
0.00287 195
0.002871 195
0.002872 195
0.002873 195
0.002874 195
0.002875 195
0.002876 195
0.002877 195
0.002878 195
0.002879 195
0.00288 195
0.002881 195
0.002882 195
0.002883 195
0.002884 195
0.002885 195
0.002886 195
0.002887 195
0.002888 196
0.002889 196
0.00289 195
0.002891 195
0.002892 195
0.002893 195
0.002894 195
0.002895 195
0.002896 195
0.002897 195
0.002898 195
0.002899 195
0.0029 195
0.002901 195
0.002902 195
0.002903 195
0.002904 195
0.002905 195
0.002906 195
0.002907 195
0.002908 196
0.002909 196
0.00291 196
0.002911 195
0.002912 195
0.002913 194
0.002914 194
0.002915 194
0.002916 194
0.002917 194
0.002918 194
0.002919 194
0.00292 194
0.002921 194
0.002922 194
0.002923 194
0.002924 194
0.002925 194
0.002926 194
0.002927 194
0.002928 194
0.002929 194
0.00293 194
0.002931 194
0.002932 194
0.002933 194
0.002934 194
0.002935 194
0.002936 194
0.002937 194
0.002938 194
0.002939 194
0.00294 194
0.002941 194
0.002942 194
0.002943 194
0.002944 194
0.002945 194
0.002946 194
0.002947 194
0.002948 194
0.002949 194
0.00295 193
0.002951 193
0.002952 193
0.002953 193
0.002954 193
0.002955 193
0.002956 193
0.002957 193
0.002958 193
0.002959 193
0.00296 193
0.002961 193
0.002962 193
0.002963 193
0.002964 193
0.002965 193
0.002966 193
0.002967 193
0.002968 193
0.002969 193
0.00297 193
0.002971 193
0.002972 193
0.002973 193
0.002974 193
0.002975 193
0.002976 193
0.002977 193
0.002978 193
0.002979 193
0.00298 193
0.002981 193
0.002982 193
0.002983 193
0.002984 193
0.002985 193
0.002986 194
0.002987 194
0.002988 194
0.002989 194
0.00299 194
0.002991 194
0.002992 194
0.002993 194
0.002994 194
0.002995 194
0.002996 194
0.002997 194
0.002998 194
0.002999 194
0.003 194
0.003001 194
0.003002 194
0.003003 194
0.003004 194
0.003005 194
0.003006 194
0.003007 194
0.003008 194
0.003009 194
0.00301 194
0.003011 194
0.003012 194
0.003013 194
0.003014 194
0.003015 194
0.003016 194
0.003017 194
0.003018 194
0.003019 194
0.00302 194
0.003021 194
0.003022 194
0.003023 194
0.003024 194
0.003025 194
0.003026 194
0.003027 194
0.003028 194
0.003029 194
0.00303 194
0.003031 194
0.003032 194
0.003033 194
0.003034 194
0.003035 194
0.003036 194
0.003037 194
0.003038 194
0.003039 194
0.00304 194
0.003041 194
0.003042 194
0.003043 194
0.003044 194
0.003045 194
0.003046 194
0.003047 194
0.003048 194
0.003049 194
0.00305 194
0.003051 194
0.003052 194
0.003053 194
0.003054 194
0.003055 194
0.003056 194
0.003057 194
0.003058 194
0.003059 194
0.00306 194
0.003061 194
0.003062 194
0.003063 194
0.003064 194
0.003065 194
0.003066 194
0.003067 194
0.003068 194
0.003069 194
0.00307 194
0.003071 194
0.003072 194
0.003073 194
0.003074 194
0.003075 194
0.003076 194
0.003077 194
0.003078 194
0.003079 194
0.00308 194
0.003081 194
0.003082 194
0.003083 194
0.003084 194
0.003085 194
0.003086 194
0.003087 194
0.003088 194
0.003089 194
0.00309 194
0.003091 194
0.003092 194
0.003093 194
0.003094 194
0.003095 194
0.003096 194
0.003097 194
0.003098 194
0.003099 194
0.0031 194
0.003101 194
0.003102 194
0.003103 194
0.003104 194
0.003105 194
0.003106 194
0.003107 194
0.003108 194
0.003109 194
0.00311 193
0.003111 193
0.003112 193
0.003113 193
0.003114 193
0.003115 193
0.003116 193
0.003117 193
0.003118 193
0.003119 193
0.00312 193
0.003121 193
0.003122 193
0.003123 193
0.003124 193
0.003125 193
0.003126 192
0.003127 192
0.003128 192
0.003129 192
0.00313 192
0.003131 192
0.003132 192
0.003133 192
0.003134 192
0.003135 192
0.003136 192
0.003137 192
0.003138 192
0.003139 192
0.00314 192
0.003141 192
0.003142 192
0.003143 192
0.003144 192
0.003145 192
0.003146 192
0.003147 192
0.003148 192
0.003149 192
0.00315 192
0.003151 192
0.003152 192
0.003153 192
0.003154 192
0.003155 192
0.003156 192
0.003157 192
0.003158 192
0.003159 192
0.00316 192
0.003161 192
0.003162 192
0.003163 192
0.003164 192
0.003165 192
0.003166 192
0.003167 192
0.003168 192
0.003169 192
0.00317 192
0.003171 192
0.003172 192
0.003173 192
0.003174 192
0.003175 192
0.003176 192
0.003177 192
0.003178 192
0.003179 192
0.00318 192
0.003181 192
0.003182 192
0.003183 192
0.003184 192
0.003185 192
0.003186 192
0.003187 193
0.003188 193
0.003189 193
0.00319 193
0.003191 193
0.003192 193
0.003193 192
0.003194 192
0.003195 192
0.003196 191
0.003197 191
0.003198 191
0.003199 191
0.0032 191
0.003201 191
0.003202 191
0.003203 191
0.003204 191
0.003205 191
0.003206 191
0.003207 191
0.003208 191
0.003209 191
0.00321 191
0.003211 191
0.003212 191
0.003213 191
0.003214 191
0.003215 191
0.003216 191
0.003217 191
0.003218 191
0.003219 191
0.00322 191
0.003221 191
0.003222 191
0.003223 191
0.003224 191
0.003225 191
0.003226 191
0.003227 191
0.003228 191
0.003229 191
0.00323 191
0.003231 192
0.003232 192
0.003233 192
0.003234 192
0.003235 192
0.003236 192
0.003237 192
0.003238 192
0.003239 192
0.00324 192
0.003241 192
0.003242 192
0.003243 192
0.003244 192
0.003245 192
0.003246 192
0.003247 192
0.003248 192
0.003249 192
0.00325 192
0.003251 192
0.003252 192
0.003253 192
0.003254 192
0.003255 192
0.003256 192
0.003257 192
0.003258 192
0.003259 192
0.00326 192
0.003261 192
0.003262 192
0.003263 192
0.003264 192
0.003265 192
0.003266 192
0.003267 192
0.003268 192
0.003269 192
0.00327 192
0.003271 192
0.003272 192
0.003273 192
0.003274 192
0.003275 192
0.003276 192
0.003277 192
0.003278 192
0.003279 192
0.00328 192
0.003281 192
0.003282 192
0.003283 192
0.003284 192
0.003285 192
0.003286 192
0.003287 192
0.003288 192
0.003289 192
0.00329 192
0.003291 192
0.003292 192
0.003293 192
0.003294 192
0.003295 192
0.003296 192
0.003297 191
0.003298 191
0.003299 191
0.0033 191
0.003301 191
0.003302 191
0.003303 191
0.003304 191
0.003305 191
0.003306 191
0.003307 191
0.003308 191
0.003309 191
0.00331 191
0.003311 191
0.003312 191
0.003313 191
0.003314 191
0.003315 191
0.003316 191
0.003317 191
0.003318 191
0.003319 191
0.00332 191
0.003321 191
0.003322 191
0.003323 191
0.003324 191
0.003325 191
0.003326 191
0.003327 191
0.003328 191
0.003329 191
0.00333 191
0.003331 191
0.003332 191
0.003333 191
0.003334 191
0.003335 191
0.003336 191
0.003337 190
0.003338 190
0.003339 190
0.00334 190
0.003341 190
0.003342 190
0.003343 190
0.003344 190
0.003345 190
0.003346 190
0.003347 190
0.003348 190
0.003349 190
0.00335 190
0.003351 190
0.003352 190
0.003353 190
0.003354 190
0.003355 190
0.003356 190
0.003357 190
0.003358 190
0.003359 190
0.00336 190
0.003361 190
0.003362 190
0.003363 190
0.003364 190
0.003365 190
0.003366 190
0.003367 190
0.003368 190
0.003369 190
0.00337 190
0.003371 190
0.003372 190
0.003373 190
0.003374 190
0.003375 190
0.003376 190
0.003377 190
0.003378 190
0.003379 190
0.00338 190
0.003381 190
0.003382 190
0.003383 190
0.003384 190
0.003385 190
0.003386 190
0.003387 189
0.003388 189
0.003389 189
0.00339 189
0.003391 189
0.003392 189
0.003393 189
0.003394 189
0.003395 189
0.003396 189
0.003397 189
0.003398 189
0.003399 189
0.0034 189
0.003401 189
0.003402 189
0.003403 189
0.003404 189
0.003405 189
0.003406 189
0.003407 189
0.003408 189
0.003409 189
0.00341 189
0.003411 189
0.003412 189
0.003413 189
0.003414 189
0.003415 189
0.003416 189
0.003417 189
0.003418 189
0.003419 189
0.00342 189
0.003421 189
0.003422 189
0.003423 189
0.003424 189
0.003425 189
0.003426 189
0.003427 189
0.003428 189
0.003429 189
0.00343 189
0.003431 189
0.003432 189
0.003433 189
0.003434 189
0.003435 189
0.003436 189
0.003437 189
0.003438 189
0.003439 189
0.00344 189
0.003441 189
0.003442 189
0.003443 189
0.003444 189
0.003445 189
0.003446 189
0.003447 188
0.003448 188
0.003449 188
0.00345 188
0.003451 188
0.003452 188
0.003453 188
0.003454 188
0.003455 188
0.003456 188
0.003457 188
0.003458 188
0.003459 188
0.00346 188
0.003461 188
0.003462 188
0.003463 188
0.003464 188
0.003465 188
0.003466 188
0.003467 188
0.003468 188
0.003469 188
0.00347 188
0.003471 188
0.003472 188
0.003473 188
0.003474 188
0.003475 188
0.003476 188
0.003477 188
0.003478 188
0.003479 188
0.00348 188
0.003481 188
0.003482 188
0.003483 188
0.003484 188
0.003485 188
0.003486 188
0.003487 188
0.003488 188
0.003489 188
0.00349 188
0.003491 188
0.003492 188
0.003493 188
0.003494 188
0.003495 188
0.003496 188
0.003497 188
0.003498 188
0.003499 188
0.0035 188
0.003501 188
0.003502 188
0.003503 188
0.003504 188
0.003505 188
0.003506 188
0.003507 188
0.003508 188
0.003509 188
0.00351 188
0.003511 188
0.003512 188
0.003513 188
0.003514 188
0.003515 188
0.003516 188
0.003517 188
0.003518 188
0.003519 188
0.00352 188
0.003521 188
0.003522 188
0.003523 188
0.003524 188
0.003525 188
0.003526 188
0.003527 188
0.003528 188
0.003529 188
0.00353 188
0.003531 188
0.003532 188
0.003533 188
0.003534 188
0.003535 188
0.003536 188
0.003537 188
0.003538 188
0.003539 188
0.00354 188
0.003541 188
0.003542 188
0.003543 188
0.003544 188
0.003545 188
0.003546 188
0.003547 188
0.003548 188
0.003549 188
0.00355 188
0.003551 188
0.003552 188
0.003553 188
0.003554 188
0.003555 188
0.003556 188
0.003557 188
0.003558 188
0.003559 188
0.00356 188
0.003561 188
0.003562 188
0.003563 188
0.003564 188
0.003565 188
0.003566 188
0.003567 188
0.003568 188
0.003569 188
0.00357 188
0.003571 188
0.003572 188
0.003573 188
0.003574 188
0.003575 188
0.003576 188
0.003577 188
0.003578 188
0.003579 188
0.00358 188
0.003581 188
0.003582 188
0.003583 188
0.003584 188
0.003585 188
0.003586 188
0.003587 188
0.003588 188
0.003589 188
0.00359 188
0.003591 188
0.003592 188
0.003593 188
0.003594 188
0.003595 188
0.003596 188
0.003597 188
0.003598 188
0.003599 188
0.0036 188
0.003601 188
0.003602 188
0.003603 188
0.003604 188
0.003605 188
0.003606 188
0.003607 188
0.003608 188
0.003609 188
0.00361 188
0.003611 188
0.003612 188
0.003613 188
0.003614 188
0.003615 188
0.003616 188
0.003617 188
0.003618 188
0.003619 188
0.00362 188
0.003621 188
0.003622 188
0.003623 188
0.003624 188
0.003625 188
0.003626 189
0.003627 189
0.003628 189
0.003629 189
0.00363 189
0.003631 189
0.003632 189
0.003633 189
0.003634 190
0.003635 190
0.003636 190
0.003637 190
0.003638 190
0.003639 190
0.00364 190
0.003641 190
0.003642 190
0.003643 190
0.003644 190
0.003645 190
0.003646 190
0.003647 190
0.003648 190
0.003649 190
0.00365 190
0.003651 190
0.003652 190
0.003653 190
0.003654 189
0.003655 189
0.003656 189
0.003657 189
0.003658 189
0.003659 189
0.00366 189
0.003661 189
0.003662 189
0.003663 189
0.003664 189
0.003665 189
0.003666 189
0.003667 189
0.003668 189
0.003669 189
0.00367 189
0.003671 189
0.003672 189
0.003673 189
0.003674 189
0.003675 189
0.003676 189
0.003677 189
0.003678 189
0.003679 189
0.00368 189
0.003681 189
0.003682 189
0.003683 189
0.003684 189
0.003685 189
0.003686 189
0.003687 189
0.003688 189
0.003689 189
0.00369 189
0.003691 189
0.003692 189
0.003693 188
0.003694 188
0.003695 188
0.003696 188
0.003697 188
0.003698 188
0.003699 188
0.0037 188
0.003701 188
0.003702 188
0.003703 188
0.003704 188
0.003705 188
0.003706 188
0.003707 188
0.003708 188
0.003709 188
0.00371 188
0.003711 188
0.003712 188
0.003713 188
0.003714 188
0.003715 188
0.003716 188
0.003717 188
0.003718 187
0.003719 187
0.00372 187
0.003721 187
0.003722 187
0.003723 187
0.003724 187
0.003725 187
0.003726 186
0.003727 186
0.003728 186
0.003729 186
0.00373 186
0.003731 186
0.003732 186
0.003733 186
0.003734 186
0.003735 185
0.003736 185
0.003737 185
0.003738 185
0.003739 185
0.00374 185
0.003741 185
0.003742 185
0.003743 185
0.003744 185
0.003745 185
0.003746 185
0.003747 185
0.003748 185
0.003749 185
0.00375 185
0.003751 185
0.003752 184
0.003753 184
0.003754 184
0.003755 184
0.003756 184
0.003757 184
0.003758 184
0.003759 184
0.00376 184
0.003761 184
0.003762 184
0.003763 184
0.003764 184
0.003765 184
0.003766 184
0.003767 184
0.003768 184
0.003769 184
0.00377 184
0.003771 184
0.003772 184
0.003773 184
0.003774 184
0.003775 184
0.003776 184
0.003777 184
0.003778 184
0.003779 184
0.00378 184
0.003781 184
0.003782 184
0.003783 184
0.003784 184
0.003785 184
0.003786 184
0.003787 184
0.003788 184
0.003789 184
0.00379 184
0.003791 184
0.003792 184
0.003793 184
0.003794 184
0.003795 184
0.003796 184
0.003797 184
0.003798 184
0.003799 184
0.0038 184
0.003801 184
0.003802 184
0.003803 184
0.003804 184
0.003805 184
0.003806 184
0.003807 184
0.003808 184
0.003809 184
0.00381 184
0.003811 184
0.003812 184
0.003813 184
0.003814 184
0.003815 184
0.003816 184
0.003817 184
0.003818 184
0.003819 184
0.00382 184
0.003821 183
0.003822 183
0.003823 183
0.003824 183
0.003825 183
0.003826 183
0.003827 183
0.003828 183
0.003829 182
0.00383 182
0.003831 182
0.003832 182
0.003833 182
0.003834 182
0.003835 182
0.003836 182
0.003837 182
0.003838 182
0.003839 182
0.00384 182
0.003841 182
0.003842 182
0.003843 182
0.003844 182
0.003845 182
0.003846 182
0.003847 182
0.003848 182
0.003849 182
0.00385 182
0.003851 182
0.003852 183
0.003853 183
0.003854 183
0.003855 183
0.003856 183
0.003857 183
0.003858 183
0.003859 183
0.00386 183
0.003861 183
0.003862 182
0.003863 182
0.003864 182
0.003865 182
0.003866 182
0.003867 182
0.003868 182
0.003869 182
0.00387 182
0.003871 182
0.003872 182
0.003873 182
0.003874 182
0.003875 182
0.003876 182
0.003877 183
0.003878 183
0.003879 183
0.00388 183
0.003881 183
0.003882 183
0.003883 183
0.003884 183
0.003885 183
0.003886 183
0.003887 183
0.003888 183
0.003889 183
0.00389 183
0.003891 183
0.003892 183
0.003893 183
0.003894 183
0.003895 183
0.003896 183
0.003897 183
0.003898 183
0.003899 183
0.0039 183
0.003901 183
0.003902 183
0.003903 183
0.003904 182
0.003905 182
0.003906 182
0.003907 182
0.003908 182
0.003909 182
0.00391 182
0.003911 182
0.003912 182
0.003913 182
0.003914 182
0.003915 182
0.003916 182
0.003917 182
0.003918 182
0.003919 182
0.00392 182
0.003921 182
0.003922 182
0.003923 182
0.003924 182
0.003925 182
0.003926 182
0.003927 182
0.003928 182
0.003929 182
0.00393 182
0.003931 182
0.003932 182
0.003933 182
0.003934 182
0.003935 182
0.003936 182
0.003937 181
0.003938 181
0.003939 181
0.00394 181
0.003941 181
0.003942 181
0.003943 181
0.003944 181
0.003945 181
0.003946 181
0.003947 181
0.003948 181
0.003949 181
0.00395 181
0.003951 181
0.003952 181
0.003953 181
0.003954 181
0.003955 181
0.003956 181
0.003957 181
0.003958 181
0.003959 181
0.00396 181
0.003961 181
0.003962 181
0.003963 181
0.003964 181
0.003965 181
0.003966 181
0.003967 181
0.003968 180
0.003969 180
0.00397 180
0.003971 180
0.003972 180
0.003973 180
0.003974 180
0.003975 180
0.003976 180
0.003977 180
0.003978 180
0.003979 180
0.00398 180
0.003981 180
0.003982 180
0.003983 180
0.003984 180
0.003985 180
0.003986 180
0.003987 180
0.003988 180
0.003989 180
0.00399 180
0.003991 180
0.003992 180
0.003993 180
0.003994 180
0.003995 180
0.003996 180
0.003997 180
0.003998 180
0.003999 180
0.004 180
0.004001 180
0.004002 180
0.004003 180
0.004004 180
0.004005 180
0.004006 180
0.004007 180
0.004008 180
0.004009 180
0.00401 180
0.004011 180
0.004012 180
0.004013 180
0.004014 180
0.004015 180
0.004016 180
0.004017 180
0.004018 180
0.004019 179
0.00402 179
0.004021 179
0.004022 179
0.004023 179
0.004024 179
0.004025 179
0.004026 179
0.004027 179
0.004028 179
0.004029 179
0.00403 179
0.004031 179
0.004032 179
0.004033 179
0.004034 179
0.004035 179
0.004036 179
0.004037 179
0.004038 179
0.004039 179
0.00404 179
0.004041 179
0.004042 179
0.004043 179
0.004044 179
0.004045 179
0.004046 179
0.004047 179
0.004048 179
0.004049 179
0.00405 179
0.004051 179
0.004052 179
0.004053 179
0.004054 179
0.004055 179
0.004056 179
0.004057 179
0.004058 179
0.004059 179
0.00406 179
0.004061 179
0.004062 179
0.004063 179
0.004064 179
0.004065 179
0.004066 179
0.004067 179
0.004068 179
0.004069 179
0.00407 179
0.004071 179
0.004072 179
0.004073 179
0.004074 179
0.004075 179
0.004076 179
0.004077 179
0.004078 179
0.004079 179
0.00408 179
0.004081 179
0.004082 179
0.004083 179
0.004084 179
0.004085 179
0.004086 179
0.004087 179
0.004088 179
0.004089 179
0.00409 179
0.004091 179
0.004092 179
0.004093 179
0.004094 179
0.004095 179
0.004096 179
0.004097 179
0.004098 179
0.004099 179
0.0041 179
0.004101 179
0.004102 179
0.004103 179
0.004104 179
0.004105 179
0.004106 179
0.004107 179
0.004108 179
0.004109 179
0.00411 179
0.004111 179
0.004112 179
0.004113 179
0.004114 179
0.004115 179
0.004116 179
0.004117 179
0.004118 179
0.004119 179
0.00412 179
0.004121 179
0.004122 179
0.004123 179
0.004124 179
0.004125 179
0.004126 179
0.004127 179
0.004128 179
0.004129 179
0.00413 179
0.004131 179
0.004132 179
0.004133 179
0.004134 179
0.004135 179
0.004136 179
0.004137 179
0.004138 179
0.004139 179
0.00414 179
0.004141 179
0.004142 179
0.004143 179
0.004144 179
0.004145 179
0.004146 179
0.004147 179
0.004148 179
0.004149 179
0.00415 179
0.004151 179
0.004152 179
0.004153 179
0.004154 179
0.004155 178
0.004156 178
0.004157 178
0.004158 178
0.004159 178
0.00416 178
0.004161 178
0.004162 178
0.004163 178
0.004164 178
0.004165 178
0.004166 178
0.004167 178
0.004168 178
0.004169 178
0.00417 178
0.004171 178
0.004172 178
0.004173 177
0.004174 177
0.004175 177
0.004176 177
0.004177 177
0.004178 177
0.004179 177
0.00418 177
0.004181 177
0.004182 177
0.004183 177
0.004184 177
0.004185 177
0.004186 177
0.004187 177
0.004188 177
0.004189 177
0.00419 177
0.004191 177
0.004192 177
0.004193 177
0.004194 177
0.004195 177
0.004196 177
0.004197 177
0.004198 177
0.004199 178
0.0042 178
0.004201 178
0.004202 178
0.004203 178
0.004204 178
0.004205 178
0.004206 178
0.004207 178
0.004208 178
0.004209 178
0.00421 178
0.004211 178
0.004212 178
0.004213 178
0.004214 178
0.004215 178
0.004216 178
0.004217 178
0.004218 178
0.004219 178
0.00422 178
0.004221 178
0.004222 178
0.004223 178
0.004224 178
0.004225 178
0.004226 178
0.004227 178
0.004228 178
0.004229 178
0.00423 178
0.004231 178
0.004232 178
0.004233 178
0.004234 178
0.004235 178
0.004236 178
0.004237 178
0.004238 178
0.004239 178
0.00424 178
0.004241 178
0.004242 178
0.004243 178
0.004244 178
0.004245 178
0.004246 178
0.004247 178
0.004248 178
0.004249 178
0.00425 178
0.004251 178
0.004252 178
0.004253 178
0.004254 178
0.004255 178
0.004256 178
0.004257 178
0.004258 178
0.004259 178
0.00426 178
0.004261 178
0.004262 178
0.004263 178
0.004264 178
0.004265 178
0.004266 178
0.004267 178
0.004268 178
0.004269 178
0.00427 178
0.004271 178
0.004272 178
0.004273 178
0.004274 178
0.004275 178
0.004276 178
0.004277 178
0.004278 178
0.004279 178
0.00428 178
0.004281 179
0.004282 179
0.004283 179
0.004284 179
0.004285 179
0.004286 179
0.004287 179
0.004288 179
0.004289 179
0.00429 179
0.004291 179
0.004292 179
0.004293 179
0.004294 179
0.004295 179
0.004296 179
0.004297 179
0.004298 179
0.004299 179
0.0043 179
0.004301 179
0.004302 179
0.004303 179
0.004304 179
0.004305 180
0.004306 180
0.004307 180
0.004308 180
0.004309 180
0.00431 180
0.004311 180
0.004312 180
0.004313 180
0.004314 180
0.004315 180
0.004316 180
0.004317 180
0.004318 180
0.004319 180
0.00432 180
0.004321 180
0.004322 180
0.004323 180
0.004324 180
0.004325 180
0.004326 180
0.004327 180
0.004328 180
0.004329 180
0.00433 180
0.004331 180
0.004332 180
0.004333 180
0.004334 180
0.004335 180
0.004336 180
0.004337 180
0.004338 180
0.004339 180
0.00434 180
0.004341 180
0.004342 180
0.004343 180
0.004344 180
0.004345 180
0.004346 179
0.004347 179
0.004348 179
0.004349 179
0.00435 179
0.004351 180
0.004352 180
0.004353 180
0.004354 180
0.004355 180
0.004356 180
0.004357 180
0.004358 180
0.004359 180
0.00436 180
0.004361 180
0.004362 180
0.004363 180
0.004364 180
0.004365 180
0.004366 180
0.004367 180
0.004368 180
0.004369 180
0.00437 180
0.004371 180
0.004372 180
0.004373 180
0.004374 180
0.004375 180
0.004376 180
0.004377 180
0.004378 180
0.004379 180
0.00438 180
0.004381 180
0.004382 180
0.004383 180
0.004384 179
0.004385 180
0.004386 180
0.004387 181
0.004388 181
0.004389 181
0.00439 181
0.004391 181
0.004392 181
0.004393 181
0.004394 181
0.004395 181
0.004396 181
0.004397 181
0.004398 181
0.004399 181
0.0044 181
0.004401 181
0.004402 181
0.004403 180
0.004404 180
0.004405 180
0.004406 180
0.004407 180
0.004408 180
0.004409 180
0.00441 180
0.004411 180
0.004412 180
0.004413 180
0.004414 180
0.004415 180
0.004416 180
0.004417 180
0.004418 180
0.004419 180
0.00442 180
0.004421 180
0.004422 180
0.004423 180
0.004424 180
0.004425 180
0.004426 180
0.004427 180
0.004428 180
0.004429 180
0.00443 180
0.004431 180
0.004432 180
0.004433 180
0.004434 180
0.004435 180
0.004436 180
0.004437 180
0.004438 180
0.004439 180
0.00444 180
0.004441 180
0.004442 180
0.004443 180
0.004444 180
0.004445 180
0.004446 180
0.004447 180
0.004448 180
0.004449 180
0.00445 181
0.004451 181
0.004452 181
0.004453 181
0.004454 181
0.004455 181
0.004456 181
0.004457 181
0.004458 181
0.004459 181
0.00446 181
0.004461 181
0.004462 181
0.004463 181
0.004464 181
0.004465 181
0.004466 181
0.004467 181
0.004468 181
0.004469 181
0.00447 181
0.004471 180
0.004472 180
0.004473 180
0.004474 180
0.004475 180
0.004476 180
0.004477 180
0.004478 180
0.004479 180
0.00448 180
0.004481 180
0.004482 180
0.004483 180
0.004484 180
0.004485 180
0.004486 180
0.004487 180
0.004488 180
0.004489 180
0.00449 180
0.004491 180
0.004492 180
0.004493 180
0.004494 181
0.004495 181
0.004496 181
0.004497 181
0.004498 181
0.004499 181
0.0045 181
0.004501 181
0.004502 181
0.004503 181
0.004504 181
0.004505 181
0.004506 181
0.004507 181
0.004508 181
0.004509 181
0.00451 181
0.004511 181
0.004512 181
0.004513 181
0.004514 181
0.004515 181
0.004516 181
0.004517 181
0.004518 181
0.004519 181
0.00452 181
0.004521 181
0.004522 181
0.004523 181
0.004524 181
0.004525 181
0.004526 181
0.004527 181
0.004528 181
0.004529 181
0.00453 181
0.004531 181
0.004532 181
0.004533 181
0.004534 181
0.004535 181
0.004536 181
0.004537 181
0.004538 181
0.004539 181
0.00454 181
0.004541 181
0.004542 181
0.004543 181
0.004544 181
0.004545 181
0.004546 181
0.004547 181
0.004548 181
0.004549 181
0.00455 181
0.004551 181
0.004552 181
0.004553 181
0.004554 181
0.004555 181
0.004556 181
0.004557 181
0.004558 181
0.004559 181
0.00456 181
0.004561 181
0.004562 181
0.004563 181
0.004564 181
0.004565 181
0.004566 181
0.004567 181
0.004568 181
0.004569 181
0.00457 181
0.004571 181
0.004572 181
0.004573 181
0.004574 181
0.004575 181
0.004576 181
0.004577 181
0.004578 181
0.004579 181
0.00458 181
0.004581 181
0.004582 181
0.004583 181
0.004584 181
0.004585 181
0.004586 181
0.004587 181
0.004588 181
0.004589 181
0.00459 181
0.004591 181
0.004592 181
0.004593 181
0.004594 181
0.004595 181
0.004596 181
0.004597 181
0.004598 181
0.004599 181
0.0046 181
0.004601 181
0.004602 181
0.004603 181
0.004604 181
0.004605 181
0.004606 181
0.004607 181
0.004608 182
0.004609 182
0.00461 182
0.004611 182
0.004612 182
0.004613 182
0.004614 182
0.004615 181
0.004616 181
0.004617 181
0.004618 181
0.004619 181
0.00462 181
0.004621 181
0.004622 181
0.004623 181
0.004624 181
0.004625 181
0.004626 181
0.004627 181
0.004628 181
0.004629 181
0.00463 181
0.004631 181
0.004632 181
0.004633 181
0.004634 181
0.004635 181
0.004636 181
0.004637 181
0.004638 181
0.004639 181
0.00464 181
0.004641 181
0.004642 181
0.004643 181
0.004644 181
0.004645 181
0.004646 181
0.004647 182
0.004648 182
0.004649 182
0.00465 182
0.004651 182
0.004652 182
0.004653 182
0.004654 182
0.004655 182
0.004656 182
0.004657 182
0.004658 182
0.004659 182
0.00466 182
0.004661 182
0.004662 182
0.004663 182
0.004664 182
0.004665 182
0.004666 182
0.004667 182
0.004668 182
0.004669 182
0.00467 182
0.004671 182
0.004672 182
0.004673 182
0.004674 182
0.004675 182
0.004676 182
0.004677 182
0.004678 182
0.004679 182
0.00468 182
0.004681 182
0.004682 182
0.004683 182
0.004684 182
0.004685 182
0.004686 182
0.004687 182
0.004688 182
0.004689 182
0.00469 182
0.004691 182
0.004692 182
0.004693 182
0.004694 182
0.004695 182
0.004696 182
0.004697 182
0.004698 182
0.004699 182
0.0047 182
0.004701 182
0.004702 182
0.004703 182
0.004704 182
0.004705 182
0.004706 182
0.004707 182
0.004708 182
0.004709 182
0.00471 182
0.004711 182
0.004712 182
0.004713 182
0.004714 182
0.004715 182
0.004716 182
0.004717 182
0.004718 182
0.004719 182
0.00472 182
0.004721 182
0.004722 182
0.004723 182
0.004724 182
0.004725 182
0.004726 182
0.004727 182
0.004728 182
0.004729 182
0.00473 183
0.004731 183
0.004732 183
0.004733 183
0.004734 183
0.004735 183
0.004736 183
0.004737 183
0.004738 183
0.004739 183
0.00474 183
0.004741 183
0.004742 183
0.004743 183
0.004744 183
0.004745 183
0.004746 183
0.004747 183
0.004748 183
0.004749 183
0.00475 183
0.004751 183
0.004752 184
0.004753 184
0.004754 184
0.004755 184
0.004756 184
0.004757 184
0.004758 184
0.004759 184
0.00476 184
0.004761 184
0.004762 184
0.004763 184
0.004764 184
0.004765 184
0.004766 184
0.004767 184
0.004768 184
0.004769 184
0.00477 184
0.004771 184
0.004772 184
0.004773 184
0.004774 184
0.004775 184
0.004776 184
0.004777 184
0.004778 184
0.004779 184
0.00478 184
0.004781 184
0.004782 184
0.004783 184
0.004784 184
0.004785 184
0.004786 184
0.004787 184
0.004788 184
0.004789 183
0.00479 183
0.004791 183
0.004792 183
0.004793 183
0.004794 183
0.004795 183
0.004796 183
0.004797 183
0.004798 183
0.004799 183
0.0048 183
0.004801 184
0.004802 184
0.004803 184
0.004804 184
0.004805 184
0.004806 184
0.004807 184
0.004808 183
0.004809 183
0.00481 183
0.004811 183
0.004812 183
0.004813 183
0.004814 183
0.004815 183
0.004816 183
0.004817 183
0.004818 183
0.004819 183
0.00482 183
0.004821 183
0.004822 183
0.004823 183
0.004824 183
0.004825 183
0.004826 183
0.004827 183
0.004828 183
0.004829 183
0.00483 183
0.004831 183
0.004832 183
0.004833 183
0.004834 183
0.004835 183
0.004836 183
0.004837 183
0.004838 183
0.004839 183
0.00484 183
0.004841 183
0.004842 183
0.004843 183
0.004844 184
0.004845 184
0.004846 184
0.004847 184
0.004848 184
0.004849 184
0.00485 184
0.004851 184
0.004852 184
0.004853 184
0.004854 184
0.004855 184
0.004856 184
0.004857 184
0.004858 184
0.004859 184
0.00486 184
0.004861 184
0.004862 183
0.004863 183
0.004864 183
0.004865 183
0.004866 183
0.004867 183
0.004868 183
0.004869 183
0.00487 183
0.004871 183
0.004872 183
0.004873 183
0.004874 183
0.004875 183
0.004876 183
0.004877 183
0.004878 183
0.004879 183
0.00488 183
0.004881 183
0.004882 183
0.004883 183
0.004884 183
0.004885 183
0.004886 183
0.004887 183
0.004888 183
0.004889 183
0.00489 183
0.004891 183
0.004892 183
0.004893 183
0.004894 183
0.004895 183
0.004896 183
0.004897 183
0.004898 183
0.004899 183
0.0049 183
0.004901 183
0.004902 183
0.004903 183
0.004904 183
0.004905 183
0.004906 183
0.004907 183
0.004908 183
0.004909 183
0.00491 183
0.004911 183
0.004912 184
0.004913 184
0.004914 184
0.004915 183
0.004916 183
0.004917 183
0.004918 183
0.004919 183
0.00492 183
0.004921 183
0.004922 183
0.004923 183
0.004924 183
0.004925 183
0.004926 183
0.004927 183
0.004928 183
0.004929 183
0.00493 183
0.004931 183
0.004932 183
0.004933 183
0.004934 183
0.004935 183
0.004936 183
0.004937 183
0.004938 182
0.004939 182
0.00494 182
0.004941 182
0.004942 182
0.004943 182
0.004944 182
0.004945 182
0.004946 182
0.004947 182
0.004948 182
0.004949 182
0.00495 182
0.004951 182
0.004952 182
0.004953 182
0.004954 182
0.004955 182
0.004956 182
0.004957 182
0.004958 182
0.004959 182
0.00496 182
0.004961 182
0.004962 182
0.004963 182
0.004964 182
0.004965 182
0.004966 182
0.004967 182
0.004968 182
0.004969 182
0.00497 182
0.004971 182
0.004972 182
0.004973 182
0.004974 182
0.004975 182
0.004976 182
0.004977 182
0.004978 182
0.004979 182
0.00498 182
0.004981 182
0.004982 182
0.004983 182
0.004984 182
0.004985 182
0.004986 182
0.004987 182
0.004988 182
0.004989 182
0.00499 182
0.004991 182
0.004992 182
0.004993 182
0.004994 182
0.004995 182
0.004996 182
0.004997 182
0.004998 182
0.004999 182
0.005 182
