0 3306
1e-06 3325
2e-06 3326
3e-06 3337
4e-06 3338
5e-06 3343
6e-06 3357
7e-06 3360
8e-06 3364
9e-06 3375
1e-05 3385
1.1e-05 3403
1.2e-05 3408
1.3e-05 3418
1.4e-05 3426
1.5e-05 3444
1.6e-05 3455
1.7e-05 3465
1.8e-05 3475
1.9e-05 3485
2e-05 3492
2.1e-05 3505
2.2e-05 3520
2.3e-05 3520
2.4e-05 3533
2.5e-05 3545
2.6e-05 3549
2.7e-05 3552
2.8e-05 3562
2.9e-05 3563
3e-05 3564
3.1e-05 3573
3.2e-05 3579
3.3e-05 3587
3.4e-05 3598
3.5e-05 3605
3.6e-05 3614
3.7e-05 3615
3.8e-05 3626
3.9e-05 3627
4e-05 3631
4.1e-05 3633
4.2e-05 3640
4.3e-05 3647
4.4e-05 3653
4.5e-05 3657
4.6e-05 3654
4.7e-05 3662
4.8e-05 3662
4.9e-05 3667
5e-05 3680
5.1e-05 3687
5.2e-05 3690
5.3e-05 3699
5.4e-05 3704
5.5e-05 3711
5.6e-05 3713
5.7e-05 3713
5.8e-05 3723
5.9e-05 3734
6e-05 3738
6.1e-05 3741
6.2e-05 3748
6.3e-05 3754
6.4e-05 3756
6.5e-05 3764
6.6e-05 3771
6.7e-05 3770
6.8e-05 3774
6.9e-05 3777
7e-05 3785
7.1e-05 3789
7.2e-05 3795
7.3e-05 3805
7.4e-05 3812
7.5e-05 3821
7.6e-05 3826
7.7e-05 3825
7.8e-05 3831
7.9e-05 3840
8e-05 3845
8.1e-05 3852
8.2e-05 3852
8.3e-05 3859
8.4e-05 3867
8.5e-05 3871
8.6e-05 3873
8.7e-05 3875
8.8e-05 3875
8.9e-05 3880
9e-05 3885
9.1e-05 3891
9.2e-05 3897
9.3e-05 3902
9.4e-05 3903
9.5e-05 3906
9.6e-05 3910
9.7e-05 3917
9.8e-05 3920
9.9e-05 3928
0.0001 3932
0.000101 3936
0.000102 3940
0.000103 3949
0.000104 3951
0.000105 3954
0.000106 3958
0.000107 3959
0.000108 3963
0.000109 3964
0.00011 3968
0.000111 3976
0.000112 3981
0.000113 3985
0.000114 3991
0.000115 4000
0.000116 4003
0.000117 4007
0.000118 4009
0.000119 4011
0.00012 4012
0.000121 4012
0.000122 4020
0.000123 4022
0.000124 4024
0.000125 4027
0.000126 4031
0.000127 4038
0.000128 4047
0.000129 4050
0.00013 4054
0.000131 4057
0.000132 4061
0.000133 4058
0.000134 4060
0.000135 4067
0.000136 4072
0.000137 4073
0.000138 4075
0.000139 4080
0.00014 4083
0.000141 4083
0.000142 4083
0.000143 4086
0.000144 4089
0.000145 4092
0.000146 4095
0.000147 4097
0.000148 4098
0.000149 4103
0.00015 4101
0.000151 4103
0.000152 4104
0.000153 4108
0.000154 4113
0.000155 4116
0.000156 4122
0.000157 4126
0.000158 4126
0.000159 4127
0.00016 4128
0.000161 4133
0.000162 4133
0.000163 4136
0.000164 4136
0.000165 4137
0.000166 4138
0.000167 4137
0.000168 4139
0.000169 4142
0.00017 4144
0.000171 4147
0.000172 4154
0.000173 4153
0.000174 4154
0.000175 4156
0.000176 4158
0.000177 4160
0.000178 4158
0.000179 4160
0.00018 4158
0.000181 4162
0.000182 4166
0.000183 4168
0.000184 4170
0.000185 4174
0.000186 4172
0.000187 4172
0.000188 4170
0.000189 4170
0.00019 4170
0.000191 4168
0.000192 4170
0.000193 4169
0.000194 4172
0.000195 4175
0.000196 4179
0.000197 4179
0.000198 4180
0.000199 4183
0.0002 4184
0.000201 4184
0.000202 4187
0.000203 4184
0.000204 4184
0.000205 4182
0.000206 4184
0.000207 4184
0.000208 4188
0.000209 4190
0.00021 4190
0.000211 4194
0.000212 4194
0.000213 4193
0.000214 4195
0.000215 4196
0.000216 4198
0.000217 4199
0.000218 4202
0.000219 4202
0.00022 4206
0.000221 4206
0.000222 4209
0.000223 4210
0.000224 4211
0.000225 4209
0.000226 4211
0.000227 4210
0.000228 4213
0.000229 4212
0.00023 4213
0.000231 4212
0.000232 4212
0.000233 4213
0.000234 4212
0.000235 4214
0.000236 4216
0.000237 4216
0.000238 4216
0.000239 4216
0.00024 4218
0.000241 4220
0.000242 4221
0.000243 4222
0.000244 4224
0.000245 4224
0.000246 4225
0.000247 4224
0.000248 4226
0.000249 4227
0.00025 4228
0.000251 4230
0.000252 4233
0.000253 4234
0.000254 4235
0.000255 4234
0.000256 4236
0.000257 4235
0.000258 4236
0.000259 4235
0.00026 4236
0.000261 4235
0.000262 4235
0.000263 4235
0.000264 4234
0.000265 4233
0.000266 4237
0.000267 4238
0.000268 4242
0.000269 4244
0.00027 4245
0.000271 4246
0.000272 4247
0.000273 4245
0.000274 4246
0.000275 4249
0.000276 4249
0.000277 4248
0.000278 4247
0.000279 4248
0.00028 4253
0.000281 4253
0.000282 4252
0.000283 4250
0.000284 4251
0.000285 4250
0.000286 4253
0.000287 4255
0.000288 4259
0.000289 4260
0.00029 4262
0.000291 4262
0.000292 4264
0.000293 4265
0.000294 4267
0.000295 4268
0.000296 4269
0.000297 4269
0.000298 4268
0.000299 4266
0.0003 4269
0.000301 4270
0.000302 4272
0.000303 4274
0.000304 4273
0.000305 4274
0.000306 4275
0.000307 4275
0.000308 4275
0.000309 4281
0.00031 4281
0.000311 4282
0.000312 4284
0.000313 4286
0.000314 4287
0.000315 4286
0.000316 4286
0.000317 4288
0.000318 4290
0.000319 4290
0.00032 4294
0.000321 4296
0.000322 4299
0.000323 4298
0.000324 4296
0.000325 4298
0.000326 4299
0.000327 4298
0.000328 4298
0.000329 4298
0.00033 4300
0.000331 4300
0.000332 4299
0.000333 4298
0.000334 4299
0.000335 4302
0.000336 4301
0.000337 4301
0.000338 4302
0.000339 4303
0.00034 4304
0.000341 4303
0.000342 4304
0.000343 4303
0.000344 4304
0.000345 4304
0.000346 4307
0.000347 4308
0.000348 4309
0.000349 4309
0.00035 4309
0.000351 4309
0.000352 4308
0.000353 4309
0.000354 4310
0.000355 4311
0.000356 4311
0.000357 4312
0.000358 4311
0.000359 4312
0.00036 4316
0.000361 4316
0.000362 4316
0.000363 4315
0.000364 4314
0.000365 4313
0.000366 4313
0.000367 4316
0.000368 4316
0.000369 4316
0.00037 4316
0.000371 4316
0.000372 4318
0.000373 4319
0.000374 4319
0.000375 4320
0.000376 4320
0.000377 4322
0.000378 4323
0.000379 4325
0.00038 4324
0.000381 4323
0.000382 4324
0.000383 4324
0.000384 4323
0.000385 4321
0.000386 4319
0.000387 4322
0.000388 4323
0.000389 4324
0.00039 4324
0.000391 4325
0.000392 4326
0.000393 4327
0.000394 4329
0.000395 4330
0.000396 4331
0.000397 4332
0.000398 4333
0.000399 4334
0.0004 4334
0.000401 4336
0.000402 4336
0.000403 4336
0.000404 4337
0.000405 4337
0.000406 4339
0.000407 4340
0.000408 4342
0.000409 4344
0.00041 4344
0.000411 4344
0.000412 4345
0.000413 4345
0.000414 4346
0.000415 4346
0.000416 4347
0.000417 4348
0.000418 4349
0.000419 4350
0.00042 4350
0.000421 4350
0.000422 4351
0.000423 4351
0.000424 4349
0.000425 4349
0.000426 4351
0.000427 4350
0.000428 4350
0.000429 4351
0.00043 4352
0.000431 4351
0.000432 4354
0.000433 4354
0.000434 4353
0.000435 4351
0.000436 4351
0.000437 4351
0.000438 4351
0.000439 4349
0.00044 4351
0.000441 4351
0.000442 4352
0.000443 4352
0.000444 4352
0.000445 4352
0.000446 4352
0.000447 4352
0.000448 4351
0.000449 4351
0.00045 4352
0.000451 4352
0.000452 4352
0.000453 4353
0.000454 4352
0.000455 4353
0.000456 4353
0.000457 4353
0.000458 4354
0.000459 4353
0.00046 4353
0.000461 4353
0.000462 4355
0.000463 4355
0.000464 4354
0.000465 4354
0.000466 4354
0.000467 4356
0.000468 4355
0.000469 4356
0.00047 4358
0.000471 4360
0.000472 4360
0.000473 4362
0.000474 4364
0.000475 4364
0.000476 4363
0.000477 4360
0.000478 4360
0.000479 4361
0.00048 4364
0.000481 4364
0.000482 4363
0.000483 4363
0.000484 4364
0.000485 4363
0.000486 4363
0.000487 4361
0.000488 4361
0.000489 4361
0.00049 4364
0.000491 4363
0.000492 4365
0.000493 4367
0.000494 4366
0.000495 4367
0.000496 4368
0.000497 4368
0.000498 4368
0.000499 4370
0.0005 4370
0.000501 4369
0.000502 4370
0.000503 4373
0.000504 4372
0.000505 4371
0.000506 4370
0.000507 4372
0.000508 4371
0.000509 4372
0.00051 4370
0.000511 4370
0.000512 4371
0.000513 4371
0.000514 4370
0.000515 4370
0.000516 4370
0.000517 4372
0.000518 4372
0.000519 4373
0.00052 4371
0.000521 4372
0.000522 4369
0.000523 4369
0.000524 4370
0.000525 4370
0.000526 4371
0.000527 4371
0.000528 4371
0.000529 4371
0.00053 4370
0.000531 4370
0.000532 4371
0.000533 4371
0.000534 4371
0.000535 4368
0.000536 4368
0.000537 4369
0.000538 4369
0.000539 4368
0.00054 4368
0.000541 4369
0.000542 4371
0.000543 4373
0.000544 4373
0.000545 4374
0.000546 4374
0.000547 4373
0.000548 4374
0.000549 4374
0.00055 4376
0.000551 4375
0.000552 4376
0.000553 4376
0.000554 4378
0.000555 4379
0.000556 4380
0.000557 4380
0.000558 4380
0.000559 4380
0.00056 4379
0.000561 4381
0.000562 4381
0.000563 4381
0.000564 4380
0.000565 4382
0.000566 4383
0.000567 4383
0.000568 4383
0.000569 4383
0.00057 4383
0.000571 4384
0.000572 4384
0.000573 4385
0.000574 4384
0.000575 4385
0.000576 4385
0.000577 4384
0.000578 4385
0.000579 4385
0.00058 4385
0.000581 4385
0.000582 4385
0.000583 4386
0.000584 4386
0.000585 4386
0.000586 4386
0.000587 4386
0.000588 4386
0.000589 4386
0.00059 4386
0.000591 4386
0.000592 4386
0.000593 4386
0.000594 4385
0.000595 4385
0.000596 4385
0.000597 4386
0.000598 4385
0.000599 4384
0.0006 4383
0.000601 4383
0.000602 4385
0.000603 4384
0.000604 4385
0.000605 4387
0.000606 4387
0.000607 4388
0.000608 4388
0.000609 4389
0.00061 4389
0.000611 4389
0.000612 4391
0.000613 4391
0.000614 4391
0.000615 4392
0.000616 4392
0.000617 4392
0.000618 4392
0.000619 4392
0.00062 4392
0.000621 4392
0.000622 4392
0.000623 4393
0.000624 4395
0.000625 4396
0.000626 4398
0.000627 4398
0.000628 4398
0.000629 4398
0.00063 4398
0.000631 4399
0.000632 4399
0.000633 4401
0.000634 4400
0.000635 4400
0.000636 4400
0.000637 4402
0.000638 4402
0.000639 4402
0.00064 4403
0.000641 4403
0.000642 4402
0.000643 4402
0.000644 4402
0.000645 4402
0.000646 4402
0.000647 4401
0.000648 4402
0.000649 4401
0.00065 4399
0.000651 4400
0.000652 4402
0.000653 4403
0.000654 4404
0.000655 4404
0.000656 4403
0.000657 4403
0.000658 4402
0.000659 4402
0.00066 4403
0.000661 4402
0.000662 4402
0.000663 4402
0.000664 4401
0.000665 4402
0.000666 4402
0.000667 4402
0.000668 4402
0.000669 4402
0.00067 4402
0.000671 4402
0.000672 4401
0.000673 4400
0.000674 4400
0.000675 4400
0.000676 4400
0.000677 4401
0.000678 4401
0.000679 4402
0.00068 4402
0.000681 4400
0.000682 4400
0.000683 4400
0.000684 4399
0.000685 4399
0.000686 4399
0.000687 4398
0.000688 4398
0.000689 4397
0.00069 4397
0.000691 4397
0.000692 4397
0.000693 4396
0.000694 4396
0.000695 4396
0.000696 4395
0.000697 4395
0.000698 4397
0.000699 4398
0.0007 4399
0.000701 4398
0.000702 4398
0.000703 4397
0.000704 4397
0.000705 4397
0.000706 4397
0.000707 4397
0.000708 4397
0.000709 4398
0.00071 4399
0.000711 4398
0.000712 4398
0.000713 4398
0.000714 4398
0.000715 4397
0.000716 4397
0.000717 4397
0.000718 4397
0.000719 4397
0.00072 4398
0.000721 4398
0.000722 4397
0.000723 4397
0.000724 4397
0.000725 4397
0.000726 4397
0.000727 4397
0.000728 4397
0.000729 4398
0.00073 4398
0.000731 4398
0.000732 4397
0.000733 4397
0.000734 4397
0.000735 4397
0.000736 4397
0.000737 4397
0.000738 4397
0.000739 4398
0.00074 4396
0.000741 4396
0.000742 4396
0.000743 4396
0.000744 4394
0.000745 4394
0.000746 4395
0.000747 4395
0.000748 4394
0.000749 4394
0.00075 4394
0.000751 4394
0.000752 4394
0.000753 4393
0.000754 4393
0.000755 4393
0.000756 4393
0.000757 4394
0.000758 4395
0.000759 4396
0.00076 4396
0.000761 4396
0.000762 4395
0.000763 4395
0.000764 4396
0.000765 4395
0.000766 4394
0.000767 4394
0.000768 4394
0.000769 4394
0.00077 4393
0.000771 4393
0.000772 4394
0.000773 4395
0.000774 4393
0.000775 4393
0.000776 4394
0.000777 4394
0.000778 4395
0.000779 4396
0.00078 4396
0.000781 4396
0.000782 4396
0.000783 4396
0.000784 4397
0.000785 4397
0.000786 4397
0.000787 4397
0.000788 4397
0.000789 4398
0.00079 4398
0.000791 4399
0.000792 4400
0.000793 4399
0.000794 4398
0.000795 4398
0.000796 4397
0.000797 4396
0.000798 4396
0.000799 4396
0.0008 4396
0.000801 4396
0.000802 4396
0.000803 4396
0.000804 4395
0.000805 4396
0.000806 4396
0.000807 4398
0.000808 4398
0.000809 4398
0.00081 4399
0.000811 4399
0.000812 4399
0.000813 4399
0.000814 4400
0.000815 4400
0.000816 4400
0.000817 4400
0.000818 4400
0.000819 4400
0.00082 4400
0.000821 4400
0.000822 4400
0.000823 4400
0.000824 4400
0.000825 4399
0.000826 4398
0.000827 4398
0.000828 4398
0.000829 4399
0.00083 4399
0.000831 4398
0.000832 4397
0.000833 4396
0.000834 4396
0.000835 4395
0.000836 4395
0.000837 4396
0.000838 4397
0.000839 4397
0.00084 4398
0.000841 4397
0.000842 4394
0.000843 4394
0.000844 4394
0.000845 4394
0.000846 4394
0.000847 4394
0.000848 4394
0.000849 4395
0.00085 4395
0.000851 4395
0.000852 4395
0.000853 4395
0.000854 4395
0.000855 4395
0.000856 4395
0.000857 4395
0.000858 4394
0.000859 4393
0.00086 4393
0.000861 4393
0.000862 4393
0.000863 4393
0.000864 4393
0.000865 4393
0.000866 4393
0.000867 4393
0.000868 4395
0.000869 4395
0.00087 4394
0.000871 4393
0.000872 4393
0.000873 4393
0.000874 4393
0.000875 4393
0.000876 4393
0.000877 4394
0.000878 4394
0.000879 4394
0.00088 4392
0.000881 4392
0.000882 4392
0.000883 4392
0.000884 4392
0.000885 4391
0.000886 4392
0.000887 4392
0.000888 4392
0.000889 4392
0.00089 4392
0.000891 4392
0.000892 4392
0.000893 4393
0.000894 4393
0.000895 4393
0.000896 4394
0.000897 4394
0.000898 4394
0.000899 4394
0.0009 4394
0.000901 4395
0.000902 4396
0.000903 4395
0.000904 4395
0.000905 4396
0.000906 4395
0.000907 4395
0.000908 4395
0.000909 4395
0.00091 4394
0.000911 4394
0.000912 4394
0.000913 4394
0.000914 4394
0.000915 4395
0.000916 4395
0.000917 4395
0.000918 4396
0.000919 4396
0.00092 4397
0.000921 4395
0.000922 4395
0.000923 4395
0.000924 4396
0.000925 4396
0.000926 4395
0.000927 4395
0.000928 4395
0.000929 4394
0.00093 4394
0.000931 4394
0.000932 4394
0.000933 4393
0.000934 4392
0.000935 4391
0.000936 4391
0.000937 4391
0.000938 4392
0.000939 4393
0.00094 4393
0.000941 4393
0.000942 4393
0.000943 4394
0.000944 4395
0.000945 4395
0.000946 4395
0.000947 4395
0.000948 4392
0.000949 4392
0.00095 4391
0.000951 4391
0.000952 4392
0.000953 4392
0.000954 4391
0.000955 4391
0.000956 4392
0.000957 4392
0.000958 4392
0.000959 4391
0.00096 4392
0.000961 4392
0.000962 4392
0.000963 4392
0.000964 4392
0.000965 4392
0.000966 4392
0.000967 4392
0.000968 4393
0.000969 4393
0.00097 4393
0.000971 4392
0.000972 4392
0.000973 4392
0.000974 4392
0.000975 4392
0.000976 4392
0.000977 4392
0.000978 4392
0.000979 4392
0.00098 4392
0.000981 4392
0.000982 4391
0.000983 4389
0.000984 4389
0.000985 4389
0.000986 4390
0.000987 4390
0.000988 4390
0.000989 4391
0.00099 4391
0.000991 4391
0.000992 4391
0.000993 4391
0.000994 4391
0.000995 4392
0.000996 4392
0.000997 4392
0.000998 4392
0.000999 4392
0.001 4391
0.001001 4391
0.001002 4391
0.001003 4391
0.001004 4389
0.001005 4389
0.001006 4390
0.001007 4390
0.001008 4390
0.001009 4389
0.00101 4389
0.001011 4389
0.001012 4389
0.001013 4389
0.001014 4389
0.001015 4389
0.001016 4389
0.001017 4389
0.001018 4389
0.001019 4389
0.00102 4390
0.001021 4390
0.001022 4390
0.001023 4390
0.001024 4390
0.001025 4390
0.001026 4391
0.001027 4391
0.001028 4391
0.001029 4390
0.00103 4390
0.001031 4389
0.001032 4389
0.001033 4389
0.001034 4389
0.001035 4389
0.001036 4389
0.001037 4390
0.001038 4390
0.001039 4390
0.00104 4390
0.001041 4389
0.001042 4389
0.001043 4389
0.001044 4389
0.001045 4390
0.001046 4390
0.001047 4390
0.001048 4389
0.001049 4389
0.00105 4389
0.001051 4389
0.001052 4389
0.001053 4389
0.001054 4389
0.001055 4389
0.001056 4389
0.001057 4389
0.001058 4390
0.001059 4390
0.00106 4390
0.001061 4390
0.001062 4391
0.001063 4392
0.001064 4392
0.001065 4392
0.001066 4392
0.001067 4393
0.001068 4393
0.001069 4393
0.00107 4392
0.001071 4392
0.001072 4392
0.001073 4391
0.001074 4390
0.001075 4390
0.001076 4389
0.001077 4388
0.001078 4389
0.001079 4389
0.00108 4388
0.001081 4388
0.001082 4387
0.001083 4387
0.001084 4387
0.001085 4388
0.001086 4388
0.001087 4388
0.001088 4388
0.001089 4387
0.00109 4387
0.001091 4386
0.001092 4386
0.001093 4386
0.001094 4386
0.001095 4386
0.001096 4386
0.001097 4386
0.001098 4386
0.001099 4386
0.0011 4386
0.001101 4386
0.001102 4386
0.001103 4388
0.001104 4389
0.001105 4388
0.001106 4388
0.001107 4387
0.001108 4387
0.001109 4387
0.00111 4387
0.001111 4387
0.001112 4386
0.001113 4385
0.001114 4384
0.001115 4384
0.001116 4383
0.001117 4383
0.001118 4383
0.001119 4383
0.00112 4383
0.001121 4383
0.001122 4384
0.001123 4383
0.001124 4382
0.001125 4381
0.001126 4381
0.001127 4381
0.001128 4381
0.001129 4381
0.00113 4381
0.001131 4381
0.001132 4381
0.001133 4379
0.001134 4379
0.001135 4380
0.001136 4380
0.001137 4380
0.001138 4381
0.001139 4381
0.00114 4381
0.001141 4381
0.001142 4381
0.001143 4382
0.001144 4381
0.001145 4382
0.001146 4381
0.001147 4380
0.001148 4380
0.001149 4380
0.00115 4380
0.001151 4380
0.001152 4381
0.001153 4382
0.001154 4379
0.001155 4379
0.001156 4379
0.001157 4379
0.001158 4379
0.001159 4379
0.00116 4379
0.001161 4379
0.001162 4379
0.001163 4379
0.001164 4379
0.001165 4378
0.001166 4378
0.001167 4378
0.001168 4378
0.001169 4377
0.00117 4376
0.001171 4377
0.001172 4377
0.001173 4378
0.001174 4378
0.001175 4378
0.001176 4379
0.001177 4380
0.001178 4380
0.001179 4381
0.00118 4383
0.001181 4384
0.001182 4384
0.001183 4382
0.001184 4382
0.001185 4382
0.001186 4381
0.001187 4380
0.001188 4379
0.001189 4379
0.00119 4379
0.001191 4379
0.001192 4379
0.001193 4379
0.001194 4379
0.001195 4380
0.001196 4380
0.001197 4381
0.001198 4381
0.001199 4381
0.0012 4381
0.001201 4381
0.001202 4381
0.001203 4381
0.001204 4381
0.001205 4381
0.001206 4381
0.001207 4381
0.001208 4381
0.001209 4381
0.00121 4381
0.001211 4382
0.001212 4383
0.001213 4382
0.001214 4381
0.001215 4382
0.001216 4382
0.001217 4382
0.001218 4382
0.001219 4382
0.00122 4382
0.001221 4382
0.001222 4381
0.001223 4381
0.001224 4382
0.001225 4382
0.001226 4382
0.001227 4381
0.001228 4380
0.001229 4379
0.00123 4379
0.001231 4379
0.001232 4381
0.001233 4381
0.001234 4381
0.001235 4382
0.001236 4382
0.001237 4382
0.001238 4381
0.001239 4380
0.00124 4380
0.001241 4380
0.001242 4380
0.001243 4380
0.001244 4380
0.001245 4380
0.001246 4380
0.001247 4380
0.001248 4380
0.001249 4380
0.00125 4381
0.001251 4381
0.001252 4381
0.001253 4381
0.001254 4381
0.001255 4381
0.001256 4381
0.001257 4381
0.001258 4381
0.001259 4381
0.00126 4380
0.001261 4380
0.001262 4379
0.001263 4378
0.001264 4378
0.001265 4379
0.001266 4378
0.001267 4378
0.001268 4377
0.001269 4376
0.00127 4376
0.001271 4376
0.001272 4376
0.001273 4376
0.001274 4376
0.001275 4375
0.001276 4375
0.001277 4376
0.001278 4376
0.001279 4376
0.00128 4377
0.001281 4377
0.001282 4376
0.001283 4375
0.001284 4375
0.001285 4375
0.001286 4375
0.001287 4375
0.001288 4375
0.001289 4376
0.00129 4376
0.001291 4376
0.001292 4376
0.001293 4376
0.001294 4376
0.001295 4377
0.001296 4377
0.001297 4377
0.001298 4378
0.001299 4379
0.0013 4379
0.001301 4379
0.001302 4380
0.001303 4380
0.001304 4380
0.001305 4380
0.001306 4380
0.001307 4381
0.001308 4381
0.001309 4381
0.00131 4380
0.001311 4380
0.001312 4381
0.001313 4381
0.001314 4381
0.001315 4380
0.001316 4379
0.001317 4379
0.001318 4379
0.001319 4380
0.00132 4380
0.001321 4380
0.001322 4380
0.001323 4380
0.001324 4380
0.001325 4380
0.001326 4380
0.001327 4380
0.001328 4381
0.001329 4382
0.00133 4382
0.001331 4383
0.001332 4383
0.001333 4383
0.001334 4383
0.001335 4383
0.001336 4382
0.001337 4381
0.001338 4381
0.001339 4382
0.00134 4383
0.001341 4383
0.001342 4383
0.001343 4383
0.001344 4383
0.001345 4383
0.001346 4383
0.001347 4383
0.001348 4383
0.001349 4382
0.00135 4381
0.001351 4381
0.001352 4381
0.001353 4380
0.001354 4380
0.001355 4379
0.001356 4379
0.001357 4380
0.001358 4380
0.001359 4380
0.00136 4380
0.001361 4379
0.001362 4379
0.001363 4379
0.001364 4379
0.001365 4377
0.001366 4377
0.001367 4377
0.001368 4376
0.001369 4376
0.00137 4376
0.001371 4375
0.001372 4374
0.001373 4374
0.001374 4373
0.001375 4373
0.001376 4373
0.001377 4373
0.001378 4373
0.001379 4373
0.00138 4373
0.001381 4373
0.001382 4373
0.001383 4372
0.001384 4373
0.001385 4373
0.001386 4373
0.001387 4374
0.001388 4374
0.001389 4374
0.00139 4373
0.001391 4373
0.001392 4372
0.001393 4372
0.001394 4372
0.001395 4372
0.001396 4372
0.001397 4373
0.001398 4373
0.001399 4373
0.0014 4373
0.001401 4374
0.001402 4374
0.001403 4374
0.001404 4375
0.001405 4375
0.001406 4377
0.001407 4377
0.001408 4376
0.001409 4376
0.00141 4376
0.001411 4375
0.001412 4375
0.001413 4375
0.001414 4375
0.001415 4375
0.001416 4375
0.001417 4375
0.001418 4374
0.001419 4374
0.00142 4374
0.001421 4374
0.001422 4374
0.001423 4375
0.001424 4375
0.001425 4375
0.001426 4374
0.001427 4374
0.001428 4375
0.001429 4375
0.00143 4374
0.001431 4374
0.001432 4374
0.001433 4372
0.001434 4372
0.001435 4373
0.001436 4373
0.001437 4374
0.001438 4373
0.001439 4372
0.00144 4372
0.001441 4372
0.001442 4372
0.001443 4372
0.001444 4372
0.001445 4372
0.001446 4372
0.001447 4372
0.001448 4373
0.001449 4374
0.00145 4373
0.001451 4375
0.001452 4375
0.001453 4375
0.001454 4375
0.001455 4375
0.001456 4376
0.001457 4376
0.001458 4376
0.001459 4376
0.00146 4376
0.001461 4375
0.001462 4375
0.001463 4374
0.001464 4374
0.001465 4374
0.001466 4374
0.001467 4375
0.001468 4373
0.001469 4373
0.00147 4374
0.001471 4374
0.001472 4374
0.001473 4373
0.001474 4373
0.001475 4374
0.001476 4373
0.001477 4372
0.001478 4372
0.001479 4371
0.00148 4370
0.001481 4371
0.001482 4371
0.001483 4370
0.001484 4371
0.001485 4372
0.001486 4372
0.001487 4372
0.001488 4372
0.001489 4372
0.00149 4372
0.001491 4372
0.001492 4371
0.001493 4371
0.001494 4372
0.001495 4372
0.001496 4372
0.001497 4373
0.001498 4373
0.001499 4375
0.0015 4375
0.001501 4375
0.001502 4375
0.001503 4373
0.001504 4373
0.001505 4373
0.001506 4373
0.001507 4375
0.001508 4376
0.001509 4376
0.00151 4376
0.001511 4377
0.001512 4377
0.001513 4376
0.001514 4376
0.001515 4376
0.001516 4377
0.001517 4377
0.001518 4377
0.001519 4376
0.00152 4377
0.001521 4376
0.001522 4376
0.001523 4376
0.001524 4375
0.001525 4375
0.001526 4375
0.001527 4374
0.001528 4374
0.001529 4372
0.00153 4372
0.001531 4373
0.001532 4373
0.001533 4373
0.001534 4373
0.001535 4372
0.001536 4372
0.001537 4373
0.001538 4372
0.001539 4373
0.00154 4372
0.001541 4371
0.001542 4372
0.001543 4372
0.001544 4372
0.001545 4371
0.001546 4372
0.001547 4372
0.001548 4372
0.001549 4372
0.00155 4372
0.001551 4372
0.001552 4372
0.001553 4372
0.001554 4373
0.001555 4374
0.001556 4374
0.001557 4375
0.001558 4376
0.001559 4376
0.00156 4375
0.001561 4375
0.001562 4375
0.001563 4375
0.001564 4375
0.001565 4375
0.001566 4375
0.001567 4377
0.001568 4376
0.001569 4376
0.00157 4376
0.001571 4376
0.001572 4376
0.001573 4376
0.001574 4376
0.001575 4376
0.001576 4376
0.001577 4377
0.001578 4377
0.001579 4379
0.00158 4379
0.001581 4378
0.001582 4378
0.001583 4377
0.001584 4377
0.001585 4376
0.001586 4376
0.001587 4376
0.001588 4375
0.001589 4375
0.00159 4375
0.001591 4374
0.001592 4373
0.001593 4373
0.001594 4373
0.001595 4373
0.001596 4372
0.001597 4372
0.001598 4372
0.001599 4372
0.0016 4372
0.001601 4371
0.001602 4371
0.001603 4371
0.001604 4371
0.001605 4371
0.001606 4371
0.001607 4371
0.001608 4371
0.001609 4371
0.00161 4371
0.001611 4371
0.001612 4371
0.001613 4370
0.001614 4369
0.001615 4369
0.001616 4369
0.001617 4369
0.001618 4369
0.001619 4369
0.00162 4369
0.001621 4369
0.001622 4369
0.001623 4369
0.001624 4369
0.001625 4369
0.001626 4369
0.001627 4369
0.001628 4369
0.001629 4369
0.00163 4368
0.001631 4368
0.001632 4368
0.001633 4367
0.001634 4367
0.001635 4367
0.001636 4367
0.001637 4368
0.001638 4368
0.001639 4369
0.00164 4368
0.001641 4368
0.001642 4368
0.001643 4369
0.001644 4369
0.001645 4369
0.001646 4369
0.001647 4369
0.001648 4371
0.001649 4371
0.00165 4372
0.001651 4371
0.001652 4372
0.001653 4372
0.001654 4372
0.001655 4372
0.001656 4372
0.001657 4372
0.001658 4372
0.001659 4372
0.00166 4373
0.001661 4374
0.001662 4374
0.001663 4374
0.001664 4374
0.001665 4374
0.001666 4375
0.001667 4375
0.001668 4376
0.001669 4376
0.00167 4376
0.001671 4376
0.001672 4376
0.001673 4374
0.001674 4375
0.001675 4375
0.001676 4374
0.001677 4373
0.001678 4373
0.001679 4374
0.00168 4374
0.001681 4373
0.001682 4373
0.001683 4374
0.001684 4374
0.001685 4374
0.001686 4374
0.001687 4374
0.001688 4375
0.001689 4375
0.00169 4375
0.001691 4374
0.001692 4374
0.001693 4374
0.001694 4374
0.001695 4374
0.001696 4374
0.001697 4374
0.001698 4374
0.001699 4374
0.0017 4373
0.001701 4373
0.001702 4372
0.001703 4372
0.001704 4372
0.001705 4372
0.001706 4372
0.001707 4372
0.001708 4372
0.001709 4373
0.00171 4373
0.001711 4373
0.001712 4373
0.001713 4373
0.001714 4373
0.001715 4372
0.001716 4372
0.001717 4372
0.001718 4372
0.001719 4372
0.00172 4372
0.001721 4372
0.001722 4372
0.001723 4371
0.001724 4371
0.001725 4370
0.001726 4370
0.001727 4370
0.001728 4370
0.001729 4370
0.00173 4369
0.001731 4369
0.001732 4369
0.001733 4369
0.001734 4369
0.001735 4369
0.001736 4369
0.001737 4369
0.001738 4369
0.001739 4369
0.00174 4368
0.001741 4368
0.001742 4368
0.001743 4367
0.001744 4367
0.001745 4366
0.001746 4366
0.001747 4366
0.001748 4367
0.001749 4367
0.00175 4367
0.001751 4367
0.001752 4367
0.001753 4367
0.001754 4366
0.001755 4366
0.001756 4366
0.001757 4367
0.001758 4367
0.001759 4367
0.00176 4367
0.001761 4366
0.001762 4366
0.001763 4366
0.001764 4367
0.001765 4366
0.001766 4366
0.001767 4366
0.001768 4366
0.001769 4366
0.00177 4366
0.001771 4365
0.001772 4365
0.001773 4365
0.001774 4366
0.001775 4366
0.001776 4366
0.001777 4366
0.001778 4367
0.001779 4367
0.00178 4366
0.001781 4366
0.001782 4366
0.001783 4366
0.001784 4366
0.001785 4366
0.001786 4366
0.001787 4366
0.001788 4365
0.001789 4367
0.00179 4367
0.001791 4367
0.001792 4367
0.001793 4367
0.001794 4367
0.001795 4368
0.001796 4366
0.001797 4366
0.001798 4366
0.001799 4367
0.0018 4367
0.001801 4367
0.001802 4366
0.001803 4365
0.001804 4365
0.001805 4366
0.001806 4366
0.001807 4366
0.001808 4366
0.001809 4367
0.00181 4367
0.001811 4367
0.001812 4367
0.001813 4368
0.001814 4368
0.001815 4368
0.001816 4367
0.001817 4367
0.001818 4367
0.001819 4368
0.00182 4368
0.001821 4368
0.001822 4370
0.001823 4370
0.001824 4371
0.001825 4371
0.001826 4371
0.001827 4371
0.001828 4371
0.001829 4371
0.00183 4372
0.001831 4372
0.001832 4374
0.001833 4374
0.001834 4374
0.001835 4374
0.001836 4373
0.001837 4373
0.001838 4373
0.001839 4373
0.00184 4373
0.001841 4373
0.001842 4373
0.001843 4372
0.001844 4373
0.001845 4372
0.001846 4372
0.001847 4371
0.001848 4371
0.001849 4369
0.00185 4369
0.001851 4369
0.001852 4369
0.001853 4370
0.001854 4371
0.001855 4371
0.001856 4370
0.001857 4370
0.001858 4370
0.001859 4368
0.00186 4369
0.001861 4369
0.001862 4370
0.001863 4370
0.001864 4370
0.001865 4371
0.001866 4371
0.001867 4371
0.001868 4372
0.001869 4372
0.00187 4372
0.001871 4373
0.001872 4373
0.001873 4373
0.001874 4373
0.001875 4373
0.001876 4374
0.001877 4374
0.001878 4374
0.001879 4373
0.00188 4373
0.001881 4373
0.001882 4373
0.001883 4373
0.001884 4374
0.001885 4373
0.001886 4372
0.001887 4372
0.001888 4373
0.001889 4373
0.00189 4373
0.001891 4373
0.001892 4372
0.001893 4372
0.001894 4371
0.001895 4371
0.001896 4371
0.001897 4371
0.001898 4370
0.001899 4370
0.0019 4370
0.001901 4370
0.001902 4370
0.001903 4370
0.001904 4370
0.001905 4370
0.001906 4370
0.001907 4370
0.001908 4370
0.001909 4370
0.00191 4370
0.001911 4370
0.001912 4370
0.001913 4371
0.001914 4371
0.001915 4371
0.001916 4372
0.001917 4372
0.001918 4372
0.001919 4372
0.00192 4372
0.001921 4372
0.001922 4372
0.001923 4372
0.001924 4372
0.001925 4371
0.001926 4372
0.001927 4372
0.001928 4373
0.001929 4373
0.00193 4373
0.001931 4372
0.001932 4372
0.001933 4372
0.001934 4373
0.001935 4373
0.001936 4373
0.001937 4373
0.001938 4373
0.001939 4373
0.00194 4373
0.001941 4373
0.001942 4375
0.001943 4375
0.001944 4373
0.001945 4373
0.001946 4373
0.001947 4374
0.001948 4374
0.001949 4374
0.00195 4376
0.001951 4376
0.001952 4376
0.001953 4376
0.001954 4376
0.001955 4376
0.001956 4376
0.001957 4376
0.001958 4377
0.001959 4377
0.00196 4377
0.001961 4378
0.001962 4378
0.001963 4379
0.001964 4378
0.001965 4379
0.001966 4379
0.001967 4379
0.001968 4379
0.001969 4378
0.00197 4378
0.001971 4378
0.001972 4377
0.001973 4379
0.001974 4380
0.001975 4381
0.001976 4381
0.001977 4381
0.001978 4382
0.001979 4381
0.00198 4382
0.001981 4381
0.001982 4381
0.001983 4381
0.001984 4382
0.001985 4382
0.001986 4382
0.001987 4382
0.001988 4382
0.001989 4382
0.00199 4383
0.001991 4384
0.001992 4385
0.001993 4385
0.001994 4383
0.001995 4384
0.001996 4384
0.001997 4384
0.001998 4384
0.001999 4384
0.002 4384
0.002001 4383
0.002002 4383
0.002003 4383
0.002004 4384
0.002005 4385
0.002006 4385
0.002007 4385
0.002008 4385
0.002009 4386
0.00201 4387
0.002011 4387
0.002012 4386
0.002013 4386
0.002014 4386
0.002015 4386
0.002016 4386
0.002017 4386
0.002018 4386
0.002019 4386
0.00202 4385
0.002021 4385
0.002022 4385
0.002023 4384
0.002024 4383
0.002025 4383
0.002026 4383
0.002027 4384
0.002028 4385
0.002029 4385
0.00203 4385
0.002031 4384
0.002032 4384
0.002033 4385
0.002034 4385
0.002035 4385
0.002036 4385
0.002037 4385
0.002038 4383
0.002039 4383
0.00204 4385
0.002041 4385
0.002042 4385
0.002043 4385
0.002044 4385
0.002045 4385
0.002046 4386
0.002047 4385
0.002048 4385
0.002049 4385
0.00205 4385
0.002051 4385
0.002052 4385
0.002053 4385
0.002054 4385
0.002055 4385
0.002056 4385
0.002057 4384
0.002058 4385
0.002059 4385
0.00206 4384
0.002061 4384
0.002062 4384
0.002063 4384
0.002064 4384
0.002065 4384
0.002066 4384
0.002067 4384
0.002068 4384
0.002069 4384
0.00207 4384
0.002071 4384
0.002072 4384
0.002073 4384
0.002074 4384
0.002075 4383
0.002076 4383
0.002077 4383
0.002078 4383
0.002079 4383
0.00208 4383
0.002081 4383
0.002082 4383
0.002083 4383
0.002084 4381
0.002085 4381
0.002086 4381
0.002087 4381
0.002088 4382
0.002089 4382
0.00209 4381
0.002091 4381
0.002092 4380
0.002093 4380
0.002094 4380
0.002095 4380
0.002096 4380
0.002097 4380
0.002098 4380
0.002099 4380
0.0021 4379
0.002101 4379
0.002102 4379
0.002103 4381
0.002104 4381
0.002105 4382
0.002106 4381
0.002107 4381
0.002108 4381
0.002109 4381
0.00211 4381
0.002111 4382
0.002112 4380
0.002113 4379
0.002114 4380
0.002115 4380
0.002116 4378
0.002117 4378
0.002118 4378
0.002119 4378
0.00212 4378
0.002121 4378
0.002122 4377
0.002123 4377
0.002124 4376
0.002125 4375
0.002126 4375
0.002127 4375
0.002128 4375
0.002129 4374
0.00213 4374
0.002131 4375
0.002132 4375
0.002133 4375
0.002134 4374
0.002135 4374
0.002136 4374
0.002137 4373
0.002138 4373
0.002139 4373
0.00214 4373
0.002141 4373
0.002142 4373
0.002143 4373
0.002144 4374
0.002145 4374
0.002146 4373
0.002147 4374
0.002148 4373
0.002149 4373
0.00215 4373
0.002151 4373
0.002152 4373
0.002153 4372
0.002154 4372
0.002155 4372
0.002156 4372
0.002157 4372
0.002158 4372
0.002159 4371
0.00216 4370
0.002161 4371
0.002162 4371
0.002163 4373
0.002164 4372
0.002165 4372
0.002166 4371
0.002167 4371
0.002168 4371
0.002169 4371
0.00217 4370
0.002171 4370
0.002172 4370
0.002173 4371
0.002174 4371
0.002175 4370
0.002176 4369
0.002177 4368
0.002178 4367
0.002179 4367
0.00218 4368
0.002181 4368
0.002182 4367
0.002183 4367
0.002184 4367
0.002185 4366
0.002186 4367
0.002187 4367
0.002188 4368
0.002189 4368
0.00219 4367
0.002191 4367
0.002192 4369
0.002193 4369
0.002194 4369
0.002195 4368
0.002196 4368
0.002197 4367
0.002198 4367
0.002199 4367
0.0022 4365
0.002201 4365
0.002202 4365
0.002203 4365
0.002204 4365
0.002205 4365
0.002206 4365
0.002207 4365
0.002208 4365
0.002209 4365
0.00221 4366
0.002211 4367
0.002212 4366
0.002213 4367
0.002214 4367
0.002215 4367
0.002216 4367
0.002217 4364
0.002218 4364
0.002219 4364
0.00222 4364
0.002221 4365
0.002222 4365
0.002223 4365
0.002224 4365
0.002225 4364
0.002226 4365
0.002227 4367
0.002228 4367
0.002229 4368
0.00223 4368
0.002231 4368
0.002232 4368
0.002233 4368
0.002234 4368
0.002235 4368
0.002236 4369
0.002237 4370
0.002238 4371
0.002239 4372
0.00224 4372
0.002241 4372
0.002242 4372
0.002243 4372
0.002244 4371
0.002245 4371
0.002246 4371
0.002247 4371
0.002248 4370
0.002249 4371
0.00225 4371
0.002251 4371
0.002252 4369
0.002253 4369
0.002254 4368
0.002255 4368
0.002256 4367
0.002257 4367
0.002258 4367
0.002259 4367
0.00226 4366
0.002261 4366
0.002262 4366
0.002263 4366
0.002264 4366
0.002265 4365
0.002266 4366
0.002267 4366
0.002268 4366
0.002269 4365
0.00227 4365
0.002271 4365
0.002272 4366
0.002273 4365
0.002274 4365
0.002275 4365
0.002276 4366
0.002277 4367
0.002278 4367
0.002279 4367
0.00228 4367
0.002281 4366
0.002282 4366
0.002283 4366
0.002284 4367
0.002285 4367
0.002286 4366
0.002287 4366
0.002288 4366
0.002289 4366
0.00229 4366
0.002291 4366
0.002292 4366
0.002293 4366
0.002294 4366
0.002295 4366
0.002296 4366
0.002297 4366
0.002298 4366
0.002299 4365
0.0023 4363
0.002301 4363
0.002302 4363
0.002303 4362
0.002304 4362
0.002305 4362
0.002306 4362
0.002307 4361
0.002308 4362
0.002309 4361
0.00231 4361
0.002311 4362
0.002312 4362
0.002313 4362
0.002314 4362
0.002315 4362
0.002316 4362
0.002317 4361
0.002318 4361
0.002319 4362
0.00232 4362
0.002321 4362
0.002322 4362
0.002323 4362
0.002324 4362
0.002325 4362
0.002326 4362
0.002327 4362
0.002328 4362
0.002329 4362
0.00233 4362
0.002331 4363
0.002332 4363
0.002333 4365
0.002334 4365
0.002335 4365
0.002336 4365
0.002337 4366
0.002338 4365
0.002339 4365
0.00234 4366
0.002341 4365
0.002342 4366
0.002343 4366
0.002344 4366
0.002345 4366
0.002346 4366
0.002347 4366
0.002348 4364
0.002349 4364
0.00235 4364
0.002351 4364
0.002352 4365
0.002353 4365
0.002354 4365
0.002355 4365
0.002356 4364
0.002357 4364
0.002358 4364
0.002359 4362
0.00236 4361
0.002361 4361
0.002362 4361
0.002363 4361
0.002364 4361
0.002365 4362
0.002366 4364
0.002367 4364
0.002368 4364
0.002369 4366
0.00237 4366
0.002371 4366
0.002372 4366
0.002373 4367
0.002374 4368
0.002375 4367
0.002376 4366
0.002377 4366
0.002378 4366
0.002379 4366
0.00238 4366
0.002381 4367
0.002382 4367
0.002383 4369
0.002384 4369
0.002385 4368
0.002386 4368
0.002387 4368
0.002388 4368
0.002389 4369
0.00239 4369
0.002391 4369
0.002392 4370
0.002393 4370
0.002394 4369
0.002395 4368
0.002396 4367
0.002397 4368
0.002398 4367
0.002399 4367
0.0024 4367
0.002401 4365
0.002402 4365
0.002403 4365
0.002404 4366
0.002405 4365
0.002406 4365
0.002407 4365
0.002408 4365
0.002409 4365
0.00241 4366
0.002411 4365
0.002412 4365
0.002413 4364
0.002414 4364
0.002415 4364
0.002416 4364
0.002417 4364
0.002418 4363
0.002419 4363
0.00242 4362
0.002421 4362
0.002422 4362
0.002423 4362
0.002424 4362
0.002425 4362
0.002426 4363
0.002427 4362
0.002428 4362
0.002429 4363
0.00243 4362
0.002431 4361
0.002432 4361
0.002433 4362
0.002434 4363
0.002435 4362
0.002436 4363
0.002437 4363
0.002438 4364
0.002439 4366
0.00244 4366
0.002441 4366
0.002442 4366
0.002443 4365
0.002444 4365
0.002445 4365
0.002446 4365
0.002447 4365
0.002448 4365
0.002449 4365
0.00245 4365
0.002451 4365
0.002452 4365
0.002453 4366
0.002454 4367
0.002455 4368
0.002456 4369
0.002457 4369
0.002458 4369
0.002459 4368
0.00246 4367
0.002461 4367
0.002462 4367
0.002463 4367
0.002464 4367
0.002465 4367
0.002466 4367
0.002467 4367
0.002468 4367
0.002469 4368
0.00247 4368
0.002471 4368
0.002472 4367
0.002473 4367
0.002474 4366
0.002475 4367
0.002476 4367
0.002477 4367
0.002478 4368
0.002479 4369
0.00248 4369
0.002481 4369
0.002482 4369
0.002483 4369
0.002484 4369
0.002485 4369
0.002486 4369
0.002487 4369
0.002488 4369
0.002489 4369
0.00249 4369
0.002491 4369
0.002492 4369
0.002493 4369
0.002494 4369
0.002495 4368
0.002496 4368
0.002497 4369
0.002498 4370
0.002499 4370
0.0025 4369
0.002501 4369
0.002502 4369
0.002503 4368
0.002504 4370
0.002505 4369
0.002506 4369
0.002507 4369
0.002508 4369
0.002509 4369
0.00251 4370
0.002511 4370
0.002512 4370
0.002513 4370
0.002514 4370
0.002515 4370
0.002516 4370
0.002517 4371
0.002518 4371
0.002519 4371
0.00252 4372
0.002521 4372
0.002522 4372
0.002523 4372
0.002524 4372
0.002525 4372
0.002526 4372
0.002527 4373
0.002528 4373
0.002529 4373
0.00253 4373
0.002531 4374
0.002532 4374
0.002533 4374
0.002534 4374
0.002535 4374
0.002536 4374
0.002537 4374
0.002538 4375
0.002539 4374
0.00254 4374
0.002541 4375
0.002542 4375
0.002543 4374
0.002544 4373
0.002545 4373
0.002546 4375
0.002547 4373
0.002548 4373
0.002549 4372
0.00255 4372
0.002551 4371
0.002552 4370
0.002553 4370
0.002554 4371
0.002555 4370
0.002556 4368
0.002557 4368
0.002558 4368
0.002559 4369
0.00256 4369
0.002561 4369
0.002562 4369
0.002563 4370
0.002564 4370
0.002565 4369
0.002566 4370
0.002567 4370
0.002568 4368
0.002569 4368
0.00257 4368
0.002571 4368
0.002572 4368
0.002573 4368
0.002574 4368
0.002575 4368
0.002576 4368
0.002577 4368
0.002578 4368
0.002579 4368
0.00258 4368
0.002581 4368
0.002582 4368
0.002583 4368
0.002584 4367
0.002585 4367
0.002586 4366
0.002587 4366
0.002588 4367
0.002589 4367
0.00259 4367
0.002591 4367
0.002592 4368
0.002593 4368
0.002594 4368
0.002595 4369
0.002596 4369
0.002597 4370
0.002598 4369
0.002599 4368
0.0026 4367
0.002601 4366
0.002602 4367
0.002603 4367
0.002604 4367
0.002605 4367
0.002606 4367
0.002607 4367
0.002608 4368
0.002609 4368
0.00261 4368
0.002611 4370
0.002612 4371
0.002613 4371
0.002614 4370
0.002615 4370
0.002616 4369
0.002617 4369
0.002618 4369
0.002619 4369
0.00262 4369
0.002621 4369
0.002622 4370
0.002623 4370
0.002624 4370
0.002625 4371
0.002626 4371
0.002627 4371
0.002628 4372
0.002629 4372
0.00263 4372
0.002631 4373
0.002632 4373
0.002633 4373
0.002634 4372
0.002635 4372
0.002636 4372
0.002637 4371
0.002638 4371
0.002639 4370
0.00264 4370
0.002641 4371
0.002642 4370
0.002643 4370
0.002644 4372
0.002645 4372
0.002646 4372
0.002647 4372
0.002648 4372
0.002649 4371
0.00265 4372
0.002651 4372
0.002652 4371
0.002653 4373
0.002654 4373
0.002655 4373
0.002656 4374
0.002657 4374
0.002658 4374
0.002659 4374
0.00266 4375
0.002661 4375
0.002662 4374
0.002663 4374
0.002664 4375
0.002665 4376
0.002666 4376
0.002667 4376
0.002668 4374
0.002669 4374
0.00267 4374
0.002671 4374
0.002672 4373
0.002673 4373
0.002674 4373
0.002675 4373
0.002676 4373
0.002677 4373
0.002678 4373
0.002679 4374
0.00268 4374
0.002681 4374
0.002682 4374
0.002683 4374
0.002684 4374
0.002685 4375
0.002686 4375
0.002687 4375
0.002688 4375
0.002689 4375
0.00269 4374
0.002691 4374
0.002692 4373
0.002693 4373
0.002694 4373
0.002695 4374
0.002696 4373
0.002697 4373
0.002698 4374
0.002699 4374
0.0027 4375
0.002701 4375
0.002702 4373
0.002703 4373
0.002704 4372
0.002705 4371
0.002706 4371
0.002707 4372
0.002708 4372
0.002709 4371
0.00271 4371
0.002711 4373
0.002712 4372
0.002713 4373
0.002714 4373
0.002715 4373
0.002716 4373
0.002717 4374
0.002718 4374
0.002719 4375
0.00272 4375
0.002721 4375
0.002722 4375
0.002723 4375
0.002724 4375
0.002725 4375
0.002726 4375
0.002727 4375
0.002728 4376
0.002729 4376
0.00273 4377
0.002731 4377
0.002732 4377
0.002733 4377
0.002734 4377
0.002735 4378
0.002736 4378
0.002737 4380
0.002738 4380
0.002739 4378
0.00274 4378
0.002741 4379
0.002742 4379
0.002743 4381
0.002744 4380
0.002745 4381
0.002746 4381
0.002747 4381
0.002748 4380
0.002749 4380
0.00275 4380
0.002751 4380
0.002752 4380
0.002753 4380
0.002754 4380
0.002755 4381
0.002756 4383
0.002757 4383
0.002758 4383
0.002759 4383
0.00276 4382
0.002761 4381
0.002762 4383
0.002763 4383
0.002764 4383
0.002765 4383
0.002766 4383
0.002767 4383
0.002768 4383
0.002769 4383
0.00277 4383
0.002771 4383
0.002772 4383
0.002773 4383
0.002774 4383
0.002775 4384
0.002776 4384
0.002777 4384
0.002778 4384
0.002779 4384
0.00278 4383
0.002781 4383
0.002782 4383
0.002783 4382
0.002784 4383
0.002785 4383
0.002786 4383
0.002787 4383
0.002788 4382
0.002789 4382
0.00279 4382
0.002791 4383
0.002792 4383
0.002793 4383
0.002794 4384
0.002795 4382
0.002796 4381
0.002797 4381
0.002798 4380
0.002799 4380
0.0028 4378
0.002801 4377
0.002802 4377
0.002803 4377
0.002804 4377
0.002805 4377
0.002806 4376
0.002807 4377
0.002808 4377
0.002809 4377
0.00281 4379
0.002811 4379
0.002812 4379
0.002813 4378
0.002814 4378
0.002815 4379
0.002816 4379
0.002817 4380
0.002818 4380
0.002819 4379
0.00282 4379
0.002821 4379
0.002822 4379
0.002823 4379
0.002824 4380
0.002825 4381
0.002826 4380
0.002827 4380
0.002828 4380
0.002829 4379
0.00283 4379
0.002831 4379
0.002832 4378
0.002833 4378
0.002834 4379
0.002835 4378
0.002836 4379
0.002837 4379
0.002838 4379
0.002839 4379
0.00284 4379
0.002841 4379
0.002842 4379
0.002843 4379
0.002844 4379
0.002845 4379
0.002846 4379
0.002847 4379
0.002848 4380
0.002849 4379
0.00285 4378
0.002851 4378
0.002852 4376
0.002853 4376
0.002854 4374
0.002855 4375
0.002856 4376
0.002857 4375
0.002858 4375
0.002859 4375
0.00286 4375
0.002861 4375
0.002862 4374
0.002863 4374
0.002864 4374
0.002865 4374
0.002866 4374
0.002867 4373
0.002868 4372
0.002869 4372
0.00287 4373
0.002871 4374
0.002872 4374
0.002873 4374
0.002874 4375
0.002875 4376
0.002876 4375
0.002877 4375
0.002878 4375
0.002879 4375
0.00288 4375
0.002881 4375
0.002882 4375
0.002883 4377
0.002884 4375
0.002885 4375
0.002886 4374
0.002887 4374
0.002888 4373
0.002889 4373
0.00289 4373
0.002891 4373
0.002892 4373
0.002893 4374
0.002894 4374
0.002895 4375
0.002896 4375
0.002897 4375
0.002898 4375
0.002899 4375
0.0029 4375
0.002901 4375
0.002902 4375
0.002903 4375
0.002904 4377
0.002905 4376
0.002906 4377
0.002907 4376
0.002908 4376
0.002909 4376
0.00291 4376
0.002911 4376
0.002912 4377
0.002913 4376
0.002914 4376
0.002915 4376
0.002916 4376
0.002917 4376
0.002918 4376
0.002919 4376
0.00292 4377
0.002921 4378
0.002922 4379
0.002923 4379
0.002924 4379
0.002925 4380
0.002926 4381
0.002927 4380
0.002928 4380
0.002929 4380
0.00293 4381
0.002931 4380
0.002932 4378
0.002933 4380
0.002934 4379
0.002935 4381
0.002936 4380
0.002937 4380
0.002938 4380
0.002939 4380
0.00294 4380
0.002941 4380
0.002942 4380
0.002943 4380
0.002944 4380
0.002945 4380
0.002946 4380
0.002947 4380
0.002948 4380
0.002949 4379
0.00295 4379
0.002951 4379
0.002952 4379
0.002953 4379
0.002954 4379
0.002955 4380
0.002956 4379
0.002957 4379
0.002958 4379
0.002959 4378
0.00296 4378
0.002961 4378
0.002962 4378
0.002963 4378
0.002964 4378
0.002965 4380
0.002966 4382
0.002967 4381
0.002968 4381
0.002969 4380
0.00297 4380
0.002971 4380
0.002972 4380
0.002973 4381
0.002974 4381
0.002975 4381
0.002976 4381
0.002977 4381
0.002978 4382
0.002979 4383
0.00298 4383
0.002981 4384
0.002982 4384
0.002983 4384
0.002984 4382
0.002985 4383
0.002986 4382
0.002987 4382
0.002988 4382
0.002989 4383
0.00299 4381
0.002991 4381
0.002992 4381
0.002993 4380
0.002994 4380
0.002995 4380
0.002996 4380
0.002997 4380
0.002998 4380
0.002999 4379
0.003 4379
0.003001 4378
0.003002 4378
0.003003 4378
0.003004 4378
0.003005 4379
0.003006 4379
0.003007 4379
0.003008 4379
0.003009 4380
0.00301 4382
0.003011 4382
0.003012 4381
0.003013 4381
0.003014 4381
0.003015 4381
0.003016 4383
0.003017 4383
0.003018 4383
0.003019 4383
0.00302 4383
0.003021 4383
0.003022 4382
0.003023 4382
0.003024 4382
0.003025 4381
0.003026 4380
0.003027 4381
0.003028 4381
0.003029 4380
0.00303 4380
0.003031 4380
0.003032 4380
0.003033 4379
0.003034 4379
0.003035 4378
0.003036 4379
0.003037 4380
0.003038 4382
0.003039 4382
0.00304 4382
0.003041 4382
0.003042 4382
0.003043 4381
0.003044 4381
0.003045 4381
0.003046 4381
0.003047 4381
0.003048 4381
0.003049 4383
0.00305 4383
0.003051 4383
0.003052 4383
0.003053 4382
0.003054 4382
0.003055 4382
0.003056 4384
0.003057 4383
0.003058 4383
0.003059 4382
0.00306 4383
0.003061 4383
0.003062 4383
0.003063 4383
0.003064 4382
0.003065 4382
0.003066 4384
0.003067 4384
0.003068 4384
0.003069 4384
0.00307 4384
0.003071 4385
0.003072 4384
0.003073 4384
0.003074 4384
0.003075 4384
0.003076 4385
0.003077 4385
0.003078 4384
0.003079 4385
0.00308 4385
0.003081 4386
0.003082 4386
0.003083 4386
0.003084 4387
0.003085 4387
0.003086 4387
0.003087 4386
0.003088 4387
0.003089 4385
0.00309 4385
0.003091 4385
0.003092 4384
0.003093 4383
0.003094 4384
0.003095 4384
0.003096 4384
0.003097 4385
0.003098 4385
0.003099 4386
0.0031 4386
0.003101 4387
0.003102 4388
0.003103 4388
0.003104 4388
0.003105 4390
0.003106 4390
0.003107 4390
0.003108 4390
0.003109 4390
0.00311 4389
0.003111 4389
0.003112 4389
0.003113 4388
0.003114 4388
0.003115 4388
0.003116 4387
0.003117 4387
0.003118 4387
0.003119 4387
0.00312 4388
0.003121 4389
0.003122 4389
0.003123 4389
0.003124 4389
0.003125 4389
0.003126 4388
0.003127 4388
0.003128 4389
0.003129 4389
0.00313 4389
0.003131 4389
0.003132 4389
0.003133 4389
0.003134 4389
0.003135 4389
0.003136 4389
0.003137 4389
0.003138 4389
0.003139 4389
0.00314 4389
0.003141 4389
0.003142 4388
0.003143 4388
0.003144 4388
0.003145 4387
0.003146 4387
0.003147 4389
0.003148 4389
0.003149 4390
0.00315 4390
0.003151 4390
0.003152 4390
0.003153 4390
0.003154 4389
0.003155 4388
0.003156 4388
0.003157 4389
0.003158 4389
0.003159 4390
0.00316 4390
0.003161 4389
0.003162 4388
0.003163 4388
0.003164 4388
0.003165 4389
0.003166 4389
0.003167 4388
0.003168 4386
0.003169 4386
0.00317 4385
0.003171 4384
0.003172 4384
0.003173 4384
0.003174 4386
0.003175 4387
0.003176 4387
0.003177 4386
0.003178 4386
0.003179 4386
0.00318 4386
0.003181 4386
0.003182 4386
0.003183 4386
0.003184 4385
0.003185 4384
0.003186 4384
0.003187 4383
0.003188 4383
0.003189 4383
0.00319 4383
0.003191 4384
0.003192 4382
0.003193 4382
0.003194 4382
0.003195 4382
0.003196 4383
0.003197 4383
0.003198 4384
0.003199 4384
0.0032 4383
0.003201 4382
0.003202 4382
0.003203 4381
0.003204 4381
0.003205 4381
0.003206 4381
0.003207 4381
0.003208 4381
0.003209 4381
0.00321 4381
0.003211 4381
0.003212 4381
0.003213 4382
0.003214 4382
0.003215 4383
0.003216 4383
0.003217 4382
0.003218 4382
0.003219 4383
0.00322 4383
0.003221 4383
0.003222 4383
0.003223 4383
0.003224 4382
0.003225 4382
0.003226 4381
0.003227 4380
0.003228 4380
0.003229 4380
0.00323 4379
0.003231 4379
0.003232 4378
0.003233 4377
0.003234 4378
0.003235 4378
0.003236 4378
0.003237 4377
0.003238 4377
0.003239 4376
0.00324 4376
0.003241 4375
0.003242 4374
0.003243 4374
0.003244 4373
0.003245 4373
0.003246 4373
0.003247 4373
0.003248 4373
0.003249 4374
0.00325 4374
0.003251 4374
0.003252 4376
0.003253 4376
0.003254 4376
0.003255 4376
0.003256 4376
0.003257 4376
0.003258 4376
0.003259 4376
0.00326 4377
0.003261 4378
0.003262 4377
0.003263 4377
0.003264 4376
0.003265 4375
0.003266 4375
0.003267 4375
0.003268 4377
0.003269 4377
0.00327 4378
0.003271 4377
0.003272 4377
0.003273 4376
0.003274 4376
0.003275 4376
0.003276 4376
0.003277 4376
0.003278 4376
0.003279 4376
0.00328 4375
0.003281 4375
0.003282 4376
0.003283 4375
0.003284 4375
0.003285 4375
0.003286 4376
0.003287 4376
0.003288 4376
0.003289 4375
0.00329 4375
0.003291 4375
0.003292 4375
0.003293 4375
0.003294 4375
0.003295 4374
0.003296 4373
0.003297 4374
0.003298 4374
0.003299 4375
0.0033 4375
0.003301 4375
0.003302 4375
0.003303 4375
0.003304 4373
0.003305 4373
0.003306 4373
0.003307 4373
0.003308 4373
0.003309 4373
0.00331 4373
0.003311 4373
0.003312 4373
0.003313 4373
0.003314 4371
0.003315 4371
0.003316 4371
0.003317 4371
0.003318 4371
0.003319 4371
0.00332 4370
0.003321 4370
0.003322 4370
0.003323 4370
0.003324 4369
0.003325 4369
0.003326 4369
0.003327 4369
0.003328 4368
0.003329 4368
0.00333 4369
0.003331 4370
0.003332 4371
0.003333 4371
0.003334 4371
0.003335 4371
0.003336 4371
0.003337 4372
0.003338 4372
0.003339 4372
0.00334 4372
0.003341 4372
0.003342 4372
0.003343 4372
0.003344 4373
0.003345 4372
0.003346 4372
0.003347 4372
0.003348 4373
0.003349 4373
0.00335 4373
0.003351 4373
0.003352 4371
0.003353 4370
0.003354 4371
0.003355 4371
0.003356 4370
0.003357 4370
0.003358 4370
0.003359 4371
0.00336 4371
0.003361 4371
0.003362 4371
0.003363 4372
0.003364 4372
0.003365 4372
0.003366 4372
0.003367 4372
0.003368 4372
0.003369 4372
0.00337 4372
0.003371 4372
0.003372 4372
0.003373 4372
0.003374 4371
0.003375 4370
0.003376 4372
0.003377 4372
0.003378 4372
0.003379 4370
0.00338 4369
0.003381 4370
0.003382 4370
0.003383 4370
0.003384 4370
0.003385 4370
0.003386 4370
0.003387 4371
0.003388 4370
0.003389 4370
0.00339 4370
0.003391 4370
0.003392 4370
0.003393 4370
0.003394 4371
0.003395 4370
0.003396 4369
0.003397 4369
0.003398 4369
0.003399 4369
0.0034 4369
0.003401 4369
0.003402 4370
0.003403 4370
0.003404 4371
0.003405 4372
0.003406 4371
0.003407 4372
0.003408 4372
0.003409 4371
0.00341 4371
0.003411 4371
0.003412 4369
0.003413 4369
0.003414 4368
0.003415 4368
0.003416 4368
0.003417 4368
0.003418 4368
0.003419 4368
0.00342 4367
0.003421 4367
0.003422 4365
0.003423 4364
0.003424 4363
0.003425 4363
0.003426 4364
0.003427 4364
0.003428 4364
0.003429 4363
0.00343 4363
0.003431 4362
0.003432 4362
0.003433 4362
0.003434 4362
0.003435 4361
0.003436 4361
0.003437 4361
0.003438 4361
0.003439 4361
0.00344 4362
0.003441 4363
0.003442 4363
0.003443 4363
0.003444 4364
0.003445 4364
0.003446 4364
0.003447 4363
0.003448 4363
0.003449 4362
0.00345 4363
0.003451 4363
0.003452 4362
0.003453 4362
0.003454 4362
0.003455 4362
0.003456 4361
0.003457 4361
0.003458 4361
0.003459 4360
0.00346 4360
0.003461 4359
0.003462 4358
0.003463 4358
0.003464 4358
0.003465 4358
0.003466 4357
0.003467 4357
0.003468 4357
0.003469 4357
0.00347 4357
0.003471 4357
0.003472 4357
0.003473 4358
0.003474 4358
0.003475 4358
0.003476 4358
0.003477 4359
0.003478 4359
0.003479 4359
0.00348 4359
0.003481 4359
0.003482 4359
0.003483 4360
0.003484 4360
0.003485 4360
0.003486 4360
0.003487 4360
0.003488 4360
0.003489 4360
0.00349 4361
0.003491 4361
0.003492 4360
0.003493 4359
0.003494 4359
0.003495 4360
0.003496 4360
0.003497 4359
0.003498 4359
0.003499 4359
0.0035 4359
0.003501 4359
0.003502 4359
0.003503 4359
0.003504 4359
0.003505 4359
0.003506 4359
0.003507 4359
0.003508 4359
0.003509 4360
0.00351 4360
0.003511 4360
0.003512 4360
0.003513 4360
0.003514 4360
0.003515 4360
0.003516 4361
0.003517 4361
0.003518 4361
0.003519 4361
0.00352 4358
0.003521 4358
0.003522 4357
0.003523 4357
0.003524 4357
0.003525 4357
0.003526 4357
0.003527 4356
0.003528 4356
0.003529 4356
0.00353 4356
0.003531 4356
0.003532 4356
0.003533 4355
0.003534 4355
0.003535 4354
0.003536 4354
0.003537 4354
0.003538 4354
0.003539 4355
0.00354 4355
0.003541 4354
0.003542 4352
0.003543 4351
0.003544 4351
0.003545 4351
0.003546 4351
0.003547 4350
0.003548 4350
0.003549 4350
0.00355 4351
0.003551 4351
0.003552 4352
0.003553 4352
0.003554 4351
0.003555 4351
0.003556 4352
0.003557 4350
0.003558 4350
0.003559 4351
0.00356 4351
0.003561 4351
0.003562 4351
0.003563 4351
0.003564 4351
0.003565 4351
0.003566 4351
0.003567 4351
0.003568 4351
0.003569 4352
0.00357 4352
0.003571 4352
0.003572 4352
0.003573 4352
0.003574 4352
0.003575 4352
0.003576 4352
0.003577 4351
0.003578 4350
0.003579 4350
0.00358 4347
0.003581 4347
0.003582 4346
0.003583 4347
0.003584 4347
0.003585 4347
0.003586 4347
0.003587 4348
0.003588 4348
0.003589 4348
0.00359 4349
0.003591 4351
0.003592 4350
0.003593 4350
0.003594 4350
0.003595 4350
0.003596 4350
0.003597 4350
0.003598 4350
0.003599 4350
0.0036 4351
0.003601 4351
0.003602 4351
0.003603 4351
0.003604 4352
0.003605 4352
0.003606 4352
0.003607 4352
0.003608 4353
0.003609 4353
0.00361 4353
0.003611 4353
0.003612 4353
0.003613 4353
0.003614 4351
0.003615 4352
0.003616 4352
0.003617 4351
0.003618 4352
0.003619 4350
0.00362 4350
0.003621 4350
0.003622 4351
0.003623 4351
0.003624 4351
0.003625 4351
0.003626 4350
0.003627 4350
0.003628 4351
0.003629 4351
0.00363 4351
0.003631 4351
0.003632 4350
0.003633 4350
0.003634 4349
0.003635 4350
0.003636 4350
0.003637 4349
0.003638 4349
0.003639 4349
0.00364 4349
0.003641 4348
0.003642 4348
0.003643 4348
0.003644 4348
0.003645 4348
0.003646 4349
0.003647 4347
0.003648 4346
0.003649 4346
0.00365 4345
0.003651 4345
0.003652 4346
0.003653 4346
0.003654 4344
0.003655 4343
0.003656 4343
0.003657 4343
0.003658 4343
0.003659 4343
0.00366 4343
0.003661 4342
0.003662 4342
0.003663 4343
0.003664 4343
0.003665 4344
0.003666 4344
0.003667 4344
0.003668 4344
0.003669 4344
0.00367 4344
0.003671 4344
0.003672 4344
0.003673 4344
0.003674 4345
0.003675 4346
0.003676 4346
0.003677 4346
0.003678 4345
0.003679 4344
0.00368 4343
0.003681 4343
0.003682 4342
0.003683 4342
0.003684 4341
0.003685 4341
0.003686 4341
0.003687 4341
0.003688 4341
0.003689 4341
0.00369 4340
0.003691 4339
0.003692 4341
0.003693 4342
0.003694 4342
0.003695 4340
0.003696 4339
0.003697 4339
0.003698 4339
0.003699 4339
0.0037 4339
0.003701 4340
0.003702 4340
0.003703 4340
0.003704 4339
0.003705 4337
0.003706 4337
0.003707 4337
0.003708 4338
0.003709 4338
0.00371 4338
0.003711 4338
0.003712 4338
0.003713 4338
0.003714 4338
0.003715 4338
0.003716 4337
0.003717 4336
0.003718 4336
0.003719 4336
0.00372 4336
0.003721 4336
0.003722 4336
0.003723 4337
0.003724 4337
0.003725 4337
0.003726 4337
0.003727 4337
0.003728 4338
0.003729 4338
0.00373 4338
0.003731 4338
0.003732 4339
0.003733 4339
0.003734 4338
0.003735 4338
0.003736 4339
0.003737 4338
0.003738 4337
0.003739 4337
0.00374 4337
0.003741 4337
0.003742 4337
0.003743 4337
0.003744 4338
0.003745 4338
0.003746 4338
0.003747 4338
0.003748 4338
0.003749 4338
0.00375 4338
0.003751 4338
0.003752 4338
0.003753 4338
0.003754 4337
0.003755 4338
0.003756 4338
0.003757 4338
0.003758 4339
0.003759 4338
0.00376 4338
0.003761 4337
0.003762 4337
0.003763 4338
0.003764 4338
0.003765 4337
0.003766 4337
0.003767 4337
0.003768 4337
0.003769 4337
0.00377 4337
0.003771 4337
0.003772 4337
0.003773 4337
0.003774 4339
0.003775 4339
0.003776 4340
0.003777 4338
0.003778 4338
0.003779 4336
0.00378 4335
0.003781 4335
0.003782 4335
0.003783 4333
0.003784 4334
0.003785 4335
0.003786 4336
0.003787 4336
0.003788 4336
0.003789 4339
0.00379 4339
0.003791 4339
0.003792 4338
0.003793 4338
0.003794 4338
0.003795 4339
0.003796 4339
0.003797 4339
0.003798 4339
0.003799 4341
0.0038 4341
0.003801 4341
0.003802 4341
0.003803 4342
0.003804 4342
0.003805 4342
0.003806 4342
0.003807 4342
0.003808 4342
0.003809 4342
0.00381 4342
0.003811 4342
0.003812 4342
0.003813 4342
0.003814 4342
0.003815 4342
0.003816 4342
0.003817 4343
0.003818 4343
0.003819 4343
0.00382 4344
0.003821 4344
0.003822 4344
0.003823 4344
0.003824 4344
0.003825 4344
0.003826 4344
0.003827 4345
0.003828 4345
0.003829 4345
0.00383 4346
0.003831 4346
0.003832 4346
0.003833 4346
0.003834 4346
0.003835 4346
0.003836 4346
0.003837 4346
0.003838 4346
0.003839 4346
0.00384 4346
0.003841 4346
0.003842 4346
0.003843 4346
0.003844 4347
0.003845 4347
0.003846 4347
0.003847 4347
0.003848 4348
0.003849 4348
0.00385 4348
0.003851 4348
0.003852 4348
0.003853 4348
0.003854 4348
0.003855 4348
0.003856 4348
0.003857 4349
0.003858 4348
0.003859 4349
0.00386 4348
0.003861 4348
0.003862 4349
0.003863 4349
0.003864 4349
0.003865 4350
0.003866 4350
0.003867 4349
0.003868 4349
0.003869 4349
0.00387 4349
0.003871 4349
0.003872 4349
0.003873 4349
0.003874 4349
0.003875 4348
0.003876 4348
0.003877 4348
0.003878 4347
0.003879 4347
0.00388 4347
0.003881 4347
0.003882 4347
0.003883 4347
0.003884 4347
0.003885 4347
0.003886 4347
0.003887 4347
0.003888 4348
0.003889 4348
0.00389 4348
0.003891 4347
0.003892 4346
0.003893 4346
0.003894 4346
0.003895 4346
0.003896 4346
0.003897 4347
0.003898 4347
0.003899 4347
0.0039 4347
0.003901 4348
0.003902 4348
0.003903 4347
0.003904 4347
0.003905 4348
0.003906 4348
0.003907 4348
0.003908 4348
0.003909 4349
0.00391 4350
0.003911 4350
0.003912 4352
0.003913 4352
0.003914 4353
0.003915 4353
0.003916 4353
0.003917 4353
0.003918 4352
0.003919 4352
0.00392 4352
0.003921 4352
0.003922 4352
0.003923 4352
0.003924 4352
0.003925 4352
0.003926 4352
0.003927 4352
0.003928 4352
0.003929 4351
0.00393 4351
0.003931 4351
0.003932 4351
0.003933 4351
0.003934 4351
0.003935 4351
0.003936 4351
0.003937 4351
0.003938 4351
0.003939 4351
0.00394 4351
0.003941 4352
0.003942 4351
0.003943 4351
0.003944 4351
0.003945 4351
0.003946 4352
0.003947 4353
0.003948 4354
0.003949 4355
0.00395 4355
0.003951 4355
0.003952 4355
0.003953 4356
0.003954 4355
0.003955 4355
0.003956 4355
0.003957 4355
0.003958 4355
0.003959 4355
0.00396 4355
0.003961 4354
0.003962 4354
0.003963 4354
0.003964 4354
0.003965 4355
0.003966 4355
0.003967 4355
0.003968 4355
0.003969 4355
0.00397 4356
0.003971 4357
0.003972 4357
0.003973 4357
0.003974 4358
0.003975 4359
0.003976 4360
0.003977 4360
0.003978 4361
0.003979 4361
0.00398 4362
0.003981 4363
0.003982 4363
0.003983 4363
0.003984 4363
0.003985 4363
0.003986 4364
0.003987 4364
0.003988 4364
0.003989 4364
0.00399 4366
0.003991 4367
0.003992 4367
0.003993 4366
0.003994 4365
0.003995 4365
0.003996 4365
0.003997 4365
0.003998 4364
0.003999 4364
0.004 4364
0.004001 4363
0.004002 4363
0.004003 4363
0.004004 4363
0.004005 4362
0.004006 4362
0.004007 4362
0.004008 4362
0.004009 4362
0.00401 4363
0.004011 4362
0.004012 4361
0.004013 4360
0.004014 4360
0.004015 4360
0.004016 4361
0.004017 4361
0.004018 4361
0.004019 4361
0.00402 4361
0.004021 4361
0.004022 4361
0.004023 4361
0.004024 4361
0.004025 4361
0.004026 4361
0.004027 4362
0.004028 4362
0.004029 4362
0.00403 4362
0.004031 4362
0.004032 4362
0.004033 4362
0.004034 4362
0.004035 4361
0.004036 4361
0.004037 4361
0.004038 4361
0.004039 4361
0.00404 4360
0.004041 4361
0.004042 4359
0.004043 4359
0.004044 4360
0.004045 4360
0.004046 4360
0.004047 4361
0.004048 4361
0.004049 4361
0.00405 4361
0.004051 4359
0.004052 4359
0.004053 4359
0.004054 4359
0.004055 4359
0.004056 4359
0.004057 4359
0.004058 4358
0.004059 4357
0.00406 4357
0.004061 4357
0.004062 4357
0.004063 4357
0.004064 4355
0.004065 4355
0.004066 4355
0.004067 4355
0.004068 4355
0.004069 4354
0.00407 4353
0.004071 4353
0.004072 4353
0.004073 4353
0.004074 4353
0.004075 4353
0.004076 4354
0.004077 4354
0.004078 4354
0.004079 4353
0.00408 4353
0.004081 4353
0.004082 4353
0.004083 4354
0.004084 4353
0.004085 4353
0.004086 4353
0.004087 4353
0.004088 4352
0.004089 4353
0.00409 4354
0.004091 4354
0.004092 4354
0.004093 4354
0.004094 4354
0.004095 4356
0.004096 4356
0.004097 4356
0.004098 4356
0.004099 4355
0.0041 4355
0.004101 4355
0.004102 4355
0.004103 4355
0.004104 4355
0.004105 4356
0.004106 4356
0.004107 4356
0.004108 4356
0.004109 4356
0.00411 4356
0.004111 4356
0.004112 4356
0.004113 4356
0.004114 4355
0.004115 4355
0.004116 4353
0.004117 4353
0.004118 4353
0.004119 4353
0.00412 4353
0.004121 4353
0.004122 4354
0.004123 4353
0.004124 4354
0.004125 4353
0.004126 4353
0.004127 4353
0.004128 4353
0.004129 4353
0.00413 4353
0.004131 4354
0.004132 4354
0.004133 4354
0.004134 4354
0.004135 4355
0.004136 4355
0.004137 4355
0.004138 4356
0.004139 4356
0.00414 4356
0.004141 4356
0.004142 4355
0.004143 4355
0.004144 4355
0.004145 4355
0.004146 4355
0.004147 4356
0.004148 4356
0.004149 4356
0.00415 4356
0.004151 4356
0.004152 4356
0.004153 4356
0.004154 4356
0.004155 4356
0.004156 4356
0.004157 4357
0.004158 4356
0.004159 4357
0.00416 4357
0.004161 4357
0.004162 4357
0.004163 4357
0.004164 4357
0.004165 4357
0.004166 4357
0.004167 4357
0.004168 4356
0.004169 4357
0.00417 4357
0.004171 4357
0.004172 4357
0.004173 4356
0.004174 4356
0.004175 4357
0.004176 4356
0.004177 4356
0.004178 4356
0.004179 4355
0.00418 4355
0.004181 4354
0.004182 4354
0.004183 4354
0.004184 4354
0.004185 4354
0.004186 4354
0.004187 4354
0.004188 4353
0.004189 4353
0.00419 4353
0.004191 4353
0.004192 4353
0.004193 4353
0.004194 4353
0.004195 4353
0.004196 4353
0.004197 4354
0.004198 4353
0.004199 4353
0.0042 4353
0.004201 4353
0.004202 4352
0.004203 4352
0.004204 4351
0.004205 4351
0.004206 4351
0.004207 4351
0.004208 4350
0.004209 4350
0.00421 4350
0.004211 4350
0.004212 4349
0.004213 4349
0.004214 4348
0.004215 4348
0.004216 4348
0.004217 4347
0.004218 4347
0.004219 4347
0.00422 4347
0.004221 4347
0.004222 4347
0.004223 4347
0.004224 4347
0.004225 4345
0.004226 4345
0.004227 4345
0.004228 4346
0.004229 4346
0.00423 4346
0.004231 4346
0.004232 4346
0.004233 4346
0.004234 4347
0.004235 4347
0.004236 4347
0.004237 4347
0.004238 4346
0.004239 4346
0.00424 4346
0.004241 4346
0.004242 4346
0.004243 4346
0.004244 4346
0.004245 4346
0.004246 4345
0.004247 4345
0.004248 4345
0.004249 4345
0.00425 4345
0.004251 4345
0.004252 4345
0.004253 4346
0.004254 4346
0.004255 4346
0.004256 4346
0.004257 4346
0.004258 4346
0.004259 4346
0.00426 4346
0.004261 4348
0.004262 4348
0.004263 4347
0.004264 4347
0.004265 4347
0.004266 4346
0.004267 4346
0.004268 4347
0.004269 4347
0.00427 4347
0.004271 4348
0.004272 4348
0.004273 4349
0.004274 4350
0.004275 4350
0.004276 4350
0.004277 4351
0.004278 4351
0.004279 4351
0.00428 4350
0.004281 4349
0.004282 4349
0.004283 4349
0.004284 4348
0.004285 4349
0.004286 4349
0.004287 4349
0.004288 4348
0.004289 4348
0.00429 4347
0.004291 4348
0.004292 4349
0.004293 4349
0.004294 4349
0.004295 4349
0.004296 4349
0.004297 4349
0.004298 4350
0.004299 4351
0.0043 4351
0.004301 4351
0.004302 4351
0.004303 4351
0.004304 4351
0.004305 4351
0.004306 4350
0.004307 4350
0.004308 4350
0.004309 4350
0.00431 4350
0.004311 4349
0.004312 4349
0.004313 4349
0.004314 4350
0.004315 4349
0.004316 4348
0.004317 4347
0.004318 4347
0.004319 4347
0.00432 4347
0.004321 4346
0.004322 4347
0.004323 4348
0.004324 4348
0.004325 4348
0.004326 4348
0.004327 4349
0.004328 4349
0.004329 4348
0.00433 4348
0.004331 4348
0.004332 4348
0.004333 4348
0.004334 4348
0.004335 4347
0.004336 4347
0.004337 4347
0.004338 4347
0.004339 4347
0.00434 4347
0.004341 4346
0.004342 4346
0.004343 4346
0.004344 4345
0.004345 4345
0.004346 4345
0.004347 4345
0.004348 4345
0.004349 4347
0.00435 4347
0.004351 4345
0.004352 4345
0.004353 4345
0.004354 4345
0.004355 4345
0.004356 4346
0.004357 4347
0.004358 4347
0.004359 4347
0.00436 4347
0.004361 4346
0.004362 4346
0.004363 4345
0.004364 4344
0.004365 4344
0.004366 4344
0.004367 4344
0.004368 4343
0.004369 4343
0.00437 4342
0.004371 4342
0.004372 4342
0.004373 4341
0.004374 4341
0.004375 4341
0.004376 4341
0.004377 4341
0.004378 4338
0.004379 4338
0.00438 4337
0.004381 4335
0.004382 4335
0.004383 4335
0.004384 4333
0.004385 4334
0.004386 4332
0.004387 4332
0.004388 4332
0.004389 4332
0.00439 4333
0.004391 4333
0.004392 4333
0.004393 4333
0.004394 4333
0.004395 4333
0.004396 4333
0.004397 4333
0.004398 4333
0.004399 4332
0.0044 4332
0.004401 4332
0.004402 4332
0.004403 4331
0.004404 4331
0.004405 4330
0.004406 4330
0.004407 4331
0.004408 4330
0.004409 4330
0.00441 4330
0.004411 4330
0.004412 4330
0.004413 4330
0.004414 4330
0.004415 4330
0.004416 4330
0.004417 4329
0.004418 4330
0.004419 4329
0.00442 4329
0.004421 4329
0.004422 4329
0.004423 4329
0.004424 4329
0.004425 4329
0.004426 4329
0.004427 4329
0.004428 4330
0.004429 4329
0.00443 4330
0.004431 4330
0.004432 4330
0.004433 4329
0.004434 4329
0.004435 4329
0.004436 4329
0.004437 4329
0.004438 4329
0.004439 4331
0.00444 4329
0.004441 4329
0.004442 4328
0.004443 4328
0.004444 4328
0.004445 4328
0.004446 4329
0.004447 4329
0.004448 4329
0.004449 4328
0.00445 4328
0.004451 4328
0.004452 4327
0.004453 4327
0.004454 4328
0.004455 4328
0.004456 4328
0.004457 4328
0.004458 4328
0.004459 4328
0.00446 4328
0.004461 4328
0.004462 4329
0.004463 4330
0.004464 4330
0.004465 4330
0.004466 4330
0.004467 4330
0.004468 4329
0.004469 4330
0.00447 4330
0.004471 4329
0.004472 4329
0.004473 4329
0.004474 4328
0.004475 4328
0.004476 4328
0.004477 4328
0.004478 4328
0.004479 4328
0.00448 4328
0.004481 4328
0.004482 4328
0.004483 4329
0.004484 4329
0.004485 4329
0.004486 4329
0.004487 4329
0.004488 4328
0.004489 4328
0.00449 4328
0.004491 4328
0.004492 4328
0.004493 4329
0.004494 4328
0.004495 4327
0.004496 4327
0.004497 4327
0.004498 4327
0.004499 4327
0.0045 4329
0.004501 4329
0.004502 4330
0.004503 4330
0.004504 4330
0.004505 4329
0.004506 4330
0.004507 4330
0.004508 4329
0.004509 4329
0.00451 4329
0.004511 4329
0.004512 4329
0.004513 4330
0.004514 4331
0.004515 4332
0.004516 4331
0.004517 4331
0.004518 4331
0.004519 4332
0.00452 4331
0.004521 4332
0.004522 4332
0.004523 4332
0.004524 4331
0.004525 4330
0.004526 4330
0.004527 4330
0.004528 4330
0.004529 4329
0.00453 4328
0.004531 4328
0.004532 4328
0.004533 4328
0.004534 4328
0.004535 4329
0.004536 4329
0.004537 4329
0.004538 4329
0.004539 4329
0.00454 4328
0.004541 4328
0.004542 4328
0.004543 4327
0.004544 4327
0.004545 4327
0.004546 4327
0.004547 4327
0.004548 4327
0.004549 4327
0.00455 4327
0.004551 4327
0.004552 4327
0.004553 4327
0.004554 4327
0.004555 4329
0.004556 4329
0.004557 4329
0.004558 4329
0.004559 4330
0.00456 4329
0.004561 4329
0.004562 4329
0.004563 4330
0.004564 4330
0.004565 4329
0.004566 4328
0.004567 4328
0.004568 4326
0.004569 4326
0.00457 4326
0.004571 4325
0.004572 4325
0.004573 4325
0.004574 4326
0.004575 4326
0.004576 4326
0.004577 4327
0.004578 4326
0.004579 4326
0.00458 4326
0.004581 4325
0.004582 4327
0.004583 4327
0.004584 4327
0.004585 4327
0.004586 4326
0.004587 4326
0.004588 4326
0.004589 4325
0.00459 4326
0.004591 4327
0.004592 4326
0.004593 4326
0.004594 4325
0.004595 4323
0.004596 4323
0.004597 4323
0.004598 4323
0.004599 4323
0.0046 4324
0.004601 4324
0.004602 4325
0.004603 4325
0.004604 4325
0.004605 4325
0.004606 4325
0.004607 4324
0.004608 4324
0.004609 4324
0.00461 4324
0.004611 4324
0.004612 4324
0.004613 4324
0.004614 4325
0.004615 4325
0.004616 4325
0.004617 4325
0.004618 4325
0.004619 4324
0.00462 4324
0.004621 4324
0.004622 4324
0.004623 4325
0.004624 4325
0.004625 4326
0.004626 4326
0.004627 4326
0.004628 4326
0.004629 4326
0.00463 4325
0.004631 4326
0.004632 4328
0.004633 4329
0.004634 4329
0.004635 4328
0.004636 4327
0.004637 4329
0.004638 4330
0.004639 4330
0.00464 4330
0.004641 4330
0.004642 4330
0.004643 4330
0.004644 4330
0.004645 4330
0.004646 4329
0.004647 4329
0.004648 4330
0.004649 4329
0.00465 4329
0.004651 4329
0.004652 4328
0.004653 4328
0.004654 4328
0.004655 4328
0.004656 4327
0.004657 4325
0.004658 4324
0.004659 4324
0.00466 4324
0.004661 4324
0.004662 4324
0.004663 4326
0.004664 4324
0.004665 4324
0.004666 4324
0.004667 4323
0.004668 4324
0.004669 4324
0.00467 4324
0.004671 4324
0.004672 4324
0.004673 4324
0.004674 4325
0.004675 4325
0.004676 4323
0.004677 4321
0.004678 4321
0.004679 4321
0.00468 4320
0.004681 4320
0.004682 4320
0.004683 4320
0.004684 4320
0.004685 4320
0.004686 4320
0.004687 4320
0.004688 4320
0.004689 4320
0.00469 4321
0.004691 4321
0.004692 4321
0.004693 4321
0.004694 4321
0.004695 4323
0.004696 4323
0.004697 4324
0.004698 4325
0.004699 4325
0.0047 4325
0.004701 4325
0.004702 4325
0.004703 4325
0.004704 4326
0.004705 4326
0.004706 4326
0.004707 4326
0.004708 4326
0.004709 4326
0.00471 4326
0.004711 4327
0.004712 4327
0.004713 4327
0.004714 4325
0.004715 4324
0.004716 4324
0.004717 4324
0.004718 4324
0.004719 4324
0.00472 4324
0.004721 4324
0.004722 4324
0.004723 4323
0.004724 4323
0.004725 4324
0.004726 4324
0.004727 4325
0.004728 4325
0.004729 4326
0.00473 4327
0.004731 4327
0.004732 4325
0.004733 4324
0.004734 4324
0.004735 4323
0.004736 4323
0.004737 4323
0.004738 4322
0.004739 4322
0.00474 4321
0.004741 4321
0.004742 4321
0.004743 4321
0.004744 4321
0.004745 4321
0.004746 4321
0.004747 4321
0.004748 4321
0.004749 4321
0.00475 4320
0.004751 4319
0.004752 4318
0.004753 4319
0.004754 4318
0.004755 4317
0.004756 4318
0.004757 4318
0.004758 4318
0.004759 4318
0.00476 4318
0.004761 4317
0.004762 4317
0.004763 4317
0.004764 4317
0.004765 4317
0.004766 4317
0.004767 4317
0.004768 4317
0.004769 4317
0.00477 4317
0.004771 4317
0.004772 4317
0.004773 4317
0.004774 4317
0.004775 4318
0.004776 4318
0.004777 4317
0.004778 4317
0.004779 4317
0.00478 4317
0.004781 4315
0.004782 4315
0.004783 4315
0.004784 4315
0.004785 4315
0.004786 4316
0.004787 4316
0.004788 4316
0.004789 4314
0.00479 4314
0.004791 4314
0.004792 4314
0.004793 4315
0.004794 4315
0.004795 4315
0.004796 4315
0.004797 4315
0.004798 4315
0.004799 4315
0.0048 4315
0.004801 4314
0.004802 4315
0.004803 4315
0.004804 4315
0.004805 4316
0.004806 4316
0.004807 4316
0.004808 4316
0.004809 4316
0.00481 4317
0.004811 4316
0.004812 4316
0.004813 4317
0.004814 4317
0.004815 4317
0.004816 4317
0.004817 4316
0.004818 4316
0.004819 4316
0.00482 4316
0.004821 4316
0.004822 4317
0.004823 4317
0.004824 4317
0.004825 4317
0.004826 4317
0.004827 4317
0.004828 4317
0.004829 4318
0.00483 4317
0.004831 4317
0.004832 4317
0.004833 4317
0.004834 4316
0.004835 4316
0.004836 4316
0.004837 4316
0.004838 4317
0.004839 4317
0.00484 4317
0.004841 4317
0.004842 4317
0.004843 4317
0.004844 4317
0.004845 4317
0.004846 4317
0.004847 4317
0.004848 4317
0.004849 4317
0.00485 4316
0.004851 4315
0.004852 4314
0.004853 4314
0.004854 4312
0.004855 4312
0.004856 4311
0.004857 4311
0.004858 4311
0.004859 4311
0.00486 4310
0.004861 4310
0.004862 4310
0.004863 4310
0.004864 4310
0.004865 4311
0.004866 4311
0.004867 4311
0.004868 4311
0.004869 4311
0.00487 4311
0.004871 4310
0.004872 4310
0.004873 4310
0.004874 4310
0.004875 4310
0.004876 4310
0.004877 4310
0.004878 4309
0.004879 4308
0.00488 4308
0.004881 4307
0.004882 4309
0.004883 4309
0.004884 4309
0.004885 4309
0.004886 4309
0.004887 4309
0.004888 4309
0.004889 4309
0.00489 4308
0.004891 4308
0.004892 4307
0.004893 4307
0.004894 4307
0.004895 4308
0.004896 4308
0.004897 4308
0.004898 4308
0.004899 4308
0.0049 4308
0.004901 4308
0.004902 4308
0.004903 4307
0.004904 4307
0.004905 4307
0.004906 4307
0.004907 4307
0.004908 4307
0.004909 4307
0.00491 4307
0.004911 4308
0.004912 4309
0.004913 4309
0.004914 4308
0.004915 4308
0.004916 4309
0.004917 4309
0.004918 4308
0.004919 4308
0.00492 4310
0.004921 4311
0.004922 4311
0.004923 4311
0.004924 4311
0.004925 4311
0.004926 4311
0.004927 4311
0.004928 4311
0.004929 4311
0.00493 4311
0.004931 4311
0.004932 4311
0.004933 4310
0.004934 4310
0.004935 4310
0.004936 4310
0.004937 4310
0.004938 4311
0.004939 4311
0.00494 4311
0.004941 4310
0.004942 4310
0.004943 4310
0.004944 4311
0.004945 4313
0.004946 4313
0.004947 4313
0.004948 4314
0.004949 4314
0.00495 4314
0.004951 4314
0.004952 4313
0.004953 4313
0.004954 4313
0.004955 4314
0.004956 4313
0.004957 4313
0.004958 4313
0.004959 4313
0.00496 4312
0.004961 4313
0.004962 4313
0.004963 4313
0.004964 4314
0.004965 4314
0.004966 4314
0.004967 4315
0.004968 4315
0.004969 4316
0.00497 4316
0.004971 4317
0.004972 4316
0.004973 4318
0.004974 4318
0.004975 4318
0.004976 4318
0.004977 4318
0.004978 4317
0.004979 4316
0.00498 4316
0.004981 4316
0.004982 4317
0.004983 4316
0.004984 4317
0.004985 4316
0.004986 4316
0.004987 4316
0.004988 4316
0.004989 4316
0.00499 4316
0.004991 4317
0.004992 4318
0.004993 4318
0.004994 4317
0.004995 4317
0.004996 4316
0.004997 4316
0.004998 4317
0.004999 4318
0.005 4319
