0 591
1e-06 593
2e-06 594
3e-06 598
4e-06 599
5e-06 600
6e-06 602
7e-06 605
8e-06 605
9e-06 607
1e-05 611
1.1e-05 612
1.2e-05 614
1.3e-05 617
1.4e-05 619
1.5e-05 620
1.6e-05 621
1.7e-05 625
1.8e-05 626
1.9e-05 627
2e-05 629
2.1e-05 634
2.2e-05 633
2.3e-05 633
2.4e-05 635
2.5e-05 636
2.6e-05 639
2.7e-05 639
2.8e-05 643
2.9e-05 645
3e-05 646
3.1e-05 648
3.2e-05 651
3.3e-05 654
3.4e-05 656
3.5e-05 658
3.6e-05 657
3.7e-05 659
3.8e-05 658
3.9e-05 660
4e-05 661
4.1e-05 662
4.2e-05 664
4.3e-05 666
4.4e-05 667
4.5e-05 668
4.6e-05 673
4.7e-05 676
4.8e-05 678
4.9e-05 680
5e-05 681
5.1e-05 681
5.2e-05 682
5.3e-05 684
5.4e-05 685
5.5e-05 684
5.6e-05 685
5.7e-05 685
5.8e-05 687
5.9e-05 687
6e-05 687
6.1e-05 689
6.2e-05 690
6.3e-05 690
6.4e-05 691
6.5e-05 693
6.6e-05 693
6.7e-05 694
6.8e-05 696
6.9e-05 694
7e-05 695
7.1e-05 696
7.2e-05 697
7.3e-05 698
7.4e-05 698
7.5e-05 699
7.6e-05 697
7.7e-05 697
7.8e-05 697
7.9e-05 696
8e-05 697
8.1e-05 695
8.2e-05 696
8.3e-05 699
8.4e-05 698
8.5e-05 699
8.6e-05 702
8.7e-05 703
8.8e-05 703
8.9e-05 703
9e-05 705
9.1e-05 706
9.2e-05 707
9.3e-05 709
9.4e-05 709
9.5e-05 710
9.6e-05 711
9.7e-05 712
9.8e-05 712
9.9e-05 710
0.0001 713
0.000101 714
0.000102 715
0.000103 717
0.000104 718
0.000105 717
0.000106 717
0.000107 716
0.000108 717
0.000109 718
0.00011 720
0.000111 721
0.000112 723
0.000113 724
0.000114 725
0.000115 726
0.000116 729
0.000117 728
0.000118 729
0.000119 728
0.00012 729
0.000121 729
0.000122 729
0.000123 729
0.000124 730
0.000125 729
0.000126 729
0.000127 730
0.000128 730
0.000129 730
0.00013 731
0.000131 731
0.000132 732
0.000133 734
0.000134 735
0.000135 736
0.000136 734
0.000137 735
0.000138 735
0.000139 737
0.00014 738
0.000141 738
0.000142 738
0.000143 738
0.000144 739
0.000145 742
0.000146 741
0.000147 742
0.000148 742
0.000149 743
0.00015 747
0.000151 748
0.000152 749
0.000153 749
0.000154 750
0.000155 750
0.000156 751
0.000157 750
0.000158 751
0.000159 751
0.00016 752
0.000161 752
0.000162 753
0.000163 754
0.000164 754
0.000165 756
0.000166 757
0.000167 757
0.000168 756
0.000169 756
0.00017 756
0.000171 756
0.000172 758
0.000173 759
0.000174 762
0.000175 763
0.000176 762
0.000177 762
0.000178 762
0.000179 762
0.00018 763
0.000181 762
0.000182 762
0.000183 762
0.000184 762
0.000185 762
0.000186 764
0.000187 764
0.000188 765
0.000189 765
0.00019 766
0.000191 766
0.000192 768
0.000193 768
0.000194 768
0.000195 768
0.000196 768
0.000197 768
0.000198 767
0.000199 767
0.0002 767
0.000201 767
0.000202 767
0.000203 767
0.000204 768
0.000205 767
0.000206 767
0.000207 767
0.000208 768
0.000209 770
0.00021 771
0.000211 770
0.000212 770
0.000213 771
0.000214 771
0.000215 771
0.000216 772
0.000217 772
0.000218 772
0.000219 772
0.00022 772
0.000221 772
0.000222 772
0.000223 772
0.000224 772
0.000225 773
0.000226 774
0.000227 775
0.000228 776
0.000229 775
0.00023 777
0.000231 777
0.000232 777
0.000233 777
0.000234 776
0.000235 776
0.000236 778
0.000237 779
0.000238 779
0.000239 778
0.00024 779
0.000241 779
0.000242 779
0.000243 780
0.000244 780
0.000245 781
0.000246 781
0.000247 781
0.000248 781
0.000249 783
0.00025 784
0.000251 784
0.000252 784
0.000253 784
0.000254 784
0.000255 785
0.000256 786
0.000257 785
0.000258 784
0.000259 785
0.00026 786
0.000261 787
0.000262 787
0.000263 788
0.000264 788
0.000265 789
0.000266 789
0.000267 790
0.000268 791
0.000269 790
0.00027 790
0.000271 790
0.000272 790
0.000273 792
0.000274 793
0.000275 794
0.000276 795
0.000277 795
0.000278 795
0.000279 795
0.00028 795
0.000281 794
0.000282 794
0.000283 794
0.000284 794
0.000285 796
0.000286 796
0.000287 796
0.000288 796
0.000289 796
0.00029 796
0.000291 795
0.000292 795
0.000293 795
0.000294 796
0.000295 797
0.000296 797
0.000297 798
0.000298 798
0.000299 798
0.0003 799
0.000301 799
0.000302 799
0.000303 799
0.000304 800
0.000305 800
0.000306 801
0.000307 801
0.000308 800
0.000309 799
0.00031 800
0.000311 799
0.000312 800
0.000313 800
0.000314 799
0.000315 800
0.000316 800
0.000317 800
0.000318 800
0.000319 800
0.00032 800
0.000321 799
0.000322 799
0.000323 802
0.000324 802
0.000325 802
0.000326 802
0.000327 802
0.000328 802
0.000329 802
0.00033 802
0.000331 803
0.000332 803
0.000333 803
0.000334 803
0.000335 803
0.000336 803
0.000337 806
0.000338 807
0.000339 807
0.00034 807
0.000341 808
0.000342 808
0.000343 809
0.000344 809
0.000345 810
0.000346 811
0.000347 812
0.000348 813
0.000349 813
0.00035 813
0.000351 814
0.000352 814
0.000353 814
0.000354 814
0.000355 814
0.000356 814
0.000357 814
0.000358 814
0.000359 814
0.00036 814
0.000361 814
0.000362 813
0.000363 813
0.000364 813
0.000365 813
0.000366 814
0.000367 815
0.000368 815
0.000369 815
0.00037 815
0.000371 815
0.000372 815
0.000373 816
0.000374 817
0.000375 818
0.000376 818
0.000377 818
0.000378 818
0.000379 818
0.00038 820
0.000381 820
0.000382 820
0.000383 821
0.000384 821
0.000385 821
0.000386 821
0.000387 821
0.000388 821
0.000389 822
0.00039 822
0.000391 822
0.000392 822
0.000393 822
0.000394 823
0.000395 823
0.000396 823
0.000397 822
0.000398 821
0.000399 821
0.0004 821
0.000401 821
0.000402 821
0.000403 821
0.000404 821
0.000405 821
0.000406 823
0.000407 823
0.000408 823
0.000409 822
0.00041 822
0.000411 823
0.000412 824
0.000413 824
0.000414 824
0.000415 824
0.000416 825
0.000417 825
0.000418 825
0.000419 827
0.00042 827
0.000421 827
0.000422 827
0.000423 827
0.000424 827
0.000425 827
0.000426 827
0.000427 827
0.000428 827
0.000429 827
0.00043 827
0.000431 826
0.000432 825
0.000433 825
0.000434 825
0.000435 825
0.000436 825
0.000437 825
0.000438 825
0.000439 825
0.00044 825
0.000441 825
0.000442 825
0.000443 825
0.000444 825
0.000445 826
0.000446 826
0.000447 826
0.000448 826
0.000449 826
0.00045 826
0.000451 826
0.000452 826
0.000453 827
0.000454 827
0.000455 827
0.000456 827
0.000457 827
0.000458 827
0.000459 826
0.00046 826
0.000461 826
0.000462 826
0.000463 826
0.000464 826
0.000465 827
0.000466 827
0.000467 825
0.000468 824
0.000469 825
0.00047 825
0.000471 825
0.000472 824
0.000473 825
0.000474 824
0.000475 824
0.000476 824
0.000477 825
0.000478 826
0.000479 826
0.00048 826
0.000481 827
0.000482 827
0.000483 827
0.000484 827
0.000485 827
0.000486 827
0.000487 827
0.000488 827
0.000489 827
0.00049 828
0.000491 828
0.000492 828
0.000493 828
0.000494 828
0.000495 828
0.000496 828
0.000497 828
0.000498 828
0.000499 828
0.0005 828
0.000501 828
0.000502 828
0.000503 828
0.000504 828
0.000505 828
0.000506 828
0.000507 828
0.000508 828
0.000509 828
0.00051 828
0.000511 828
0.000512 828
0.000513 828
0.000514 828
0.000515 829
0.000516 829
0.000517 829
0.000518 829
0.000519 829
0.00052 829
0.000521 829
0.000522 829
0.000523 829
0.000524 829
0.000525 831
0.000526 831
0.000527 832
0.000528 832
0.000529 834
0.00053 834
0.000531 834
0.000532 835
0.000533 835
0.000534 835
0.000535 836
0.000536 835
0.000537 835
0.000538 836
0.000539 836
0.00054 836
0.000541 836
0.000542 836
0.000543 836
0.000544 836
0.000545 836
0.000546 836
0.000547 836
0.000548 837
0.000549 837
0.00055 837
0.000551 837
0.000552 837
0.000553 837
0.000554 837
0.000555 838
0.000556 839
0.000557 839
0.000558 839
0.000559 839
0.00056 839
0.000561 839
0.000562 839
0.000563 839
0.000564 839
0.000565 839
0.000566 839
0.000567 839
0.000568 839
0.000569 839
0.00057 838
0.000571 838
0.000572 837
0.000573 836
0.000574 836
0.000575 836
0.000576 836
0.000577 837
0.000578 837
0.000579 837
0.00058 837
0.000581 837
0.000582 835
0.000583 835
0.000584 835
0.000585 835
0.000586 835
0.000587 836
0.000588 836
0.000589 836
0.00059 836
0.000591 836
0.000592 837
0.000593 837
0.000594 838
0.000595 838
0.000596 838
0.000597 838
0.000598 838
0.000599 838
0.0006 838
0.000601 838
0.000602 838
0.000603 838
0.000604 838
0.000605 838
0.000606 838
0.000607 838
0.000608 838
0.000609 838
0.00061 838
0.000611 838
0.000612 838
0.000613 838
0.000614 838
0.000615 838
0.000616 838
0.000617 838
0.000618 838
0.000619 838
0.00062 838
0.000621 838
0.000622 838
0.000623 838
0.000624 838
0.000625 838
0.000626 838
0.000627 838
0.000628 838
0.000629 838
0.00063 838
0.000631 838
0.000632 838
0.000633 838
0.000634 838
0.000635 838
0.000636 838
0.000637 838
0.000638 838
0.000639 838
0.00064 838
0.000641 837
0.000642 838
0.000643 838
0.000644 838
0.000645 838
0.000646 838
0.000647 839
0.000648 839
0.000649 839
0.00065 840
0.000651 840
0.000652 840
0.000653 840
0.000654 840
0.000655 840
0.000656 840
0.000657 840
0.000658 840
0.000659 840
0.00066 840
0.000661 840
0.000662 840
0.000663 841
0.000664 841
0.000665 841
0.000666 841
0.000667 840
0.000668 839
0.000669 839
0.00067 839
0.000671 839
0.000672 839
0.000673 840
0.000674 840
0.000675 840
0.000676 840
0.000677 840
0.000678 840
0.000679 840
0.00068 840
0.000681 840
0.000682 840
0.000683 840
0.000684 840
0.000685 840
0.000686 840
0.000687 840
0.000688 840
0.000689 840
0.00069 839
0.000691 839
0.000692 839
0.000693 839
0.000694 840
0.000695 840
0.000696 840
0.000697 840
0.000698 840
0.000699 840
0.0007 840
0.000701 840
0.000702 841
0.000703 841
0.000704 841
0.000705 842
0.000706 842
0.000707 841
0.000708 841
0.000709 841
0.00071 841
0.000711 841
0.000712 841
0.000713 841
0.000714 841
0.000715 842
0.000716 841
0.000717 841
0.000718 841
0.000719 841
0.00072 841
0.000721 841
0.000722 841
0.000723 841
0.000724 841
0.000725 841
0.000726 841
0.000727 841
0.000728 841
0.000729 841
0.00073 841
0.000731 841
0.000732 841
0.000733 841
0.000734 841
0.000735 841
0.000736 841
0.000737 841
0.000738 841
0.000739 841
0.00074 841
0.000741 842
0.000742 842
0.000743 841
0.000744 841
0.000745 841
0.000746 842
0.000747 842
0.000748 842
0.000749 842
0.00075 842
0.000751 842
0.000752 842
0.000753 842
0.000754 842
0.000755 843
0.000756 843
0.000757 843
0.000758 843
0.000759 843
0.00076 843
0.000761 843
0.000762 843
0.000763 844
0.000764 844
0.000765 844
0.000766 844
0.000767 844
0.000768 844
0.000769 844
0.00077 844
0.000771 844
0.000772 844
0.000773 844
0.000774 844
0.000775 844
0.000776 844
0.000777 844
0.000778 844
0.000779 843
0.00078 843
0.000781 843
0.000782 843
0.000783 843
0.000784 843
0.000785 843
0.000786 843
0.000787 843
0.000788 843
0.000789 843
0.00079 842
0.000791 842
0.000792 842
0.000793 842
0.000794 843
0.000795 844
0.000796 844
0.000797 844
0.000798 844
0.000799 844
0.0008 844
0.000801 844
0.000802 844
0.000803 844
0.000804 844
0.000805 844
0.000806 844
0.000807 844
0.000808 844
0.000809 844
0.00081 844
0.000811 844
0.000812 844
0.000813 844
0.000814 844
0.000815 844
0.000816 844
0.000817 844
0.000818 844
0.000819 844
0.00082 844
0.000821 844
0.000822 844
0.000823 844
0.000824 844
0.000825 844
0.000826 844
0.000827 843
0.000828 843
0.000829 843
0.00083 843
0.000831 842
0.000832 842
0.000833 842
0.000834 842
0.000835 842
0.000836 842
0.000837 842
0.000838 842
0.000839 842
0.00084 842
0.000841 842
0.000842 842
0.000843 841
0.000844 841
0.000845 841
0.000846 841
0.000847 841
0.000848 841
0.000849 841
0.00085 841
0.000851 842
0.000852 842
0.000853 842
0.000854 842
0.000855 843
0.000856 843
0.000857 843
0.000858 843
0.000859 843
0.00086 843
0.000861 843
0.000862 843
0.000863 843
0.000864 843
0.000865 843
0.000866 843
0.000867 843
0.000868 844
0.000869 845
0.00087 845
0.000871 845
0.000872 845
0.000873 845
0.000874 845
0.000875 845
0.000876 844
0.000877 844
0.000878 844
0.000879 844
0.00088 844
0.000881 844
0.000882 844
0.000883 844
0.000884 844
0.000885 844
0.000886 844
0.000887 844
0.000888 843
0.000889 843
0.00089 843
0.000891 843
0.000892 843
0.000893 843
0.000894 843
0.000895 844
0.000896 844
0.000897 844
0.000898 844
0.000899 844
0.0009 843
0.000901 843
0.000902 843
0.000903 843
0.000904 843
0.000905 843
0.000906 843
0.000907 843
0.000908 843
0.000909 843
0.00091 843
0.000911 842
0.000912 842
0.000913 842
0.000914 842
0.000915 842
0.000916 842
0.000917 842
0.000918 842
0.000919 842
0.00092 842
0.000921 842
0.000922 842
0.000923 843
0.000924 843
0.000925 843
0.000926 843
0.000927 843
0.000928 842
0.000929 842
0.00093 842
0.000931 842
0.000932 842
0.000933 842
0.000934 842
0.000935 842
0.000936 842
0.000937 842
0.000938 842
0.000939 842
0.00094 842
0.000941 842
0.000942 842
0.000943 842
0.000944 842
0.000945 842
0.000946 842
0.000947 842
0.000948 842
0.000949 842
0.00095 842
0.000951 842
0.000952 842
0.000953 842
0.000954 842
0.000955 842
0.000956 842
0.000957 842
0.000958 842
0.000959 842
0.00096 842
0.000961 842
0.000962 842
0.000963 842
0.000964 842
0.000965 842
0.000966 841
0.000967 841
0.000968 841
0.000969 841
0.00097 842
0.000971 842
0.000972 843
0.000973 843
0.000974 843
0.000975 843
0.000976 843
0.000977 843
0.000978 843
0.000979 843
0.00098 843
0.000981 842
0.000982 842
0.000983 842
0.000984 842
0.000985 842
0.000986 841
0.000987 841
0.000988 841
0.000989 842
0.00099 842
0.000991 842
0.000992 842
0.000993 842
0.000994 842
0.000995 842
0.000996 843
0.000997 843
0.000998 843
0.000999 843
0.001 843
0.001001 843
0.001002 843
0.001003 844
0.001004 844
0.001005 844
0.001006 844
0.001007 844
0.001008 844
0.001009 844
0.00101 844
0.001011 844
0.001012 844
0.001013 844
0.001014 844
0.001015 844
0.001016 844
0.001017 844
0.001018 844
0.001019 844
0.00102 844
0.001021 845
0.001022 845
0.001023 845
0.001024 845
0.001025 845
0.001026 845
0.001027 845
0.001028 845
0.001029 845
0.00103 845
0.001031 845
0.001032 845
0.001033 845
0.001034 845
0.001035 845
0.001036 845
0.001037 845
0.001038 846
0.001039 846
0.00104 846
0.001041 846
0.001042 845
0.001043 845
0.001044 845
0.001045 845
0.001046 845
0.001047 845
0.001048 845
0.001049 845
0.00105 845
0.001051 845
0.001052 845
0.001053 845
0.001054 845
0.001055 845
0.001056 845
0.001057 845
0.001058 845
0.001059 845
0.00106 845
0.001061 844
0.001062 844
0.001063 844
0.001064 844
0.001065 844
0.001066 844
0.001067 844
0.001068 844
0.001069 844
0.00107 844
0.001071 844
0.001072 844
0.001073 844
0.001074 844
0.001075 844
0.001076 844
0.001077 844
0.001078 844
0.001079 844
0.00108 844
0.001081 844
0.001082 844
0.001083 844
0.001084 844
0.001085 844
0.001086 844
0.001087 844
0.001088 844
0.001089 844
0.00109 844
0.001091 844
0.001092 844
0.001093 844
0.001094 844
0.001095 844
0.001096 844
0.001097 844
0.001098 844
0.001099 844
0.0011 844
0.001101 844
0.001102 844
0.001103 844
0.001104 844
0.001105 844
0.001106 844
0.001107 844
0.001108 844
0.001109 844
0.00111 844
0.001111 844
0.001112 844
0.001113 844
0.001114 844
0.001115 844
0.001116 844
0.001117 844
0.001118 844
0.001119 844
0.00112 844
0.001121 844
0.001122 844
0.001123 844
0.001124 844
0.001125 844
0.001126 844
0.001127 844
0.001128 844
0.001129 843
0.00113 843
0.001131 843
0.001132 843
0.001133 843
0.001134 843
0.001135 843
0.001136 843
0.001137 842
0.001138 842
0.001139 842
0.00114 842
0.001141 843
0.001142 843
0.001143 843
0.001144 843
0.001145 843
0.001146 843
0.001147 843
0.001148 843
0.001149 843
0.00115 843
0.001151 843
0.001152 843
0.001153 843
0.001154 843
0.001155 843
0.001156 843
0.001157 843
0.001158 843
0.001159 843
0.00116 843
0.001161 843
0.001162 843
0.001163 843
0.001164 843
0.001165 843
0.001166 843
0.001167 843
0.001168 843
0.001169 843
0.00117 843
0.001171 843
0.001172 843
0.001173 843
0.001174 843
0.001175 844
0.001176 844
0.001177 844
0.001178 844
0.001179 844
0.00118 844
0.001181 845
0.001182 845
0.001183 845
0.001184 845
0.001185 845
0.001186 845
0.001187 845
0.001188 845
0.001189 845
0.00119 845
0.001191 845
0.001192 845
0.001193 845
0.001194 845
0.001195 845
0.001196 845
0.001197 845
0.001198 845
0.001199 845
0.0012 845
0.001201 845
0.001202 845
0.001203 845
0.001204 845
0.001205 845
0.001206 845
0.001207 845
0.001208 845
0.001209 845
0.00121 845
0.001211 845
0.001212 845
0.001213 845
0.001214 845
0.001215 845
0.001216 845
0.001217 845
0.001218 845
0.001219 845
0.00122 845
0.001221 845
0.001222 845
0.001223 845
0.001224 845
0.001225 845
0.001226 845
0.001227 845
0.001228 845
0.001229 845
0.00123 845
0.001231 846
0.001232 845
0.001233 845
0.001234 845
0.001235 845
0.001236 845
0.001237 845
0.001238 845
0.001239 846
0.00124 846
0.001241 845
0.001242 845
0.001243 845
0.001244 845
0.001245 845
0.001246 845
0.001247 845
0.001248 845
0.001249 844
0.00125 844
0.001251 844
0.001252 844
0.001253 844
0.001254 844
0.001255 844
0.001256 844
0.001257 844
0.001258 844
0.001259 844
0.00126 844
0.001261 844
0.001262 844
0.001263 844
0.001264 844
0.001265 844
0.001266 844
0.001267 844
0.001268 844
0.001269 844
0.00127 844
0.001271 844
0.001272 844
0.001273 844
0.001274 844
0.001275 845
0.001276 845
0.001277 845
0.001278 845
0.001279 846
0.00128 846
0.001281 846
0.001282 846
0.001283 846
0.001284 846
0.001285 846
0.001286 846
0.001287 847
0.001288 847
0.001289 847
0.00129 848
0.001291 848
0.001292 848
0.001293 849
0.001294 849
0.001295 848
0.001296 848
0.001297 848
0.001298 848
0.001299 848
0.0013 848
0.001301 848
0.001302 848
0.001303 848
0.001304 848
0.001305 848
0.001306 848
0.001307 849
0.001308 849
0.001309 849
0.00131 849
0.001311 849
0.001312 849
0.001313 848
0.001314 848
0.001315 848
0.001316 848
0.001317 848
0.001318 848
0.001319 848
0.00132 848
0.001321 848
0.001322 849
0.001323 849
0.001324 849
0.001325 849
0.001326 849
0.001327 849
0.001328 849
0.001329 849
0.00133 849
0.001331 849
0.001332 849
0.001333 849
0.001334 849
0.001335 849
0.001336 849
0.001337 849
0.001338 849
0.001339 849
0.00134 849
0.001341 849
0.001342 849
0.001343 849
0.001344 849
0.001345 849
0.001346 849
0.001347 849
0.001348 849
0.001349 849
0.00135 849
0.001351 849
0.001352 849
0.001353 849
0.001354 849
0.001355 850
0.001356 850
0.001357 850
0.001358 850
0.001359 850
0.00136 850
0.001361 850
0.001362 850
0.001363 850
0.001364 850
0.001365 850
0.001366 850
0.001367 850
0.001368 850
0.001369 850
0.00137 850
0.001371 849
0.001372 849
0.001373 849
0.001374 849
0.001375 849
0.001376 849
0.001377 849
0.001378 849
0.001379 849
0.00138 849
0.001381 849
0.001382 849
0.001383 848
0.001384 848
0.001385 848
0.001386 848
0.001387 848
0.001388 848
0.001389 847
0.00139 847
0.001391 847
0.001392 847
0.001393 847
0.001394 847
0.001395 847
0.001396 847
0.001397 847
0.001398 846
0.001399 846
0.0014 847
0.001401 847
0.001402 848
0.001403 848
0.001404 848
0.001405 848
0.001406 848
0.001407 848
0.001408 848
0.001409 848
0.00141 849
0.001411 849
0.001412 850
0.001413 850
0.001414 851
0.001415 851
0.001416 851
0.001417 851
0.001418 851
0.001419 851
0.00142 851
0.001421 851
0.001422 851
0.001423 851
0.001424 851
0.001425 851
0.001426 851
0.001427 851
0.001428 851
0.001429 851
0.00143 851
0.001431 851
0.001432 851
0.001433 851
0.001434 851
0.001435 851
0.001436 851
0.001437 851
0.001438 851
0.001439 852
0.00144 852
0.001441 852
0.001442 852
0.001443 852
0.001444 852
0.001445 852
0.001446 852
0.001447 852
0.001448 852
0.001449 852
0.00145 852
0.001451 852
0.001452 851
0.001453 851
0.001454 851
0.001455 851
0.001456 851
0.001457 851
0.001458 851
0.001459 852
0.00146 852
0.001461 852
0.001462 852
0.001463 852
0.001464 852
0.001465 852
0.001466 852
0.001467 852
0.001468 852
0.001469 852
0.00147 852
0.001471 852
0.001472 852
0.001473 852
0.001474 852
0.001475 852
0.001476 852
0.001477 852
0.001478 852
0.001479 853
0.00148 853
0.001481 853
0.001482 853
0.001483 853
0.001484 854
0.001485 854
0.001486 854
0.001487 854
0.001488 854
0.001489 854
0.00149 854
0.001491 855
0.001492 855
0.001493 855
0.001494 855
0.001495 855
0.001496 855
0.001497 855
0.001498 855
0.001499 855
0.0015 855
0.001501 855
0.001502 855
0.001503 855
0.001504 855
0.001505 855
0.001506 855
0.001507 855
0.001508 855
0.001509 855
0.00151 855
0.001511 855
0.001512 855
0.001513 855
0.001514 855
0.001515 855
0.001516 855
0.001517 855
0.001518 855
0.001519 855
0.00152 855
0.001521 855
0.001522 855
0.001523 855
0.001524 855
0.001525 855
0.001526 855
0.001527 856
0.001528 856
0.001529 856
0.00153 856
0.001531 856
0.001532 856
0.001533 856
0.001534 856
0.001535 856
0.001536 856
0.001537 856
0.001538 856
0.001539 856
0.00154 856
0.001541 856
0.001542 856
0.001543 856
0.001544 856
0.001545 856
0.001546 856
0.001547 856
0.001548 856
0.001549 856
0.00155 855
0.001551 855
0.001552 856
0.001553 856
0.001554 856
0.001555 857
0.001556 857
0.001557 857
0.001558 857
0.001559 857
0.00156 857
0.001561 857
0.001562 857
0.001563 857
0.001564 857
0.001565 857
0.001566 857
0.001567 857
0.001568 857
0.001569 857
0.00157 857
0.001571 857
0.001572 857
0.001573 857
0.001574 857
0.001575 856
0.001576 856
0.001577 856
0.001578 855
0.001579 855
0.00158 855
0.001581 856
0.001582 856
0.001583 856
0.001584 857
0.001585 857
0.001586 857
0.001587 857
0.001588 857
0.001589 857
0.00159 857
0.001591 857
0.001592 857
0.001593 857
0.001594 858
0.001595 858
0.001596 858
0.001597 859
0.001598 859
0.001599 859
0.0016 859
0.001601 859
0.001602 859
0.001603 859
0.001604 859
0.001605 859
0.001606 859
0.001607 860
0.001608 860
0.001609 860
0.00161 860
0.001611 860
0.001612 860
0.001613 860
0.001614 860
0.001615 859
0.001616 859
0.001617 859
0.001618 859
0.001619 859
0.00162 859
0.001621 859
0.001622 859
0.001623 859
0.001624 859
0.001625 859
0.001626 860
0.001627 860
0.001628 860
0.001629 860
0.00163 860
0.001631 860
0.001632 860
0.001633 860
0.001634 860
0.001635 860
0.001636 860
0.001637 860
0.001638 860
0.001639 860
0.00164 860
0.001641 860
0.001642 860
0.001643 860
0.001644 860
0.001645 861
0.001646 861
0.001647 861
0.001648 861
0.001649 861
0.00165 861
0.001651 861
0.001652 861
0.001653 861
0.001654 861
0.001655 861
0.001656 861
0.001657 861
0.001658 861
0.001659 861
0.00166 861
0.001661 861
0.001662 861
0.001663 861
0.001664 861
0.001665 861
0.001666 861
0.001667 861
0.001668 861
0.001669 861
0.00167 862
0.001671 861
0.001672 861
0.001673 861
0.001674 861
0.001675 861
0.001676 861
0.001677 861
0.001678 861
0.001679 861
0.00168 861
0.001681 861
0.001682 861
0.001683 861
0.001684 861
0.001685 860
0.001686 860
0.001687 860
0.001688 860
0.001689 860
0.00169 860
0.001691 860
0.001692 861
0.001693 861
0.001694 861
0.001695 861
0.001696 861
0.001697 861
0.001698 861
0.001699 861
0.0017 861
0.001701 861
0.001702 861
0.001703 862
0.001704 862
0.001705 862
0.001706 862
0.001707 863
0.001708 863
0.001709 863
0.00171 863
0.001711 863
0.001712 863
0.001713 863
0.001714 863
0.001715 863
0.001716 863
0.001717 864
0.001718 864
0.001719 864
0.00172 864
0.001721 864
0.001722 864
0.001723 864
0.001724 864
0.001725 864
0.001726 864
0.001727 865
0.001728 865
0.001729 865
0.00173 865
0.001731 865
0.001732 865
0.001733 865
0.001734 865
0.001735 865
0.001736 865
0.001737 865
0.001738 864
0.001739 864
0.00174 864
0.001741 864
0.001742 864
0.001743 864
0.001744 864
0.001745 864
0.001746 864
0.001747 865
0.001748 865
0.001749 865
0.00175 865
0.001751 865
0.001752 865
0.001753 864
0.001754 864
0.001755 864
0.001756 864
0.001757 864
0.001758 864
0.001759 864
0.00176 864
0.001761 864
0.001762 864
0.001763 864
0.001764 863
0.001765 863
0.001766 863
0.001767 863
0.001768 863
0.001769 863
0.00177 863
0.001771 863
0.001772 863
0.001773 863
0.001774 863
0.001775 863
0.001776 863
0.001777 863
0.001778 863
0.001779 863
0.00178 863
0.001781 863
0.001782 863
0.001783 863
0.001784 863
0.001785 863
0.001786 863
0.001787 863
0.001788 863
0.001789 863
0.00179 863
0.001791 863
0.001792 864
0.001793 864
0.001794 864
0.001795 864
0.001796 864
0.001797 864
0.001798 864
0.001799 864
0.0018 864
0.001801 864
0.001802 864
0.001803 864
0.001804 863
0.001805 863
0.001806 863
0.001807 863
0.001808 862
0.001809 862
0.00181 862
0.001811 862
0.001812 862
0.001813 862
0.001814 862
0.001815 862
0.001816 862
0.001817 862
0.001818 862
0.001819 862
0.00182 862
0.001821 862
0.001822 862
0.001823 862
0.001824 862
0.001825 862
0.001826 862
0.001827 862
0.001828 862
0.001829 862
0.00183 863
0.001831 863
0.001832 863
0.001833 863
0.001834 863
0.001835 863
0.001836 863
0.001837 863
0.001838 863
0.001839 863
0.00184 863
0.001841 863
0.001842 863
0.001843 863
0.001844 863
0.001845 863
0.001846 864
0.001847 864
0.001848 864
0.001849 864
0.00185 864
0.001851 864
0.001852 864
0.001853 864
0.001854 863
0.001855 863
0.001856 863
0.001857 863
0.001858 863
0.001859 863
0.00186 864
0.001861 864
0.001862 864
0.001863 864
0.001864 864
0.001865 865
0.001866 865
0.001867 865
0.001868 865
0.001869 865
0.00187 865
0.001871 865
0.001872 865
0.001873 865
0.001874 865
0.001875 865
0.001876 865
0.001877 865
0.001878 865
0.001879 865
0.00188 864
0.001881 864
0.001882 864
0.001883 864
0.001884 864
0.001885 864
0.001886 864
0.001887 864
0.001888 864
0.001889 864
0.00189 864
0.001891 864
0.001892 864
0.001893 864
0.001894 864
0.001895 864
0.001896 864
0.001897 865
0.001898 865
0.001899 865
0.0019 865
0.001901 865
0.001902 865
0.001903 865
0.001904 865
0.001905 865
0.001906 865
0.001907 865
0.001908 865
0.001909 865
0.00191 865
0.001911 865
0.001912 865
0.001913 865
0.001914 865
0.001915 865
0.001916 865
0.001917 865
0.001918 865
0.001919 865
0.00192 865
0.001921 865
0.001922 864
0.001923 864
0.001924 864
0.001925 864
0.001926 864
0.001927 864
0.001928 864
0.001929 864
0.00193 864
0.001931 864
0.001932 864
0.001933 864
0.001934 864
0.001935 864
0.001936 864
0.001937 864
0.001938 864
0.001939 863
0.00194 863
0.001941 863
0.001942 863
0.001943 863
0.001944 863
0.001945 863
0.001946 863
0.001947 863
0.001948 863
0.001949 861
0.00195 861
0.001951 861
0.001952 860
0.001953 860
0.001954 860
0.001955 860
0.001956 860
0.001957 860
0.001958 860
0.001959 860
0.00196 860
0.001961 860
0.001962 860
0.001963 860
0.001964 860
0.001965 860
0.001966 861
0.001967 861
0.001968 861
0.001969 861
0.00197 861
0.001971 861
0.001972 861
0.001973 861
0.001974 861
0.001975 861
0.001976 861
0.001977 861
0.001978 861
0.001979 861
0.00198 861
0.001981 861
0.001982 861
0.001983 861
0.001984 861
0.001985 861
0.001986 861
0.001987 861
0.001988 861
0.001989 861
0.00199 861
0.001991 861
0.001992 861
0.001993 861
0.001994 861
0.001995 861
0.001996 861
0.001997 860
0.001998 860
0.001999 860
0.002 860
0.002001 860
0.002002 860
0.002003 861
0.002004 861
0.002005 861
0.002006 861
0.002007 861
0.002008 861
0.002009 861
0.00201 859
0.002011 859
0.002012 859
0.002013 859
0.002014 859
0.002015 859
0.002016 859
0.002017 859
0.002018 859
0.002019 859
0.00202 859
0.002021 859
0.002022 859
0.002023 859
0.002024 859
0.002025 859
0.002026 859
0.002027 859
0.002028 859
0.002029 859
0.00203 859
0.002031 859
0.002032 858
0.002033 858
0.002034 858
0.002035 858
0.002036 858
0.002037 858
0.002038 858
0.002039 858
0.00204 858
0.002041 858
0.002042 856
0.002043 855
0.002044 856
0.002045 856
0.002046 856
0.002047 856
0.002048 855
0.002049 855
0.00205 855
0.002051 856
0.002052 856
0.002053 855
0.002054 855
0.002055 855
0.002056 855
0.002057 855
0.002058 855
0.002059 856
0.00206 856
0.002061 856
0.002062 856
0.002063 856
0.002064 856
0.002065 857
0.002066 857
0.002067 857
0.002068 856
0.002069 856
0.00207 856
0.002071 856
0.002072 856
0.002073 856
0.002074 856
0.002075 856
0.002076 856
0.002077 856
0.002078 856
0.002079 856
0.00208 856
0.002081 856
0.002082 856
0.002083 856
0.002084 856
0.002085 856
0.002086 856
0.002087 856
0.002088 856
0.002089 856
0.00209 856
0.002091 856
0.002092 856
0.002093 856
0.002094 856
0.002095 856
0.002096 856
0.002097 856
0.002098 856
0.002099 856
0.0021 856
0.002101 856
0.002102 856
0.002103 856
0.002104 856
0.002105 856
0.002106 856
0.002107 856
0.002108 856
0.002109 856
0.00211 856
0.002111 856
0.002112 856
0.002113 856
0.002114 856
0.002115 856
0.002116 855
0.002117 856
0.002118 856
0.002119 856
0.00212 855
0.002121 855
0.002122 855
0.002123 855
0.002124 855
0.002125 855
0.002126 855
0.002127 855
0.002128 855
0.002129 855
0.00213 855
0.002131 855
0.002132 855
0.002133 856
0.002134 856
0.002135 856
0.002136 856
0.002137 856
0.002138 856
0.002139 856
0.00214 856
0.002141 856
0.002142 856
0.002143 856
0.002144 856
0.002145 856
0.002146 856
0.002147 856
0.002148 856
0.002149 856
0.00215 856
0.002151 856
0.002152 856
0.002153 856
0.002154 856
0.002155 857
0.002156 857
0.002157 857
0.002158 857
0.002159 857
0.00216 857
0.002161 858
0.002162 858
0.002163 858
0.002164 858
0.002165 858
0.002166 858
0.002167 858
0.002168 858
0.002169 858
0.00217 858
0.002171 858
0.002172 858
0.002173 858
0.002174 858
0.002175 858
0.002176 858
0.002177 858
0.002178 858
0.002179 858
0.00218 858
0.002181 858
0.002182 858
0.002183 858
0.002184 858
0.002185 858
0.002186 858
0.002187 858
0.002188 858
0.002189 858
0.00219 858
0.002191 858
0.002192 858
0.002193 858
0.002194 858
0.002195 858
0.002196 858
0.002197 858
0.002198 859
0.002199 859
0.0022 859
0.002201 859
0.002202 859
0.002203 859
0.002204 859
0.002205 860
0.002206 860
0.002207 860
0.002208 860
0.002209 860
0.00221 860
0.002211 860
0.002212 860
0.002213 861
0.002214 861
0.002215 861
0.002216 861
0.002217 861
0.002218 861
0.002219 861
0.00222 861
0.002221 861
0.002222 861
0.002223 861
0.002224 861
0.002225 861
0.002226 861
0.002227 861
0.002228 862
0.002229 862
0.00223 862
0.002231 862
0.002232 862
0.002233 862
0.002234 862
0.002235 862
0.002236 862
0.002237 862
0.002238 862
0.002239 862
0.00224 862
0.002241 862
0.002242 862
0.002243 863
0.002244 863
0.002245 863
0.002246 863
0.002247 863
0.002248 863
0.002249 863
0.00225 863
0.002251 863
0.002252 863
0.002253 863
0.002254 864
0.002255 864
0.002256 864
0.002257 864
0.002258 864
0.002259 863
0.00226 863
0.002261 863
0.002262 863
0.002263 862
0.002264 862
0.002265 862
0.002266 862
0.002267 862
0.002268 862
0.002269 862
0.00227 862
0.002271 862
0.002272 862
0.002273 862
0.002274 862
0.002275 862
0.002276 862
0.002277 862
0.002278 862
0.002279 862
0.00228 862
0.002281 862
0.002282 862
0.002283 862
0.002284 862
0.002285 862
0.002286 862
0.002287 862
0.002288 862
0.002289 862
0.00229 862
0.002291 862
0.002292 862
0.002293 862
0.002294 862
0.002295 862
0.002296 862
0.002297 862
0.002298 862
0.002299 863
0.0023 862
0.002301 862
0.002302 862
0.002303 863
0.002304 863
0.002305 863
0.002306 863
0.002307 863
0.002308 863
0.002309 863
0.00231 862
0.002311 861
0.002312 861
0.002313 861
0.002314 861
0.002315 861
0.002316 861
0.002317 861
0.002318 861
0.002319 862
0.00232 862
0.002321 862
0.002322 862
0.002323 862
0.002324 862
0.002325 862
0.002326 862
0.002327 862
0.002328 862
0.002329 862
0.00233 862
0.002331 862
0.002332 862
0.002333 862
0.002334 862
0.002335 862
0.002336 861
0.002337 861
0.002338 861
0.002339 861
0.00234 861
0.002341 861
0.002342 861
0.002343 861
0.002344 861
0.002345 861
0.002346 861
0.002347 861
0.002348 861
0.002349 861
0.00235 861
0.002351 861
0.002352 861
0.002353 861
0.002354 861
0.002355 861
0.002356 861
0.002357 860
0.002358 860
0.002359 860
0.00236 860
0.002361 860
0.002362 860
0.002363 860
0.002364 860
0.002365 860
0.002366 859
0.002367 859
0.002368 859
0.002369 859
0.00237 859
0.002371 859
0.002372 859
0.002373 859
0.002374 860
0.002375 860
0.002376 860
0.002377 861
0.002378 861
0.002379 861
0.00238 861
0.002381 861
0.002382 861
0.002383 862
0.002384 862
0.002385 862
0.002386 862
0.002387 861
0.002388 862
0.002389 862
0.00239 862
0.002391 862
0.002392 862
0.002393 863
0.002394 863
0.002395 863
0.002396 863
0.002397 863
0.002398 863
0.002399 863
0.0024 863
0.002401 863
0.002402 863
0.002403 863
0.002404 863
0.002405 863
0.002406 863
0.002407 863
0.002408 863
0.002409 863
0.00241 863
0.002411 863
0.002412 863
0.002413 864
0.002414 864
0.002415 864
0.002416 864
0.002417 864
0.002418 864
0.002419 864
0.00242 864
0.002421 864
0.002422 864
0.002423 864
0.002424 864
0.002425 864
0.002426 864
0.002427 864
0.002428 864
0.002429 864
0.00243 864
0.002431 864
0.002432 864
0.002433 863
0.002434 863
0.002435 862
0.002436 862
0.002437 861
0.002438 861
0.002439 861
0.00244 861
0.002441 861
0.002442 861
0.002443 861
0.002444 861
0.002445 862
0.002446 862
0.002447 862
0.002448 862
0.002449 862
0.00245 862
0.002451 862
0.002452 863
0.002453 863
0.002454 862
0.002455 862
0.002456 862
0.002457 862
0.002458 862
0.002459 862
0.00246 862
0.002461 862
0.002462 862
0.002463 862
0.002464 862
0.002465 862
0.002466 862
0.002467 862
0.002468 862
0.002469 862
0.00247 862
0.002471 862
0.002472 862
0.002473 862
0.002474 862
0.002475 862
0.002476 863
0.002477 863
0.002478 863
0.002479 863
0.00248 863
0.002481 863
0.002482 863
0.002483 862
0.002484 862
0.002485 862
0.002486 862
0.002487 862
0.002488 862
0.002489 862
0.00249 862
0.002491 862
0.002492 862
0.002493 861
0.002494 861
0.002495 861
0.002496 861
0.002497 862
0.002498 862
0.002499 862
0.0025 862
0.002501 863
0.002502 863
0.002503 863
0.002504 863
0.002505 863
0.002506 863
0.002507 863
0.002508 863
0.002509 864
0.00251 864
0.002511 864
0.002512 864
0.002513 864
0.002514 864
0.002515 864
0.002516 864
0.002517 864
0.002518 864
0.002519 864
0.00252 864
0.002521 864
0.002522 864
0.002523 864
0.002524 865
0.002525 865
0.002526 864
0.002527 864
0.002528 864
0.002529 864
0.00253 864
0.002531 865
0.002532 865
0.002533 865
0.002534 865
0.002535 866
0.002536 866
0.002537 866
0.002538 866
0.002539 866
0.00254 866
0.002541 866
0.002542 866
0.002543 866
0.002544 866
0.002545 865
0.002546 865
0.002547 865
0.002548 865
0.002549 865
0.00255 865
0.002551 865
0.002552 865
0.002553 865
0.002554 865
0.002555 865
0.002556 865
0.002557 865
0.002558 865
0.002559 865
0.00256 865
0.002561 865
0.002562 865
0.002563 865
0.002564 865
0.002565 865
0.002566 865
0.002567 865
0.002568 865
0.002569 865
0.00257 865
0.002571 865
0.002572 865
0.002573 865
0.002574 864
0.002575 864
0.002576 864
0.002577 864
0.002578 864
0.002579 864
0.00258 864
0.002581 864
0.002582 864
0.002583 864
0.002584 864
0.002585 864
0.002586 864
0.002587 864
0.002588 864
0.002589 864
0.00259 864
0.002591 864
0.002592 864
0.002593 864
0.002594 864
0.002595 864
0.002596 863
0.002597 864
0.002598 864
0.002599 864
0.0026 864
0.002601 864
0.002602 864
0.002603 864
0.002604 864
0.002605 864
0.002606 864
0.002607 864
0.002608 864
0.002609 864
0.00261 864
0.002611 864
0.002612 864
0.002613 865
0.002614 865
0.002615 865
0.002616 865
0.002617 865
0.002618 865
0.002619 865
0.00262 865
0.002621 865
0.002622 865
0.002623 865
0.002624 865
0.002625 865
0.002626 865
0.002627 866
0.002628 866
0.002629 867
0.00263 867
0.002631 867
0.002632 867
0.002633 867
0.002634 867
0.002635 867
0.002636 867
0.002637 867
0.002638 867
0.002639 867
0.00264 868
0.002641 868
0.002642 868
0.002643 869
0.002644 869
0.002645 869
0.002646 868
0.002647 868
0.002648 868
0.002649 868
0.00265 868
0.002651 868
0.002652 868
0.002653 868
0.002654 868
0.002655 868
0.002656 869
0.002657 869
0.002658 869
0.002659 869
0.00266 869
0.002661 869
0.002662 869
0.002663 869
0.002664 869
0.002665 869
0.002666 869
0.002667 869
0.002668 869
0.002669 869
0.00267 869
0.002671 869
0.002672 869
0.002673 869
0.002674 869
0.002675 869
0.002676 869
0.002677 869
0.002678 869
0.002679 869
0.00268 869
0.002681 869
0.002682 869
0.002683 869
0.002684 869
0.002685 869
0.002686 869
0.002687 869
0.002688 869
0.002689 869
0.00269 869
0.002691 869
0.002692 869
0.002693 869
0.002694 869
0.002695 869
0.002696 869
0.002697 869
0.002698 869
0.002699 869
0.0027 869
0.002701 869
0.002702 869
0.002703 869
0.002704 869
0.002705 869
0.002706 869
0.002707 869
0.002708 869
0.002709 869
0.00271 870
0.002711 870
0.002712 871
0.002713 871
0.002714 871
0.002715 871
0.002716 871
0.002717 871
0.002718 871
0.002719 871
0.00272 871
0.002721 871
0.002722 871
0.002723 871
0.002724 871
0.002725 871
0.002726 871
0.002727 872
0.002728 872
0.002729 872
0.00273 872
0.002731 872
0.002732 872
0.002733 872
0.002734 872
0.002735 872
0.002736 872
0.002737 872
0.002738 872
0.002739 872
0.00274 872
0.002741 872
0.002742 872
0.002743 872
0.002744 872
0.002745 872
0.002746 872
0.002747 873
0.002748 873
0.002749 872
0.00275 872
0.002751 873
0.002752 873
0.002753 873
0.002754 874
0.002755 874
0.002756 874
0.002757 874
0.002758 874
0.002759 874
0.00276 874
0.002761 874
0.002762 874
0.002763 874
0.002764 874
0.002765 874
0.002766 874
0.002767 874
0.002768 874
0.002769 874
0.00277 874
0.002771 874
0.002772 874
0.002773 874
0.002774 874
0.002775 874
0.002776 874
0.002777 874
0.002778 874
0.002779 874
0.00278 875
0.002781 875
0.002782 875
0.002783 875
0.002784 875
0.002785 875
0.002786 875
0.002787 875
0.002788 875
0.002789 875
0.00279 875
0.002791 875
0.002792 875
0.002793 875
0.002794 875
0.002795 875
0.002796 875
0.002797 875
0.002798 875
0.002799 875
0.0028 875
0.002801 875
0.002802 875
0.002803 875
0.002804 875
0.002805 875
0.002806 875
0.002807 875
0.002808 875
0.002809 875
0.00281 875
0.002811 875
0.002812 875
0.002813 875
0.002814 875
0.002815 875
0.002816 875
0.002817 874
0.002818 874
0.002819 874
0.00282 874
0.002821 874
0.002822 874
0.002823 874
0.002824 874
0.002825 874
0.002826 874
0.002827 874
0.002828 874
0.002829 874
0.00283 874
0.002831 874
0.002832 874
0.002833 874
0.002834 874
0.002835 874
0.002836 874
0.002837 874
0.002838 874
0.002839 874
0.00284 874
0.002841 874
0.002842 874
0.002843 874
0.002844 874
0.002845 874
0.002846 874
0.002847 874
0.002848 874
0.002849 874
0.00285 874
0.002851 873
0.002852 873
0.002853 873
0.002854 873
0.002855 873
0.002856 873
0.002857 873
0.002858 873
0.002859 873
0.00286 873
0.002861 873
0.002862 873
0.002863 873
0.002864 873
0.002865 873
0.002866 873
0.002867 873
0.002868 873
0.002869 873
0.00287 873
0.002871 873
0.002872 873
0.002873 873
0.002874 873
0.002875 872
0.002876 872
0.002877 872
0.002878 872
0.002879 872
0.00288 872
0.002881 872
0.002882 872
0.002883 872
0.002884 872
0.002885 872
0.002886 872
0.002887 872
0.002888 872
0.002889 873
0.00289 873
0.002891 873
0.002892 873
0.002893 873
0.002894 873
0.002895 873
0.002896 873
0.002897 873
0.002898 873
0.002899 873
0.0029 873
0.002901 873
0.002902 873
0.002903 873
0.002904 873
0.002905 873
0.002906 873
0.002907 873
0.002908 873
0.002909 873
0.00291 872
0.002911 872
0.002912 872
0.002913 872
0.002914 872
0.002915 872
0.002916 872
0.002917 872
0.002918 872
0.002919 872
0.00292 872
0.002921 872
0.002922 871
0.002923 871
0.002924 871
0.002925 871
0.002926 871
0.002927 872
0.002928 872
0.002929 872
0.00293 873
0.002931 873
0.002932 873
0.002933 873
0.002934 873
0.002935 873
0.002936 873
0.002937 873
0.002938 873
0.002939 873
0.00294 873
0.002941 873
0.002942 873
0.002943 873
0.002944 873
0.002945 873
0.002946 873
0.002947 873
0.002948 874
0.002949 874
0.00295 874
0.002951 874
0.002952 874
0.002953 874
0.002954 874
0.002955 874
0.002956 874
0.002957 874
0.002958 875
0.002959 875
0.00296 875
0.002961 875
0.002962 875
0.002963 875
0.002964 876
0.002965 876
0.002966 876
0.002967 876
0.002968 876
0.002969 876
0.00297 875
0.002971 875
0.002972 875
0.002973 875
0.002974 875
0.002975 875
0.002976 875
0.002977 875
0.002978 875
0.002979 875
0.00298 875
0.002981 875
0.002982 875
0.002983 875
0.002984 875
0.002985 875
0.002986 875
0.002987 875
0.002988 875
0.002989 875
0.00299 874
0.002991 874
0.002992 874
0.002993 875
0.002994 875
0.002995 875
0.002996 875
0.002997 875
0.002998 875
0.002999 875
0.003 875
0.003001 875
0.003002 875
0.003003 875
0.003004 875
0.003005 875
0.003006 875
0.003007 875
0.003008 875
0.003009 875
0.00301 875
0.003011 875
0.003012 875
0.003013 875
0.003014 875
0.003015 875
0.003016 875
0.003017 875
0.003018 875
0.003019 875
0.00302 876
0.003021 876
0.003022 876
0.003023 876
0.003024 875
0.003025 875
0.003026 875
0.003027 875
0.003028 875
0.003029 875
0.00303 875
0.003031 875
0.003032 875
0.003033 875
0.003034 875
0.003035 875
0.003036 875
0.003037 875
0.003038 875
0.003039 875
0.00304 875
0.003041 875
0.003042 875
0.003043 875
0.003044 876
0.003045 876
0.003046 876
0.003047 876
0.003048 876
0.003049 876
0.00305 876
0.003051 876
0.003052 876
0.003053 876
0.003054 876
0.003055 876
0.003056 876
0.003057 876
0.003058 876
0.003059 876
0.00306 876
0.003061 876
0.003062 876
0.003063 876
0.003064 876
0.003065 876
0.003066 876
0.003067 876
0.003068 876
0.003069 876
0.00307 877
0.003071 877
0.003072 877
0.003073 877
0.003074 877
0.003075 877
0.003076 877
0.003077 877
0.003078 877
0.003079 877
0.00308 877
0.003081 877
0.003082 877
0.003083 877
0.003084 877
0.003085 878
0.003086 878
0.003087 878
0.003088 878
0.003089 879
0.00309 879
0.003091 878
0.003092 878
0.003093 878
0.003094 878
0.003095 878
0.003096 878
0.003097 878
0.003098 878
0.003099 878
0.0031 878
0.003101 878
0.003102 878
0.003103 878
0.003104 878
0.003105 878
0.003106 878
0.003107 879
0.003108 879
0.003109 879
0.00311 879
0.003111 879
0.003112 879
0.003113 879
0.003114 879
0.003115 879
0.003116 879
0.003117 879
0.003118 879
0.003119 879
0.00312 879
0.003121 879
0.003122 879
0.003123 880
0.003124 880
0.003125 880
0.003126 880
0.003127 880
0.003128 880
0.003129 880
0.00313 880
0.003131 881
0.003132 881
0.003133 881
0.003134 881
0.003135 881
0.003136 881
0.003137 881
0.003138 881
0.003139 881
0.00314 881
0.003141 881
0.003142 881
0.003143 881
0.003144 881
0.003145 881
0.003146 881
0.003147 881
0.003148 881
0.003149 881
0.00315 881
0.003151 881
0.003152 881
0.003153 881
0.003154 881
0.003155 881
0.003156 881
0.003157 881
0.003158 881
0.003159 881
0.00316 881
0.003161 881
0.003162 881
0.003163 881
0.003164 881
0.003165 881
0.003166 881
0.003167 881
0.003168 881
0.003169 882
0.00317 882
0.003171 882
0.003172 882
0.003173 882
0.003174 882
0.003175 882
0.003176 882
0.003177 882
0.003178 882
0.003179 882
0.00318 882
0.003181 882
0.003182 882
0.003183 882
0.003184 882
0.003185 882
0.003186 882
0.003187 883
0.003188 883
0.003189 883
0.00319 883
0.003191 883
0.003192 882
0.003193 882
0.003194 882
0.003195 882
0.003196 882
0.003197 882
0.003198 882
0.003199 883
0.0032 883
0.003201 883
0.003202 883
0.003203 883
0.003204 882
0.003205 882
0.003206 882
0.003207 882
0.003208 882
0.003209 882
0.00321 882
0.003211 882
0.003212 882
0.003213 882
0.003214 882
0.003215 882
0.003216 883
0.003217 883
0.003218 883
0.003219 883
0.00322 884
0.003221 884
0.003222 884
0.003223 883
0.003224 883
0.003225 883
0.003226 883
0.003227 883
0.003228 883
0.003229 883
0.00323 883
0.003231 883
0.003232 883
0.003233 882
0.003234 882
0.003235 882
0.003236 882
0.003237 882
0.003238 882
0.003239 882
0.00324 882
0.003241 882
0.003242 882
0.003243 882
0.003244 882
0.003245 882
0.003246 882
0.003247 882
0.003248 882
0.003249 882
0.00325 882
0.003251 882
0.003252 881
0.003253 881
0.003254 881
0.003255 881
0.003256 881
0.003257 881
0.003258 881
0.003259 881
0.00326 881
0.003261 881
0.003262 881
0.003263 881
0.003264 881
0.003265 881
0.003266 881
0.003267 881
0.003268 881
0.003269 881
0.00327 881
0.003271 881
0.003272 881
0.003273 881
0.003274 881
0.003275 881
0.003276 881
0.003277 881
0.003278 881
0.003279 881
0.00328 881
0.003281 881
0.003282 881
0.003283 881
0.003284 881
0.003285 881
0.003286 881
0.003287 881
0.003288 881
0.003289 881
0.00329 881
0.003291 881
0.003292 881
0.003293 881
0.003294 881
0.003295 881
0.003296 881
0.003297 881
0.003298 881
0.003299 881
0.0033 882
0.003301 882
0.003302 882
0.003303 882
0.003304 882
0.003305 882
0.003306 882
0.003307 882
0.003308 882
0.003309 882
0.00331 882
0.003311 882
0.003312 882
0.003313 882
0.003314 882
0.003315 882
0.003316 882
0.003317 882
0.003318 882
0.003319 882
0.00332 882
0.003321 882
0.003322 882
0.003323 882
0.003324 882
0.003325 882
0.003326 882
0.003327 882
0.003328 882
0.003329 882
0.00333 882
0.003331 882
0.003332 883
0.003333 883
0.003334 883
0.003335 883
0.003336 883
0.003337 883
0.003338 883
0.003339 883
0.00334 884
0.003341 884
0.003342 884
0.003343 884
0.003344 884
0.003345 884
0.003346 884
0.003347 884
0.003348 884
0.003349 884
0.00335 884
0.003351 884
0.003352 884
0.003353 884
0.003354 884
0.003355 884
0.003356 884
0.003357 884
0.003358 884
0.003359 884
0.00336 884
0.003361 884
0.003362 884
0.003363 884
0.003364 884
0.003365 884
0.003366 884
0.003367 884
0.003368 884
0.003369 884
0.00337 884
0.003371 884
0.003372 884
0.003373 884
0.003374 884
0.003375 884
0.003376 884
0.003377 885
0.003378 885
0.003379 885
0.00338 885
0.003381 885
0.003382 885
0.003383 885
0.003384 885
0.003385 885
0.003386 885
0.003387 885
0.003388 885
0.003389 885
0.00339 885
0.003391 885
0.003392 885
0.003393 884
0.003394 884
0.003395 884
0.003396 884
0.003397 884
0.003398 884
0.003399 885
0.0034 885
0.003401 885
0.003402 885
0.003403 885
0.003404 884
0.003405 885
0.003406 885
0.003407 885
0.003408 885
0.003409 885
0.00341 883
0.003411 883
0.003412 883
0.003413 883
0.003414 883
0.003415 883
0.003416 883
0.003417 883
0.003418 884
0.003419 884
0.00342 884
0.003421 883
0.003422 882
0.003423 882
0.003424 882
0.003425 882
0.003426 883
0.003427 883
0.003428 883
0.003429 883
0.00343 883
0.003431 883
0.003432 883
0.003433 883
0.003434 883
0.003435 884
0.003436 884
0.003437 884
0.003438 884
0.003439 884
0.00344 884
0.003441 884
0.003442 885
0.003443 885
0.003444 885
0.003445 885
0.003446 885
0.003447 885
0.003448 886
0.003449 886
0.00345 886
0.003451 886
0.003452 886
0.003453 886
0.003454 887
0.003455 887
0.003456 887
0.003457 887
0.003458 887
0.003459 887
0.00346 887
0.003461 887
0.003462 887
0.003463 887
0.003464 887
0.003465 887
0.003466 887
0.003467 887
0.003468 886
0.003469 886
0.00347 886
0.003471 886
0.003472 886
0.003473 886
0.003474 886
0.003475 886
0.003476 886
0.003477 886
0.003478 886
0.003479 886
0.00348 886
0.003481 886
0.003482 886
0.003483 886
0.003484 886
0.003485 886
0.003486 886
0.003487 886
0.003488 886
0.003489 886
0.00349 886
0.003491 886
0.003492 886
0.003493 886
0.003494 886
0.003495 886
0.003496 886
0.003497 886
0.003498 887
0.003499 887
0.0035 887
0.003501 887
0.003502 887
0.003503 887
0.003504 888
0.003505 888
0.003506 888
0.003507 889
0.003508 889
0.003509 889
0.00351 889
0.003511 889
0.003512 889
0.003513 889
0.003514 889
0.003515 889
0.003516 889
0.003517 888
0.003518 889
0.003519 889
0.00352 889
0.003521 890
0.003522 890
0.003523 890
0.003524 891
0.003525 891
0.003526 891
0.003527 891
0.003528 891
0.003529 891
0.00353 891
0.003531 891
0.003532 891
0.003533 891
0.003534 891
0.003535 891
0.003536 891
0.003537 891
0.003538 891
0.003539 891
0.00354 892
0.003541 892
0.003542 892
0.003543 892
0.003544 892
0.003545 892
0.003546 892
0.003547 892
0.003548 892
0.003549 892
0.00355 893
0.003551 893
0.003552 893
0.003553 893
0.003554 893
0.003555 893
0.003556 893
0.003557 893
0.003558 892
0.003559 892
0.00356 892
0.003561 892
0.003562 892
0.003563 892
0.003564 892
0.003565 892
0.003566 893
0.003567 893
0.003568 893
0.003569 893
0.00357 893
0.003571 894
0.003572 894
0.003573 894
0.003574 894
0.003575 894
0.003576 894
0.003577 894
0.003578 894
0.003579 894
0.00358 894
0.003581 894
0.003582 894
0.003583 894
0.003584 894
0.003585 894
0.003586 894
0.003587 894
0.003588 894
0.003589 894
0.00359 894
0.003591 894
0.003592 894
0.003593 895
0.003594 895
0.003595 895
0.003596 895
0.003597 895
0.003598 895
0.003599 894
0.0036 894
0.003601 894
0.003602 894
0.003603 893
0.003604 893
0.003605 893
0.003606 893
0.003607 894
0.003608 894
0.003609 894
0.00361 894
0.003611 894
0.003612 894
0.003613 894
0.003614 894
0.003615 894
0.003616 894
0.003617 894
0.003618 894
0.003619 894
0.00362 894
0.003621 894
0.003622 894
0.003623 894
0.003624 894
0.003625 894
0.003626 894
0.003627 894
0.003628 894
0.003629 894
0.00363 893
0.003631 893
0.003632 893
0.003633 893
0.003634 894
0.003635 895
0.003636 895
0.003637 895
0.003638 895
0.003639 895
0.00364 895
0.003641 895
0.003642 895
0.003643 895
0.003644 894
0.003645 894
0.003646 894
0.003647 894
0.003648 894
0.003649 894
0.00365 894
0.003651 894
0.003652 894
0.003653 894
0.003654 894
0.003655 894
0.003656 894
0.003657 894
0.003658 894
0.003659 894
0.00366 894
0.003661 895
0.003662 894
0.003663 895
0.003664 895
0.003665 896
0.003666 895
0.003667 895
0.003668 895
0.003669 895
0.00367 895
0.003671 895
0.003672 894
0.003673 894
0.003674 895
0.003675 894
0.003676 895
0.003677 895
0.003678 895
0.003679 895
0.00368 895
0.003681 895
0.003682 895
0.003683 895
0.003684 895
0.003685 894
0.003686 894
0.003687 894
0.003688 894
0.003689 894
0.00369 894
0.003691 894
0.003692 895
0.003693 895
0.003694 895
0.003695 895
0.003696 895
0.003697 895
0.003698 895
0.003699 895
0.0037 895
0.003701 895
0.003702 895
0.003703 895
0.003704 895
0.003705 895
0.003706 895
0.003707 895
0.003708 895
0.003709 895
0.00371 895
0.003711 895
0.003712 895
0.003713 895
0.003714 895
0.003715 895
0.003716 895
0.003717 895
0.003718 895
0.003719 895
0.00372 895
0.003721 895
0.003722 895
0.003723 895
0.003724 896
0.003725 896
0.003726 896
0.003727 896
0.003728 896
0.003729 896
0.00373 896
0.003731 896
0.003732 896
0.003733 896
0.003734 896
0.003735 896
0.003736 895
0.003737 895
0.003738 895
0.003739 895
0.00374 895
0.003741 895
0.003742 895
0.003743 895
0.003744 895
0.003745 895
0.003746 895
0.003747 895
0.003748 895
0.003749 895
0.00375 895
0.003751 895
0.003752 895
0.003753 895
0.003754 895
0.003755 894
0.003756 894
0.003757 894
0.003758 894
0.003759 894
0.00376 894
0.003761 893
0.003762 893
0.003763 893
0.003764 893
0.003765 893
0.003766 893
0.003767 893
0.003768 893
0.003769 892
0.00377 892
0.003771 892
0.003772 892
0.003773 892
0.003774 892
0.003775 892
0.003776 892
0.003777 892
0.003778 892
0.003779 892
0.00378 892
0.003781 892
0.003782 892
0.003783 892
0.003784 892
0.003785 892
0.003786 892
0.003787 892
0.003788 892
0.003789 892
0.00379 892
0.003791 893
0.003792 893
0.003793 893
0.003794 893
0.003795 893
0.003796 893
0.003797 893
0.003798 893
0.003799 894
0.0038 894
0.003801 894
0.003802 894
0.003803 894
0.003804 894
0.003805 894
0.003806 894
0.003807 894
0.003808 894
0.003809 894
0.00381 894
0.003811 894
0.003812 894
0.003813 894
0.003814 894
0.003815 894
0.003816 894
0.003817 894
0.003818 894
0.003819 894
0.00382 894
0.003821 894
0.003822 894
0.003823 894
0.003824 894
0.003825 894
0.003826 894
0.003827 894
0.003828 894
0.003829 895
0.00383 895
0.003831 895
0.003832 895
0.003833 894
0.003834 894
0.003835 894
0.003836 894
0.003837 895
0.003838 896
0.003839 895
0.00384 895
0.003841 895
0.003842 895
0.003843 895
0.003844 896
0.003845 896
0.003846 896
0.003847 896
0.003848 896
0.003849 896
0.00385 896
0.003851 896
0.003852 895
0.003853 895
0.003854 895
0.003855 894
0.003856 894
0.003857 894
0.003858 894
0.003859 894
0.00386 894
0.003861 894
0.003862 894
0.003863 894
0.003864 894
0.003865 894
0.003866 894
0.003867 894
0.003868 894
0.003869 894
0.00387 894
0.003871 893
0.003872 893
0.003873 894
0.003874 894
0.003875 894
0.003876 894
0.003877 896
0.003878 896
0.003879 896
0.00388 896
0.003881 896
0.003882 896
0.003883 896
0.003884 896
0.003885 896
0.003886 896
0.003887 896
0.003888 896
0.003889 896
0.00389 896
0.003891 896
0.003892 896
0.003893 896
0.003894 897
0.003895 897
0.003896 897
0.003897 896
0.003898 895
0.003899 895
0.0039 895
0.003901 895
0.003902 895
0.003903 895
0.003904 895
0.003905 895
0.003906 895
0.003907 895
0.003908 895
0.003909 895
0.00391 895
0.003911 895
0.003912 895
0.003913 895
0.003914 895
0.003915 895
0.003916 895
0.003917 895
0.003918 895
0.003919 896
0.00392 896
0.003921 896
0.003922 896
0.003923 896
0.003924 897
0.003925 897
0.003926 897
0.003927 897
0.003928 897
0.003929 897
0.00393 897
0.003931 897
0.003932 897
0.003933 897
0.003934 897
0.003935 897
0.003936 897
0.003937 897
0.003938 897
0.003939 897
0.00394 897
0.003941 897
0.003942 897
0.003943 897
0.003944 897
0.003945 897
0.003946 897
0.003947 897
0.003948 897
0.003949 897
0.00395 897
0.003951 897
0.003952 897
0.003953 896
0.003954 896
0.003955 896
0.003956 896
0.003957 896
0.003958 896
0.003959 896
0.00396 895
0.003961 895
0.003962 895
0.003963 895
0.003964 895
0.003965 895
0.003966 896
0.003967 896
0.003968 896
0.003969 896
0.00397 896
0.003971 896
0.003972 896
0.003973 896
0.003974 896
0.003975 896
0.003976 896
0.003977 896
0.003978 896
0.003979 896
0.00398 896
0.003981 896
0.003982 896
0.003983 895
0.003984 894
0.003985 894
0.003986 894
0.003987 893
0.003988 893
0.003989 894
0.00399 893
0.003991 893
0.003992 893
0.003993 893
0.003994 893
0.003995 893
0.003996 893
0.003997 893
0.003998 893
0.003999 893
0.004 893
0.004001 893
0.004002 893
0.004003 893
0.004004 893
0.004005 893
0.004006 893
0.004007 894
0.004008 894
0.004009 894
0.00401 894
0.004011 894
0.004012 894
0.004013 894
0.004014 895
0.004015 895
0.004016 895
0.004017 895
0.004018 895
0.004019 895
0.00402 895
0.004021 895
0.004022 895
0.004023 895
0.004024 895
0.004025 895
0.004026 895
0.004027 895
0.004028 895
0.004029 895
0.00403 895
0.004031 895
0.004032 895
0.004033 895
0.004034 895
0.004035 895
0.004036 895
0.004037 895
0.004038 895
0.004039 895
0.00404 895
0.004041 895
0.004042 895
0.004043 895
0.004044 895
0.004045 895
0.004046 895
0.004047 895
0.004048 895
0.004049 895
0.00405 895
0.004051 895
0.004052 895
0.004053 895
0.004054 895
0.004055 895
0.004056 895
0.004057 895
0.004058 895
0.004059 895
0.00406 895
0.004061 895
0.004062 895
0.004063 895
0.004064 895
0.004065 895
0.004066 895
0.004067 895
0.004068 895
0.004069 895
0.00407 895
0.004071 895
0.004072 895
0.004073 895
0.004074 895
0.004075 895
0.004076 895
0.004077 895
0.004078 895
0.004079 895
0.00408 895
0.004081 894
0.004082 894
0.004083 894
0.004084 893
0.004085 893
0.004086 893
0.004087 893
0.004088 893
0.004089 893
0.00409 894
0.004091 894
0.004092 894
0.004093 893
0.004094 893
0.004095 893
0.004096 893
0.004097 893
0.004098 893
0.004099 893
0.0041 893
0.004101 893
0.004102 893
0.004103 893
0.004104 893
0.004105 892
0.004106 892
0.004107 892
0.004108 892
0.004109 892
0.00411 892
0.004111 892
0.004112 892
0.004113 892
0.004114 892
0.004115 892
0.004116 892
0.004117 892
0.004118 892
0.004119 893
0.00412 894
0.004121 894
0.004122 894
0.004123 894
0.004124 894
0.004125 894
0.004126 894
0.004127 894
0.004128 894
0.004129 894
0.00413 895
0.004131 895
0.004132 895
0.004133 895
0.004134 895
0.004135 895
0.004136 895
0.004137 895
0.004138 895
0.004139 895
0.00414 895
0.004141 895
0.004142 896
0.004143 896
0.004144 896
0.004145 896
0.004146 896
0.004147 896
0.004148 896
0.004149 896
0.00415 896
0.004151 896
0.004152 895
0.004153 895
0.004154 895
0.004155 895
0.004156 895
0.004157 895
0.004158 895
0.004159 895
0.00416 895
0.004161 895
0.004162 895
0.004163 896
0.004164 896
0.004165 896
0.004166 896
0.004167 896
0.004168 896
0.004169 896
0.00417 896
0.004171 896
0.004172 896
0.004173 896
0.004174 896
0.004175 896
0.004176 896
0.004177 896
0.004178 896
0.004179 896
0.00418 896
0.004181 896
0.004182 895
0.004183 895
0.004184 895
0.004185 895
0.004186 895
0.004187 895
0.004188 895
0.004189 895
0.00419 895
0.004191 895
0.004192 895
0.004193 895
0.004194 895
0.004195 895
0.004196 895
0.004197 895
0.004198 895
0.004199 895
0.0042 895
0.004201 895
0.004202 895
0.004203 895
0.004204 895
0.004205 895
0.004206 894
0.004207 895
0.004208 895
0.004209 895
0.00421 896
0.004211 896
0.004212 896
0.004213 896
0.004214 896
0.004215 896
0.004216 896
0.004217 896
0.004218 895
0.004219 895
0.00422 895
0.004221 895
0.004222 895
0.004223 895
0.004224 895
0.004225 895
0.004226 895
0.004227 895
0.004228 895
0.004229 895
0.00423 895
0.004231 895
0.004232 894
0.004233 894
0.004234 894
0.004235 893
0.004236 893
0.004237 893
0.004238 893
0.004239 893
0.00424 893
0.004241 893
0.004242 893
0.004243 893
0.004244 893
0.004245 893
0.004246 893
0.004247 893
0.004248 893
0.004249 893
0.00425 893
0.004251 893
0.004252 893
0.004253 894
0.004254 894
0.004255 894
0.004256 893
0.004257 893
0.004258 894
0.004259 894
0.00426 894
0.004261 894
0.004262 894
0.004263 894
0.004264 894
0.004265 894
0.004266 894
0.004267 894
0.004268 894
0.004269 894
0.00427 894
0.004271 894
0.004272 894
0.004273 894
0.004274 894
0.004275 894
0.004276 894
0.004277 894
0.004278 894
0.004279 894
0.00428 894
0.004281 894
0.004282 894
0.004283 894
0.004284 894
0.004285 895
0.004286 895
0.004287 895
0.004288 895
0.004289 895
0.00429 895
0.004291 895
0.004292 895
0.004293 895
0.004294 895
0.004295 895
0.004296 895
0.004297 895
0.004298 894
0.004299 894
0.0043 894
0.004301 894
0.004302 894
0.004303 894
0.004304 894
0.004305 894
0.004306 894
0.004307 894
0.004308 894
0.004309 894
0.00431 893
0.004311 893
0.004312 893
0.004313 893
0.004314 893
0.004315 893
0.004316 893
0.004317 893
0.004318 893
0.004319 893
0.00432 893
0.004321 893
0.004322 893
0.004323 893
0.004324 893
0.004325 892
0.004326 892
0.004327 892
0.004328 892
0.004329 892
0.00433 892
0.004331 892
0.004332 892
0.004333 892
0.004334 891
0.004335 891
0.004336 891
0.004337 891
0.004338 891
0.004339 891
0.00434 891
0.004341 891
0.004342 891
0.004343 891
0.004344 891
0.004345 891
0.004346 891
0.004347 891
0.004348 891
0.004349 891
0.00435 891
0.004351 891
0.004352 891
0.004353 891
0.004354 890
0.004355 890
0.004356 891
0.004357 891
0.004358 891
0.004359 891
0.00436 891
0.004361 891
0.004362 891
0.004363 891
0.004364 891
0.004365 891
0.004366 890
0.004367 890
0.004368 890
0.004369 890
0.00437 890
0.004371 890
0.004372 891
0.004373 891
0.004374 891
0.004375 891
0.004376 891
0.004377 891
0.004378 891
0.004379 891
0.00438 891
0.004381 891
0.004382 892
0.004383 892
0.004384 892
0.004385 892
0.004386 892
0.004387 892
0.004388 892
0.004389 892
0.00439 892
0.004391 892
0.004392 892
0.004393 892
0.004394 892
0.004395 892
0.004396 892
0.004397 892
0.004398 892
0.004399 892
0.0044 892
0.004401 892
0.004402 892
0.004403 892
0.004404 893
0.004405 893
0.004406 893
0.004407 893
0.004408 893
0.004409 893
0.00441 893
0.004411 893
0.004412 893
0.004413 893
0.004414 893
0.004415 893
0.004416 893
0.004417 893
0.004418 893
0.004419 893
0.00442 893
0.004421 893
0.004422 893
0.004423 893
0.004424 893
0.004425 893
0.004426 893
0.004427 893
0.004428 893
0.004429 893
0.00443 892
0.004431 892
0.004432 892
0.004433 891
0.004434 891
0.004435 891
0.004436 891
0.004437 891
0.004438 891
0.004439 891
0.00444 891
0.004441 891
0.004442 892
0.004443 892
0.004444 893
0.004445 893
0.004446 892
0.004447 892
0.004448 892
0.004449 892
0.00445 892
0.004451 892
0.004452 892
0.004453 892
0.004454 892
0.004455 892
0.004456 892
0.004457 892
0.004458 892
0.004459 892
0.00446 892
0.004461 892
0.004462 892
0.004463 892
0.004464 892
0.004465 892
0.004466 892
0.004467 892
0.004468 892
0.004469 892
0.00447 892
0.004471 892
0.004472 892
0.004473 892
0.004474 892
0.004475 892
0.004476 892
0.004477 892
0.004478 893
0.004479 893
0.00448 893
0.004481 893
0.004482 893
0.004483 893
0.004484 893
0.004485 893
0.004486 893
0.004487 893
0.004488 893
0.004489 893
0.00449 893
0.004491 893
0.004492 893
0.004493 893
0.004494 893
0.004495 893
0.004496 894
0.004497 894
0.004498 894
0.004499 894
0.0045 894
0.004501 894
0.004502 893
0.004503 893
0.004504 893
0.004505 893
0.004506 894
0.004507 895
0.004508 895
0.004509 895
0.00451 895
0.004511 895
0.004512 895
0.004513 895
0.004514 896
0.004515 896
0.004516 896
0.004517 896
0.004518 896
0.004519 896
0.00452 897
0.004521 897
0.004522 897
0.004523 897
0.004524 897
0.004525 897
0.004526 897
0.004527 897
0.004528 897
0.004529 897
0.00453 897
0.004531 897
0.004532 897
0.004533 897
0.004534 897
0.004535 897
0.004536 897
0.004537 897
0.004538 897
0.004539 897
0.00454 897
0.004541 897
0.004542 897
0.004543 897
0.004544 897
0.004545 897
0.004546 897
0.004547 898
0.004548 898
0.004549 898
0.00455 899
0.004551 899
0.004552 899
0.004553 899
0.004554 899
0.004555 899
0.004556 899
0.004557 899
0.004558 899
0.004559 899
0.00456 899
0.004561 900
0.004562 900
0.004563 900
0.004564 900
0.004565 900
0.004566 900
0.004567 900
0.004568 900
0.004569 900
0.00457 900
0.004571 900
0.004572 900
0.004573 900
0.004574 900
0.004575 901
0.004576 901
0.004577 901
0.004578 901
0.004579 901
0.00458 901
0.004581 902
0.004582 902
0.004583 902
0.004584 902
0.004585 902
0.004586 902
0.004587 902
0.004588 902
0.004589 902
0.00459 902
0.004591 902
0.004592 902
0.004593 902
0.004594 902
0.004595 902
0.004596 902
0.004597 902
0.004598 902
0.004599 902
0.0046 902
0.004601 902
0.004602 902
0.004603 902
0.004604 902
0.004605 902
0.004606 902
0.004607 902
0.004608 903
0.004609 903
0.00461 903
0.004611 903
0.004612 903
0.004613 903
0.004614 903
0.004615 903
0.004616 903
0.004617 903
0.004618 903
0.004619 903
0.00462 903
0.004621 903
0.004622 903
0.004623 903
0.004624 903
0.004625 903
0.004626 903
0.004627 903
0.004628 903
0.004629 903
0.00463 903
0.004631 903
0.004632 903
0.004633 903
0.004634 905
0.004635 905
0.004636 905
0.004637 905
0.004638 905
0.004639 905
0.00464 905
0.004641 905
0.004642 905
0.004643 906
0.004644 906
0.004645 906
0.004646 906
0.004647 906
0.004648 906
0.004649 906
0.00465 906
0.004651 906
0.004652 906
0.004653 906
0.004654 906
0.004655 906
0.004656 905
0.004657 905
0.004658 905
0.004659 905
0.00466 905
0.004661 905
0.004662 905
0.004663 905
0.004664 905
0.004665 905
0.004666 905
0.004667 905
0.004668 905
0.004669 905
0.00467 905
0.004671 905
0.004672 905
0.004673 905
0.004674 905
0.004675 905
0.004676 905
0.004677 905
0.004678 905
0.004679 903
0.00468 902
0.004681 902
0.004682 902
0.004683 902
0.004684 902
0.004685 902
0.004686 902
0.004687 902
0.004688 902
0.004689 902
0.00469 902
0.004691 902
0.004692 902
0.004693 902
0.004694 902
0.004695 902
0.004696 902
0.004697 902
0.004698 902
0.004699 902
0.0047 902
0.004701 902
0.004702 902
0.004703 902
0.004704 902
0.004705 902
0.004706 902
0.004707 902
0.004708 902
0.004709 902
0.00471 902
0.004711 902
0.004712 902
0.004713 902
0.004714 902
0.004715 902
0.004716 902
0.004717 902
0.004718 902
0.004719 903
0.00472 903
0.004721 903
0.004722 903
0.004723 903
0.004724 903
0.004725 903
0.004726 903
0.004727 903
0.004728 903
0.004729 903
0.00473 903
0.004731 903
0.004732 903
0.004733 903
0.004734 903
0.004735 903
0.004736 903
0.004737 903
0.004738 903
0.004739 903
0.00474 903
0.004741 903
0.004742 903
0.004743 903
0.004744 903
0.004745 903
0.004746 903
0.004747 903
0.004748 903
0.004749 902
0.00475 902
0.004751 902
0.004752 902
0.004753 902
0.004754 902
0.004755 902
0.004756 902
0.004757 903
0.004758 903
0.004759 903
0.00476 903
0.004761 903
0.004762 903
0.004763 903
0.004764 903
0.004765 903
0.004766 903
0.004767 903
0.004768 903
0.004769 903
0.00477 903
0.004771 904
0.004772 904
0.004773 904
0.004774 905
0.004775 905
0.004776 905
0.004777 905
0.004778 905
0.004779 904
0.00478 904
0.004781 904
0.004782 905
0.004783 905
0.004784 906
0.004785 906
0.004786 906
0.004787 906
0.004788 906
0.004789 906
0.00479 906
0.004791 906
0.004792 906
0.004793 906
0.004794 906
0.004795 906
0.004796 906
0.004797 907
0.004798 907
0.004799 907
0.0048 907
0.004801 907
0.004802 907
0.004803 907
0.004804 907
0.004805 907
0.004806 906
0.004807 906
0.004808 906
0.004809 906
0.00481 906
0.004811 906
0.004812 906
0.004813 906
0.004814 906
0.004815 906
0.004816 906
0.004817 906
0.004818 906
0.004819 906
0.00482 907
0.004821 907
0.004822 907
0.004823 907
0.004824 907
0.004825 907
0.004826 907
0.004827 907
0.004828 907
0.004829 907
0.00483 907
0.004831 907
0.004832 907
0.004833 907
0.004834 907
0.004835 907
0.004836 907
0.004837 907
0.004838 907
0.004839 907
0.00484 907
0.004841 907
0.004842 907
0.004843 907
0.004844 907
0.004845 908
0.004846 908
0.004847 908
0.004848 908
0.004849 908
0.00485 908
0.004851 908
0.004852 908
0.004853 908
0.004854 908
0.004855 908
0.004856 908
0.004857 908
0.004858 908
0.004859 908
0.00486 908
0.004861 908
0.004862 908
0.004863 908
0.004864 908
0.004865 908
0.004866 908
0.004867 908
0.004868 908
0.004869 907
0.00487 907
0.004871 907
0.004872 907
0.004873 907
0.004874 907
0.004875 907
0.004876 908
0.004877 908
0.004878 908
0.004879 907
0.00488 907
0.004881 907
0.004882 907
0.004883 907
0.004884 907
0.004885 907
0.004886 907
0.004887 907
0.004888 907
0.004889 907
0.00489 907
0.004891 907
0.004892 907
0.004893 907
0.004894 907
0.004895 906
0.004896 906
0.004897 906
0.004898 908
0.004899 908
0.0049 908
0.004901 908
0.004902 908
0.004903 908
0.004904 908
0.004905 908
0.004906 907
0.004907 907
0.004908 907
0.004909 907
0.00491 907
0.004911 907
0.004912 907
0.004913 907
0.004914 907
0.004915 907
0.004916 908
0.004917 908
0.004918 908
0.004919 908
0.00492 908
0.004921 908
0.004922 908
0.004923 908
0.004924 908
0.004925 908
0.004926 908
0.004927 908
0.004928 908
0.004929 908
0.00493 908
0.004931 908
0.004932 908
0.004933 908
0.004934 908
0.004935 908
0.004936 908
0.004937 908
0.004938 908
0.004939 908
0.00494 908
0.004941 908
0.004942 908
0.004943 908
0.004944 908
0.004945 908
0.004946 908
0.004947 908
0.004948 908
0.004949 908
0.00495 908
0.004951 908
0.004952 908
0.004953 908
0.004954 908
0.004955 908
0.004956 908
0.004957 908
0.004958 908
0.004959 908
0.00496 908
0.004961 908
0.004962 908
0.004963 908
0.004964 908
0.004965 908
0.004966 908
0.004967 908
0.004968 908
0.004969 908
0.00497 908
0.004971 908
0.004972 908
0.004973 908
0.004974 908
0.004975 908
0.004976 908
0.004977 908
0.004978 908
0.004979 908
0.00498 907
0.004981 907
0.004982 907
0.004983 908
0.004984 908
0.004985 908
0.004986 908
0.004987 908
0.004988 908
0.004989 908
0.00499 908
0.004991 907
0.004992 907
0.004993 907
0.004994 907
0.004995 907
0.004996 907
0.004997 907
0.004998 907
0.004999 907
0.005 907
