0 591
1e-06 589
2e-06 588
3e-06 593
4e-06 595
5e-06 596
6e-06 595
7e-06 597
8e-06 602
9e-06 605
1e-05 609
1.1e-05 610
1.2e-05 613
1.3e-05 614
1.4e-05 616
1.5e-05 617
1.6e-05 616
1.7e-05 616
1.8e-05 621
1.9e-05 622
2e-05 622
2.1e-05 624
2.2e-05 626
2.3e-05 628
2.4e-05 630
2.5e-05 632
2.6e-05 633
2.7e-05 636
2.8e-05 641
2.9e-05 643
3e-05 646
3.1e-05 647
3.2e-05 650
3.3e-05 650
3.4e-05 652
3.5e-05 655
3.6e-05 659
3.7e-05 662
3.8e-05 664
3.9e-05 666
4e-05 668
4.1e-05 672
4.2e-05 672
4.3e-05 670
4.4e-05 671
4.5e-05 673
4.6e-05 674
4.7e-05 677
4.8e-05 679
4.9e-05 681
5e-05 681
5.1e-05 683
5.2e-05 686
5.3e-05 687
5.4e-05 688
5.5e-05 689
5.6e-05 694
5.7e-05 697
5.8e-05 699
5.9e-05 697
6e-05 697
6.1e-05 698
6.2e-05 702
6.3e-05 701
6.4e-05 703
6.5e-05 705
6.6e-05 707
6.7e-05 707
6.8e-05 709
6.9e-05 709
7e-05 711
7.1e-05 713
7.2e-05 714
7.3e-05 715
7.4e-05 718
7.5e-05 720
7.6e-05 721
7.7e-05 724
7.8e-05 724
7.9e-05 723
8e-05 725
8.1e-05 728
8.2e-05 730
8.3e-05 734
8.4e-05 734
8.5e-05 735
8.6e-05 737
8.7e-05 739
8.8e-05 740
8.9e-05 742
9e-05 744
9.1e-05 745
9.2e-05 745
9.3e-05 744
9.4e-05 746
9.5e-05 747
9.6e-05 749
9.7e-05 749
9.8e-05 748
9.9e-05 748
0.0001 748
0.000101 748
0.000102 750
0.000103 749
0.000104 750
0.000105 751
0.000106 751
0.000107 750
0.000108 749
0.000109 751
0.00011 752
0.000111 752
0.000112 753
0.000113 753
0.000114 756
0.000115 758
0.000116 757
0.000117 759
0.000118 759
0.000119 759
0.00012 761
0.000121 763
0.000122 765
0.000123 766
0.000124 768
0.000125 768
0.000126 768
0.000127 768
0.000128 769
0.000129 768
0.00013 772
0.000131 773
0.000132 774
0.000133 776
0.000134 778
0.000135 777
0.000136 777
0.000137 779
0.000138 779
0.000139 778
0.00014 779
0.000141 778
0.000142 779
0.000143 780
0.000144 780
0.000145 781
0.000146 782
0.000147 781
0.000148 779
0.000149 781
0.00015 781
0.000151 782
0.000152 783
0.000153 783
0.000154 784
0.000155 784
0.000156 784
0.000157 783
0.000158 783
0.000159 785
0.00016 786
0.000161 787
0.000162 787
0.000163 788
0.000164 790
0.000165 791
0.000166 792
0.000167 793
0.000168 794
0.000169 797
0.00017 797
0.000171 797
0.000172 797
0.000173 798
0.000174 799
0.000175 800
0.000176 801
0.000177 802
0.000178 802
0.000179 802
0.00018 802
0.000181 805
0.000182 805
0.000183 805
0.000184 805
0.000185 807
0.000186 808
0.000187 807
0.000188 808
0.000189 809
0.00019 809
0.000191 809
0.000192 810
0.000193 809
0.000194 810
0.000195 810
0.000196 809
0.000197 808
0.000198 807
0.000199 808
0.0002 809
0.000201 809
0.000202 809
0.000203 809
0.000204 809
0.000205 811
0.000206 812
0.000207 813
0.000208 814
0.000209 814
0.00021 817
0.000211 817
0.000212 817
0.000213 816
0.000214 818
0.000215 817
0.000216 818
0.000217 820
0.000218 818
0.000219 818
0.00022 819
0.000221 818
0.000222 819
0.000223 819
0.000224 819
0.000225 819
0.000226 819
0.000227 819
0.000228 821
0.000229 821
0.00023 820
0.000231 819
0.000232 819
0.000233 819
0.000234 818
0.000235 819
0.000236 820
0.000237 821
0.000238 822
0.000239 823
0.00024 824
0.000241 826
0.000242 827
0.000243 827
0.000244 827
0.000245 827
0.000246 826
0.000247 827
0.000248 827
0.000249 827
0.00025 828
0.000251 828
0.000252 828
0.000253 828
0.000254 828
0.000255 828
0.000256 828
0.000257 828
0.000258 827
0.000259 828
0.00026 828
0.000261 828
0.000262 828
0.000263 828
0.000264 828
0.000265 827
0.000266 828
0.000267 828
0.000268 828
0.000269 828
0.00027 829
0.000271 829
0.000272 830
0.000273 831
0.000274 831
0.000275 831
0.000276 831
0.000277 831
0.000278 833
0.000279 833
0.00028 834
0.000281 835
0.000282 835
0.000283 836
0.000284 836
0.000285 838
0.000286 836
0.000287 836
0.000288 838
0.000289 838
0.00029 838
0.000291 837
0.000292 838
0.000293 839
0.000294 839
0.000295 839
0.000296 839
0.000297 839
0.000298 839
0.000299 839
0.0003 839
0.000301 839
0.000302 839
0.000303 839
0.000304 839
0.000305 839
0.000306 839
0.000307 839
0.000308 839
0.000309 840
0.00031 840
0.000311 840
0.000312 840
0.000313 840
0.000314 840
0.000315 840
0.000316 840
0.000317 840
0.000318 840
0.000319 841
0.00032 840
0.000321 839
0.000322 839
0.000323 839
0.000324 839
0.000325 839
0.000326 838
0.000327 838
0.000328 839
0.000329 839
0.00033 839
0.000331 840
0.000332 844
0.000333 844
0.000334 844
0.000335 844
0.000336 844
0.000337 844
0.000338 844
0.000339 845
0.00034 844
0.000341 844
0.000342 843
0.000343 843
0.000344 843
0.000345 842
0.000346 842
0.000347 842
0.000348 842
0.000349 843
0.00035 843
0.000351 843
0.000352 843
0.000353 843
0.000354 843
0.000355 844
0.000356 846
0.000357 846
0.000358 845
0.000359 846
0.00036 846
0.000361 845
0.000362 845
0.000363 845
0.000364 845
0.000365 845
0.000366 845
0.000367 845
0.000368 845
0.000369 846
0.00037 846
0.000371 846
0.000372 846
0.000373 845
0.000374 845
0.000375 845
0.000376 845
0.000377 845
0.000378 845
0.000379 845
0.00038 845
0.000381 847
0.000382 848
0.000383 848
0.000384 848
0.000385 848
0.000386 848
0.000387 848
0.000388 850
0.000389 851
0.00039 851
0.000391 851
0.000392 852
0.000393 852
0.000394 851
0.000395 851
0.000396 852
0.000397 852
0.000398 852
0.000399 851
0.0004 851
0.000401 851
0.000402 851
0.000403 851
0.000404 851
0.000405 851
0.000406 852
0.000407 852
0.000408 853
0.000409 854
0.00041 854
0.000411 854
0.000412 854
0.000413 853
0.000414 853
0.000415 853
0.000416 852
0.000417 852
0.000418 852
0.000419 852
0.00042 852
0.000421 852
0.000422 852
0.000423 852
0.000424 852
0.000425 851
0.000426 851
0.000427 851
0.000428 852
0.000429 851
0.00043 851
0.000431 850
0.000432 850
0.000433 849
0.000434 849
0.000435 849
0.000436 849
0.000437 849
0.000438 849
0.000439 849
0.00044 849
0.000441 849
0.000442 849
0.000443 849
0.000444 849
0.000445 849
0.000446 849
0.000447 849
0.000448 849
0.000449 849
0.00045 849
0.000451 850
0.000452 850
0.000453 851
0.000454 851
0.000455 850
0.000456 850
0.000457 850
0.000458 851
0.000459 850
0.00046 849
0.000461 849
0.000462 849
0.000463 850
0.000464 850
0.000465 850
0.000466 850
0.000467 850
0.000468 849
0.000469 849
0.00047 849
0.000471 850
0.000472 850
0.000473 851
0.000474 851
0.000475 850
0.000476 850
0.000477 850
0.000478 850
0.000479 850
0.00048 850
0.000481 850
0.000482 851
0.000483 851
0.000484 851
0.000485 851
0.000486 852
0.000487 852
0.000488 852
0.000489 852
0.00049 853
0.000491 853
0.000492 854
0.000493 854
0.000494 854
0.000495 854
0.000496 855
0.000497 856
0.000498 856
0.000499 856
0.0005 856
0.000501 856
0.000502 856
0.000503 856
0.000504 856
0.000505 856
0.000506 856
0.000507 856
0.000508 856
0.000509 856
0.00051 856
0.000511 856
0.000512 856
0.000513 856
0.000514 856
0.000515 856
0.000516 855
0.000517 856
0.000518 856
0.000519 856
0.00052 856
0.000521 856
0.000522 856
0.000523 856
0.000524 856
0.000525 855
0.000526 855
0.000527 855
0.000528 855
0.000529 855
0.00053 855
0.000531 856
0.000532 856
0.000533 856
0.000534 856
0.000535 857
0.000536 857
0.000537 857
0.000538 857
0.000539 857
0.00054 857
0.000541 857
0.000542 857
0.000543 857
0.000544 858
0.000545 858
0.000546 858
0.000547 858
0.000548 858
0.000549 858
0.00055 858
0.000551 858
0.000552 858
0.000553 858
0.000554 858
0.000555 858
0.000556 859
0.000557 859
0.000558 859
0.000559 860
0.00056 860
0.000561 860
0.000562 860
0.000563 861
0.000564 861
0.000565 861
0.000566 861
0.000567 862
0.000568 862
0.000569 863
0.00057 863
0.000571 863
0.000572 863
0.000573 864
0.000574 864
0.000575 864
0.000576 864
0.000577 864
0.000578 863
0.000579 863
0.00058 863
0.000581 863
0.000582 863
0.000583 863
0.000584 863
0.000585 863
0.000586 863
0.000587 862
0.000588 863
0.000589 863
0.00059 863
0.000591 863
0.000592 863
0.000593 863
0.000594 863
0.000595 863
0.000596 863
0.000597 863
0.000598 863
0.000599 863
0.0006 863
0.000601 863
0.000602 863
0.000603 863
0.000604 863
0.000605 863
0.000606 863
0.000607 863
0.000608 863
0.000609 863
0.00061 863
0.000611 863
0.000612 863
0.000613 864
0.000614 864
0.000615 864
0.000616 864
0.000617 864
0.000618 864
0.000619 864
0.00062 864
0.000621 864
0.000622 864
0.000623 864
0.000624 865
0.000625 865
0.000626 865
0.000627 865
0.000628 865
0.000629 865
0.00063 865
0.000631 865
0.000632 865
0.000633 865
0.000634 865
0.000635 866
0.000636 866
0.000637 866
0.000638 867
0.000639 867
0.00064 868
0.000641 868
0.000642 868
0.000643 868
0.000644 868
0.000645 868
0.000646 867
0.000647 867
0.000648 868
0.000649 868
0.00065 868
0.000651 868
0.000652 868
0.000653 868
0.000654 867
0.000655 867
0.000656 867
0.000657 867
0.000658 867
0.000659 867
0.00066 867
0.000661 867
0.000662 868
0.000663 868
0.000664 868
0.000665 868
0.000666 868
0.000667 868
0.000668 868
0.000669 869
0.00067 869
0.000671 869
0.000672 869
0.000673 869
0.000674 869
0.000675 868
0.000676 868
0.000677 869
0.000678 869
0.000679 869
0.00068 869
0.000681 868
0.000682 868
0.000683 868
0.000684 868
0.000685 868
0.000686 868
0.000687 868
0.000688 868
0.000689 869
0.00069 868
0.000691 868
0.000692 868
0.000693 868
0.000694 868
0.000695 868
0.000696 868
0.000697 868
0.000698 868
0.000699 868
0.0007 868
0.000701 868
0.000702 868
0.000703 868
0.000704 868
0.000705 868
0.000706 868
0.000707 868
0.000708 868
0.000709 868
0.00071 868
0.000711 868
0.000712 868
0.000713 867
0.000714 867
0.000715 868
0.000716 868
0.000717 868
0.000718 868
0.000719 868
0.00072 868
0.000721 868
0.000722 868
0.000723 868
0.000724 868
0.000725 868
0.000726 868
0.000727 868
0.000728 868
0.000729 868
0.00073 868
0.000731 868
0.000732 868
0.000733 868
0.000734 869
0.000735 868
0.000736 868
0.000737 869
0.000738 869
0.000739 869
0.00074 869
0.000741 869
0.000742 869
0.000743 869
0.000744 869
0.000745 869
0.000746 869
0.000747 870
0.000748 870
0.000749 870
0.00075 870
0.000751 870
0.000752 870
0.000753 870
0.000754 870
0.000755 870
0.000756 870
0.000757 870
0.000758 870
0.000759 870
0.00076 870
0.000761 870
0.000762 870
0.000763 870
0.000764 870
0.000765 870
0.000766 870
0.000767 870
0.000768 870
0.000769 870
0.00077 870
0.000771 869
0.000772 869
0.000773 868
0.000774 868
0.000775 868
0.000776 868
0.000777 867
0.000778 867
0.000779 867
0.00078 868
0.000781 867
0.000782 867
0.000783 867
0.000784 867
0.000785 867
0.000786 867
0.000787 867
0.000788 867
0.000789 867
0.00079 867
0.000791 867
0.000792 867
0.000793 868
0.000794 868
0.000795 868
0.000796 867
0.000797 867
0.000798 867
0.000799 867
0.0008 866
0.000801 866
0.000802 866
0.000803 866
0.000804 866
0.000805 866
0.000806 866
0.000807 866
0.000808 866
0.000809 866
0.00081 866
0.000811 865
0.000812 864
0.000813 864
0.000814 863
0.000815 863
0.000816 863
0.000817 863
0.000818 863
0.000819 863
0.00082 863
0.000821 863
0.000822 863
0.000823 863
0.000824 863
0.000825 864
0.000826 865
0.000827 865
0.000828 865
0.000829 865
0.00083 865
0.000831 865
0.000832 865
0.000833 865
0.000834 865
0.000835 865
0.000836 865
0.000837 865
0.000838 865
0.000839 865
0.00084 864
0.000841 864
0.000842 864
0.000843 864
0.000844 864
0.000845 864
0.000846 864
0.000847 864
0.000848 864
0.000849 864
0.00085 863
0.000851 863
0.000852 863
0.000853 863
0.000854 863
0.000855 862
0.000856 862
0.000857 862
0.000858 862
0.000859 862
0.00086 862
0.000861 862
0.000862 862
0.000863 861
0.000864 862
0.000865 862
0.000866 862
0.000867 862
0.000868 862
0.000869 862
0.00087 862
0.000871 862
0.000872 862
0.000873 862
0.000874 862
0.000875 862
0.000876 862
0.000877 862
0.000878 863
0.000879 864
0.00088 864
0.000881 864
0.000882 864
0.000883 864
0.000884 864
0.000885 864
0.000886 864
0.000887 864
0.000888 863
0.000889 864
0.00089 864
0.000891 864
0.000892 864
0.000893 863
0.000894 863
0.000895 863
0.000896 862
0.000897 862
0.000898 862
0.000899 862
0.0009 862
0.000901 862
0.000902 862
0.000903 862
0.000904 862
0.000905 862
0.000906 862
0.000907 862
0.000908 862
0.000909 862
0.00091 862
0.000911 862
0.000912 862
0.000913 862
0.000914 862
0.000915 862
0.000916 862
0.000917 862
0.000918 862
0.000919 862
0.00092 862
0.000921 861
0.000922 861
0.000923 861
0.000924 861
0.000925 861
0.000926 861
0.000927 861
0.000928 861
0.000929 861
0.00093 861
0.000931 861
0.000932 861
0.000933 861
0.000934 861
0.000935 861
0.000936 861
0.000937 861
0.000938 861
0.000939 861
0.00094 861
0.000941 861
0.000942 860
0.000943 860
0.000944 859
0.000945 859
0.000946 858
0.000947 858
0.000948 858
0.000949 858
0.00095 858
0.000951 858
0.000952 859
0.000953 859
0.000954 859
0.000955 859
0.000956 859
0.000957 859
0.000958 859
0.000959 859
0.00096 859
0.000961 858
0.000962 858
0.000963 858
0.000964 858
0.000965 857
0.000966 857
0.000967 856
0.000968 856
0.000969 856
0.00097 856
0.000971 856
0.000972 856
0.000973 856
0.000974 856
0.000975 856
0.000976 856
0.000977 856
0.000978 856
0.000979 856
0.00098 856
0.000981 856
0.000982 856
0.000983 856
0.000984 856
0.000985 856
0.000986 856
0.000987 856
0.000988 856
0.000989 856
0.00099 856
0.000991 856
0.000992 856
0.000993 856
0.000994 856
0.000995 856
0.000996 856
0.000997 856
0.000998 856
0.000999 856
0.001 856
0.001001 856
0.001002 856
0.001003 856
0.001004 857
0.001005 857
0.001006 857
0.001007 857
0.001008 857
0.001009 857
0.00101 857
0.001011 857
0.001012 857
0.001013 857
0.001014 857
0.001015 857
0.001016 857
0.001017 857
0.001018 857
0.001019 857
0.00102 857
0.001021 857
0.001022 857
0.001023 857
0.001024 857
0.001025 856
0.001026 856
0.001027 856
0.001028 856
0.001029 856
0.00103 855
0.001031 855
0.001032 855
0.001033 856
0.001034 856
0.001035 856
0.001036 855
0.001037 855
0.001038 855
0.001039 856
0.00104 856
0.001041 856
0.001042 856
0.001043 856
0.001044 856
0.001045 856
0.001046 856
0.001047 856
0.001048 855
0.001049 855
0.00105 855
0.001051 855
0.001052 855
0.001053 855
0.001054 855
0.001055 855
0.001056 855
0.001057 855
0.001058 855
0.001059 855
0.00106 855
0.001061 855
0.001062 855
0.001063 855
0.001064 855
0.001065 855
0.001066 855
0.001067 855
0.001068 855
0.001069 855
0.00107 855
0.001071 856
0.001072 856
0.001073 856
0.001074 856
0.001075 856
0.001076 856
0.001077 856
0.001078 856
0.001079 856
0.00108 856
0.001081 856
0.001082 856
0.001083 856
0.001084 856
0.001085 856
0.001086 856
0.001087 856
0.001088 856
0.001089 856
0.00109 856
0.001091 856
0.001092 856
0.001093 856
0.001094 856
0.001095 856
0.001096 856
0.001097 856
0.001098 856
0.001099 856
0.0011 855
0.001101 855
0.001102 855
0.001103 855
0.001104 855
0.001105 855
0.001106 855
0.001107 855
0.001108 855
0.001109 855
0.00111 855
0.001111 855
0.001112 856
0.001113 856
0.001114 856
0.001115 856
0.001116 856
0.001117 855
0.001118 855
0.001119 855
0.00112 855
0.001121 855
0.001122 855
0.001123 855
0.001124 855
0.001125 855
0.001126 855
0.001127 855
0.001128 855
0.001129 855
0.00113 855
0.001131 856
0.001132 856
0.001133 856
0.001134 856
0.001135 856
0.001136 856
0.001137 856
0.001138 856
0.001139 856
0.00114 856
0.001141 856
0.001142 856
0.001143 855
0.001144 855
0.001145 855
0.001146 855
0.001147 855
0.001148 855
0.001149 855
0.00115 855
0.001151 854
0.001152 854
0.001153 854
0.001154 854
0.001155 854
0.001156 855
0.001157 855
0.001158 855
0.001159 855
0.00116 855
0.001161 855
0.001162 855
0.001163 855
0.001164 855
0.001165 855
0.001166 855
0.001167 856
0.001168 856
0.001169 856
0.00117 856
0.001171 856
0.001172 856
0.001173 856
0.001174 856
0.001175 856
0.001176 856
0.001177 856
0.001178 856
0.001179 856
0.00118 856
0.001181 856
0.001182 856
0.001183 856
0.001184 856
0.001185 856
0.001186 856
0.001187 856
0.001188 856
0.001189 856
0.00119 856
0.001191 856
0.001192 856
0.001193 856
0.001194 856
0.001195 856
0.001196 856
0.001197 856
0.001198 857
0.001199 856
0.0012 856
0.001201 856
0.001202 856
0.001203 856
0.001204 855
0.001205 855
0.001206 855
0.001207 855
0.001208 855
0.001209 855
0.00121 855
0.001211 855
0.001212 855
0.001213 855
0.001214 855
0.001215 855
0.001216 855
0.001217 855
0.001218 855
0.001219 855
0.00122 855
0.001221 855
0.001222 854
0.001223 854
0.001224 854
0.001225 854
0.001226 854
0.001227 854
0.001228 854
0.001229 854
0.00123 854
0.001231 853
0.001232 853
0.001233 853
0.001234 853
0.001235 853
0.001236 853
0.001237 853
0.001238 853
0.001239 853
0.00124 853
0.001241 853
0.001242 853
0.001243 853
0.001244 853
0.001245 853
0.001246 853
0.001247 853
0.001248 853
0.001249 853
0.00125 853
0.001251 853
0.001252 853
0.001253 853
0.001254 853
0.001255 853
0.001256 853
0.001257 853
0.001258 853
0.001259 853
0.00126 853
0.001261 853
0.001262 853
0.001263 853
0.001264 853
0.001265 853
0.001266 853
0.001267 853
0.001268 854
0.001269 854
0.00127 854
0.001271 854
0.001272 854
0.001273 854
0.001274 854
0.001275 854
0.001276 854
0.001277 854
0.001278 854
0.001279 854
0.00128 854
0.001281 854
0.001282 854
0.001283 854
0.001284 854
0.001285 854
0.001286 854
0.001287 854
0.001288 854
0.001289 854
0.00129 854
0.001291 853
0.001292 853
0.001293 854
0.001294 854
0.001295 854
0.001296 854
0.001297 854
0.001298 854
0.001299 854
0.0013 855
0.001301 855
0.001302 855
0.001303 855
0.001304 855
0.001305 855
0.001306 855
0.001307 854
0.001308 854
0.001309 855
0.00131 855
0.001311 855
0.001312 854
0.001313 855
0.001314 855
0.001315 855
0.001316 855
0.001317 855
0.001318 855
0.001319 854
0.00132 854
0.001321 854
0.001322 854
0.001323 854
0.001324 854
0.001325 854
0.001326 854
0.001327 854
0.001328 854
0.001329 854
0.00133 854
0.001331 854
0.001332 854
0.001333 854
0.001334 854
0.001335 854
0.001336 854
0.001337 854
0.001338 854
0.001339 854
0.00134 854
0.001341 854
0.001342 854
0.001343 854
0.001344 854
0.001345 854
0.001346 854
0.001347 854
0.001348 854
0.001349 854
0.00135 854
0.001351 854
0.001352 854
0.001353 854
0.001354 854
0.001355 855
0.001356 855
0.001357 855
0.001358 855
0.001359 855
0.00136 856
0.001361 856
0.001362 856
0.001363 857
0.001364 857
0.001365 857
0.001366 857
0.001367 857
0.001368 857
0.001369 857
0.00137 857
0.001371 857
0.001372 857
0.001373 857
0.001374 857
0.001375 858
0.001376 858
0.001377 858
0.001378 858
0.001379 858
0.00138 858
0.001381 858
0.001382 858
0.001383 858
0.001384 858
0.001385 858
0.001386 858
0.001387 859
0.001388 859
0.001389 859
0.00139 859
0.001391 859
0.001392 859
0.001393 859
0.001394 860
0.001395 860
0.001396 861
0.001397 861
0.001398 861
0.001399 861
0.0014 862
0.001401 862
0.001402 862
0.001403 862
0.001404 862
0.001405 862
0.001406 862
0.001407 862
0.001408 862
0.001409 862
0.00141 862
0.001411 862
0.001412 862
0.001413 862
0.001414 862
0.001415 862
0.001416 862
0.001417 862
0.001418 862
0.001419 862
0.00142 862
0.001421 862
0.001422 862
0.001423 862
0.001424 862
0.001425 862
0.001426 862
0.001427 862
0.001428 862
0.001429 862
0.00143 862
0.001431 862
0.001432 863
0.001433 863
0.001434 863
0.001435 863
0.001436 863
0.001437 863
0.001438 863
0.001439 863
0.00144 863
0.001441 863
0.001442 863
0.001443 863
0.001444 863
0.001445 863
0.001446 863
0.001447 864
0.001448 864
0.001449 864
0.00145 864
0.001451 864
0.001452 864
0.001453 865
0.001454 865
0.001455 865
0.001456 865
0.001457 865
0.001458 865
0.001459 865
0.00146 864
0.001461 864
0.001462 864
0.001463 864
0.001464 864
0.001465 864
0.001466 864
0.001467 864
0.001468 864
0.001469 863
0.00147 863
0.001471 862
0.001472 862
0.001473 862
0.001474 863
0.001475 863
0.001476 864
0.001477 864
0.001478 864
0.001479 864
0.00148 864
0.001481 864
0.001482 864
0.001483 864
0.001484 864
0.001485 864
0.001486 864
0.001487 864
0.001488 864
0.001489 865
0.00149 865
0.001491 865
0.001492 865
0.001493 865
0.001494 865
0.001495 865
0.001496 866
0.001497 866
0.001498 866
0.001499 866
0.0015 866
0.001501 866
0.001502 865
0.001503 865
0.001504 865
0.001505 865
0.001506 865
0.001507 865
0.001508 865
0.001509 865
0.00151 865
0.001511 865
0.001512 865
0.001513 865
0.001514 864
0.001515 864
0.001516 864
0.001517 864
0.001518 864
0.001519 864
0.00152 864
0.001521 864
0.001522 864
0.001523 864
0.001524 864
0.001525 864
0.001526 864
0.001527 864
0.001528 864
0.001529 864
0.00153 864
0.001531 864
0.001532 864
0.001533 864
0.001534 865
0.001535 865
0.001536 865
0.001537 865
0.001538 865
0.001539 865
0.00154 865
0.001541 865
0.001542 865
0.001543 865
0.001544 865
0.001545 865
0.001546 865
0.001547 866
0.001548 866
0.001549 866
0.00155 865
0.001551 865
0.001552 865
0.001553 865
0.001554 865
0.001555 865
0.001556 865
0.001557 865
0.001558 865
0.001559 865
0.00156 865
0.001561 865
0.001562 865
0.001563 865
0.001564 865
0.001565 865
0.001566 865
0.001567 865
0.001568 865
0.001569 865
0.00157 866
0.001571 866
0.001572 866
0.001573 866
0.001574 866
0.001575 866
0.001576 866
0.001577 866
0.001578 865
0.001579 865
0.00158 865
0.001581 865
0.001582 865
0.001583 865
0.001584 865
0.001585 865
0.001586 865
0.001587 865
0.001588 865
0.001589 864
0.00159 864
0.001591 864
0.001592 864
0.001593 864
0.001594 864
0.001595 865
0.001596 865
0.001597 865
0.001598 865
0.001599 865
0.0016 865
0.001601 865
0.001602 865
0.001603 866
0.001604 866
0.001605 866
0.001606 866
0.001607 866
0.001608 866
0.001609 866
0.00161 866
0.001611 866
0.001612 866
0.001613 866
0.001614 866
0.001615 866
0.001616 866
0.001617 866
0.001618 866
0.001619 865
0.00162 865
0.001621 865
0.001622 865
0.001623 865
0.001624 865
0.001625 865
0.001626 865
0.001627 865
0.001628 865
0.001629 865
0.00163 865
0.001631 865
0.001632 865
0.001633 865
0.001634 865
0.001635 865
0.001636 865
0.001637 865
0.001638 865
0.001639 865
0.00164 865
0.001641 865
0.001642 865
0.001643 865
0.001644 865
0.001645 865
0.001646 865
0.001647 864
0.001648 864
0.001649 863
0.00165 863
0.001651 863
0.001652 863
0.001653 863
0.001654 863
0.001655 863
0.001656 863
0.001657 863
0.001658 862
0.001659 862
0.00166 862
0.001661 862
0.001662 862
0.001663 862
0.001664 863
0.001665 863
0.001666 863
0.001667 863
0.001668 863
0.001669 863
0.00167 863
0.001671 863
0.001672 863
0.001673 863
0.001674 863
0.001675 863
0.001676 863
0.001677 863
0.001678 862
0.001679 862
0.00168 862
0.001681 862
0.001682 862
0.001683 862
0.001684 862
0.001685 862
0.001686 862
0.001687 862
0.001688 862
0.001689 862
0.00169 862
0.001691 862
0.001692 862
0.001693 862
0.001694 862
0.001695 862
0.001696 862
0.001697 862
0.001698 862
0.001699 862
0.0017 862
0.001701 862
0.001702 862
0.001703 862
0.001704 862
0.001705 863
0.001706 863
0.001707 863
0.001708 863
0.001709 863
0.00171 863
0.001711 863
0.001712 863
0.001713 863
0.001714 863
0.001715 863
0.001716 863
0.001717 863
0.001718 863
0.001719 863
0.00172 862
0.001721 862
0.001722 862
0.001723 862
0.001724 862
0.001725 862
0.001726 862
0.001727 862
0.001728 862
0.001729 862
0.00173 862
0.001731 862
0.001732 862
0.001733 862
0.001734 862
0.001735 862
0.001736 862
0.001737 862
0.001738 861
0.001739 860
0.00174 860
0.001741 860
0.001742 860
0.001743 860
0.001744 860
0.001745 860
0.001746 860
0.001747 860
0.001748 860
0.001749 860
0.00175 859
0.001751 860
0.001752 860
0.001753 860
0.001754 860
0.001755 860
0.001756 860
0.001757 860
0.001758 860
0.001759 860
0.00176 860
0.001761 860
0.001762 860
0.001763 859
0.001764 859
0.001765 859
0.001766 859
0.001767 859
0.001768 859
0.001769 859
0.00177 859
0.001771 859
0.001772 859
0.001773 859
0.001774 859
0.001775 858
0.001776 858
0.001777 858
0.001778 857
0.001779 857
0.00178 858
0.001781 858
0.001782 858
0.001783 858
0.001784 858
0.001785 858
0.001786 858
0.001787 859
0.001788 859
0.001789 859
0.00179 858
0.001791 858
0.001792 858
0.001793 858
0.001794 858
0.001795 858
0.001796 858
0.001797 858
0.001798 858
0.001799 858
0.0018 858
0.001801 858
0.001802 858
0.001803 858
0.001804 858
0.001805 858
0.001806 858
0.001807 858
0.001808 858
0.001809 858
0.00181 858
0.001811 858
0.001812 858
0.001813 858
0.001814 858
0.001815 858
0.001816 858
0.001817 859
0.001818 859
0.001819 859
0.00182 859
0.001821 859
0.001822 859
0.001823 859
0.001824 859
0.001825 859
0.001826 859
0.001827 859
0.001828 859
0.001829 858
0.00183 858
0.001831 858
0.001832 857
0.001833 857
0.001834 857
0.001835 857
0.001836 857
0.001837 857
0.001838 857
0.001839 857
0.00184 857
0.001841 857
0.001842 857
0.001843 857
0.001844 857
0.001845 856
0.001846 856
0.001847 856
0.001848 856
0.001849 856
0.00185 857
0.001851 857
0.001852 857
0.001853 857
0.001854 857
0.001855 857
0.001856 857
0.001857 857
0.001858 857
0.001859 858
0.00186 858
0.001861 858
0.001862 857
0.001863 857
0.001864 857
0.001865 857
0.001866 857
0.001867 857
0.001868 858
0.001869 858
0.00187 858
0.001871 858
0.001872 858
0.001873 859
0.001874 859
0.001875 859
0.001876 859
0.001877 859
0.001878 859
0.001879 858
0.00188 858
0.001881 858
0.001882 858
0.001883 858
0.001884 858
0.001885 858
0.001886 859
0.001887 859
0.001888 859
0.001889 859
0.00189 859
0.001891 860
0.001892 860
0.001893 860
0.001894 860
0.001895 860
0.001896 861
0.001897 861
0.001898 861
0.001899 861
0.0019 861
0.001901 861
0.001902 861
0.001903 861
0.001904 861
0.001905 861
0.001906 861
0.001907 861
0.001908 861
0.001909 861
0.00191 861
0.001911 861
0.001912 861
0.001913 861
0.001914 861
0.001915 862
0.001916 862
0.001917 862
0.001918 862
0.001919 862
0.00192 862
0.001921 862
0.001922 862
0.001923 862
0.001924 862
0.001925 862
0.001926 862
0.001927 862
0.001928 862
0.001929 862
0.00193 861
0.001931 860
0.001932 860
0.001933 860
0.001934 859
0.001935 859
0.001936 859
0.001937 859
0.001938 859
0.001939 859
0.00194 859
0.001941 859
0.001942 859
0.001943 859
0.001944 860
0.001945 860
0.001946 861
0.001947 862
0.001948 862
0.001949 862
0.00195 862
0.001951 862
0.001952 862
0.001953 862
0.001954 862
0.001955 862
0.001956 862
0.001957 862
0.001958 862
0.001959 862
0.00196 862
0.001961 862
0.001962 862
0.001963 862
0.001964 862
0.001965 862
0.001966 862
0.001967 862
0.001968 862
0.001969 862
0.00197 862
0.001971 862
0.001972 862
0.001973 862
0.001974 862
0.001975 862
0.001976 862
0.001977 862
0.001978 862
0.001979 862
0.00198 862
0.001981 862
0.001982 862
0.001983 862
0.001984 863
0.001985 863
0.001986 863
0.001987 863
0.001988 863
0.001989 864
0.00199 864
0.001991 862
0.001992 862
0.001993 862
0.001994 862
0.001995 861
0.001996 861
0.001997 861
0.001998 861
0.001999 861
0.002 861
0.002001 861
0.002002 861
0.002003 861
0.002004 861
0.002005 861
0.002006 861
0.002007 861
0.002008 861
0.002009 862
0.00201 862
0.002011 862
0.002012 862
0.002013 862
0.002014 862
0.002015 862
0.002016 862
0.002017 861
0.002018 861
0.002019 861
0.00202 861
0.002021 861
0.002022 861
0.002023 861
0.002024 861
0.002025 861
0.002026 861
0.002027 861
0.002028 861
0.002029 861
0.00203 861
0.002031 861
0.002032 861
0.002033 861
0.002034 861
0.002035 862
0.002036 862
0.002037 862
0.002038 862
0.002039 862
0.00204 862
0.002041 862
0.002042 862
0.002043 862
0.002044 862
0.002045 862
0.002046 862
0.002047 863
0.002048 863
0.002049 863
0.00205 863
0.002051 863
0.002052 863
0.002053 862
0.002054 862
0.002055 862
0.002056 862
0.002057 862
0.002058 862
0.002059 862
0.00206 862
0.002061 861
0.002062 861
0.002063 861
0.002064 861
0.002065 861
0.002066 861
0.002067 861
0.002068 861
0.002069 861
0.00207 861
0.002071 861
0.002072 861
0.002073 861
0.002074 861
0.002075 861
0.002076 861
0.002077 861
0.002078 861
0.002079 861
0.00208 861
0.002081 861
0.002082 861
0.002083 861
0.002084 861
0.002085 861
0.002086 862
0.002087 861
0.002088 861
0.002089 861
0.00209 861
0.002091 861
0.002092 862
0.002093 862
0.002094 862
0.002095 862
0.002096 862
0.002097 862
0.002098 862
0.002099 862
0.0021 862
0.002101 862
0.002102 862
0.002103 862
0.002104 862
0.002105 862
0.002106 862
0.002107 862
0.002108 862
0.002109 862
0.00211 862
0.002111 862
0.002112 863
0.002113 863
0.002114 863
0.002115 863
0.002116 863
0.002117 863
0.002118 863
0.002119 863
0.00212 864
0.002121 864
0.002122 864
0.002123 864
0.002124 864
0.002125 864
0.002126 863
0.002127 863
0.002128 863
0.002129 863
0.00213 863
0.002131 863
0.002132 863
0.002133 863
0.002134 863
0.002135 863
0.002136 863
0.002137 863
0.002138 863
0.002139 863
0.00214 863
0.002141 863
0.002142 863
0.002143 863
0.002144 863
0.002145 863
0.002146 863
0.002147 863
0.002148 863
0.002149 863
0.00215 863
0.002151 863
0.002152 863
0.002153 863
0.002154 863
0.002155 863
0.002156 863
0.002157 863
0.002158 863
0.002159 863
0.00216 863
0.002161 863
0.002162 863
0.002163 863
0.002164 863
0.002165 862
0.002166 862
0.002167 862
0.002168 862
0.002169 862
0.00217 862
0.002171 862
0.002172 862
0.002173 862
0.002174 862
0.002175 862
0.002176 861
0.002177 861
0.002178 861
0.002179 861
0.00218 861
0.002181 861
0.002182 861
0.002183 861
0.002184 861
0.002185 861
0.002186 861
0.002187 861
0.002188 861
0.002189 861
0.00219 861
0.002191 861
0.002192 861
0.002193 861
0.002194 861
0.002195 862
0.002196 862
0.002197 863
0.002198 863
0.002199 863
0.0022 862
0.002201 862
0.002202 862
0.002203 862
0.002204 862
0.002205 862
0.002206 862
0.002207 862
0.002208 862
0.002209 862
0.00221 862
0.002211 862
0.002212 862
0.002213 862
0.002214 862
0.002215 862
0.002216 862
0.002217 863
0.002218 863
0.002219 863
0.00222 863
0.002221 863
0.002222 863
0.002223 863
0.002224 863
0.002225 863
0.002226 863
0.002227 863
0.002228 863
0.002229 863
0.00223 863
0.002231 863
0.002232 863
0.002233 863
0.002234 863
0.002235 863
0.002236 863
0.002237 863
0.002238 863
0.002239 863
0.00224 863
0.002241 863
0.002242 863
0.002243 863
0.002244 863
0.002245 863
0.002246 863
0.002247 863
0.002248 863
0.002249 863
0.00225 863
0.002251 863
0.002252 863
0.002253 863
0.002254 863
0.002255 863
0.002256 863
0.002257 863
0.002258 863
0.002259 863
0.00226 863
0.002261 863
0.002262 863
0.002263 863
0.002264 863
0.002265 863
0.002266 863
0.002267 863
0.002268 863
0.002269 863
0.00227 863
0.002271 863
0.002272 863
0.002273 863
0.002274 863
0.002275 863
0.002276 863
0.002277 863
0.002278 863
0.002279 863
0.00228 863
0.002281 863
0.002282 863
0.002283 863
0.002284 863
0.002285 863
0.002286 863
0.002287 863
0.002288 863
0.002289 862
0.00229 862
0.002291 862
0.002292 862
0.002293 862
0.002294 862
0.002295 863
0.002296 863
0.002297 863
0.002298 863
0.002299 863
0.0023 863
0.002301 863
0.002302 864
0.002303 864
0.002304 864
0.002305 864
0.002306 864
0.002307 864
0.002308 864
0.002309 865
0.00231 865
0.002311 866
0.002312 867
0.002313 867
0.002314 867
0.002315 867
0.002316 867
0.002317 867
0.002318 867
0.002319 867
0.00232 867
0.002321 867
0.002322 867
0.002323 867
0.002324 867
0.002325 867
0.002326 867
0.002327 867
0.002328 867
0.002329 867
0.00233 867
0.002331 866
0.002332 865
0.002333 866
0.002334 866
0.002335 866
0.002336 866
0.002337 866
0.002338 866
0.002339 866
0.00234 865
0.002341 864
0.002342 864
0.002343 864
0.002344 864
0.002345 864
0.002346 864
0.002347 864
0.002348 864
0.002349 864
0.00235 864
0.002351 864
0.002352 864
0.002353 864
0.002354 864
0.002355 863
0.002356 863
0.002357 863
0.002358 863
0.002359 863
0.00236 863
0.002361 863
0.002362 863
0.002363 863
0.002364 862
0.002365 862
0.002366 862
0.002367 862
0.002368 862
0.002369 862
0.00237 862
0.002371 862
0.002372 862
0.002373 863
0.002374 863
0.002375 863
0.002376 863
0.002377 863
0.002378 863
0.002379 863
0.00238 864
0.002381 864
0.002382 863
0.002383 863
0.002384 863
0.002385 863
0.002386 863
0.002387 863
0.002388 863
0.002389 863
0.00239 863
0.002391 863
0.002392 863
0.002393 863
0.002394 863
0.002395 863
0.002396 863
0.002397 863
0.002398 863
0.002399 863
0.0024 863
0.002401 864
0.002402 864
0.002403 864
0.002404 864
0.002405 864
0.002406 864
0.002407 864
0.002408 864
0.002409 864
0.00241 864
0.002411 864
0.002412 864
0.002413 864
0.002414 864
0.002415 864
0.002416 864
0.002417 864
0.002418 864
0.002419 864
0.00242 864
0.002421 864
0.002422 863
0.002423 863
0.002424 863
0.002425 863
0.002426 863
0.002427 863
0.002428 863
0.002429 863
0.00243 863
0.002431 864
0.002432 864
0.002433 864
0.002434 864
0.002435 865
0.002436 865
0.002437 864
0.002438 864
0.002439 864
0.00244 864
0.002441 864
0.002442 864
0.002443 864
0.002444 864
0.002445 864
0.002446 864
0.002447 864
0.002448 864
0.002449 864
0.00245 864
0.002451 864
0.002452 864
0.002453 864
0.002454 864
0.002455 864
0.002456 864
0.002457 864
0.002458 864
0.002459 864
0.00246 864
0.002461 864
0.002462 864
0.002463 864
0.002464 865
0.002465 865
0.002466 865
0.002467 865
0.002468 864
0.002469 865
0.00247 865
0.002471 865
0.002472 865
0.002473 865
0.002474 864
0.002475 864
0.002476 864
0.002477 864
0.002478 863
0.002479 863
0.00248 861
0.002481 861
0.002482 861
0.002483 861
0.002484 862
0.002485 862
0.002486 862
0.002487 862
0.002488 862
0.002489 862
0.00249 862
0.002491 862
0.002492 862
0.002493 862
0.002494 863
0.002495 863
0.002496 863
0.002497 863
0.002498 863
0.002499 863
0.0025 863
0.002501 863
0.002502 863
0.002503 862
0.002504 862
0.002505 862
0.002506 863
0.002507 863
0.002508 863
0.002509 863
0.00251 863
0.002511 863
0.002512 864
0.002513 864
0.002514 864
0.002515 864
0.002516 864
0.002517 864
0.002518 864
0.002519 863
0.00252 863
0.002521 863
0.002522 863
0.002523 863
0.002524 863
0.002525 863
0.002526 863
0.002527 863
0.002528 864
0.002529 864
0.00253 864
0.002531 864
0.002532 864
0.002533 864
0.002534 865
0.002535 865
0.002536 865
0.002537 865
0.002538 865
0.002539 866
0.00254 865
0.002541 865
0.002542 865
0.002543 865
0.002544 865
0.002545 865
0.002546 865
0.002547 865
0.002548 865
0.002549 864
0.00255 864
0.002551 864
0.002552 864
0.002553 864
0.002554 864
0.002555 864
0.002556 864
0.002557 864
0.002558 864
0.002559 864
0.00256 864
0.002561 864
0.002562 864
0.002563 864
0.002564 864
0.002565 864
0.002566 864
0.002567 864
0.002568 864
0.002569 864
0.00257 864
0.002571 864
0.002572 864
0.002573 864
0.002574 864
0.002575 864
0.002576 864
0.002577 864
0.002578 864
0.002579 864
0.00258 864
0.002581 864
0.002582 864
0.002583 864
0.002584 864
0.002585 864
0.002586 864
0.002587 864
0.002588 864
0.002589 864
0.00259 864
0.002591 864
0.002592 864
0.002593 864
0.002594 864
0.002595 864
0.002596 864
0.002597 864
0.002598 864
0.002599 864
0.0026 864
0.002601 864
0.002602 864
0.002603 864
0.002604 864
0.002605 864
0.002606 863
0.002607 863
0.002608 863
0.002609 863
0.00261 863
0.002611 863
0.002612 863
0.002613 863
0.002614 863
0.002615 863
0.002616 863
0.002617 863
0.002618 863
0.002619 864
0.00262 864
0.002621 864
0.002622 864
0.002623 864
0.002624 864
0.002625 864
0.002626 864
0.002627 864
0.002628 864
0.002629 864
0.00263 864
0.002631 864
0.002632 864
0.002633 863
0.002634 863
0.002635 863
0.002636 863
0.002637 863
0.002638 863
0.002639 863
0.00264 863
0.002641 863
0.002642 863
0.002643 863
0.002644 863
0.002645 863
0.002646 863
0.002647 864
0.002648 864
0.002649 864
0.00265 864
0.002651 864
0.002652 864
0.002653 864
0.002654 864
0.002655 864
0.002656 864
0.002657 864
0.002658 864
0.002659 864
0.00266 864
0.002661 864
0.002662 864
0.002663 864
0.002664 864
0.002665 864
0.002666 864
0.002667 864
0.002668 864
0.002669 864
0.00267 864
0.002671 864
0.002672 864
0.002673 864
0.002674 864
0.002675 864
0.002676 864
0.002677 864
0.002678 864
0.002679 864
0.00268 864
0.002681 865
0.002682 865
0.002683 865
0.002684 865
0.002685 865
0.002686 865
0.002687 865
0.002688 865
0.002689 865
0.00269 865
0.002691 865
0.002692 865
0.002693 865
0.002694 865
0.002695 865
0.002696 866
0.002697 866
0.002698 866
0.002699 866
0.0027 866
0.002701 866
0.002702 866
0.002703 866
0.002704 866
0.002705 866
0.002706 866
0.002707 866
0.002708 866
0.002709 866
0.00271 866
0.002711 866
0.002712 866
0.002713 866
0.002714 866
0.002715 866
0.002716 867
0.002717 867
0.002718 867
0.002719 867
0.00272 867
0.002721 867
0.002722 867
0.002723 867
0.002724 868
0.002725 868
0.002726 868
0.002727 868
0.002728 868
0.002729 868
0.00273 868
0.002731 868
0.002732 868
0.002733 868
0.002734 868
0.002735 869
0.002736 869
0.002737 869
0.002738 869
0.002739 869
0.00274 870
0.002741 870
0.002742 870
0.002743 870
0.002744 870
0.002745 870
0.002746 870
0.002747 870
0.002748 870
0.002749 870
0.00275 870
0.002751 870
0.002752 870
0.002753 870
0.002754 870
0.002755 871
0.002756 871
0.002757 871
0.002758 871
0.002759 871
0.00276 871
0.002761 872
0.002762 872
0.002763 872
0.002764 872
0.002765 872
0.002766 872
0.002767 872
0.002768 872
0.002769 872
0.00277 872
0.002771 872
0.002772 872
0.002773 872
0.002774 872
0.002775 872
0.002776 872
0.002777 872
0.002778 872
0.002779 872
0.00278 872
0.002781 872
0.002782 872
0.002783 872
0.002784 872
0.002785 871
0.002786 871
0.002787 872
0.002788 872
0.002789 872
0.00279 872
0.002791 873
0.002792 873
0.002793 873
0.002794 873
0.002795 873
0.002796 871
0.002797 871
0.002798 871
0.002799 871
0.0028 871
0.002801 871
0.002802 870
0.002803 870
0.002804 870
0.002805 870
0.002806 871
0.002807 871
0.002808 871
0.002809 871
0.00281 871
0.002811 871
0.002812 871
0.002813 871
0.002814 872
0.002815 872
0.002816 872
0.002817 872
0.002818 871
0.002819 871
0.00282 871
0.002821 871
0.002822 871
0.002823 871
0.002824 871
0.002825 871
0.002826 871
0.002827 871
0.002828 871
0.002829 871
0.00283 871
0.002831 871
0.002832 871
0.002833 871
0.002834 871
0.002835 871
0.002836 871
0.002837 871
0.002838 871
0.002839 871
0.00284 871
0.002841 871
0.002842 871
0.002843 873
0.002844 873
0.002845 873
0.002846 873
0.002847 873
0.002848 873
0.002849 874
0.00285 873
0.002851 873
0.002852 873
0.002853 873
0.002854 873
0.002855 873
0.002856 873
0.002857 873
0.002858 873
0.002859 873
0.00286 873
0.002861 872
0.002862 872
0.002863 873
0.002864 873
0.002865 873
0.002866 873
0.002867 873
0.002868 873
0.002869 873
0.00287 873
0.002871 874
0.002872 874
0.002873 874
0.002874 874
0.002875 874
0.002876 874
0.002877 874
0.002878 874
0.002879 874
0.00288 874
0.002881 874
0.002882 874
0.002883 874
0.002884 874
0.002885 873
0.002886 873
0.002887 873
0.002888 873
0.002889 873
0.00289 873
0.002891 873
0.002892 873
0.002893 873
0.002894 873
0.002895 873
0.002896 873
0.002897 873
0.002898 873
0.002899 873
0.0029 873
0.002901 873
0.002902 874
0.002903 874
0.002904 874
0.002905 874
0.002906 874
0.002907 874
0.002908 874
0.002909 874
0.00291 874
0.002911 874
0.002912 875
0.002913 875
0.002914 875
0.002915 875
0.002916 875
0.002917 875
0.002918 875
0.002919 874
0.00292 874
0.002921 874
0.002922 874
0.002923 874
0.002924 874
0.002925 874
0.002926 874
0.002927 874
0.002928 874
0.002929 874
0.00293 874
0.002931 874
0.002932 874
0.002933 874
0.002934 874
0.002935 874
0.002936 874
0.002937 874
0.002938 874
0.002939 874
0.00294 874
0.002941 874
0.002942 874
0.002943 874
0.002944 874
0.002945 874
0.002946 874
0.002947 874
0.002948 875
0.002949 875
0.00295 875
0.002951 875
0.002952 875
0.002953 875
0.002954 875
0.002955 875
0.002956 875
0.002957 875
0.002958 875
0.002959 875
0.00296 875
0.002961 875
0.002962 875
0.002963 875
0.002964 875
0.002965 875
0.002966 875
0.002967 875
0.002968 875
0.002969 875
0.00297 875
0.002971 875
0.002972 875
0.002973 875
0.002974 876
0.002975 876
0.002976 876
0.002977 876
0.002978 876
0.002979 876
0.00298 876
0.002981 875
0.002982 876
0.002983 876
0.002984 876
0.002985 876
0.002986 876
0.002987 876
0.002988 876
0.002989 876
0.00299 876
0.002991 876
0.002992 876
0.002993 877
0.002994 877
0.002995 877
0.002996 877
0.002997 877
0.002998 877
0.002999 877
0.003 877
0.003001 877
0.003002 877
0.003003 877
0.003004 878
0.003005 878
0.003006 878
0.003007 878
0.003008 878
0.003009 878
0.00301 878
0.003011 878
0.003012 878
0.003013 878
0.003014 878
0.003015 878
0.003016 878
0.003017 878
0.003018 878
0.003019 878
0.00302 878
0.003021 878
0.003022 878
0.003023 878
0.003024 878
0.003025 878
0.003026 878
0.003027 878
0.003028 878
0.003029 878
0.00303 878
0.003031 877
0.003032 877
0.003033 877
0.003034 877
0.003035 876
0.003036 876
0.003037 875
0.003038 875
0.003039 875
0.00304 875
0.003041 875
0.003042 875
0.003043 875
0.003044 875
0.003045 875
0.003046 875
0.003047 875
0.003048 875
0.003049 875
0.00305 875
0.003051 875
0.003052 875
0.003053 876
0.003054 876
0.003055 876
0.003056 876
0.003057 876
0.003058 876
0.003059 876
0.00306 876
0.003061 876
0.003062 876
0.003063 876
0.003064 876
0.003065 876
0.003066 876
0.003067 876
0.003068 876
0.003069 876
0.00307 875
0.003071 875
0.003072 875
0.003073 875
0.003074 875
0.003075 875
0.003076 875
0.003077 875
0.003078 875
0.003079 875
0.00308 875
0.003081 875
0.003082 875
0.003083 875
0.003084 875
0.003085 875
0.003086 875
0.003087 875
0.003088 875
0.003089 875
0.00309 875
0.003091 875
0.003092 875
0.003093 875
0.003094 875
0.003095 875
0.003096 875
0.003097 874
0.003098 874
0.003099 874
0.0031 875
0.003101 875
0.003102 875
0.003103 875
0.003104 875
0.003105 875
0.003106 875
0.003107 875
0.003108 875
0.003109 875
0.00311 875
0.003111 875
0.003112 875
0.003113 875
0.003114 875
0.003115 875
0.003116 875
0.003117 875
0.003118 875
0.003119 875
0.00312 875
0.003121 875
0.003122 875
0.003123 875
0.003124 875
0.003125 875
0.003126 875
0.003127 875
0.003128 875
0.003129 875
0.00313 875
0.003131 875
0.003132 875
0.003133 875
0.003134 875
0.003135 875
0.003136 875
0.003137 875
0.003138 875
0.003139 875
0.00314 876
0.003141 876
0.003142 876
0.003143 876
0.003144 875
0.003145 875
0.003146 875
0.003147 875
0.003148 875
0.003149 875
0.00315 875
0.003151 875
0.003152 875
0.003153 875
0.003154 875
0.003155 875
0.003156 875
0.003157 875
0.003158 875
0.003159 875
0.00316 875
0.003161 875
0.003162 875
0.003163 875
0.003164 875
0.003165 875
0.003166 875
0.003167 875
0.003168 875
0.003169 875
0.00317 875
0.003171 875
0.003172 875
0.003173 875
0.003174 875
0.003175 875
0.003176 876
0.003177 876
0.003178 876
0.003179 876
0.00318 876
0.003181 876
0.003182 876
0.003183 876
0.003184 876
0.003185 876
0.003186 876
0.003187 876
0.003188 876
0.003189 876
0.00319 876
0.003191 876
0.003192 876
0.003193 876
0.003194 876
0.003195 876
0.003196 876
0.003197 876
0.003198 876
0.003199 876
0.0032 876
0.003201 876
0.003202 876
0.003203 876
0.003204 876
0.003205 876
0.003206 876
0.003207 876
0.003208 877
0.003209 877
0.00321 877
0.003211 877
0.003212 876
0.003213 876
0.003214 876
0.003215 876
0.003216 876
0.003217 876
0.003218 876
0.003219 876
0.00322 876
0.003221 876
0.003222 876
0.003223 876
0.003224 876
0.003225 876
0.003226 876
0.003227 876
0.003228 876
0.003229 876
0.00323 876
0.003231 876
0.003232 876
0.003233 876
0.003234 876
0.003235 876
0.003236 876
0.003237 876
0.003238 876
0.003239 875
0.00324 875
0.003241 875
0.003242 875
0.003243 876
0.003244 876
0.003245 876
0.003246 876
0.003247 876
0.003248 876
0.003249 876
0.00325 876
0.003251 876
0.003252 876
0.003253 876
0.003254 877
0.003255 878
0.003256 878
0.003257 878
0.003258 878
0.003259 878
0.00326 878
0.003261 878
0.003262 878
0.003263 878
0.003264 878
0.003265 878
0.003266 878
0.003267 878
0.003268 878
0.003269 877
0.00327 877
0.003271 877
0.003272 877
0.003273 877
0.003274 877
0.003275 877
0.003276 877
0.003277 877
0.003278 877
0.003279 877
0.00328 877
0.003281 877
0.003282 877
0.003283 877
0.003284 877
0.003285 877
0.003286 877
0.003287 877
0.003288 877
0.003289 877
0.00329 877
0.003291 877
0.003292 877
0.003293 877
0.003294 877
0.003295 877
0.003296 877
0.003297 877
0.003298 877
0.003299 877
0.0033 877
0.003301 877
0.003302 877
0.003303 877
0.003304 877
0.003305 877
0.003306 877
0.003307 877
0.003308 877
0.003309 876
0.00331 877
0.003311 877
0.003312 877
0.003313 877
0.003314 877
0.003315 877
0.003316 877
0.003317 877
0.003318 877
0.003319 877
0.00332 877
0.003321 878
0.003322 878
0.003323 878
0.003324 878
0.003325 877
0.003326 877
0.003327 877
0.003328 876
0.003329 876
0.00333 876
0.003331 876
0.003332 876
0.003333 876
0.003334 876
0.003335 876
0.003336 876
0.003337 876
0.003338 876
0.003339 876
0.00334 876
0.003341 876
0.003342 876
0.003343 876
0.003344 876
0.003345 875
0.003346 875
0.003347 875
0.003348 875
0.003349 875
0.00335 875
0.003351 875
0.003352 875
0.003353 875
0.003354 875
0.003355 875
0.003356 875
0.003357 875
0.003358 875
0.003359 875
0.00336 874
0.003361 874
0.003362 874
0.003363 874
0.003364 873
0.003365 874
0.003366 875
0.003367 875
0.003368 875
0.003369 875
0.00337 875
0.003371 875
0.003372 875
0.003373 875
0.003374 875
0.003375 875
0.003376 875
0.003377 875
0.003378 876
0.003379 876
0.00338 876
0.003381 876
0.003382 876
0.003383 876
0.003384 876
0.003385 876
0.003386 875
0.003387 875
0.003388 875
0.003389 875
0.00339 875
0.003391 876
0.003392 876
0.003393 876
0.003394 876
0.003395 876
0.003396 876
0.003397 876
0.003398 876
0.003399 876
0.0034 876
0.003401 876
0.003402 876
0.003403 876
0.003404 876
0.003405 876
0.003406 876
0.003407 876
0.003408 876
0.003409 876
0.00341 876
0.003411 876
0.003412 876
0.003413 876
0.003414 876
0.003415 876
0.003416 876
0.003417 876
0.003418 876
0.003419 876
0.00342 876
0.003421 876
0.003422 876
0.003423 876
0.003424 876
0.003425 876
0.003426 876
0.003427 876
0.003428 876
0.003429 876
0.00343 876
0.003431 876
0.003432 876
0.003433 876
0.003434 876
0.003435 876
0.003436 876
0.003437 876
0.003438 876
0.003439 876
0.00344 875
0.003441 875
0.003442 874
0.003443 874
0.003444 874
0.003445 874
0.003446 874
0.003447 873
0.003448 873
0.003449 873
0.00345 873
0.003451 873
0.003452 872
0.003453 872
0.003454 872
0.003455 872
0.003456 872
0.003457 872
0.003458 872
0.003459 872
0.00346 872
0.003461 872
0.003462 872
0.003463 872
0.003464 872
0.003465 871
0.003466 871
0.003467 871
0.003468 871
0.003469 871
0.00347 871
0.003471 871
0.003472 871
0.003473 871
0.003474 871
0.003475 871
0.003476 871
0.003477 871
0.003478 871
0.003479 871
0.00348 871
0.003481 871
0.003482 871
0.003483 871
0.003484 871
0.003485 871
0.003486 871
0.003487 871
0.003488 871
0.003489 871
0.00349 871
0.003491 871
0.003492 871
0.003493 871
0.003494 871
0.003495 871
0.003496 871
0.003497 871
0.003498 871
0.003499 871
0.0035 871
0.003501 871
0.003502 872
0.003503 872
0.003504 872
0.003505 871
0.003506 871
0.003507 871
0.003508 871
0.003509 871
0.00351 871
0.003511 871
0.003512 871
0.003513 871
0.003514 871
0.003515 871
0.003516 871
0.003517 870
0.003518 870
0.003519 870
0.00352 869
0.003521 869
0.003522 869
0.003523 869
0.003524 869
0.003525 869
0.003526 869
0.003527 869
0.003528 869
0.003529 869
0.00353 869
0.003531 869
0.003532 869
0.003533 869
0.003534 869
0.003535 869
0.003536 869
0.003537 869
0.003538 868
0.003539 868
0.00354 868
0.003541 868
0.003542 868
0.003543 868
0.003544 867
0.003545 867
0.003546 867
0.003547 867
0.003548 867
0.003549 867
0.00355 867
0.003551 867
0.003552 867
0.003553 867
0.003554 867
0.003555 867
0.003556 867
0.003557 867
0.003558 867
0.003559 867
0.00356 867
0.003561 867
0.003562 867
0.003563 867
0.003564 867
0.003565 867
0.003566 867
0.003567 866
0.003568 866
0.003569 866
0.00357 866
0.003571 866
0.003572 866
0.003573 866
0.003574 866
0.003575 866
0.003576 866
0.003577 866
0.003578 866
0.003579 866
0.00358 866
0.003581 866
0.003582 867
0.003583 867
0.003584 867
0.003585 867
0.003586 867
0.003587 867
0.003588 867
0.003589 867
0.00359 867
0.003591 867
0.003592 867
0.003593 867
0.003594 867
0.003595 867
0.003596 867
0.003597 867
0.003598 867
0.003599 867
0.0036 867
0.003601 866
0.003602 866
0.003603 866
0.003604 865
0.003605 865
0.003606 865
0.003607 865
0.003608 865
0.003609 864
0.00361 864
0.003611 864
0.003612 864
0.003613 864
0.003614 864
0.003615 864
0.003616 864
0.003617 864
0.003618 864
0.003619 864
0.00362 864
0.003621 864
0.003622 864
0.003623 865
0.003624 865
0.003625 865
0.003626 865
0.003627 865
0.003628 865
0.003629 865
0.00363 865
0.003631 865
0.003632 864
0.003633 864
0.003634 864
0.003635 864
0.003636 864
0.003637 863
0.003638 862
0.003639 862
0.00364 862
0.003641 862
0.003642 862
0.003643 862
0.003644 862
0.003645 862
0.003646 862
0.003647 862
0.003648 862
0.003649 862
0.00365 862
0.003651 862
0.003652 862
0.003653 862
0.003654 862
0.003655 862
0.003656 862
0.003657 862
0.003658 862
0.003659 863
0.00366 863
0.003661 863
0.003662 863
0.003663 863
0.003664 863
0.003665 862
0.003666 862
0.003667 862
0.003668 862
0.003669 861
0.00367 861
0.003671 861
0.003672 861
0.003673 861
0.003674 861
0.003675 861
0.003676 861
0.003677 861
0.003678 861
0.003679 861
0.00368 861
0.003681 861
0.003682 861
0.003683 861
0.003684 861
0.003685 861
0.003686 861
0.003687 861
0.003688 861
0.003689 860
0.00369 860
0.003691 860
0.003692 860
0.003693 860
0.003694 860
0.003695 860
0.003696 860
0.003697 860
0.003698 860
0.003699 860
0.0037 860
0.003701 860
0.003702 860
0.003703 860
0.003704 860
0.003705 861
0.003706 861
0.003707 861
0.003708 861
0.003709 861
0.00371 861
0.003711 861
0.003712 861
0.003713 860
0.003714 860
0.003715 860
0.003716 860
0.003717 860
0.003718 859
0.003719 859
0.00372 859
0.003721 859
0.003722 859
0.003723 859
0.003724 859
0.003725 859
0.003726 859
0.003727 859
0.003728 859
0.003729 859
0.00373 859
0.003731 859
0.003732 859
0.003733 859
0.003734 859
0.003735 859
0.003736 859
0.003737 859
0.003738 859
0.003739 859
0.00374 859
0.003741 859
0.003742 859
0.003743 859
0.003744 860
0.003745 859
0.003746 859
0.003747 859
0.003748 859
0.003749 858
0.00375 858
0.003751 858
0.003752 858
0.003753 858
0.003754 858
0.003755 858
0.003756 858
0.003757 858
0.003758 858
0.003759 858
0.00376 858
0.003761 858
0.003762 858
0.003763 858
0.003764 858
0.003765 858
0.003766 858
0.003767 858
0.003768 858
0.003769 858
0.00377 858
0.003771 858
0.003772 857
0.003773 857
0.003774 857
0.003775 857
0.003776 857
0.003777 859
0.003778 860
0.003779 860
0.00378 860
0.003781 861
0.003782 861
0.003783 861
0.003784 860
0.003785 860
0.003786 860
0.003787 860
0.003788 860
0.003789 860
0.00379 860
0.003791 860
0.003792 860
0.003793 860
0.003794 860
0.003795 860
0.003796 859
0.003797 859
0.003798 859
0.003799 859
0.0038 859
0.003801 859
0.003802 860
0.003803 860
0.003804 860
0.003805 860
0.003806 860
0.003807 860
0.003808 860
0.003809 860
0.00381 859
0.003811 859
0.003812 859
0.003813 859
0.003814 859
0.003815 859
0.003816 859
0.003817 859
0.003818 859
0.003819 859
0.00382 859
0.003821 859
0.003822 859
0.003823 859
0.003824 859
0.003825 859
0.003826 859
0.003827 859
0.003828 860
0.003829 860
0.00383 860
0.003831 860
0.003832 860
0.003833 860
0.003834 860
0.003835 861
0.003836 861
0.003837 861
0.003838 861
0.003839 861
0.00384 861
0.003841 861
0.003842 861
0.003843 861
0.003844 861
0.003845 861
0.003846 861
0.003847 861
0.003848 860
0.003849 860
0.00385 860
0.003851 860
0.003852 860
0.003853 860
0.003854 860
0.003855 860
0.003856 860
0.003857 860
0.003858 860
0.003859 860
0.00386 860
0.003861 860
0.003862 860
0.003863 860
0.003864 860
0.003865 860
0.003866 860
0.003867 860
0.003868 860
0.003869 860
0.00387 860
0.003871 860
0.003872 860
0.003873 860
0.003874 860
0.003875 860
0.003876 860
0.003877 860
0.003878 860
0.003879 860
0.00388 860
0.003881 860
0.003882 860
0.003883 860
0.003884 861
0.003885 861
0.003886 861
0.003887 861
0.003888 860
0.003889 859
0.00389 859
0.003891 859
0.003892 859
0.003893 859
0.003894 859
0.003895 859
0.003896 860
0.003897 860
0.003898 860
0.003899 860
0.0039 860
0.003901 860
0.003902 860
0.003903 860
0.003904 860
0.003905 860
0.003906 860
0.003907 860
0.003908 860
0.003909 860
0.00391 860
0.003911 860
0.003912 861
0.003913 861
0.003914 861
0.003915 861
0.003916 861
0.003917 861
0.003918 861
0.003919 861
0.00392 859
0.003921 859
0.003922 859
0.003923 859
0.003924 859
0.003925 859
0.003926 859
0.003927 859
0.003928 859
0.003929 859
0.00393 859
0.003931 859
0.003932 859
0.003933 859
0.003934 859
0.003935 859
0.003936 859
0.003937 859
0.003938 859
0.003939 859
0.00394 859
0.003941 859
0.003942 859
0.003943 859
0.003944 859
0.003945 859
0.003946 859
0.003947 859
0.003948 859
0.003949 859
0.00395 859
0.003951 859
0.003952 859
0.003953 859
0.003954 859
0.003955 859
0.003956 859
0.003957 859
0.003958 859
0.003959 858
0.00396 857
0.003961 857
0.003962 857
0.003963 857
0.003964 858
0.003965 858
0.003966 858
0.003967 858
0.003968 858
0.003969 858
0.00397 858
0.003971 858
0.003972 858
0.003973 858
0.003974 858
0.003975 858
0.003976 858
0.003977 858
0.003978 858
0.003979 858
0.00398 858
0.003981 858
0.003982 858
0.003983 858
0.003984 858
0.003985 858
0.003986 858
0.003987 858
0.003988 858
0.003989 858
0.00399 858
0.003991 858
0.003992 858
0.003993 858
0.003994 858
0.003995 858
0.003996 858
0.003997 858
0.003998 857
0.003999 857
0.004 857
0.004001 857
0.004002 857
0.004003 856
0.004004 856
0.004005 856
0.004006 856
0.004007 856
0.004008 856
0.004009 856
0.00401 856
0.004011 856
0.004012 856
0.004013 856
0.004014 856
0.004015 856
0.004016 856
0.004017 856
0.004018 856
0.004019 856
0.00402 856
0.004021 856
0.004022 856
0.004023 856
0.004024 856
0.004025 856
0.004026 857
0.004027 857
0.004028 857
0.004029 857
0.00403 857
0.004031 857
0.004032 857
0.004033 857
0.004034 857
0.004035 857
0.004036 857
0.004037 858
0.004038 858
0.004039 858
0.00404 858
0.004041 858
0.004042 858
0.004043 858
0.004044 858
0.004045 858
0.004046 858
0.004047 858
0.004048 858
0.004049 858
0.00405 858
0.004051 858
0.004052 858
0.004053 858
0.004054 858
0.004055 858
0.004056 858
0.004057 858
0.004058 858
0.004059 858
0.00406 857
0.004061 857
0.004062 857
0.004063 857
0.004064 857
0.004065 857
0.004066 857
0.004067 857
0.004068 857
0.004069 857
0.00407 857
0.004071 857
0.004072 857
0.004073 856
0.004074 856
0.004075 856
0.004076 856
0.004077 856
0.004078 856
0.004079 856
0.00408 856
0.004081 856
0.004082 856
0.004083 856
0.004084 856
0.004085 856
0.004086 856
0.004087 856
0.004088 856
0.004089 857
0.00409 857
0.004091 857
0.004092 856
0.004093 855
0.004094 855
0.004095 855
0.004096 855
0.004097 855
0.004098 855
0.004099 855
0.0041 855
0.004101 855
0.004102 855
0.004103 856
0.004104 856
0.004105 856
0.004106 856
0.004107 857
0.004108 857
0.004109 857
0.00411 856
0.004111 856
0.004112 855
0.004113 855
0.004114 855
0.004115 855
0.004116 855
0.004117 855
0.004118 855
0.004119 855
0.00412 854
0.004121 854
0.004122 854
0.004123 854
0.004124 854
0.004125 855
0.004126 855
0.004127 855
0.004128 855
0.004129 854
0.00413 854
0.004131 854
0.004132 853
0.004133 853
0.004134 853
0.004135 853
0.004136 852
0.004137 852
0.004138 852
0.004139 852
0.00414 852
0.004141 852
0.004142 852
0.004143 852
0.004144 852
0.004145 852
0.004146 852
0.004147 852
0.004148 852
0.004149 852
0.00415 852
0.004151 852
0.004152 852
0.004153 852
0.004154 852
0.004155 852
0.004156 852
0.004157 852
0.004158 852
0.004159 852
0.00416 852
0.004161 852
0.004162 852
0.004163 852
0.004164 852
0.004165 852
0.004166 852
0.004167 852
0.004168 853
0.004169 853
0.00417 853
0.004171 853
0.004172 853
0.004173 853
0.004174 853
0.004175 853
0.004176 853
0.004177 853
0.004178 853
0.004179 853
0.00418 853
0.004181 853
0.004182 853
0.004183 853
0.004184 853
0.004185 853
0.004186 853
0.004187 854
0.004188 854
0.004189 854
0.00419 854
0.004191 853
0.004192 853
0.004193 854
0.004194 854
0.004195 854
0.004196 854
0.004197 854
0.004198 854
0.004199 854
0.0042 854
0.004201 855
0.004202 855
0.004203 855
0.004204 855
0.004205 855
0.004206 855
0.004207 855
0.004208 855
0.004209 855
0.00421 855
0.004211 855
0.004212 855
0.004213 855
0.004214 855
0.004215 855
0.004216 855
0.004217 855
0.004218 855
0.004219 855
0.00422 855
0.004221 855
0.004222 855
0.004223 855
0.004224 855
0.004225 855
0.004226 855
0.004227 855
0.004228 855
0.004229 855
0.00423 855
0.004231 855
0.004232 854
0.004233 854
0.004234 854
0.004235 854
0.004236 854
0.004237 854
0.004238 854
0.004239 854
0.00424 854
0.004241 855
0.004242 855
0.004243 855
0.004244 854
0.004245 854
0.004246 854
0.004247 854
0.004248 854
0.004249 854
0.00425 853
0.004251 853
0.004252 853
0.004253 853
0.004254 853
0.004255 853
0.004256 853
0.004257 853
0.004258 853
0.004259 852
0.00426 852
0.004261 852
0.004262 852
0.004263 852
0.004264 852
0.004265 852
0.004266 852
0.004267 852
0.004268 852
0.004269 852
0.00427 852
0.004271 852
0.004272 852
0.004273 852
0.004274 852
0.004275 852
0.004276 853
0.004277 853
0.004278 853
0.004279 853
0.00428 853
0.004281 853
0.004282 853
0.004283 853
0.004284 853
0.004285 853
0.004286 853
0.004287 854
0.004288 854
0.004289 854
0.00429 854
0.004291 855
0.004292 854
0.004293 854
0.004294 854
0.004295 854
0.004296 854
0.004297 854
0.004298 854
0.004299 854
0.0043 854
0.004301 854
0.004302 854
0.004303 854
0.004304 854
0.004305 853
0.004306 853
0.004307 853
0.004308 853
0.004309 853
0.00431 853
0.004311 853
0.004312 853
0.004313 853
0.004314 853
0.004315 853
0.004316 853
0.004317 853
0.004318 853
0.004319 853
0.00432 853
0.004321 853
0.004322 853
0.004323 853
0.004324 853
0.004325 852
0.004326 852
0.004327 852
0.004328 852
0.004329 851
0.00433 851
0.004331 851
0.004332 852
0.004333 852
0.004334 852
0.004335 852
0.004336 852
0.004337 851
0.004338 851
0.004339 851
0.00434 851
0.004341 851
0.004342 851
0.004343 851
0.004344 851
0.004345 851
0.004346 851
0.004347 851
0.004348 851
0.004349 851
0.00435 852
0.004351 852
0.004352 852
0.004353 852
0.004354 852
0.004355 852
0.004356 853
0.004357 853
0.004358 853
0.004359 853
0.00436 853
0.004361 853
0.004362 853
0.004363 853
0.004364 853
0.004365 853
0.004366 853
0.004367 853
0.004368 853
0.004369 853
0.00437 853
0.004371 853
0.004372 853
0.004373 853
0.004374 853
0.004375 853
0.004376 853
0.004377 853
0.004378 853
0.004379 853
0.00438 853
0.004381 853
0.004382 853
0.004383 853
0.004384 854
0.004385 854
0.004386 854
0.004387 854
0.004388 854
0.004389 854
0.00439 854
0.004391 854
0.004392 854
0.004393 854
0.004394 854
0.004395 854
0.004396 854
0.004397 854
0.004398 854
0.004399 854
0.0044 854
0.004401 854
0.004402 854
0.004403 854
0.004404 854
0.004405 854
0.004406 854
0.004407 854
0.004408 854
0.004409 854
0.00441 854
0.004411 854
0.004412 854
0.004413 853
0.004414 853
0.004415 853
0.004416 853
0.004417 853
0.004418 853
0.004419 853
0.00442 853
0.004421 853
0.004422 853
0.004423 853
0.004424 853
0.004425 853
0.004426 853
0.004427 854
0.004428 854
0.004429 854
0.00443 854
0.004431 855
0.004432 855
0.004433 855
0.004434 855
0.004435 855
0.004436 854
0.004437 854
0.004438 854
0.004439 854
0.00444 854
0.004441 854
0.004442 854
0.004443 854
0.004444 854
0.004445 854
0.004446 854
0.004447 854
0.004448 854
0.004449 854
0.00445 854
0.004451 854
0.004452 855
0.004453 855
0.004454 855
0.004455 855
0.004456 855
0.004457 855
0.004458 855
0.004459 854
0.00446 854
0.004461 854
0.004462 854
0.004463 854
0.004464 854
0.004465 854
0.004466 854
0.004467 854
0.004468 854
0.004469 854
0.00447 854
0.004471 854
0.004472 854
0.004473 854
0.004474 854
0.004475 855
0.004476 855
0.004477 855
0.004478 855
0.004479 855
0.00448 855
0.004481 855
0.004482 855
0.004483 855
0.004484 856
0.004485 856
0.004486 855
0.004487 855
0.004488 855
0.004489 855
0.00449 855
0.004491 855
0.004492 855
0.004493 855
0.004494 855
0.004495 855
0.004496 855
0.004497 855
0.004498 854
0.004499 854
0.0045 854
0.004501 855
0.004502 855
0.004503 855
0.004504 855
0.004505 855
0.004506 855
0.004507 854
0.004508 854
0.004509 853
0.00451 853
0.004511 853
0.004512 853
0.004513 853
0.004514 853
0.004515 853
0.004516 853
0.004517 853
0.004518 853
0.004519 853
0.00452 853
0.004521 853
0.004522 854
0.004523 854
0.004524 854
0.004525 854
0.004526 854
0.004527 854
0.004528 854
0.004529 854
0.00453 855
0.004531 855
0.004532 855
0.004533 855
0.004534 855
0.004535 855
0.004536 855
0.004537 855
0.004538 854
0.004539 854
0.00454 854
0.004541 854
0.004542 854
0.004543 854
0.004544 854
0.004545 854
0.004546 854
0.004547 854
0.004548 854
0.004549 854
0.00455 854
0.004551 854
0.004552 853
0.004553 853
0.004554 853
0.004555 853
0.004556 853
0.004557 853
0.004558 853
0.004559 852
0.00456 853
0.004561 853
0.004562 853
0.004563 853
0.004564 853
0.004565 853
0.004566 853
0.004567 853
0.004568 853
0.004569 853
0.00457 853
0.004571 853
0.004572 853
0.004573 853
0.004574 853
0.004575 853
0.004576 853
0.004577 853
0.004578 853
0.004579 853
0.00458 853
0.004581 853
0.004582 853
0.004583 852
0.004584 853
0.004585 853
0.004586 853
0.004587 853
0.004588 853
0.004589 854
0.00459 854
0.004591 854
0.004592 853
0.004593 853
0.004594 853
0.004595 852
0.004596 852
0.004597 852
0.004598 852
0.004599 852
0.0046 852
0.004601 852
0.004602 852
0.004603 852
0.004604 852
0.004605 852
0.004606 852
0.004607 852
0.004608 852
0.004609 852
0.00461 852
0.004611 852
0.004612 852
0.004613 852
0.004614 852
0.004615 852
0.004616 853
0.004617 852
0.004618 852
0.004619 852
0.00462 852
0.004621 852
0.004622 852
0.004623 852
0.004624 851
0.004625 851
0.004626 852
0.004627 852
0.004628 852
0.004629 852
0.00463 852
0.004631 852
0.004632 852
0.004633 852
0.004634 852
0.004635 853
0.004636 853
0.004637 853
0.004638 853
0.004639 853
0.00464 853
0.004641 853
0.004642 853
0.004643 853
0.004644 853
0.004645 852
0.004646 852
0.004647 852
0.004648 852
0.004649 851
0.00465 851
0.004651 851
0.004652 851
0.004653 851
0.004654 851
0.004655 851
0.004656 851
0.004657 852
0.004658 852
0.004659 851
0.00466 851
0.004661 850
0.004662 850
0.004663 850
0.004664 850
0.004665 850
0.004666 850
0.004667 850
0.004668 850
0.004669 850
0.00467 851
0.004671 849
0.004672 849
0.004673 849
0.004674 849
0.004675 849
0.004676 849
0.004677 849
0.004678 849
0.004679 849
0.00468 849
0.004681 849
0.004682 849
0.004683 849
0.004684 849
0.004685 849
0.004686 849
0.004687 849
0.004688 849
0.004689 849
0.00469 849
0.004691 849
0.004692 849
0.004693 849
0.004694 849
0.004695 849
0.004696 849
0.004697 849
0.004698 849
0.004699 849
0.0047 849
0.004701 849
0.004702 848
0.004703 848
0.004704 848
0.004705 848
0.004706 848
0.004707 848
0.004708 848
0.004709 847
0.00471 847
0.004711 847
0.004712 847
0.004713 847
0.004714 847
0.004715 846
0.004716 846
0.004717 846
0.004718 846
0.004719 846
0.00472 846
0.004721 847
0.004722 847
0.004723 847
0.004724 847
0.004725 847
0.004726 847
0.004727 847
0.004728 847
0.004729 847
0.00473 847
0.004731 847
0.004732 847
0.004733 847
0.004734 847
0.004735 847
0.004736 847
0.004737 847
0.004738 847
0.004739 847
0.00474 847
0.004741 847
0.004742 847
0.004743 846
0.004744 846
0.004745 846
0.004746 846
0.004747 846
0.004748 846
0.004749 846
0.00475 846
0.004751 846
0.004752 846
0.004753 846
0.004754 846
0.004755 846
0.004756 846
0.004757 846
0.004758 846
0.004759 846
0.00476 846
0.004761 846
0.004762 846
0.004763 846
0.004764 846
0.004765 846
0.004766 846
0.004767 846
0.004768 846
0.004769 845
0.00477 845
0.004771 845
0.004772 844
0.004773 845
0.004774 845
0.004775 845
0.004776 845
0.004777 845
0.004778 846
0.004779 846
0.00478 846
0.004781 846
0.004782 846
0.004783 846
0.004784 846
0.004785 846
0.004786 845
0.004787 845
0.004788 845
0.004789 845
0.00479 846
0.004791 846
0.004792 847
0.004793 847
0.004794 847
0.004795 847
0.004796 847
0.004797 847
0.004798 847
0.004799 847
0.0048 847
0.004801 848
0.004802 848
0.004803 848
0.004804 848
0.004805 848
0.004806 847
0.004807 847
0.004808 847
0.004809 847
0.00481 847
0.004811 847
0.004812 847
0.004813 847
0.004814 847
0.004815 847
0.004816 847
0.004817 847
0.004818 847
0.004819 847
0.00482 847
0.004821 847
0.004822 847
0.004823 847
0.004824 846
0.004825 846
0.004826 846
0.004827 846
0.004828 846
0.004829 846
0.00483 847
0.004831 847
0.004832 848
0.004833 848
0.004834 848
0.004835 848
0.004836 848
0.004837 848
0.004838 848
0.004839 848
0.00484 848
0.004841 848
0.004842 848
0.004843 848
0.004844 848
0.004845 848
0.004846 848
0.004847 848
0.004848 848
0.004849 850
0.00485 850
0.004851 850
0.004852 850
0.004853 850
0.004854 850
0.004855 850
0.004856 850
0.004857 850
0.004858 850
0.004859 849
0.00486 849
0.004861 849
0.004862 849
0.004863 849
0.004864 849
0.004865 849
0.004866 850
0.004867 850
0.004868 850
0.004869 850
0.00487 850
0.004871 850
0.004872 850
0.004873 850
0.004874 849
0.004875 849
0.004876 849
0.004877 850
0.004878 850
0.004879 850
0.00488 851
0.004881 851
0.004882 851
0.004883 851
0.004884 851
0.004885 851
0.004886 851
0.004887 852
0.004888 852
0.004889 852
0.00489 852
0.004891 852
0.004892 852
0.004893 852
0.004894 852
0.004895 853
0.004896 853
0.004897 853
0.004898 853
0.004899 853
0.0049 853
0.004901 853
0.004902 853
0.004903 853
0.004904 853
0.004905 853
0.004906 853
0.004907 853
0.004908 853
0.004909 853
0.00491 853
0.004911 853
0.004912 853
0.004913 852
0.004914 852
0.004915 852
0.004916 852
0.004917 852
0.004918 852
0.004919 852
0.00492 852
0.004921 852
0.004922 852
0.004923 852
0.004924 852
0.004925 852
0.004926 852
0.004927 852
0.004928 852
0.004929 852
0.00493 852
0.004931 852
0.004932 852
0.004933 852
0.004934 852
0.004935 851
0.004936 851
0.004937 851
0.004938 850
0.004939 850
0.00494 850
0.004941 850
0.004942 850
0.004943 850
0.004944 850
0.004945 849
0.004946 849
0.004947 849
0.004948 849
0.004949 849
0.00495 850
0.004951 852
0.004952 852
0.004953 852
0.004954 852
0.004955 853
0.004956 853
0.004957 853
0.004958 853
0.004959 853
0.00496 853
0.004961 853
0.004962 853
0.004963 853
0.004964 853
0.004965 853
0.004966 853
0.004967 853
0.004968 852
0.004969 852
0.00497 852
0.004971 852
0.004972 852
0.004973 853
0.004974 853
0.004975 853
0.004976 853
0.004977 853
0.004978 853
0.004979 854
0.00498 854
0.004981 853
0.004982 853
0.004983 853
0.004984 853
0.004985 852
0.004986 852
0.004987 852
0.004988 852
0.004989 851
0.00499 851
0.004991 851
0.004992 851
0.004993 851
0.004994 851
0.004995 851
0.004996 851
0.004997 851
0.004998 852
0.004999 851
0.005 852
