0 3306
1e-06 3314
2e-06 3324
3e-06 3338
4e-06 3340
5e-06 3348
6e-06 3355
7e-06 3364
8e-06 3375
9e-06 3386
1e-05 3388
1.1e-05 3396
1.2e-05 3406
1.3e-05 3405
1.4e-05 3407
1.5e-05 3422
1.6e-05 3433
1.7e-05 3436
1.8e-05 3447
1.9e-05 3454
2e-05 3459
2.1e-05 3477
2.2e-05 3482
2.3e-05 3491
2.4e-05 3495
2.5e-05 3506
2.6e-05 3517
2.7e-05 3514
2.8e-05 3528
2.9e-05 3539
3e-05 3544
3.1e-05 3550
3.2e-05 3553
3.3e-05 3561
3.4e-05 3569
3.5e-05 3583
3.6e-05 3580
3.7e-05 3586
3.8e-05 3586
3.9e-05 3593
4e-05 3598
4.1e-05 3606
4.2e-05 3613
4.3e-05 3617
4.4e-05 3629
4.5e-05 3636
4.6e-05 3644
4.7e-05 3650
4.8e-05 3662
4.9e-05 3666
5e-05 3679
5.1e-05 3687
5.2e-05 3694
5.3e-05 3694
5.4e-05 3703
5.5e-05 3704
5.6e-05 3716
5.7e-05 3723
5.8e-05 3729
5.9e-05 3735
6e-05 3739
6.1e-05 3740
6.2e-05 3744
6.3e-05 3750
6.4e-05 3750
6.5e-05 3753
6.6e-05 3760
6.7e-05 3767
6.8e-05 3771
6.9e-05 3778
7e-05 3781
7.1e-05 3781
7.2e-05 3784
7.3e-05 3790
7.4e-05 3795
7.5e-05 3800
7.6e-05 3800
7.7e-05 3802
7.8e-05 3806
7.9e-05 3814
8e-05 3818
8.1e-05 3820
8.2e-05 3825
8.3e-05 3826
8.4e-05 3834
8.5e-05 3831
8.6e-05 3834
8.7e-05 3834
8.8e-05 3837
8.9e-05 3842
9e-05 3847
9.1e-05 3853
9.2e-05 3855
9.3e-05 3864
9.4e-05 3862
9.5e-05 3865
9.6e-05 3869
9.7e-05 3880
9.8e-05 3880
9.9e-05 3881
0.0001 3884
0.000101 3888
0.000102 3896
0.000103 3903
0.000104 3905
0.000105 3908
0.000106 3903
0.000107 3903
0.000108 3903
0.000109 3908
0.00011 3912
0.000111 3915
0.000112 3915
0.000113 3918
0.000114 3924
0.000115 3927
0.000116 3930
0.000117 3931
0.000118 3933
0.000119 3936
0.00012 3940
0.000121 3944
0.000122 3942
0.000123 3944
0.000124 3947
0.000125 3949
0.000126 3949
0.000127 3953
0.000128 3955
0.000129 3956
0.00013 3956
0.000131 3959
0.000132 3958
0.000133 3960
0.000134 3961
0.000135 3963
0.000136 3973
0.000137 3973
0.000138 3977
0.000139 3980
0.00014 3981
0.000141 3983
0.000142 3985
0.000143 3987
0.000144 3989
0.000145 3993
0.000146 3997
0.000147 4003
0.000148 4002
0.000149 4004
0.00015 4011
0.000151 4015
0.000152 4017
0.000153 4019
0.000154 4020
0.000155 4020
0.000156 4019
0.000157 4020
0.000158 4023
0.000159 4026
0.00016 4030
0.000161 4030
0.000162 4033
0.000163 4037
0.000164 4043
0.000165 4048
0.000166 4048
0.000167 4049
0.000168 4052
0.000169 4055
0.00017 4058
0.000171 4060
0.000172 4061
0.000173 4059
0.000174 4062
0.000175 4065
0.000176 4069
0.000177 4068
0.000178 4065
0.000179 4068
0.00018 4073
0.000181 4074
0.000182 4074
0.000183 4076
0.000184 4078
0.000185 4077
0.000186 4076
0.000187 4076
0.000188 4079
0.000189 4081
0.00019 4083
0.000191 4086
0.000192 4089
0.000193 4093
0.000194 4096
0.000195 4097
0.000196 4098
0.000197 4100
0.000198 4103
0.000199 4106
0.0002 4110
0.000201 4111
0.000202 4109
0.000203 4109
0.000204 4109
0.000205 4111
0.000206 4109
0.000207 4111
0.000208 4109
0.000209 4113
0.00021 4115
0.000211 4115
0.000212 4116
0.000213 4113
0.000214 4117
0.000215 4123
0.000216 4123
0.000217 4123
0.000218 4124
0.000219 4121
0.00022 4123
0.000221 4126
0.000222 4126
0.000223 4128
0.000224 4129
0.000225 4131
0.000226 4132
0.000227 4132
0.000228 4133
0.000229 4136
0.00023 4137
0.000231 4137
0.000232 4137
0.000233 4139
0.000234 4142
0.000235 4144
0.000236 4150
0.000237 4150
0.000238 4149
0.000239 4149
0.00024 4151
0.000241 4153
0.000242 4149
0.000243 4149
0.000244 4154
0.000245 4155
0.000246 4157
0.000247 4157
0.000248 4159
0.000249 4158
0.00025 4161
0.000251 4158
0.000252 4155
0.000253 4159
0.000254 4158
0.000255 4159
0.000256 4159
0.000257 4158
0.000258 4157
0.000259 4158
0.00026 4161
0.000261 4163
0.000262 4164
0.000263 4165
0.000264 4166
0.000265 4168
0.000266 4171
0.000267 4174
0.000268 4178
0.000269 4176
0.00027 4177
0.000271 4177
0.000272 4177
0.000273 4178
0.000274 4180
0.000275 4180
0.000276 4183
0.000277 4182
0.000278 4183
0.000279 4184
0.00028 4186
0.000281 4186
0.000282 4189
0.000283 4189
0.000284 4190
0.000285 4191
0.000286 4191
0.000287 4195
0.000288 4195
0.000289 4193
0.00029 4190
0.000291 4191
0.000292 4192
0.000293 4192
0.000294 4195
0.000295 4197
0.000296 4200
0.000297 4200
0.000298 4197
0.000299 4196
0.0003 4197
0.000301 4201
0.000302 4203
0.000303 4204
0.000304 4203
0.000305 4203
0.000306 4203
0.000307 4204
0.000308 4206
0.000309 4206
0.00031 4209
0.000311 4211
0.000312 4213
0.000313 4215
0.000314 4216
0.000315 4216
0.000316 4217
0.000317 4217
0.000318 4217
0.000319 4217
0.00032 4220
0.000321 4222
0.000322 4221
0.000323 4221
0.000324 4223
0.000325 4224
0.000326 4225
0.000327 4225
0.000328 4226
0.000329 4226
0.00033 4226
0.000331 4226
0.000332 4226
0.000333 4227
0.000334 4229
0.000335 4229
0.000336 4230
0.000337 4230
0.000338 4233
0.000339 4233
0.00034 4232
0.000341 4233
0.000342 4232
0.000343 4236
0.000344 4236
0.000345 4234
0.000346 4232
0.000347 4233
0.000348 4233
0.000349 4235
0.00035 4239
0.000351 4237
0.000352 4237
0.000353 4236
0.000354 4238
0.000355 4236
0.000356 4238
0.000357 4240
0.000358 4241
0.000359 4243
0.00036 4245
0.000361 4242
0.000362 4242
0.000363 4243
0.000364 4244
0.000365 4246
0.000366 4245
0.000367 4243
0.000368 4246
0.000369 4245
0.00037 4246
0.000371 4245
0.000372 4248
0.000373 4249
0.000374 4249
0.000375 4248
0.000376 4247
0.000377 4249
0.000378 4250
0.000379 4249
0.00038 4247
0.000381 4247
0.000382 4248
0.000383 4249
0.000384 4251
0.000385 4251
0.000386 4253
0.000387 4254
0.000388 4254
0.000389 4252
0.00039 4252
0.000391 4254
0.000392 4255
0.000393 4255
0.000394 4255
0.000395 4255
0.000396 4257
0.000397 4257
0.000398 4259
0.000399 4258
0.0004 4257
0.000401 4256
0.000402 4257
0.000403 4259
0.000404 4258
0.000405 4258
0.000406 4257
0.000407 4257
0.000408 4258
0.000409 4259
0.00041 4260
0.000411 4260
0.000412 4259
0.000413 4261
0.000414 4262
0.000415 4262
0.000416 4262
0.000417 4262
0.000418 4263
0.000419 4263
0.00042 4262
0.000421 4262
0.000422 4263
0.000423 4263
0.000424 4265
0.000425 4265
0.000426 4265
0.000427 4266
0.000428 4267
0.000429 4267
0.00043 4266
0.000431 4265
0.000432 4267
0.000433 4267
0.000434 4267
0.000435 4268
0.000436 4268
0.000437 4268
0.000438 4268
0.000439 4269
0.00044 4270
0.000441 4270
0.000442 4270
0.000443 4271
0.000444 4270
0.000445 4271
0.000446 4271
0.000447 4270
0.000448 4268
0.000449 4269
0.00045 4269
0.000451 4269
0.000452 4270
0.000453 4269
0.000454 4271
0.000455 4271
0.000456 4271
0.000457 4271
0.000458 4271
0.000459 4271
0.00046 4271
0.000461 4270
0.000462 4271
0.000463 4269
0.000464 4271
0.000465 4271
0.000466 4272
0.000467 4272
0.000468 4273
0.000469 4273
0.00047 4273
0.000471 4274
0.000472 4273
0.000473 4271
0.000474 4272
0.000475 4273
0.000476 4272
0.000477 4272
0.000478 4273
0.000479 4273
0.00048 4273
0.000481 4275
0.000482 4277
0.000483 4279
0.000484 4280
0.000485 4278
0.000486 4277
0.000487 4277
0.000488 4276
0.000489 4277
0.00049 4276
0.000491 4278
0.000492 4279
0.000493 4278
0.000494 4278
0.000495 4277
0.000496 4279
0.000497 4279
0.000498 4280
0.000499 4281
0.0005 4281
0.000501 4283
0.000502 4282
0.000503 4283
0.000504 4283
0.000505 4283
0.000506 4284
0.000507 4284
0.000508 4285
0.000509 4285
0.00051 4286
0.000511 4286
0.000512 4286
0.000513 4286
0.000514 4287
0.000515 4287
0.000516 4286
0.000517 4286
0.000518 4286
0.000519 4286
0.00052 4284
0.000521 4284
0.000522 4286
0.000523 4285
0.000524 4286
0.000525 4286
0.000526 4286
0.000527 4286
0.000528 4285
0.000529 4285
0.00053 4285
0.000531 4285
0.000532 4286
0.000533 4285
0.000534 4284
0.000535 4283
0.000536 4282
0.000537 4282
0.000538 4282
0.000539 4282
0.00054 4281
0.000541 4281
0.000542 4281
0.000543 4280
0.000544 4280
0.000545 4280
0.000546 4280
0.000547 4280
0.000548 4280
0.000549 4280
0.00055 4279
0.000551 4277
0.000552 4277
0.000553 4275
0.000554 4275
0.000555 4275
0.000556 4275
0.000557 4277
0.000558 4278
0.000559 4278
0.00056 4278
0.000561 4278
0.000562 4278
0.000563 4278
0.000564 4278
0.000565 4277
0.000566 4276
0.000567 4276
0.000568 4275
0.000569 4275
0.00057 4275
0.000571 4276
0.000572 4277
0.000573 4277
0.000574 4277
0.000575 4277
0.000576 4277
0.000577 4277
0.000578 4276
0.000579 4274
0.00058 4274
0.000581 4274
0.000582 4274
0.000583 4274
0.000584 4272
0.000585 4271
0.000586 4270
0.000587 4270
0.000588 4270
0.000589 4269
0.00059 4268
0.000591 4268
0.000592 4267
0.000593 4267
0.000594 4266
0.000595 4266
0.000596 4267
0.000597 4267
0.000598 4269
0.000599 4269
0.0006 4269
0.000601 4268
0.000602 4269
0.000603 4269
0.000604 4269
0.000605 4269
0.000606 4270
0.000607 4270
0.000608 4270
0.000609 4270
0.00061 4270
0.000611 4270
0.000612 4271
0.000613 4270
0.000614 4270
0.000615 4271
0.000616 4273
0.000617 4274
0.000618 4274
0.000619 4275
0.00062 4275
0.000621 4276
0.000622 4277
0.000623 4278
0.000624 4279
0.000625 4280
0.000626 4279
0.000627 4281
0.000628 4281
0.000629 4282
0.00063 4281
0.000631 4281
0.000632 4281
0.000633 4281
0.000634 4281
0.000635 4281
0.000636 4280
0.000637 4280
0.000638 4283
0.000639 4283
0.00064 4283
0.000641 4283
0.000642 4282
0.000643 4281
0.000644 4281
0.000645 4282
0.000646 4283
0.000647 4283
0.000648 4283
0.000649 4285
0.00065 4286
0.000651 4286
0.000652 4286
0.000653 4286
0.000654 4287
0.000655 4287
0.000656 4285
0.000657 4285
0.000658 4285
0.000659 4284
0.00066 4284
0.000661 4284
0.000662 4283
0.000663 4283
0.000664 4283
0.000665 4283
0.000666 4283
0.000667 4283
0.000668 4282
0.000669 4283
0.00067 4283
0.000671 4282
0.000672 4283
0.000673 4284
0.000674 4284
0.000675 4283
0.000676 4282
0.000677 4283
0.000678 4283
0.000679 4282
0.00068 4283
0.000681 4283
0.000682 4282
0.000683 4280
0.000684 4280
0.000685 4280
0.000686 4280
0.000687 4281
0.000688 4279
0.000689 4279
0.00069 4280
0.000691 4281
0.000692 4281
0.000693 4281
0.000694 4281
0.000695 4281
0.000696 4281
0.000697 4281
0.000698 4282
0.000699 4282
0.0007 4282
0.000701 4283
0.000702 4283
0.000703 4284
0.000704 4284
0.000705 4285
0.000706 4285
0.000707 4285
0.000708 4286
0.000709 4287
0.00071 4289
0.000711 4290
0.000712 4290
0.000713 4290
0.000714 4290
0.000715 4290
0.000716 4290
0.000717 4291
0.000718 4290
0.000719 4289
0.00072 4289
0.000721 4292
0.000722 4291
0.000723 4291
0.000724 4291
0.000725 4291
0.000726 4291
0.000727 4291
0.000728 4291
0.000729 4292
0.00073 4292
0.000731 4291
0.000732 4290
0.000733 4290
0.000734 4290
0.000735 4290
0.000736 4291
0.000737 4292
0.000738 4292
0.000739 4292
0.00074 4291
0.000741 4291
0.000742 4291
0.000743 4291
0.000744 4291
0.000745 4292
0.000746 4293
0.000747 4293
0.000748 4293
0.000749 4292
0.00075 4292
0.000751 4292
0.000752 4291
0.000753 4292
0.000754 4292
0.000755 4292
0.000756 4292
0.000757 4292
0.000758 4294
0.000759 4295
0.00076 4295
0.000761 4296
0.000762 4296
0.000763 4296
0.000764 4296
0.000765 4296
0.000766 4297
0.000767 4295
0.000768 4296
0.000769 4295
0.00077 4296
0.000771 4295
0.000772 4295
0.000773 4295
0.000774 4295
0.000775 4295
0.000776 4296
0.000777 4296
0.000778 4297
0.000779 4297
0.00078 4297
0.000781 4296
0.000782 4296
0.000783 4296
0.000784 4296
0.000785 4295
0.000786 4295
0.000787 4296
0.000788 4298
0.000789 4298
0.00079 4298
0.000791 4298
0.000792 4298
0.000793 4298
0.000794 4297
0.000795 4297
0.000796 4296
0.000797 4297
0.000798 4296
0.000799 4296
0.0008 4296
0.000801 4296
0.000802 4296
0.000803 4296
0.000804 4296
0.000805 4296
0.000806 4296
0.000807 4296
0.000808 4296
0.000809 4296
0.00081 4295
0.000811 4294
0.000812 4294
0.000813 4295
0.000814 4295
0.000815 4295
0.000816 4295
0.000817 4295
0.000818 4296
0.000819 4296
0.00082 4297
0.000821 4297
0.000822 4297
0.000823 4298
0.000824 4298
0.000825 4298
0.000826 4298
0.000827 4297
0.000828 4297
0.000829 4296
0.00083 4296
0.000831 4296
0.000832 4296
0.000833 4296
0.000834 4296
0.000835 4297
0.000836 4297
0.000837 4297
0.000838 4297
0.000839 4298
0.00084 4297
0.000841 4297
0.000842 4297
0.000843 4297
0.000844 4297
0.000845 4297
0.000846 4297
0.000847 4297
0.000848 4297
0.000849 4297
0.00085 4297
0.000851 4298
0.000852 4297
0.000853 4297
0.000854 4298
0.000855 4298
0.000856 4298
0.000857 4298
0.000858 4298
0.000859 4297
0.00086 4297
0.000861 4298
0.000862 4298
0.000863 4297
0.000864 4297
0.000865 4298
0.000866 4298
0.000867 4298
0.000868 4297
0.000869 4295
0.00087 4296
0.000871 4296
0.000872 4296
0.000873 4296
0.000874 4296
0.000875 4296
0.000876 4295
0.000877 4294
0.000878 4294
0.000879 4294
0.00088 4294
0.000881 4293
0.000882 4294
0.000883 4294
0.000884 4297
0.000885 4296
0.000886 4297
0.000887 4297
0.000888 4297
0.000889 4298
0.00089 4298
0.000891 4299
0.000892 4299
0.000893 4299
0.000894 4299
0.000895 4299
0.000896 4299
0.000897 4299
0.000898 4299
0.000899 4300
0.0009 4300
0.000901 4300
0.000902 4300
0.000903 4300
0.000904 4300
0.000905 4299
0.000906 4298
0.000907 4298
0.000908 4298
0.000909 4298
0.00091 4298
0.000911 4299
0.000912 4298
0.000913 4298
0.000914 4299
0.000915 4299
0.000916 4299
0.000917 4299
0.000918 4298
0.000919 4298
0.00092 4298
0.000921 4298
0.000922 4299
0.000923 4299
0.000924 4299
0.000925 4299
0.000926 4299
0.000927 4299
0.000928 4299
0.000929 4299
0.00093 4301
0.000931 4299
0.000932 4298
0.000933 4298
0.000934 4297
0.000935 4295
0.000936 4295
0.000937 4295
0.000938 4294
0.000939 4294
0.00094 4294
0.000941 4295
0.000942 4294
0.000943 4294
0.000944 4294
0.000945 4295
0.000946 4295
0.000947 4294
0.000948 4294
0.000949 4294
0.00095 4293
0.000951 4293
0.000952 4293
0.000953 4293
0.000954 4295
0.000955 4295
0.000956 4295
0.000957 4294
0.000958 4293
0.000959 4293
0.00096 4293
0.000961 4293
0.000962 4293
0.000963 4292
0.000964 4292
0.000965 4292
0.000966 4291
0.000967 4290
0.000968 4290
0.000969 4290
0.00097 4290
0.000971 4290
0.000972 4290
0.000973 4290
0.000974 4290
0.000975 4292
0.000976 4292
0.000977 4290
0.000978 4290
0.000979 4289
0.00098 4289
0.000981 4290
0.000982 4290
0.000983 4290
0.000984 4290
0.000985 4290
0.000986 4289
0.000987 4289
0.000988 4288
0.000989 4288
0.00099 4288
0.000991 4288
0.000992 4288
0.000993 4288
0.000994 4288
0.000995 4290
0.000996 4291
0.000997 4292
0.000998 4292
0.000999 4293
0.001 4293
0.001001 4293
0.001002 4293
0.001003 4295
0.001004 4295
0.001005 4295
0.001006 4294
0.001007 4294
0.001008 4294
0.001009 4294
0.00101 4295
0.001011 4296
0.001012 4296
0.001013 4298
0.001014 4297
0.001015 4297
0.001016 4296
0.001017 4296
0.001018 4296
0.001019 4298
0.00102 4298
0.001021 4298
0.001022 4299
0.001023 4299
0.001024 4300
0.001025 4299
0.001026 4299
0.001027 4299
0.001028 4301
0.001029 4301
0.00103 4301
0.001031 4301
0.001032 4300
0.001033 4302
0.001034 4302
0.001035 4302
0.001036 4302
0.001037 4302
0.001038 4301
0.001039 4301
0.00104 4300
0.001041 4300
0.001042 4300
0.001043 4301
0.001044 4301
0.001045 4301
0.001046 4301
0.001047 4302
0.001048 4301
0.001049 4300
0.00105 4301
0.001051 4301
0.001052 4301
0.001053 4300
0.001054 4300
0.001055 4300
0.001056 4299
0.001057 4299
0.001058 4299
0.001059 4299
0.00106 4298
0.001061 4299
0.001062 4299
0.001063 4299
0.001064 4298
0.001065 4299
0.001066 4299
0.001067 4299
0.001068 4299
0.001069 4299
0.00107 4300
0.001071 4300
0.001072 4299
0.001073 4300
0.001074 4300
0.001075 4299
0.001076 4299
0.001077 4299
0.001078 4299
0.001079 4298
0.00108 4299
0.001081 4298
0.001082 4298
0.001083 4298
0.001084 4300
0.001085 4300
0.001086 4300
0.001087 4300
0.001088 4301
0.001089 4302
0.00109 4304
0.001091 4304
0.001092 4304
0.001093 4304
0.001094 4304
0.001095 4305
0.001096 4305
0.001097 4305
0.001098 4305
0.001099 4305
0.0011 4304
0.001101 4304
0.001102 4304
0.001103 4303
0.001104 4304
0.001105 4304
0.001106 4304
0.001107 4304
0.001108 4305
0.001109 4305
0.00111 4305
0.001111 4305
0.001112 4304
0.001113 4304
0.001114 4305
0.001115 4305
0.001116 4306
0.001117 4306
0.001118 4307
0.001119 4307
0.00112 4307
0.001121 4307
0.001122 4307
0.001123 4307
0.001124 4308
0.001125 4308
0.001126 4309
0.001127 4308
0.001128 4308
0.001129 4308
0.00113 4308
0.001131 4308
0.001132 4308
0.001133 4308
0.001134 4308
0.001135 4309
0.001136 4309
0.001137 4309
0.001138 4310
0.001139 4310
0.00114 4310
0.001141 4310
0.001142 4310
0.001143 4309
0.001144 4309
0.001145 4309
0.001146 4309
0.001147 4309
0.001148 4309
0.001149 4308
0.00115 4309
0.001151 4309
0.001152 4309
0.001153 4309
0.001154 4309
0.001155 4309
0.001156 4309
0.001157 4310
0.001158 4311
0.001159 4312
0.00116 4312
0.001161 4312
0.001162 4312
0.001163 4312
0.001164 4312
0.001165 4311
0.001166 4311
0.001167 4311
0.001168 4310
0.001169 4310
0.00117 4311
0.001171 4311
0.001172 4311
0.001173 4310
0.001174 4310
0.001175 4310
0.001176 4309
0.001177 4307
0.001178 4307
0.001179 4307
0.00118 4307
0.001181 4308
0.001182 4307
0.001183 4306
0.001184 4306
0.001185 4309
0.001186 4309
0.001187 4309
0.001188 4309
0.001189 4309
0.00119 4310
0.001191 4310
0.001192 4311
0.001193 4311
0.001194 4311
0.001195 4311
0.001196 4311
0.001197 4311
0.001198 4311
0.001199 4310
0.0012 4308
0.001201 4308
0.001202 4308
0.001203 4308
0.001204 4308
0.001205 4308
0.001206 4308
0.001207 4308
0.001208 4308
0.001209 4308
0.00121 4307
0.001211 4305
0.001212 4305
0.001213 4305
0.001214 4305
0.001215 4304
0.001216 4305
0.001217 4305
0.001218 4305
0.001219 4304
0.00122 4304
0.001221 4303
0.001222 4303
0.001223 4304
0.001224 4304
0.001225 4305
0.001226 4305
0.001227 4305
0.001228 4307
0.001229 4307
0.00123 4308
0.001231 4309
0.001232 4308
0.001233 4309
0.001234 4309
0.001235 4309
0.001236 4309
0.001237 4309
0.001238 4309
0.001239 4309
0.00124 4309
0.001241 4309
0.001242 4310
0.001243 4309
0.001244 4309
0.001245 4309
0.001246 4309
0.001247 4309
0.001248 4309
0.001249 4309
0.00125 4309
0.001251 4308
0.001252 4310
0.001253 4309
0.001254 4309
0.001255 4309
0.001256 4309
0.001257 4309
0.001258 4308
0.001259 4308
0.00126 4308
0.001261 4308
0.001262 4308
0.001263 4308
0.001264 4308
0.001265 4309
0.001266 4309
0.001267 4309
0.001268 4308
0.001269 4308
0.00127 4308
0.001271 4307
0.001272 4308
0.001273 4308
0.001274 4308
0.001275 4308
0.001276 4307
0.001277 4307
0.001278 4306
0.001279 4306
0.00128 4306
0.001281 4306
0.001282 4305
0.001283 4306
0.001284 4307
0.001285 4307
0.001286 4307
0.001287 4307
0.001288 4307
0.001289 4307
0.00129 4307
0.001291 4308
0.001292 4308
0.001293 4309
0.001294 4309
0.001295 4310
0.001296 4310
0.001297 4311
0.001298 4310
0.001299 4310
0.0013 4310
0.001301 4310
0.001302 4310
0.001303 4309
0.001304 4309
0.001305 4308
0.001306 4308
0.001307 4308
0.001308 4308
0.001309 4309
0.00131 4309
0.001311 4309
0.001312 4310
0.001313 4310
0.001314 4310
0.001315 4310
0.001316 4310
0.001317 4311
0.001318 4311
0.001319 4310
0.00132 4312
0.001321 4310
0.001322 4310
0.001323 4309
0.001324 4309
0.001325 4309
0.001326 4309
0.001327 4310
0.001328 4310
0.001329 4310
0.00133 4311
0.001331 4312
0.001332 4312
0.001333 4311
0.001334 4311
0.001335 4310
0.001336 4310
0.001337 4310
0.001338 4311
0.001339 4312
0.00134 4312
0.001341 4312
0.001342 4313
0.001343 4315
0.001344 4315
0.001345 4315
0.001346 4316
0.001347 4316
0.001348 4315
0.001349 4315
0.00135 4315
0.001351 4315
0.001352 4314
0.001353 4314
0.001354 4314
0.001355 4316
0.001356 4316
0.001357 4314
0.001358 4316
0.001359 4317
0.00136 4319
0.001361 4318
0.001362 4318
0.001363 4318
0.001364 4318
0.001365 4318
0.001366 4318
0.001367 4317
0.001368 4317
0.001369 4317
0.00137 4317
0.001371 4317
0.001372 4319
0.001373 4319
0.001374 4319
0.001375 4319
0.001376 4319
0.001377 4319
0.001378 4319
0.001379 4320
0.00138 4320
0.001381 4321
0.001382 4321
0.001383 4321
0.001384 4321
0.001385 4320
0.001386 4320
0.001387 4319
0.001388 4319
0.001389 4320
0.00139 4320
0.001391 4320
0.001392 4320
0.001393 4320
0.001394 4320
0.001395 4320
0.001396 4321
0.001397 4321
0.001398 4321
0.001399 4322
0.0014 4322
0.001401 4323
0.001402 4324
0.001403 4325
0.001404 4325
0.001405 4326
0.001406 4326
0.001407 4327
0.001408 4327
0.001409 4327
0.00141 4328
0.001411 4328
0.001412 4329
0.001413 4329
0.001414 4329
0.001415 4329
0.001416 4328
0.001417 4328
0.001418 4328
0.001419 4328
0.00142 4328
0.001421 4328
0.001422 4327
0.001423 4327
0.001424 4328
0.001425 4327
0.001426 4327
0.001427 4326
0.001428 4326
0.001429 4325
0.00143 4325
0.001431 4325
0.001432 4324
0.001433 4324
0.001434 4323
0.001435 4323
0.001436 4322
0.001437 4321
0.001438 4321
0.001439 4321
0.00144 4321
0.001441 4321
0.001442 4321
0.001443 4322
0.001444 4322
0.001445 4322
0.001446 4322
0.001447 4323
0.001448 4323
0.001449 4323
0.00145 4322
0.001451 4322
0.001452 4323
0.001453 4323
0.001454 4323
0.001455 4323
0.001456 4323
0.001457 4325
0.001458 4325
0.001459 4325
0.00146 4326
0.001461 4328
0.001462 4327
0.001463 4328
0.001464 4327
0.001465 4328
0.001466 4328
0.001467 4327
0.001468 4327
0.001469 4327
0.00147 4327
0.001471 4326
0.001472 4326
0.001473 4326
0.001474 4325
0.001475 4323
0.001476 4322
0.001477 4322
0.001478 4322
0.001479 4321
0.00148 4321
0.001481 4321
0.001482 4320
0.001483 4320
0.001484 4320
0.001485 4319
0.001486 4319
0.001487 4318
0.001488 4318
0.001489 4318
0.00149 4318
0.001491 4318
0.001492 4318
0.001493 4319
0.001494 4319
0.001495 4320
0.001496 4320
0.001497 4321
0.001498 4321
0.001499 4320
0.0015 4320
0.001501 4320
0.001502 4318
0.001503 4318
0.001504 4318
0.001505 4318
0.001506 4318
0.001507 4318
0.001508 4318
0.001509 4317
0.00151 4317
0.001511 4317
0.001512 4315
0.001513 4315
0.001514 4315
0.001515 4315
0.001516 4314
0.001517 4315
0.001518 4315
0.001519 4315
0.00152 4317
0.001521 4316
0.001522 4318
0.001523 4319
0.001524 4319
0.001525 4319
0.001526 4319
0.001527 4320
0.001528 4319
0.001529 4319
0.00153 4319
0.001531 4319
0.001532 4319
0.001533 4319
0.001534 4319
0.001535 4319
0.001536 4319
0.001537 4319
0.001538 4319
0.001539 4318
0.00154 4318
0.001541 4318
0.001542 4318
0.001543 4317
0.001544 4318
0.001545 4317
0.001546 4315
0.001547 4315
0.001548 4315
0.001549 4315
0.00155 4315
0.001551 4315
0.001552 4315
0.001553 4315
0.001554 4315
0.001555 4315
0.001556 4315
0.001557 4315
0.001558 4314
0.001559 4313
0.00156 4313
0.001561 4313
0.001562 4315
0.001563 4315
0.001564 4315
0.001565 4315
0.001566 4315
0.001567 4315
0.001568 4315
0.001569 4315
0.00157 4315
0.001571 4314
0.001572 4314
0.001573 4314
0.001574 4315
0.001575 4316
0.001576 4316
0.001577 4315
0.001578 4315
0.001579 4315
0.00158 4315
0.001581 4314
0.001582 4314
0.001583 4315
0.001584 4315
0.001585 4315
0.001586 4315
0.001587 4315
0.001588 4315
0.001589 4315
0.00159 4315
0.001591 4316
0.001592 4316
0.001593 4317
0.001594 4317
0.001595 4316
0.001596 4316
0.001597 4316
0.001598 4317
0.001599 4317
0.0016 4317
0.001601 4316
0.001602 4316
0.001603 4315
0.001604 4315
0.001605 4315
0.001606 4315
0.001607 4316
0.001608 4315
0.001609 4315
0.00161 4315
0.001611 4315
0.001612 4315
0.001613 4316
0.001614 4316
0.001615 4316
0.001616 4316
0.001617 4316
0.001618 4316
0.001619 4317
0.00162 4316
0.001621 4316
0.001622 4317
0.001623 4317
0.001624 4316
0.001625 4316
0.001626 4316
0.001627 4316
0.001628 4316
0.001629 4316
0.00163 4315
0.001631 4315
0.001632 4315
0.001633 4313
0.001634 4313
0.001635 4313
0.001636 4312
0.001637 4311
0.001638 4312
0.001639 4311
0.00164 4311
0.001641 4311
0.001642 4311
0.001643 4311
0.001644 4311
0.001645 4311
0.001646 4312
0.001647 4313
0.001648 4312
0.001649 4313
0.00165 4313
0.001651 4313
0.001652 4314
0.001653 4314
0.001654 4313
0.001655 4313
0.001656 4313
0.001657 4313
0.001658 4313
0.001659 4312
0.00166 4312
0.001661 4312
0.001662 4312
0.001663 4312
0.001664 4312
0.001665 4312
0.001666 4311
0.001667 4311
0.001668 4309
0.001669 4309
0.00167 4310
0.001671 4312
0.001672 4312
0.001673 4312
0.001674 4312
0.001675 4312
0.001676 4312
0.001677 4310
0.001678 4310
0.001679 4309
0.00168 4309
0.001681 4308
0.001682 4309
0.001683 4309
0.001684 4309
0.001685 4309
0.001686 4309
0.001687 4310
0.001688 4310
0.001689 4310
0.00169 4309
0.001691 4309
0.001692 4310
0.001693 4310
0.001694 4310
0.001695 4311
0.001696 4311
0.001697 4312
0.001698 4312
0.001699 4312
0.0017 4313
0.001701 4314
0.001702 4314
0.001703 4312
0.001704 4313
0.001705 4312
0.001706 4312
0.001707 4312
0.001708 4311
0.001709 4311
0.00171 4311
0.001711 4311
0.001712 4311
0.001713 4312
0.001714 4311
0.001715 4311
0.001716 4311
0.001717 4311
0.001718 4311
0.001719 4311
0.00172 4312
0.001721 4312
0.001722 4312
0.001723 4311
0.001724 4310
0.001725 4309
0.001726 4308
0.001727 4307
0.001728 4308
0.001729 4308
0.00173 4309
0.001731 4309
0.001732 4309
0.001733 4309
0.001734 4310
0.001735 4310
0.001736 4311
0.001737 4310
0.001738 4310
0.001739 4310
0.00174 4310
0.001741 4310
0.001742 4309
0.001743 4308
0.001744 4308
0.001745 4310
0.001746 4312
0.001747 4312
0.001748 4311
0.001749 4312
0.00175 4312
0.001751 4312
0.001752 4312
0.001753 4312
0.001754 4312
0.001755 4313
0.001756 4312
0.001757 4312
0.001758 4313
0.001759 4312
0.00176 4311
0.001761 4310
0.001762 4310
0.001763 4310
0.001764 4311
0.001765 4311
0.001766 4311
0.001767 4311
0.001768 4311
0.001769 4312
0.00177 4311
0.001771 4311
0.001772 4311
0.001773 4311
0.001774 4311
0.001775 4311
0.001776 4311
0.001777 4311
0.001778 4310
0.001779 4310
0.00178 4310
0.001781 4311
0.001782 4311
0.001783 4311
0.001784 4310
0.001785 4308
0.001786 4308
0.001787 4309
0.001788 4309
0.001789 4309
0.00179 4309
0.001791 4309
0.001792 4310
0.001793 4310
0.001794 4309
0.001795 4309
0.001796 4309
0.001797 4309
0.001798 4309
0.001799 4309
0.0018 4309
0.001801 4309
0.001802 4309
0.001803 4309
0.001804 4308
0.001805 4309
0.001806 4309
0.001807 4307
0.001808 4307
0.001809 4307
0.00181 4306
0.001811 4305
0.001812 4305
0.001813 4306
0.001814 4306
0.001815 4306
0.001816 4306
0.001817 4306
0.001818 4306
0.001819 4306
0.00182 4307
0.001821 4307
0.001822 4307
0.001823 4306
0.001824 4306
0.001825 4306
0.001826 4305
0.001827 4305
0.001828 4305
0.001829 4304
0.00183 4304
0.001831 4304
0.001832 4305
0.001833 4305
0.001834 4304
0.001835 4306
0.001836 4307
0.001837 4307
0.001838 4307
0.001839 4307
0.00184 4309
0.001841 4309
0.001842 4309
0.001843 4309
0.001844 4309
0.001845 4308
0.001846 4308
0.001847 4308
0.001848 4308
0.001849 4308
0.00185 4309
0.001851 4308
0.001852 4308
0.001853 4308
0.001854 4308
0.001855 4308
0.001856 4308
0.001857 4306
0.001858 4308
0.001859 4309
0.00186 4309
0.001861 4308
0.001862 4308
0.001863 4308
0.001864 4308
0.001865 4308
0.001866 4308
0.001867 4308
0.001868 4308
0.001869 4308
0.00187 4306
0.001871 4306
0.001872 4307
0.001873 4308
0.001874 4309
0.001875 4309
0.001876 4308
0.001877 4308
0.001878 4308
0.001879 4306
0.00188 4307
0.001881 4308
0.001882 4308
0.001883 4309
0.001884 4308
0.001885 4308
0.001886 4308
0.001887 4308
0.001888 4307
0.001889 4307
0.00189 4306
0.001891 4306
0.001892 4306
0.001893 4306
0.001894 4307
0.001895 4307
0.001896 4307
0.001897 4307
0.001898 4307
0.001899 4306
0.0019 4305
0.001901 4306
0.001902 4307
0.001903 4307
0.001904 4307
0.001905 4307
0.001906 4307
0.001907 4307
0.001908 4307
0.001909 4306
0.00191 4305
0.001911 4305
0.001912 4306
0.001913 4306
0.001914 4306
0.001915 4305
0.001916 4306
0.001917 4307
0.001918 4305
0.001919 4305
0.00192 4306
0.001921 4306
0.001922 4306
0.001923 4305
0.001924 4304
0.001925 4304
0.001926 4304
0.001927 4304
0.001928 4304
0.001929 4304
0.00193 4304
0.001931 4304
0.001932 4304
0.001933 4304
0.001934 4305
0.001935 4305
0.001936 4305
0.001937 4304
0.001938 4303
0.001939 4302
0.00194 4302
0.001941 4303
0.001942 4303
0.001943 4304
0.001944 4305
0.001945 4305
0.001946 4305
0.001947 4307
0.001948 4307
0.001949 4307
0.00195 4307
0.001951 4307
0.001952 4307
0.001953 4307
0.001954 4307
0.001955 4307
0.001956 4307
0.001957 4307
0.001958 4307
0.001959 4307
0.00196 4306
0.001961 4305
0.001962 4305
0.001963 4304
0.001964 4304
0.001965 4304
0.001966 4304
0.001967 4304
0.001968 4304
0.001969 4303
0.00197 4303
0.001971 4303
0.001972 4302
0.001973 4302
0.001974 4302
0.001975 4301
0.001976 4301
0.001977 4301
0.001978 4301
0.001979 4301
0.00198 4300
0.001981 4300
0.001982 4300
0.001983 4300
0.001984 4300
0.001985 4300
0.001986 4300
0.001987 4300
0.001988 4300
0.001989 4300
0.00199 4300
0.001991 4300
0.001992 4300
0.001993 4300
0.001994 4300
0.001995 4300
0.001996 4300
0.001997 4300
0.001998 4299
0.001999 4300
0.002 4300
0.002001 4299
0.002002 4298
0.002003 4298
0.002004 4299
0.002005 4299
0.002006 4299
0.002007 4299
0.002008 4298
0.002009 4298
0.00201 4298
0.002011 4297
0.002012 4297
0.002013 4296
0.002014 4296
0.002015 4295
0.002016 4295
0.002017 4295
0.002018 4296
0.002019 4296
0.00202 4295
0.002021 4295
0.002022 4296
0.002023 4295
0.002024 4295
0.002025 4295
0.002026 4295
0.002027 4294
0.002028 4294
0.002029 4294
0.00203 4295
0.002031 4295
0.002032 4295
0.002033 4294
0.002034 4294
0.002035 4293
0.002036 4293
0.002037 4293
0.002038 4292
0.002039 4291
0.00204 4290
0.002041 4290
0.002042 4290
0.002043 4291
0.002044 4291
0.002045 4292
0.002046 4293
0.002047 4293
0.002048 4293
0.002049 4293
0.00205 4293
0.002051 4292
0.002052 4293
0.002053 4293
0.002054 4292
0.002055 4292
0.002056 4292
0.002057 4292
0.002058 4292
0.002059 4292
0.00206 4292
0.002061 4291
0.002062 4290
0.002063 4290
0.002064 4290
0.002065 4289
0.002066 4289
0.002067 4288
0.002068 4288
0.002069 4288
0.00207 4288
0.002071 4287
0.002072 4287
0.002073 4287
0.002074 4287
0.002075 4287
0.002076 4287
0.002077 4287
0.002078 4287
0.002079 4286
0.00208 4286
0.002081 4286
0.002082 4286
0.002083 4286
0.002084 4286
0.002085 4286
0.002086 4286
0.002087 4287
0.002088 4288
0.002089 4288
0.00209 4288
0.002091 4288
0.002092 4288
0.002093 4287
0.002094 4288
0.002095 4288
0.002096 4288
0.002097 4289
0.002098 4288
0.002099 4288
0.0021 4288
0.002101 4288
0.002102 4290
0.002103 4291
0.002104 4291
0.002105 4291
0.002106 4291
0.002107 4291
0.002108 4291
0.002109 4291
0.00211 4291
0.002111 4291
0.002112 4291
0.002113 4292
0.002114 4292
0.002115 4292
0.002116 4292
0.002117 4292
0.002118 4292
0.002119 4291
0.00212 4290
0.002121 4290
0.002122 4290
0.002123 4291
0.002124 4291
0.002125 4291
0.002126 4291
0.002127 4292
0.002128 4292
0.002129 4292
0.00213 4292
0.002131 4291
0.002132 4288
0.002133 4288
0.002134 4288
0.002135 4288
0.002136 4290
0.002137 4289
0.002138 4289
0.002139 4287
0.00214 4287
0.002141 4287
0.002142 4287
0.002143 4285
0.002144 4284
0.002145 4284
0.002146 4284
0.002147 4283
0.002148 4282
0.002149 4282
0.00215 4283
0.002151 4282
0.002152 4281
0.002153 4281
0.002154 4281
0.002155 4280
0.002156 4280
0.002157 4280
0.002158 4281
0.002159 4280
0.00216 4280
0.002161 4281
0.002162 4281
0.002163 4281
0.002164 4281
0.002165 4280
0.002166 4280
0.002167 4280
0.002168 4278
0.002169 4278
0.00217 4278
0.002171 4277
0.002172 4276
0.002173 4277
0.002174 4277
0.002175 4277
0.002176 4277
0.002177 4278
0.002178 4277
0.002179 4278
0.00218 4279
0.002181 4279
0.002182 4279
0.002183 4280
0.002184 4280
0.002185 4280
0.002186 4279
0.002187 4279
0.002188 4278
0.002189 4278
0.00219 4278
0.002191 4278
0.002192 4278
0.002193 4277
0.002194 4277
0.002195 4277
0.002196 4277
0.002197 4277
0.002198 4277
0.002199 4277
0.0022 4276
0.002201 4277
0.002202 4277
0.002203 4278
0.002204 4278
0.002205 4278
0.002206 4278
0.002207 4278
0.002208 4277
0.002209 4278
0.00221 4278
0.002211 4278
0.002212 4280
0.002213 4280
0.002214 4280
0.002215 4280
0.002216 4279
0.002217 4278
0.002218 4280
0.002219 4280
0.00222 4280
0.002221 4280
0.002222 4281
0.002223 4282
0.002224 4282
0.002225 4282
0.002226 4282
0.002227 4283
0.002228 4285
0.002229 4283
0.00223 4283
0.002231 4282
0.002232 4282
0.002233 4282
0.002234 4282
0.002235 4283
0.002236 4283
0.002237 4283
0.002238 4283
0.002239 4284
0.00224 4283
0.002241 4283
0.002242 4283
0.002243 4285
0.002244 4285
0.002245 4284
0.002246 4284
0.002247 4284
0.002248 4286
0.002249 4286
0.00225 4286
0.002251 4286
0.002252 4286
0.002253 4286
0.002254 4286
0.002255 4287
0.002256 4287
0.002257 4287
0.002258 4287
0.002259 4287
0.00226 4286
0.002261 4285
0.002262 4285
0.002263 4285
0.002264 4285
0.002265 4285
0.002266 4285
0.002267 4285
0.002268 4286
0.002269 4285
0.00227 4285
0.002271 4285
0.002272 4285
0.002273 4285
0.002274 4285
0.002275 4285
0.002276 4284
0.002277 4285
0.002278 4285
0.002279 4285
0.00228 4285
0.002281 4285
0.002282 4284
0.002283 4283
0.002284 4283
0.002285 4283
0.002286 4283
0.002287 4284
0.002288 4284
0.002289 4284
0.00229 4283
0.002291 4283
0.002292 4284
0.002293 4284
0.002294 4284
0.002295 4285
0.002296 4284
0.002297 4283
0.002298 4283
0.002299 4285
0.0023 4285
0.002301 4285
0.002302 4285
0.002303 4287
0.002304 4287
0.002305 4287
0.002306 4287
0.002307 4287
0.002308 4287
0.002309 4287
0.00231 4288
0.002311 4288
0.002312 4288
0.002313 4287
0.002314 4287
0.002315 4287
0.002316 4288
0.002317 4286
0.002318 4286
0.002319 4286
0.00232 4285
0.002321 4286
0.002322 4287
0.002323 4287
0.002324 4287
0.002325 4287
0.002326 4287
0.002327 4287
0.002328 4287
0.002329 4287
0.00233 4287
0.002331 4287
0.002332 4289
0.002333 4290
0.002334 4290
0.002335 4290
0.002336 4290
0.002337 4290
0.002338 4290
0.002339 4290
0.00234 4289
0.002341 4289
0.002342 4289
0.002343 4288
0.002344 4288
0.002345 4289
0.002346 4289
0.002347 4289
0.002348 4289
0.002349 4289
0.00235 4287
0.002351 4287
0.002352 4287
0.002353 4287
0.002354 4287
0.002355 4287
0.002356 4287
0.002357 4287
0.002358 4286
0.002359 4286
0.00236 4287
0.002361 4287
0.002362 4287
0.002363 4287
0.002364 4287
0.002365 4287
0.002366 4288
0.002367 4288
0.002368 4287
0.002369 4287
0.00237 4287
0.002371 4286
0.002372 4286
0.002373 4286
0.002374 4286
0.002375 4284
0.002376 4284
0.002377 4284
0.002378 4284
0.002379 4284
0.00238 4284
0.002381 4284
0.002382 4283
0.002383 4284
0.002384 4284
0.002385 4284
0.002386 4284
0.002387 4284
0.002388 4283
0.002389 4283
0.00239 4284
0.002391 4286
0.002392 4286
0.002393 4286
0.002394 4286
0.002395 4287
0.002396 4288
0.002397 4288
0.002398 4288
0.002399 4288
0.0024 4288
0.002401 4289
0.002402 4289
0.002403 4289
0.002404 4289
0.002405 4289
0.002406 4289
0.002407 4289
0.002408 4289
0.002409 4289
0.00241 4289
0.002411 4289
0.002412 4288
0.002413 4288
0.002414 4290
0.002415 4290
0.002416 4291
0.002417 4292
0.002418 4291
0.002419 4291
0.00242 4292
0.002421 4292
0.002422 4292
0.002423 4292
0.002424 4292
0.002425 4292
0.002426 4292
0.002427 4292
0.002428 4291
0.002429 4290
0.00243 4290
0.002431 4289
0.002432 4289
0.002433 4288
0.002434 4288
0.002435 4288
0.002436 4288
0.002437 4288
0.002438 4289
0.002439 4289
0.00244 4289
0.002441 4289
0.002442 4289
0.002443 4289
0.002444 4289
0.002445 4289
0.002446 4289
0.002447 4289
0.002448 4290
0.002449 4290
0.00245 4292
0.002451 4292
0.002452 4292
0.002453 4293
0.002454 4293
0.002455 4293
0.002456 4293
0.002457 4293
0.002458 4293
0.002459 4293
0.00246 4292
0.002461 4291
0.002462 4293
0.002463 4293
0.002464 4293
0.002465 4293
0.002466 4293
0.002467 4294
0.002468 4294
0.002469 4293
0.00247 4292
0.002471 4292
0.002472 4293
0.002473 4293
0.002474 4293
0.002475 4293
0.002476 4291
0.002477 4291
0.002478 4291
0.002479 4291
0.00248 4291
0.002481 4291
0.002482 4291
0.002483 4290
0.002484 4290
0.002485 4290
0.002486 4290
0.002487 4290
0.002488 4292
0.002489 4292
0.00249 4292
0.002491 4292
0.002492 4290
0.002493 4290
0.002494 4290
0.002495 4290
0.002496 4289
0.002497 4290
0.002498 4290
0.002499 4290
0.0025 4291
0.002501 4291
0.002502 4291
0.002503 4291
0.002504 4290
0.002505 4290
0.002506 4290
0.002507 4289
0.002508 4290
0.002509 4290
0.00251 4291
0.002511 4291
0.002512 4291
0.002513 4291
0.002514 4292
0.002515 4291
0.002516 4291
0.002517 4291
0.002518 4291
0.002519 4292
0.00252 4292
0.002521 4292
0.002522 4293
0.002523 4293
0.002524 4295
0.002525 4296
0.002526 4297
0.002527 4298
0.002528 4299
0.002529 4300
0.00253 4299
0.002531 4300
0.002532 4299
0.002533 4299
0.002534 4300
0.002535 4300
0.002536 4300
0.002537 4300
0.002538 4300
0.002539 4300
0.00254 4300
0.002541 4300
0.002542 4300
0.002543 4300
0.002544 4302
0.002545 4302
0.002546 4301
0.002547 4302
0.002548 4302
0.002549 4302
0.00255 4302
0.002551 4302
0.002552 4302
0.002553 4302
0.002554 4301
0.002555 4301
0.002556 4301
0.002557 4301
0.002558 4301
0.002559 4303
0.00256 4303
0.002561 4302
0.002562 4303
0.002563 4302
0.002564 4302
0.002565 4302
0.002566 4302
0.002567 4301
0.002568 4301
0.002569 4301
0.00257 4301
0.002571 4301
0.002572 4300
0.002573 4300
0.002574 4300
0.002575 4301
0.002576 4301
0.002577 4301
0.002578 4300
0.002579 4300
0.00258 4300
0.002581 4301
0.002582 4301
0.002583 4300
0.002584 4300
0.002585 4300
0.002586 4300
0.002587 4300
0.002588 4299
0.002589 4299
0.00259 4299
0.002591 4300
0.002592 4300
0.002593 4300
0.002594 4300
0.002595 4300
0.002596 4300
0.002597 4300
0.002598 4299
0.002599 4299
0.0026 4300
0.002601 4300
0.002602 4301
0.002603 4301
0.002604 4300
0.002605 4300
0.002606 4300
0.002607 4300
0.002608 4299
0.002609 4299
0.00261 4299
0.002611 4299
0.002612 4300
0.002613 4299
0.002614 4298
0.002615 4298
0.002616 4298
0.002617 4299
0.002618 4299
0.002619 4299
0.00262 4299
0.002621 4299
0.002622 4299
0.002623 4299
0.002624 4299
0.002625 4299
0.002626 4300
0.002627 4299
0.002628 4299
0.002629 4299
0.00263 4299
0.002631 4298
0.002632 4298
0.002633 4299
0.002634 4299
0.002635 4298
0.002636 4299
0.002637 4299
0.002638 4299
0.002639 4299
0.00264 4298
0.002641 4298
0.002642 4298
0.002643 4298
0.002644 4299
0.002645 4299
0.002646 4299
0.002647 4299
0.002648 4299
0.002649 4299
0.00265 4299
0.002651 4300
0.002652 4299
0.002653 4299
0.002654 4300
0.002655 4300
0.002656 4299
0.002657 4299
0.002658 4301
0.002659 4301
0.00266 4301
0.002661 4301
0.002662 4301
0.002663 4301
0.002664 4302
0.002665 4302
0.002666 4302
0.002667 4302
0.002668 4303
0.002669 4303
0.00267 4304
0.002671 4304
0.002672 4304
0.002673 4304
0.002674 4304
0.002675 4303
0.002676 4303
0.002677 4303
0.002678 4302
0.002679 4302
0.00268 4302
0.002681 4302
0.002682 4302
0.002683 4302
0.002684 4303
0.002685 4303
0.002686 4302
0.002687 4302
0.002688 4302
0.002689 4302
0.00269 4302
0.002691 4302
0.002692 4301
0.002693 4301
0.002694 4301
0.002695 4301
0.002696 4301
0.002697 4301
0.002698 4300
0.002699 4300
0.0027 4300
0.002701 4299
0.002702 4299
0.002703 4299
0.002704 4299
0.002705 4299
0.002706 4298
0.002707 4298
0.002708 4298
0.002709 4298
0.00271 4298
0.002711 4298
0.002712 4298
0.002713 4296
0.002714 4294
0.002715 4294
0.002716 4294
0.002717 4294
0.002718 4294
0.002719 4294
0.00272 4294
0.002721 4294
0.002722 4294
0.002723 4294
0.002724 4294
0.002725 4293
0.002726 4293
0.002727 4293
0.002728 4293
0.002729 4292
0.00273 4292
0.002731 4292
0.002732 4293
0.002733 4293
0.002734 4293
0.002735 4293
0.002736 4293
0.002737 4293
0.002738 4293
0.002739 4293
0.00274 4294
0.002741 4293
0.002742 4294
0.002743 4295
0.002744 4295
0.002745 4296
0.002746 4296
0.002747 4296
0.002748 4296
0.002749 4296
0.00275 4296
0.002751 4296
0.002752 4296
0.002753 4295
0.002754 4295
0.002755 4295
0.002756 4295
0.002757 4295
0.002758 4295
0.002759 4295
0.00276 4295
0.002761 4297
0.002762 4297
0.002763 4297
0.002764 4296
0.002765 4295
0.002766 4295
0.002767 4294
0.002768 4294
0.002769 4294
0.00277 4294
0.002771 4294
0.002772 4294
0.002773 4295
0.002774 4295
0.002775 4295
0.002776 4296
0.002777 4296
0.002778 4296
0.002779 4295
0.00278 4295
0.002781 4294
0.002782 4294
0.002783 4294
0.002784 4295
0.002785 4296
0.002786 4296
0.002787 4296
0.002788 4296
0.002789 4296
0.00279 4296
0.002791 4296
0.002792 4296
0.002793 4296
0.002794 4296
0.002795 4296
0.002796 4296
0.002797 4296
0.002798 4296
0.002799 4296
0.0028 4296
0.002801 4297
0.002802 4297
0.002803 4297
0.002804 4297
0.002805 4297
0.002806 4297
0.002807 4297
0.002808 4297
0.002809 4297
0.00281 4297
0.002811 4297
0.002812 4297
0.002813 4297
0.002814 4296
0.002815 4296
0.002816 4296
0.002817 4296
0.002818 4296
0.002819 4296
0.00282 4296
0.002821 4296
0.002822 4295
0.002823 4295
0.002824 4294
0.002825 4294
0.002826 4294
0.002827 4293
0.002828 4296
0.002829 4296
0.00283 4296
0.002831 4296
0.002832 4297
0.002833 4296
0.002834 4296
0.002835 4296
0.002836 4297
0.002837 4297
0.002838 4295
0.002839 4295
0.00284 4295
0.002841 4295
0.002842 4294
0.002843 4295
0.002844 4295
0.002845 4296
0.002846 4297
0.002847 4297
0.002848 4297
0.002849 4297
0.00285 4297
0.002851 4297
0.002852 4297
0.002853 4296
0.002854 4296
0.002855 4295
0.002856 4296
0.002857 4296
0.002858 4297
0.002859 4297
0.00286 4296
0.002861 4297
0.002862 4297
0.002863 4297
0.002864 4297
0.002865 4296
0.002866 4296
0.002867 4296
0.002868 4294
0.002869 4293
0.00287 4292
0.002871 4292
0.002872 4292
0.002873 4291
0.002874 4291
0.002875 4291
0.002876 4290
0.002877 4290
0.002878 4290
0.002879 4290
0.00288 4290
0.002881 4289
0.002882 4289
0.002883 4289
0.002884 4289
0.002885 4289
0.002886 4289
0.002887 4290
0.002888 4290
0.002889 4290
0.00289 4290
0.002891 4291
0.002892 4291
0.002893 4290
0.002894 4290
0.002895 4290
0.002896 4290
0.002897 4290
0.002898 4289
0.002899 4289
0.0029 4290
0.002901 4290
0.002902 4290
0.002903 4289
0.002904 4289
0.002905 4290
0.002906 4290
0.002907 4290
0.002908 4289
0.002909 4289
0.00291 4289
0.002911 4289
0.002912 4289
0.002913 4289
0.002914 4289
0.002915 4289
0.002916 4290
0.002917 4289
0.002918 4291
0.002919 4292
0.00292 4292
0.002921 4292
0.002922 4292
0.002923 4292
0.002924 4293
0.002925 4294
0.002926 4294
0.002927 4294
0.002928 4294
0.002929 4294
0.00293 4294
0.002931 4294
0.002932 4295
0.002933 4292
0.002934 4292
0.002935 4294
0.002936 4294
0.002937 4295
0.002938 4294
0.002939 4294
0.00294 4294
0.002941 4294
0.002942 4294
0.002943 4294
0.002944 4294
0.002945 4294
0.002946 4294
0.002947 4293
0.002948 4297
0.002949 4297
0.00295 4297
0.002951 4297
0.002952 4297
0.002953 4297
0.002954 4297
0.002955 4297
0.002956 4297
0.002957 4297
0.002958 4296
0.002959 4297
0.00296 4298
0.002961 4298
0.002962 4297
0.002963 4297
0.002964 4297
0.002965 4298
0.002966 4298
0.002967 4298
0.002968 4298
0.002969 4298
0.00297 4296
0.002971 4296
0.002972 4296
0.002973 4296
0.002974 4294
0.002975 4294
0.002976 4294
0.002977 4294
0.002978 4295
0.002979 4295
0.00298 4295
0.002981 4295
0.002982 4295
0.002983 4295
0.002984 4295
0.002985 4295
0.002986 4296
0.002987 4296
0.002988 4296
0.002989 4295
0.00299 4295
0.002991 4295
0.002992 4295
0.002993 4297
0.002994 4297
0.002995 4298
0.002996 4300
0.002997 4300
0.002998 4300
0.002999 4300
0.003 4299
0.003001 4298
0.003002 4297
0.003003 4297
0.003004 4297
0.003005 4297
0.003006 4295
0.003007 4294
0.003008 4294
0.003009 4294
0.00301 4294
0.003011 4294
0.003012 4296
0.003013 4296
0.003014 4296
0.003015 4296
0.003016 4297
0.003017 4297
0.003018 4297
0.003019 4297
0.00302 4297
0.003021 4298
0.003022 4298
0.003023 4299
0.003024 4299
0.003025 4299
0.003026 4300
0.003027 4301
0.003028 4302
0.003029 4302
0.00303 4304
0.003031 4303
0.003032 4303
0.003033 4303
0.003034 4302
0.003035 4302
0.003036 4303
0.003037 4303
0.003038 4303
0.003039 4303
0.00304 4303
0.003041 4303
0.003042 4303
0.003043 4303
0.003044 4302
0.003045 4302
0.003046 4301
0.003047 4301
0.003048 4301
0.003049 4301
0.00305 4301
0.003051 4301
0.003052 4302
0.003053 4302
0.003054 4301
0.003055 4301
0.003056 4301
0.003057 4301
0.003058 4300
0.003059 4299
0.00306 4299
0.003061 4299
0.003062 4299
0.003063 4299
0.003064 4298
0.003065 4296
0.003066 4296
0.003067 4297
0.003068 4297
0.003069 4297
0.00307 4297
0.003071 4298
0.003072 4297
0.003073 4297
0.003074 4296
0.003075 4295
0.003076 4295
0.003077 4295
0.003078 4295
0.003079 4295
0.00308 4295
0.003081 4296
0.003082 4296
0.003083 4295
0.003084 4295
0.003085 4296
0.003086 4295
0.003087 4295
0.003088 4295
0.003089 4295
0.00309 4295
0.003091 4294
0.003092 4294
0.003093 4294
0.003094 4294
0.003095 4294
0.003096 4294
0.003097 4294
0.003098 4293
0.003099 4294
0.0031 4294
0.003101 4294
0.003102 4296
0.003103 4297
0.003104 4297
0.003105 4296
0.003106 4295
0.003107 4295
0.003108 4296
0.003109 4297
0.00311 4297
0.003111 4296
0.003112 4297
0.003113 4296
0.003114 4297
0.003115 4298
0.003116 4298
0.003117 4299
0.003118 4299
0.003119 4298
0.00312 4298
0.003121 4298
0.003122 4298
0.003123 4301
0.003124 4301
0.003125 4300
0.003126 4300
0.003127 4300
0.003128 4300
0.003129 4300
0.00313 4301
0.003131 4300
0.003132 4299
0.003133 4299
0.003134 4299
0.003135 4299
0.003136 4299
0.003137 4298
0.003138 4299
0.003139 4299
0.00314 4299
0.003141 4300
0.003142 4301
0.003143 4301
0.003144 4301
0.003145 4300
0.003146 4300
0.003147 4300
0.003148 4299
0.003149 4299
0.00315 4299
0.003151 4299
0.003152 4299
0.003153 4300
0.003154 4300
0.003155 4300
0.003156 4300
0.003157 4299
0.003158 4297
0.003159 4297
0.00316 4298
0.003161 4298
0.003162 4297
0.003163 4297
0.003164 4297
0.003165 4297
0.003166 4297
0.003167 4297
0.003168 4297
0.003169 4297
0.00317 4297
0.003171 4298
0.003172 4298
0.003173 4298
0.003174 4298
0.003175 4298
0.003176 4298
0.003177 4298
0.003178 4298
0.003179 4298
0.00318 4298
0.003181 4298
0.003182 4297
0.003183 4296
0.003184 4296
0.003185 4296
0.003186 4295
0.003187 4295
0.003188 4295
0.003189 4295
0.00319 4295
0.003191 4295
0.003192 4295
0.003193 4295
0.003194 4295
0.003195 4295
0.003196 4297
0.003197 4297
0.003198 4297
0.003199 4296
0.0032 4296
0.003201 4296
0.003202 4296
0.003203 4296
0.003204 4296
0.003205 4296
0.003206 4295
0.003207 4295
0.003208 4294
0.003209 4294
0.00321 4295
0.003211 4295
0.003212 4294
0.003213 4294
0.003214 4294
0.003215 4292
0.003216 4292
0.003217 4292
0.003218 4293
0.003219 4294
0.00322 4294
0.003221 4294
0.003222 4293
0.003223 4293
0.003224 4292
0.003225 4291
0.003226 4291
0.003227 4292
0.003228 4292
0.003229 4292
0.00323 4291
0.003231 4291
0.003232 4291
0.003233 4292
0.003234 4292
0.003235 4292
0.003236 4291
0.003237 4291
0.003238 4291
0.003239 4290
0.00324 4290
0.003241 4291
0.003242 4291
0.003243 4290
0.003244 4290
0.003245 4291
0.003246 4292
0.003247 4292
0.003248 4292
0.003249 4292
0.00325 4292
0.003251 4292
0.003252 4293
0.003253 4293
0.003254 4293
0.003255 4294
0.003256 4294
0.003257 4295
0.003258 4296
0.003259 4296
0.00326 4295
0.003261 4294
0.003262 4294
0.003263 4294
0.003264 4294
0.003265 4295
0.003266 4295
0.003267 4295
0.003268 4295
0.003269 4295
0.00327 4295
0.003271 4295
0.003272 4295
0.003273 4293
0.003274 4292
0.003275 4292
0.003276 4292
0.003277 4290
0.003278 4289
0.003279 4289
0.00328 4289
0.003281 4289
0.003282 4289
0.003283 4288
0.003284 4288
0.003285 4288
0.003286 4287
0.003287 4287
0.003288 4287
0.003289 4286
0.00329 4287
0.003291 4286
0.003292 4286
0.003293 4286
0.003294 4286
0.003295 4285
0.003296 4285
0.003297 4285
0.003298 4285
0.003299 4285
0.0033 4284
0.003301 4285
0.003302 4286
0.003303 4286
0.003304 4286
0.003305 4286
0.003306 4285
0.003307 4284
0.003308 4282
0.003309 4282
0.00331 4282
0.003311 4282
0.003312 4282
0.003313 4282
0.003314 4282
0.003315 4281
0.003316 4283
0.003317 4283
0.003318 4284
0.003319 4284
0.00332 4285
0.003321 4286
0.003322 4285
0.003323 4286
0.003324 4286
0.003325 4285
0.003326 4284
0.003327 4284
0.003328 4284
0.003329 4284
0.00333 4284
0.003331 4283
0.003332 4283
0.003333 4283
0.003334 4283
0.003335 4283
0.003336 4283
0.003337 4283
0.003338 4283
0.003339 4282
0.00334 4282
0.003341 4282
0.003342 4282
0.003343 4282
0.003344 4282
0.003345 4283
0.003346 4283
0.003347 4283
0.003348 4283
0.003349 4283
0.00335 4283
0.003351 4283
0.003352 4283
0.003353 4284
0.003354 4283
0.003355 4283
0.003356 4283
0.003357 4283
0.003358 4283
0.003359 4283
0.00336 4284
0.003361 4284
0.003362 4284
0.003363 4284
0.003364 4284
0.003365 4284
0.003366 4284
0.003367 4284
0.003368 4283
0.003369 4283
0.00337 4283
0.003371 4283
0.003372 4282
0.003373 4281
0.003374 4282
0.003375 4282
0.003376 4282
0.003377 4282
0.003378 4282
0.003379 4282
0.00338 4282
0.003381 4281
0.003382 4282
0.003383 4282
0.003384 4282
0.003385 4282
0.003386 4282
0.003387 4283
0.003388 4283
0.003389 4283
0.00339 4283
0.003391 4283
0.003392 4282
0.003393 4285
0.003394 4285
0.003395 4284
0.003396 4284
0.003397 4284
0.003398 4285
0.003399 4284
0.0034 4283
0.003401 4283
0.003402 4283
0.003403 4283
0.003404 4283
0.003405 4283
0.003406 4284
0.003407 4284
0.003408 4284
0.003409 4284
0.00341 4285
0.003411 4285
0.003412 4284
0.003413 4283
0.003414 4283
0.003415 4283
0.003416 4281
0.003417 4283
0.003418 4283
0.003419 4283
0.00342 4283
0.003421 4283
0.003422 4283
0.003423 4283
0.003424 4283
0.003425 4283
0.003426 4283
0.003427 4283
0.003428 4283
0.003429 4283
0.00343 4283
0.003431 4283
0.003432 4283
0.003433 4283
0.003434 4283
0.003435 4283
0.003436 4283
0.003437 4283
0.003438 4282
0.003439 4282
0.00344 4282
0.003441 4283
0.003442 4282
0.003443 4282
0.003444 4282
0.003445 4282
0.003446 4282
0.003447 4283
0.003448 4283
0.003449 4283
0.00345 4283
0.003451 4283
0.003452 4283
0.003453 4283
0.003454 4283
0.003455 4283
0.003456 4283
0.003457 4283
0.003458 4283
0.003459 4283
0.00346 4283
0.003461 4283
0.003462 4283
0.003463 4283
0.003464 4282
0.003465 4282
0.003466 4283
0.003467 4283
0.003468 4283
0.003469 4283
0.00347 4283
0.003471 4282
0.003472 4282
0.003473 4282
0.003474 4282
0.003475 4282
0.003476 4281
0.003477 4281
0.003478 4281
0.003479 4281
0.00348 4281
0.003481 4282
0.003482 4281
0.003483 4281
0.003484 4281
0.003485 4282
0.003486 4282
0.003487 4283
0.003488 4282
0.003489 4282
0.00349 4282
0.003491 4282
0.003492 4282
0.003493 4284
0.003494 4285
0.003495 4285
0.003496 4285
0.003497 4285
0.003498 4284
0.003499 4285
0.0035 4284
0.003501 4283
0.003502 4283
0.003503 4283
0.003504 4283
0.003505 4284
0.003506 4283
0.003507 4283
0.003508 4283
0.003509 4282
0.00351 4282
0.003511 4281
0.003512 4280
0.003513 4280
0.003514 4279
0.003515 4279
0.003516 4280
0.003517 4280
0.003518 4280
0.003519 4280
0.00352 4282
0.003521 4282
0.003522 4282
0.003523 4282
0.003524 4282
0.003525 4282
0.003526 4282
0.003527 4282
0.003528 4282
0.003529 4281
0.00353 4281
0.003531 4281
0.003532 4282
0.003533 4283
0.003534 4283
0.003535 4284
0.003536 4284
0.003537 4284
0.003538 4284
0.003539 4284
0.00354 4284
0.003541 4284
0.003542 4284
0.003543 4284
0.003544 4285
0.003545 4285
0.003546 4285
0.003547 4284
0.003548 4284
0.003549 4284
0.00355 4284
0.003551 4284
0.003552 4284
0.003553 4283
0.003554 4283
0.003555 4283
0.003556 4283
0.003557 4283
0.003558 4283
0.003559 4283
0.00356 4283
0.003561 4283
0.003562 4283
0.003563 4283
0.003564 4285
0.003565 4286
0.003566 4286
0.003567 4286
0.003568 4286
0.003569 4286
0.00357 4286
0.003571 4286
0.003572 4286
0.003573 4286
0.003574 4285
0.003575 4284
0.003576 4284
0.003577 4283
0.003578 4283
0.003579 4283
0.00358 4283
0.003581 4282
0.003582 4281
0.003583 4280
0.003584 4280
0.003585 4279
0.003586 4279
0.003587 4278
0.003588 4278
0.003589 4278
0.00359 4278
0.003591 4278
0.003592 4279
0.003593 4279
0.003594 4278
0.003595 4278
0.003596 4277
0.003597 4277
0.003598 4277
0.003599 4278
0.0036 4278
0.003601 4279
0.003602 4279
0.003603 4280
0.003604 4280
0.003605 4280
0.003606 4280
0.003607 4280
0.003608 4281
0.003609 4279
0.00361 4279
0.003611 4278
0.003612 4278
0.003613 4278
0.003614 4278
0.003615 4277
0.003616 4276
0.003617 4276
0.003618 4276
0.003619 4274
0.00362 4274
0.003621 4274
0.003622 4273
0.003623 4272
0.003624 4272
0.003625 4272
0.003626 4272
0.003627 4273
0.003628 4272
0.003629 4271
0.00363 4271
0.003631 4270
0.003632 4270
0.003633 4270
0.003634 4271
0.003635 4272
0.003636 4271
0.003637 4271
0.003638 4272
0.003639 4272
0.00364 4272
0.003641 4273
0.003642 4273
0.003643 4273
0.003644 4273
0.003645 4273
0.003646 4272
0.003647 4271
0.003648 4271
0.003649 4271
0.00365 4270
0.003651 4270
0.003652 4269
0.003653 4270
0.003654 4270
0.003655 4270
0.003656 4270
0.003657 4270
0.003658 4270
0.003659 4270
0.00366 4270
0.003661 4271
0.003662 4270
0.003663 4270
0.003664 4270
0.003665 4270
0.003666 4270
0.003667 4270
0.003668 4272
0.003669 4272
0.00367 4272
0.003671 4272
0.003672 4274
0.003673 4274
0.003674 4274
0.003675 4273
0.003676 4273
0.003677 4273
0.003678 4273
0.003679 4273
0.00368 4273
0.003681 4272
0.003682 4272
0.003683 4273
0.003684 4273
0.003685 4273
0.003686 4273
0.003687 4273
0.003688 4273
0.003689 4272
0.00369 4272
0.003691 4272
0.003692 4273
0.003693 4273
0.003694 4273
0.003695 4273
0.003696 4273
0.003697 4273
0.003698 4273
0.003699 4273
0.0037 4273
0.003701 4275
0.003702 4275
0.003703 4275
0.003704 4275
0.003705 4275
0.003706 4275
0.003707 4274
0.003708 4274
0.003709 4275
0.00371 4276
0.003711 4276
0.003712 4276
0.003713 4276
0.003714 4277
0.003715 4277
0.003716 4276
0.003717 4276
0.003718 4275
0.003719 4275
0.00372 4275
0.003721 4275
0.003722 4275
0.003723 4275
0.003724 4275
0.003725 4274
0.003726 4274
0.003727 4274
0.003728 4274
0.003729 4273
0.00373 4274
0.003731 4274
0.003732 4275
0.003733 4276
0.003734 4277
0.003735 4276
0.003736 4277
0.003737 4278
0.003738 4278
0.003739 4278
0.00374 4278
0.003741 4278
0.003742 4278
0.003743 4278
0.003744 4278
0.003745 4278
0.003746 4278
0.003747 4278
0.003748 4277
0.003749 4277
0.00375 4277
0.003751 4278
0.003752 4277
0.003753 4277
0.003754 4277
0.003755 4277
0.003756 4277
0.003757 4276
0.003758 4277
0.003759 4277
0.00376 4277
0.003761 4277
0.003762 4277
0.003763 4276
0.003764 4276
0.003765 4276
0.003766 4276
0.003767 4277
0.003768 4277
0.003769 4277
0.00377 4277
0.003771 4277
0.003772 4276
0.003773 4276
0.003774 4278
0.003775 4280
0.003776 4279
0.003777 4279
0.003778 4279
0.003779 4280
0.00378 4280
0.003781 4280
0.003782 4280
0.003783 4281
0.003784 4282
0.003785 4282
0.003786 4282
0.003787 4281
0.003788 4280
0.003789 4281
0.00379 4281
0.003791 4281
0.003792 4281
0.003793 4281
0.003794 4281
0.003795 4281
0.003796 4281
0.003797 4281
0.003798 4281
0.003799 4281
0.0038 4281
0.003801 4281
0.003802 4281
0.003803 4280
0.003804 4281
0.003805 4280
0.003806 4280
0.003807 4280
0.003808 4280
0.003809 4280
0.00381 4280
0.003811 4280
0.003812 4280
0.003813 4279
0.003814 4279
0.003815 4278
0.003816 4278
0.003817 4277
0.003818 4276
0.003819 4276
0.00382 4276
0.003821 4276
0.003822 4276
0.003823 4276
0.003824 4276
0.003825 4275
0.003826 4275
0.003827 4274
0.003828 4274
0.003829 4274
0.00383 4273
0.003831 4273
0.003832 4273
0.003833 4272
0.003834 4272
0.003835 4272
0.003836 4273
0.003837 4272
0.003838 4272
0.003839 4273
0.00384 4273
0.003841 4273
0.003842 4273
0.003843 4273
0.003844 4273
0.003845 4273
0.003846 4273
0.003847 4273
0.003848 4275
0.003849 4275
0.00385 4275
0.003851 4276
0.003852 4276
0.003853 4277
0.003854 4276
0.003855 4277
0.003856 4277
0.003857 4277
0.003858 4277
0.003859 4278
0.00386 4278
0.003861 4278
0.003862 4278
0.003863 4277
0.003864 4277
0.003865 4277
0.003866 4277
0.003867 4277
0.003868 4277
0.003869 4278
0.00387 4276
0.003871 4276
0.003872 4275
0.003873 4274
0.003874 4274
0.003875 4275
0.003876 4275
0.003877 4276
0.003878 4275
0.003879 4274
0.00388 4274
0.003881 4274
0.003882 4273
0.003883 4273
0.003884 4273
0.003885 4273
0.003886 4273
0.003887 4271
0.003888 4271
0.003889 4272
0.00389 4272
0.003891 4272
0.003892 4272
0.003893 4272
0.003894 4272
0.003895 4273
0.003896 4273
0.003897 4274
0.003898 4274
0.003899 4274
0.0039 4274
0.003901 4274
0.003902 4273
0.003903 4273
0.003904 4273
0.003905 4273
0.003906 4273
0.003907 4274
0.003908 4272
0.003909 4272
0.00391 4273
0.003911 4272
0.003912 4272
0.003913 4271
0.003914 4271
0.003915 4271
0.003916 4271
0.003917 4272
0.003918 4273
0.003919 4273
0.00392 4273
0.003921 4273
0.003922 4273
0.003923 4273
0.003924 4273
0.003925 4274
0.003926 4275
0.003927 4276
0.003928 4276
0.003929 4276
0.00393 4278
0.003931 4278
0.003932 4279
0.003933 4279
0.003934 4279
0.003935 4280
0.003936 4281
0.003937 4281
0.003938 4281
0.003939 4281
0.00394 4281
0.003941 4281
0.003942 4281
0.003943 4282
0.003944 4282
0.003945 4282
0.003946 4283
0.003947 4283
0.003948 4283
0.003949 4284
0.00395 4283
0.003951 4283
0.003952 4283
0.003953 4283
0.003954 4282
0.003955 4282
0.003956 4280
0.003957 4280
0.003958 4279
0.003959 4279
0.00396 4279
0.003961 4279
0.003962 4280
0.003963 4280
0.003964 4280
0.003965 4279
0.003966 4279
0.003967 4279
0.003968 4278
0.003969 4278
0.00397 4277
0.003971 4276
0.003972 4276
0.003973 4276
0.003974 4276
0.003975 4276
0.003976 4276
0.003977 4276
0.003978 4276
0.003979 4276
0.00398 4276
0.003981 4277
0.003982 4277
0.003983 4279
0.003984 4279
0.003985 4279
0.003986 4279
0.003987 4278
0.003988 4278
0.003989 4278
0.00399 4278
0.003991 4278
0.003992 4278
0.003993 4277
0.003994 4277
0.003995 4277
0.003996 4276
0.003997 4277
0.003998 4276
0.003999 4276
0.004 4276
0.004001 4276
0.004002 4276
0.004003 4276
0.004004 4276
0.004005 4274
0.004006 4274
0.004007 4274
0.004008 4274
0.004009 4274
0.00401 4274
0.004011 4273
0.004012 4273
0.004013 4272
0.004014 4272
0.004015 4272
0.004016 4272
0.004017 4272
0.004018 4273
0.004019 4273
0.00402 4273
0.004021 4274
0.004022 4274
0.004023 4274
0.004024 4274
0.004025 4274
0.004026 4274
0.004027 4274
0.004028 4274
0.004029 4274
0.00403 4274
0.004031 4274
0.004032 4274
0.004033 4273
0.004034 4274
0.004035 4275
0.004036 4275
0.004037 4275
0.004038 4275
0.004039 4275
0.00404 4276
0.004041 4277
0.004042 4277
0.004043 4277
0.004044 4278
0.004045 4278
0.004046 4277
0.004047 4277
0.004048 4278
0.004049 4278
0.00405 4278
0.004051 4278
0.004052 4279
0.004053 4279
0.004054 4279
0.004055 4277
0.004056 4277
0.004057 4277
0.004058 4277
0.004059 4277
0.00406 4277
0.004061 4277
0.004062 4278
0.004063 4278
0.004064 4278
0.004065 4278
0.004066 4278
0.004067 4277
0.004068 4276
0.004069 4276
0.00407 4276
0.004071 4276
0.004072 4276
0.004073 4276
0.004074 4276
0.004075 4276
0.004076 4276
0.004077 4276
0.004078 4276
0.004079 4276
0.00408 4276
0.004081 4276
0.004082 4276
0.004083 4272
0.004084 4273
0.004085 4273
0.004086 4273
0.004087 4272
0.004088 4271
0.004089 4271
0.00409 4271
0.004091 4270
0.004092 4270
0.004093 4270
0.004094 4270
0.004095 4268
0.004096 4268
0.004097 4268
0.004098 4268
0.004099 4268
0.0041 4267
0.004101 4265
0.004102 4266
0.004103 4267
0.004104 4267
0.004105 4266
0.004106 4265
0.004107 4265
0.004108 4264
0.004109 4266
0.00411 4265
0.004111 4266
0.004112 4266
0.004113 4266
0.004114 4266
0.004115 4266
0.004116 4267
0.004117 4266
0.004118 4266
0.004119 4267
0.00412 4267
0.004121 4267
0.004122 4267
0.004123 4266
0.004124 4266
0.004125 4268
0.004126 4268
0.004127 4268
0.004128 4268
0.004129 4268
0.00413 4268
0.004131 4268
0.004132 4269
0.004133 4269
0.004134 4268
0.004135 4268
0.004136 4268
0.004137 4269
0.004138 4270
0.004139 4270
0.00414 4270
0.004141 4270
0.004142 4270
0.004143 4270
0.004144 4270
0.004145 4270
0.004146 4269
0.004147 4269
0.004148 4269
0.004149 4270
0.00415 4270
0.004151 4270
0.004152 4270
0.004153 4270
0.004154 4270
0.004155 4270
0.004156 4271
0.004157 4271
0.004158 4271
0.004159 4270
0.00416 4270
0.004161 4270
0.004162 4270
0.004163 4270
0.004164 4271
0.004165 4271
0.004166 4271
0.004167 4271
0.004168 4271
0.004169 4270
0.00417 4270
0.004171 4271
0.004172 4271
0.004173 4270
0.004174 4271
0.004175 4270
0.004176 4269
0.004177 4267
0.004178 4268
0.004179 4269
0.00418 4269
0.004181 4269
0.004182 4269
0.004183 4269
0.004184 4269
0.004185 4268
0.004186 4268
0.004187 4268
0.004188 4268
0.004189 4268
0.00419 4268
0.004191 4268
0.004192 4268
0.004193 4267
0.004194 4268
0.004195 4268
0.004196 4268
0.004197 4266
0.004198 4266
0.004199 4266
0.0042 4266
0.004201 4266
0.004202 4266
0.004203 4265
0.004204 4265
0.004205 4265
0.004206 4264
0.004207 4264
0.004208 4264
0.004209 4264
0.00421 4264
0.004211 4264
0.004212 4264
0.004213 4264
0.004214 4264
0.004215 4264
0.004216 4264
0.004217 4264
0.004218 4265
0.004219 4265
0.00422 4265
0.004221 4265
0.004222 4267
0.004223 4266
0.004224 4266
0.004225 4267
0.004226 4267
0.004227 4268
0.004228 4268
0.004229 4268
0.00423 4268
0.004231 4268
0.004232 4268
0.004233 4267
0.004234 4267
0.004235 4267
0.004236 4268
0.004237 4268
0.004238 4268
0.004239 4268
0.00424 4268
0.004241 4268
0.004242 4268
0.004243 4268
0.004244 4268
0.004245 4268
0.004246 4268
0.004247 4268
0.004248 4267
0.004249 4267
0.00425 4267
0.004251 4266
0.004252 4265
0.004253 4266
0.004254 4267
0.004255 4269
0.004256 4268
0.004257 4268
0.004258 4268
0.004259 4268
0.00426 4266
0.004261 4267
0.004262 4267
0.004263 4268
0.004264 4268
0.004265 4267
0.004266 4267
0.004267 4267
0.004268 4266
0.004269 4266
0.00427 4266
0.004271 4266
0.004272 4266
0.004273 4266
0.004274 4265
0.004275 4265
0.004276 4265
0.004277 4265
0.004278 4265
0.004279 4266
0.00428 4266
0.004281 4266
0.004282 4267
0.004283 4267
0.004284 4267
0.004285 4266
0.004286 4267
0.004287 4267
0.004288 4266
0.004289 4266
0.00429 4266
0.004291 4266
0.004292 4266
0.004293 4268
0.004294 4269
0.004295 4269
0.004296 4269
0.004297 4268
0.004298 4268
0.004299 4268
0.0043 4268
0.004301 4268
0.004302 4268
0.004303 4268
0.004304 4269
0.004305 4270
0.004306 4271
0.004307 4271
0.004308 4271
0.004309 4271
0.00431 4272
0.004311 4272
0.004312 4272
0.004313 4273
0.004314 4273
0.004315 4273
0.004316 4274
0.004317 4274
0.004318 4274
0.004319 4275
0.00432 4274
0.004321 4274
0.004322 4274
0.004323 4273
0.004324 4273
0.004325 4274
0.004326 4274
0.004327 4274
0.004328 4274
0.004329 4275
0.00433 4274
0.004331 4274
0.004332 4274
0.004333 4274
0.004334 4274
0.004335 4273
0.004336 4273
0.004337 4271
0.004338 4271
0.004339 4271
0.00434 4270
0.004341 4271
0.004342 4270
0.004343 4269
0.004344 4271
0.004345 4271
0.004346 4272
0.004347 4272
0.004348 4272
0.004349 4272
0.00435 4272
0.004351 4271
0.004352 4271
0.004353 4271
0.004354 4270
0.004355 4270
0.004356 4270
0.004357 4270
0.004358 4270
0.004359 4269
0.00436 4269
0.004361 4268
0.004362 4269
0.004363 4269
0.004364 4269
0.004365 4269
0.004366 4268
0.004367 4268
0.004368 4267
0.004369 4267
0.00437 4266
0.004371 4266
0.004372 4266
0.004373 4266
0.004374 4265
0.004375 4264
0.004376 4264
0.004377 4265
0.004378 4265
0.004379 4265
0.00438 4264
0.004381 4262
0.004382 4262
0.004383 4262
0.004384 4262
0.004385 4262
0.004386 4262
0.004387 4262
0.004388 4262
0.004389 4262
0.00439 4262
0.004391 4261
0.004392 4261
0.004393 4261
0.004394 4260
0.004395 4258
0.004396 4258
0.004397 4257
0.004398 4258
0.004399 4258
0.0044 4256
0.004401 4256
0.004402 4255
0.004403 4255
0.004404 4255
0.004405 4255
0.004406 4253
0.004407 4252
0.004408 4252
0.004409 4252
0.00441 4252
0.004411 4252
0.004412 4253
0.004413 4254
0.004414 4254
0.004415 4256
0.004416 4257
0.004417 4256
0.004418 4256
0.004419 4256
0.00442 4256
0.004421 4256
0.004422 4258
0.004423 4259
0.004424 4258
0.004425 4259
0.004426 4258
0.004427 4258
0.004428 4257
0.004429 4256
0.00443 4256
0.004431 4256
0.004432 4257
0.004433 4258
0.004434 4258
0.004435 4258
0.004436 4258
0.004437 4257
0.004438 4256
0.004439 4256
0.00444 4255
0.004441 4255
0.004442 4255
0.004443 4255
0.004444 4255
0.004445 4255
0.004446 4254
0.004447 4254
0.004448 4253
0.004449 4253
0.00445 4253
0.004451 4253
0.004452 4254
0.004453 4254
0.004454 4254
0.004455 4254
0.004456 4255
0.004457 4254
0.004458 4254
0.004459 4254
0.00446 4254
0.004461 4253
0.004462 4253
0.004463 4253
0.004464 4253
0.004465 4253
0.004466 4254
0.004467 4254
0.004468 4254
0.004469 4254
0.00447 4254
0.004471 4253
0.004472 4253
0.004473 4254
0.004474 4255
0.004475 4255
0.004476 4256
0.004477 4255
0.004478 4255
0.004479 4255
0.00448 4255
0.004481 4254
0.004482 4253
0.004483 4252
0.004484 4252
0.004485 4252
0.004486 4252
0.004487 4251
0.004488 4251
0.004489 4250
0.00449 4250
0.004491 4252
0.004492 4252
0.004493 4252
0.004494 4251
0.004495 4252
0.004496 4252
0.004497 4252
0.004498 4253
0.004499 4253
0.0045 4252
0.004501 4252
0.004502 4252
0.004503 4252
0.004504 4252
0.004505 4252
0.004506 4251
0.004507 4251
0.004508 4251
0.004509 4249
0.00451 4249
0.004511 4249
0.004512 4248
0.004513 4249
0.004514 4248
0.004515 4249
0.004516 4249
0.004517 4250
0.004518 4251
0.004519 4251
0.00452 4251
0.004521 4251
0.004522 4251
0.004523 4251
0.004524 4251
0.004525 4252
0.004526 4251
0.004527 4252
0.004528 4252
0.004529 4252
0.00453 4252
0.004531 4252
0.004532 4252
0.004533 4253
0.004534 4253
0.004535 4253
0.004536 4252
0.004537 4253
0.004538 4252
0.004539 4252
0.00454 4252
0.004541 4254
0.004542 4255
0.004543 4255
0.004544 4255
0.004545 4255
0.004546 4255
0.004547 4255
0.004548 4255
0.004549 4255
0.00455 4254
0.004551 4255
0.004552 4254
0.004553 4254
0.004554 4254
0.004555 4255
0.004556 4254
0.004557 4254
0.004558 4254
0.004559 4253
0.00456 4252
0.004561 4252
0.004562 4252
0.004563 4252
0.004564 4251
0.004565 4252
0.004566 4251
0.004567 4251
0.004568 4251
0.004569 4254
0.00457 4254
0.004571 4254
0.004572 4253
0.004573 4253
0.004574 4253
0.004575 4252
0.004576 4253
0.004577 4252
0.004578 4251
0.004579 4251
0.00458 4252
0.004581 4252
0.004582 4252
0.004583 4253
0.004584 4253
0.004585 4253
0.004586 4253
0.004587 4253
0.004588 4253
0.004589 4253
0.00459 4253
0.004591 4252
0.004592 4251
0.004593 4251
0.004594 4252
0.004595 4252
0.004596 4252
0.004597 4251
0.004598 4251
0.004599 4250
0.0046 4249
0.004601 4248
0.004602 4249
0.004603 4248
0.004604 4249
0.004605 4249
0.004606 4249
0.004607 4249
0.004608 4249
0.004609 4249
0.00461 4249
0.004611 4248
0.004612 4247
0.004613 4247
0.004614 4247
0.004615 4247
0.004616 4248
0.004617 4245
0.004618 4245
0.004619 4245
0.00462 4245
0.004621 4245
0.004622 4245
0.004623 4245
0.004624 4243
0.004625 4243
0.004626 4241
0.004627 4241
0.004628 4241
0.004629 4241
0.00463 4242
0.004631 4244
0.004632 4243
0.004633 4242
0.004634 4242
0.004635 4241
0.004636 4241
0.004637 4241
0.004638 4241
0.004639 4241
0.00464 4241
0.004641 4241
0.004642 4242
0.004643 4242
0.004644 4242
0.004645 4240
0.004646 4240
0.004647 4241
0.004648 4240
0.004649 4240
0.00465 4240
0.004651 4240
0.004652 4240
0.004653 4240
0.004654 4240
0.004655 4240
0.004656 4240
0.004657 4240
0.004658 4241
0.004659 4242
0.00466 4242
0.004661 4242
0.004662 4242
0.004663 4242
0.004664 4242
0.004665 4242
0.004666 4242
0.004667 4243
0.004668 4243
0.004669 4242
0.00467 4244
0.004671 4245
0.004672 4245
0.004673 4247
0.004674 4247
0.004675 4247
0.004676 4247
0.004677 4247
0.004678 4247
0.004679 4247
0.00468 4247
0.004681 4247
0.004682 4247
0.004683 4246
0.004684 4246
0.004685 4246
0.004686 4246
0.004687 4246
0.004688 4246
0.004689 4246
0.00469 4246
0.004691 4246
0.004692 4246
0.004693 4247
0.004694 4247
0.004695 4247
0.004696 4247
0.004697 4247
0.004698 4247
0.004699 4248
0.0047 4249
0.004701 4249
0.004702 4250
0.004703 4250
0.004704 4250
0.004705 4250
0.004706 4250
0.004707 4250
0.004708 4250
0.004709 4250
0.00471 4250
0.004711 4250
0.004712 4249
0.004713 4250
0.004714 4249
0.004715 4250
0.004716 4250
0.004717 4250
0.004718 4250
0.004719 4251
0.00472 4251
0.004721 4252
0.004722 4252
0.004723 4249
0.004724 4248
0.004725 4248
0.004726 4248
0.004727 4248
0.004728 4248
0.004729 4248
0.00473 4248
0.004731 4247
0.004732 4247
0.004733 4247
0.004734 4247
0.004735 4246
0.004736 4246
0.004737 4246
0.004738 4246
0.004739 4246
0.00474 4246
0.004741 4247
0.004742 4247
0.004743 4247
0.004744 4247
0.004745 4245
0.004746 4245
0.004747 4246
0.004748 4245
0.004749 4244
0.00475 4244
0.004751 4244
0.004752 4246
0.004753 4246
0.004754 4247
0.004755 4247
0.004756 4247
0.004757 4247
0.004758 4248
0.004759 4247
0.00476 4247
0.004761 4247
0.004762 4247
0.004763 4247
0.004764 4245
0.004765 4245
0.004766 4245
0.004767 4245
0.004768 4245
0.004769 4245
0.00477 4246
0.004771 4246
0.004772 4246
0.004773 4246
0.004774 4246
0.004775 4247
0.004776 4247
0.004777 4247
0.004778 4247
0.004779 4247
0.00478 4248
0.004781 4248
0.004782 4247
0.004783 4247
0.004784 4247
0.004785 4246
0.004786 4246
0.004787 4245
0.004788 4245
0.004789 4245
0.00479 4245
0.004791 4245
0.004792 4245
0.004793 4244
0.004794 4244
0.004795 4244
0.004796 4244
0.004797 4244
0.004798 4244
0.004799 4244
0.0048 4244
0.004801 4245
0.004802 4245
0.004803 4245
0.004804 4245
0.004805 4245
0.004806 4244
0.004807 4244
0.004808 4244
0.004809 4244
0.00481 4245
0.004811 4245
0.004812 4245
0.004813 4246
0.004814 4246
0.004815 4248
0.004816 4248
0.004817 4246
0.004818 4246
0.004819 4245
0.00482 4246
0.004821 4246
0.004822 4245
0.004823 4245
0.004824 4245
0.004825 4245
0.004826 4245
0.004827 4245
0.004828 4245
0.004829 4245
0.00483 4245
0.004831 4245
0.004832 4244
0.004833 4244
0.004834 4244
0.004835 4244
0.004836 4243
0.004837 4243
0.004838 4242
0.004839 4242
0.00484 4242
0.004841 4242
0.004842 4244
0.004843 4244
0.004844 4244
0.004845 4244
0.004846 4244
0.004847 4244
0.004848 4242
0.004849 4243
0.00485 4243
0.004851 4243
0.004852 4244
0.004853 4244
0.004854 4243
0.004855 4243
0.004856 4241
0.004857 4241
0.004858 4242
0.004859 4242
0.00486 4241
0.004861 4242
0.004862 4243
0.004863 4243
0.004864 4243
0.004865 4243
0.004866 4243
0.004867 4244
0.004868 4244
0.004869 4243
0.00487 4243
0.004871 4242
0.004872 4242
0.004873 4242
0.004874 4242
0.004875 4242
0.004876 4242
0.004877 4241
0.004878 4240
0.004879 4240
0.00488 4240
0.004881 4240
0.004882 4241
0.004883 4241
0.004884 4241
0.004885 4241
0.004886 4242
0.004887 4242
0.004888 4242
0.004889 4241
0.00489 4240
0.004891 4239
0.004892 4240
0.004893 4240
0.004894 4240
0.004895 4240
0.004896 4240
0.004897 4239
0.004898 4239
0.004899 4238
0.0049 4238
0.004901 4238
0.004902 4238
0.004903 4238
0.004904 4238
0.004905 4238
0.004906 4239
0.004907 4239
0.004908 4239
0.004909 4240
0.00491 4241
0.004911 4241
0.004912 4241
0.004913 4241
0.004914 4241
0.004915 4240
0.004916 4240
0.004917 4240
0.004918 4240
0.004919 4240
0.00492 4240
0.004921 4239
0.004922 4240
0.004923 4240
0.004924 4241
0.004925 4242
0.004926 4243
0.004927 4244
0.004928 4245
0.004929 4245
0.00493 4245
0.004931 4245
0.004932 4245
0.004933 4244
0.004934 4243
0.004935 4243
0.004936 4243
0.004937 4242
0.004938 4242
0.004939 4242
0.00494 4243
0.004941 4243
0.004942 4244
0.004943 4244
0.004944 4245
0.004945 4245
0.004946 4245
0.004947 4246
0.004948 4246
0.004949 4246
0.00495 4246
0.004951 4246
0.004952 4246
0.004953 4246
0.004954 4246
0.004955 4245
0.004956 4246
0.004957 4246
0.004958 4246
0.004959 4246
0.00496 4248
0.004961 4251
0.004962 4252
0.004963 4252
0.004964 4252
0.004965 4252
0.004966 4252
0.004967 4252
0.004968 4252
0.004969 4253
0.00497 4253
0.004971 4252
0.004972 4252
0.004973 4252
0.004974 4252
0.004975 4252
0.004976 4252
0.004977 4253
0.004978 4254
0.004979 4254
0.00498 4253
0.004981 4253
0.004982 4253
0.004983 4253
0.004984 4254
0.004985 4254
0.004986 4255
0.004987 4256
0.004988 4256
0.004989 4256
0.00499 4256
0.004991 4254
0.004992 4254
0.004993 4254
0.004994 4254
0.004995 4254
0.004996 4254
0.004997 4253
0.004998 4253
0.004999 4254
0.005 4254
