0 591
1e-06 591
2e-06 593
3e-06 595
4e-06 600
5e-06 605
6e-06 609
7e-06 613
8e-06 619
9e-06 618
1e-05 619
1.1e-05 620
1.2e-05 623
1.3e-05 623
1.4e-05 624
1.5e-05 628
1.6e-05 627
1.7e-05 628
1.8e-05 629
1.9e-05 627
2e-05 628
2.1e-05 628
2.2e-05 628
2.3e-05 629
2.4e-05 632
2.5e-05 636
2.6e-05 639
2.7e-05 641
2.8e-05 641
2.9e-05 643
3e-05 645
3.1e-05 647
3.2e-05 648
3.3e-05 649
3.4e-05 650
3.5e-05 650
3.6e-05 651
3.7e-05 654
3.8e-05 654
3.9e-05 655
4e-05 654
4.1e-05 656
4.2e-05 659
4.3e-05 660
4.4e-05 662
4.5e-05 664
4.6e-05 666
4.7e-05 667
4.8e-05 670
4.9e-05 670
5e-05 673
5.1e-05 674
5.2e-05 678
5.3e-05 679
5.4e-05 680
5.5e-05 682
5.6e-05 685
5.7e-05 686
5.8e-05 686
5.9e-05 687
6e-05 691
6.1e-05 694
6.2e-05 696
6.3e-05 696
6.4e-05 698
6.5e-05 702
6.6e-05 705
6.7e-05 705
6.8e-05 706
6.9e-05 707
7e-05 708
7.1e-05 706
7.2e-05 704
7.3e-05 705
7.4e-05 705
7.5e-05 705
7.6e-05 707
7.7e-05 710
7.8e-05 713
7.9e-05 711
8e-05 711
8.1e-05 713
8.2e-05 716
8.3e-05 717
8.4e-05 718
8.5e-05 719
8.6e-05 719
8.7e-05 721
8.8e-05 719
8.9e-05 722
9e-05 723
9.1e-05 725
9.2e-05 726
9.3e-05 728
9.4e-05 728
9.5e-05 731
9.6e-05 735
9.7e-05 737
9.8e-05 738
9.9e-05 738
0.0001 740
0.000101 740
0.000102 742
0.000103 742
0.000104 743
0.000105 743
0.000106 744
0.000107 744
0.000108 747
0.000109 749
0.00011 752
0.000111 751
0.000112 751
0.000113 753
0.000114 754
0.000115 758
0.000116 758
0.000117 759
0.000118 759
0.000119 760
0.00012 761
0.000121 761
0.000122 763
0.000123 765
0.000124 769
0.000125 770
0.000126 771
0.000127 771
0.000128 771
0.000129 774
0.00013 777
0.000131 778
0.000132 779
0.000133 779
0.000134 779
0.000135 781
0.000136 781
0.000137 781
0.000138 780
0.000139 781
0.00014 782
0.000141 783
0.000142 785
0.000143 787
0.000144 788
0.000145 786
0.000146 787
0.000147 788
0.000148 788
0.000149 790
0.00015 790
0.000151 790
0.000152 791
0.000153 792
0.000154 792
0.000155 793
0.000156 793
0.000157 794
0.000158 794
0.000159 796
0.00016 796
0.000161 796
0.000162 797
0.000163 797
0.000164 800
0.000165 801
0.000166 802
0.000167 804
0.000168 804
0.000169 805
0.00017 805
0.000171 805
0.000172 806
0.000173 806
0.000174 809
0.000175 809
0.000176 810
0.000177 811
0.000178 811
0.000179 814
0.00018 814
0.000181 817
0.000182 818
0.000183 817
0.000184 816
0.000185 816
0.000186 817
0.000187 819
0.000188 819
0.000189 821
0.00019 821
0.000191 823
0.000192 824
0.000193 824
0.000194 827
0.000195 828
0.000196 829
0.000197 829
0.000198 828
0.000199 828
0.0002 832
0.000201 832
0.000202 831
0.000203 832
0.000204 832
0.000205 834
0.000206 832
0.000207 831
0.000208 830
0.000209 830
0.00021 830
0.000211 830
0.000212 830
0.000213 830
0.000214 829
0.000215 830
0.000216 832
0.000217 833
0.000218 834
0.000219 834
0.00022 834
0.000221 835
0.000222 835
0.000223 837
0.000224 839
0.000225 840
0.000226 843
0.000227 843
0.000228 843
0.000229 843
0.00023 843
0.000231 842
0.000232 842
0.000233 842
0.000234 842
0.000235 842
0.000236 843
0.000237 844
0.000238 845
0.000239 844
0.00024 844
0.000241 844
0.000242 845
0.000243 845
0.000244 846
0.000245 846
0.000246 846
0.000247 846
0.000248 847
0.000249 847
0.00025 847
0.000251 848
0.000252 848
0.000253 848
0.000254 850
0.000255 851
0.000256 852
0.000257 853
0.000258 854
0.000259 853
0.00026 852
0.000261 853
0.000262 854
0.000263 854
0.000264 854
0.000265 853
0.000266 853
0.000267 855
0.000268 856
0.000269 856
0.00027 856
0.000271 856
0.000272 855
0.000273 856
0.000274 858
0.000275 858
0.000276 856
0.000277 857
0.000278 857
0.000279 857
0.00028 857
0.000281 857
0.000282 858
0.000283 858
0.000284 858
0.000285 860
0.000286 860
0.000287 861
0.000288 861
0.000289 861
0.00029 861
0.000291 862
0.000292 864
0.000293 864
0.000294 865
0.000295 865
0.000296 865
0.000297 865
0.000298 865
0.000299 865
0.0003 865
0.000301 865
0.000302 866
0.000303 866
0.000304 866
0.000305 866
0.000306 866
0.000307 866
0.000308 867
0.000309 867
0.00031 867
0.000311 867
0.000312 868
0.000313 868
0.000314 868
0.000315 868
0.000316 868
0.000317 869
0.000318 869
0.000319 870
0.00032 872
0.000321 873
0.000322 872
0.000323 871
0.000324 870
0.000325 870
0.000326 870
0.000327 870
0.000328 870
0.000329 871
0.00033 871
0.000331 871
0.000332 871
0.000333 872
0.000334 871
0.000335 871
0.000336 870
0.000337 870
0.000338 869
0.000339 869
0.00034 868
0.000341 867
0.000342 867
0.000343 867
0.000344 869
0.000345 869
0.000346 868
0.000347 867
0.000348 868
0.000349 868
0.00035 868
0.000351 868
0.000352 868
0.000353 869
0.000354 869
0.000355 870
0.000356 869
0.000357 869
0.000358 869
0.000359 869
0.00036 870
0.000361 871
0.000362 871
0.000363 871
0.000364 872
0.000365 872
0.000366 871
0.000367 871
0.000368 871
0.000369 870
0.00037 869
0.000371 869
0.000372 869
0.000373 869
0.000374 868
0.000375 868
0.000376 868
0.000377 869
0.000378 869
0.000379 869
0.00038 870
0.000381 871
0.000382 871
0.000383 870
0.000384 870
0.000385 870
0.000386 870
0.000387 870
0.000388 871
0.000389 871
0.00039 871
0.000391 870
0.000392 871
0.000393 872
0.000394 872
0.000395 872
0.000396 872
0.000397 872
0.000398 872
0.000399 872
0.0004 872
0.000401 871
0.000402 871
0.000403 871
0.000404 871
0.000405 871
0.000406 871
0.000407 871
0.000408 872
0.000409 872
0.00041 872
0.000411 872
0.000412 872
0.000413 871
0.000414 871
0.000415 871
0.000416 871
0.000417 871
0.000418 872
0.000419 872
0.00042 872
0.000421 872
0.000422 872
0.000423 872
0.000424 873
0.000425 873
0.000426 873
0.000427 873
0.000428 873
0.000429 876
0.00043 877
0.000431 877
0.000432 876
0.000433 876
0.000434 877
0.000435 877
0.000436 876
0.000437 876
0.000438 876
0.000439 876
0.00044 876
0.000441 875
0.000442 875
0.000443 875
0.000444 875
0.000445 876
0.000446 876
0.000447 876
0.000448 877
0.000449 877
0.00045 878
0.000451 878
0.000452 878
0.000453 878
0.000454 878
0.000455 878
0.000456 878
0.000457 879
0.000458 880
0.000459 881
0.00046 882
0.000461 882
0.000462 881
0.000463 881
0.000464 881
0.000465 882
0.000466 882
0.000467 882
0.000468 882
0.000469 882
0.00047 883
0.000471 883
0.000472 883
0.000473 883
0.000474 883
0.000475 883
0.000476 884
0.000477 885
0.000478 885
0.000479 885
0.00048 885
0.000481 885
0.000482 886
0.000483 886
0.000484 886
0.000485 886
0.000486 886
0.000487 886
0.000488 886
0.000489 886
0.00049 886
0.000491 886
0.000492 885
0.000493 884
0.000494 884
0.000495 884
0.000496 884
0.000497 884
0.000498 884
0.000499 884
0.0005 884
0.000501 884
0.000502 884
0.000503 884
0.000504 884
0.000505 884
0.000506 884
0.000507 884
0.000508 884
0.000509 884
0.00051 885
0.000511 885
0.000512 885
0.000513 885
0.000514 885
0.000515 885
0.000516 886
0.000517 886
0.000518 886
0.000519 886
0.00052 886
0.000521 886
0.000522 886
0.000523 886
0.000524 887
0.000525 888
0.000526 888
0.000527 888
0.000528 888
0.000529 888
0.00053 888
0.000531 889
0.000532 889
0.000533 889
0.000534 889
0.000535 889
0.000536 889
0.000537 889
0.000538 889
0.000539 889
0.00054 888
0.000541 888
0.000542 888
0.000543 888
0.000544 888
0.000545 888
0.000546 888
0.000547 888
0.000548 888
0.000549 889
0.00055 889
0.000551 889
0.000552 890
0.000553 889
0.000554 889
0.000555 889
0.000556 889
0.000557 889
0.000558 889
0.000559 889
0.00056 889
0.000561 889
0.000562 889
0.000563 889
0.000564 890
0.000565 890
0.000566 890
0.000567 890
0.000568 890
0.000569 890
0.00057 890
0.000571 890
0.000572 890
0.000573 890
0.000574 891
0.000575 891
0.000576 891
0.000577 891
0.000578 891
0.000579 891
0.00058 891
0.000581 891
0.000582 891
0.000583 890
0.000584 890
0.000585 890
0.000586 890
0.000587 891
0.000588 891
0.000589 891
0.00059 892
0.000591 892
0.000592 892
0.000593 893
0.000594 893
0.000595 894
0.000596 894
0.000597 893
0.000598 893
0.000599 893
0.0006 893
0.000601 893
0.000602 893
0.000603 893
0.000604 893
0.000605 893
0.000606 892
0.000607 892
0.000608 892
0.000609 892
0.00061 892
0.000611 892
0.000612 892
0.000613 892
0.000614 892
0.000615 892
0.000616 892
0.000617 892
0.000618 892
0.000619 892
0.00062 892
0.000621 892
0.000622 892
0.000623 891
0.000624 891
0.000625 891
0.000626 891
0.000627 891
0.000628 891
0.000629 891
0.00063 891
0.000631 891
0.000632 891
0.000633 891
0.000634 892
0.000635 892
0.000636 892
0.000637 892
0.000638 892
0.000639 892
0.00064 892
0.000641 892
0.000642 892
0.000643 892
0.000644 892
0.000645 892
0.000646 892
0.000647 892
0.000648 892
0.000649 892
0.00065 893
0.000651 893
0.000652 893
0.000653 893
0.000654 893
0.000655 893
0.000656 892
0.000657 892
0.000658 892
0.000659 892
0.00066 892
0.000661 892
0.000662 892
0.000663 892
0.000664 892
0.000665 892
0.000666 892
0.000667 892
0.000668 893
0.000669 893
0.00067 893
0.000671 893
0.000672 893
0.000673 893
0.000674 893
0.000675 893
0.000676 893
0.000677 893
0.000678 893
0.000679 893
0.00068 893
0.000681 893
0.000682 893
0.000683 893
0.000684 893
0.000685 893
0.000686 894
0.000687 894
0.000688 894
0.000689 894
0.00069 894
0.000691 894
0.000692 894
0.000693 895
0.000694 895
0.000695 895
0.000696 895
0.000697 895
0.000698 895
0.000699 895
0.0007 895
0.000701 894
0.000702 894
0.000703 894
0.000704 894
0.000705 894
0.000706 894
0.000707 894
0.000708 894
0.000709 894
0.00071 894
0.000711 894
0.000712 895
0.000713 895
0.000714 895
0.000715 895
0.000716 895
0.000717 895
0.000718 895
0.000719 895
0.00072 895
0.000721 894
0.000722 895
0.000723 895
0.000724 895
0.000725 895
0.000726 895
0.000727 896
0.000728 897
0.000729 897
0.00073 898
0.000731 898
0.000732 898
0.000733 898
0.000734 898
0.000735 898
0.000736 898
0.000737 898
0.000738 898
0.000739 898
0.00074 898
0.000741 898
0.000742 898
0.000743 898
0.000744 898
0.000745 898
0.000746 898
0.000747 898
0.000748 897
0.000749 897
0.00075 897
0.000751 897
0.000752 897
0.000753 897
0.000754 897
0.000755 897
0.000756 897
0.000757 897
0.000758 897
0.000759 898
0.00076 898
0.000761 898
0.000762 898
0.000763 898
0.000764 897
0.000765 897
0.000766 897
0.000767 897
0.000768 897
0.000769 897
0.00077 896
0.000771 896
0.000772 896
0.000773 896
0.000774 897
0.000775 897
0.000776 897
0.000777 897
0.000778 897
0.000779 897
0.00078 897
0.000781 898
0.000782 898
0.000783 898
0.000784 898
0.000785 898
0.000786 898
0.000787 898
0.000788 898
0.000789 898
0.00079 898
0.000791 898
0.000792 898
0.000793 898
0.000794 898
0.000795 898
0.000796 899
0.000797 899
0.000798 899
0.000799 899
0.0008 899
0.000801 899
0.000802 899
0.000803 899
0.000804 899
0.000805 899
0.000806 899
0.000807 899
0.000808 899
0.000809 899
0.00081 899
0.000811 899
0.000812 899
0.000813 898
0.000814 898
0.000815 898
0.000816 898
0.000817 898
0.000818 898
0.000819 898
0.00082 898
0.000821 898
0.000822 898
0.000823 898
0.000824 898
0.000825 899
0.000826 899
0.000827 899
0.000828 899
0.000829 899
0.00083 899
0.000831 899
0.000832 899
0.000833 899
0.000834 899
0.000835 899
0.000836 899
0.000837 899
0.000838 899
0.000839 899
0.00084 899
0.000841 899
0.000842 899
0.000843 899
0.000844 899
0.000845 899
0.000846 900
0.000847 900
0.000848 900
0.000849 900
0.00085 900
0.000851 900
0.000852 900
0.000853 900
0.000854 901
0.000855 901
0.000856 901
0.000857 901
0.000858 902
0.000859 902
0.00086 902
0.000861 902
0.000862 902
0.000863 902
0.000864 904
0.000865 904
0.000866 904
0.000867 904
0.000868 904
0.000869 904
0.00087 904
0.000871 904
0.000872 904
0.000873 904
0.000874 904
0.000875 904
0.000876 904
0.000877 904
0.000878 904
0.000879 904
0.00088 904
0.000881 904
0.000882 904
0.000883 904
0.000884 904
0.000885 903
0.000886 903
0.000887 903
0.000888 903
0.000889 903
0.00089 903
0.000891 903
0.000892 903
0.000893 902
0.000894 902
0.000895 902
0.000896 902
0.000897 902
0.000898 902
0.000899 901
0.0009 901
0.000901 901
0.000902 901
0.000903 901
0.000904 901
0.000905 900
0.000906 901
0.000907 901
0.000908 902
0.000909 902
0.00091 902
0.000911 902
0.000912 902
0.000913 902
0.000914 902
0.000915 902
0.000916 902
0.000917 902
0.000918 902
0.000919 902
0.00092 902
0.000921 902
0.000922 902
0.000923 902
0.000924 902
0.000925 902
0.000926 902
0.000927 902
0.000928 903
0.000929 903
0.00093 903
0.000931 903
0.000932 903
0.000933 903
0.000934 903
0.000935 903
0.000936 903
0.000937 903
0.000938 902
0.000939 901
0.00094 901
0.000941 901
0.000942 901
0.000943 901
0.000944 901
0.000945 901
0.000946 901
0.000947 901
0.000948 901
0.000949 900
0.00095 899
0.000951 899
0.000952 899
0.000953 899
0.000954 898
0.000955 898
0.000956 898
0.000957 898
0.000958 898
0.000959 898
0.00096 897
0.000961 897
0.000962 897
0.000963 897
0.000964 897
0.000965 897
0.000966 897
0.000967 897
0.000968 897
0.000969 896
0.00097 896
0.000971 898
0.000972 898
0.000973 898
0.000974 899
0.000975 899
0.000976 899
0.000977 899
0.000978 899
0.000979 899
0.00098 899
0.000981 899
0.000982 899
0.000983 899
0.000984 898
0.000985 898
0.000986 898
0.000987 898
0.000988 898
0.000989 898
0.00099 897
0.000991 897
0.000992 897
0.000993 897
0.000994 897
0.000995 897
0.000996 897
0.000997 897
0.000998 898
0.000999 898
0.001 898
0.001001 898
0.001002 898
0.001003 898
0.001004 898
0.001005 898
0.001006 897
0.001007 897
0.001008 897
0.001009 897
0.00101 897
0.001011 898
0.001012 897
0.001013 897
0.001014 897
0.001015 897
0.001016 897
0.001017 897
0.001018 897
0.001019 897
0.00102 897
0.001021 897
0.001022 897
0.001023 897
0.001024 897
0.001025 897
0.001026 897
0.001027 897
0.001028 897
0.001029 897
0.00103 897
0.001031 897
0.001032 897
0.001033 896
0.001034 896
0.001035 896
0.001036 896
0.001037 896
0.001038 896
0.001039 896
0.00104 896
0.001041 896
0.001042 896
0.001043 896
0.001044 896
0.001045 896
0.001046 896
0.001047 896
0.001048 896
0.001049 896
0.00105 896
0.001051 896
0.001052 896
0.001053 895
0.001054 895
0.001055 895
0.001056 895
0.001057 895
0.001058 895
0.001059 894
0.00106 894
0.001061 894
0.001062 894
0.001063 894
0.001064 894
0.001065 894
0.001066 894
0.001067 893
0.001068 893
0.001069 893
0.00107 894
0.001071 893
0.001072 893
0.001073 893
0.001074 893
0.001075 893
0.001076 893
0.001077 893
0.001078 893
0.001079 894
0.00108 894
0.001081 894
0.001082 894
0.001083 894
0.001084 894
0.001085 894
0.001086 894
0.001087 894
0.001088 894
0.001089 894
0.00109 894
0.001091 894
0.001092 894
0.001093 894
0.001094 894
0.001095 894
0.001096 894
0.001097 894
0.001098 895
0.001099 895
0.0011 895
0.001101 895
0.001102 895
0.001103 895
0.001104 895
0.001105 895
0.001106 895
0.001107 895
0.001108 896
0.001109 896
0.00111 896
0.001111 896
0.001112 897
0.001113 897
0.001114 897
0.001115 897
0.001116 897
0.001117 897
0.001118 897
0.001119 897
0.00112 897
0.001121 897
0.001122 897
0.001123 897
0.001124 897
0.001125 896
0.001126 896
0.001127 897
0.001128 897
0.001129 897
0.00113 897
0.001131 897
0.001132 897
0.001133 897
0.001134 897
0.001135 897
0.001136 897
0.001137 898
0.001138 898
0.001139 898
0.00114 898
0.001141 898
0.001142 898
0.001143 898
0.001144 898
0.001145 898
0.001146 898
0.001147 898
0.001148 898
0.001149 899
0.00115 898
0.001151 898
0.001152 898
0.001153 898
0.001154 898
0.001155 898
0.001156 898
0.001157 898
0.001158 898
0.001159 898
0.00116 898
0.001161 898
0.001162 898
0.001163 898
0.001164 898
0.001165 898
0.001166 898
0.001167 898
0.001168 898
0.001169 898
0.00117 898
0.001171 897
0.001172 897
0.001173 897
0.001174 897
0.001175 897
0.001176 897
0.001177 898
0.001178 898
0.001179 897
0.00118 896
0.001181 896
0.001182 896
0.001183 894
0.001184 893
0.001185 893
0.001186 893
0.001187 893
0.001188 893
0.001189 893
0.00119 893
0.001191 893
0.001192 893
0.001193 893
0.001194 893
0.001195 894
0.001196 894
0.001197 894
0.001198 894
0.001199 894
0.0012 894
0.001201 894
0.001202 894
0.001203 894
0.001204 894
0.001205 894
0.001206 894
0.001207 894
0.001208 894
0.001209 894
0.00121 894
0.001211 894
0.001212 894
0.001213 894
0.001214 894
0.001215 895
0.001216 895
0.001217 895
0.001218 895
0.001219 896
0.00122 896
0.001221 896
0.001222 896
0.001223 896
0.001224 896
0.001225 895
0.001226 895
0.001227 894
0.001228 893
0.001229 893
0.00123 893
0.001231 893
0.001232 893
0.001233 893
0.001234 892
0.001235 891
0.001236 891
0.001237 892
0.001238 892
0.001239 892
0.00124 891
0.001241 892
0.001242 892
0.001243 892
0.001244 892
0.001245 892
0.001246 893
0.001247 893
0.001248 893
0.001249 893
0.00125 893
0.001251 893
0.001252 893
0.001253 893
0.001254 893
0.001255 893
0.001256 893
0.001257 893
0.001258 893
0.001259 893
0.00126 893
0.001261 894
0.001262 894
0.001263 894
0.001264 894
0.001265 894
0.001266 894
0.001267 894
0.001268 893
0.001269 893
0.00127 893
0.001271 893
0.001272 893
0.001273 893
0.001274 893
0.001275 893
0.001276 893
0.001277 893
0.001278 893
0.001279 893
0.00128 893
0.001281 893
0.001282 893
0.001283 893
0.001284 893
0.001285 893
0.001286 894
0.001287 894
0.001288 894
0.001289 894
0.00129 895
0.001291 896
0.001292 896
0.001293 896
0.001294 896
0.001295 896
0.001296 896
0.001297 896
0.001298 896
0.001299 896
0.0013 896
0.001301 896
0.001302 896
0.001303 896
0.001304 896
0.001305 896
0.001306 896
0.001307 896
0.001308 896
0.001309 896
0.00131 896
0.001311 896
0.001312 896
0.001313 896
0.001314 896
0.001315 896
0.001316 896
0.001317 896
0.001318 896
0.001319 896
0.00132 896
0.001321 896
0.001322 896
0.001323 896
0.001324 896
0.001325 896
0.001326 896
0.001327 896
0.001328 896
0.001329 896
0.00133 896
0.001331 897
0.001332 897
0.001333 897
0.001334 897
0.001335 897
0.001336 897
0.001337 897
0.001338 897
0.001339 897
0.00134 897
0.001341 898
0.001342 898
0.001343 898
0.001344 898
0.001345 898
0.001346 899
0.001347 898
0.001348 898
0.001349 898
0.00135 898
0.001351 898
0.001352 898
0.001353 898
0.001354 898
0.001355 898
0.001356 898
0.001357 898
0.001358 898
0.001359 898
0.00136 898
0.001361 898
0.001362 898
0.001363 898
0.001364 898
0.001365 898
0.001366 898
0.001367 898
0.001368 899
0.001369 898
0.00137 898
0.001371 898
0.001372 898
0.001373 899
0.001374 899
0.001375 899
0.001376 899
0.001377 899
0.001378 899
0.001379 899
0.00138 899
0.001381 899
0.001382 899
0.001383 899
0.001384 899
0.001385 899
0.001386 899
0.001387 900
0.001388 900
0.001389 901
0.00139 901
0.001391 901
0.001392 900
0.001393 900
0.001394 900
0.001395 900
0.001396 900
0.001397 900
0.001398 901
0.001399 900
0.0014 900
0.001401 900
0.001402 900
0.001403 900
0.001404 900
0.001405 900
0.001406 899
0.001407 900
0.001408 900
0.001409 900
0.00141 900
0.001411 900
0.001412 901
0.001413 901
0.001414 901
0.001415 901
0.001416 901
0.001417 901
0.001418 901
0.001419 901
0.00142 901
0.001421 901
0.001422 901
0.001423 901
0.001424 901
0.001425 901
0.001426 901
0.001427 901
0.001428 901
0.001429 901
0.00143 901
0.001431 901
0.001432 901
0.001433 901
0.001434 901
0.001435 901
0.001436 901
0.001437 901
0.001438 901
0.001439 901
0.00144 901
0.001441 901
0.001442 901
0.001443 901
0.001444 902
0.001445 902
0.001446 902
0.001447 902
0.001448 902
0.001449 902
0.00145 902
0.001451 902
0.001452 902
0.001453 902
0.001454 902
0.001455 901
0.001456 901
0.001457 901
0.001458 901
0.001459 901
0.00146 901
0.001461 901
0.001462 901
0.001463 901
0.001464 901
0.001465 901
0.001466 901
0.001467 901
0.001468 902
0.001469 902
0.00147 902
0.001471 902
0.001472 902
0.001473 902
0.001474 902
0.001475 902
0.001476 902
0.001477 902
0.001478 902
0.001479 902
0.00148 902
0.001481 902
0.001482 902
0.001483 902
0.001484 902
0.001485 902
0.001486 902
0.001487 903
0.001488 904
0.001489 904
0.00149 904
0.001491 904
0.001492 904
0.001493 904
0.001494 904
0.001495 904
0.001496 904
0.001497 904
0.001498 904
0.001499 905
0.0015 905
0.001501 905
0.001502 905
0.001503 905
0.001504 905
0.001505 905
0.001506 905
0.001507 905
0.001508 905
0.001509 905
0.00151 905
0.001511 905
0.001512 905
0.001513 904
0.001514 904
0.001515 904
0.001516 904
0.001517 904
0.001518 904
0.001519 904
0.00152 904
0.001521 904
0.001522 904
0.001523 904
0.001524 904
0.001525 904
0.001526 904
0.001527 904
0.001528 904
0.001529 903
0.00153 903
0.001531 903
0.001532 903
0.001533 903
0.001534 903
0.001535 903
0.001536 903
0.001537 903
0.001538 903
0.001539 903
0.00154 903
0.001541 903
0.001542 903
0.001543 903
0.001544 903
0.001545 903
0.001546 904
0.001547 904
0.001548 904
0.001549 904
0.00155 904
0.001551 904
0.001552 904
0.001553 905
0.001554 905
0.001555 905
0.001556 905
0.001557 905
0.001558 905
0.001559 905
0.00156 906
0.001561 906
0.001562 906
0.001563 906
0.001564 906
0.001565 906
0.001566 906
0.001567 906
0.001568 906
0.001569 906
0.00157 906
0.001571 906
0.001572 906
0.001573 906
0.001574 906
0.001575 906
0.001576 906
0.001577 906
0.001578 906
0.001579 906
0.00158 906
0.001581 906
0.001582 906
0.001583 906
0.001584 906
0.001585 907
0.001586 908
0.001587 908
0.001588 908
0.001589 908
0.00159 908
0.001591 908
0.001592 909
0.001593 909
0.001594 909
0.001595 909
0.001596 908
0.001597 908
0.001598 908
0.001599 908
0.0016 908
0.001601 906
0.001602 906
0.001603 906
0.001604 906
0.001605 906
0.001606 906
0.001607 906
0.001608 906
0.001609 906
0.00161 906
0.001611 906
0.001612 906
0.001613 906
0.001614 906
0.001615 906
0.001616 906
0.001617 905
0.001618 905
0.001619 905
0.00162 904
0.001621 904
0.001622 904
0.001623 904
0.001624 904
0.001625 904
0.001626 904
0.001627 904
0.001628 904
0.001629 904
0.00163 905
0.001631 905
0.001632 905
0.001633 905
0.001634 905
0.001635 905
0.001636 905
0.001637 906
0.001638 906
0.001639 906
0.00164 906
0.001641 906
0.001642 906
0.001643 906
0.001644 906
0.001645 906
0.001646 906
0.001647 906
0.001648 906
0.001649 906
0.00165 906
0.001651 906
0.001652 906
0.001653 906
0.001654 906
0.001655 906
0.001656 906
0.001657 906
0.001658 906
0.001659 906
0.00166 906
0.001661 906
0.001662 906
0.001663 906
0.001664 906
0.001665 906
0.001666 906
0.001667 906
0.001668 906
0.001669 906
0.00167 905
0.001671 906
0.001672 906
0.001673 906
0.001674 905
0.001675 905
0.001676 905
0.001677 905
0.001678 905
0.001679 905
0.00168 905
0.001681 905
0.001682 905
0.001683 905
0.001684 905
0.001685 905
0.001686 906
0.001687 906
0.001688 906
0.001689 906
0.00169 906
0.001691 906
0.001692 906
0.001693 906
0.001694 906
0.001695 906
0.001696 906
0.001697 906
0.001698 906
0.001699 906
0.0017 906
0.001701 906
0.001702 906
0.001703 906
0.001704 907
0.001705 907
0.001706 908
0.001707 908
0.001708 908
0.001709 908
0.00171 908
0.001711 909
0.001712 909
0.001713 909
0.001714 909
0.001715 909
0.001716 909
0.001717 908
0.001718 908
0.001719 908
0.00172 907
0.001721 905
0.001722 905
0.001723 905
0.001724 905
0.001725 905
0.001726 905
0.001727 905
0.001728 905
0.001729 905
0.00173 905
0.001731 905
0.001732 904
0.001733 904
0.001734 904
0.001735 903
0.001736 903
0.001737 903
0.001738 903
0.001739 903
0.00174 903
0.001741 903
0.001742 903
0.001743 903
0.001744 903
0.001745 903
0.001746 903
0.001747 903
0.001748 903
0.001749 903
0.00175 903
0.001751 903
0.001752 903
0.001753 903
0.001754 903
0.001755 903
0.001756 903
0.001757 903
0.001758 903
0.001759 903
0.00176 903
0.001761 904
0.001762 904
0.001763 904
0.001764 904
0.001765 904
0.001766 904
0.001767 904
0.001768 905
0.001769 905
0.00177 905
0.001771 905
0.001772 905
0.001773 905
0.001774 904
0.001775 904
0.001776 904
0.001777 904
0.001778 904
0.001779 904
0.00178 904
0.001781 904
0.001782 904
0.001783 904
0.001784 904
0.001785 904
0.001786 904
0.001787 904
0.001788 904
0.001789 904
0.00179 904
0.001791 904
0.001792 904
0.001793 904
0.001794 904
0.001795 904
0.001796 903
0.001797 903
0.001798 903
0.001799 903
0.0018 903
0.001801 903
0.001802 903
0.001803 902
0.001804 902
0.001805 902
0.001806 902
0.001807 902
0.001808 902
0.001809 902
0.00181 902
0.001811 902
0.001812 902
0.001813 902
0.001814 902
0.001815 902
0.001816 901
0.001817 901
0.001818 901
0.001819 901
0.00182 901
0.001821 901
0.001822 901
0.001823 901
0.001824 901
0.001825 901
0.001826 901
0.001827 901
0.001828 901
0.001829 901
0.00183 900
0.001831 900
0.001832 900
0.001833 900
0.001834 899
0.001835 899
0.001836 899
0.001837 899
0.001838 899
0.001839 899
0.00184 898
0.001841 898
0.001842 898
0.001843 898
0.001844 898
0.001845 898
0.001846 898
0.001847 898
0.001848 898
0.001849 898
0.00185 898
0.001851 898
0.001852 898
0.001853 898
0.001854 898
0.001855 898
0.001856 898
0.001857 898
0.001858 898
0.001859 898
0.00186 898
0.001861 898
0.001862 898
0.001863 898
0.001864 898
0.001865 898
0.001866 898
0.001867 898
0.001868 898
0.001869 898
0.00187 898
0.001871 898
0.001872 898
0.001873 898
0.001874 898
0.001875 898
0.001876 898
0.001877 898
0.001878 898
0.001879 898
0.00188 898
0.001881 898
0.001882 898
0.001883 898
0.001884 898
0.001885 898
0.001886 898
0.001887 898
0.001888 898
0.001889 898
0.00189 898
0.001891 898
0.001892 898
0.001893 898
0.001894 898
0.001895 898
0.001896 898
0.001897 898
0.001898 898
0.001899 899
0.0019 899
0.001901 899
0.001902 899
0.001903 899
0.001904 899
0.001905 899
0.001906 899
0.001907 899
0.001908 899
0.001909 899
0.00191 899
0.001911 899
0.001912 899
0.001913 899
0.001914 899
0.001915 899
0.001916 899
0.001917 899
0.001918 899
0.001919 899
0.00192 899
0.001921 899
0.001922 899
0.001923 899
0.001924 899
0.001925 899
0.001926 899
0.001927 899
0.001928 899
0.001929 899
0.00193 899
0.001931 899
0.001932 899
0.001933 899
0.001934 899
0.001935 899
0.001936 899
0.001937 899
0.001938 899
0.001939 899
0.00194 899
0.001941 899
0.001942 899
0.001943 899
0.001944 899
0.001945 899
0.001946 899
0.001947 899
0.001948 900
0.001949 900
0.00195 900
0.001951 900
0.001952 900
0.001953 900
0.001954 900
0.001955 900
0.001956 900
0.001957 900
0.001958 900
0.001959 900
0.00196 900
0.001961 900
0.001962 899
0.001963 899
0.001964 899
0.001965 899
0.001966 899
0.001967 899
0.001968 899
0.001969 899
0.00197 899
0.001971 899
0.001972 899
0.001973 898
0.001974 898
0.001975 898
0.001976 898
0.001977 898
0.001978 898
0.001979 898
0.00198 898
0.001981 898
0.001982 898
0.001983 898
0.001984 899
0.001985 900
0.001986 900
0.001987 900
0.001988 900
0.001989 900
0.00199 900
0.001991 899
0.001992 899
0.001993 899
0.001994 899
0.001995 900
0.001996 900
0.001997 900
0.001998 900
0.001999 900
0.002 900
0.002001 900
0.002002 900
0.002003 900
0.002004 900
0.002005 900
0.002006 900
0.002007 900
0.002008 900
0.002009 900
0.00201 900
0.002011 901
0.002012 901
0.002013 901
0.002014 901
0.002015 900
0.002016 900
0.002017 900
0.002018 900
0.002019 900
0.00202 900
0.002021 900
0.002022 900
0.002023 900
0.002024 900
0.002025 900
0.002026 900
0.002027 900
0.002028 900
0.002029 900
0.00203 900
0.002031 900
0.002032 900
0.002033 900
0.002034 900
0.002035 900
0.002036 900
0.002037 900
0.002038 900
0.002039 901
0.00204 901
0.002041 901
0.002042 901
0.002043 901
0.002044 902
0.002045 902
0.002046 902
0.002047 902
0.002048 902
0.002049 901
0.00205 901
0.002051 901
0.002052 901
0.002053 900
0.002054 900
0.002055 900
0.002056 900
0.002057 900
0.002058 900
0.002059 900
0.00206 900
0.002061 900
0.002062 900
0.002063 900
0.002064 900
0.002065 900
0.002066 900
0.002067 900
0.002068 900
0.002069 900
0.00207 900
0.002071 899
0.002072 899
0.002073 900
0.002074 900
0.002075 899
0.002076 899
0.002077 899
0.002078 899
0.002079 899
0.00208 899
0.002081 899
0.002082 898
0.002083 898
0.002084 898
0.002085 898
0.002086 898
0.002087 898
0.002088 898
0.002089 898
0.00209 898
0.002091 898
0.002092 898
0.002093 898
0.002094 898
0.002095 898
0.002096 897
0.002097 897
0.002098 897
0.002099 897
0.0021 897
0.002101 897
0.002102 897
0.002103 897
0.002104 897
0.002105 897
0.002106 897
0.002107 897
0.002108 897
0.002109 897
0.00211 897
0.002111 897
0.002112 897
0.002113 897
0.002114 897
0.002115 897
0.002116 897
0.002117 897
0.002118 897
0.002119 897
0.00212 897
0.002121 897
0.002122 897
0.002123 897
0.002124 897
0.002125 898
0.002126 897
0.002127 897
0.002128 897
0.002129 897
0.00213 897
0.002131 897
0.002132 897
0.002133 897
0.002134 897
0.002135 897
0.002136 897
0.002137 897
0.002138 897
0.002139 897
0.00214 897
0.002141 897
0.002142 897
0.002143 897
0.002144 897
0.002145 897
0.002146 897
0.002147 897
0.002148 897
0.002149 897
0.00215 897
0.002151 897
0.002152 897
0.002153 897
0.002154 899
0.002155 899
0.002156 899
0.002157 899
0.002158 899
0.002159 899
0.00216 899
0.002161 899
0.002162 899
0.002163 899
0.002164 899
0.002165 899
0.002166 899
0.002167 899
0.002168 899
0.002169 899
0.00217 899
0.002171 899
0.002172 899
0.002173 899
0.002174 899
0.002175 899
0.002176 900
0.002177 900
0.002178 900
0.002179 901
0.00218 901
0.002181 901
0.002182 901
0.002183 902
0.002184 902
0.002185 902
0.002186 902
0.002187 902
0.002188 902
0.002189 902
0.00219 902
0.002191 902
0.002192 902
0.002193 902
0.002194 901
0.002195 901
0.002196 901
0.002197 901
0.002198 901
0.002199 901
0.0022 901
0.002201 901
0.002202 901
0.002203 901
0.002204 901
0.002205 901
0.002206 901
0.002207 901
0.002208 901
0.002209 901
0.00221 901
0.002211 901
0.002212 901
0.002213 901
0.002214 901
0.002215 901
0.002216 901
0.002217 901
0.002218 901
0.002219 901
0.00222 902
0.002221 902
0.002222 901
0.002223 901
0.002224 901
0.002225 901
0.002226 900
0.002227 900
0.002228 900
0.002229 900
0.00223 900
0.002231 900
0.002232 900
0.002233 900
0.002234 900
0.002235 900
0.002236 900
0.002237 900
0.002238 900
0.002239 900
0.00224 900
0.002241 901
0.002242 901
0.002243 901
0.002244 901
0.002245 901
0.002246 901
0.002247 901
0.002248 901
0.002249 902
0.00225 902
0.002251 903
0.002252 903
0.002253 902
0.002254 902
0.002255 902
0.002256 902
0.002257 903
0.002258 903
0.002259 903
0.00226 903
0.002261 903
0.002262 903
0.002263 903
0.002264 903
0.002265 903
0.002266 903
0.002267 903
0.002268 903
0.002269 903
0.00227 903
0.002271 903
0.002272 904
0.002273 904
0.002274 904
0.002275 903
0.002276 903
0.002277 903
0.002278 903
0.002279 903
0.00228 903
0.002281 902
0.002282 902
0.002283 902
0.002284 902
0.002285 902
0.002286 903
0.002287 903
0.002288 903
0.002289 903
0.00229 903
0.002291 903
0.002292 903
0.002293 903
0.002294 903
0.002295 904
0.002296 904
0.002297 903
0.002298 903
0.002299 902
0.0023 901
0.002301 901
0.002302 901
0.002303 901
0.002304 901
0.002305 901
0.002306 902
0.002307 902
0.002308 902
0.002309 902
0.00231 902
0.002311 902
0.002312 902
0.002313 902
0.002314 902
0.002315 902
0.002316 902
0.002317 902
0.002318 902
0.002319 902
0.00232 902
0.002321 902
0.002322 902
0.002323 902
0.002324 902
0.002325 902
0.002326 902
0.002327 902
0.002328 902
0.002329 902
0.00233 902
0.002331 902
0.002332 903
0.002333 903
0.002334 903
0.002335 903
0.002336 903
0.002337 903
0.002338 903
0.002339 903
0.00234 903
0.002341 903
0.002342 903
0.002343 902
0.002344 902
0.002345 902
0.002346 902
0.002347 902
0.002348 902
0.002349 902
0.00235 902
0.002351 902
0.002352 902
0.002353 900
0.002354 900
0.002355 900
0.002356 900
0.002357 900
0.002358 901
0.002359 900
0.00236 900
0.002361 900
0.002362 900
0.002363 900
0.002364 900
0.002365 900
0.002366 900
0.002367 900
0.002368 900
0.002369 900
0.00237 900
0.002371 900
0.002372 900
0.002373 900
0.002374 900
0.002375 900
0.002376 900
0.002377 900
0.002378 900
0.002379 900
0.00238 900
0.002381 900
0.002382 900
0.002383 900
0.002384 900
0.002385 900
0.002386 900
0.002387 900
0.002388 900
0.002389 900
0.00239 900
0.002391 900
0.002392 900
0.002393 900
0.002394 900
0.002395 900
0.002396 900
0.002397 899
0.002398 899
0.002399 899
0.0024 899
0.002401 899
0.002402 899
0.002403 899
0.002404 899
0.002405 899
0.002406 899
0.002407 899
0.002408 899
0.002409 899
0.00241 899
0.002411 899
0.002412 899
0.002413 899
0.002414 899
0.002415 899
0.002416 900
0.002417 900
0.002418 900
0.002419 900
0.00242 900
0.002421 900
0.002422 900
0.002423 900
0.002424 900
0.002425 900
0.002426 900
0.002427 900
0.002428 900
0.002429 900
0.00243 900
0.002431 900
0.002432 900
0.002433 900
0.002434 900
0.002435 900
0.002436 901
0.002437 901
0.002438 901
0.002439 901
0.00244 901
0.002441 901
0.002442 900
0.002443 900
0.002444 900
0.002445 901
0.002446 901
0.002447 901
0.002448 901
0.002449 899
0.00245 899
0.002451 899
0.002452 899
0.002453 899
0.002454 899
0.002455 898
0.002456 898
0.002457 899
0.002458 899
0.002459 899
0.00246 899
0.002461 899
0.002462 900
0.002463 900
0.002464 901
0.002465 901
0.002466 901
0.002467 901
0.002468 901
0.002469 899
0.00247 899
0.002471 899
0.002472 899
0.002473 899
0.002474 899
0.002475 899
0.002476 899
0.002477 899
0.002478 899
0.002479 899
0.00248 899
0.002481 899
0.002482 899
0.002483 899
0.002484 899
0.002485 899
0.002486 899
0.002487 899
0.002488 899
0.002489 899
0.00249 900
0.002491 900
0.002492 900
0.002493 900
0.002494 900
0.002495 900
0.002496 900
0.002497 900
0.002498 900
0.002499 900
0.0025 900
0.002501 900
0.002502 900
0.002503 900
0.002504 900
0.002505 900
0.002506 900
0.002507 901
0.002508 901
0.002509 901
0.00251 901
0.002511 901
0.002512 901
0.002513 901
0.002514 900
0.002515 900
0.002516 900
0.002517 900
0.002518 900
0.002519 900
0.00252 900
0.002521 900
0.002522 900
0.002523 900
0.002524 900
0.002525 900
0.002526 900
0.002527 900
0.002528 901
0.002529 902
0.00253 901
0.002531 901
0.002532 901
0.002533 901
0.002534 901
0.002535 901
0.002536 901
0.002537 901
0.002538 901
0.002539 901
0.00254 901
0.002541 901
0.002542 901
0.002543 901
0.002544 901
0.002545 901
0.002546 901
0.002547 901
0.002548 901
0.002549 901
0.00255 901
0.002551 901
0.002552 901
0.002553 901
0.002554 901
0.002555 901
0.002556 901
0.002557 901
0.002558 901
0.002559 901
0.00256 901
0.002561 901
0.002562 901
0.002563 901
0.002564 901
0.002565 901
0.002566 901
0.002567 901
0.002568 901
0.002569 901
0.00257 901
0.002571 901
0.002572 901
0.002573 901
0.002574 901
0.002575 901
0.002576 901
0.002577 901
0.002578 901
0.002579 901
0.00258 902
0.002581 902
0.002582 902
0.002583 902
0.002584 902
0.002585 902
0.002586 902
0.002587 902
0.002588 902
0.002589 902
0.00259 902
0.002591 902
0.002592 902
0.002593 902
0.002594 902
0.002595 902
0.002596 902
0.002597 902
0.002598 902
0.002599 902
0.0026 902
0.002601 902
0.002602 901
0.002603 901
0.002604 901
0.002605 901
0.002606 901
0.002607 901
0.002608 901
0.002609 901
0.00261 901
0.002611 901
0.002612 901
0.002613 901
0.002614 901
0.002615 901
0.002616 901
0.002617 901
0.002618 901
0.002619 901
0.00262 901
0.002621 901
0.002622 901
0.002623 901
0.002624 901
0.002625 902
0.002626 902
0.002627 902
0.002628 902
0.002629 902
0.00263 902
0.002631 902
0.002632 902
0.002633 902
0.002634 902
0.002635 902
0.002636 902
0.002637 902
0.002638 902
0.002639 902
0.00264 902
0.002641 901
0.002642 901
0.002643 902
0.002644 902
0.002645 902
0.002646 902
0.002647 902
0.002648 902
0.002649 902
0.00265 902
0.002651 902
0.002652 902
0.002653 902
0.002654 903
0.002655 903
0.002656 903
0.002657 903
0.002658 903
0.002659 903
0.00266 903
0.002661 902
0.002662 902
0.002663 902
0.002664 902
0.002665 902
0.002666 903
0.002667 903
0.002668 903
0.002669 903
0.00267 903
0.002671 903
0.002672 903
0.002673 903
0.002674 903
0.002675 902
0.002676 902
0.002677 902
0.002678 902
0.002679 902
0.00268 902
0.002681 902
0.002682 902
0.002683 902
0.002684 902
0.002685 902
0.002686 902
0.002687 902
0.002688 902
0.002689 902
0.00269 902
0.002691 902
0.002692 902
0.002693 902
0.002694 902
0.002695 902
0.002696 902
0.002697 902
0.002698 902
0.002699 902
0.0027 902
0.002701 902
0.002702 902
0.002703 902
0.002704 902
0.002705 902
0.002706 901
0.002707 901
0.002708 901
0.002709 901
0.00271 902
0.002711 901
0.002712 901
0.002713 901
0.002714 901
0.002715 901
0.002716 901
0.002717 901
0.002718 901
0.002719 901
0.00272 901
0.002721 901
0.002722 901
0.002723 900
0.002724 900
0.002725 900
0.002726 900
0.002727 900
0.002728 900
0.002729 901
0.00273 901
0.002731 901
0.002732 901
0.002733 901
0.002734 901
0.002735 901
0.002736 901
0.002737 901
0.002738 901
0.002739 900
0.00274 900
0.002741 900
0.002742 900
0.002743 900
0.002744 900
0.002745 900
0.002746 900
0.002747 900
0.002748 900
0.002749 900
0.00275 899
0.002751 899
0.002752 899
0.002753 899
0.002754 899
0.002755 899
0.002756 898
0.002757 898
0.002758 898
0.002759 899
0.00276 899
0.002761 899
0.002762 899
0.002763 899
0.002764 899
0.002765 899
0.002766 899
0.002767 899
0.002768 899
0.002769 899
0.00277 899
0.002771 899
0.002772 899
0.002773 899
0.002774 899
0.002775 898
0.002776 898
0.002777 898
0.002778 898
0.002779 898
0.00278 898
0.002781 898
0.002782 898
0.002783 898
0.002784 898
0.002785 898
0.002786 898
0.002787 898
0.002788 898
0.002789 898
0.00279 898
0.002791 898
0.002792 898
0.002793 898
0.002794 898
0.002795 898
0.002796 898
0.002797 898
0.002798 898
0.002799 898
0.0028 898
0.002801 898
0.002802 899
0.002803 899
0.002804 899
0.002805 899
0.002806 899
0.002807 899
0.002808 899
0.002809 898
0.00281 898
0.002811 898
0.002812 898
0.002813 898
0.002814 899
0.002815 899
0.002816 899
0.002817 899
0.002818 899
0.002819 899
0.00282 899
0.002821 899
0.002822 899
0.002823 899
0.002824 899
0.002825 899
0.002826 899
0.002827 899
0.002828 899
0.002829 899
0.00283 899
0.002831 899
0.002832 899
0.002833 899
0.002834 899
0.002835 900
0.002836 900
0.002837 900
0.002838 900
0.002839 900
0.00284 900
0.002841 900
0.002842 900
0.002843 901
0.002844 901
0.002845 901
0.002846 901
0.002847 901
0.002848 902
0.002849 902
0.00285 902
0.002851 901
0.002852 900
0.002853 900
0.002854 900
0.002855 900
0.002856 900
0.002857 900
0.002858 900
0.002859 900
0.00286 900
0.002861 899
0.002862 900
0.002863 900
0.002864 900
0.002865 900
0.002866 900
0.002867 901
0.002868 901
0.002869 901
0.00287 901
0.002871 901
0.002872 901
0.002873 901
0.002874 900
0.002875 900
0.002876 900
0.002877 900
0.002878 900
0.002879 900
0.00288 900
0.002881 900
0.002882 900
0.002883 900
0.002884 900
0.002885 900
0.002886 900
0.002887 900
0.002888 900
0.002889 900
0.00289 900
0.002891 900
0.002892 900
0.002893 900
0.002894 901
0.002895 901
0.002896 900
0.002897 900
0.002898 900
0.002899 900
0.0029 900
0.002901 900
0.002902 900
0.002903 900
0.002904 900
0.002905 900
0.002906 900
0.002907 900
0.002908 900
0.002909 900
0.00291 900
0.002911 900
0.002912 901
0.002913 901
0.002914 901
0.002915 901
0.002916 901
0.002917 901
0.002918 901
0.002919 901
0.00292 901
0.002921 901
0.002922 901
0.002923 900
0.002924 900
0.002925 900
0.002926 899
0.002927 899
0.002928 899
0.002929 899
0.00293 899
0.002931 899
0.002932 899
0.002933 899
0.002934 899
0.002935 899
0.002936 899
0.002937 899
0.002938 899
0.002939 899
0.00294 899
0.002941 898
0.002942 898
0.002943 898
0.002944 898
0.002945 898
0.002946 898
0.002947 898
0.002948 898
0.002949 898
0.00295 898
0.002951 898
0.002952 897
0.002953 897
0.002954 897
0.002955 897
0.002956 897
0.002957 897
0.002958 897
0.002959 897
0.00296 897
0.002961 897
0.002962 897
0.002963 897
0.002964 897
0.002965 897
0.002966 896
0.002967 896
0.002968 896
0.002969 896
0.00297 896
0.002971 896
0.002972 896
0.002973 896
0.002974 896
0.002975 896
0.002976 896
0.002977 896
0.002978 896
0.002979 896
0.00298 896
0.002981 896
0.002982 895
0.002983 895
0.002984 896
0.002985 896
0.002986 896
0.002987 896
0.002988 896
0.002989 896
0.00299 896
0.002991 896
0.002992 896
0.002993 896
0.002994 896
0.002995 896
0.002996 896
0.002997 896
0.002998 896
0.002999 896
0.003 895
0.003001 895
0.003002 895
0.003003 895
0.003004 895
0.003005 895
0.003006 895
0.003007 895
0.003008 895
0.003009 895
0.00301 895
0.003011 895
0.003012 895
0.003013 895
0.003014 895
0.003015 895
0.003016 895
0.003017 895
0.003018 895
0.003019 895
0.00302 895
0.003021 895
0.003022 894
0.003023 894
0.003024 894
0.003025 894
0.003026 894
0.003027 894
0.003028 894
0.003029 894
0.00303 894
0.003031 894
0.003032 894
0.003033 894
0.003034 894
0.003035 894
0.003036 894
0.003037 894
0.003038 894
0.003039 894
0.00304 894
0.003041 894
0.003042 894
0.003043 895
0.003044 895
0.003045 894
0.003046 894
0.003047 894
0.003048 894
0.003049 894
0.00305 894
0.003051 894
0.003052 894
0.003053 894
0.003054 894
0.003055 894
0.003056 893
0.003057 893
0.003058 893
0.003059 894
0.00306 894
0.003061 894
0.003062 894
0.003063 894
0.003064 894
0.003065 894
0.003066 894
0.003067 894
0.003068 894
0.003069 894
0.00307 893
0.003071 893
0.003072 892
0.003073 891
0.003074 891
0.003075 891
0.003076 891
0.003077 891
0.003078 891
0.003079 891
0.00308 891
0.003081 890
0.003082 891
0.003083 891
0.003084 891
0.003085 891
0.003086 891
0.003087 891
0.003088 891
0.003089 890
0.00309 890
0.003091 890
0.003092 890
0.003093 890
0.003094 890
0.003095 890
0.003096 890
0.003097 890
0.003098 890
0.003099 890
0.0031 890
0.003101 889
0.003102 889
0.003103 889
0.003104 889
0.003105 889
0.003106 889
0.003107 889
0.003108 889
0.003109 889
0.00311 889
0.003111 889
0.003112 889
0.003113 889
0.003114 889
0.003115 889
0.003116 889
0.003117 889
0.003118 889
0.003119 889
0.00312 889
0.003121 889
0.003122 889
0.003123 889
0.003124 889
0.003125 889
0.003126 889
0.003127 889
0.003128 889
0.003129 889
0.00313 889
0.003131 889
0.003132 889
0.003133 889
0.003134 888
0.003135 888
0.003136 888
0.003137 888
0.003138 888
0.003139 888
0.00314 888
0.003141 887
0.003142 887
0.003143 887
0.003144 887
0.003145 887
0.003146 887
0.003147 887
0.003148 887
0.003149 887
0.00315 887
0.003151 887
0.003152 887
0.003153 887
0.003154 887
0.003155 887
0.003156 887
0.003157 887
0.003158 887
0.003159 887
0.00316 887
0.003161 888
0.003162 888
0.003163 888
0.003164 888
0.003165 888
0.003166 888
0.003167 888
0.003168 888
0.003169 888
0.00317 888
0.003171 888
0.003172 889
0.003173 889
0.003174 889
0.003175 889
0.003176 889
0.003177 889
0.003178 889
0.003179 889
0.00318 889
0.003181 889
0.003182 889
0.003183 889
0.003184 889
0.003185 889
0.003186 889
0.003187 889
0.003188 888
0.003189 888
0.00319 888
0.003191 888
0.003192 888
0.003193 888
0.003194 888
0.003195 887
0.003196 887
0.003197 887
0.003198 887
0.003199 887
0.0032 887
0.003201 887
0.003202 887
0.003203 887
0.003204 887
0.003205 888
0.003206 888
0.003207 888
0.003208 888
0.003209 888
0.00321 888
0.003211 888
0.003212 888
0.003213 888
0.003214 889
0.003215 889
0.003216 889
0.003217 890
0.003218 891
0.003219 891
0.00322 891
0.003221 891
0.003222 891
0.003223 891
0.003224 891
0.003225 891
0.003226 891
0.003227 891
0.003228 890
0.003229 890
0.00323 891
0.003231 891
0.003232 890
0.003233 890
0.003234 890
0.003235 890
0.003236 889
0.003237 889
0.003238 889
0.003239 889
0.00324 889
0.003241 889
0.003242 889
0.003243 889
0.003244 889
0.003245 889
0.003246 889
0.003247 889
0.003248 889
0.003249 889
0.00325 889
0.003251 889
0.003252 889
0.003253 889
0.003254 889
0.003255 889
0.003256 889
0.003257 889
0.003258 889
0.003259 889
0.00326 889
0.003261 889
0.003262 889
0.003263 889
0.003264 889
0.003265 889
0.003266 889
0.003267 889
0.003268 889
0.003269 889
0.00327 889
0.003271 889
0.003272 889
0.003273 889
0.003274 889
0.003275 889
0.003276 889
0.003277 889
0.003278 890
0.003279 890
0.00328 890
0.003281 890
0.003282 890
0.003283 890
0.003284 890
0.003285 890
0.003286 890
0.003287 890
0.003288 890
0.003289 890
0.00329 890
0.003291 890
0.003292 890
0.003293 890
0.003294 890
0.003295 890
0.003296 890
0.003297 891
0.003298 891
0.003299 891
0.0033 891
0.003301 890
0.003302 890
0.003303 890
0.003304 890
0.003305 890
0.003306 890
0.003307 890
0.003308 890
0.003309 890
0.00331 890
0.003311 890
0.003312 890
0.003313 890
0.003314 891
0.003315 891
0.003316 891
0.003317 891
0.003318 891
0.003319 891
0.00332 891
0.003321 891
0.003322 890
0.003323 890
0.003324 890
0.003325 890
0.003326 891
0.003327 891
0.003328 890
0.003329 890
0.00333 890
0.003331 890
0.003332 890
0.003333 890
0.003334 890
0.003335 890
0.003336 890
0.003337 890
0.003338 890
0.003339 890
0.00334 890
0.003341 890
0.003342 890
0.003343 890
0.003344 890
0.003345 890
0.003346 890
0.003347 889
0.003348 889
0.003349 889
0.00335 891
0.003351 891
0.003352 891
0.003353 891
0.003354 890
0.003355 890
0.003356 890
0.003357 890
0.003358 888
0.003359 888
0.00336 888
0.003361 888
0.003362 888
0.003363 888
0.003364 888
0.003365 887
0.003366 887
0.003367 887
0.003368 888
0.003369 888
0.00337 888
0.003371 888
0.003372 888
0.003373 888
0.003374 888
0.003375 888
0.003376 887
0.003377 887
0.003378 886
0.003379 886
0.00338 886
0.003381 886
0.003382 886
0.003383 886
0.003384 886
0.003385 886
0.003386 886
0.003387 886
0.003388 886
0.003389 886
0.00339 886
0.003391 886
0.003392 886
0.003393 886
0.003394 886
0.003395 886
0.003396 886
0.003397 886
0.003398 885
0.003399 885
0.0034 885
0.003401 885
0.003402 885
0.003403 885
0.003404 885
0.003405 885
0.003406 885
0.003407 885
0.003408 885
0.003409 885
0.00341 885
0.003411 885
0.003412 885
0.003413 885
0.003414 885
0.003415 885
0.003416 885
0.003417 885
0.003418 885
0.003419 885
0.00342 885
0.003421 885
0.003422 885
0.003423 885
0.003424 885
0.003425 885
0.003426 885
0.003427 885
0.003428 885
0.003429 885
0.00343 884
0.003431 883
0.003432 883
0.003433 883
0.003434 883
0.003435 883
0.003436 883
0.003437 883
0.003438 883
0.003439 883
0.00344 883
0.003441 883
0.003442 883
0.003443 883
0.003444 883
0.003445 883
0.003446 883
0.003447 882
0.003448 882
0.003449 882
0.00345 882
0.003451 882
0.003452 882
0.003453 882
0.003454 882
0.003455 882
0.003456 882
0.003457 882
0.003458 882
0.003459 882
0.00346 882
0.003461 882
0.003462 882
0.003463 882
0.003464 882
0.003465 882
0.003466 882
0.003467 882
0.003468 883
0.003469 883
0.00347 883
0.003471 883
0.003472 883
0.003473 883
0.003474 883
0.003475 883
0.003476 883
0.003477 881
0.003478 881
0.003479 881
0.00348 881
0.003481 880
0.003482 880
0.003483 880
0.003484 880
0.003485 880
0.003486 881
0.003487 881
0.003488 881
0.003489 881
0.00349 881
0.003491 881
0.003492 881
0.003493 881
0.003494 881
0.003495 881
0.003496 881
0.003497 881
0.003498 881
0.003499 881
0.0035 881
0.003501 881
0.003502 880
0.003503 880
0.003504 880
0.003505 880
0.003506 880
0.003507 880
0.003508 880
0.003509 880
0.00351 880
0.003511 880
0.003512 880
0.003513 880
0.003514 880
0.003515 880
0.003516 880
0.003517 880
0.003518 880
0.003519 880
0.00352 880
0.003521 880
0.003522 880
0.003523 880
0.003524 880
0.003525 880
0.003526 880
0.003527 879
0.003528 879
0.003529 879
0.00353 879
0.003531 879
0.003532 879
0.003533 879
0.003534 880
0.003535 880
0.003536 880
0.003537 880
0.003538 880
0.003539 880
0.00354 880
0.003541 880
0.003542 880
0.003543 880
0.003544 880
0.003545 880
0.003546 880
0.003547 880
0.003548 880
0.003549 880
0.00355 880
0.003551 880
0.003552 880
0.003553 880
0.003554 880
0.003555 880
0.003556 879
0.003557 879
0.003558 878
0.003559 878
0.00356 878
0.003561 878
0.003562 878
0.003563 878
0.003564 878
0.003565 878
0.003566 878
0.003567 878
0.003568 878
0.003569 878
0.00357 878
0.003571 878
0.003572 878
0.003573 878
0.003574 878
0.003575 878
0.003576 878
0.003577 878
0.003578 878
0.003579 878
0.00358 877
0.003581 877
0.003582 877
0.003583 877
0.003584 877
0.003585 877
0.003586 877
0.003587 877
0.003588 877
0.003589 878
0.00359 877
0.003591 877
0.003592 877
0.003593 876
0.003594 876
0.003595 876
0.003596 876
0.003597 876
0.003598 876
0.003599 877
0.0036 877
0.003601 877
0.003602 877
0.003603 877
0.003604 877
0.003605 876
0.003606 876
0.003607 876
0.003608 876
0.003609 876
0.00361 876
0.003611 876
0.003612 876
0.003613 876
0.003614 876
0.003615 876
0.003616 876
0.003617 876
0.003618 876
0.003619 876
0.00362 876
0.003621 876
0.003622 875
0.003623 874
0.003624 874
0.003625 874
0.003626 874
0.003627 874
0.003628 874
0.003629 875
0.00363 875
0.003631 874
0.003632 874
0.003633 874
0.003634 874
0.003635 874
0.003636 874
0.003637 874
0.003638 874
0.003639 874
0.00364 874
0.003641 875
0.003642 875
0.003643 876
0.003644 876
0.003645 876
0.003646 876
0.003647 876
0.003648 876
0.003649 876
0.00365 876
0.003651 876
0.003652 874
0.003653 874
0.003654 874
0.003655 874
0.003656 874
0.003657 874
0.003658 874
0.003659 873
0.00366 873
0.003661 873
0.003662 873
0.003663 873
0.003664 873
0.003665 873
0.003666 873
0.003667 873
0.003668 873
0.003669 873
0.00367 873
0.003671 873
0.003672 873
0.003673 873
0.003674 873
0.003675 873
0.003676 873
0.003677 873
0.003678 873
0.003679 873
0.00368 872
0.003681 872
0.003682 872
0.003683 872
0.003684 872
0.003685 872
0.003686 872
0.003687 871
0.003688 871
0.003689 871
0.00369 871
0.003691 872
0.003692 872
0.003693 873
0.003694 872
0.003695 871
0.003696 871
0.003697 871
0.003698 871
0.003699 871
0.0037 871
0.003701 871
0.003702 871
0.003703 871
0.003704 871
0.003705 871
0.003706 871
0.003707 871
0.003708 871
0.003709 871
0.00371 871
0.003711 871
0.003712 871
0.003713 871
0.003714 871
0.003715 871
0.003716 871
0.003717 871
0.003718 871
0.003719 871
0.00372 871
0.003721 871
0.003722 871
0.003723 871
0.003724 871
0.003725 871
0.003726 871
0.003727 871
0.003728 871
0.003729 872
0.00373 872
0.003731 872
0.003732 872
0.003733 872
0.003734 872
0.003735 872
0.003736 873
0.003737 873
0.003738 873
0.003739 873
0.00374 873
0.003741 873
0.003742 873
0.003743 873
0.003744 873
0.003745 873
0.003746 873
0.003747 873
0.003748 873
0.003749 873
0.00375 873
0.003751 873
0.003752 873
0.003753 873
0.003754 873
0.003755 873
0.003756 873
0.003757 873
0.003758 873
0.003759 873
0.00376 874
0.003761 875
0.003762 876
0.003763 876
0.003764 876
0.003765 876
0.003766 876
0.003767 876
0.003768 876
0.003769 876
0.00377 876
0.003771 876
0.003772 876
0.003773 876
0.003774 877
0.003775 877
0.003776 877
0.003777 877
0.003778 877
0.003779 877
0.00378 877
0.003781 877
0.003782 878
0.003783 878
0.003784 880
0.003785 880
0.003786 880
0.003787 880
0.003788 879
0.003789 879
0.00379 879
0.003791 879
0.003792 879
0.003793 879
0.003794 879
0.003795 879
0.003796 879
0.003797 879
0.003798 879
0.003799 879
0.0038 879
0.003801 879
0.003802 879
0.003803 879
0.003804 880
0.003805 880
0.003806 880
0.003807 880
0.003808 880
0.003809 880
0.00381 880
0.003811 880
0.003812 880
0.003813 880
0.003814 880
0.003815 880
0.003816 880
0.003817 880
0.003818 879
0.003819 879
0.00382 879
0.003821 879
0.003822 879
0.003823 879
0.003824 879
0.003825 879
0.003826 879
0.003827 878
0.003828 877
0.003829 879
0.00383 880
0.003831 880
0.003832 880
0.003833 880
0.003834 880
0.003835 879
0.003836 879
0.003837 880
0.003838 880
0.003839 880
0.00384 880
0.003841 880
0.003842 880
0.003843 880
0.003844 880
0.003845 880
0.003846 880
0.003847 880
0.003848 880
0.003849 880
0.00385 880
0.003851 880
0.003852 880
0.003853 880
0.003854 880
0.003855 879
0.003856 879
0.003857 879
0.003858 879
0.003859 879
0.00386 879
0.003861 879
0.003862 879
0.003863 879
0.003864 879
0.003865 879
0.003866 880
0.003867 880
0.003868 880
0.003869 880
0.00387 881
0.003871 881
0.003872 880
0.003873 880
0.003874 880
0.003875 879
0.003876 879
0.003877 880
0.003878 880
0.003879 880
0.00388 880
0.003881 881
0.003882 881
0.003883 881
0.003884 881
0.003885 881
0.003886 881
0.003887 881
0.003888 881
0.003889 881
0.00389 880
0.003891 880
0.003892 880
0.003893 880
0.003894 880
0.003895 880
0.003896 880
0.003897 880
0.003898 879
0.003899 879
0.0039 879
0.003901 879
0.003902 879
0.003903 879
0.003904 879
0.003905 879
0.003906 879
0.003907 879
0.003908 879
0.003909 879
0.00391 879
0.003911 879
0.003912 879
0.003913 879
0.003914 879
0.003915 879
0.003916 879
0.003917 879
0.003918 879
0.003919 879
0.00392 879
0.003921 879
0.003922 879
0.003923 879
0.003924 878
0.003925 877
0.003926 876
0.003927 876
0.003928 876
0.003929 876
0.00393 876
0.003931 876
0.003932 876
0.003933 876
0.003934 876
0.003935 876
0.003936 876
0.003937 876
0.003938 876
0.003939 876
0.00394 876
0.003941 876
0.003942 876
0.003943 876
0.003944 876
0.003945 876
0.003946 876
0.003947 876
0.003948 876
0.003949 876
0.00395 876
0.003951 876
0.003952 875
0.003953 875
0.003954 875
0.003955 875
0.003956 875
0.003957 874
0.003958 874
0.003959 874
0.00396 874
0.003961 874
0.003962 874
0.003963 874
0.003964 874
0.003965 874
0.003966 874
0.003967 874
0.003968 874
0.003969 874
0.00397 874
0.003971 874
0.003972 873
0.003973 873
0.003974 873
0.003975 873
0.003976 873
0.003977 873
0.003978 873
0.003979 873
0.00398 873
0.003981 873
0.003982 872
0.003983 872
0.003984 872
0.003985 872
0.003986 872
0.003987 872
0.003988 872
0.003989 872
0.00399 872
0.003991 872
0.003992 872
0.003993 872
0.003994 872
0.003995 872
0.003996 872
0.003997 872
0.003998 871
0.003999 871
0.004 872
0.004001 872
0.004002 872
0.004003 872
0.004004 873
0.004005 873
0.004006 873
0.004007 873
0.004008 872
0.004009 872
0.00401 872
0.004011 872
0.004012 872
0.004013 872
0.004014 872
0.004015 872
0.004016 872
0.004017 872
0.004018 872
0.004019 872
0.00402 873
0.004021 873
0.004022 873
0.004023 873
0.004024 873
0.004025 873
0.004026 872
0.004027 873
0.004028 873
0.004029 873
0.00403 873
0.004031 873
0.004032 873
0.004033 873
0.004034 873
0.004035 873
0.004036 873
0.004037 873
0.004038 873
0.004039 872
0.00404 872
0.004041 872
0.004042 872
0.004043 871
0.004044 871
0.004045 871
0.004046 871
0.004047 871
0.004048 871
0.004049 871
0.00405 871
0.004051 871
0.004052 871
0.004053 871
0.004054 871
0.004055 871
0.004056 871
0.004057 871
0.004058 871
0.004059 871
0.00406 871
0.004061 871
0.004062 871
0.004063 871
0.004064 871
0.004065 871
0.004066 871
0.004067 871
0.004068 871
0.004069 871
0.00407 871
0.004071 871
0.004072 871
0.004073 872
0.004074 872
0.004075 872
0.004076 872
0.004077 873
0.004078 873
0.004079 873
0.00408 873
0.004081 873
0.004082 873
0.004083 873
0.004084 873
0.004085 873
0.004086 872
0.004087 872
0.004088 872
0.004089 872
0.00409 872
0.004091 872
0.004092 872
0.004093 873
0.004094 873
0.004095 873
0.004096 873
0.004097 873
0.004098 873
0.004099 873
0.0041 873
0.004101 874
0.004102 874
0.004103 874
0.004104 874
0.004105 874
0.004106 874
0.004107 874
0.004108 875
0.004109 875
0.00411 875
0.004111 875
0.004112 875
0.004113 875
0.004114 875
0.004115 875
0.004116 875
0.004117 875
0.004118 875
0.004119 875
0.00412 875
0.004121 875
0.004122 875
0.004123 875
0.004124 875
0.004125 875
0.004126 875
0.004127 875
0.004128 876
0.004129 876
0.00413 876
0.004131 875
0.004132 876
0.004133 876
0.004134 876
0.004135 876
0.004136 876
0.004137 876
0.004138 875
0.004139 875
0.00414 875
0.004141 875
0.004142 875
0.004143 875
0.004144 875
0.004145 875
0.004146 875
0.004147 876
0.004148 876
0.004149 876
0.00415 876
0.004151 876
0.004152 877
0.004153 877
0.004154 877
0.004155 877
0.004156 877
0.004157 877
0.004158 877
0.004159 877
0.00416 877
0.004161 877
0.004162 877
0.004163 876
0.004164 876
0.004165 876
0.004166 876
0.004167 876
0.004168 876
0.004169 876
0.00417 876
0.004171 876
0.004172 876
0.004173 876
0.004174 876
0.004175 876
0.004176 876
0.004177 876
0.004178 876
0.004179 876
0.00418 876
0.004181 877
0.004182 878
0.004183 878
0.004184 878
0.004185 878
0.004186 878
0.004187 878
0.004188 878
0.004189 878
0.00419 878
0.004191 878
0.004192 878
0.004193 878
0.004194 878
0.004195 878
0.004196 878
0.004197 878
0.004198 878
0.004199 878
0.0042 878
0.004201 878
0.004202 878
0.004203 878
0.004204 878
0.004205 878
0.004206 878
0.004207 878
0.004208 878
0.004209 878
0.00421 878
0.004211 877
0.004212 877
0.004213 877
0.004214 877
0.004215 877
0.004216 878
0.004217 878
0.004218 878
0.004219 878
0.00422 877
0.004221 877
0.004222 876
0.004223 876
0.004224 876
0.004225 876
0.004226 876
0.004227 876
0.004228 876
0.004229 876
0.00423 877
0.004231 877
0.004232 877
0.004233 877
0.004234 877
0.004235 877
0.004236 877
0.004237 877
0.004238 877
0.004239 877
0.00424 877
0.004241 877
0.004242 877
0.004243 877
0.004244 877
0.004245 876
0.004246 876
0.004247 876
0.004248 876
0.004249 876
0.00425 876
0.004251 876
0.004252 876
0.004253 876
0.004254 876
0.004255 876
0.004256 876
0.004257 876
0.004258 876
0.004259 876
0.00426 876
0.004261 876
0.004262 876
0.004263 876
0.004264 876
0.004265 876
0.004266 876
0.004267 876
0.004268 876
0.004269 876
0.00427 876
0.004271 876
0.004272 876
0.004273 876
0.004274 876
0.004275 875
0.004276 875
0.004277 875
0.004278 875
0.004279 875
0.00428 875
0.004281 875
0.004282 875
0.004283 875
0.004284 875
0.004285 875
0.004286 875
0.004287 875
0.004288 875
0.004289 875
0.00429 876
0.004291 876
0.004292 876
0.004293 876
0.004294 876
0.004295 876
0.004296 876
0.004297 875
0.004298 875
0.004299 874
0.0043 874
0.004301 874
0.004302 874
0.004303 874
0.004304 874
0.004305 874
0.004306 874
0.004307 874
0.004308 874
0.004309 875
0.00431 875
0.004311 875
0.004312 875
0.004313 875
0.004314 875
0.004315 875
0.004316 875
0.004317 875
0.004318 875
0.004319 875
0.00432 875
0.004321 875
0.004322 875
0.004323 875
0.004324 874
0.004325 874
0.004326 874
0.004327 874
0.004328 874
0.004329 874
0.00433 874
0.004331 875
0.004332 875
0.004333 875
0.004334 875
0.004335 875
0.004336 875
0.004337 873
0.004338 873
0.004339 873
0.00434 873
0.004341 873
0.004342 873
0.004343 873
0.004344 873
0.004345 873
0.004346 873
0.004347 873
0.004348 873
0.004349 873
0.00435 873
0.004351 873
0.004352 873
0.004353 873
0.004354 873
0.004355 873
0.004356 873
0.004357 873
0.004358 873
0.004359 873
0.00436 873
0.004361 873
0.004362 873
0.004363 873
0.004364 873
0.004365 873
0.004366 873
0.004367 873
0.004368 873
0.004369 873
0.00437 873
0.004371 873
0.004372 873
0.004373 873
0.004374 873
0.004375 873
0.004376 873
0.004377 873
0.004378 873
0.004379 873
0.00438 873
0.004381 873
0.004382 873
0.004383 873
0.004384 873
0.004385 874
0.004386 874
0.004387 874
0.004388 874
0.004389 875
0.00439 875
0.004391 875
0.004392 875
0.004393 875
0.004394 875
0.004395 875
0.004396 875
0.004397 875
0.004398 875
0.004399 875
0.0044 875
0.004401 875
0.004402 875
0.004403 875
0.004404 875
0.004405 875
0.004406 875
0.004407 874
0.004408 874
0.004409 874
0.00441 874
0.004411 874
0.004412 874
0.004413 874
0.004414 874
0.004415 875
0.004416 875
0.004417 875
0.004418 876
0.004419 876
0.00442 876
0.004421 876
0.004422 876
0.004423 876
0.004424 876
0.004425 876
0.004426 876
0.004427 876
0.004428 877
0.004429 877
0.00443 877
0.004431 877
0.004432 877
0.004433 877
0.004434 877
0.004435 877
0.004436 877
0.004437 877
0.004438 877
0.004439 877
0.00444 877
0.004441 877
0.004442 877
0.004443 877
0.004444 877
0.004445 877
0.004446 876
0.004447 876
0.004448 876
0.004449 876
0.00445 876
0.004451 876
0.004452 876
0.004453 876
0.004454 876
0.004455 876
0.004456 876
0.004457 876
0.004458 876
0.004459 876
0.00446 876
0.004461 876
0.004462 876
0.004463 876
0.004464 876
0.004465 876
0.004466 876
0.004467 876
0.004468 876
0.004469 876
0.00447 876
0.004471 876
0.004472 876
0.004473 876
0.004474 876
0.004475 876
0.004476 876
0.004477 876
0.004478 876
0.004479 876
0.00448 876
0.004481 876
0.004482 876
0.004483 876
0.004484 876
0.004485 876
0.004486 876
0.004487 876
0.004488 876
0.004489 876
0.00449 876
0.004491 876
0.004492 876
0.004493 876
0.004494 876
0.004495 876
0.004496 876
0.004497 876
0.004498 876
0.004499 876
0.0045 876
0.004501 876
0.004502 876
0.004503 876
0.004504 876
0.004505 877
0.004506 876
0.004507 875
0.004508 875
0.004509 875
0.00451 875
0.004511 875
0.004512 875
0.004513 875
0.004514 875
0.004515 875
0.004516 875
0.004517 875
0.004518 875
0.004519 875
0.00452 875
0.004521 875
0.004522 875
0.004523 875
0.004524 875
0.004525 875
0.004526 875
0.004527 875
0.004528 875
0.004529 875
0.00453 875
0.004531 875
0.004532 875
0.004533 876
0.004534 876
0.004535 877
0.004536 877
0.004537 877
0.004538 878
0.004539 878
0.00454 878
0.004541 878
0.004542 878
0.004543 877
0.004544 877
0.004545 877
0.004546 877
0.004547 877
0.004548 877
0.004549 877
0.00455 877
0.004551 877
0.004552 877
0.004553 877
0.004554 877
0.004555 877
0.004556 877
0.004557 877
0.004558 877
0.004559 877
0.00456 877
0.004561 876
0.004562 876
0.004563 876
0.004564 876
0.004565 876
0.004566 876
0.004567 877
0.004568 877
0.004569 877
0.00457 876
0.004571 876
0.004572 876
0.004573 876
0.004574 876
0.004575 876
0.004576 876
0.004577 876
0.004578 876
0.004579 876
0.00458 876
0.004581 876
0.004582 876
0.004583 876
0.004584 875
0.004585 875
0.004586 876
0.004587 876
0.004588 875
0.004589 875
0.00459 875
0.004591 875
0.004592 875
0.004593 875
0.004594 877
0.004595 876
0.004596 876
0.004597 876
0.004598 876
0.004599 876
0.0046 876
0.004601 876
0.004602 876
0.004603 876
0.004604 876
0.004605 876
0.004606 876
0.004607 876
0.004608 876
0.004609 876
0.00461 876
0.004611 876
0.004612 876
0.004613 876
0.004614 876
0.004615 876
0.004616 876
0.004617 876
0.004618 876
0.004619 876
0.00462 876
0.004621 876
0.004622 876
0.004623 876
0.004624 876
0.004625 876
0.004626 876
0.004627 876
0.004628 876
0.004629 876
0.00463 876
0.004631 876
0.004632 876
0.004633 876
0.004634 876
0.004635 876
0.004636 876
0.004637 876
0.004638 876
0.004639 876
0.00464 876
0.004641 876
0.004642 876
0.004643 876
0.004644 876
0.004645 876
0.004646 876
0.004647 876
0.004648 876
0.004649 876
0.00465 876
0.004651 876
0.004652 876
0.004653 876
0.004654 876
0.004655 876
0.004656 876
0.004657 876
0.004658 876
0.004659 876
0.00466 876
0.004661 876
0.004662 876
0.004663 876
0.004664 876
0.004665 876
0.004666 875
0.004667 875
0.004668 875
0.004669 875
0.00467 874
0.004671 874
0.004672 874
0.004673 875
0.004674 875
0.004675 874
0.004676 874
0.004677 874
0.004678 874
0.004679 874
0.00468 874
0.004681 874
0.004682 874
0.004683 873
0.004684 873
0.004685 873
0.004686 873
0.004687 873
0.004688 873
0.004689 873
0.00469 873
0.004691 873
0.004692 873
0.004693 873
0.004694 873
0.004695 873
0.004696 873
0.004697 873
0.004698 874
0.004699 874
0.0047 874
0.004701 874
0.004702 874
0.004703 874
0.004704 874
0.004705 874
0.004706 874
0.004707 874
0.004708 874
0.004709 874
0.00471 874
0.004711 873
0.004712 873
0.004713 873
0.004714 873
0.004715 873
0.004716 873
0.004717 873
0.004718 873
0.004719 873
0.00472 873
0.004721 873
0.004722 873
0.004723 873
0.004724 873
0.004725 873
0.004726 874
0.004727 874
0.004728 874
0.004729 874
0.00473 874
0.004731 874
0.004732 874
0.004733 874
0.004734 874
0.004735 874
0.004736 874
0.004737 874
0.004738 874
0.004739 874
0.00474 874
0.004741 874
0.004742 874
0.004743 874
0.004744 874
0.004745 874
0.004746 874
0.004747 874
0.004748 874
0.004749 874
0.00475 873
0.004751 873
0.004752 872
0.004753 872
0.004754 872
0.004755 872
0.004756 872
0.004757 872
0.004758 872
0.004759 872
0.00476 872
0.004761 872
0.004762 872
0.004763 872
0.004764 872
0.004765 872
0.004766 872
0.004767 872
0.004768 872
0.004769 872
0.00477 872
0.004771 872
0.004772 871
0.004773 871
0.004774 871
0.004775 871
0.004776 871
0.004777 872
0.004778 872
0.004779 872
0.00478 872
0.004781 872
0.004782 872
0.004783 872
0.004784 872
0.004785 873
0.004786 873
0.004787 873
0.004788 873
0.004789 873
0.00479 873
0.004791 874
0.004792 874
0.004793 874
0.004794 874
0.004795 874
0.004796 874
0.004797 874
0.004798 874
0.004799 874
0.0048 874
0.004801 874
0.004802 873
0.004803 873
0.004804 873
0.004805 873
0.004806 873
0.004807 873
0.004808 874
0.004809 874
0.00481 874
0.004811 874
0.004812 874
0.004813 874
0.004814 874
0.004815 874
0.004816 874
0.004817 874
0.004818 874
0.004819 874
0.00482 874
0.004821 874
0.004822 874
0.004823 874
0.004824 874
0.004825 874
0.004826 874
0.004827 874
0.004828 873
0.004829 873
0.00483 874
0.004831 874
0.004832 874
0.004833 874
0.004834 874
0.004835 874
0.004836 874
0.004837 874
0.004838 874
0.004839 874
0.00484 874
0.004841 874
0.004842 874
0.004843 874
0.004844 873
0.004845 873
0.004846 873
0.004847 873
0.004848 874
0.004849 874
0.00485 874
0.004851 874
0.004852 874
0.004853 874
0.004854 875
0.004855 875
0.004856 875
0.004857 875
0.004858 875
0.004859 875
0.00486 875
0.004861 875
0.004862 875
0.004863 875
0.004864 875
0.004865 875
0.004866 875
0.004867 875
0.004868 875
0.004869 875
0.00487 875
0.004871 875
0.004872 875
0.004873 875
0.004874 876
0.004875 876
0.004876 876
0.004877 876
0.004878 876
0.004879 876
0.00488 876
0.004881 876
0.004882 876
0.004883 876
0.004884 876
0.004885 876
0.004886 876
0.004887 876
0.004888 876
0.004889 876
0.00489 876
0.004891 876
0.004892 876
0.004893 876
0.004894 877
0.004895 877
0.004896 877
0.004897 877
0.004898 877
0.004899 877
0.0049 877
0.004901 877
0.004902 877
0.004903 876
0.004904 876
0.004905 876
0.004906 876
0.004907 876
0.004908 876
0.004909 877
0.00491 877
0.004911 877
0.004912 877
0.004913 877
0.004914 877
0.004915 877
0.004916 877
0.004917 877
0.004918 877
0.004919 877
0.00492 876
0.004921 876
0.004922 876
0.004923 876
0.004924 876
0.004925 876
0.004926 876
0.004927 876
0.004928 876
0.004929 876
0.00493 876
0.004931 876
0.004932 875
0.004933 875
0.004934 875
0.004935 875
0.004936 875
0.004937 875
0.004938 875
0.004939 875
0.00494 874
0.004941 874
0.004942 874
0.004943 874
0.004944 874
0.004945 874
0.004946 874
0.004947 874
0.004948 874
0.004949 874
0.00495 874
0.004951 874
0.004952 874
0.004953 873
0.004954 873
0.004955 873
0.004956 873
0.004957 873
0.004958 873
0.004959 873
0.00496 873
0.004961 873
0.004962 873
0.004963 873
0.004964 873
0.004965 873
0.004966 873
0.004967 873
0.004968 873
0.004969 873
0.00497 873
0.004971 873
0.004972 873
0.004973 873
0.004974 873
0.004975 873
0.004976 873
0.004977 873
0.004978 873
0.004979 873
0.00498 873
0.004981 873
0.004982 873
0.004983 873
0.004984 873
0.004985 873
0.004986 874
0.004987 874
0.004988 874
0.004989 874
0.00499 874
0.004991 874
0.004992 874
0.004993 874
0.004994 874
0.004995 875
0.004996 875
0.004997 875
0.004998 875
0.004999 875
0.005 875
