0 3306
1e-06 3320
2e-06 3327
3e-06 3334
4e-06 3341
5e-06 3354
6e-06 3361
7e-06 3375
8e-06 3383
9e-06 3397
1e-05 3405
1.1e-05 3419
1.2e-05 3423
1.3e-05 3430
1.4e-05 3443
1.5e-05 3448
1.6e-05 3452
1.7e-05 3466
1.8e-05 3470
1.9e-05 3476
2e-05 3481
2.1e-05 3488
2.2e-05 3492
2.3e-05 3500
2.4e-05 3502
2.5e-05 3501
2.6e-05 3510
2.7e-05 3516
2.8e-05 3527
2.9e-05 3532
3e-05 3533
3.1e-05 3544
3.2e-05 3546
3.3e-05 3557
3.4e-05 3565
3.5e-05 3569
3.6e-05 3581
3.7e-05 3593
3.8e-05 3593
3.9e-05 3597
4e-05 3604
4.1e-05 3608
4.2e-05 3611
4.3e-05 3615
4.4e-05 3624
4.5e-05 3630
4.6e-05 3631
4.7e-05 3636
4.8e-05 3641
4.9e-05 3649
5e-05 3657
5.1e-05 3663
5.2e-05 3664
5.3e-05 3667
5.4e-05 3673
5.5e-05 3680
5.6e-05 3687
5.7e-05 3690
5.8e-05 3695
5.9e-05 3703
6e-05 3707
6.1e-05 3710
6.2e-05 3715
6.3e-05 3723
6.4e-05 3728
6.5e-05 3734
6.6e-05 3737
6.7e-05 3744
6.8e-05 3751
6.9e-05 3752
7e-05 3761
7.1e-05 3765
7.2e-05 3773
7.3e-05 3779
7.4e-05 3781
7.5e-05 3786
7.6e-05 3791
7.7e-05 3798
7.8e-05 3799
7.9e-05 3806
8e-05 3809
8.1e-05 3812
8.2e-05 3812
8.3e-05 3813
8.4e-05 3814
8.5e-05 3816
8.6e-05 3818
8.7e-05 3817
8.8e-05 3818
8.9e-05 3825
9e-05 3833
9.1e-05 3833
9.2e-05 3832
9.3e-05 3833
9.4e-05 3835
9.5e-05 3835
9.6e-05 3846
9.7e-05 3850
9.8e-05 3854
9.9e-05 3861
0.0001 3855
0.000101 3853
0.000102 3857
0.000103 3853
0.000104 3857
0.000105 3860
0.000106 3869
0.000107 3872
0.000108 3876
0.000109 3880
0.00011 3879
0.000111 3883
0.000112 3887
0.000113 3890
0.000114 3895
0.000115 3896
0.000116 3901
0.000117 3906
0.000118 3911
0.000119 3916
0.00012 3918
0.000121 3923
0.000122 3926
0.000123 3929
0.000124 3933
0.000125 3934
0.000126 3934
0.000127 3935
0.000128 3939
0.000129 3939
0.00013 3941
0.000131 3945
0.000132 3944
0.000133 3943
0.000134 3943
0.000135 3942
0.000136 3942
0.000137 3944
0.000138 3947
0.000139 3951
0.00014 3954
0.000141 3955
0.000142 3956
0.000143 3953
0.000144 3959
0.000145 3961
0.000146 3964
0.000147 3965
0.000148 3964
0.000149 3969
0.00015 3971
0.000151 3970
0.000152 3973
0.000153 3978
0.000154 3981
0.000155 3983
0.000156 3986
0.000157 3987
0.000158 3987
0.000159 3985
0.00016 3988
0.000161 3987
0.000162 3989
0.000163 3990
0.000164 3990
0.000165 3988
0.000166 3992
0.000167 3996
0.000168 3998
0.000169 4000
0.00017 4002
0.000171 4005
0.000172 4005
0.000173 4007
0.000174 4009
0.000175 4012
0.000176 4015
0.000177 4018
0.000178 4018
0.000179 4015
0.00018 4018
0.000181 4017
0.000182 4019
0.000183 4021
0.000184 4024
0.000185 4022
0.000186 4024
0.000187 4022
0.000188 4025
0.000189 4027
0.00019 4027
0.000191 4031
0.000192 4033
0.000193 4034
0.000194 4039
0.000195 4039
0.000196 4037
0.000197 4039
0.000198 4040
0.000199 4041
0.0002 4041
0.000201 4042
0.000202 4044
0.000203 4043
0.000204 4042
0.000205 4044
0.000206 4047
0.000207 4051
0.000208 4053
0.000209 4054
0.00021 4057
0.000211 4056
0.000212 4056
0.000213 4060
0.000214 4062
0.000215 4062
0.000216 4065
0.000217 4064
0.000218 4066
0.000219 4070
0.00022 4071
0.000221 4069
0.000222 4071
0.000223 4074
0.000224 4075
0.000225 4075
0.000226 4075
0.000227 4078
0.000228 4078
0.000229 4081
0.00023 4082
0.000231 4082
0.000232 4083
0.000233 4085
0.000234 4086
0.000235 4087
0.000236 4087
0.000237 4092
0.000238 4091
0.000239 4090
0.00024 4091
0.000241 4095
0.000242 4094
0.000243 4097
0.000244 4094
0.000245 4098
0.000246 4098
0.000247 4099
0.000248 4099
0.000249 4100
0.00025 4103
0.000251 4105
0.000252 4104
0.000253 4103
0.000254 4105
0.000255 4108
0.000256 4113
0.000257 4115
0.000258 4117
0.000259 4119
0.00026 4117
0.000261 4118
0.000262 4119
0.000263 4119
0.000264 4121
0.000265 4122
0.000266 4127
0.000267 4130
0.000268 4132
0.000269 4135
0.00027 4138
0.000271 4138
0.000272 4140
0.000273 4145
0.000274 4145
0.000275 4145
0.000276 4149
0.000277 4151
0.000278 4149
0.000279 4150
0.00028 4150
0.000281 4152
0.000282 4151
0.000283 4152
0.000284 4153
0.000285 4152
0.000286 4151
0.000287 4153
0.000288 4155
0.000289 4155
0.00029 4158
0.000291 4158
0.000292 4157
0.000293 4159
0.000294 4160
0.000295 4163
0.000296 4165
0.000297 4164
0.000298 4166
0.000299 4167
0.0003 4168
0.000301 4170
0.000302 4173
0.000303 4175
0.000304 4176
0.000305 4175
0.000306 4175
0.000307 4176
0.000308 4176
0.000309 4176
0.00031 4177
0.000311 4178
0.000312 4179
0.000313 4178
0.000314 4180
0.000315 4183
0.000316 4186
0.000317 4188
0.000318 4190
0.000319 4190
0.00032 4191
0.000321 4193
0.000322 4194
0.000323 4195
0.000324 4195
0.000325 4194
0.000326 4196
0.000327 4198
0.000328 4198
0.000329 4199
0.00033 4199
0.000331 4199
0.000332 4196
0.000333 4196
0.000334 4200
0.000335 4201
0.000336 4201
0.000337 4202
0.000338 4202
0.000339 4202
0.00034 4204
0.000341 4206
0.000342 4208
0.000343 4211
0.000344 4214
0.000345 4214
0.000346 4214
0.000347 4216
0.000348 4216
0.000349 4216
0.00035 4216
0.000351 4216
0.000352 4215
0.000353 4216
0.000354 4217
0.000355 4220
0.000356 4221
0.000357 4224
0.000358 4222
0.000359 4221
0.00036 4222
0.000361 4222
0.000362 4221
0.000363 4219
0.000364 4220
0.000365 4222
0.000366 4219
0.000367 4218
0.000368 4218
0.000369 4219
0.00037 4220
0.000371 4219
0.000372 4219
0.000373 4219
0.000374 4220
0.000375 4221
0.000376 4223
0.000377 4223
0.000378 4223
0.000379 4227
0.00038 4226
0.000381 4224
0.000382 4226
0.000383 4226
0.000384 4226
0.000385 4227
0.000386 4227
0.000387 4228
0.000388 4231
0.000389 4231
0.00039 4233
0.000391 4235
0.000392 4236
0.000393 4236
0.000394 4236
0.000395 4234
0.000396 4234
0.000397 4234
0.000398 4235
0.000399 4235
0.0004 4238
0.000401 4238
0.000402 4241
0.000403 4242
0.000404 4242
0.000405 4242
0.000406 4241
0.000407 4241
0.000408 4243
0.000409 4244
0.00041 4244
0.000411 4245
0.000412 4246
0.000413 4246
0.000414 4246
0.000415 4247
0.000416 4248
0.000417 4250
0.000418 4249
0.000419 4248
0.00042 4250
0.000421 4250
0.000422 4250
0.000423 4250
0.000424 4251
0.000425 4251
0.000426 4251
0.000427 4252
0.000428 4252
0.000429 4253
0.00043 4256
0.000431 4255
0.000432 4254
0.000433 4255
0.000434 4255
0.000435 4255
0.000436 4256
0.000437 4256
0.000438 4257
0.000439 4257
0.00044 4256
0.000441 4256
0.000442 4256
0.000443 4256
0.000444 4256
0.000445 4258
0.000446 4257
0.000447 4258
0.000448 4256
0.000449 4256
0.00045 4256
0.000451 4256
0.000452 4255
0.000453 4256
0.000454 4257
0.000455 4256
0.000456 4255
0.000457 4255
0.000458 4256
0.000459 4256
0.00046 4255
0.000461 4256
0.000462 4256
0.000463 4256
0.000464 4255
0.000465 4257
0.000466 4256
0.000467 4256
0.000468 4256
0.000469 4256
0.00047 4256
0.000471 4255
0.000472 4254
0.000473 4255
0.000474 4253
0.000475 4256
0.000476 4256
0.000477 4256
0.000478 4258
0.000479 4258
0.00048 4259
0.000481 4260
0.000482 4259
0.000483 4256
0.000484 4257
0.000485 4256
0.000486 4256
0.000487 4255
0.000488 4255
0.000489 4252
0.00049 4251
0.000491 4253
0.000492 4251
0.000493 4251
0.000494 4250
0.000495 4250
0.000496 4251
0.000497 4251
0.000498 4251
0.000499 4251
0.0005 4250
0.000501 4248
0.000502 4248
0.000503 4250
0.000504 4249
0.000505 4250
0.000506 4248
0.000507 4248
0.000508 4248
0.000509 4249
0.00051 4249
0.000511 4249
0.000512 4249
0.000513 4249
0.000514 4251
0.000515 4250
0.000516 4249
0.000517 4249
0.000518 4250
0.000519 4250
0.00052 4250
0.000521 4251
0.000522 4251
0.000523 4249
0.000524 4250
0.000525 4250
0.000526 4251
0.000527 4249
0.000528 4251
0.000529 4251
0.00053 4251
0.000531 4249
0.000532 4248
0.000533 4249
0.000534 4251
0.000535 4250
0.000536 4250
0.000537 4250
0.000538 4251
0.000539 4253
0.00054 4253
0.000541 4253
0.000542 4252
0.000543 4252
0.000544 4253
0.000545 4255
0.000546 4254
0.000547 4255
0.000548 4255
0.000549 4254
0.00055 4254
0.000551 4254
0.000552 4255
0.000553 4254
0.000554 4254
0.000555 4254
0.000556 4255
0.000557 4253
0.000558 4252
0.000559 4252
0.00056 4253
0.000561 4254
0.000562 4253
0.000563 4253
0.000564 4253
0.000565 4255
0.000566 4253
0.000567 4254
0.000568 4254
0.000569 4255
0.00057 4255
0.000571 4255
0.000572 4255
0.000573 4254
0.000574 4252
0.000575 4254
0.000576 4254
0.000577 4255
0.000578 4254
0.000579 4254
0.00058 4254
0.000581 4253
0.000582 4253
0.000583 4253
0.000584 4255
0.000585 4256
0.000586 4257
0.000587 4259
0.000588 4259
0.000589 4258
0.00059 4257
0.000591 4257
0.000592 4258
0.000593 4259
0.000594 4259
0.000595 4260
0.000596 4261
0.000597 4261
0.000598 4261
0.000599 4262
0.0006 4262
0.000601 4262
0.000602 4262
0.000603 4262
0.000604 4261
0.000605 4260
0.000606 4260
0.000607 4260
0.000608 4259
0.000609 4258
0.00061 4258
0.000611 4258
0.000612 4257
0.000613 4258
0.000614 4259
0.000615 4259
0.000616 4259
0.000617 4260
0.000618 4260
0.000619 4260
0.00062 4260
0.000621 4259
0.000622 4259
0.000623 4259
0.000624 4259
0.000625 4259
0.000626 4257
0.000627 4257
0.000628 4256
0.000629 4256
0.00063 4257
0.000631 4257
0.000632 4255
0.000633 4256
0.000634 4254
0.000635 4254
0.000636 4254
0.000637 4252
0.000638 4253
0.000639 4252
0.00064 4252
0.000641 4252
0.000642 4251
0.000643 4251
0.000644 4251
0.000645 4250
0.000646 4249
0.000647 4249
0.000648 4249
0.000649 4249
0.00065 4249
0.000651 4249
0.000652 4250
0.000653 4250
0.000654 4251
0.000655 4252
0.000656 4252
0.000657 4252
0.000658 4251
0.000659 4252
0.00066 4252
0.000661 4252
0.000662 4252
0.000663 4252
0.000664 4253
0.000665 4253
0.000666 4253
0.000667 4253
0.000668 4253
0.000669 4253
0.00067 4252
0.000671 4254
0.000672 4254
0.000673 4254
0.000674 4254
0.000675 4254
0.000676 4255
0.000677 4254
0.000678 4254
0.000679 4253
0.00068 4253
0.000681 4255
0.000682 4256
0.000683 4257
0.000684 4258
0.000685 4258
0.000686 4258
0.000687 4258
0.000688 4257
0.000689 4257
0.00069 4257
0.000691 4256
0.000692 4256
0.000693 4255
0.000694 4255
0.000695 4255
0.000696 4255
0.000697 4255
0.000698 4254
0.000699 4253
0.0007 4253
0.000701 4253
0.000702 4254
0.000703 4254
0.000704 4255
0.000705 4255
0.000706 4255
0.000707 4256
0.000708 4256
0.000709 4256
0.00071 4256
0.000711 4256
0.000712 4257
0.000713 4257
0.000714 4258
0.000715 4258
0.000716 4258
0.000717 4258
0.000718 4259
0.000719 4259
0.00072 4258
0.000721 4260
0.000722 4260
0.000723 4260
0.000724 4261
0.000725 4259
0.000726 4259
0.000727 4259
0.000728 4259
0.000729 4260
0.00073 4259
0.000731 4259
0.000732 4259
0.000733 4258
0.000734 4258
0.000735 4258
0.000736 4258
0.000737 4258
0.000738 4258
0.000739 4256
0.00074 4255
0.000741 4255
0.000742 4255
0.000743 4254
0.000744 4254
0.000745 4254
0.000746 4254
0.000747 4253
0.000748 4253
0.000749 4252
0.00075 4252
0.000751 4252
0.000752 4252
0.000753 4252
0.000754 4251
0.000755 4251
0.000756 4252
0.000757 4252
0.000758 4252
0.000759 4252
0.00076 4252
0.000761 4252
0.000762 4253
0.000763 4251
0.000764 4251
0.000765 4251
0.000766 4251
0.000767 4252
0.000768 4252
0.000769 4252
0.00077 4252
0.000771 4251
0.000772 4252
0.000773 4253
0.000774 4252
0.000775 4252
0.000776 4250
0.000777 4249
0.000778 4249
0.000779 4248
0.00078 4248
0.000781 4248
0.000782 4248
0.000783 4247
0.000784 4247
0.000785 4245
0.000786 4245
0.000787 4245
0.000788 4245
0.000789 4245
0.00079 4246
0.000791 4245
0.000792 4245
0.000793 4245
0.000794 4245
0.000795 4245
0.000796 4246
0.000797 4246
0.000798 4246
0.000799 4246
0.0008 4247
0.000801 4247
0.000802 4248
0.000803 4248
0.000804 4248
0.000805 4247
0.000806 4248
0.000807 4248
0.000808 4248
0.000809 4249
0.00081 4249
0.000811 4248
0.000812 4248
0.000813 4248
0.000814 4248
0.000815 4248
0.000816 4248
0.000817 4248
0.000818 4248
0.000819 4248
0.00082 4248
0.000821 4249
0.000822 4249
0.000823 4249
0.000824 4249
0.000825 4249
0.000826 4249
0.000827 4250
0.000828 4250
0.000829 4250
0.00083 4250
0.000831 4249
0.000832 4249
0.000833 4251
0.000834 4253
0.000835 4253
0.000836 4253
0.000837 4253
0.000838 4254
0.000839 4253
0.00084 4253
0.000841 4252
0.000842 4253
0.000843 4253
0.000844 4253
0.000845 4253
0.000846 4253
0.000847 4253
0.000848 4253
0.000849 4253
0.00085 4253
0.000851 4253
0.000852 4253
0.000853 4253
0.000854 4254
0.000855 4254
0.000856 4253
0.000857 4253
0.000858 4253
0.000859 4253
0.00086 4253
0.000861 4253
0.000862 4252
0.000863 4253
0.000864 4253
0.000865 4253
0.000866 4252
0.000867 4253
0.000868 4252
0.000869 4251
0.00087 4252
0.000871 4253
0.000872 4253
0.000873 4255
0.000874 4255
0.000875 4254
0.000876 4254
0.000877 4254
0.000878 4254
0.000879 4254
0.00088 4254
0.000881 4255
0.000882 4254
0.000883 4255
0.000884 4254
0.000885 4254
0.000886 4255
0.000887 4255
0.000888 4255
0.000889 4254
0.00089 4253
0.000891 4254
0.000892 4254
0.000893 4254
0.000894 4254
0.000895 4254
0.000896 4254
0.000897 4253
0.000898 4252
0.000899 4253
0.0009 4253
0.000901 4253
0.000902 4253
0.000903 4253
0.000904 4253
0.000905 4253
0.000906 4253
0.000907 4252
0.000908 4252
0.000909 4252
0.00091 4252
0.000911 4253
0.000912 4253
0.000913 4252
0.000914 4252
0.000915 4252
0.000916 4252
0.000917 4252
0.000918 4252
0.000919 4253
0.00092 4253
0.000921 4253
0.000922 4253
0.000923 4254
0.000924 4253
0.000925 4253
0.000926 4253
0.000927 4253
0.000928 4253
0.000929 4253
0.00093 4253
0.000931 4253
0.000932 4253
0.000933 4253
0.000934 4254
0.000935 4254
0.000936 4253
0.000937 4253
0.000938 4255
0.000939 4255
0.00094 4255
0.000941 4255
0.000942 4255
0.000943 4254
0.000944 4253
0.000945 4252
0.000946 4251
0.000947 4251
0.000948 4250
0.000949 4250
0.00095 4251
0.000951 4251
0.000952 4252
0.000953 4252
0.000954 4253
0.000955 4252
0.000956 4252
0.000957 4252
0.000958 4252
0.000959 4250
0.00096 4250
0.000961 4250
0.000962 4250
0.000963 4250
0.000964 4250
0.000965 4250
0.000966 4250
0.000967 4249
0.000968 4250
0.000969 4250
0.00097 4252
0.000971 4252
0.000972 4252
0.000973 4252
0.000974 4252
0.000975 4252
0.000976 4252
0.000977 4252
0.000978 4252
0.000979 4252
0.00098 4252
0.000981 4253
0.000982 4253
0.000983 4252
0.000984 4252
0.000985 4252
0.000986 4252
0.000987 4253
0.000988 4253
0.000989 4254
0.00099 4255
0.000991 4255
0.000992 4254
0.000993 4253
0.000994 4252
0.000995 4252
0.000996 4253
0.000997 4253
0.000998 4253
0.000999 4253
0.001 4253
0.001001 4253
0.001002 4253
0.001003 4252
0.001004 4252
0.001005 4252
0.001006 4252
0.001007 4252
0.001008 4253
0.001009 4253
0.00101 4253
0.001011 4253
0.001012 4254
0.001013 4254
0.001014 4255
0.001015 4256
0.001016 4256
0.001017 4256
0.001018 4255
0.001019 4255
0.00102 4256
0.001021 4257
0.001022 4257
0.001023 4258
0.001024 4258
0.001025 4258
0.001026 4257
0.001027 4257
0.001028 4257
0.001029 4257
0.00103 4257
0.001031 4257
0.001032 4256
0.001033 4256
0.001034 4256
0.001035 4253
0.001036 4252
0.001037 4252
0.001038 4254
0.001039 4254
0.00104 4254
0.001041 4255
0.001042 4255
0.001043 4255
0.001044 4255
0.001045 4255
0.001046 4255
0.001047 4255
0.001048 4255
0.001049 4255
0.00105 4255
0.001051 4254
0.001052 4254
0.001053 4254
0.001054 4254
0.001055 4254
0.001056 4254
0.001057 4254
0.001058 4254
0.001059 4254
0.00106 4254
0.001061 4254
0.001062 4253
0.001063 4253
0.001064 4253
0.001065 4253
0.001066 4253
0.001067 4253
0.001068 4253
0.001069 4253
0.00107 4254
0.001071 4254
0.001072 4254
0.001073 4254
0.001074 4254
0.001075 4254
0.001076 4253
0.001077 4253
0.001078 4253
0.001079 4253
0.00108 4253
0.001081 4253
0.001082 4253
0.001083 4253
0.001084 4254
0.001085 4253
0.001086 4253
0.001087 4254
0.001088 4254
0.001089 4254
0.00109 4254
0.001091 4256
0.001092 4256
0.001093 4256
0.001094 4252
0.001095 4252
0.001096 4252
0.001097 4252
0.001098 4252
0.001099 4253
0.0011 4253
0.001101 4252
0.001102 4252
0.001103 4252
0.001104 4252
0.001105 4252
0.001106 4251
0.001107 4251
0.001108 4251
0.001109 4251
0.00111 4250
0.001111 4250
0.001112 4250
0.001113 4250
0.001114 4250
0.001115 4250
0.001116 4250
0.001117 4250
0.001118 4250
0.001119 4250
0.00112 4250
0.001121 4249
0.001122 4249
0.001123 4248
0.001124 4249
0.001125 4249
0.001126 4249
0.001127 4249
0.001128 4249
0.001129 4249
0.00113 4249
0.001131 4249
0.001132 4250
0.001133 4250
0.001134 4251
0.001135 4251
0.001136 4252
0.001137 4252
0.001138 4252
0.001139 4253
0.00114 4253
0.001141 4254
0.001142 4253
0.001143 4252
0.001144 4253
0.001145 4254
0.001146 4254
0.001147 4254
0.001148 4253
0.001149 4253
0.00115 4254
0.001151 4253
0.001152 4252
0.001153 4252
0.001154 4253
0.001155 4253
0.001156 4253
0.001157 4254
0.001158 4254
0.001159 4255
0.00116 4255
0.001161 4255
0.001162 4255
0.001163 4256
0.001164 4256
0.001165 4256
0.001166 4257
0.001167 4257
0.001168 4257
0.001169 4257
0.00117 4256
0.001171 4256
0.001172 4256
0.001173 4256
0.001174 4256
0.001175 4256
0.001176 4256
0.001177 4256
0.001178 4256
0.001179 4256
0.00118 4256
0.001181 4255
0.001182 4255
0.001183 4254
0.001184 4254
0.001185 4254
0.001186 4254
0.001187 4254
0.001188 4254
0.001189 4255
0.00119 4255
0.001191 4255
0.001192 4254
0.001193 4254
0.001194 4255
0.001195 4255
0.001196 4255
0.001197 4255
0.001198 4254
0.001199 4254
0.0012 4254
0.001201 4256
0.001202 4256
0.001203 4256
0.001204 4255
0.001205 4255
0.001206 4256
0.001207 4255
0.001208 4255
0.001209 4255
0.00121 4254
0.001211 4254
0.001212 4254
0.001213 4254
0.001214 4254
0.001215 4254
0.001216 4254
0.001217 4254
0.001218 4254
0.001219 4255
0.00122 4255
0.001221 4254
0.001222 4254
0.001223 4255
0.001224 4255
0.001225 4255
0.001226 4255
0.001227 4255
0.001228 4255
0.001229 4255
0.00123 4255
0.001231 4255
0.001232 4255
0.001233 4255
0.001234 4255
0.001235 4256
0.001236 4256
0.001237 4256
0.001238 4256
0.001239 4256
0.00124 4256
0.001241 4255
0.001242 4255
0.001243 4254
0.001244 4254
0.001245 4254
0.001246 4254
0.001247 4253
0.001248 4253
0.001249 4254
0.00125 4254
0.001251 4254
0.001252 4254
0.001253 4255
0.001254 4256
0.001255 4256
0.001256 4255
0.001257 4256
0.001258 4256
0.001259 4255
0.00126 4254
0.001261 4256
0.001262 4256
0.001263 4257
0.001264 4257
0.001265 4257
0.001266 4257
0.001267 4257
0.001268 4257
0.001269 4257
0.00127 4257
0.001271 4257
0.001272 4256
0.001273 4256
0.001274 4256
0.001275 4254
0.001276 4254
0.001277 4253
0.001278 4252
0.001279 4250
0.00128 4250
0.001281 4249
0.001282 4249
0.001283 4249
0.001284 4249
0.001285 4246
0.001286 4246
0.001287 4246
0.001288 4246
0.001289 4245
0.00129 4245
0.001291 4245
0.001292 4244
0.001293 4244
0.001294 4243
0.001295 4243
0.001296 4243
0.001297 4243
0.001298 4243
0.001299 4242
0.0013 4241
0.001301 4241
0.001302 4244
0.001303 4245
0.001304 4245
0.001305 4245
0.001306 4245
0.001307 4245
0.001308 4245
0.001309 4247
0.00131 4248
0.001311 4249
0.001312 4249
0.001313 4249
0.001314 4249
0.001315 4248
0.001316 4246
0.001317 4246
0.001318 4246
0.001319 4245
0.00132 4245
0.001321 4246
0.001322 4246
0.001323 4246
0.001324 4247
0.001325 4247
0.001326 4247
0.001327 4247
0.001328 4247
0.001329 4247
0.00133 4247
0.001331 4248
0.001332 4248
0.001333 4248
0.001334 4248
0.001335 4248
0.001336 4248
0.001337 4248
0.001338 4247
0.001339 4248
0.00134 4248
0.001341 4248
0.001342 4248
0.001343 4248
0.001344 4248
0.001345 4248
0.001346 4247
0.001347 4247
0.001348 4247
0.001349 4247
0.00135 4249
0.001351 4251
0.001352 4251
0.001353 4251
0.001354 4251
0.001355 4250
0.001356 4249
0.001357 4249
0.001358 4249
0.001359 4249
0.00136 4249
0.001361 4249
0.001362 4249
0.001363 4248
0.001364 4248
0.001365 4248
0.001366 4249
0.001367 4250
0.001368 4250
0.001369 4250
0.00137 4250
0.001371 4250
0.001372 4250
0.001373 4250
0.001374 4250
0.001375 4250
0.001376 4250
0.001377 4250
0.001378 4250
0.001379 4250
0.00138 4250
0.001381 4250
0.001382 4250
0.001383 4252
0.001384 4252
0.001385 4251
0.001386 4251
0.001387 4252
0.001388 4252
0.001389 4251
0.00139 4251
0.001391 4253
0.001392 4253
0.001393 4253
0.001394 4253
0.001395 4254
0.001396 4254
0.001397 4253
0.001398 4253
0.001399 4253
0.0014 4253
0.001401 4252
0.001402 4252
0.001403 4252
0.001404 4252
0.001405 4252
0.001406 4251
0.001407 4250
0.001408 4251
0.001409 4251
0.00141 4251
0.001411 4251
0.001412 4251
0.001413 4250
0.001414 4250
0.001415 4250
0.001416 4248
0.001417 4248
0.001418 4248
0.001419 4248
0.00142 4248
0.001421 4249
0.001422 4247
0.001423 4246
0.001424 4246
0.001425 4244
0.001426 4245
0.001427 4245
0.001428 4245
0.001429 4245
0.00143 4246
0.001431 4247
0.001432 4246
0.001433 4246
0.001434 4246
0.001435 4245
0.001436 4246
0.001437 4246
0.001438 4245
0.001439 4245
0.00144 4244
0.001441 4243
0.001442 4243
0.001443 4243
0.001444 4243
0.001445 4243
0.001446 4243
0.001447 4243
0.001448 4244
0.001449 4245
0.00145 4245
0.001451 4245
0.001452 4245
0.001453 4245
0.001454 4245
0.001455 4245
0.001456 4245
0.001457 4246
0.001458 4245
0.001459 4244
0.00146 4244
0.001461 4245
0.001462 4245
0.001463 4246
0.001464 4246
0.001465 4246
0.001466 4245
0.001467 4245
0.001468 4245
0.001469 4245
0.00147 4244
0.001471 4243
0.001472 4243
0.001473 4244
0.001474 4244
0.001475 4245
0.001476 4245
0.001477 4245
0.001478 4245
0.001479 4245
0.00148 4245
0.001481 4245
0.001482 4246
0.001483 4244
0.001484 4244
0.001485 4244
0.001486 4245
0.001487 4245
0.001488 4245
0.001489 4245
0.00149 4247
0.001491 4247
0.001492 4247
0.001493 4247
0.001494 4246
0.001495 4244
0.001496 4244
0.001497 4244
0.001498 4244
0.001499 4244
0.0015 4244
0.001501 4244
0.001502 4244
0.001503 4245
0.001504 4245
0.001505 4245
0.001506 4245
0.001507 4244
0.001508 4244
0.001509 4244
0.00151 4245
0.001511 4245
0.001512 4244
0.001513 4244
0.001514 4244
0.001515 4244
0.001516 4244
0.001517 4244
0.001518 4244
0.001519 4243
0.00152 4243
0.001521 4243
0.001522 4243
0.001523 4242
0.001524 4242
0.001525 4242
0.001526 4242
0.001527 4242
0.001528 4242
0.001529 4242
0.00153 4241
0.001531 4241
0.001532 4241
0.001533 4241
0.001534 4241
0.001535 4241
0.001536 4241
0.001537 4241
0.001538 4241
0.001539 4241
0.00154 4242
0.001541 4242
0.001542 4242
0.001543 4242
0.001544 4240
0.001545 4240
0.001546 4239
0.001547 4239
0.001548 4239
0.001549 4239
0.00155 4238
0.001551 4238
0.001552 4238
0.001553 4238
0.001554 4238
0.001555 4239
0.001556 4239
0.001557 4240
0.001558 4241
0.001559 4241
0.00156 4240
0.001561 4240
0.001562 4240
0.001563 4241
0.001564 4241
0.001565 4241
0.001566 4240
0.001567 4240
0.001568 4239
0.001569 4238
0.00157 4238
0.001571 4237
0.001572 4237
0.001573 4236
0.001574 4235
0.001575 4235
0.001576 4235
0.001577 4236
0.001578 4237
0.001579 4237
0.00158 4238
0.001581 4238
0.001582 4239
0.001583 4239
0.001584 4239
0.001585 4239
0.001586 4239
0.001587 4239
0.001588 4239
0.001589 4239
0.00159 4239
0.001591 4239
0.001592 4240
0.001593 4240
0.001594 4240
0.001595 4239
0.001596 4239
0.001597 4240
0.001598 4239
0.001599 4239
0.0016 4239
0.001601 4239
0.001602 4238
0.001603 4239
0.001604 4239
0.001605 4239
0.001606 4239
0.001607 4239
0.001608 4238
0.001609 4238
0.00161 4238
0.001611 4238
0.001612 4238
0.001613 4239
0.001614 4239
0.001615 4239
0.001616 4239
0.001617 4239
0.001618 4239
0.001619 4239
0.00162 4240
0.001621 4240
0.001622 4241
0.001623 4241
0.001624 4241
0.001625 4242
0.001626 4241
0.001627 4242
0.001628 4242
0.001629 4243
0.00163 4243
0.001631 4242
0.001632 4242
0.001633 4241
0.001634 4241
0.001635 4241
0.001636 4241
0.001637 4242
0.001638 4242
0.001639 4242
0.00164 4242
0.001641 4242
0.001642 4242
0.001643 4242
0.001644 4242
0.001645 4243
0.001646 4243
0.001647 4243
0.001648 4242
0.001649 4243
0.00165 4244
0.001651 4243
0.001652 4244
0.001653 4244
0.001654 4244
0.001655 4245
0.001656 4245
0.001657 4246
0.001658 4246
0.001659 4246
0.00166 4246
0.001661 4246
0.001662 4246
0.001663 4246
0.001664 4246
0.001665 4246
0.001666 4245
0.001667 4245
0.001668 4245
0.001669 4246
0.00167 4246
0.001671 4246
0.001672 4245
0.001673 4244
0.001674 4244
0.001675 4244
0.001676 4243
0.001677 4243
0.001678 4244
0.001679 4242
0.00168 4242
0.001681 4243
0.001682 4243
0.001683 4243
0.001684 4243
0.001685 4243
0.001686 4243
0.001687 4242
0.001688 4242
0.001689 4242
0.00169 4242
0.001691 4242
0.001692 4240
0.001693 4240
0.001694 4240
0.001695 4240
0.001696 4240
0.001697 4239
0.001698 4240
0.001699 4240
0.0017 4241
0.001701 4240
0.001702 4241
0.001703 4241
0.001704 4241
0.001705 4241
0.001706 4241
0.001707 4241
0.001708 4241
0.001709 4242
0.00171 4242
0.001711 4242
0.001712 4241
0.001713 4241
0.001714 4242
0.001715 4242
0.001716 4242
0.001717 4241
0.001718 4241
0.001719 4241
0.00172 4241
0.001721 4242
0.001722 4242
0.001723 4241
0.001724 4240
0.001725 4240
0.001726 4240
0.001727 4240
0.001728 4240
0.001729 4240
0.00173 4240
0.001731 4240
0.001732 4240
0.001733 4241
0.001734 4240
0.001735 4239
0.001736 4239
0.001737 4239
0.001738 4239
0.001739 4239
0.00174 4240
0.001741 4239
0.001742 4238
0.001743 4238
0.001744 4238
0.001745 4238
0.001746 4238
0.001747 4240
0.001748 4240
0.001749 4243
0.00175 4243
0.001751 4242
0.001752 4242
0.001753 4242
0.001754 4241
0.001755 4241
0.001756 4239
0.001757 4239
0.001758 4239
0.001759 4239
0.00176 4240
0.001761 4241
0.001762 4240
0.001763 4240
0.001764 4239
0.001765 4239
0.001766 4238
0.001767 4238
0.001768 4238
0.001769 4236
0.00177 4237
0.001771 4236
0.001772 4237
0.001773 4237
0.001774 4238
0.001775 4238
0.001776 4238
0.001777 4238
0.001778 4239
0.001779 4237
0.00178 4236
0.001781 4236
0.001782 4236
0.001783 4236
0.001784 4235
0.001785 4235
0.001786 4235
0.001787 4236
0.001788 4236
0.001789 4236
0.00179 4237
0.001791 4237
0.001792 4237
0.001793 4236
0.001794 4237
0.001795 4236
0.001796 4237
0.001797 4237
0.001798 4237
0.001799 4237
0.0018 4237
0.001801 4237
0.001802 4237
0.001803 4237
0.001804 4236
0.001805 4236
0.001806 4237
0.001807 4237
0.001808 4237
0.001809 4237
0.00181 4237
0.001811 4237
0.001812 4237
0.001813 4236
0.001814 4236
0.001815 4236
0.001816 4235
0.001817 4234
0.001818 4234
0.001819 4235
0.00182 4235
0.001821 4236
0.001822 4236
0.001823 4237
0.001824 4237
0.001825 4237
0.001826 4237
0.001827 4238
0.001828 4238
0.001829 4236
0.00183 4236
0.001831 4236
0.001832 4236
0.001833 4236
0.001834 4235
0.001835 4235
0.001836 4235
0.001837 4236
0.001838 4237
0.001839 4237
0.00184 4237
0.001841 4236
0.001842 4236
0.001843 4236
0.001844 4236
0.001845 4236
0.001846 4236
0.001847 4236
0.001848 4236
0.001849 4236
0.00185 4236
0.001851 4236
0.001852 4236
0.001853 4236
0.001854 4236
0.001855 4236
0.001856 4236
0.001857 4235
0.001858 4233
0.001859 4234
0.00186 4234
0.001861 4234
0.001862 4236
0.001863 4237
0.001864 4237
0.001865 4236
0.001866 4236
0.001867 4237
0.001868 4237
0.001869 4237
0.00187 4236
0.001871 4236
0.001872 4237
0.001873 4237
0.001874 4237
0.001875 4237
0.001876 4237
0.001877 4236
0.001878 4236
0.001879 4235
0.00188 4235
0.001881 4235
0.001882 4235
0.001883 4235
0.001884 4235
0.001885 4236
0.001886 4236
0.001887 4236
0.001888 4235
0.001889 4235
0.00189 4234
0.001891 4233
0.001892 4232
0.001893 4231
0.001894 4231
0.001895 4231
0.001896 4231
0.001897 4231
0.001898 4229
0.001899 4229
0.0019 4229
0.001901 4229
0.001902 4229
0.001903 4229
0.001904 4229
0.001905 4229
0.001906 4229
0.001907 4230
0.001908 4230
0.001909 4230
0.00191 4230
0.001911 4231
0.001912 4231
0.001913 4230
0.001914 4230
0.001915 4230
0.001916 4229
0.001917 4229
0.001918 4229
0.001919 4230
0.00192 4230
0.001921 4230
0.001922 4230
0.001923 4230
0.001924 4230
0.001925 4231
0.001926 4232
0.001927 4231
0.001928 4230
0.001929 4229
0.00193 4230
0.001931 4230
0.001932 4230
0.001933 4230
0.001934 4230
0.001935 4230
0.001936 4230
0.001937 4230
0.001938 4230
0.001939 4231
0.00194 4231
0.001941 4231
0.001942 4231
0.001943 4231
0.001944 4231
0.001945 4229
0.001946 4229
0.001947 4229
0.001948 4229
0.001949 4229
0.00195 4229
0.001951 4228
0.001952 4227
0.001953 4227
0.001954 4227
0.001955 4227
0.001956 4227
0.001957 4226
0.001958 4226
0.001959 4226
0.00196 4226
0.001961 4226
0.001962 4226
0.001963 4226
0.001964 4226
0.001965 4226
0.001966 4227
0.001967 4226
0.001968 4226
0.001969 4226
0.00197 4226
0.001971 4226
0.001972 4225
0.001973 4225
0.001974 4225
0.001975 4224
0.001976 4225
0.001977 4223
0.001978 4223
0.001979 4223
0.00198 4223
0.001981 4226
0.001982 4226
0.001983 4225
0.001984 4226
0.001985 4226
0.001986 4226
0.001987 4226
0.001988 4225
0.001989 4225
0.00199 4226
0.001991 4225
0.001992 4225
0.001993 4225
0.001994 4225
0.001995 4225
0.001996 4225
0.001997 4223
0.001998 4223
0.001999 4223
0.002 4223
0.002001 4223
0.002002 4223
0.002003 4223
0.002004 4223
0.002005 4223
0.002006 4223
0.002007 4223
0.002008 4223
0.002009 4223
0.00201 4223
0.002011 4223
0.002012 4222
0.002013 4222
0.002014 4222
0.002015 4224
0.002016 4224
0.002017 4224
0.002018 4224
0.002019 4223
0.00202 4222
0.002021 4222
0.002022 4221
0.002023 4221
0.002024 4221
0.002025 4221
0.002026 4221
0.002027 4221
0.002028 4221
0.002029 4221
0.00203 4220
0.002031 4220
0.002032 4220
0.002033 4218
0.002034 4218
0.002035 4217
0.002036 4217
0.002037 4216
0.002038 4216
0.002039 4216
0.00204 4216
0.002041 4216
0.002042 4216
0.002043 4216
0.002044 4216
0.002045 4216
0.002046 4214
0.002047 4214
0.002048 4214
0.002049 4215
0.00205 4215
0.002051 4215
0.002052 4215
0.002053 4215
0.002054 4215
0.002055 4215
0.002056 4215
0.002057 4215
0.002058 4216
0.002059 4215
0.00206 4215
0.002061 4214
0.002062 4213
0.002063 4213
0.002064 4213
0.002065 4214
0.002066 4214
0.002067 4214
0.002068 4214
0.002069 4214
0.00207 4214
0.002071 4213
0.002072 4213
0.002073 4213
0.002074 4213
0.002075 4213
0.002076 4213
0.002077 4212
0.002078 4212
0.002079 4212
0.00208 4212
0.002081 4213
0.002082 4214
0.002083 4214
0.002084 4214
0.002085 4213
0.002086 4213
0.002087 4212
0.002088 4212
0.002089 4212
0.00209 4212
0.002091 4213
0.002092 4213
0.002093 4213
0.002094 4213
0.002095 4213
0.002096 4215
0.002097 4215
0.002098 4214
0.002099 4214
0.0021 4214
0.002101 4214
0.002102 4214
0.002103 4214
0.002104 4214
0.002105 4214
0.002106 4215
0.002107 4215
0.002108 4216
0.002109 4216
0.00211 4215
0.002111 4215
0.002112 4215
0.002113 4216
0.002114 4216
0.002115 4217
0.002116 4217
0.002117 4217
0.002118 4218
0.002119 4218
0.00212 4218
0.002121 4218
0.002122 4216
0.002123 4216
0.002124 4217
0.002125 4217
0.002126 4217
0.002127 4217
0.002128 4217
0.002129 4218
0.00213 4218
0.002131 4220
0.002132 4220
0.002133 4220
0.002134 4220
0.002135 4220
0.002136 4220
0.002137 4219
0.002138 4219
0.002139 4219
0.00214 4219
0.002141 4220
0.002142 4220
0.002143 4220
0.002144 4220
0.002145 4220
0.002146 4221
0.002147 4222
0.002148 4222
0.002149 4223
0.00215 4222
0.002151 4221
0.002152 4221
0.002153 4220
0.002154 4223
0.002155 4222
0.002156 4222
0.002157 4222
0.002158 4222
0.002159 4222
0.00216 4222
0.002161 4222
0.002162 4222
0.002163 4222
0.002164 4222
0.002165 4222
0.002166 4222
0.002167 4222
0.002168 4222
0.002169 4223
0.00217 4223
0.002171 4223
0.002172 4224
0.002173 4223
0.002174 4223
0.002175 4224
0.002176 4224
0.002177 4224
0.002178 4224
0.002179 4224
0.00218 4225
0.002181 4225
0.002182 4225
0.002183 4225
0.002184 4226
0.002185 4226
0.002186 4226
0.002187 4226
0.002188 4226
0.002189 4227
0.00219 4227
0.002191 4227
0.002192 4227
0.002193 4228
0.002194 4228
0.002195 4229
0.002196 4230
0.002197 4229
0.002198 4229
0.002199 4228
0.0022 4228
0.002201 4228
0.002202 4228
0.002203 4228
0.002204 4227
0.002205 4227
0.002206 4226
0.002207 4226
0.002208 4226
0.002209 4226
0.00221 4226
0.002211 4226
0.002212 4226
0.002213 4226
0.002214 4226
0.002215 4226
0.002216 4227
0.002217 4226
0.002218 4225
0.002219 4224
0.00222 4224
0.002221 4225
0.002222 4225
0.002223 4225
0.002224 4225
0.002225 4225
0.002226 4225
0.002227 4225
0.002228 4226
0.002229 4227
0.00223 4227
0.002231 4226
0.002232 4225
0.002233 4225
0.002234 4226
0.002235 4226
0.002236 4227
0.002237 4227
0.002238 4226
0.002239 4225
0.00224 4225
0.002241 4225
0.002242 4225
0.002243 4225
0.002244 4225
0.002245 4225
0.002246 4227
0.002247 4227
0.002248 4227
0.002249 4227
0.00225 4228
0.002251 4228
0.002252 4229
0.002253 4229
0.002254 4228
0.002255 4227
0.002256 4227
0.002257 4227
0.002258 4227
0.002259 4227
0.00226 4227
0.002261 4225
0.002262 4224
0.002263 4225
0.002264 4225
0.002265 4224
0.002266 4225
0.002267 4225
0.002268 4225
0.002269 4225
0.00227 4225
0.002271 4223
0.002272 4222
0.002273 4221
0.002274 4221
0.002275 4221
0.002276 4221
0.002277 4221
0.002278 4222
0.002279 4222
0.00228 4222
0.002281 4222
0.002282 4223
0.002283 4224
0.002284 4224
0.002285 4224
0.002286 4224
0.002287 4225
0.002288 4225
0.002289 4225
0.00229 4225
0.002291 4225
0.002292 4225
0.002293 4224
0.002294 4225
0.002295 4224
0.002296 4223
0.002297 4222
0.002298 4222
0.002299 4222
0.0023 4222
0.002301 4222
0.002302 4224
0.002303 4224
0.002304 4224
0.002305 4222
0.002306 4223
0.002307 4223
0.002308 4223
0.002309 4222
0.00231 4222
0.002311 4222
0.002312 4221
0.002313 4221
0.002314 4221
0.002315 4221
0.002316 4221
0.002317 4220
0.002318 4221
0.002319 4221
0.00232 4221
0.002321 4220
0.002322 4220
0.002323 4220
0.002324 4220
0.002325 4222
0.002326 4221
0.002327 4221
0.002328 4221
0.002329 4220
0.00233 4220
0.002331 4219
0.002332 4220
0.002333 4220
0.002334 4220
0.002335 4220
0.002336 4220
0.002337 4220
0.002338 4220
0.002339 4220
0.00234 4220
0.002341 4220
0.002342 4220
0.002343 4220
0.002344 4221
0.002345 4220
0.002346 4219
0.002347 4219
0.002348 4219
0.002349 4220
0.00235 4220
0.002351 4220
0.002352 4220
0.002353 4221
0.002354 4220
0.002355 4219
0.002356 4219
0.002357 4218
0.002358 4219
0.002359 4218
0.00236 4218
0.002361 4218
0.002362 4218
0.002363 4219
0.002364 4221
0.002365 4221
0.002366 4223
0.002367 4223
0.002368 4222
0.002369 4222
0.00237 4222
0.002371 4222
0.002372 4223
0.002373 4223
0.002374 4223
0.002375 4223
0.002376 4223
0.002377 4223
0.002378 4223
0.002379 4223
0.00238 4223
0.002381 4223
0.002382 4223
0.002383 4223
0.002384 4223
0.002385 4223
0.002386 4223
0.002387 4223
0.002388 4223
0.002389 4223
0.00239 4223
0.002391 4222
0.002392 4224
0.002393 4224
0.002394 4224
0.002395 4223
0.002396 4223
0.002397 4224
0.002398 4223
0.002399 4223
0.0024 4223
0.002401 4223
0.002402 4222
0.002403 4222
0.002404 4222
0.002405 4222
0.002406 4222
0.002407 4223
0.002408 4222
0.002409 4222
0.00241 4222
0.002411 4222
0.002412 4222
0.002413 4223
0.002414 4223
0.002415 4222
0.002416 4222
0.002417 4223
0.002418 4223
0.002419 4223
0.00242 4223
0.002421 4222
0.002422 4222
0.002423 4221
0.002424 4222
0.002425 4222
0.002426 4222
0.002427 4222
0.002428 4222
0.002429 4222
0.00243 4222
0.002431 4223
0.002432 4223
0.002433 4223
0.002434 4221
0.002435 4220
0.002436 4220
0.002437 4219
0.002438 4219
0.002439 4219
0.00244 4219
0.002441 4219
0.002442 4219
0.002443 4218
0.002444 4217
0.002445 4218
0.002446 4218
0.002447 4218
0.002448 4217
0.002449 4217
0.00245 4217
0.002451 4217
0.002452 4217
0.002453 4216
0.002454 4216
0.002455 4216
0.002456 4215
0.002457 4215
0.002458 4214
0.002459 4213
0.00246 4215
0.002461 4215
0.002462 4215
0.002463 4215
0.002464 4215
0.002465 4215
0.002466 4215
0.002467 4215
0.002468 4215
0.002469 4215
0.00247 4216
0.002471 4216
0.002472 4217
0.002473 4217
0.002474 4216
0.002475 4217
0.002476 4217
0.002477 4218
0.002478 4218
0.002479 4218
0.00248 4219
0.002481 4218
0.002482 4220
0.002483 4220
0.002484 4220
0.002485 4220
0.002486 4220
0.002487 4219
0.002488 4219
0.002489 4219
0.00249 4219
0.002491 4219
0.002492 4220
0.002493 4220
0.002494 4220
0.002495 4219
0.002496 4218
0.002497 4217
0.002498 4217
0.002499 4219
0.0025 4220
0.002501 4221
0.002502 4221
0.002503 4221
0.002504 4221
0.002505 4221
0.002506 4223
0.002507 4223
0.002508 4223
0.002509 4223
0.00251 4223
0.002511 4223
0.002512 4223
0.002513 4223
0.002514 4223
0.002515 4223
0.002516 4223
0.002517 4222
0.002518 4222
0.002519 4221
0.00252 4222
0.002521 4222
0.002522 4222
0.002523 4222
0.002524 4222
0.002525 4222
0.002526 4223
0.002527 4223
0.002528 4224
0.002529 4224
0.00253 4224
0.002531 4225
0.002532 4225
0.002533 4225
0.002534 4225
0.002535 4225
0.002536 4225
0.002537 4225
0.002538 4225
0.002539 4224
0.00254 4224
0.002541 4224
0.002542 4225
0.002543 4224
0.002544 4224
0.002545 4224
0.002546 4224
0.002547 4224
0.002548 4224
0.002549 4222
0.00255 4221
0.002551 4220
0.002552 4220
0.002553 4220
0.002554 4220
0.002555 4220
0.002556 4221
0.002557 4219
0.002558 4219
0.002559 4218
0.00256 4217
0.002561 4217
0.002562 4218
0.002563 4218
0.002564 4218
0.002565 4218
0.002566 4218
0.002567 4218
0.002568 4217
0.002569 4216
0.00257 4215
0.002571 4215
0.002572 4215
0.002573 4215
0.002574 4214
0.002575 4213
0.002576 4213
0.002577 4212
0.002578 4212
0.002579 4212
0.00258 4213
0.002581 4213
0.002582 4214
0.002583 4215
0.002584 4216
0.002585 4216
0.002586 4216
0.002587 4215
0.002588 4215
0.002589 4214
0.00259 4214
0.002591 4213
0.002592 4213
0.002593 4213
0.002594 4213
0.002595 4215
0.002596 4216
0.002597 4216
0.002598 4217
0.002599 4216
0.0026 4215
0.002601 4215
0.002602 4215
0.002603 4214
0.002604 4214
0.002605 4214
0.002606 4215
0.002607 4215
0.002608 4215
0.002609 4216
0.00261 4217
0.002611 4217
0.002612 4217
0.002613 4217
0.002614 4218
0.002615 4219
0.002616 4220
0.002617 4219
0.002618 4222
0.002619 4223
0.00262 4225
0.002621 4225
0.002622 4226
0.002623 4227
0.002624 4226
0.002625 4227
0.002626 4226
0.002627 4226
0.002628 4225
0.002629 4225
0.00263 4225
0.002631 4226
0.002632 4226
0.002633 4225
0.002634 4225
0.002635 4225
0.002636 4224
0.002637 4224
0.002638 4224
0.002639 4224
0.00264 4224
0.002641 4225
0.002642 4225
0.002643 4224
0.002644 4224
0.002645 4224
0.002646 4225
0.002647 4226
0.002648 4226
0.002649 4226
0.00265 4227
0.002651 4227
0.002652 4228
0.002653 4228
0.002654 4227
0.002655 4226
0.002656 4227
0.002657 4227
0.002658 4227
0.002659 4227
0.00266 4227
0.002661 4227
0.002662 4228
0.002663 4230
0.002664 4230
0.002665 4230
0.002666 4229
0.002667 4229
0.002668 4228
0.002669 4228
0.00267 4228
0.002671 4228
0.002672 4229
0.002673 4229
0.002674 4228
0.002675 4228
0.002676 4229
0.002677 4229
0.002678 4229
0.002679 4229
0.00268 4228
0.002681 4227
0.002682 4227
0.002683 4227
0.002684 4227
0.002685 4227
0.002686 4228
0.002687 4228
0.002688 4228
0.002689 4228
0.00269 4228
0.002691 4228
0.002692 4228
0.002693 4228
0.002694 4228
0.002695 4228
0.002696 4229
0.002697 4228
0.002698 4228
0.002699 4227
0.0027 4227
0.002701 4228
0.002702 4228
0.002703 4228
0.002704 4228
0.002705 4228
0.002706 4228
0.002707 4228
0.002708 4229
0.002709 4229
0.00271 4229
0.002711 4230
0.002712 4229
0.002713 4229
0.002714 4229
0.002715 4231
0.002716 4231
0.002717 4231
0.002718 4231
0.002719 4231
0.00272 4232
0.002721 4232
0.002722 4232
0.002723 4232
0.002724 4232
0.002725 4233
0.002726 4233
0.002727 4231
0.002728 4231
0.002729 4231
0.00273 4231
0.002731 4231
0.002732 4232
0.002733 4232
0.002734 4232
0.002735 4232
0.002736 4232
0.002737 4231
0.002738 4231
0.002739 4231
0.00274 4231
0.002741 4231
0.002742 4230
0.002743 4230
0.002744 4229
0.002745 4229
0.002746 4229
0.002747 4230
0.002748 4229
0.002749 4229
0.00275 4229
0.002751 4229
0.002752 4229
0.002753 4230
0.002754 4230
0.002755 4230
0.002756 4229
0.002757 4229
0.002758 4228
0.002759 4229
0.00276 4229
0.002761 4229
0.002762 4229
0.002763 4229
0.002764 4228
0.002765 4228
0.002766 4228
0.002767 4228
0.002768 4228
0.002769 4228
0.00277 4228
0.002771 4228
0.002772 4228
0.002773 4228
0.002774 4228
0.002775 4228
0.002776 4228
0.002777 4227
0.002778 4227
0.002779 4226
0.00278 4226
0.002781 4226
0.002782 4226
0.002783 4225
0.002784 4224
0.002785 4224
0.002786 4223
0.002787 4223
0.002788 4223
0.002789 4222
0.00279 4221
0.002791 4221
0.002792 4221
0.002793 4221
0.002794 4221
0.002795 4221
0.002796 4222
0.002797 4223
0.002798 4223
0.002799 4223
0.0028 4224
0.002801 4224
0.002802 4224
0.002803 4224
0.002804 4224
0.002805 4224
0.002806 4223
0.002807 4222
0.002808 4222
0.002809 4222
0.00281 4223
0.002811 4224
0.002812 4224
0.002813 4224
0.002814 4224
0.002815 4224
0.002816 4224
0.002817 4224
0.002818 4224
0.002819 4226
0.00282 4227
0.002821 4226
0.002822 4226
0.002823 4226
0.002824 4226
0.002825 4226
0.002826 4226
0.002827 4225
0.002828 4225
0.002829 4225
0.00283 4225
0.002831 4225
0.002832 4225
0.002833 4225
0.002834 4225
0.002835 4225
0.002836 4225
0.002837 4226
0.002838 4226
0.002839 4226
0.00284 4226
0.002841 4226
0.002842 4226
0.002843 4227
0.002844 4227
0.002845 4228
0.002846 4228
0.002847 4228
0.002848 4228
0.002849 4228
0.00285 4228
0.002851 4227
0.002852 4226
0.002853 4226
0.002854 4224
0.002855 4224
0.002856 4224
0.002857 4224
0.002858 4224
0.002859 4223
0.00286 4223
0.002861 4222
0.002862 4222
0.002863 4223
0.002864 4224
0.002865 4222
0.002866 4222
0.002867 4222
0.002868 4222
0.002869 4222
0.00287 4222
0.002871 4222
0.002872 4222
0.002873 4223
0.002874 4223
0.002875 4223
0.002876 4223
0.002877 4225
0.002878 4226
0.002879 4226
0.00288 4227
0.002881 4227
0.002882 4227
0.002883 4226
0.002884 4226
0.002885 4226
0.002886 4226
0.002887 4226
0.002888 4226
0.002889 4226
0.00289 4225
0.002891 4226
0.002892 4226
0.002893 4226
0.002894 4225
0.002895 4226
0.002896 4226
0.002897 4226
0.002898 4226
0.002899 4228
0.0029 4228
0.002901 4227
0.002902 4226
0.002903 4226
0.002904 4225
0.002905 4225
0.002906 4227
0.002907 4227
0.002908 4228
0.002909 4228
0.00291 4228
0.002911 4228
0.002912 4228
0.002913 4228
0.002914 4229
0.002915 4229
0.002916 4230
0.002917 4230
0.002918 4230
0.002919 4230
0.00292 4230
0.002921 4230
0.002922 4229
0.002923 4228
0.002924 4228
0.002925 4228
0.002926 4229
0.002927 4230
0.002928 4230
0.002929 4231
0.00293 4231
0.002931 4231
0.002932 4231
0.002933 4232
0.002934 4232
0.002935 4232
0.002936 4234
0.002937 4234
0.002938 4233
0.002939 4236
0.00294 4235
0.002941 4234
0.002942 4234
0.002943 4234
0.002944 4234
0.002945 4234
0.002946 4234
0.002947 4233
0.002948 4233
0.002949 4233
0.00295 4233
0.002951 4232
0.002952 4233
0.002953 4231
0.002954 4233
0.002955 4233
0.002956 4233
0.002957 4232
0.002958 4232
0.002959 4232
0.00296 4233
0.002961 4233
0.002962 4234
0.002963 4235
0.002964 4235
0.002965 4235
0.002966 4236
0.002967 4237
0.002968 4239
0.002969 4239
0.00297 4239
0.002971 4239
0.002972 4239
0.002973 4239
0.002974 4239
0.002975 4239
0.002976 4240
0.002977 4240
0.002978 4240
0.002979 4240
0.00298 4240
0.002981 4239
0.002982 4239
0.002983 4239
0.002984 4238
0.002985 4237
0.002986 4237
0.002987 4238
0.002988 4239
0.002989 4239
0.00299 4241
0.002991 4241
0.002992 4241
0.002993 4241
0.002994 4241
0.002995 4240
0.002996 4241
0.002997 4240
0.002998 4241
0.002999 4240
0.003 4241
0.003001 4240
0.003002 4240
0.003003 4239
0.003004 4239
0.003005 4238
0.003006 4238
0.003007 4238
0.003008 4237
0.003009 4237
0.00301 4238
0.003011 4238
0.003012 4239
0.003013 4239
0.003014 4239
0.003015 4238
0.003016 4238
0.003017 4239
0.003018 4239
0.003019 4239
0.00302 4239
0.003021 4239
0.003022 4239
0.003023 4239
0.003024 4238
0.003025 4238
0.003026 4238
0.003027 4238
0.003028 4240
0.003029 4241
0.00303 4242
0.003031 4241
0.003032 4241
0.003033 4241
0.003034 4241
0.003035 4241
0.003036 4241
0.003037 4240
0.003038 4240
0.003039 4240
0.00304 4241
0.003041 4240
0.003042 4240
0.003043 4241
0.003044 4241
0.003045 4240
0.003046 4239
0.003047 4239
0.003048 4238
0.003049 4238
0.00305 4238
0.003051 4238
0.003052 4236
0.003053 4236
0.003054 4236
0.003055 4236
0.003056 4236
0.003057 4236
0.003058 4235
0.003059 4234
0.00306 4234
0.003061 4234
0.003062 4234
0.003063 4234
0.003064 4234
0.003065 4234
0.003066 4234
0.003067 4235
0.003068 4236
0.003069 4236
0.00307 4236
0.003071 4236
0.003072 4236
0.003073 4235
0.003074 4235
0.003075 4234
0.003076 4235
0.003077 4234
0.003078 4234
0.003079 4234
0.00308 4234
0.003081 4234
0.003082 4235
0.003083 4236
0.003084 4237
0.003085 4236
0.003086 4236
0.003087 4236
0.003088 4236
0.003089 4236
0.00309 4237
0.003091 4237
0.003092 4237
0.003093 4236
0.003094 4236
0.003095 4236
0.003096 4236
0.003097 4236
0.003098 4236
0.003099 4236
0.0031 4236
0.003101 4236
0.003102 4235
0.003103 4237
0.003104 4237
0.003105 4236
0.003106 4236
0.003107 4236
0.003108 4237
0.003109 4237
0.00311 4237
0.003111 4237
0.003112 4237
0.003113 4237
0.003114 4237
0.003115 4236
0.003116 4235
0.003117 4236
0.003118 4236
0.003119 4236
0.00312 4236
0.003121 4236
0.003122 4236
0.003123 4236
0.003124 4236
0.003125 4236
0.003126 4236
0.003127 4236
0.003128 4235
0.003129 4234
0.00313 4234
0.003131 4234
0.003132 4233
0.003133 4233
0.003134 4233
0.003135 4233
0.003136 4233
0.003137 4233
0.003138 4232
0.003139 4234
0.00314 4234
0.003141 4234
0.003142 4236
0.003143 4237
0.003144 4237
0.003145 4235
0.003146 4234
0.003147 4235
0.003148 4235
0.003149 4234
0.00315 4233
0.003151 4234
0.003152 4233
0.003153 4231
0.003154 4231
0.003155 4231
0.003156 4231
0.003157 4229
0.003158 4229
0.003159 4229
0.00316 4229
0.003161 4230
0.003162 4232
0.003163 4231
0.003164 4231
0.003165 4231
0.003166 4231
0.003167 4232
0.003168 4232
0.003169 4232
0.00317 4233
0.003171 4233
0.003172 4233
0.003173 4233
0.003174 4234
0.003175 4234
0.003176 4234
0.003177 4234
0.003178 4234
0.003179 4233
0.00318 4233
0.003181 4233
0.003182 4233
0.003183 4233
0.003184 4234
0.003185 4234
0.003186 4234
0.003187 4234
0.003188 4234
0.003189 4234
0.00319 4234
0.003191 4234
0.003192 4234
0.003193 4235
0.003194 4235
0.003195 4235
0.003196 4236
0.003197 4236
0.003198 4236
0.003199 4236
0.0032 4235
0.003201 4235
0.003202 4234
0.003203 4235
0.003204 4235
0.003205 4235
0.003206 4235
0.003207 4235
0.003208 4235
0.003209 4235
0.00321 4234
0.003211 4233
0.003212 4233
0.003213 4233
0.003214 4233
0.003215 4232
0.003216 4232
0.003217 4232
0.003218 4231
0.003219 4230
0.00322 4230
0.003221 4230
0.003222 4230
0.003223 4230
0.003224 4229
0.003225 4229
0.003226 4229
0.003227 4229
0.003228 4229
0.003229 4229
0.00323 4228
0.003231 4228
0.003232 4227
0.003233 4228
0.003234 4228
0.003235 4228
0.003236 4229
0.003237 4229
0.003238 4229
0.003239 4231
0.00324 4231
0.003241 4230
0.003242 4230
0.003243 4230
0.003244 4230
0.003245 4230
0.003246 4230
0.003247 4230
0.003248 4230
0.003249 4231
0.00325 4232
0.003251 4232
0.003252 4232
0.003253 4230
0.003254 4231
0.003255 4232
0.003256 4232
0.003257 4232
0.003258 4232
0.003259 4232
0.00326 4232
0.003261 4232
0.003262 4232
0.003263 4232
0.003264 4231
0.003265 4231
0.003266 4231
0.003267 4231
0.003268 4233
0.003269 4234
0.00327 4232
0.003271 4231
0.003272 4231
0.003273 4230
0.003274 4230
0.003275 4229
0.003276 4230
0.003277 4230
0.003278 4230
0.003279 4230
0.00328 4230
0.003281 4231
0.003282 4233
0.003283 4234
0.003284 4234
0.003285 4234
0.003286 4234
0.003287 4234
0.003288 4235
0.003289 4235
0.00329 4236
0.003291 4236
0.003292 4236
0.003293 4237
0.003294 4236
0.003295 4236
0.003296 4236
0.003297 4236
0.003298 4236
0.003299 4236
0.0033 4236
0.003301 4235
0.003302 4235
0.003303 4234
0.003304 4234
0.003305 4234
0.003306 4234
0.003307 4234
0.003308 4234
0.003309 4234
0.00331 4233
0.003311 4233
0.003312 4236
0.003313 4236
0.003314 4236
0.003315 4236
0.003316 4236
0.003317 4236
0.003318 4238
0.003319 4238
0.00332 4238
0.003321 4238
0.003322 4238
0.003323 4238
0.003324 4238
0.003325 4236
0.003326 4237
0.003327 4237
0.003328 4237
0.003329 4237
0.00333 4237
0.003331 4236
0.003332 4236
0.003333 4237
0.003334 4236
0.003335 4236
0.003336 4236
0.003337 4236
0.003338 4236
0.003339 4237
0.00334 4237
0.003341 4239
0.003342 4239
0.003343 4239
0.003344 4239
0.003345 4239
0.003346 4239
0.003347 4238
0.003348 4239
0.003349 4239
0.00335 4239
0.003351 4239
0.003352 4239
0.003353 4239
0.003354 4239
0.003355 4239
0.003356 4239
0.003357 4239
0.003358 4238
0.003359 4237
0.00336 4237
0.003361 4238
0.003362 4238
0.003363 4237
0.003364 4237
0.003365 4237
0.003366 4237
0.003367 4237
0.003368 4237
0.003369 4237
0.00337 4237
0.003371 4237
0.003372 4237
0.003373 4237
0.003374 4237
0.003375 4237
0.003376 4237
0.003377 4236
0.003378 4236
0.003379 4237
0.00338 4236
0.003381 4236
0.003382 4237
0.003383 4237
0.003384 4237
0.003385 4237
0.003386 4238
0.003387 4238
0.003388 4238
0.003389 4238
0.00339 4239
0.003391 4239
0.003392 4241
0.003393 4241
0.003394 4239
0.003395 4239
0.003396 4239
0.003397 4238
0.003398 4238
0.003399 4237
0.0034 4237
0.003401 4238
0.003402 4240
0.003403 4239
0.003404 4239
0.003405 4240
0.003406 4240
0.003407 4240
0.003408 4240
0.003409 4239
0.00341 4240
0.003411 4239
0.003412 4239
0.003413 4240
0.003414 4239
0.003415 4239
0.003416 4239
0.003417 4239
0.003418 4239
0.003419 4238
0.00342 4239
0.003421 4239
0.003422 4238
0.003423 4238
0.003424 4239
0.003425 4239
0.003426 4239
0.003427 4241
0.003428 4241
0.003429 4242
0.00343 4242
0.003431 4242
0.003432 4241
0.003433 4241
0.003434 4241
0.003435 4242
0.003436 4243
0.003437 4243
0.003438 4243
0.003439 4242
0.00344 4241
0.003441 4240
0.003442 4240
0.003443 4240
0.003444 4241
0.003445 4241
0.003446 4241
0.003447 4241
0.003448 4241
0.003449 4241
0.00345 4241
0.003451 4240
0.003452 4239
0.003453 4241
0.003454 4240
0.003455 4240
0.003456 4239
0.003457 4238
0.003458 4238
0.003459 4237
0.00346 4237
0.003461 4237
0.003462 4239
0.003463 4240
0.003464 4240
0.003465 4240
0.003466 4240
0.003467 4242
0.003468 4242
0.003469 4242
0.00347 4241
0.003471 4240
0.003472 4240
0.003473 4241
0.003474 4241
0.003475 4241
0.003476 4241
0.003477 4242
0.003478 4242
0.003479 4242
0.00348 4242
0.003481 4242
0.003482 4242
0.003483 4243
0.003484 4243
0.003485 4242
0.003486 4242
0.003487 4242
0.003488 4242
0.003489 4242
0.00349 4241
0.003491 4241
0.003492 4241
0.003493 4241
0.003494 4240
0.003495 4240
0.003496 4241
0.003497 4241
0.003498 4241
0.003499 4241
0.0035 4241
0.003501 4242
0.003502 4241
0.003503 4240
0.003504 4240
0.003505 4240
0.003506 4239
0.003507 4239
0.003508 4239
0.003509 4239
0.00351 4240
0.003511 4240
0.003512 4240
0.003513 4240
0.003514 4240
0.003515 4241
0.003516 4240
0.003517 4240
0.003518 4241
0.003519 4241
0.00352 4241
0.003521 4240
0.003522 4240
0.003523 4238
0.003524 4239
0.003525 4239
0.003526 4239
0.003527 4238
0.003528 4238
0.003529 4236
0.00353 4236
0.003531 4237
0.003532 4237
0.003533 4238
0.003534 4239
0.003535 4239
0.003536 4239
0.003537 4239
0.003538 4238
0.003539 4238
0.00354 4238
0.003541 4238
0.003542 4240
0.003543 4240
0.003544 4241
0.003545 4241
0.003546 4242
0.003547 4241
0.003548 4241
0.003549 4241
0.00355 4243
0.003551 4243
0.003552 4243
0.003553 4243
0.003554 4243
0.003555 4243
0.003556 4243
0.003557 4243
0.003558 4244
0.003559 4245
0.00356 4244
0.003561 4244
0.003562 4244
0.003563 4244
0.003564 4244
0.003565 4244
0.003566 4245
0.003567 4245
0.003568 4245
0.003569 4245
0.00357 4245
0.003571 4244
0.003572 4244
0.003573 4244
0.003574 4244
0.003575 4245
0.003576 4245
0.003577 4245
0.003578 4245
0.003579 4245
0.00358 4244
0.003581 4245
0.003582 4244
0.003583 4245
0.003584 4245
0.003585 4244
0.003586 4244
0.003587 4245
0.003588 4245
0.003589 4245
0.00359 4246
0.003591 4245
0.003592 4245
0.003593 4246
0.003594 4246
0.003595 4246
0.003596 4245
0.003597 4244
0.003598 4244
0.003599 4244
0.0036 4243
0.003601 4243
0.003602 4245
0.003603 4245
0.003604 4246
0.003605 4246
0.003606 4245
0.003607 4245
0.003608 4245
0.003609 4245
0.00361 4245
0.003611 4244
0.003612 4244
0.003613 4242
0.003614 4241
0.003615 4241
0.003616 4240
0.003617 4240
0.003618 4239
0.003619 4240
0.00362 4240
0.003621 4239
0.003622 4238
0.003623 4237
0.003624 4236
0.003625 4236
0.003626 4236
0.003627 4235
0.003628 4235
0.003629 4235
0.00363 4235
0.003631 4235
0.003632 4234
0.003633 4235
0.003634 4235
0.003635 4235
0.003636 4233
0.003637 4233
0.003638 4233
0.003639 4233
0.00364 4233
0.003641 4231
0.003642 4231
0.003643 4230
0.003644 4230
0.003645 4230
0.003646 4230
0.003647 4230
0.003648 4229
0.003649 4229
0.00365 4230
0.003651 4230
0.003652 4230
0.003653 4231
0.003654 4232
0.003655 4231
0.003656 4230
0.003657 4231
0.003658 4231
0.003659 4231
0.00366 4231
0.003661 4231
0.003662 4231
0.003663 4231
0.003664 4231
0.003665 4229
0.003666 4228
0.003667 4229
0.003668 4229
0.003669 4229
0.00367 4230
0.003671 4230
0.003672 4230
0.003673 4230
0.003674 4230
0.003675 4228
0.003676 4227
0.003677 4227
0.003678 4227
0.003679 4226
0.00368 4226
0.003681 4227
0.003682 4227
0.003683 4227
0.003684 4227
0.003685 4226
0.003686 4226
0.003687 4226
0.003688 4225
0.003689 4225
0.00369 4224
0.003691 4224
0.003692 4226
0.003693 4225
0.003694 4225
0.003695 4225
0.003696 4225
0.003697 4224
0.003698 4224
0.003699 4225
0.0037 4224
0.003701 4224
0.003702 4224
0.003703 4225
0.003704 4224
0.003705 4224
0.003706 4224
0.003707 4223
0.003708 4223
0.003709 4223
0.00371 4223
0.003711 4223
0.003712 4223
0.003713 4224
0.003714 4224
0.003715 4225
0.003716 4225
0.003717 4226
0.003718 4226
0.003719 4226
0.00372 4226
0.003721 4225
0.003722 4226
0.003723 4226
0.003724 4227
0.003725 4226
0.003726 4226
0.003727 4226
0.003728 4226
0.003729 4226
0.00373 4226
0.003731 4227
0.003732 4226
0.003733 4226
0.003734 4226
0.003735 4224
0.003736 4224
0.003737 4223
0.003738 4224
0.003739 4223
0.00374 4224
0.003741 4224
0.003742 4224
0.003743 4223
0.003744 4223
0.003745 4223
0.003746 4223
0.003747 4223
0.003748 4223
0.003749 4225
0.00375 4224
0.003751 4224
0.003752 4223
0.003753 4223
0.003754 4223
0.003755 4222
0.003756 4222
0.003757 4221
0.003758 4221
0.003759 4221
0.00376 4221
0.003761 4220
0.003762 4219
0.003763 4219
0.003764 4219
0.003765 4219
0.003766 4220
0.003767 4222
0.003768 4221
0.003769 4221
0.00377 4220
0.003771 4220
0.003772 4220
0.003773 4220
0.003774 4221
0.003775 4221
0.003776 4220
0.003777 4219
0.003778 4219
0.003779 4220
0.00378 4220
0.003781 4219
0.003782 4220
0.003783 4219
0.003784 4220
0.003785 4219
0.003786 4219
0.003787 4219
0.003788 4219
0.003789 4218
0.00379 4219
0.003791 4219
0.003792 4220
0.003793 4220
0.003794 4220
0.003795 4220
0.003796 4220
0.003797 4219
0.003798 4220
0.003799 4221
0.0038 4221
0.003801 4220
0.003802 4220
0.003803 4220
0.003804 4220
0.003805 4220
0.003806 4220
0.003807 4220
0.003808 4220
0.003809 4219
0.00381 4219
0.003811 4219
0.003812 4219
0.003813 4219
0.003814 4219
0.003815 4220
0.003816 4221
0.003817 4221
0.003818 4221
0.003819 4221
0.00382 4222
0.003821 4222
0.003822 4222
0.003823 4221
0.003824 4221
0.003825 4221
0.003826 4221
0.003827 4221
0.003828 4221
0.003829 4220
0.00383 4220
0.003831 4221
0.003832 4219
0.003833 4219
0.003834 4217
0.003835 4218
0.003836 4218
0.003837 4218
0.003838 4218
0.003839 4216
0.00384 4215
0.003841 4214
0.003842 4214
0.003843 4214
0.003844 4214
0.003845 4214
0.003846 4213
0.003847 4213
0.003848 4214
0.003849 4214
0.00385 4215
0.003851 4214
0.003852 4214
0.003853 4215
0.003854 4214
0.003855 4214
0.003856 4213
0.003857 4213
0.003858 4212
0.003859 4212
0.00386 4213
0.003861 4212
0.003862 4212
0.003863 4213
0.003864 4212
0.003865 4213
0.003866 4213
0.003867 4212
0.003868 4213
0.003869 4213
0.00387 4212
0.003871 4212
0.003872 4213
0.003873 4213
0.003874 4214
0.003875 4215
0.003876 4216
0.003877 4215
0.003878 4215
0.003879 4215
0.00388 4216
0.003881 4216
0.003882 4216
0.003883 4217
0.003884 4217
0.003885 4217
0.003886 4217
0.003887 4218
0.003888 4218
0.003889 4218
0.00389 4218
0.003891 4218
0.003892 4217
0.003893 4218
0.003894 4218
0.003895 4218
0.003896 4218
0.003897 4217
0.003898 4217
0.003899 4217
0.0039 4217
0.003901 4217
0.003902 4217
0.003903 4217
0.003904 4217
0.003905 4218
0.003906 4219
0.003907 4219
0.003908 4220
0.003909 4220
0.00391 4220
0.003911 4220
0.003912 4220
0.003913 4220
0.003914 4220
0.003915 4220
0.003916 4218
0.003917 4218
0.003918 4218
0.003919 4219
0.00392 4219
0.003921 4219
0.003922 4219
0.003923 4220
0.003924 4219
0.003925 4219
0.003926 4219
0.003927 4219
0.003928 4221
0.003929 4221
0.00393 4220
0.003931 4220
0.003932 4220
0.003933 4219
0.003934 4219
0.003935 4220
0.003936 4220
0.003937 4219
0.003938 4219
0.003939 4220
0.00394 4220
0.003941 4220
0.003942 4220
0.003943 4220
0.003944 4219
0.003945 4219
0.003946 4219
0.003947 4219
0.003948 4219
0.003949 4221
0.00395 4221
0.003951 4222
0.003952 4222
0.003953 4223
0.003954 4223
0.003955 4223
0.003956 4223
0.003957 4223
0.003958 4223
0.003959 4223
0.00396 4223
0.003961 4223
0.003962 4222
0.003963 4222
0.003964 4222
0.003965 4222
0.003966 4221
0.003967 4219
0.003968 4219
0.003969 4219
0.00397 4219
0.003971 4219
0.003972 4218
0.003973 4218
0.003974 4218
0.003975 4217
0.003976 4216
0.003977 4215
0.003978 4214
0.003979 4214
0.00398 4214
0.003981 4214
0.003982 4214
0.003983 4214
0.003984 4214
0.003985 4214
0.003986 4213
0.003987 4213
0.003988 4213
0.003989 4213
0.00399 4212
0.003991 4213
0.003992 4213
0.003993 4214
0.003994 4216
0.003995 4216
0.003996 4216
0.003997 4216
0.003998 4217
0.003999 4217
0.004 4218
0.004001 4218
0.004002 4218
0.004003 4218
0.004004 4219
0.004005 4219
0.004006 4219
0.004007 4219
0.004008 4219
0.004009 4219
0.00401 4220
0.004011 4220
0.004012 4220
0.004013 4220
0.004014 4221
0.004015 4221
0.004016 4220
0.004017 4220
0.004018 4220
0.004019 4220
0.00402 4220
0.004021 4221
0.004022 4221
0.004023 4221
0.004024 4221
0.004025 4221
0.004026 4221
0.004027 4221
0.004028 4220
0.004029 4219
0.00403 4219
0.004031 4219
0.004032 4219
0.004033 4219
0.004034 4219
0.004035 4218
0.004036 4218
0.004037 4218
0.004038 4217
0.004039 4216
0.00404 4215
0.004041 4214
0.004042 4214
0.004043 4214
0.004044 4214
0.004045 4214
0.004046 4214
0.004047 4214
0.004048 4214
0.004049 4214
0.00405 4214
0.004051 4215
0.004052 4215
0.004053 4215
0.004054 4218
0.004055 4217
0.004056 4217
0.004057 4217
0.004058 4217
0.004059 4218
0.00406 4219
0.004061 4219
0.004062 4219
0.004063 4219
0.004064 4220
0.004065 4219
0.004066 4219
0.004067 4219
0.004068 4219
0.004069 4219
0.00407 4219
0.004071 4219
0.004072 4219
0.004073 4219
0.004074 4218
0.004075 4218
0.004076 4218
0.004077 4219
0.004078 4219
0.004079 4219
0.00408 4219
0.004081 4219
0.004082 4219
0.004083 4218
0.004084 4218
0.004085 4218
0.004086 4218
0.004087 4218
0.004088 4217
0.004089 4218
0.00409 4218
0.004091 4217
0.004092 4218
0.004093 4219
0.004094 4220
0.004095 4220
0.004096 4220
0.004097 4220
0.004098 4220
0.004099 4221
0.0041 4223
0.004101 4224
0.004102 4225
0.004103 4225
0.004104 4225
0.004105 4225
0.004106 4224
0.004107 4224
0.004108 4224
0.004109 4223
0.00411 4223
0.004111 4223
0.004112 4224
0.004113 4224
0.004114 4224
0.004115 4223
0.004116 4222
0.004117 4222
0.004118 4221
0.004119 4221
0.00412 4221
0.004121 4221
0.004122 4221
0.004123 4221
0.004124 4221
0.004125 4221
0.004126 4221
0.004127 4220
0.004128 4219
0.004129 4219
0.00413 4219
0.004131 4219
0.004132 4219
0.004133 4220
0.004134 4219
0.004135 4219
0.004136 4219
0.004137 4220
0.004138 4220
0.004139 4219
0.00414 4219
0.004141 4220
0.004142 4221
0.004143 4221
0.004144 4220
0.004145 4219
0.004146 4218
0.004147 4218
0.004148 4218
0.004149 4218
0.00415 4218
0.004151 4217
0.004152 4218
0.004153 4219
0.004154 4219
0.004155 4219
0.004156 4220
0.004157 4220
0.004158 4220
0.004159 4220
0.00416 4220
0.004161 4221
0.004162 4222
0.004163 4221
0.004164 4222
0.004165 4222
0.004166 4222
0.004167 4222
0.004168 4220
0.004169 4221
0.00417 4221
0.004171 4221
0.004172 4222
0.004173 4222
0.004174 4222
0.004175 4222
0.004176 4222
0.004177 4222
0.004178 4222
0.004179 4220
0.00418 4220
0.004181 4220
0.004182 4220
0.004183 4221
0.004184 4221
0.004185 4221
0.004186 4221
0.004187 4220
0.004188 4220
0.004189 4220
0.00419 4219
0.004191 4219
0.004192 4219
0.004193 4219
0.004194 4219
0.004195 4219
0.004196 4219
0.004197 4219
0.004198 4220
0.004199 4220
0.0042 4220
0.004201 4220
0.004202 4220
0.004203 4220
0.004204 4220
0.004205 4220
0.004206 4219
0.004207 4220
0.004208 4220
0.004209 4220
0.00421 4220
0.004211 4220
0.004212 4218
0.004213 4218
0.004214 4219
0.004215 4219
0.004216 4219
0.004217 4219
0.004218 4218
0.004219 4218
0.00422 4218
0.004221 4219
0.004222 4219
0.004223 4219
0.004224 4218
0.004225 4218
0.004226 4220
0.004227 4220
0.004228 4221
0.004229 4220
0.00423 4221
0.004231 4221
0.004232 4222
0.004233 4223
0.004234 4223
0.004235 4223
0.004236 4224
0.004237 4224
0.004238 4224
0.004239 4224
0.00424 4224
0.004241 4224
0.004242 4224
0.004243 4224
0.004244 4223
0.004245 4223
0.004246 4224
0.004247 4224
0.004248 4224
0.004249 4224
0.00425 4223
0.004251 4223
0.004252 4223
0.004253 4222
0.004254 4222
0.004255 4222
0.004256 4223
0.004257 4223
0.004258 4223
0.004259 4223
0.00426 4223
0.004261 4222
0.004262 4222
0.004263 4223
0.004264 4223
0.004265 4223
0.004266 4223
0.004267 4222
0.004268 4222
0.004269 4221
0.00427 4222
0.004271 4222
0.004272 4222
0.004273 4222
0.004274 4223
0.004275 4223
0.004276 4223
0.004277 4223
0.004278 4223
0.004279 4223
0.00428 4223
0.004281 4222
0.004282 4222
0.004283 4222
0.004284 4222
0.004285 4222
0.004286 4221
0.004287 4222
0.004288 4223
0.004289 4224
0.00429 4225
0.004291 4225
0.004292 4225
0.004293 4225
0.004294 4226
0.004295 4228
0.004296 4227
0.004297 4227
0.004298 4226
0.004299 4226
0.0043 4226
0.004301 4227
0.004302 4227
0.004303 4228
0.004304 4229
0.004305 4229
0.004306 4229
0.004307 4229
0.004308 4230
0.004309 4230
0.00431 4230
0.004311 4229
0.004312 4228
0.004313 4228
0.004314 4228
0.004315 4230
0.004316 4230
0.004317 4230
0.004318 4230
0.004319 4231
0.00432 4231
0.004321 4231
0.004322 4231
0.004323 4231
0.004324 4231
0.004325 4231
0.004326 4229
0.004327 4228
0.004328 4228
0.004329 4228
0.00433 4228
0.004331 4228
0.004332 4228
0.004333 4228
0.004334 4228
0.004335 4228
0.004336 4228
0.004337 4227
0.004338 4228
0.004339 4228
0.00434 4227
0.004341 4227
0.004342 4227
0.004343 4227
0.004344 4228
0.004345 4228
0.004346 4229
0.004347 4229
0.004348 4229
0.004349 4228
0.00435 4227
0.004351 4228
0.004352 4228
0.004353 4229
0.004354 4229
0.004355 4229
0.004356 4229
0.004357 4229
0.004358 4229
0.004359 4229
0.00436 4229
0.004361 4229
0.004362 4229
0.004363 4228
0.004364 4228
0.004365 4228
0.004366 4228
0.004367 4228
0.004368 4228
0.004369 4228
0.00437 4228
0.004371 4227
0.004372 4226
0.004373 4226
0.004374 4225
0.004375 4224
0.004376 4225
0.004377 4225
0.004378 4225
0.004379 4225
0.00438 4225
0.004381 4225
0.004382 4225
0.004383 4225
0.004384 4226
0.004385 4227
0.004386 4228
0.004387 4227
0.004388 4227
0.004389 4228
0.00439 4229
0.004391 4229
0.004392 4230
0.004393 4230
0.004394 4232
0.004395 4231
0.004396 4231
0.004397 4231
0.004398 4232
0.004399 4232
0.0044 4232
0.004401 4232
0.004402 4233
0.004403 4233
0.004404 4233
0.004405 4233
0.004406 4233
0.004407 4233
0.004408 4233
0.004409 4233
0.00441 4233
0.004411 4233
0.004412 4232
0.004413 4231
0.004414 4231
0.004415 4231
0.004416 4229
0.004417 4229
0.004418 4229
0.004419 4229
0.00442 4229
0.004421 4227
0.004422 4226
0.004423 4226
0.004424 4226
0.004425 4226
0.004426 4226
0.004427 4227
0.004428 4227
0.004429 4226
0.00443 4226
0.004431 4226
0.004432 4226
0.004433 4225
0.004434 4225
0.004435 4226
0.004436 4226
0.004437 4225
0.004438 4225
0.004439 4225
0.00444 4225
0.004441 4225
0.004442 4226
0.004443 4226
0.004444 4226
0.004445 4226
0.004446 4228
0.004447 4228
0.004448 4228
0.004449 4228
0.00445 4229
0.004451 4230
0.004452 4230
0.004453 4230
0.004454 4229
0.004455 4231
0.004456 4231
0.004457 4231
0.004458 4231
0.004459 4230
0.00446 4230
0.004461 4231
0.004462 4230
0.004463 4229
0.004464 4229
0.004465 4230
0.004466 4228
0.004467 4227
0.004468 4226
0.004469 4226
0.00447 4226
0.004471 4225
0.004472 4224
0.004473 4225
0.004474 4225
0.004475 4224
0.004476 4224
0.004477 4224
0.004478 4225
0.004479 4224
0.00448 4225
0.004481 4225
0.004482 4224
0.004483 4223
0.004484 4222
0.004485 4222
0.004486 4222
0.004487 4221
0.004488 4222
0.004489 4222
0.00449 4222
0.004491 4222
0.004492 4222
0.004493 4223
0.004494 4223
0.004495 4223
0.004496 4223
0.004497 4223
0.004498 4223
0.004499 4224
0.0045 4224
0.004501 4224
0.004502 4224
0.004503 4223
0.004504 4223
0.004505 4223
0.004506 4224
0.004507 4224
0.004508 4224
0.004509 4225
0.00451 4225
0.004511 4225
0.004512 4224
0.004513 4224
0.004514 4224
0.004515 4224
0.004516 4224
0.004517 4224
0.004518 4224
0.004519 4224
0.00452 4223
0.004521 4223
0.004522 4223
0.004523 4223
0.004524 4223
0.004525 4223
0.004526 4224
0.004527 4224
0.004528 4225
0.004529 4226
0.00453 4226
0.004531 4226
0.004532 4226
0.004533 4226
0.004534 4226
0.004535 4226
0.004536 4225
0.004537 4225
0.004538 4225
0.004539 4225
0.00454 4225
0.004541 4225
0.004542 4225
0.004543 4225
0.004544 4226
0.004545 4226
0.004546 4226
0.004547 4227
0.004548 4226
0.004549 4226
0.00455 4227
0.004551 4228
0.004552 4229
0.004553 4231
0.004554 4231
0.004555 4231
0.004556 4231
0.004557 4231
0.004558 4231
0.004559 4232
0.00456 4232
0.004561 4232
0.004562 4232
0.004563 4233
0.004564 4233
0.004565 4233
0.004566 4233
0.004567 4233
0.004568 4233
0.004569 4233
0.00457 4232
0.004571 4232
0.004572 4232
0.004573 4232
0.004574 4231
0.004575 4231
0.004576 4232
0.004577 4231
0.004578 4232
0.004579 4233
0.00458 4233
0.004581 4234
0.004582 4234
0.004583 4234
0.004584 4234
0.004585 4232
0.004586 4232
0.004587 4232
0.004588 4233
0.004589 4232
0.00459 4231
0.004591 4231
0.004592 4231
0.004593 4231
0.004594 4231
0.004595 4231
0.004596 4232
0.004597 4231
0.004598 4231
0.004599 4230
0.0046 4230
0.004601 4229
0.004602 4229
0.004603 4229
0.004604 4229
0.004605 4228
0.004606 4228
0.004607 4227
0.004608 4227
0.004609 4227
0.00461 4227
0.004611 4227
0.004612 4227
0.004613 4227
0.004614 4227
0.004615 4228
0.004616 4229
0.004617 4229
0.004618 4230
0.004619 4230
0.00462 4229
0.004621 4230
0.004622 4231
0.004623 4231
0.004624 4230
0.004625 4229
0.004626 4229
0.004627 4230
0.004628 4231
0.004629 4230
0.00463 4231
0.004631 4231
0.004632 4231
0.004633 4230
0.004634 4230
0.004635 4231
0.004636 4231
0.004637 4232
0.004638 4232
0.004639 4232
0.00464 4233
0.004641 4232
0.004642 4232
0.004643 4232
0.004644 4232
0.004645 4232
0.004646 4233
0.004647 4234
0.004648 4234
0.004649 4234
0.00465 4235
0.004651 4235
0.004652 4236
0.004653 4236
0.004654 4236
0.004655 4236
0.004656 4236
0.004657 4236
0.004658 4236
0.004659 4236
0.00466 4236
0.004661 4238
0.004662 4238
0.004663 4238
0.004664 4237
0.004665 4237
0.004666 4237
0.004667 4238
0.004668 4238
0.004669 4238
0.00467 4239
0.004671 4239
0.004672 4239
0.004673 4239
0.004674 4238
0.004675 4238
0.004676 4238
0.004677 4238
0.004678 4238
0.004679 4237
0.00468 4238
0.004681 4238
0.004682 4237
0.004683 4238
0.004684 4238
0.004685 4237
0.004686 4238
0.004687 4238
0.004688 4237
0.004689 4236
0.00469 4236
0.004691 4237
0.004692 4237
0.004693 4237
0.004694 4237
0.004695 4237
0.004696 4237
0.004697 4238
0.004698 4238
0.004699 4238
0.0047 4238
0.004701 4238
0.004702 4238
0.004703 4239
0.004704 4238
0.004705 4238
0.004706 4238
0.004707 4238
0.004708 4238
0.004709 4238
0.00471 4238
0.004711 4238
0.004712 4238
0.004713 4238
0.004714 4238
0.004715 4237
0.004716 4238
0.004717 4238
0.004718 4238
0.004719 4237
0.00472 4238
0.004721 4238
0.004722 4238
0.004723 4238
0.004724 4238
0.004725 4238
0.004726 4239
0.004727 4239
0.004728 4239
0.004729 4239
0.00473 4239
0.004731 4239
0.004732 4240
0.004733 4239
0.004734 4239
0.004735 4240
0.004736 4240
0.004737 4240
0.004738 4241
0.004739 4241
0.00474 4240
0.004741 4239
0.004742 4240
0.004743 4240
0.004744 4240
0.004745 4240
0.004746 4240
0.004747 4239
0.004748 4240
0.004749 4240
0.00475 4240
0.004751 4240
0.004752 4240
0.004753 4240
0.004754 4240
0.004755 4240
0.004756 4240
0.004757 4241
0.004758 4241
0.004759 4241
0.00476 4242
0.004761 4242
0.004762 4242
0.004763 4243
0.004764 4244
0.004765 4243
0.004766 4243
0.004767 4243
0.004768 4243
0.004769 4244
0.00477 4244
0.004771 4244
0.004772 4244
0.004773 4244
0.004774 4245
0.004775 4244
0.004776 4244
0.004777 4244
0.004778 4244
0.004779 4246
0.00478 4246
0.004781 4246
0.004782 4246
0.004783 4246
0.004784 4245
0.004785 4245
0.004786 4245
0.004787 4245
0.004788 4245
0.004789 4246
0.00479 4246
0.004791 4247
0.004792 4248
0.004793 4248
0.004794 4247
0.004795 4247
0.004796 4247
0.004797 4247
0.004798 4246
0.004799 4247
0.0048 4248
0.004801 4249
0.004802 4249
0.004803 4250
0.004804 4250
0.004805 4250
0.004806 4251
0.004807 4251
0.004808 4251
0.004809 4251
0.00481 4250
0.004811 4250
0.004812 4251
0.004813 4251
0.004814 4252
0.004815 4252
0.004816 4252
0.004817 4252
0.004818 4251
0.004819 4251
0.00482 4251
0.004821 4250
0.004822 4249
0.004823 4249
0.004824 4250
0.004825 4250
0.004826 4251
0.004827 4252
0.004828 4252
0.004829 4252
0.00483 4252
0.004831 4250
0.004832 4250
0.004833 4250
0.004834 4250
0.004835 4250
0.004836 4250
0.004837 4250
0.004838 4250
0.004839 4250
0.00484 4250
0.004841 4249
0.004842 4247
0.004843 4247
0.004844 4246
0.004845 4246
0.004846 4245
0.004847 4245
0.004848 4245
0.004849 4245
0.00485 4245
0.004851 4246
0.004852 4246
0.004853 4246
0.004854 4245
0.004855 4245
0.004856 4244
0.004857 4244
0.004858 4244
0.004859 4244
0.00486 4243
0.004861 4243
0.004862 4243
0.004863 4243
0.004864 4243
0.004865 4243
0.004866 4242
0.004867 4242
0.004868 4242
0.004869 4241
0.00487 4241
0.004871 4242
0.004872 4241
0.004873 4241
0.004874 4240
0.004875 4240
0.004876 4240
0.004877 4241
0.004878 4240
0.004879 4240
0.00488 4239
0.004881 4239
0.004882 4239
0.004883 4239
0.004884 4238
0.004885 4238
0.004886 4239
0.004887 4238
0.004888 4238
0.004889 4237
0.00489 4238
0.004891 4238
0.004892 4238
0.004893 4238
0.004894 4238
0.004895 4238
0.004896 4238
0.004897 4237
0.004898 4238
0.004899 4238
0.0049 4238
0.004901 4238
0.004902 4237
0.004903 4236
0.004904 4236
0.004905 4236
0.004906 4237
0.004907 4237
0.004908 4238
0.004909 4236
0.00491 4236
0.004911 4236
0.004912 4235
0.004913 4234
0.004914 4233
0.004915 4232
0.004916 4232
0.004917 4233
0.004918 4233
0.004919 4233
0.00492 4233
0.004921 4233
0.004922 4234
0.004923 4236
0.004924 4236
0.004925 4236
0.004926 4235
0.004927 4235
0.004928 4235
0.004929 4235
0.00493 4234
0.004931 4234
0.004932 4235
0.004933 4235
0.004934 4236
0.004935 4236
0.004936 4236
0.004937 4236
0.004938 4236
0.004939 4236
0.00494 4236
0.004941 4237
0.004942 4237
0.004943 4237
0.004944 4236
0.004945 4236
0.004946 4236
0.004947 4236
0.004948 4236
0.004949 4237
0.00495 4237
0.004951 4236
0.004952 4235
0.004953 4234
0.004954 4233
0.004955 4233
0.004956 4233
0.004957 4233
0.004958 4233
0.004959 4233
0.00496 4233
0.004961 4233
0.004962 4233
0.004963 4232
0.004964 4231
0.004965 4231
0.004966 4231
0.004967 4230
0.004968 4230
0.004969 4230
0.00497 4230
0.004971 4230
0.004972 4230
0.004973 4230
0.004974 4230
0.004975 4229
0.004976 4228
0.004977 4228
0.004978 4228
0.004979 4228
0.00498 4227
0.004981 4226
0.004982 4225
0.004983 4225
0.004984 4225
0.004985 4225
0.004986 4226
0.004987 4226
0.004988 4227
0.004989 4227
0.00499 4227
0.004991 4226
0.004992 4226
0.004993 4226
0.004994 4226
0.004995 4226
0.004996 4226
0.004997 4226
0.004998 4226
0.004999 4226
0.005 4226
