0 5755
1e-06 5737
2e-06 5728
3e-06 5712
4e-06 5702
5e-06 5686
6e-06 5682
7e-06 5671
8e-06 5659
9e-06 5652
1e-05 5640
1.1e-05 5629
1.2e-05 5616
1.3e-05 5607
1.4e-05 5597
1.5e-05 5585
1.6e-05 5572
1.7e-05 5562
1.8e-05 5557
1.9e-05 5552
2e-05 5536
2.1e-05 5528
2.2e-05 5523
2.3e-05 5516
2.4e-05 5499
2.5e-05 5491
2.6e-05 5479
2.7e-05 5470
2.8e-05 5458
2.9e-05 5452
3e-05 5439
3.1e-05 5433
3.2e-05 5429
3.3e-05 5415
3.4e-05 5403
3.5e-05 5396
3.6e-05 5390
3.7e-05 5382
3.8e-05 5373
3.9e-05 5367
4e-05 5364
4.1e-05 5357
4.2e-05 5350
4.3e-05 5341
4.4e-05 5340
4.5e-05 5334
4.6e-05 5324
4.7e-05 5316
4.8e-05 5308
4.9e-05 5305
5e-05 5300
5.1e-05 5298
5.2e-05 5295
5.3e-05 5293
5.4e-05 5286
5.5e-05 5283
5.6e-05 5277
5.7e-05 5271
5.8e-05 5263
5.9e-05 5260
6e-05 5251
6.1e-05 5243
6.2e-05 5242
6.3e-05 5230
6.4e-05 5220
6.5e-05 5212
6.6e-05 5204
6.7e-05 5200
6.8e-05 5192
6.9e-05 5186
7e-05 5178
7.1e-05 5170
7.2e-05 5160
7.3e-05 5157
7.4e-05 5144
7.5e-05 5141
7.6e-05 5137
7.7e-05 5129
7.8e-05 5125
7.9e-05 5119
8e-05 5117
8.1e-05 5112
8.2e-05 5105
8.3e-05 5103
8.4e-05 5096
8.5e-05 5089
8.6e-05 5087
8.7e-05 5081
8.8e-05 5079
8.9e-05 5072
9e-05 5068
9.1e-05 5067
9.2e-05 5062
9.3e-05 5058
9.4e-05 5056
9.5e-05 5053
9.6e-05 5048
9.7e-05 5040
9.8e-05 5036
9.9e-05 5028
0.0001 5021
0.000101 5018
0.000102 5014
0.000103 5012
0.000104 5007
0.000105 5000
0.000106 4998
0.000107 4994
0.000108 4991
0.000109 4984
0.00011 4981
0.000111 4976
0.000112 4974
0.000113 4973
0.000114 4967
0.000115 4965
0.000116 4963
0.000117 4957
0.000118 4951
0.000119 4948
0.00012 4946
0.000121 4940
0.000122 4938
0.000123 4937
0.000124 4934
0.000125 4930
0.000126 4918
0.000127 4919
0.000128 4917
0.000129 4911
0.00013 4909
0.000131 4907
0.000132 4906
0.000133 4905
0.000134 4902
0.000135 4898
0.000136 4893
0.000137 4891
0.000138 4886
0.000139 4885
0.00014 4881
0.000141 4876
0.000142 4871
0.000143 4870
0.000144 4867
0.000145 4864
0.000146 4860
0.000147 4857
0.000148 4856
0.000149 4855
0.00015 4852
0.000151 4850
0.000152 4843
0.000153 4840
0.000154 4836
0.000155 4831
0.000156 4830
0.000157 4824
0.000158 4820
0.000159 4819
0.00016 4815
0.000161 4810
0.000162 4808
0.000163 4803
0.000164 4799
0.000165 4797
0.000166 4794
0.000167 4792
0.000168 4791
0.000169 4787
0.00017 4783
0.000171 4781
0.000172 4776
0.000173 4775
0.000174 4772
0.000175 4771
0.000176 4770
0.000177 4768
0.000178 4768
0.000179 4765
0.00018 4761
0.000181 4757
0.000182 4754
0.000183 4746
0.000184 4744
0.000185 4739
0.000186 4734
0.000187 4732
0.000188 4728
0.000189 4723
0.00019 4721
0.000191 4721
0.000192 4718
0.000193 4716
0.000194 4715
0.000195 4710
0.000196 4706
0.000197 4703
0.000198 4700
0.000199 4699
0.0002 4697
0.000201 4696
0.000202 4694
0.000203 4692
0.000204 4687
0.000205 4683
0.000206 4683
0.000207 4679
0.000208 4679
0.000209 4677
0.00021 4675
0.000211 4671
0.000212 4668
0.000213 4668
0.000214 4666
0.000215 4666
0.000216 4663
0.000217 4661
0.000218 4660
0.000219 4655
0.00022 4655
0.000221 4654
0.000222 4653
0.000223 4652
0.000224 4650
0.000225 4645
0.000226 4643
0.000227 4641
0.000228 4640
0.000229 4637
0.00023 4634
0.000231 4632
0.000232 4632
0.000233 4632
0.000234 4632
0.000235 4634
0.000236 4633
0.000237 4631
0.000238 4632
0.000239 4632
0.00024 4631
0.000241 4630
0.000242 4630
0.000243 4630
0.000244 4630
0.000245 4627
0.000246 4623
0.000247 4616
0.000248 4616
0.000249 4615
0.00025 4612
0.000251 4609
0.000252 4607
0.000253 4606
0.000254 4606
0.000255 4604
0.000256 4599
0.000257 4598
0.000258 4596
0.000259 4595
0.00026 4596
0.000261 4592
0.000262 4592
0.000263 4592
0.000264 4591
0.000265 4588
0.000266 4587
0.000267 4585
0.000268 4586
0.000269 4585
0.00027 4582
0.000271 4581
0.000272 4580
0.000273 4578
0.000274 4577
0.000275 4575
0.000276 4575
0.000277 4576
0.000278 4575
0.000279 4574
0.00028 4571
0.000281 4568
0.000282 4565
0.000283 4561
0.000284 4559
0.000285 4559
0.000286 4557
0.000287 4554
0.000288 4551
0.000289 4550
0.00029 4549
0.000291 4548
0.000292 4546
0.000293 4544
0.000294 4543
0.000295 4542
0.000296 4538
0.000297 4536
0.000298 4535
0.000299 4532
0.0003 4530
0.000301 4529
0.000302 4529
0.000303 4529
0.000304 4529
0.000305 4529
0.000306 4528
0.000307 4526
0.000308 4524
0.000309 4524
0.00031 4524
0.000311 4523
0.000312 4523
0.000313 4523
0.000314 4523
0.000315 4523
0.000316 4522
0.000317 4521
0.000318 4519
0.000319 4517
0.00032 4517
0.000321 4515
0.000322 4513
0.000323 4512
0.000324 4512
0.000325 4512
0.000326 4511
0.000327 4510
0.000328 4510
0.000329 4507
0.00033 4504
0.000331 4503
0.000332 4498
0.000333 4497
0.000334 4497
0.000335 4497
0.000336 4497
0.000337 4496
0.000338 4494
0.000339 4494
0.00034 4493
0.000341 4492
0.000342 4491
0.000343 4490
0.000344 4488
0.000345 4487
0.000346 4486
0.000347 4486
0.000348 4486
0.000349 4482
0.00035 4481
0.000351 4481
0.000352 4480
0.000353 4479
0.000354 4479
0.000355 4479
0.000356 4478
0.000357 4478
0.000358 4477
0.000359 4475
0.00036 4473
0.000361 4475
0.000362 4473
0.000363 4473
0.000364 4473
0.000365 4473
0.000366 4473
0.000367 4472
0.000368 4472
0.000369 4472
0.00037 4472
0.000371 4471
0.000372 4471
0.000373 4471
0.000374 4472
0.000375 4471
0.000376 4470
0.000377 4470
0.000378 4469
0.000379 4469
0.00038 4469
0.000381 4467
0.000382 4467
0.000383 4465
0.000384 4464
0.000385 4463
0.000386 4462
0.000387 4458
0.000388 4458
0.000389 4458
0.00039 4458
0.000391 4457
0.000392 4457
0.000393 4457
0.000394 4457
0.000395 4457
0.000396 4457
0.000397 4458
0.000398 4457
0.000399 4455
0.0004 4455
0.000401 4455
0.000402 4455
0.000403 4455
0.000404 4456
0.000405 4456
0.000406 4456
0.000407 4456
0.000408 4452
0.000409 4450
0.00041 4450
0.000411 4449
0.000412 4449
0.000413 4449
0.000414 4449
0.000415 4449
0.000416 4449
0.000417 4449
0.000418 4448
0.000419 4449
0.00042 4448
0.000421 4447
0.000422 4446
0.000423 4445
0.000424 4446
0.000425 4446
0.000426 4445
0.000427 4445
0.000428 4444
0.000429 4443
0.00043 4443
0.000431 4443
0.000432 4443
0.000433 4443
0.000434 4443
0.000435 4442
0.000436 4440
0.000437 4438
0.000438 4438
0.000439 4438
0.00044 4438
0.000441 4438
0.000442 4438
0.000443 4437
0.000444 4437
0.000445 4436
0.000446 4436
0.000447 4436
0.000448 4435
0.000449 4435
0.00045 4435
0.000451 4434
0.000452 4435
0.000453 4434
0.000454 4434
0.000455 4433
0.000456 4432
0.000457 4432
0.000458 4433
0.000459 4434
0.00046 4434
0.000461 4434
0.000462 4434
0.000463 4433
0.000464 4432
0.000465 4432
0.000466 4430
0.000467 4430
0.000468 4429
0.000469 4429
0.00047 4429
0.000471 4426
0.000472 4426
0.000473 4426
0.000474 4426
0.000475 4426
0.000476 4426
0.000477 4426
0.000478 4427
0.000479 4425
0.00048 4426
0.000481 4427
0.000482 4427
0.000483 4426
0.000484 4426
0.000485 4425
0.000486 4425
0.000487 4424
0.000488 4421
0.000489 4421
0.00049 4420
0.000491 4420
0.000492 4420
0.000493 4420
0.000494 4415
0.000495 4412
0.000496 4411
0.000497 4408
0.000498 4407
0.000499 4405
0.0005 4404
0.000501 4404
0.000502 4404
0.000503 4403
0.000504 4400
0.000505 4399
0.000506 4398
0.000507 4398
0.000508 4398
0.000509 4398
0.00051 4398
0.000511 4397
0.000512 4397
0.000513 4396
0.000514 4395
0.000515 4395
0.000516 4397
0.000517 4398
0.000518 4398
0.000519 4399
0.00052 4400
0.000521 4398
0.000522 4399
0.000523 4398
0.000524 4397
0.000525 4397
0.000526 4396
0.000527 4397
0.000528 4398
0.000529 4398
0.00053 4397
0.000531 4398
0.000532 4398
0.000533 4398
0.000534 4397
0.000535 4397
0.000536 4397
0.000537 4396
0.000538 4396
0.000539 4396
0.00054 4396
0.000541 4396
0.000542 4396
0.000543 4396
0.000544 4396
0.000545 4394
0.000546 4393
0.000547 4392
0.000548 4392
0.000549 4393
0.00055 4392
0.000551 4391
0.000552 4391
0.000553 4391
0.000554 4390
0.000555 4390
0.000556 4388
0.000557 4387
0.000558 4387
0.000559 4387
0.00056 4387
0.000561 4389
0.000562 4388
0.000563 4388
0.000564 4388
0.000565 4388
0.000566 4388
0.000567 4386
0.000568 4386
0.000569 4386
0.00057 4386
0.000571 4385
0.000572 4385
0.000573 4384
0.000574 4381
0.000575 4381
0.000576 4381
0.000577 4381
0.000578 4379
0.000579 4379
0.00058 4378
0.000581 4378
0.000582 4376
0.000583 4376
0.000584 4377
0.000585 4376
0.000586 4376
0.000587 4377
0.000588 4377
0.000589 4377
0.00059 4377
0.000591 4377
0.000592 4377
0.000593 4377
0.000594 4377
0.000595 4375
0.000596 4375
0.000597 4375
0.000598 4376
0.000599 4377
0.0006 4378
0.000601 4378
0.000602 4377
0.000603 4376
0.000604 4376
0.000605 4376
0.000606 4375
0.000607 4375
0.000608 4375
0.000609 4375
0.00061 4376
0.000611 4376
0.000612 4376
0.000613 4376
0.000614 4375
0.000615 4374
0.000616 4373
0.000617 4372
0.000618 4371
0.000619 4370
0.00062 4370
0.000621 4370
0.000622 4368
0.000623 4368
0.000624 4368
0.000625 4368
0.000626 4367
0.000627 4367
0.000628 4367
0.000629 4367
0.00063 4366
0.000631 4366
0.000632 4365
0.000633 4364
0.000634 4365
0.000635 4365
0.000636 4365
0.000637 4365
0.000638 4365
0.000639 4365
0.00064 4365
0.000641 4364
0.000642 4365
0.000643 4364
0.000644 4364
0.000645 4365
0.000646 4365
0.000647 4365
0.000648 4364
0.000649 4364
0.00065 4363
0.000651 4364
0.000652 4364
0.000653 4364
0.000654 4364
0.000655 4364
0.000656 4364
0.000657 4364
0.000658 4364
0.000659 4363
0.00066 4362
0.000661 4362
0.000662 4363
0.000663 4364
0.000664 4364
0.000665 4364
0.000666 4364
0.000667 4364
0.000668 4366
0.000669 4366
0.00067 4365
0.000671 4364
0.000672 4364
0.000673 4365
0.000674 4365
0.000675 4365
0.000676 4365
0.000677 4366
0.000678 4367
0.000679 4368
0.00068 4367
0.000681 4367
0.000682 4366
0.000683 4367
0.000684 4367
0.000685 4367
0.000686 4367
0.000687 4367
0.000688 4368
0.000689 4367
0.00069 4367
0.000691 4365
0.000692 4365
0.000693 4364
0.000694 4364
0.000695 4364
0.000696 4363
0.000697 4363
0.000698 4363
0.000699 4364
0.0007 4365
0.000701 4365
0.000702 4365
0.000703 4364
0.000704 4363
0.000705 4364
0.000706 4364
0.000707 4364
0.000708 4364
0.000709 4364
0.00071 4363
0.000711 4363
0.000712 4363
0.000713 4363
0.000714 4363
0.000715 4362
0.000716 4362
0.000717 4362
0.000718 4362
0.000719 4362
0.00072 4362
0.000721 4362
0.000722 4362
0.000723 4361
0.000724 4361
0.000725 4361
0.000726 4360
0.000727 4359
0.000728 4359
0.000729 4357
0.00073 4357
0.000731 4358
0.000732 4359
0.000733 4359
0.000734 4359
0.000735 4359
0.000736 4358
0.000737 4358
0.000738 4358
0.000739 4357
0.00074 4357
0.000741 4357
0.000742 4356
0.000743 4356
0.000744 4356
0.000745 4355
0.000746 4355
0.000747 4356
0.000748 4356
0.000749 4357
0.00075 4357
0.000751 4356
0.000752 4356
0.000753 4356
0.000754 4356
0.000755 4357
0.000756 4357
0.000757 4357
0.000758 4357
0.000759 4357
0.00076 4357
0.000761 4357
0.000762 4357
0.000763 4356
0.000764 4356
0.000765 4356
0.000766 4357
0.000767 4357
0.000768 4357
0.000769 4358
0.00077 4358
0.000771 4358
0.000772 4358
0.000773 4358
0.000774 4358
0.000775 4358
0.000776 4359
0.000777 4359
0.000778 4359
0.000779 4359
0.00078 4359
0.000781 4360
0.000782 4359
0.000783 4358
0.000784 4358
0.000785 4358
0.000786 4358
0.000787 4358
0.000788 4358
0.000789 4357
0.00079 4357
0.000791 4357
0.000792 4357
0.000793 4355
0.000794 4355
0.000795 4355
0.000796 4355
0.000797 4355
0.000798 4353
0.000799 4355
0.0008 4355
0.000801 4355
0.000802 4355
0.000803 4354
0.000804 4354
0.000805 4354
0.000806 4354
0.000807 4353
0.000808 4354
0.000809 4354
0.00081 4352
0.000811 4352
0.000812 4354
0.000813 4354
0.000814 4353
0.000815 4354
0.000816 4354
0.000817 4354
0.000818 4353
0.000819 4354
0.00082 4354
0.000821 4351
0.000822 4351
0.000823 4350
0.000824 4351
0.000825 4353
0.000826 4353
0.000827 4353
0.000828 4353
0.000829 4352
0.00083 4352
0.000831 4351
0.000832 4351
0.000833 4352
0.000834 4352
0.000835 4351
0.000836 4352
0.000837 4352
0.000838 4350
0.000839 4350
0.00084 4350
0.000841 4350
0.000842 4350
0.000843 4350
0.000844 4350
0.000845 4350
0.000846 4349
0.000847 4349
0.000848 4349
0.000849 4349
0.00085 4349
0.000851 4350
0.000852 4349
0.000853 4348
0.000854 4348
0.000855 4348
0.000856 4349
0.000857 4349
0.000858 4349
0.000859 4348
0.00086 4348
0.000861 4348
0.000862 4348
0.000863 4348
0.000864 4349
0.000865 4349
0.000866 4349
0.000867 4348
0.000868 4348
0.000869 4348
0.00087 4348
0.000871 4350
0.000872 4350
0.000873 4350
0.000874 4351
0.000875 4351
0.000876 4351
0.000877 4350
0.000878 4350
0.000879 4350
0.00088 4351
0.000881 4351
0.000882 4351
0.000883 4351
0.000884 4351
0.000885 4351
0.000886 4351
0.000887 4351
0.000888 4351
0.000889 4351
0.00089 4351
0.000891 4350
0.000892 4351
0.000893 4351
0.000894 4351
0.000895 4352
0.000896 4353
0.000897 4353
0.000898 4353
0.000899 4353
0.0009 4354
0.000901 4354
0.000902 4354
0.000903 4355
0.000904 4356
0.000905 4356
0.000906 4356
0.000907 4356
0.000908 4356
0.000909 4356
0.00091 4356
0.000911 4356
0.000912 4356
0.000913 4356
0.000914 4357
0.000915 4358
0.000916 4358
0.000917 4358
0.000918 4358
0.000919 4358
0.00092 4359
0.000921 4359
0.000922 4358
0.000923 4357
0.000924 4358
0.000925 4359
0.000926 4358
0.000927 4358
0.000928 4358
0.000929 4359
0.00093 4360
0.000931 4361
0.000932 4361
0.000933 4361
0.000934 4361
0.000935 4361
0.000936 4361
0.000937 4361
0.000938 4360
0.000939 4360
0.00094 4360
0.000941 4361
0.000942 4361
0.000943 4361
0.000944 4361
0.000945 4361
0.000946 4361
0.000947 4362
0.000948 4362
0.000949 4363
0.00095 4363
0.000951 4362
0.000952 4363
0.000953 4363
0.000954 4363
0.000955 4364
0.000956 4364
0.000957 4365
0.000958 4366
0.000959 4367
0.00096 4367
0.000961 4368
0.000962 4368
0.000963 4368
0.000964 4368
0.000965 4368
0.000966 4369
0.000967 4369
0.000968 4368
0.000969 4368
0.00097 4368
0.000971 4368
0.000972 4368
0.000973 4368
0.000974 4368
0.000975 4367
0.000976 4367
0.000977 4367
0.000978 4367
0.000979 4367
0.00098 4367
0.000981 4368
0.000982 4368
0.000983 4368
0.000984 4368
0.000985 4368
0.000986 4367
0.000987 4367
0.000988 4368
0.000989 4368
0.00099 4367
0.000991 4367
0.000992 4367
0.000993 4368
0.000994 4368
0.000995 4368
0.000996 4368
0.000997 4367
0.000998 4367
0.000999 4366
0.001 4366
0.001001 4366
0.001002 4365
0.001003 4365
0.001004 4365
0.001005 4365
0.001006 4366
0.001007 4366
0.001008 4366
0.001009 4365
0.00101 4365
0.001011 4365
0.001012 4364
0.001013 4364
0.001014 4364
0.001015 4364
0.001016 4365
0.001017 4365
0.001018 4365
0.001019 4365
0.00102 4365
0.001021 4365
0.001022 4365
0.001023 4365
0.001024 4365
0.001025 4366
0.001026 4365
0.001027 4365
0.001028 4365
0.001029 4364
0.00103 4364
0.001031 4364
0.001032 4364
0.001033 4364
0.001034 4364
0.001035 4364
0.001036 4364
0.001037 4364
0.001038 4364
0.001039 4364
0.00104 4364
0.001041 4365
0.001042 4365
0.001043 4365
0.001044 4365
0.001045 4365
0.001046 4366
0.001047 4366
0.001048 4365
0.001049 4365
0.00105 4364
0.001051 4364
0.001052 4364
0.001053 4364
0.001054 4364
0.001055 4363
0.001056 4363
0.001057 4363
0.001058 4363
0.001059 4363
0.00106 4365
0.001061 4365
0.001062 4365
0.001063 4365
0.001064 4365
0.001065 4365
0.001066 4365
0.001067 4364
0.001068 4364
0.001069 4364
0.00107 4366
0.001071 4366
0.001072 4365
0.001073 4365
0.001074 4365
0.001075 4366
0.001076 4366
0.001077 4367
0.001078 4367
0.001079 4368
0.00108 4368
0.001081 4368
0.001082 4368
0.001083 4367
0.001084 4368
0.001085 4368
0.001086 4368
0.001087 4368
0.001088 4369
0.001089 4369
0.00109 4369
0.001091 4369
0.001092 4369
0.001093 4369
0.001094 4368
0.001095 4368
0.001096 4368
0.001097 4368
0.001098 4368
0.001099 4367
0.0011 4367
0.001101 4367
0.001102 4367
0.001103 4367
0.001104 4368
0.001105 4368
0.001106 4367
0.001107 4367
0.001108 4367
0.001109 4367
0.00111 4367
0.001111 4366
0.001112 4366
0.001113 4366
0.001114 4366
0.001115 4366
0.001116 4366
0.001117 4366
0.001118 4366
0.001119 4366
0.00112 4366
0.001121 4368
0.001122 4369
0.001123 4370
0.001124 4370
0.001125 4369
0.001126 4369
0.001127 4367
0.001128 4367
0.001129 4367
0.00113 4367
0.001131 4368
0.001132 4368
0.001133 4368
0.001134 4368
0.001135 4368
0.001136 4369
0.001137 4369
0.001138 4370
0.001139 4370
0.00114 4370
0.001141 4369
0.001142 4369
0.001143 4369
0.001144 4368
0.001145 4368
0.001146 4368
0.001147 4368
0.001148 4368
0.001149 4367
0.00115 4368
0.001151 4368
0.001152 4368
0.001153 4368
0.001154 4368
0.001155 4368
0.001156 4367
0.001157 4367
0.001158 4366
0.001159 4367
0.00116 4367
0.001161 4367
0.001162 4368
0.001163 4367
0.001164 4367
0.001165 4367
0.001166 4367
0.001167 4367
0.001168 4367
0.001169 4367
0.00117 4367
0.001171 4367
0.001172 4368
0.001173 4368
0.001174 4368
0.001175 4368
0.001176 4368
0.001177 4368
0.001178 4368
0.001179 4368
0.00118 4369
0.001181 4369
0.001182 4369
0.001183 4369
0.001184 4369
0.001185 4369
0.001186 4369
0.001187 4370
0.001188 4370
0.001189 4371
0.00119 4372
0.001191 4371
0.001192 4371
0.001193 4371
0.001194 4371
0.001195 4371
0.001196 4371
0.001197 4371
0.001198 4371
0.001199 4371
0.0012 4371
0.001201 4370
0.001202 4370
0.001203 4371
0.001204 4371
0.001205 4371
0.001206 4371
0.001207 4371
0.001208 4371
0.001209 4372
0.00121 4372
0.001211 4373
0.001212 4373
0.001213 4374
0.001214 4374
0.001215 4374
0.001216 4375
0.001217 4376
0.001218 4377
0.001219 4377
0.00122 4378
0.001221 4377
0.001222 4378
0.001223 4379
0.001224 4379
0.001225 4379
0.001226 4379
0.001227 4381
0.001228 4381
0.001229 4381
0.00123 4381
0.001231 4382
0.001232 4383
0.001233 4384
0.001234 4384
0.001235 4384
0.001236 4384
0.001237 4384
0.001238 4384
0.001239 4384
0.00124 4383
0.001241 4382
0.001242 4382
0.001243 4383
0.001244 4382
0.001245 4382
0.001246 4382
0.001247 4381
0.001248 4381
0.001249 4381
0.00125 4381
0.001251 4380
0.001252 4380
0.001253 4380
0.001254 4380
0.001255 4380
0.001256 4379
0.001257 4378
0.001258 4378
0.001259 4378
0.00126 4378
0.001261 4378
0.001262 4378
0.001263 4378
0.001264 4378
0.001265 4378
0.001266 4378
0.001267 4378
0.001268 4378
0.001269 4378
0.00127 4378
0.001271 4379
0.001272 4380
0.001273 4380
0.001274 4381
0.001275 4381
0.001276 4381
0.001277 4381
0.001278 4381
0.001279 4381
0.00128 4381
0.001281 4381
0.001282 4380
0.001283 4380
0.001284 4379
0.001285 4379
0.001286 4379
0.001287 4378
0.001288 4379
0.001289 4379
0.00129 4379
0.001291 4379
0.001292 4378
0.001293 4378
0.001294 4379
0.001295 4379
0.001296 4379
0.001297 4379
0.001298 4379
0.001299 4379
0.0013 4379
0.001301 4378
0.001302 4379
0.001303 4378
0.001304 4378
0.001305 4378
0.001306 4378
0.001307 4378
0.001308 4379
0.001309 4379
0.00131 4379
0.001311 4378
0.001312 4378
0.001313 4378
0.001314 4378
0.001315 4378
0.001316 4378
0.001317 4378
0.001318 4378
0.001319 4379
0.00132 4379
0.001321 4379
0.001322 4379
0.001323 4379
0.001324 4379
0.001325 4380
0.001326 4380
0.001327 4380
0.001328 4380
0.001329 4380
0.00133 4380
0.001331 4380
0.001332 4381
0.001333 4381
0.001334 4382
0.001335 4380
0.001336 4380
0.001337 4380
0.001338 4380
0.001339 4380
0.00134 4380
0.001341 4380
0.001342 4380
0.001343 4381
0.001344 4381
0.001345 4381
0.001346 4381
0.001347 4380
0.001348 4382
0.001349 4383
0.00135 4383
0.001351 4383
0.001352 4383
0.001353 4385
0.001354 4385
0.001355 4385
0.001356 4385
0.001357 4384
0.001358 4384
0.001359 4384
0.00136 4385
0.001361 4385
0.001362 4385
0.001363 4385
0.001364 4385
0.001365 4385
0.001366 4386
0.001367 4386
0.001368 4386
0.001369 4386
0.00137 4386
0.001371 4386
0.001372 4387
0.001373 4387
0.001374 4386
0.001375 4386
0.001376 4386
0.001377 4386
0.001378 4386
0.001379 4386
0.00138 4386
0.001381 4386
0.001382 4386
0.001383 4386
0.001384 4385
0.001385 4386
0.001386 4386
0.001387 4386
0.001388 4385
0.001389 4385
0.00139 4385
0.001391 4384
0.001392 4385
0.001393 4385
0.001394 4385
0.001395 4385
0.001396 4384
0.001397 4384
0.001398 4384
0.001399 4385
0.0014 4385
0.001401 4385
0.001402 4384
0.001403 4384
0.001404 4384
0.001405 4385
0.001406 4385
0.001407 4384
0.001408 4384
0.001409 4384
0.00141 4384
0.001411 4383
0.001412 4383
0.001413 4383
0.001414 4383
0.001415 4383
0.001416 4383
0.001417 4383
0.001418 4383
0.001419 4383
0.00142 4383
0.001421 4383
0.001422 4383
0.001423 4383
0.001424 4383
0.001425 4382
0.001426 4381
0.001427 4383
0.001428 4383
0.001429 4383
0.00143 4383
0.001431 4383
0.001432 4383
0.001433 4383
0.001434 4384
0.001435 4384
0.001436 4384
0.001437 4384
0.001438 4384
0.001439 4384
0.00144 4385
0.001441 4385
0.001442 4384
0.001443 4384
0.001444 4385
0.001445 4385
0.001446 4384
0.001447 4384
0.001448 4384
0.001449 4384
0.00145 4385
0.001451 4385
0.001452 4386
0.001453 4387
0.001454 4387
0.001455 4387
0.001456 4388
0.001457 4387
0.001458 4387
0.001459 4388
0.00146 4388
0.001461 4388
0.001462 4387
0.001463 4387
0.001464 4388
0.001465 4388
0.001466 4388
0.001467 4388
0.001468 4388
0.001469 4388
0.00147 4388
0.001471 4388
0.001472 4388
0.001473 4388
0.001474 4388
0.001475 4388
0.001476 4388
0.001477 4388
0.001478 4388
0.001479 4388
0.00148 4388
0.001481 4388
0.001482 4388
0.001483 4388
0.001484 4388
0.001485 4388
0.001486 4388
0.001487 4388
0.001488 4389
0.001489 4389
0.00149 4388
0.001491 4388
0.001492 4387
0.001493 4387
0.001494 4387
0.001495 4388
0.001496 4388
0.001497 4387
0.001498 4387
0.001499 4387
0.0015 4386
0.001501 4386
0.001502 4386
0.001503 4387
0.001504 4386
0.001505 4386
0.001506 4386
0.001507 4385
0.001508 4385
0.001509 4384
0.00151 4384
0.001511 4384
0.001512 4382
0.001513 4382
0.001514 4382
0.001515 4382
0.001516 4382
0.001517 4384
0.001518 4384
0.001519 4384
0.00152 4385
0.001521 4386
0.001522 4385
0.001523 4385
0.001524 4384
0.001525 4384
0.001526 4384
0.001527 4384
0.001528 4384
0.001529 4383
0.00153 4383
0.001531 4383
0.001532 4383
0.001533 4384
0.001534 4384
0.001535 4384
0.001536 4384
0.001537 4383
0.001538 4384
0.001539 4385
0.00154 4386
0.001541 4386
0.001542 4386
0.001543 4386
0.001544 4385
0.001545 4385
0.001546 4385
0.001547 4386
0.001548 4386
0.001549 4387
0.00155 4388
0.001551 4387
0.001552 4387
0.001553 4387
0.001554 4387
0.001555 4387
0.001556 4387
0.001557 4387
0.001558 4387
0.001559 4387
0.00156 4388
0.001561 4388
0.001562 4388
0.001563 4388
0.001564 4388
0.001565 4389
0.001566 4389
0.001567 4389
0.001568 4389
0.001569 4389
0.00157 4389
0.001571 4389
0.001572 4389
0.001573 4389
0.001574 4389
0.001575 4389
0.001576 4389
0.001577 4388
0.001578 4388
0.001579 4388
0.00158 4388
0.001581 4387
0.001582 4386
0.001583 4386
0.001584 4386
0.001585 4386
0.001586 4386
0.001587 4387
0.001588 4386
0.001589 4386
0.00159 4386
0.001591 4386
0.001592 4386
0.001593 4385
0.001594 4385
0.001595 4385
0.001596 4385
0.001597 4385
0.001598 4386
0.001599 4386
0.0016 4387
0.001601 4387
0.001602 4387
0.001603 4386
0.001604 4386
0.001605 4386
0.001606 4385
0.001607 4384
0.001608 4384
0.001609 4384
0.00161 4384
0.001611 4384
0.001612 4384
0.001613 4385
0.001614 4384
0.001615 4384
0.001616 4382
0.001617 4382
0.001618 4382
0.001619 4383
0.00162 4383
0.001621 4383
0.001622 4383
0.001623 4383
0.001624 4384
0.001625 4384
0.001626 4384
0.001627 4384
0.001628 4384
0.001629 4384
0.00163 4384
0.001631 4384
0.001632 4384
0.001633 4385
0.001634 4385
0.001635 4385
0.001636 4385
0.001637 4385
0.001638 4385
0.001639 4385
0.00164 4385
0.001641 4384
0.001642 4384
0.001643 4383
0.001644 4384
0.001645 4383
0.001646 4383
0.001647 4383
0.001648 4383
0.001649 4383
0.00165 4383
0.001651 4383
0.001652 4382
0.001653 4382
0.001654 4383
0.001655 4383
0.001656 4383
0.001657 4383
0.001658 4383
0.001659 4383
0.00166 4383
0.001661 4383
0.001662 4383
0.001663 4384
0.001664 4384
0.001665 4384
0.001666 4384
0.001667 4385
0.001668 4385
0.001669 4385
0.00167 4385
0.001671 4385
0.001672 4385
0.001673 4385
0.001674 4385
0.001675 4385
0.001676 4385
0.001677 4384
0.001678 4384
0.001679 4384
0.00168 4384
0.001681 4384
0.001682 4384
0.001683 4384
0.001684 4384
0.001685 4383
0.001686 4383
0.001687 4384
0.001688 4383
0.001689 4383
0.00169 4383
0.001691 4383
0.001692 4384
0.001693 4384
0.001694 4385
0.001695 4385
0.001696 4386
0.001697 4386
0.001698 4386
0.001699 4387
0.0017 4387
0.001701 4386
0.001702 4386
0.001703 4386
0.001704 4386
0.001705 4385
0.001706 4385
0.001707 4385
0.001708 4384
0.001709 4383
0.00171 4384
0.001711 4384
0.001712 4384
0.001713 4384
0.001714 4384
0.001715 4384
0.001716 4384
0.001717 4384
0.001718 4384
0.001719 4384
0.00172 4384
0.001721 4384
0.001722 4383
0.001723 4384
0.001724 4384
0.001725 4384
0.001726 4384
0.001727 4384
0.001728 4384
0.001729 4384
0.00173 4384
0.001731 4384
0.001732 4384
0.001733 4384
0.001734 4385
0.001735 4385
0.001736 4386
0.001737 4386
0.001738 4386
0.001739 4386
0.00174 4386
0.001741 4386
0.001742 4387
0.001743 4387
0.001744 4387
0.001745 4387
0.001746 4387
0.001747 4388
0.001748 4388
0.001749 4389
0.00175 4389
0.001751 4389
0.001752 4390
0.001753 4389
0.001754 4389
0.001755 4389
0.001756 4389
0.001757 4389
0.001758 4389
0.001759 4389
0.00176 4389
0.001761 4390
0.001762 4390
0.001763 4390
0.001764 4391
0.001765 4391
0.001766 4391
0.001767 4391
0.001768 4391
0.001769 4391
0.00177 4391
0.001771 4391
0.001772 4391
0.001773 4393
0.001774 4393
0.001775 4393
0.001776 4393
0.001777 4393
0.001778 4393
0.001779 4393
0.00178 4393
0.001781 4392
0.001782 4392
0.001783 4392
0.001784 4392
0.001785 4392
0.001786 4392
0.001787 4392
0.001788 4393
0.001789 4391
0.00179 4391
0.001791 4391
0.001792 4391
0.001793 4391
0.001794 4392
0.001795 4392
0.001796 4392
0.001797 4392
0.001798 4392
0.001799 4392
0.0018 4393
0.001801 4393
0.001802 4393
0.001803 4394
0.001804 4393
0.001805 4393
0.001806 4393
0.001807 4393
0.001808 4393
0.001809 4393
0.00181 4393
0.001811 4393
0.001812 4392
0.001813 4391
0.001814 4391
0.001815 4392
0.001816 4392
0.001817 4392
0.001818 4392
0.001819 4392
0.00182 4391
0.001821 4391
0.001822 4391
0.001823 4391
0.001824 4391
0.001825 4391
0.001826 4391
0.001827 4392
0.001828 4392
0.001829 4392
0.00183 4392
0.001831 4392
0.001832 4392
0.001833 4392
0.001834 4392
0.001835 4392
0.001836 4391
0.001837 4390
0.001838 4390
0.001839 4391
0.00184 4392
0.001841 4392
0.001842 4392
0.001843 4392
0.001844 4392
0.001845 4392
0.001846 4392
0.001847 4391
0.001848 4391
0.001849 4391
0.00185 4391
0.001851 4390
0.001852 4390
0.001853 4390
0.001854 4390
0.001855 4389
0.001856 4389
0.001857 4389
0.001858 4389
0.001859 4388
0.00186 4388
0.001861 4388
0.001862 4388
0.001863 4388
0.001864 4389
0.001865 4388
0.001866 4388
0.001867 4388
0.001868 4389
0.001869 4389
0.00187 4389
0.001871 4389
0.001872 4389
0.001873 4389
0.001874 4389
0.001875 4391
0.001876 4391
0.001877 4391
0.001878 4391
0.001879 4391
0.00188 4391
0.001881 4391
0.001882 4391
0.001883 4391
0.001884 4391
0.001885 4391
0.001886 4391
0.001887 4390
0.001888 4390
0.001889 4391
0.00189 4391
0.001891 4391
0.001892 4391
0.001893 4391
0.001894 4391
0.001895 4390
0.001896 4390
0.001897 4389
0.001898 4387
0.001899 4388
0.0019 4388
0.001901 4388
0.001902 4388
0.001903 4388
0.001904 4388
0.001905 4388
0.001906 4388
0.001907 4388
0.001908 4388
0.001909 4388
0.00191 4388
0.001911 4389
0.001912 4390
0.001913 4390
0.001914 4390
0.001915 4390
0.001916 4390
0.001917 4390
0.001918 4390
0.001919 4392
0.00192 4393
0.001921 4393
0.001922 4393
0.001923 4393
0.001924 4393
0.001925 4393
0.001926 4393
0.001927 4393
0.001928 4393
0.001929 4393
0.00193 4393
0.001931 4393
0.001932 4393
0.001933 4392
0.001934 4391
0.001935 4391
0.001936 4390
0.001937 4390
0.001938 4390
0.001939 4390
0.00194 4390
0.001941 4390
0.001942 4390
0.001943 4391
0.001944 4390
0.001945 4390
0.001946 4390
0.001947 4389
0.001948 4389
0.001949 4389
0.00195 4389
0.001951 4389
0.001952 4389
0.001953 4389
0.001954 4389
0.001955 4390
0.001956 4391
0.001957 4391
0.001958 4391
0.001959 4391
0.00196 4390
0.001961 4390
0.001962 4390
0.001963 4390
0.001964 4390
0.001965 4390
0.001966 4392
0.001967 4392
0.001968 4392
0.001969 4391
0.00197 4391
0.001971 4391
0.001972 4392
0.001973 4392
0.001974 4392
0.001975 4392
0.001976 4392
0.001977 4392
0.001978 4392
0.001979 4392
0.00198 4392
0.001981 4392
0.001982 4392
0.001983 4392
0.001984 4392
0.001985 4392
0.001986 4392
0.001987 4392
0.001988 4392
0.001989 4392
0.00199 4392
0.001991 4392
0.001992 4392
0.001993 4392
0.001994 4391
0.001995 4391
0.001996 4390
0.001997 4390
0.001998 4390
0.001999 4390
0.002 4390
0.002001 4389
0.002002 4389
0.002003 4389
0.002004 4389
0.002005 4390
0.002006 4390
0.002007 4390
0.002008 4390
0.002009 4390
0.00201 4390
0.002011 4390
0.002012 4390
0.002013 4389
0.002014 4389
0.002015 4389
0.002016 4389
0.002017 4390
0.002018 4390
0.002019 4390
0.00202 4390
0.002021 4391
0.002022 4391
0.002023 4391
0.002024 4390
0.002025 4390
0.002026 4389
0.002027 4389
0.002028 4389
0.002029 4388
0.00203 4388
0.002031 4388
0.002032 4389
0.002033 4389
0.002034 4389
0.002035 4389
0.002036 4389
0.002037 4389
0.002038 4389
0.002039 4390
0.00204 4390
0.002041 4390
0.002042 4390
0.002043 4391
0.002044 4392
0.002045 4392
0.002046 4392
0.002047 4392
0.002048 4392
0.002049 4392
0.00205 4392
0.002051 4392
0.002052 4392
0.002053 4392
0.002054 4392
0.002055 4392
0.002056 4392
0.002057 4392
0.002058 4392
0.002059 4392
0.00206 4392
0.002061 4392
0.002062 4392
0.002063 4392
0.002064 4393
0.002065 4393
0.002066 4393
0.002067 4393
0.002068 4392
0.002069 4392
0.00207 4392
0.002071 4392
0.002072 4392
0.002073 4392
0.002074 4391
0.002075 4390
0.002076 4392
0.002077 4393
0.002078 4393
0.002079 4393
0.00208 4393
0.002081 4392
0.002082 4392
0.002083 4392
0.002084 4392
0.002085 4393
0.002086 4394
0.002087 4394
0.002088 4393
0.002089 4395
0.00209 4395
0.002091 4395
0.002092 4395
0.002093 4395
0.002094 4395
0.002095 4395
0.002096 4395
0.002097 4395
0.002098 4395
0.002099 4395
0.0021 4396
0.002101 4397
0.002102 4397
0.002103 4397
0.002104 4397
0.002105 4397
0.002106 4397
0.002107 4397
0.002108 4396
0.002109 4396
0.00211 4396
0.002111 4396
0.002112 4396
0.002113 4396
0.002114 4397
0.002115 4397
0.002116 4397
0.002117 4397
0.002118 4397
0.002119 4397
0.00212 4397
0.002121 4398
0.002122 4398
0.002123 4397
0.002124 4397
0.002125 4397
0.002126 4397
0.002127 4397
0.002128 4396
0.002129 4396
0.00213 4396
0.002131 4396
0.002132 4397
0.002133 4397
0.002134 4397
0.002135 4397
0.002136 4397
0.002137 4398
0.002138 4398
0.002139 4397
0.00214 4397
0.002141 4397
0.002142 4397
0.002143 4397
0.002144 4397
0.002145 4397
0.002146 4397
0.002147 4397
0.002148 4396
0.002149 4396
0.00215 4395
0.002151 4395
0.002152 4395
0.002153 4395
0.002154 4395
0.002155 4395
0.002156 4395
0.002157 4395
0.002158 4395
0.002159 4394
0.00216 4394
0.002161 4394
0.002162 4395
0.002163 4395
0.002164 4395
0.002165 4395
0.002166 4395
0.002167 4396
0.002168 4396
0.002169 4396
0.00217 4396
0.002171 4396
0.002172 4396
0.002173 4396
0.002174 4396
0.002175 4396
0.002176 4396
0.002177 4396
0.002178 4397
0.002179 4397
0.00218 4397
0.002181 4397
0.002182 4397
0.002183 4396
0.002184 4396
0.002185 4396
0.002186 4394
0.002187 4394
0.002188 4395
0.002189 4395
0.00219 4396
0.002191 4396
0.002192 4396
0.002193 4396
0.002194 4396
0.002195 4396
0.002196 4396
0.002197 4396
0.002198 4396
0.002199 4397
0.0022 4397
0.002201 4397
0.002202 4399
0.002203 4399
0.002204 4399
0.002205 4399
0.002206 4399
0.002207 4399
0.002208 4398
0.002209 4398
0.00221 4398
0.002211 4398
0.002212 4399
0.002213 4397
0.002214 4396
0.002215 4397
0.002216 4397
0.002217 4396
0.002218 4396
0.002219 4396
0.00222 4394
0.002221 4394
0.002222 4394
0.002223 4394
0.002224 4394
0.002225 4394
0.002226 4394
0.002227 4394
0.002228 4393
0.002229 4393
0.00223 4393
0.002231 4393
0.002232 4393
0.002233 4393
0.002234 4393
0.002235 4393
0.002236 4393
0.002237 4393
0.002238 4392
0.002239 4392
0.00224 4392
0.002241 4393
0.002242 4393
0.002243 4393
0.002244 4395
0.002245 4395
0.002246 4394
0.002247 4394
0.002248 4393
0.002249 4393
0.00225 4393
0.002251 4393
0.002252 4393
0.002253 4394
0.002254 4394
0.002255 4393
0.002256 4394
0.002257 4394
0.002258 4394
0.002259 4394
0.00226 4394
0.002261 4394
0.002262 4394
0.002263 4394
0.002264 4394
0.002265 4394
0.002266 4396
0.002267 4395
0.002268 4395
0.002269 4395
0.00227 4395
0.002271 4395
0.002272 4395
0.002273 4395
0.002274 4395
0.002275 4397
0.002276 4397
0.002277 4396
0.002278 4396
0.002279 4396
0.00228 4396
0.002281 4396
0.002282 4396
0.002283 4396
0.002284 4396
0.002285 4396
0.002286 4396
0.002287 4396
0.002288 4396
0.002289 4396
0.00229 4396
0.002291 4395
0.002292 4395
0.002293 4395
0.002294 4395
0.002295 4395
0.002296 4395
0.002297 4395
0.002298 4395
0.002299 4396
0.0023 4396
0.002301 4396
0.002302 4396
0.002303 4395
0.002304 4395
0.002305 4395
0.002306 4396
0.002307 4396
0.002308 4396
0.002309 4397
0.00231 4395
0.002311 4395
0.002312 4394
0.002313 4394
0.002314 4394
0.002315 4394
0.002316 4394
0.002317 4394
0.002318 4394
0.002319 4394
0.00232 4394
0.002321 4394
0.002322 4394
0.002323 4394
0.002324 4394
0.002325 4394
0.002326 4394
0.002327 4394
0.002328 4395
0.002329 4396
0.00233 4396
0.002331 4396
0.002332 4395
0.002333 4394
0.002334 4394
0.002335 4394
0.002336 4393
0.002337 4392
0.002338 4393
0.002339 4393
0.00234 4393
0.002341 4393
0.002342 4393
0.002343 4393
0.002344 4394
0.002345 4394
0.002346 4394
0.002347 4393
0.002348 4394
0.002349 4394
0.00235 4394
0.002351 4394
0.002352 4394
0.002353 4394
0.002354 4394
0.002355 4394
0.002356 4394
0.002357 4394
0.002358 4394
0.002359 4394
0.00236 4394
0.002361 4394
0.002362 4396
0.002363 4396
0.002364 4396
0.002365 4396
0.002366 4396
0.002367 4397
0.002368 4397
0.002369 4397
0.00237 4397
0.002371 4397
0.002372 4397
0.002373 4397
0.002374 4398
0.002375 4398
0.002376 4399
0.002377 4399
0.002378 4399
0.002379 4399
0.00238 4398
0.002381 4397
0.002382 4397
0.002383 4397
0.002384 4398
0.002385 4398
0.002386 4398
0.002387 4398
0.002388 4397
0.002389 4397
0.00239 4397
0.002391 4397
0.002392 4398
0.002393 4398
0.002394 4398
0.002395 4399
0.002396 4398
0.002397 4399
0.002398 4399
0.002399 4398
0.0024 4398
0.002401 4397
0.002402 4397
0.002403 4397
0.002404 4397
0.002405 4397
0.002406 4397
0.002407 4397
0.002408 4396
0.002409 4396
0.00241 4396
0.002411 4396
0.002412 4395
0.002413 4395
0.002414 4395
0.002415 4394
0.002416 4395
0.002417 4395
0.002418 4396
0.002419 4395
0.00242 4395
0.002421 4395
0.002422 4395
0.002423 4394
0.002424 4394
0.002425 4395
0.002426 4395
0.002427 4395
0.002428 4395
0.002429 4395
0.00243 4395
0.002431 4395
0.002432 4395
0.002433 4395
0.002434 4395
0.002435 4394
0.002436 4393
0.002437 4393
0.002438 4393
0.002439 4393
0.00244 4393
0.002441 4394
0.002442 4394
0.002443 4394
0.002444 4395
0.002445 4396
0.002446 4396
0.002447 4396
0.002448 4397
0.002449 4398
0.00245 4397
0.002451 4398
0.002452 4398
0.002453 4398
0.002454 4399
0.002455 4399
0.002456 4399
0.002457 4399
0.002458 4399
0.002459 4399
0.00246 4398
0.002461 4397
0.002462 4397
0.002463 4398
0.002464 4398
0.002465 4398
0.002466 4397
0.002467 4397
0.002468 4398
0.002469 4398
0.00247 4398
0.002471 4397
0.002472 4398
0.002473 4398
0.002474 4398
0.002475 4398
0.002476 4398
0.002477 4397
0.002478 4396
0.002479 4395
0.00248 4395
0.002481 4395
0.002482 4394
0.002483 4393
0.002484 4393
0.002485 4393
0.002486 4393
0.002487 4394
0.002488 4394
0.002489 4394
0.00249 4395
0.002491 4395
0.002492 4395
0.002493 4395
0.002494 4395
0.002495 4394
0.002496 4394
0.002497 4393
0.002498 4393
0.002499 4394
0.0025 4393
0.002501 4393
0.002502 4392
0.002503 4392
0.002504 4392
0.002505 4392
0.002506 4392
0.002507 4392
0.002508 4392
0.002509 4391
0.00251 4391
0.002511 4391
0.002512 4390
0.002513 4390
0.002514 4390
0.002515 4390
0.002516 4390
0.002517 4390
0.002518 4389
0.002519 4389
0.00252 4389
0.002521 4389
0.002522 4389
0.002523 4389
0.002524 4389
0.002525 4391
0.002526 4391
0.002527 4391
0.002528 4390
0.002529 4390
0.00253 4390
0.002531 4390
0.002532 4390
0.002533 4389
0.002534 4389
0.002535 4389
0.002536 4389
0.002537 4390
0.002538 4390
0.002539 4390
0.00254 4390
0.002541 4390
0.002542 4390
0.002543 4390
0.002544 4392
0.002545 4391
0.002546 4391
0.002547 4391
0.002548 4391
0.002549 4391
0.00255 4390
0.002551 4390
0.002552 4390
0.002553 4391
0.002554 4392
0.002555 4392
0.002556 4392
0.002557 4392
0.002558 4392
0.002559 4392
0.00256 4392
0.002561 4392
0.002562 4392
0.002563 4393
0.002564 4392
0.002565 4393
0.002566 4393
0.002567 4394
0.002568 4394
0.002569 4394
0.00257 4394
0.002571 4393
0.002572 4393
0.002573 4393
0.002574 4393
0.002575 4393
0.002576 4393
0.002577 4393
0.002578 4393
0.002579 4393
0.00258 4392
0.002581 4392
0.002582 4393
0.002583 4394
0.002584 4394
0.002585 4394
0.002586 4394
0.002587 4394
0.002588 4394
0.002589 4394
0.00259 4394
0.002591 4394
0.002592 4394
0.002593 4394
0.002594 4393
0.002595 4393
0.002596 4394
0.002597 4394
0.002598 4395
0.002599 4394
0.0026 4394
0.002601 4395
0.002602 4396
0.002603 4396
0.002604 4396
0.002605 4396
0.002606 4397
0.002607 4398
0.002608 4397
0.002609 4397
0.00261 4397
0.002611 4396
0.002612 4396
0.002613 4396
0.002614 4398
0.002615 4397
0.002616 4396
0.002617 4396
0.002618 4396
0.002619 4396
0.00262 4396
0.002621 4396
0.002622 4396
0.002623 4397
0.002624 4397
0.002625 4397
0.002626 4397
0.002627 4397
0.002628 4397
0.002629 4398
0.00263 4398
0.002631 4397
0.002632 4397
0.002633 4397
0.002634 4399
0.002635 4398
0.002636 4398
0.002637 4398
0.002638 4398
0.002639 4397
0.00264 4397
0.002641 4397
0.002642 4397
0.002643 4397
0.002644 4397
0.002645 4397
0.002646 4397
0.002647 4398
0.002648 4398
0.002649 4398
0.00265 4398
0.002651 4399
0.002652 4399
0.002653 4400
0.002654 4400
0.002655 4400
0.002656 4400
0.002657 4400
0.002658 4400
0.002659 4400
0.00266 4401
0.002661 4402
0.002662 4403
0.002663 4403
0.002664 4403
0.002665 4403
0.002666 4404
0.002667 4404
0.002668 4402
0.002669 4402
0.00267 4402
0.002671 4403
0.002672 4405
0.002673 4405
0.002674 4405
0.002675 4405
0.002676 4404
0.002677 4404
0.002678 4405
0.002679 4405
0.00268 4405
0.002681 4405
0.002682 4405
0.002683 4406
0.002684 4407
0.002685 4407
0.002686 4407
0.002687 4407
0.002688 4407
0.002689 4407
0.00269 4408
0.002691 4408
0.002692 4408
0.002693 4408
0.002694 4408
0.002695 4407
0.002696 4407
0.002697 4407
0.002698 4407
0.002699 4407
0.0027 4407
0.002701 4407
0.002702 4407
0.002703 4408
0.002704 4408
0.002705 4408
0.002706 4408
0.002707 4408
0.002708 4408
0.002709 4408
0.00271 4408
0.002711 4408
0.002712 4408
0.002713 4408
0.002714 4408
0.002715 4408
0.002716 4408
0.002717 4408
0.002718 4408
0.002719 4408
0.00272 4408
0.002721 4408
0.002722 4408
0.002723 4408
0.002724 4408
0.002725 4408
0.002726 4408
0.002727 4408
0.002728 4408
0.002729 4408
0.00273 4409
0.002731 4409
0.002732 4409
0.002733 4409
0.002734 4409
0.002735 4408
0.002736 4408
0.002737 4408
0.002738 4408
0.002739 4408
0.00274 4409
0.002741 4409
0.002742 4409
0.002743 4410
0.002744 4410
0.002745 4409
0.002746 4409
0.002747 4409
0.002748 4410
0.002749 4410
0.00275 4410
0.002751 4410
0.002752 4410
0.002753 4410
0.002754 4410
0.002755 4409
0.002756 4409
0.002757 4409
0.002758 4409
0.002759 4410
0.00276 4410
0.002761 4409
0.002762 4409
0.002763 4409
0.002764 4409
0.002765 4409
0.002766 4410
0.002767 4410
0.002768 4410
0.002769 4410
0.00277 4409
0.002771 4410
0.002772 4410
0.002773 4410
0.002774 4409
0.002775 4410
0.002776 4410
0.002777 4410
0.002778 4410
0.002779 4409
0.00278 4409
0.002781 4409
0.002782 4409
0.002783 4408
0.002784 4408
0.002785 4408
0.002786 4408
0.002787 4407
0.002788 4407
0.002789 4407
0.00279 4407
0.002791 4407
0.002792 4407
0.002793 4407
0.002794 4407
0.002795 4408
0.002796 4408
0.002797 4408
0.002798 4408
0.002799 4408
0.0028 4407
0.002801 4407
0.002802 4407
0.002803 4407
0.002804 4407
0.002805 4407
0.002806 4406
0.002807 4406
0.002808 4406
0.002809 4406
0.00281 4406
0.002811 4406
0.002812 4406
0.002813 4406
0.002814 4406
0.002815 4405
0.002816 4405
0.002817 4405
0.002818 4405
0.002819 4405
0.00282 4405
0.002821 4405
0.002822 4405
0.002823 4405
0.002824 4405
0.002825 4404
0.002826 4404
0.002827 4404
0.002828 4404
0.002829 4405
0.00283 4405
0.002831 4405
0.002832 4405
0.002833 4405
0.002834 4406
0.002835 4406
0.002836 4406
0.002837 4406
0.002838 4406
0.002839 4406
0.00284 4405
0.002841 4406
0.002842 4404
0.002843 4404
0.002844 4404
0.002845 4404
0.002846 4405
0.002847 4405
0.002848 4403
0.002849 4403
0.00285 4403
0.002851 4403
0.002852 4403
0.002853 4403
0.002854 4403
0.002855 4403
0.002856 4403
0.002857 4403
0.002858 4402
0.002859 4404
0.00286 4404
0.002861 4404
0.002862 4405
0.002863 4404
0.002864 4404
0.002865 4405
0.002866 4406
0.002867 4405
0.002868 4406
0.002869 4406
0.00287 4406
0.002871 4406
0.002872 4406
0.002873 4406
0.002874 4407
0.002875 4408
0.002876 4408
0.002877 4406
0.002878 4406
0.002879 4405
0.00288 4405
0.002881 4405
0.002882 4405
0.002883 4405
0.002884 4405
0.002885 4405
0.002886 4405
0.002887 4406
0.002888 4406
0.002889 4406
0.00289 4406
0.002891 4406
0.002892 4406
0.002893 4404
0.002894 4405
0.002895 4404
0.002896 4403
0.002897 4402
0.002898 4402
0.002899 4401
0.0029 4401
0.002901 4401
0.002902 4401
0.002903 4401
0.002904 4401
0.002905 4401
0.002906 4401
0.002907 4401
0.002908 4401
0.002909 4401
0.00291 4401
0.002911 4400
0.002912 4400
0.002913 4400
0.002914 4400
0.002915 4401
0.002916 4401
0.002917 4401
0.002918 4401
0.002919 4401
0.00292 4401
0.002921 4400
0.002922 4400
0.002923 4400
0.002924 4399
0.002925 4399
0.002926 4399
0.002927 4399
0.002928 4399
0.002929 4399
0.00293 4399
0.002931 4399
0.002932 4398
0.002933 4398
0.002934 4398
0.002935 4398
0.002936 4399
0.002937 4399
0.002938 4399
0.002939 4399
0.00294 4399
0.002941 4400
0.002942 4401
0.002943 4401
0.002944 4400
0.002945 4400
0.002946 4398
0.002947 4398
0.002948 4397
0.002949 4397
0.00295 4397
0.002951 4396
0.002952 4396
0.002953 4396
0.002954 4395
0.002955 4395
0.002956 4395
0.002957 4395
0.002958 4396
0.002959 4396
0.00296 4395
0.002961 4395
0.002962 4395
0.002963 4394
0.002964 4394
0.002965 4395
0.002966 4395
0.002967 4396
0.002968 4396
0.002969 4397
0.00297 4395
0.002971 4394
0.002972 4394
0.002973 4394
0.002974 4394
0.002975 4394
0.002976 4395
0.002977 4395
0.002978 4396
0.002979 4396
0.00298 4396
0.002981 4396
0.002982 4396
0.002983 4396
0.002984 4396
0.002985 4396
0.002986 4396
0.002987 4396
0.002988 4395
0.002989 4396
0.00299 4396
0.002991 4397
0.002992 4397
0.002993 4397
0.002994 4397
0.002995 4397
0.002996 4397
0.002997 4397
0.002998 4398
0.002999 4397
0.003 4398
0.003001 4398
0.003002 4398
0.003003 4398
0.003004 4399
0.003005 4399
0.003006 4399
0.003007 4399
0.003008 4399
0.003009 4399
0.00301 4399
0.003011 4399
0.003012 4400
0.003013 4400
0.003014 4400
0.003015 4400
0.003016 4400
0.003017 4401
0.003018 4401
0.003019 4401
0.00302 4400
0.003021 4401
0.003022 4401
0.003023 4401
0.003024 4400
0.003025 4400
0.003026 4399
0.003027 4399
0.003028 4399
0.003029 4399
0.00303 4399
0.003031 4399
0.003032 4399
0.003033 4399
0.003034 4399
0.003035 4398
0.003036 4398
0.003037 4399
0.003038 4399
0.003039 4399
0.00304 4399
0.003041 4398
0.003042 4398
0.003043 4398
0.003044 4398
0.003045 4399
0.003046 4398
0.003047 4399
0.003048 4399
0.003049 4399
0.00305 4399
0.003051 4398
0.003052 4398
0.003053 4398
0.003054 4397
0.003055 4397
0.003056 4397
0.003057 4398
0.003058 4398
0.003059 4398
0.00306 4398
0.003061 4398
0.003062 4398
0.003063 4397
0.003064 4397
0.003065 4397
0.003066 4398
0.003067 4397
0.003068 4397
0.003069 4397
0.00307 4398
0.003071 4399
0.003072 4399
0.003073 4399
0.003074 4399
0.003075 4400
0.003076 4400
0.003077 4400
0.003078 4400
0.003079 4400
0.00308 4400
0.003081 4398
0.003082 4398
0.003083 4398
0.003084 4397
0.003085 4397
0.003086 4397
0.003087 4397
0.003088 4397
0.003089 4398
0.00309 4397
0.003091 4397
0.003092 4397
0.003093 4397
0.003094 4397
0.003095 4397
0.003096 4397
0.003097 4397
0.003098 4397
0.003099 4397
0.0031 4397
0.003101 4397
0.003102 4397
0.003103 4397
0.003104 4397
0.003105 4397
0.003106 4397
0.003107 4397
0.003108 4397
0.003109 4397
0.00311 4397
0.003111 4396
0.003112 4396
0.003113 4396
0.003114 4396
0.003115 4396
0.003116 4396
0.003117 4396
0.003118 4396
0.003119 4396
0.00312 4396
0.003121 4396
0.003122 4396
0.003123 4396
0.003124 4397
0.003125 4397
0.003126 4397
0.003127 4397
0.003128 4397
0.003129 4397
0.00313 4397
0.003131 4397
0.003132 4397
0.003133 4397
0.003134 4397
0.003135 4397
0.003136 4397
0.003137 4397
0.003138 4397
0.003139 4398
0.00314 4398
0.003141 4398
0.003142 4398
0.003143 4398
0.003144 4397
0.003145 4397
0.003146 4397
0.003147 4396
0.003148 4395
0.003149 4395
0.00315 4395
0.003151 4395
0.003152 4394
0.003153 4394
0.003154 4394
0.003155 4394
0.003156 4394
0.003157 4394
0.003158 4394
0.003159 4395
0.00316 4395
0.003161 4395
0.003162 4395
0.003163 4395
0.003164 4395
0.003165 4395
0.003166 4395
0.003167 4395
0.003168 4395
0.003169 4395
0.00317 4396
0.003171 4396
0.003172 4396
0.003173 4396
0.003174 4396
0.003175 4396
0.003176 4395
0.003177 4396
0.003178 4396
0.003179 4396
0.00318 4396
0.003181 4396
0.003182 4396
0.003183 4396
0.003184 4397
0.003185 4397
0.003186 4397
0.003187 4397
0.003188 4397
0.003189 4398
0.00319 4396
0.003191 4396
0.003192 4396
0.003193 4396
0.003194 4396
0.003195 4396
0.003196 4396
0.003197 4396
0.003198 4396
0.003199 4396
0.0032 4396
0.003201 4396
0.003202 4396
0.003203 4397
0.003204 4397
0.003205 4397
0.003206 4397
0.003207 4397
0.003208 4397
0.003209 4396
0.00321 4396
0.003211 4397
0.003212 4396
0.003213 4396
0.003214 4397
0.003215 4397
0.003216 4397
0.003217 4397
0.003218 4397
0.003219 4397
0.00322 4396
0.003221 4396
0.003222 4396
0.003223 4396
0.003224 4396
0.003225 4396
0.003226 4396
0.003227 4397
0.003228 4397
0.003229 4397
0.00323 4397
0.003231 4396
0.003232 4396
0.003233 4397
0.003234 4398
0.003235 4398
0.003236 4397
0.003237 4397
0.003238 4397
0.003239 4398
0.00324 4398
0.003241 4398
0.003242 4397
0.003243 4398
0.003244 4398
0.003245 4399
0.003246 4399
0.003247 4399
0.003248 4399
0.003249 4398
0.00325 4397
0.003251 4398
0.003252 4398
0.003253 4398
0.003254 4400
0.003255 4400
0.003256 4400
0.003257 4400
0.003258 4400
0.003259 4400
0.00326 4400
0.003261 4400
0.003262 4400
0.003263 4399
0.003264 4399
0.003265 4399
0.003266 4398
0.003267 4399
0.003268 4401
0.003269 4401
0.00327 4401
0.003271 4402
0.003272 4402
0.003273 4402
0.003274 4402
0.003275 4401
0.003276 4401
0.003277 4402
0.003278 4403
0.003279 4404
0.00328 4403
0.003281 4402
0.003282 4403
0.003283 4403
0.003284 4403
0.003285 4403
0.003286 4403
0.003287 4403
0.003288 4404
0.003289 4404
0.00329 4404
0.003291 4404
0.003292 4404
0.003293 4404
0.003294 4404
0.003295 4402
0.003296 4403
0.003297 4403
0.003298 4403
0.003299 4403
0.0033 4403
0.003301 4403
0.003302 4403
0.003303 4402
0.003304 4402
0.003305 4402
0.003306 4402
0.003307 4402
0.003308 4401
0.003309 4402
0.00331 4401
0.003311 4400
0.003312 4400
0.003313 4400
0.003314 4400
0.003315 4400
0.003316 4400
0.003317 4401
0.003318 4403
0.003319 4403
0.00332 4403
0.003321 4403
0.003322 4403
0.003323 4403
0.003324 4402
0.003325 4402
0.003326 4402
0.003327 4402
0.003328 4402
0.003329 4403
0.00333 4403
0.003331 4402
0.003332 4402
0.003333 4402
0.003334 4403
0.003335 4402
0.003336 4402
0.003337 4402
0.003338 4402
0.003339 4401
0.00334 4401
0.003341 4401
0.003342 4401
0.003343 4401
0.003344 4401
0.003345 4401
0.003346 4401
0.003347 4401
0.003348 4401
0.003349 4401
0.00335 4401
0.003351 4401
0.003352 4402
0.003353 4401
0.003354 4401
0.003355 4401
0.003356 4401
0.003357 4401
0.003358 4401
0.003359 4401
0.00336 4401
0.003361 4401
0.003362 4401
0.003363 4401
0.003364 4400
0.003365 4400
0.003366 4400
0.003367 4400
0.003368 4401
0.003369 4400
0.00337 4400
0.003371 4401
0.003372 4401
0.003373 4400
0.003374 4400
0.003375 4399
0.003376 4399
0.003377 4399
0.003378 4399
0.003379 4399
0.00338 4400
0.003381 4400
0.003382 4401
0.003383 4401
0.003384 4401
0.003385 4401
0.003386 4402
0.003387 4402
0.003388 4402
0.003389 4402
0.00339 4402
0.003391 4401
0.003392 4401
0.003393 4401
0.003394 4400
0.003395 4400
0.003396 4400
0.003397 4400
0.003398 4400
0.003399 4400
0.0034 4400
0.003401 4400
0.003402 4399
0.003403 4398
0.003404 4399
0.003405 4399
0.003406 4400
0.003407 4399
0.003408 4399
0.003409 4399
0.00341 4399
0.003411 4399
0.003412 4399
0.003413 4398
0.003414 4398
0.003415 4398
0.003416 4398
0.003417 4398
0.003418 4398
0.003419 4398
0.00342 4397
0.003421 4397
0.003422 4397
0.003423 4397
0.003424 4397
0.003425 4397
0.003426 4397
0.003427 4397
0.003428 4397
0.003429 4397
0.00343 4397
0.003431 4397
0.003432 4396
0.003433 4396
0.003434 4396
0.003435 4397
0.003436 4397
0.003437 4397
0.003438 4396
0.003439 4396
0.00344 4395
0.003441 4394
0.003442 4394
0.003443 4394
0.003444 4394
0.003445 4394
0.003446 4394
0.003447 4394
0.003448 4394
0.003449 4394
0.00345 4394
0.003451 4393
0.003452 4393
0.003453 4393
0.003454 4393
0.003455 4393
0.003456 4392
0.003457 4392
0.003458 4392
0.003459 4392
0.00346 4391
0.003461 4391
0.003462 4391
0.003463 4391
0.003464 4391
0.003465 4392
0.003466 4391
0.003467 4391
0.003468 4391
0.003469 4391
0.00347 4391
0.003471 4392
0.003472 4392
0.003473 4393
0.003474 4393
0.003475 4394
0.003476 4393
0.003477 4393
0.003478 4393
0.003479 4393
0.00348 4393
0.003481 4393
0.003482 4393
0.003483 4393
0.003484 4394
0.003485 4394
0.003486 4394
0.003487 4394
0.003488 4393
0.003489 4393
0.00349 4393
0.003491 4392
0.003492 4392
0.003493 4392
0.003494 4392
0.003495 4392
0.003496 4392
0.003497 4392
0.003498 4392
0.003499 4392
0.0035 4392
0.003501 4392
0.003502 4392
0.003503 4391
0.003504 4389
0.003505 4389
0.003506 4388
0.003507 4388
0.003508 4388
0.003509 4388
0.00351 4388
0.003511 4388
0.003512 4387
0.003513 4386
0.003514 4386
0.003515 4386
0.003516 4386
0.003517 4386
0.003518 4386
0.003519 4386
0.00352 4386
0.003521 4386
0.003522 4387
0.003523 4387
0.003524 4387
0.003525 4387
0.003526 4388
0.003527 4388
0.003528 4389
0.003529 4388
0.00353 4388
0.003531 4387
0.003532 4387
0.003533 4387
0.003534 4387
0.003535 4387
0.003536 4387
0.003537 4387
0.003538 4387
0.003539 4386
0.00354 4386
0.003541 4388
0.003542 4388
0.003543 4388
0.003544 4388
0.003545 4388
0.003546 4388
0.003547 4388
0.003548 4387
0.003549 4387
0.00355 4387
0.003551 4387
0.003552 4387
0.003553 4386
0.003554 4386
0.003555 4386
0.003556 4386
0.003557 4386
0.003558 4386
0.003559 4387
0.00356 4387
0.003561 4387
0.003562 4388
0.003563 4388
0.003564 4388
0.003565 4388
0.003566 4389
0.003567 4389
0.003568 4389
0.003569 4389
0.00357 4389
0.003571 4390
0.003572 4391
0.003573 4391
0.003574 4391
0.003575 4391
0.003576 4391
0.003577 4391
0.003578 4391
0.003579 4391
0.00358 4391
0.003581 4392
0.003582 4392
0.003583 4392
0.003584 4392
0.003585 4392
0.003586 4392
0.003587 4392
0.003588 4391
0.003589 4390
0.00359 4389
0.003591 4390
0.003592 4390
0.003593 4390
0.003594 4390
0.003595 4389
0.003596 4389
0.003597 4388
0.003598 4388
0.003599 4388
0.0036 4388
0.003601 4388
0.003602 4387
0.003603 4386
0.003604 4386
0.003605 4386
0.003606 4386
0.003607 4386
0.003608 4386
0.003609 4386
0.00361 4387
0.003611 4386
0.003612 4386
0.003613 4386
0.003614 4386
0.003615 4386
0.003616 4386
0.003617 4386
0.003618 4387
0.003619 4387
0.00362 4387
0.003621 4387
0.003622 4386
0.003623 4386
0.003624 4386
0.003625 4386
0.003626 4386
0.003627 4386
0.003628 4386
0.003629 4385
0.00363 4385
0.003631 4385
0.003632 4385
0.003633 4385
0.003634 4385
0.003635 4385
0.003636 4385
0.003637 4385
0.003638 4385
0.003639 4385
0.00364 4385
0.003641 4386
0.003642 4386
0.003643 4387
0.003644 4387
0.003645 4387
0.003646 4387
0.003647 4387
0.003648 4387
0.003649 4388
0.00365 4388
0.003651 4388
0.003652 4388
0.003653 4388
0.003654 4388
0.003655 4388
0.003656 4388
0.003657 4388
0.003658 4388
0.003659 4388
0.00366 4388
0.003661 4387
0.003662 4386
0.003663 4386
0.003664 4386
0.003665 4386
0.003666 4386
0.003667 4386
0.003668 4386
0.003669 4386
0.00367 4385
0.003671 4385
0.003672 4386
0.003673 4386
0.003674 4386
0.003675 4387
0.003676 4388
0.003677 4389
0.003678 4389
0.003679 4389
0.00368 4389
0.003681 4389
0.003682 4389
0.003683 4389
0.003684 4390
0.003685 4390
0.003686 4389
0.003687 4389
0.003688 4389
0.003689 4389
0.00369 4389
0.003691 4389
0.003692 4389
0.003693 4389
0.003694 4389
0.003695 4389
0.003696 4390
0.003697 4388
0.003698 4388
0.003699 4388
0.0037 4388
0.003701 4387
0.003702 4385
0.003703 4384
0.003704 4384
0.003705 4383
0.003706 4383
0.003707 4383
0.003708 4383
0.003709 4382
0.00371 4382
0.003711 4382
0.003712 4382
0.003713 4382
0.003714 4382
0.003715 4382
0.003716 4382
0.003717 4381
0.003718 4381
0.003719 4381
0.00372 4381
0.003721 4382
0.003722 4382
0.003723 4382
0.003724 4382
0.003725 4381
0.003726 4379
0.003727 4380
0.003728 4380
0.003729 4380
0.00373 4380
0.003731 4380
0.003732 4380
0.003733 4379
0.003734 4381
0.003735 4381
0.003736 4381
0.003737 4381
0.003738 4381
0.003739 4382
0.00374 4384
0.003741 4384
0.003742 4384
0.003743 4383
0.003744 4384
0.003745 4385
0.003746 4385
0.003747 4385
0.003748 4385
0.003749 4385
0.00375 4385
0.003751 4385
0.003752 4385
0.003753 4385
0.003754 4385
0.003755 4385
0.003756 4385
0.003757 4386
0.003758 4386
0.003759 4386
0.00376 4386
0.003761 4387
0.003762 4387
0.003763 4387
0.003764 4387
0.003765 4386
0.003766 4386
0.003767 4386
0.003768 4386
0.003769 4386
0.00377 4386
0.003771 4386
0.003772 4386
0.003773 4386
0.003774 4386
0.003775 4386
0.003776 4386
0.003777 4386
0.003778 4386
0.003779 4385
0.00378 4385
0.003781 4387
0.003782 4387
0.003783 4387
0.003784 4387
0.003785 4387
0.003786 4387
0.003787 4386
0.003788 4386
0.003789 4386
0.00379 4387
0.003791 4387
0.003792 4387
0.003793 4387
0.003794 4387
0.003795 4387
0.003796 4387
0.003797 4387
0.003798 4387
0.003799 4387
0.0038 4387
0.003801 4387
0.003802 4387
0.003803 4387
0.003804 4388
0.003805 4389
0.003806 4389
0.003807 4389
0.003808 4389
0.003809 4389
0.00381 4389
0.003811 4390
0.003812 4391
0.003813 4390
0.003814 4390
0.003815 4389
0.003816 4389
0.003817 4388
0.003818 4388
0.003819 4388
0.00382 4389
0.003821 4389
0.003822 4389
0.003823 4389
0.003824 4390
0.003825 4390
0.003826 4390
0.003827 4388
0.003828 4387
0.003829 4387
0.00383 4387
0.003831 4387
0.003832 4387
0.003833 4387
0.003834 4387
0.003835 4387
0.003836 4387
0.003837 4387
0.003838 4387
0.003839 4387
0.00384 4387
0.003841 4386
0.003842 4387
0.003843 4387
0.003844 4387
0.003845 4387
0.003846 4387
0.003847 4386
0.003848 4386
0.003849 4386
0.00385 4386
0.003851 4386
0.003852 4386
0.003853 4386
0.003854 4385
0.003855 4386
0.003856 4386
0.003857 4387
0.003858 4387
0.003859 4387
0.00386 4387
0.003861 4387
0.003862 4387
0.003863 4386
0.003864 4386
0.003865 4386
0.003866 4387
0.003867 4387
0.003868 4388
0.003869 4389
0.00387 4389
0.003871 4389
0.003872 4389
0.003873 4389
0.003874 4389
0.003875 4389
0.003876 4389
0.003877 4389
0.003878 4389
0.003879 4389
0.00388 4389
0.003881 4389
0.003882 4389
0.003883 4389
0.003884 4389
0.003885 4389
0.003886 4389
0.003887 4389
0.003888 4389
0.003889 4389
0.00389 4389
0.003891 4389
0.003892 4389
0.003893 4389
0.003894 4389
0.003895 4390
0.003896 4390
0.003897 4390
0.003898 4391
0.003899 4392
0.0039 4392
0.003901 4392
0.003902 4391
0.003903 4391
0.003904 4391
0.003905 4393
0.003906 4393
0.003907 4393
0.003908 4393
0.003909 4393
0.00391 4393
0.003911 4393
0.003912 4393
0.003913 4393
0.003914 4392
0.003915 4392
0.003916 4392
0.003917 4391
0.003918 4391
0.003919 4389
0.00392 4390
0.003921 4390
0.003922 4390
0.003923 4390
0.003924 4390
0.003925 4389
0.003926 4389
0.003927 4389
0.003928 4389
0.003929 4389
0.00393 4389
0.003931 4389
0.003932 4389
0.003933 4390
0.003934 4390
0.003935 4390
0.003936 4390
0.003937 4389
0.003938 4388
0.003939 4388
0.00394 4387
0.003941 4387
0.003942 4387
0.003943 4387
0.003944 4387
0.003945 4387
0.003946 4387
0.003947 4387
0.003948 4387
0.003949 4387
0.00395 4386
0.003951 4386
0.003952 4386
0.003953 4387
0.003954 4386
0.003955 4386
0.003956 4386
0.003957 4386
0.003958 4386
0.003959 4386
0.00396 4386
0.003961 4386
0.003962 4386
0.003963 4386
0.003964 4387
0.003965 4387
0.003966 4388
0.003967 4390
0.003968 4390
0.003969 4391
0.00397 4391
0.003971 4392
0.003972 4392
0.003973 4393
0.003974 4393
0.003975 4393
0.003976 4393
0.003977 4394
0.003978 4394
0.003979 4395
0.00398 4395
0.003981 4395
0.003982 4394
0.003983 4394
0.003984 4394
0.003985 4394
0.003986 4394
0.003987 4395
0.003988 4396
0.003989 4395
0.00399 4395
0.003991 4395
0.003992 4395
0.003993 4395
0.003994 4395
0.003995 4395
0.003996 4396
0.003997 4397
0.003998 4397
0.003999 4397
0.004 4397
0.004001 4398
0.004002 4398
0.004003 4398
0.004004 4398
0.004005 4398
0.004006 4397
0.004007 4397
0.004008 4397
0.004009 4397
0.00401 4397
0.004011 4397
0.004012 4397
0.004013 4397
0.004014 4397
0.004015 4397
0.004016 4397
0.004017 4397
0.004018 4397
0.004019 4397
0.00402 4397
0.004021 4398
0.004022 4399
0.004023 4399
0.004024 4399
0.004025 4399
0.004026 4399
0.004027 4399
0.004028 4399
0.004029 4398
0.00403 4398
0.004031 4399
0.004032 4399
0.004033 4399
0.004034 4399
0.004035 4399
0.004036 4399
0.004037 4398
0.004038 4398
0.004039 4398
0.00404 4398
0.004041 4398
0.004042 4398
0.004043 4398
0.004044 4398
0.004045 4398
0.004046 4398
0.004047 4398
0.004048 4398
0.004049 4398
0.00405 4400
0.004051 4401
0.004052 4401
0.004053 4401
0.004054 4401
0.004055 4401
0.004056 4401
0.004057 4402
0.004058 4402
0.004059 4403
0.00406 4402
0.004061 4402
0.004062 4402
0.004063 4404
0.004064 4403
0.004065 4403
0.004066 4404
0.004067 4404
0.004068 4404
0.004069 4405
0.00407 4405
0.004071 4405
0.004072 4405
0.004073 4405
0.004074 4404
0.004075 4404
0.004076 4404
0.004077 4404
0.004078 4403
0.004079 4403
0.00408 4402
0.004081 4402
0.004082 4403
0.004083 4403
0.004084 4406
0.004085 4407
0.004086 4407
0.004087 4407
0.004088 4407
0.004089 4405
0.00409 4405
0.004091 4405
0.004092 4405
0.004093 4405
0.004094 4405
0.004095 4405
0.004096 4405
0.004097 4406
0.004098 4406
0.004099 4405
0.0041 4404
0.004101 4404
0.004102 4404
0.004103 4403
0.004104 4403
0.004105 4402
0.004106 4402
0.004107 4402
0.004108 4402
0.004109 4402
0.00411 4402
0.004111 4403
0.004112 4402
0.004113 4402
0.004114 4402
0.004115 4402
0.004116 4401
0.004117 4401
0.004118 4401
0.004119 4402
0.00412 4402
0.004121 4402
0.004122 4402
0.004123 4402
0.004124 4402
0.004125 4402
0.004126 4402
0.004127 4402
0.004128 4402
0.004129 4402
0.00413 4402
0.004131 4401
0.004132 4402
0.004133 4402
0.004134 4402
0.004135 4403
0.004136 4403
0.004137 4404
0.004138 4404
0.004139 4404
0.00414 4404
0.004141 4405
0.004142 4404
0.004143 4405
0.004144 4405
0.004145 4405
0.004146 4405
0.004147 4405
0.004148 4405
0.004149 4405
0.00415 4405
0.004151 4405
0.004152 4405
0.004153 4405
0.004154 4404
0.004155 4404
0.004156 4404
0.004157 4404
0.004158 4405
0.004159 4406
0.00416 4406
0.004161 4407
0.004162 4407
0.004163 4407
0.004164 4407
0.004165 4407
0.004166 4407
0.004167 4407
0.004168 4406
0.004169 4406
0.00417 4406
0.004171 4406
0.004172 4406
0.004173 4406
0.004174 4406
0.004175 4405
0.004176 4405
0.004177 4405
0.004178 4405
0.004179 4405
0.00418 4404
0.004181 4404
0.004182 4402
0.004183 4402
0.004184 4402
0.004185 4402
0.004186 4402
0.004187 4401
0.004188 4402
0.004189 4401
0.00419 4401
0.004191 4401
0.004192 4400
0.004193 4400
0.004194 4399
0.004195 4399
0.004196 4398
0.004197 4398
0.004198 4398
0.004199 4398
0.0042 4398
0.004201 4398
0.004202 4398
0.004203 4398
0.004204 4398
0.004205 4398
0.004206 4398
0.004207 4399
0.004208 4399
0.004209 4400
0.00421 4401
0.004211 4400
0.004212 4400
0.004213 4400
0.004214 4400
0.004215 4401
0.004216 4401
0.004217 4400
0.004218 4400
0.004219 4400
0.00422 4400
0.004221 4402
0.004222 4402
0.004223 4402
0.004224 4402
0.004225 4402
0.004226 4402
0.004227 4402
0.004228 4402
0.004229 4402
0.00423 4402
0.004231 4402
0.004232 4402
0.004233 4401
0.004234 4401
0.004235 4400
0.004236 4400
0.004237 4400
0.004238 4399
0.004239 4399
0.00424 4399
0.004241 4400
0.004242 4400
0.004243 4400
0.004244 4400
0.004245 4399
0.004246 4398
0.004247 4398
0.004248 4397
0.004249 4396
0.00425 4396
0.004251 4396
0.004252 4396
0.004253 4396
0.004254 4397
0.004255 4396
0.004256 4396
0.004257 4396
0.004258 4396
0.004259 4395
0.00426 4395
0.004261 4396
0.004262 4396
0.004263 4396
0.004264 4396
0.004265 4396
0.004266 4396
0.004267 4396
0.004268 4396
0.004269 4395
0.00427 4396
0.004271 4395
0.004272 4395
0.004273 4395
0.004274 4395
0.004275 4395
0.004276 4395
0.004277 4394
0.004278 4394
0.004279 4393
0.00428 4393
0.004281 4394
0.004282 4395
0.004283 4395
0.004284 4395
0.004285 4395
0.004286 4395
0.004287 4395
0.004288 4395
0.004289 4395
0.00429 4395
0.004291 4395
0.004292 4395
0.004293 4396
0.004294 4395
0.004295 4395
0.004296 4394
0.004297 4395
0.004298 4395
0.004299 4394
0.0043 4394
0.004301 4393
0.004302 4393
0.004303 4394
0.004304 4394
0.004305 4394
0.004306 4394
0.004307 4394
0.004308 4394
0.004309 4394
0.00431 4394
0.004311 4394
0.004312 4394
0.004313 4394
0.004314 4394
0.004315 4395
0.004316 4395
0.004317 4394
0.004318 4394
0.004319 4394
0.00432 4394
0.004321 4394
0.004322 4394
0.004323 4394
0.004324 4393
0.004325 4393
0.004326 4393
0.004327 4393
0.004328 4393
0.004329 4393
0.00433 4393
0.004331 4393
0.004332 4393
0.004333 4393
0.004334 4393
0.004335 4393
0.004336 4392
0.004337 4392
0.004338 4391
0.004339 4391
0.00434 4391
0.004341 4392
0.004342 4391
0.004343 4389
0.004344 4388
0.004345 4388
0.004346 4388
0.004347 4389
0.004348 4388
0.004349 4389
0.00435 4387
0.004351 4387
0.004352 4387
0.004353 4387
0.004354 4388
0.004355 4387
0.004356 4387
0.004357 4387
0.004358 4387
0.004359 4387
0.00436 4387
0.004361 4387
0.004362 4387
0.004363 4387
0.004364 4387
0.004365 4387
0.004366 4387
0.004367 4387
0.004368 4387
0.004369 4387
0.00437 4387
0.004371 4387
0.004372 4387
0.004373 4387
0.004374 4387
0.004375 4386
0.004376 4386
0.004377 4385
0.004378 4386
0.004379 4386
0.00438 4386
0.004381 4386
0.004382 4386
0.004383 4386
0.004384 4387
0.004385 4387
0.004386 4387
0.004387 4387
0.004388 4387
0.004389 4386
0.00439 4386
0.004391 4386
0.004392 4386
0.004393 4386
0.004394 4386
0.004395 4386
0.004396 4386
0.004397 4386
0.004398 4386
0.004399 4386
0.0044 4386
0.004401 4387
0.004402 4387
0.004403 4387
0.004404 4387
0.004405 4387
0.004406 4387
0.004407 4387
0.004408 4387
0.004409 4387
0.00441 4386
0.004411 4387
0.004412 4388
0.004413 4389
0.004414 4389
0.004415 4389
0.004416 4390
0.004417 4389
0.004418 4389
0.004419 4389
0.00442 4389
0.004421 4389
0.004422 4389
0.004423 4389
0.004424 4389
0.004425 4389
0.004426 4390
0.004427 4390
0.004428 4390
0.004429 4391
0.00443 4391
0.004431 4391
0.004432 4391
0.004433 4390
0.004434 4390
0.004435 4390
0.004436 4390
0.004437 4390
0.004438 4390
0.004439 4390
0.00444 4390
0.004441 4390
0.004442 4390
0.004443 4390
0.004444 4390
0.004445 4391
0.004446 4391
0.004447 4392
0.004448 4392
0.004449 4392
0.00445 4392
0.004451 4392
0.004452 4392
0.004453 4392
0.004454 4392
0.004455 4392
0.004456 4392
0.004457 4393
0.004458 4395
0.004459 4395
0.00446 4395
0.004461 4395
0.004462 4395
0.004463 4395
0.004464 4395
0.004465 4395
0.004466 4395
0.004467 4395
0.004468 4395
0.004469 4395
0.00447 4394
0.004471 4394
0.004472 4394
0.004473 4394
0.004474 4394
0.004475 4394
0.004476 4393
0.004477 4393
0.004478 4393
0.004479 4393
0.00448 4393
0.004481 4393
0.004482 4393
0.004483 4392
0.004484 4391
0.004485 4391
0.004486 4391
0.004487 4391
0.004488 4391
0.004489 4391
0.00449 4391
0.004491 4390
0.004492 4391
0.004493 4391
0.004494 4390
0.004495 4390
0.004496 4389
0.004497 4390
0.004498 4391
0.004499 4391
0.0045 4391
0.004501 4391
0.004502 4391
0.004503 4390
0.004504 4391
0.004505 4390
0.004506 4390
0.004507 4390
0.004508 4390
0.004509 4390
0.00451 4389
0.004511 4389
0.004512 4389
0.004513 4390
0.004514 4390
0.004515 4390
0.004516 4390
0.004517 4391
0.004518 4392
0.004519 4391
0.00452 4391
0.004521 4391
0.004522 4391
0.004523 4391
0.004524 4391
0.004525 4390
0.004526 4390
0.004527 4391
0.004528 4390
0.004529 4390
0.00453 4390
0.004531 4390
0.004532 4390
0.004533 4390
0.004534 4390
0.004535 4390
0.004536 4391
0.004537 4391
0.004538 4391
0.004539 4390
0.00454 4390
0.004541 4390
0.004542 4390
0.004543 4390
0.004544 4390
0.004545 4390
0.004546 4390
0.004547 4390
0.004548 4390
0.004549 4390
0.00455 4390
0.004551 4390
0.004552 4389
0.004553 4389
0.004554 4389
0.004555 4389
0.004556 4390
0.004557 4390
0.004558 4390
0.004559 4389
0.00456 4389
0.004561 4389
0.004562 4389
0.004563 4389
0.004564 4389
0.004565 4389
0.004566 4389
0.004567 4388
0.004568 4388
0.004569 4388
0.00457 4389
0.004571 4390
0.004572 4390
0.004573 4389
0.004574 4389
0.004575 4389
0.004576 4389
0.004577 4389
0.004578 4389
0.004579 4389
0.00458 4389
0.004581 4389
0.004582 4389
0.004583 4391
0.004584 4391
0.004585 4391
0.004586 4391
0.004587 4392
0.004588 4392
0.004589 4392
0.00459 4391
0.004591 4391
0.004592 4391
0.004593 4391
0.004594 4391
0.004595 4391
0.004596 4391
0.004597 4391
0.004598 4391
0.004599 4392
0.0046 4393
0.004601 4394
0.004602 4394
0.004603 4394
0.004604 4394
0.004605 4394
0.004606 4394
0.004607 4394
0.004608 4394
0.004609 4394
0.00461 4394
0.004611 4393
0.004612 4393
0.004613 4393
0.004614 4391
0.004615 4391
0.004616 4391
0.004617 4393
0.004618 4393
0.004619 4393
0.00462 4393
0.004621 4393
0.004622 4393
0.004623 4394
0.004624 4393
0.004625 4393
0.004626 4393
0.004627 4394
0.004628 4394
0.004629 4394
0.00463 4394
0.004631 4394
0.004632 4394
0.004633 4394
0.004634 4394
0.004635 4394
0.004636 4393
0.004637 4394
0.004638 4394
0.004639 4394
0.00464 4394
0.004641 4394
0.004642 4394
0.004643 4394
0.004644 4394
0.004645 4394
0.004646 4395
0.004647 4395
0.004648 4395
0.004649 4395
0.00465 4395
0.004651 4394
0.004652 4393
0.004653 4393
0.004654 4393
0.004655 4394
0.004656 4394
0.004657 4394
0.004658 4394
0.004659 4393
0.00466 4393
0.004661 4393
0.004662 4392
0.004663 4392
0.004664 4390
0.004665 4390
0.004666 4390
0.004667 4391
0.004668 4391
0.004669 4390
0.00467 4390
0.004671 4390
0.004672 4390
0.004673 4390
0.004674 4389
0.004675 4388
0.004676 4387
0.004677 4388
0.004678 4388
0.004679 4388
0.00468 4388
0.004681 4388
0.004682 4388
0.004683 4387
0.004684 4387
0.004685 4388
0.004686 4389
0.004687 4389
0.004688 4389
0.004689 4389
0.00469 4389
0.004691 4389
0.004692 4389
0.004693 4389
0.004694 4390
0.004695 4390
0.004696 4390
0.004697 4390
0.004698 4389
0.004699 4389
0.0047 4389
0.004701 4389
0.004702 4390
0.004703 4390
0.004704 4390
0.004705 4390
0.004706 4390
0.004707 4392
0.004708 4392
0.004709 4391
0.00471 4391
0.004711 4390
0.004712 4390
0.004713 4390
0.004714 4390
0.004715 4390
0.004716 4390
0.004717 4390
0.004718 4390
0.004719 4390
0.00472 4390
0.004721 4390
0.004722 4390
0.004723 4390
0.004724 4391
0.004725 4391
0.004726 4391
0.004727 4390
0.004728 4390
0.004729 4389
0.00473 4389
0.004731 4389
0.004732 4389
0.004733 4389
0.004734 4389
0.004735 4389
0.004736 4389
0.004737 4389
0.004738 4388
0.004739 4388
0.00474 4388
0.004741 4388
0.004742 4388
0.004743 4388
0.004744 4388
0.004745 4389
0.004746 4389
0.004747 4389
0.004748 4389
0.004749 4390
0.00475 4390
0.004751 4390
0.004752 4390
0.004753 4390
0.004754 4390
0.004755 4391
0.004756 4390
0.004757 4390
0.004758 4390
0.004759 4389
0.00476 4389
0.004761 4390
0.004762 4390
0.004763 4391
0.004764 4391
0.004765 4391
0.004766 4391
0.004767 4392
0.004768 4390
0.004769 4390
0.00477 4390
0.004771 4390
0.004772 4390
0.004773 4391
0.004774 4391
0.004775 4390
0.004776 4390
0.004777 4390
0.004778 4391
0.004779 4390
0.00478 4390
0.004781 4390
0.004782 4389
0.004783 4390
0.004784 4390
0.004785 4390
0.004786 4390
0.004787 4390
0.004788 4390
0.004789 4390
0.00479 4390
0.004791 4391
0.004792 4391
0.004793 4390
0.004794 4390
0.004795 4390
0.004796 4390
0.004797 4390
0.004798 4391
0.004799 4391
0.0048 4391
0.004801 4391
0.004802 4391
0.004803 4391
0.004804 4391
0.004805 4390
0.004806 4390
0.004807 4390
0.004808 4390
0.004809 4390
0.00481 4389
0.004811 4389
0.004812 4389
0.004813 4390
0.004814 4390
0.004815 4390
0.004816 4391
0.004817 4391
0.004818 4392
0.004819 4392
0.00482 4393
0.004821 4393
0.004822 4393
0.004823 4393
0.004824 4393
0.004825 4393
0.004826 4393
0.004827 4393
0.004828 4392
0.004829 4391
0.00483 4391
0.004831 4390
0.004832 4390
0.004833 4389
0.004834 4389
0.004835 4391
0.004836 4391
0.004837 4391
0.004838 4391
0.004839 4391
0.00484 4391
0.004841 4391
0.004842 4392
0.004843 4392
0.004844 4393
0.004845 4393
0.004846 4394
0.004847 4395
0.004848 4394
0.004849 4393
0.00485 4393
0.004851 4393
0.004852 4393
0.004853 4394
0.004854 4394
0.004855 4394
0.004856 4394
0.004857 4393
0.004858 4393
0.004859 4393
0.00486 4393
0.004861 4393
0.004862 4394
0.004863 4394
0.004864 4394
0.004865 4393
0.004866 4393
0.004867 4393
0.004868 4392
0.004869 4392
0.00487 4393
0.004871 4394
0.004872 4393
0.004873 4392
0.004874 4391
0.004875 4391
0.004876 4391
0.004877 4391
0.004878 4390
0.004879 4390
0.00488 4389
0.004881 4390
0.004882 4390
0.004883 4390
0.004884 4390
0.004885 4390
0.004886 4390
0.004887 4390
0.004888 4390
0.004889 4390
0.00489 4392
0.004891 4392
0.004892 4392
0.004893 4393
0.004894 4393
0.004895 4393
0.004896 4393
0.004897 4393
0.004898 4393
0.004899 4393
0.0049 4393
0.004901 4393
0.004902 4393
0.004903 4393
0.004904 4393
0.004905 4393
0.004906 4393
0.004907 4392
0.004908 4392
0.004909 4392
0.00491 4392
0.004911 4392
0.004912 4392
0.004913 4392
0.004914 4393
0.004915 4393
0.004916 4393
0.004917 4393
0.004918 4393
0.004919 4393
0.00492 4393
0.004921 4393
0.004922 4393
0.004923 4392
0.004924 4392
0.004925 4392
0.004926 4392
0.004927 4393
0.004928 4393
0.004929 4393
0.00493 4393
0.004931 4393
0.004932 4393
0.004933 4393
0.004934 4394
0.004935 4394
0.004936 4394
0.004937 4394
0.004938 4394
0.004939 4394
0.00494 4393
0.004941 4393
0.004942 4393
0.004943 4392
0.004944 4392
0.004945 4394
0.004946 4394
0.004947 4394
0.004948 4394
0.004949 4394
0.00495 4394
0.004951 4394
0.004952 4394
0.004953 4394
0.004954 4394
0.004955 4394
0.004956 4394
0.004957 4394
0.004958 4392
0.004959 4394
0.00496 4394
0.004961 4394
0.004962 4395
0.004963 4395
0.004964 4395
0.004965 4395
0.004966 4395
0.004967 4395
0.004968 4394
0.004969 4394
0.00497 4394
0.004971 4393
0.004972 4393
0.004973 4393
0.004974 4393
0.004975 4394
0.004976 4394
0.004977 4394
0.004978 4394
0.004979 4394
0.00498 4394
0.004981 4394
0.004982 4394
0.004983 4394
0.004984 4394
0.004985 4393
0.004986 4394
0.004987 4394
0.004988 4396
0.004989 4396
0.00499 4395
0.004991 4393
0.004992 4393
0.004993 4393
0.004994 4393
0.004995 4394
0.004996 4394
0.004997 4394
0.004998 4394
0.004999 4393
0.005 4393
