0 3306
1e-06 3315
2e-06 3321
3e-06 3332
4e-06 3342
5e-06 3356
6e-06 3369
7e-06 3380
8e-06 3384
9e-06 3398
1e-05 3401
1.1e-05 3403
1.2e-05 3414
1.3e-05 3416
1.4e-05 3422
1.5e-05 3427
1.6e-05 3437
1.7e-05 3445
1.8e-05 3451
1.9e-05 3457
2e-05 3458
2.1e-05 3458
2.2e-05 3461
2.3e-05 3462
2.4e-05 3479
2.5e-05 3482
2.6e-05 3488
2.7e-05 3491
2.8e-05 3502
2.9e-05 3510
3e-05 3517
3.1e-05 3524
3.2e-05 3536
3.3e-05 3543
3.4e-05 3548
3.5e-05 3554
3.6e-05 3560
3.7e-05 3570
3.8e-05 3579
3.9e-05 3578
4e-05 3583
4.1e-05 3586
4.2e-05 3589
4.3e-05 3592
4.4e-05 3596
4.5e-05 3601
4.6e-05 3613
4.7e-05 3616
4.8e-05 3625
4.9e-05 3628
5e-05 3634
5.1e-05 3642
5.2e-05 3646
5.3e-05 3660
5.4e-05 3664
5.5e-05 3668
5.6e-05 3677
5.7e-05 3685
5.8e-05 3688
5.9e-05 3688
6e-05 3698
6.1e-05 3704
6.2e-05 3712
6.3e-05 3717
6.4e-05 3723
6.5e-05 3728
6.6e-05 3737
6.7e-05 3736
6.8e-05 3743
6.9e-05 3750
7e-05 3755
7.1e-05 3756
7.2e-05 3765
7.3e-05 3770
7.4e-05 3774
7.5e-05 3781
7.6e-05 3781
7.7e-05 3788
7.8e-05 3796
7.9e-05 3796
8e-05 3803
8.1e-05 3807
8.2e-05 3811
8.3e-05 3819
8.4e-05 3824
8.5e-05 3820
8.6e-05 3828
8.7e-05 3831
8.8e-05 3835
8.9e-05 3838
9e-05 3837
9.1e-05 3843
9.2e-05 3850
9.3e-05 3851
9.4e-05 3855
9.5e-05 3858
9.6e-05 3865
9.7e-05 3869
9.8e-05 3872
9.9e-05 3875
0.0001 3880
0.000101 3882
0.000102 3887
0.000103 3892
0.000104 3896
0.000105 3903
0.000106 3913
0.000107 3917
0.000108 3921
0.000109 3924
0.00011 3930
0.000111 3928
0.000112 3930
0.000113 3934
0.000114 3935
0.000115 3939
0.000116 3943
0.000117 3955
0.000118 3956
0.000119 3958
0.00012 3961
0.000121 3963
0.000122 3965
0.000123 3964
0.000124 3967
0.000125 3971
0.000126 3978
0.000127 3979
0.000128 3984
0.000129 3987
0.00013 3989
0.000131 3991
0.000132 3993
0.000133 3995
0.000134 4001
0.000135 4001
0.000136 4005
0.000137 4008
0.000138 4010
0.000139 4019
0.00014 4022
0.000141 4024
0.000142 4028
0.000143 4030
0.000144 4031
0.000145 4028
0.000146 4028
0.000147 4031
0.000148 4038
0.000149 4042
0.00015 4043
0.000151 4042
0.000152 4045
0.000153 4047
0.000154 4056
0.000155 4054
0.000156 4055
0.000157 4056
0.000158 4056
0.000159 4059
0.00016 4060
0.000161 4062
0.000162 4066
0.000163 4063
0.000164 4060
0.000165 4060
0.000166 4065
0.000167 4071
0.000168 4074
0.000169 4073
0.00017 4071
0.000171 4074
0.000172 4079
0.000173 4082
0.000174 4086
0.000175 4088
0.000176 4090
0.000177 4096
0.000178 4096
0.000179 4098
0.00018 4099
0.000181 4102
0.000182 4102
0.000183 4106
0.000184 4105
0.000185 4105
0.000186 4106
0.000187 4110
0.000188 4112
0.000189 4110
0.00019 4109
0.000191 4116
0.000192 4119
0.000193 4121
0.000194 4124
0.000195 4123
0.000196 4127
0.000197 4125
0.000198 4126
0.000199 4129
0.0002 4131
0.000201 4132
0.000202 4134
0.000203 4131
0.000204 4132
0.000205 4134
0.000206 4135
0.000207 4139
0.000208 4143
0.000209 4145
0.00021 4148
0.000211 4147
0.000212 4143
0.000213 4141
0.000214 4143
0.000215 4145
0.000216 4148
0.000217 4147
0.000218 4144
0.000219 4144
0.00022 4145
0.000221 4147
0.000222 4149
0.000223 4150
0.000224 4151
0.000225 4150
0.000226 4155
0.000227 4158
0.000228 4158
0.000229 4157
0.00023 4160
0.000231 4158
0.000232 4159
0.000233 4163
0.000234 4164
0.000235 4163
0.000236 4164
0.000237 4165
0.000238 4164
0.000239 4166
0.00024 4165
0.000241 4164
0.000242 4165
0.000243 4164
0.000244 4166
0.000245 4167
0.000246 4171
0.000247 4171
0.000248 4170
0.000249 4171
0.00025 4177
0.000251 4177
0.000252 4176
0.000253 4175
0.000254 4177
0.000255 4182
0.000256 4183
0.000257 4183
0.000258 4184
0.000259 4183
0.00026 4184
0.000261 4186
0.000262 4186
0.000263 4188
0.000264 4191
0.000265 4188
0.000266 4185
0.000267 4185
0.000268 4188
0.000269 4190
0.00027 4189
0.000271 4188
0.000272 4189
0.000273 4191
0.000274 4191
0.000275 4192
0.000276 4192
0.000277 4194
0.000278 4194
0.000279 4194
0.00028 4192
0.000281 4192
0.000282 4192
0.000283 4193
0.000284 4192
0.000285 4194
0.000286 4197
0.000287 4198
0.000288 4201
0.000289 4201
0.00029 4203
0.000291 4204
0.000292 4205
0.000293 4205
0.000294 4204
0.000295 4207
0.000296 4207
0.000297 4208
0.000298 4210
0.000299 4208
0.0003 4210
0.000301 4211
0.000302 4213
0.000303 4210
0.000304 4213
0.000305 4214
0.000306 4215
0.000307 4217
0.000308 4219
0.000309 4222
0.00031 4224
0.000311 4224
0.000312 4225
0.000313 4225
0.000314 4224
0.000315 4226
0.000316 4226
0.000317 4228
0.000318 4227
0.000319 4226
0.00032 4226
0.000321 4225
0.000322 4226
0.000323 4225
0.000324 4224
0.000325 4226
0.000326 4224
0.000327 4225
0.000328 4224
0.000329 4223
0.00033 4227
0.000331 4229
0.000332 4230
0.000333 4232
0.000334 4234
0.000335 4237
0.000336 4238
0.000337 4239
0.000338 4240
0.000339 4238
0.00034 4237
0.000341 4237
0.000342 4238
0.000343 4238
0.000344 4237
0.000345 4236
0.000346 4236
0.000347 4236
0.000348 4239
0.000349 4241
0.00035 4241
0.000351 4242
0.000352 4241
0.000353 4242
0.000354 4244
0.000355 4244
0.000356 4244
0.000357 4246
0.000358 4247
0.000359 4249
0.00036 4250
0.000361 4251
0.000362 4251
0.000363 4251
0.000364 4253
0.000365 4253
0.000366 4252
0.000367 4255
0.000368 4257
0.000369 4256
0.00037 4258
0.000371 4260
0.000372 4259
0.000373 4257
0.000374 4257
0.000375 4259
0.000376 4259
0.000377 4259
0.000378 4259
0.000379 4259
0.00038 4260
0.000381 4259
0.000382 4260
0.000383 4260
0.000384 4261
0.000385 4259
0.000386 4260
0.000387 4262
0.000388 4263
0.000389 4263
0.00039 4263
0.000391 4266
0.000392 4269
0.000393 4269
0.000394 4269
0.000395 4271
0.000396 4272
0.000397 4273
0.000398 4273
0.000399 4272
0.0004 4272
0.000401 4272
0.000402 4272
0.000403 4273
0.000404 4273
0.000405 4275
0.000406 4275
0.000407 4275
0.000408 4277
0.000409 4277
0.00041 4277
0.000411 4277
0.000412 4279
0.000413 4278
0.000414 4281
0.000415 4281
0.000416 4282
0.000417 4283
0.000418 4285
0.000419 4285
0.00042 4285
0.000421 4286
0.000422 4284
0.000423 4283
0.000424 4283
0.000425 4284
0.000426 4284
0.000427 4285
0.000428 4286
0.000429 4286
0.00043 4285
0.000431 4285
0.000432 4284
0.000433 4283
0.000434 4282
0.000435 4282
0.000436 4283
0.000437 4283
0.000438 4282
0.000439 4282
0.00044 4282
0.000441 4282
0.000442 4283
0.000443 4284
0.000444 4284
0.000445 4285
0.000446 4286
0.000447 4285
0.000448 4287
0.000449 4286
0.00045 4286
0.000451 4287
0.000452 4287
0.000453 4286
0.000454 4288
0.000455 4287
0.000456 4289
0.000457 4290
0.000458 4290
0.000459 4293
0.00046 4293
0.000461 4295
0.000462 4295
0.000463 4296
0.000464 4297
0.000465 4296
0.000466 4296
0.000467 4297
0.000468 4297
0.000469 4299
0.00047 4299
0.000471 4298
0.000472 4298
0.000473 4297
0.000474 4297
0.000475 4297
0.000476 4297
0.000477 4296
0.000478 4296
0.000479 4296
0.00048 4297
0.000481 4299
0.000482 4299
0.000483 4300
0.000484 4302
0.000485 4303
0.000486 4303
0.000487 4303
0.000488 4304
0.000489 4305
0.00049 4305
0.000491 4305
0.000492 4304
0.000493 4304
0.000494 4305
0.000495 4304
0.000496 4303
0.000497 4304
0.000498 4302
0.000499 4302
0.0005 4304
0.000501 4303
0.000502 4305
0.000503 4306
0.000504 4305
0.000505 4307
0.000506 4307
0.000507 4307
0.000508 4307
0.000509 4308
0.00051 4305
0.000511 4306
0.000512 4308
0.000513 4308
0.000514 4308
0.000515 4306
0.000516 4307
0.000517 4305
0.000518 4306
0.000519 4307
0.00052 4308
0.000521 4307
0.000522 4306
0.000523 4309
0.000524 4308
0.000525 4307
0.000526 4305
0.000527 4305
0.000528 4305
0.000529 4304
0.00053 4305
0.000531 4303
0.000532 4303
0.000533 4304
0.000534 4304
0.000535 4304
0.000536 4304
0.000537 4304
0.000538 4304
0.000539 4305
0.00054 4305
0.000541 4305
0.000542 4305
0.000543 4304
0.000544 4305
0.000545 4307
0.000546 4307
0.000547 4306
0.000548 4306
0.000549 4304
0.00055 4307
0.000551 4307
0.000552 4307
0.000553 4307
0.000554 4308
0.000555 4309
0.000556 4309
0.000557 4309
0.000558 4308
0.000559 4309
0.00056 4309
0.000561 4309
0.000562 4309
0.000563 4309
0.000564 4309
0.000565 4308
0.000566 4308
0.000567 4309
0.000568 4309
0.000569 4308
0.00057 4308
0.000571 4309
0.000572 4308
0.000573 4307
0.000574 4306
0.000575 4308
0.000576 4308
0.000577 4307
0.000578 4308
0.000579 4309
0.00058 4310
0.000581 4310
0.000582 4310
0.000583 4308
0.000584 4308
0.000585 4308
0.000586 4308
0.000587 4308
0.000588 4308
0.000589 4309
0.00059 4311
0.000591 4311
0.000592 4311
0.000593 4310
0.000594 4311
0.000595 4311
0.000596 4311
0.000597 4311
0.000598 4312
0.000599 4312
0.0006 4312
0.000601 4312
0.000602 4311
0.000603 4309
0.000604 4309
0.000605 4309
0.000606 4310
0.000607 4311
0.000608 4312
0.000609 4312
0.00061 4313
0.000611 4314
0.000612 4313
0.000613 4313
0.000614 4313
0.000615 4314
0.000616 4315
0.000617 4316
0.000618 4317
0.000619 4318
0.00062 4319
0.000621 4318
0.000622 4319
0.000623 4320
0.000624 4321
0.000625 4323
0.000626 4325
0.000627 4324
0.000628 4324
0.000629 4323
0.00063 4323
0.000631 4323
0.000632 4324
0.000633 4324
0.000634 4325
0.000635 4328
0.000636 4328
0.000637 4328
0.000638 4328
0.000639 4329
0.00064 4328
0.000641 4327
0.000642 4328
0.000643 4329
0.000644 4330
0.000645 4329
0.000646 4328
0.000647 4330
0.000648 4330
0.000649 4327
0.00065 4328
0.000651 4329
0.000652 4328
0.000653 4329
0.000654 4329
0.000655 4329
0.000656 4329
0.000657 4329
0.000658 4329
0.000659 4331
0.00066 4332
0.000661 4331
0.000662 4332
0.000663 4332
0.000664 4331
0.000665 4331
0.000666 4331
0.000667 4333
0.000668 4333
0.000669 4333
0.00067 4333
0.000671 4333
0.000672 4334
0.000673 4335
0.000674 4335
0.000675 4334
0.000676 4334
0.000677 4334
0.000678 4334
0.000679 4334
0.00068 4334
0.000681 4335
0.000682 4333
0.000683 4333
0.000684 4333
0.000685 4332
0.000686 4333
0.000687 4334
0.000688 4334
0.000689 4334
0.00069 4334
0.000691 4334
0.000692 4332
0.000693 4334
0.000694 4334
0.000695 4335
0.000696 4336
0.000697 4337
0.000698 4338
0.000699 4336
0.0007 4336
0.000701 4336
0.000702 4337
0.000703 4338
0.000704 4338
0.000705 4339
0.000706 4339
0.000707 4339
0.000708 4339
0.000709 4339
0.00071 4338
0.000711 4338
0.000712 4338
0.000713 4338
0.000714 4338
0.000715 4338
0.000716 4338
0.000717 4337
0.000718 4337
0.000719 4336
0.00072 4338
0.000721 4338
0.000722 4338
0.000723 4339
0.000724 4338
0.000725 4337
0.000726 4337
0.000727 4338
0.000728 4338
0.000729 4338
0.00073 4339
0.000731 4339
0.000732 4339
0.000733 4339
0.000734 4339
0.000735 4340
0.000736 4340
0.000737 4340
0.000738 4339
0.000739 4340
0.00074 4339
0.000741 4338
0.000742 4338
0.000743 4338
0.000744 4338
0.000745 4338
0.000746 4340
0.000747 4342
0.000748 4341
0.000749 4340
0.00075 4340
0.000751 4341
0.000752 4341
0.000753 4341
0.000754 4341
0.000755 4341
0.000756 4340
0.000757 4340
0.000758 4341
0.000759 4341
0.00076 4342
0.000761 4344
0.000762 4344
0.000763 4344
0.000764 4344
0.000765 4345
0.000766 4344
0.000767 4343
0.000768 4343
0.000769 4343
0.00077 4342
0.000771 4342
0.000772 4342
0.000773 4342
0.000774 4340
0.000775 4339
0.000776 4339
0.000777 4339
0.000778 4338
0.000779 4337
0.00078 4337
0.000781 4337
0.000782 4337
0.000783 4334
0.000784 4332
0.000785 4332
0.000786 4333
0.000787 4334
0.000788 4334
0.000789 4334
0.00079 4334
0.000791 4334
0.000792 4334
0.000793 4334
0.000794 4333
0.000795 4331
0.000796 4331
0.000797 4332
0.000798 4332
0.000799 4332
0.0008 4332
0.000801 4331
0.000802 4331
0.000803 4331
0.000804 4331
0.000805 4331
0.000806 4331
0.000807 4330
0.000808 4330
0.000809 4330
0.00081 4330
0.000811 4331
0.000812 4330
0.000813 4331
0.000814 4331
0.000815 4331
0.000816 4331
0.000817 4331
0.000818 4331
0.000819 4331
0.00082 4331
0.000821 4333
0.000822 4332
0.000823 4331
0.000824 4331
0.000825 4331
0.000826 4330
0.000827 4330
0.000828 4330
0.000829 4330
0.00083 4329
0.000831 4329
0.000832 4328
0.000833 4328
0.000834 4328
0.000835 4328
0.000836 4329
0.000837 4330
0.000838 4330
0.000839 4330
0.00084 4330
0.000841 4330
0.000842 4330
0.000843 4330
0.000844 4330
0.000845 4330
0.000846 4331
0.000847 4332
0.000848 4332
0.000849 4332
0.00085 4332
0.000851 4332
0.000852 4332
0.000853 4332
0.000854 4332
0.000855 4332
0.000856 4331
0.000857 4331
0.000858 4332
0.000859 4330
0.00086 4330
0.000861 4330
0.000862 4329
0.000863 4328
0.000864 4327
0.000865 4326
0.000866 4326
0.000867 4326
0.000868 4326
0.000869 4326
0.00087 4325
0.000871 4324
0.000872 4324
0.000873 4324
0.000874 4324
0.000875 4323
0.000876 4322
0.000877 4320
0.000878 4319
0.000879 4319
0.00088 4319
0.000881 4320
0.000882 4321
0.000883 4322
0.000884 4321
0.000885 4321
0.000886 4321
0.000887 4321
0.000888 4321
0.000889 4321
0.00089 4320
0.000891 4321
0.000892 4321
0.000893 4321
0.000894 4321
0.000895 4321
0.000896 4321
0.000897 4320
0.000898 4320
0.000899 4320
0.0009 4321
0.000901 4322
0.000902 4321
0.000903 4320
0.000904 4320
0.000905 4320
0.000906 4320
0.000907 4319
0.000908 4319
0.000909 4319
0.00091 4319
0.000911 4318
0.000912 4318
0.000913 4318
0.000914 4318
0.000915 4317
0.000916 4317
0.000917 4318
0.000918 4318
0.000919 4318
0.00092 4318
0.000921 4318
0.000922 4318
0.000923 4318
0.000924 4319
0.000925 4318
0.000926 4318
0.000927 4318
0.000928 4318
0.000929 4318
0.00093 4320
0.000931 4319
0.000932 4319
0.000933 4318
0.000934 4318
0.000935 4319
0.000936 4320
0.000937 4319
0.000938 4320
0.000939 4320
0.00094 4320
0.000941 4321
0.000942 4321
0.000943 4321
0.000944 4321
0.000945 4320
0.000946 4319
0.000947 4319
0.000948 4318
0.000949 4316
0.00095 4316
0.000951 4316
0.000952 4316
0.000953 4315
0.000954 4317
0.000955 4317
0.000956 4318
0.000957 4319
0.000958 4319
0.000959 4319
0.00096 4319
0.000961 4318
0.000962 4318
0.000963 4318
0.000964 4317
0.000965 4318
0.000966 4318
0.000967 4318
0.000968 4318
0.000969 4318
0.00097 4318
0.000971 4317
0.000972 4317
0.000973 4317
0.000974 4317
0.000975 4317
0.000976 4317
0.000977 4317
0.000978 4317
0.000979 4317
0.00098 4317
0.000981 4316
0.000982 4315
0.000983 4315
0.000984 4315
0.000985 4315
0.000986 4315
0.000987 4315
0.000988 4314
0.000989 4314
0.00099 4314
0.000991 4314
0.000992 4315
0.000993 4317
0.000994 4317
0.000995 4317
0.000996 4317
0.000997 4316
0.000998 4316
0.000999 4316
0.001 4316
0.001001 4316
0.001002 4316
0.001003 4317
0.001004 4317
0.001005 4315
0.001006 4315
0.001007 4315
0.001008 4315
0.001009 4315
0.00101 4315
0.001011 4315
0.001012 4315
0.001013 4315
0.001014 4315
0.001015 4315
0.001016 4315
0.001017 4315
0.001018 4315
0.001019 4315
0.00102 4315
0.001021 4315
0.001022 4315
0.001023 4314
0.001024 4313
0.001025 4313
0.001026 4314
0.001027 4315
0.001028 4315
0.001029 4315
0.00103 4315
0.001031 4315
0.001032 4315
0.001033 4314
0.001034 4312
0.001035 4312
0.001036 4313
0.001037 4313
0.001038 4313
0.001039 4313
0.00104 4313
0.001041 4315
0.001042 4315
0.001043 4315
0.001044 4315
0.001045 4315
0.001046 4315
0.001047 4315
0.001048 4314
0.001049 4313
0.00105 4313
0.001051 4314
0.001052 4315
0.001053 4315
0.001054 4314
0.001055 4314
0.001056 4313
0.001057 4313
0.001058 4313
0.001059 4313
0.00106 4313
0.001061 4312
0.001062 4312
0.001063 4312
0.001064 4313
0.001065 4313
0.001066 4313
0.001067 4313
0.001068 4313
0.001069 4313
0.00107 4313
0.001071 4314
0.001072 4313
0.001073 4313
0.001074 4313
0.001075 4313
0.001076 4313
0.001077 4313
0.001078 4313
0.001079 4313
0.00108 4314
0.001081 4313
0.001082 4312
0.001083 4313
0.001084 4313
0.001085 4313
0.001086 4313
0.001087 4312
0.001088 4313
0.001089 4313
0.00109 4314
0.001091 4314
0.001092 4313
0.001093 4314
0.001094 4314
0.001095 4314
0.001096 4315
0.001097 4315
0.001098 4313
0.001099 4313
0.0011 4313
0.001101 4313
0.001102 4314
0.001103 4314
0.001104 4314
0.001105 4314
0.001106 4313
0.001107 4313
0.001108 4314
0.001109 4314
0.00111 4313
0.001111 4313
0.001112 4314
0.001113 4314
0.001114 4314
0.001115 4315
0.001116 4316
0.001117 4317
0.001118 4317
0.001119 4316
0.00112 4315
0.001121 4315
0.001122 4315
0.001123 4315
0.001124 4315
0.001125 4316
0.001126 4316
0.001127 4317
0.001128 4317
0.001129 4318
0.00113 4317
0.001131 4317
0.001132 4316
0.001133 4316
0.001134 4316
0.001135 4316
0.001136 4316
0.001137 4316
0.001138 4315
0.001139 4315
0.00114 4316
0.001141 4316
0.001142 4316
0.001143 4317
0.001144 4317
0.001145 4317
0.001146 4318
0.001147 4318
0.001148 4317
0.001149 4317
0.00115 4317
0.001151 4320
0.001152 4320
0.001153 4320
0.001154 4320
0.001155 4320
0.001156 4319
0.001157 4319
0.001158 4319
0.001159 4319
0.00116 4319
0.001161 4319
0.001162 4319
0.001163 4317
0.001164 4318
0.001165 4318
0.001166 4318
0.001167 4319
0.001168 4319
0.001169 4319
0.00117 4318
0.001171 4316
0.001172 4315
0.001173 4315
0.001174 4313
0.001175 4313
0.001176 4312
0.001177 4313
0.001178 4313
0.001179 4314
0.00118 4314
0.001181 4314
0.001182 4314
0.001183 4315
0.001184 4314
0.001185 4315
0.001186 4316
0.001187 4317
0.001188 4317
0.001189 4316
0.00119 4316
0.001191 4316
0.001192 4315
0.001193 4315
0.001194 4315
0.001195 4314
0.001196 4314
0.001197 4313
0.001198 4313
0.001199 4313
0.0012 4313
0.001201 4313
0.001202 4314
0.001203 4312
0.001204 4311
0.001205 4310
0.001206 4310
0.001207 4310
0.001208 4310
0.001209 4310
0.00121 4309
0.001211 4309
0.001212 4309
0.001213 4309
0.001214 4310
0.001215 4310
0.001216 4310
0.001217 4311
0.001218 4310
0.001219 4310
0.00122 4310
0.001221 4309
0.001222 4308
0.001223 4308
0.001224 4309
0.001225 4309
0.001226 4309
0.001227 4309
0.001228 4308
0.001229 4309
0.00123 4310
0.001231 4312
0.001232 4312
0.001233 4312
0.001234 4311
0.001235 4311
0.001236 4311
0.001237 4311
0.001238 4311
0.001239 4311
0.00124 4310
0.001241 4311
0.001242 4312
0.001243 4312
0.001244 4312
0.001245 4312
0.001246 4312
0.001247 4312
0.001248 4312
0.001249 4313
0.00125 4313
0.001251 4313
0.001252 4314
0.001253 4314
0.001254 4315
0.001255 4315
0.001256 4315
0.001257 4316
0.001258 4316
0.001259 4316
0.00126 4316
0.001261 4316
0.001262 4317
0.001263 4316
0.001264 4316
0.001265 4316
0.001266 4316
0.001267 4316
0.001268 4315
0.001269 4315
0.00127 4315
0.001271 4315
0.001272 4315
0.001273 4315
0.001274 4314
0.001275 4314
0.001276 4314
0.001277 4314
0.001278 4312
0.001279 4312
0.00128 4312
0.001281 4312
0.001282 4312
0.001283 4311
0.001284 4311
0.001285 4311
0.001286 4311
0.001287 4310
0.001288 4310
0.001289 4311
0.00129 4311
0.001291 4312
0.001292 4312
0.001293 4312
0.001294 4312
0.001295 4311
0.001296 4311
0.001297 4311
0.001298 4311
0.001299 4311
0.0013 4311
0.001301 4311
0.001302 4311
0.001303 4311
0.001304 4311
0.001305 4312
0.001306 4312
0.001307 4312
0.001308 4312
0.001309 4312
0.00131 4312
0.001311 4312
0.001312 4311
0.001313 4311
0.001314 4311
0.001315 4311
0.001316 4311
0.001317 4311
0.001318 4311
0.001319 4311
0.00132 4311
0.001321 4311
0.001322 4311
0.001323 4310
0.001324 4310
0.001325 4310
0.001326 4310
0.001327 4310
0.001328 4311
0.001329 4311
0.00133 4311
0.001331 4313
0.001332 4314
0.001333 4315
0.001334 4314
0.001335 4314
0.001336 4314
0.001337 4313
0.001338 4313
0.001339 4313
0.00134 4313
0.001341 4314
0.001342 4314
0.001343 4314
0.001344 4314
0.001345 4315
0.001346 4316
0.001347 4316
0.001348 4315
0.001349 4315
0.00135 4315
0.001351 4315
0.001352 4315
0.001353 4315
0.001354 4316
0.001355 4317
0.001356 4318
0.001357 4319
0.001358 4320
0.001359 4319
0.00136 4319
0.001361 4318
0.001362 4318
0.001363 4317
0.001364 4317
0.001365 4317
0.001366 4317
0.001367 4317
0.001368 4318
0.001369 4318
0.00137 4318
0.001371 4316
0.001372 4316
0.001373 4316
0.001374 4312
0.001375 4311
0.001376 4311
0.001377 4311
0.001378 4311
0.001379 4311
0.00138 4311
0.001381 4311
0.001382 4311
0.001383 4311
0.001384 4311
0.001385 4311
0.001386 4312
0.001387 4312
0.001388 4312
0.001389 4312
0.00139 4314
0.001391 4316
0.001392 4316
0.001393 4315
0.001394 4315
0.001395 4312
0.001396 4313
0.001397 4314
0.001398 4314
0.001399 4313
0.0014 4313
0.001401 4313
0.001402 4314
0.001403 4314
0.001404 4314
0.001405 4314
0.001406 4314
0.001407 4314
0.001408 4314
0.001409 4313
0.00141 4313
0.001411 4313
0.001412 4313
0.001413 4313
0.001414 4313
0.001415 4313
0.001416 4313
0.001417 4313
0.001418 4314
0.001419 4313
0.00142 4312
0.001421 4311
0.001422 4313
0.001423 4313
0.001424 4312
0.001425 4312
0.001426 4312
0.001427 4311
0.001428 4310
0.001429 4309
0.00143 4309
0.001431 4308
0.001432 4309
0.001433 4309
0.001434 4309
0.001435 4309
0.001436 4309
0.001437 4309
0.001438 4309
0.001439 4308
0.00144 4308
0.001441 4307
0.001442 4307
0.001443 4307
0.001444 4306
0.001445 4306
0.001446 4306
0.001447 4306
0.001448 4306
0.001449 4305
0.00145 4305
0.001451 4304
0.001452 4303
0.001453 4304
0.001454 4305
0.001455 4305
0.001456 4306
0.001457 4307
0.001458 4307
0.001459 4307
0.00146 4307
0.001461 4305
0.001462 4305
0.001463 4306
0.001464 4306
0.001465 4306
0.001466 4305
0.001467 4305
0.001468 4305
0.001469 4305
0.00147 4305
0.001471 4305
0.001472 4306
0.001473 4306
0.001474 4306
0.001475 4306
0.001476 4306
0.001477 4306
0.001478 4306
0.001479 4305
0.00148 4304
0.001481 4304
0.001482 4304
0.001483 4304
0.001484 4304
0.001485 4304
0.001486 4304
0.001487 4305
0.001488 4305
0.001489 4305
0.00149 4305
0.001491 4305
0.001492 4304
0.001493 4304
0.001494 4304
0.001495 4303
0.001496 4304
0.001497 4304
0.001498 4304
0.001499 4304
0.0015 4303
0.001501 4303
0.001502 4303
0.001503 4302
0.001504 4302
0.001505 4303
0.001506 4302
0.001507 4304
0.001508 4304
0.001509 4305
0.00151 4305
0.001511 4306
0.001512 4306
0.001513 4306
0.001514 4308
0.001515 4308
0.001516 4309
0.001517 4309
0.001518 4309
0.001519 4309
0.00152 4308
0.001521 4308
0.001522 4308
0.001523 4308
0.001524 4308
0.001525 4308
0.001526 4307
0.001527 4306
0.001528 4306
0.001529 4306
0.00153 4306
0.001531 4306
0.001532 4306
0.001533 4306
0.001534 4306
0.001535 4306
0.001536 4306
0.001537 4306
0.001538 4306
0.001539 4306
0.00154 4306
0.001541 4306
0.001542 4306
0.001543 4306
0.001544 4306
0.001545 4309
0.001546 4309
0.001547 4309
0.001548 4309
0.001549 4309
0.00155 4308
0.001551 4308
0.001552 4308
0.001553 4308
0.001554 4308
0.001555 4307
0.001556 4307
0.001557 4307
0.001558 4306
0.001559 4306
0.00156 4306
0.001561 4306
0.001562 4307
0.001563 4306
0.001564 4306
0.001565 4306
0.001566 4306
0.001567 4306
0.001568 4307
0.001569 4308
0.00157 4308
0.001571 4307
0.001572 4308
0.001573 4308
0.001574 4307
0.001575 4307
0.001576 4307
0.001577 4308
0.001578 4308
0.001579 4308
0.00158 4308
0.001581 4308
0.001582 4308
0.001583 4307
0.001584 4308
0.001585 4308
0.001586 4308
0.001587 4307
0.001588 4308
0.001589 4310
0.00159 4310
0.001591 4310
0.001592 4310
0.001593 4310
0.001594 4310
0.001595 4310
0.001596 4309
0.001597 4309
0.001598 4309
0.001599 4309
0.0016 4310
0.001601 4310
0.001602 4310
0.001603 4310
0.001604 4312
0.001605 4312
0.001606 4312
0.001607 4312
0.001608 4310
0.001609 4310
0.00161 4310
0.001611 4310
0.001612 4311
0.001613 4311
0.001614 4311
0.001615 4309
0.001616 4309
0.001617 4309
0.001618 4309
0.001619 4309
0.00162 4308
0.001621 4309
0.001622 4309
0.001623 4309
0.001624 4309
0.001625 4309
0.001626 4308
0.001627 4307
0.001628 4308
0.001629 4308
0.00163 4307
0.001631 4307
0.001632 4307
0.001633 4307
0.001634 4307
0.001635 4306
0.001636 4304
0.001637 4304
0.001638 4304
0.001639 4305
0.00164 4304
0.001641 4304
0.001642 4304
0.001643 4304
0.001644 4304
0.001645 4304
0.001646 4303
0.001647 4303
0.001648 4304
0.001649 4304
0.00165 4303
0.001651 4304
0.001652 4304
0.001653 4305
0.001654 4305
0.001655 4305
0.001656 4305
0.001657 4305
0.001658 4305
0.001659 4305
0.00166 4305
0.001661 4305
0.001662 4305
0.001663 4305
0.001664 4305
0.001665 4304
0.001666 4304
0.001667 4304
0.001668 4304
0.001669 4304
0.00167 4304
0.001671 4304
0.001672 4304
0.001673 4305
0.001674 4305
0.001675 4305
0.001676 4306
0.001677 4307
0.001678 4307
0.001679 4307
0.00168 4307
0.001681 4307
0.001682 4305
0.001683 4305
0.001684 4305
0.001685 4305
0.001686 4304
0.001687 4304
0.001688 4304
0.001689 4304
0.00169 4305
0.001691 4305
0.001692 4305
0.001693 4305
0.001694 4305
0.001695 4305
0.001696 4304
0.001697 4302
0.001698 4302
0.001699 4302
0.0017 4303
0.001701 4303
0.001702 4303
0.001703 4303
0.001704 4303
0.001705 4303
0.001706 4304
0.001707 4304
0.001708 4304
0.001709 4304
0.00171 4304
0.001711 4303
0.001712 4303
0.001713 4303
0.001714 4303
0.001715 4304
0.001716 4305
0.001717 4305
0.001718 4305
0.001719 4305
0.00172 4305
0.001721 4304
0.001722 4305
0.001723 4306
0.001724 4305
0.001725 4306
0.001726 4306
0.001727 4306
0.001728 4307
0.001729 4307
0.00173 4307
0.001731 4309
0.001732 4308
0.001733 4308
0.001734 4309
0.001735 4309
0.001736 4309
0.001737 4308
0.001738 4309
0.001739 4309
0.00174 4309
0.001741 4309
0.001742 4310
0.001743 4310
0.001744 4310
0.001745 4310
0.001746 4310
0.001747 4310
0.001748 4310
0.001749 4310
0.00175 4310
0.001751 4310
0.001752 4311
0.001753 4311
0.001754 4311
0.001755 4310
0.001756 4310
0.001757 4311
0.001758 4311
0.001759 4311
0.00176 4312
0.001761 4312
0.001762 4312
0.001763 4312
0.001764 4311
0.001765 4311
0.001766 4311
0.001767 4312
0.001768 4313
0.001769 4313
0.00177 4313
0.001771 4312
0.001772 4312
0.001773 4312
0.001774 4312
0.001775 4313
0.001776 4313
0.001777 4313
0.001778 4312
0.001779 4312
0.00178 4313
0.001781 4313
0.001782 4313
0.001783 4314
0.001784 4314
0.001785 4313
0.001786 4313
0.001787 4313
0.001788 4313
0.001789 4314
0.00179 4313
0.001791 4312
0.001792 4312
0.001793 4312
0.001794 4312
0.001795 4312
0.001796 4312
0.001797 4312
0.001798 4313
0.001799 4313
0.0018 4312
0.001801 4312
0.001802 4312
0.001803 4312
0.001804 4312
0.001805 4312
0.001806 4312
0.001807 4313
0.001808 4314
0.001809 4315
0.00181 4315
0.001811 4315
0.001812 4316
0.001813 4314
0.001814 4314
0.001815 4314
0.001816 4315
0.001817 4315
0.001818 4315
0.001819 4315
0.00182 4315
0.001821 4315
0.001822 4315
0.001823 4316
0.001824 4316
0.001825 4316
0.001826 4315
0.001827 4315
0.001828 4315
0.001829 4315
0.00183 4316
0.001831 4315
0.001832 4314
0.001833 4314
0.001834 4314
0.001835 4314
0.001836 4314
0.001837 4314
0.001838 4314
0.001839 4314
0.00184 4316
0.001841 4316
0.001842 4316
0.001843 4316
0.001844 4316
0.001845 4316
0.001846 4317
0.001847 4317
0.001848 4317
0.001849 4317
0.00185 4316
0.001851 4315
0.001852 4315
0.001853 4315
0.001854 4314
0.001855 4314
0.001856 4314
0.001857 4314
0.001858 4314
0.001859 4315
0.00186 4314
0.001861 4315
0.001862 4315
0.001863 4315
0.001864 4315
0.001865 4316
0.001866 4314
0.001867 4316
0.001868 4316
0.001869 4316
0.00187 4317
0.001871 4318
0.001872 4319
0.001873 4319
0.001874 4319
0.001875 4319
0.001876 4320
0.001877 4320
0.001878 4320
0.001879 4320
0.00188 4319
0.001881 4320
0.001882 4320
0.001883 4320
0.001884 4320
0.001885 4321
0.001886 4321
0.001887 4321
0.001888 4321
0.001889 4321
0.00189 4321
0.001891 4321
0.001892 4321
0.001893 4321
0.001894 4321
0.001895 4321
0.001896 4320
0.001897 4319
0.001898 4319
0.001899 4319
0.0019 4318
0.001901 4318
0.001902 4318
0.001903 4318
0.001904 4318
0.001905 4318
0.001906 4319
0.001907 4319
0.001908 4320
0.001909 4319
0.00191 4320
0.001911 4320
0.001912 4320
0.001913 4321
0.001914 4321
0.001915 4320
0.001916 4320
0.001917 4319
0.001918 4319
0.001919 4319
0.00192 4318
0.001921 4320
0.001922 4320
0.001923 4322
0.001924 4322
0.001925 4322
0.001926 4322
0.001927 4322
0.001928 4322
0.001929 4322
0.00193 4322
0.001931 4322
0.001932 4322
0.001933 4322
0.001934 4320
0.001935 4320
0.001936 4320
0.001937 4320
0.001938 4320
0.001939 4320
0.00194 4320
0.001941 4320
0.001942 4320
0.001943 4320
0.001944 4319
0.001945 4321
0.001946 4321
0.001947 4321
0.001948 4321
0.001949 4320
0.00195 4321
0.001951 4321
0.001952 4321
0.001953 4321
0.001954 4321
0.001955 4321
0.001956 4319
0.001957 4320
0.001958 4320
0.001959 4321
0.00196 4321
0.001961 4321
0.001962 4321
0.001963 4321
0.001964 4321
0.001965 4322
0.001966 4321
0.001967 4320
0.001968 4318
0.001969 4318
0.00197 4318
0.001971 4318
0.001972 4318
0.001973 4318
0.001974 4318
0.001975 4318
0.001976 4320
0.001977 4321
0.001978 4321
0.001979 4321
0.00198 4322
0.001981 4322
0.001982 4322
0.001983 4321
0.001984 4322
0.001985 4321
0.001986 4321
0.001987 4321
0.001988 4321
0.001989 4320
0.00199 4320
0.001991 4320
0.001992 4321
0.001993 4321
0.001994 4321
0.001995 4321
0.001996 4321
0.001997 4321
0.001998 4321
0.001999 4321
0.002 4321
0.002001 4322
0.002002 4322
0.002003 4322
0.002004 4322
0.002005 4322
0.002006 4322
0.002007 4320
0.002008 4319
0.002009 4319
0.00201 4320
0.002011 4320
0.002012 4320
0.002013 4320
0.002014 4320
0.002015 4320
0.002016 4320
0.002017 4320
0.002018 4320
0.002019 4318
0.00202 4317
0.002021 4317
0.002022 4317
0.002023 4317
0.002024 4317
0.002025 4317
0.002026 4317
0.002027 4316
0.002028 4316
0.002029 4316
0.00203 4316
0.002031 4317
0.002032 4317
0.002033 4317
0.002034 4315
0.002035 4315
0.002036 4315
0.002037 4315
0.002038 4315
0.002039 4316
0.00204 4316
0.002041 4316
0.002042 4316
0.002043 4315
0.002044 4315
0.002045 4315
0.002046 4316
0.002047 4315
0.002048 4315
0.002049 4315
0.00205 4316
0.002051 4316
0.002052 4316
0.002053 4315
0.002054 4315
0.002055 4314
0.002056 4312
0.002057 4312
0.002058 4312
0.002059 4311
0.00206 4311
0.002061 4310
0.002062 4311
0.002063 4311
0.002064 4311
0.002065 4311
0.002066 4311
0.002067 4311
0.002068 4311
0.002069 4311
0.00207 4314
0.002071 4314
0.002072 4315
0.002073 4316
0.002074 4315
0.002075 4315
0.002076 4315
0.002077 4315
0.002078 4314
0.002079 4314
0.00208 4314
0.002081 4315
0.002082 4315
0.002083 4314
0.002084 4314
0.002085 4315
0.002086 4315
0.002087 4315
0.002088 4315
0.002089 4314
0.00209 4314
0.002091 4314
0.002092 4314
0.002093 4314
0.002094 4314
0.002095 4312
0.002096 4313
0.002097 4313
0.002098 4313
0.002099 4314
0.0021 4315
0.002101 4315
0.002102 4316
0.002103 4317
0.002104 4317
0.002105 4317
0.002106 4316
0.002107 4317
0.002108 4317
0.002109 4317
0.00211 4317
0.002111 4317
0.002112 4317
0.002113 4316
0.002114 4314
0.002115 4315
0.002116 4315
0.002117 4315
0.002118 4315
0.002119 4316
0.00212 4315
0.002121 4316
0.002122 4317
0.002123 4317
0.002124 4318
0.002125 4319
0.002126 4318
0.002127 4320
0.002128 4320
0.002129 4319
0.00213 4319
0.002131 4319
0.002132 4320
0.002133 4320
0.002134 4320
0.002135 4321
0.002136 4321
0.002137 4320
0.002138 4320
0.002139 4320
0.00214 4320
0.002141 4320
0.002142 4320
0.002143 4321
0.002144 4321
0.002145 4321
0.002146 4321
0.002147 4321
0.002148 4321
0.002149 4321
0.00215 4321
0.002151 4321
0.002152 4320
0.002153 4319
0.002154 4319
0.002155 4320
0.002156 4321
0.002157 4320
0.002158 4320
0.002159 4321
0.00216 4320
0.002161 4320
0.002162 4320
0.002163 4320
0.002164 4320
0.002165 4320
0.002166 4320
0.002167 4321
0.002168 4321
0.002169 4321
0.00217 4322
0.002171 4322
0.002172 4321
0.002173 4319
0.002174 4319
0.002175 4318
0.002176 4318
0.002177 4318
0.002178 4318
0.002179 4318
0.00218 4318
0.002181 4319
0.002182 4319
0.002183 4319
0.002184 4319
0.002185 4318
0.002186 4317
0.002187 4317
0.002188 4319
0.002189 4319
0.00219 4319
0.002191 4319
0.002192 4319
0.002193 4319
0.002194 4319
0.002195 4319
0.002196 4320
0.002197 4320
0.002198 4320
0.002199 4320
0.0022 4321
0.002201 4320
0.002202 4320
0.002203 4320
0.002204 4320
0.002205 4320
0.002206 4320
0.002207 4320
0.002208 4321
0.002209 4321
0.00221 4321
0.002211 4322
0.002212 4322
0.002213 4322
0.002214 4322
0.002215 4322
0.002216 4322
0.002217 4322
0.002218 4322
0.002219 4322
0.00222 4321
0.002221 4321
0.002222 4321
0.002223 4321
0.002224 4322
0.002225 4322
0.002226 4321
0.002227 4321
0.002228 4321
0.002229 4321
0.00223 4321
0.002231 4321
0.002232 4321
0.002233 4321
0.002234 4321
0.002235 4321
0.002236 4321
0.002237 4320
0.002238 4320
0.002239 4320
0.00224 4320
0.002241 4321
0.002242 4323
0.002243 4323
0.002244 4323
0.002245 4323
0.002246 4323
0.002247 4323
0.002248 4323
0.002249 4322
0.00225 4322
0.002251 4321
0.002252 4321
0.002253 4321
0.002254 4321
0.002255 4320
0.002256 4320
0.002257 4320
0.002258 4321
0.002259 4322
0.00226 4323
0.002261 4323
0.002262 4323
0.002263 4323
0.002264 4323
0.002265 4323
0.002266 4324
0.002267 4324
0.002268 4324
0.002269 4324
0.00227 4324
0.002271 4324
0.002272 4324
0.002273 4324
0.002274 4324
0.002275 4324
0.002276 4324
0.002277 4324
0.002278 4324
0.002279 4324
0.00228 4324
0.002281 4323
0.002282 4323
0.002283 4323
0.002284 4324
0.002285 4322
0.002286 4322
0.002287 4323
0.002288 4323
0.002289 4323
0.00229 4323
0.002291 4323
0.002292 4323
0.002293 4323
0.002294 4324
0.002295 4324
0.002296 4324
0.002297 4324
0.002298 4323
0.002299 4323
0.0023 4321
0.002301 4321
0.002302 4321
0.002303 4321
0.002304 4321
0.002305 4321
0.002306 4322
0.002307 4322
0.002308 4323
0.002309 4323
0.00231 4323
0.002311 4324
0.002312 4324
0.002313 4324
0.002314 4324
0.002315 4324
0.002316 4324
0.002317 4322
0.002318 4322
0.002319 4322
0.00232 4321
0.002321 4321
0.002322 4321
0.002323 4321
0.002324 4321
0.002325 4321
0.002326 4321
0.002327 4320
0.002328 4319
0.002329 4320
0.00233 4320
0.002331 4321
0.002332 4320
0.002333 4320
0.002334 4320
0.002335 4320
0.002336 4320
0.002337 4320
0.002338 4321
0.002339 4320
0.00234 4320
0.002341 4319
0.002342 4318
0.002343 4318
0.002344 4318
0.002345 4318
0.002346 4318
0.002347 4318
0.002348 4317
0.002349 4317
0.00235 4319
0.002351 4319
0.002352 4319
0.002353 4318
0.002354 4318
0.002355 4318
0.002356 4319
0.002357 4319
0.002358 4319
0.002359 4320
0.00236 4320
0.002361 4320
0.002362 4320
0.002363 4320
0.002364 4320
0.002365 4320
0.002366 4319
0.002367 4319
0.002368 4319
0.002369 4320
0.00237 4319
0.002371 4319
0.002372 4318
0.002373 4318
0.002374 4318
0.002375 4318
0.002376 4318
0.002377 4317
0.002378 4317
0.002379 4317
0.00238 4317
0.002381 4317
0.002382 4317
0.002383 4316
0.002384 4316
0.002385 4315
0.002386 4316
0.002387 4318
0.002388 4319
0.002389 4319
0.00239 4319
0.002391 4319
0.002392 4319
0.002393 4320
0.002394 4320
0.002395 4320
0.002396 4320
0.002397 4322
0.002398 4322
0.002399 4322
0.0024 4322
0.002401 4323
0.002402 4323
0.002403 4323
0.002404 4323
0.002405 4322
0.002406 4322
0.002407 4322
0.002408 4323
0.002409 4323
0.00241 4323
0.002411 4323
0.002412 4323
0.002413 4323
0.002414 4323
0.002415 4324
0.002416 4324
0.002417 4324
0.002418 4324
0.002419 4324
0.00242 4324
0.002421 4324
0.002422 4324
0.002423 4324
0.002424 4323
0.002425 4323
0.002426 4323
0.002427 4324
0.002428 4324
0.002429 4324
0.00243 4324
0.002431 4323
0.002432 4322
0.002433 4322
0.002434 4323
0.002435 4323
0.002436 4323
0.002437 4323
0.002438 4323
0.002439 4323
0.00244 4323
0.002441 4320
0.002442 4320
0.002443 4319
0.002444 4320
0.002445 4320
0.002446 4320
0.002447 4321
0.002448 4321
0.002449 4319
0.00245 4319
0.002451 4319
0.002452 4319
0.002453 4319
0.002454 4319
0.002455 4319
0.002456 4318
0.002457 4317
0.002458 4317
0.002459 4317
0.00246 4317
0.002461 4317
0.002462 4317
0.002463 4316
0.002464 4316
0.002465 4316
0.002466 4316
0.002467 4316
0.002468 4316
0.002469 4316
0.00247 4316
0.002471 4315
0.002472 4315
0.002473 4315
0.002474 4315
0.002475 4314
0.002476 4314
0.002477 4314
0.002478 4313
0.002479 4314
0.00248 4313
0.002481 4314
0.002482 4314
0.002483 4314
0.002484 4314
0.002485 4314
0.002486 4314
0.002487 4314
0.002488 4314
0.002489 4314
0.00249 4314
0.002491 4314
0.002492 4314
0.002493 4314
0.002494 4314
0.002495 4314
0.002496 4313
0.002497 4313
0.002498 4313
0.002499 4313
0.0025 4313
0.002501 4313
0.002502 4313
0.002503 4313
0.002504 4312
0.002505 4312
0.002506 4312
0.002507 4313
0.002508 4314
0.002509 4315
0.00251 4315
0.002511 4316
0.002512 4316
0.002513 4316
0.002514 4316
0.002515 4316
0.002516 4316
0.002517 4316
0.002518 4315
0.002519 4315
0.00252 4314
0.002521 4314
0.002522 4314
0.002523 4314
0.002524 4312
0.002525 4312
0.002526 4312
0.002527 4313
0.002528 4313
0.002529 4313
0.00253 4312
0.002531 4312
0.002532 4312
0.002533 4312
0.002534 4312
0.002535 4312
0.002536 4312
0.002537 4312
0.002538 4312
0.002539 4312
0.00254 4312
0.002541 4311
0.002542 4311
0.002543 4311
0.002544 4310
0.002545 4310
0.002546 4310
0.002547 4310
0.002548 4310
0.002549 4309
0.00255 4309
0.002551 4309
0.002552 4310
0.002553 4310
0.002554 4309
0.002555 4309
0.002556 4308
0.002557 4307
0.002558 4307
0.002559 4307
0.00256 4307
0.002561 4307
0.002562 4306
0.002563 4306
0.002564 4306
0.002565 4306
0.002566 4306
0.002567 4306
0.002568 4305
0.002569 4305
0.00257 4306
0.002571 4306
0.002572 4306
0.002573 4304
0.002574 4305
0.002575 4305
0.002576 4305
0.002577 4304
0.002578 4304
0.002579 4304
0.00258 4304
0.002581 4304
0.002582 4303
0.002583 4303
0.002584 4303
0.002585 4303
0.002586 4304
0.002587 4303
0.002588 4304
0.002589 4304
0.00259 4303
0.002591 4303
0.002592 4303
0.002593 4303
0.002594 4303
0.002595 4303
0.002596 4302
0.002597 4301
0.002598 4301
0.002599 4301
0.0026 4300
0.002601 4300
0.002602 4300
0.002603 4300
0.002604 4300
0.002605 4300
0.002606 4302
0.002607 4303
0.002608 4303
0.002609 4303
0.00261 4303
0.002611 4303
0.002612 4303
0.002613 4303
0.002614 4302
0.002615 4302
0.002616 4302
0.002617 4301
0.002618 4301
0.002619 4301
0.00262 4302
0.002621 4302
0.002622 4302
0.002623 4302
0.002624 4303
0.002625 4303
0.002626 4303
0.002627 4305
0.002628 4304
0.002629 4305
0.00263 4305
0.002631 4305
0.002632 4304
0.002633 4304
0.002634 4304
0.002635 4304
0.002636 4303
0.002637 4303
0.002638 4302
0.002639 4302
0.00264 4302
0.002641 4302
0.002642 4302
0.002643 4302
0.002644 4303
0.002645 4303
0.002646 4302
0.002647 4302
0.002648 4302
0.002649 4303
0.00265 4303
0.002651 4303
0.002652 4303
0.002653 4303
0.002654 4302
0.002655 4302
0.002656 4302
0.002657 4302
0.002658 4302
0.002659 4302
0.00266 4302
0.002661 4302
0.002662 4301
0.002663 4301
0.002664 4301
0.002665 4301
0.002666 4301
0.002667 4301
0.002668 4301
0.002669 4301
0.00267 4301
0.002671 4301
0.002672 4301
0.002673 4301
0.002674 4301
0.002675 4301
0.002676 4300
0.002677 4300
0.002678 4300
0.002679 4300
0.00268 4300
0.002681 4299
0.002682 4299
0.002683 4298
0.002684 4299
0.002685 4299
0.002686 4299
0.002687 4299
0.002688 4299
0.002689 4299
0.00269 4299
0.002691 4299
0.002692 4299
0.002693 4299
0.002694 4298
0.002695 4300
0.002696 4299
0.002697 4299
0.002698 4299
0.002699 4299
0.0027 4300
0.002701 4301
0.002702 4301
0.002703 4302
0.002704 4302
0.002705 4302
0.002706 4304
0.002707 4304
0.002708 4304
0.002709 4305
0.00271 4305
0.002711 4305
0.002712 4306
0.002713 4306
0.002714 4306
0.002715 4306
0.002716 4306
0.002717 4306
0.002718 4306
0.002719 4306
0.00272 4306
0.002721 4306
0.002722 4306
0.002723 4306
0.002724 4307
0.002725 4307
0.002726 4307
0.002727 4308
0.002728 4308
0.002729 4308
0.00273 4308
0.002731 4308
0.002732 4308
0.002733 4308
0.002734 4308
0.002735 4308
0.002736 4308
0.002737 4308
0.002738 4307
0.002739 4306
0.00274 4305
0.002741 4305
0.002742 4305
0.002743 4305
0.002744 4306
0.002745 4306
0.002746 4306
0.002747 4306
0.002748 4306
0.002749 4306
0.00275 4306
0.002751 4305
0.002752 4303
0.002753 4303
0.002754 4303
0.002755 4303
0.002756 4303
0.002757 4303
0.002758 4304
0.002759 4305
0.00276 4306
0.002761 4306
0.002762 4308
0.002763 4308
0.002764 4308
0.002765 4307
0.002766 4307
0.002767 4306
0.002768 4306
0.002769 4306
0.00277 4306
0.002771 4306
0.002772 4306
0.002773 4304
0.002774 4304
0.002775 4304
0.002776 4304
0.002777 4303
0.002778 4302
0.002779 4302
0.00278 4302
0.002781 4302
0.002782 4301
0.002783 4301
0.002784 4301
0.002785 4301
0.002786 4301
0.002787 4302
0.002788 4301
0.002789 4301
0.00279 4301
0.002791 4301
0.002792 4299
0.002793 4299
0.002794 4299
0.002795 4299
0.002796 4298
0.002797 4298
0.002798 4298
0.002799 4298
0.0028 4298
0.002801 4298
0.002802 4297
0.002803 4298
0.002804 4297
0.002805 4297
0.002806 4296
0.002807 4297
0.002808 4297
0.002809 4297
0.00281 4297
0.002811 4296
0.002812 4295
0.002813 4296
0.002814 4294
0.002815 4293
0.002816 4293
0.002817 4292
0.002818 4292
0.002819 4292
0.00282 4291
0.002821 4290
0.002822 4291
0.002823 4289
0.002824 4289
0.002825 4288
0.002826 4288
0.002827 4288
0.002828 4289
0.002829 4289
0.00283 4289
0.002831 4289
0.002832 4288
0.002833 4289
0.002834 4289
0.002835 4288
0.002836 4288
0.002837 4288
0.002838 4287
0.002839 4287
0.00284 4287
0.002841 4286
0.002842 4284
0.002843 4284
0.002844 4285
0.002845 4285
0.002846 4285
0.002847 4285
0.002848 4285
0.002849 4285
0.00285 4286
0.002851 4286
0.002852 4286
0.002853 4285
0.002854 4286
0.002855 4286
0.002856 4286
0.002857 4286
0.002858 4286
0.002859 4286
0.00286 4286
0.002861 4285
0.002862 4285
0.002863 4285
0.002864 4286
0.002865 4285
0.002866 4288
0.002867 4287
0.002868 4287
0.002869 4286
0.00287 4287
0.002871 4287
0.002872 4287
0.002873 4287
0.002874 4288
0.002875 4288
0.002876 4288
0.002877 4288
0.002878 4288
0.002879 4288
0.00288 4288
0.002881 4288
0.002882 4288
0.002883 4288
0.002884 4287
0.002885 4287
0.002886 4285
0.002887 4284
0.002888 4283
0.002889 4282
0.00289 4282
0.002891 4282
0.002892 4282
0.002893 4282
0.002894 4282
0.002895 4282
0.002896 4282
0.002897 4282
0.002898 4281
0.002899 4279
0.0029 4280
0.002901 4280
0.002902 4280
0.002903 4280
0.002904 4280
0.002905 4280
0.002906 4279
0.002907 4279
0.002908 4279
0.002909 4279
0.00291 4280
0.002911 4279
0.002912 4279
0.002913 4279
0.002914 4280
0.002915 4280
0.002916 4280
0.002917 4280
0.002918 4280
0.002919 4280
0.00292 4281
0.002921 4281
0.002922 4282
0.002923 4282
0.002924 4282
0.002925 4283
0.002926 4283
0.002927 4284
0.002928 4284
0.002929 4284
0.00293 4283
0.002931 4283
0.002932 4282
0.002933 4282
0.002934 4282
0.002935 4282
0.002936 4282
0.002937 4282
0.002938 4282
0.002939 4282
0.00294 4282
0.002941 4282
0.002942 4282
0.002943 4282
0.002944 4281
0.002945 4282
0.002946 4283
0.002947 4283
0.002948 4281
0.002949 4281
0.00295 4281
0.002951 4281
0.002952 4280
0.002953 4279
0.002954 4279
0.002955 4279
0.002956 4279
0.002957 4279
0.002958 4280
0.002959 4281
0.00296 4281
0.002961 4282
0.002962 4282
0.002963 4282
0.002964 4282
0.002965 4282
0.002966 4282
0.002967 4281
0.002968 4281
0.002969 4280
0.00297 4280
0.002971 4279
0.002972 4279
0.002973 4279
0.002974 4278
0.002975 4276
0.002976 4275
0.002977 4275
0.002978 4275
0.002979 4276
0.00298 4276
0.002981 4276
0.002982 4276
0.002983 4277
0.002984 4277
0.002985 4276
0.002986 4275
0.002987 4274
0.002988 4275
0.002989 4276
0.00299 4276
0.002991 4275
0.002992 4275
0.002993 4275
0.002994 4275
0.002995 4275
0.002996 4276
0.002997 4277
0.002998 4276
0.002999 4276
0.003 4275
0.003001 4275
0.003002 4275
0.003003 4276
0.003004 4276
0.003005 4276
0.003006 4276
0.003007 4276
0.003008 4276
0.003009 4276
0.00301 4276
0.003011 4276
0.003012 4276
0.003013 4276
0.003014 4276
0.003015 4276
0.003016 4275
0.003017 4276
0.003018 4274
0.003019 4274
0.00302 4272
0.003021 4272
0.003022 4272
0.003023 4272
0.003024 4273
0.003025 4274
0.003026 4273
0.003027 4273
0.003028 4272
0.003029 4272
0.00303 4272
0.003031 4272
0.003032 4272
0.003033 4272
0.003034 4273
0.003035 4273
0.003036 4273
0.003037 4274
0.003038 4274
0.003039 4274
0.00304 4274
0.003041 4274
0.003042 4273
0.003043 4272
0.003044 4273
0.003045 4273
0.003046 4273
0.003047 4273
0.003048 4272
0.003049 4271
0.00305 4272
0.003051 4271
0.003052 4271
0.003053 4271
0.003054 4272
0.003055 4273
0.003056 4273
0.003057 4273
0.003058 4273
0.003059 4273
0.00306 4273
0.003061 4275
0.003062 4275
0.003063 4275
0.003064 4275
0.003065 4275
0.003066 4277
0.003067 4277
0.003068 4278
0.003069 4280
0.00307 4280
0.003071 4279
0.003072 4278
0.003073 4279
0.003074 4279
0.003075 4279
0.003076 4278
0.003077 4278
0.003078 4278
0.003079 4277
0.00308 4277
0.003081 4277
0.003082 4276
0.003083 4276
0.003084 4276
0.003085 4276
0.003086 4278
0.003087 4277
0.003088 4279
0.003089 4279
0.00309 4281
0.003091 4282
0.003092 4282
0.003093 4283
0.003094 4283
0.003095 4283
0.003096 4282
0.003097 4282
0.003098 4281
0.003099 4281
0.0031 4281
0.003101 4281
0.003102 4282
0.003103 4282
0.003104 4282
0.003105 4282
0.003106 4283
0.003107 4283
0.003108 4285
0.003109 4285
0.00311 4284
0.003111 4285
0.003112 4285
0.003113 4285
0.003114 4285
0.003115 4285
0.003116 4286
0.003117 4286
0.003118 4286
0.003119 4286
0.00312 4285
0.003121 4285
0.003122 4285
0.003123 4285
0.003124 4285
0.003125 4285
0.003126 4285
0.003127 4285
0.003128 4285
0.003129 4285
0.00313 4285
0.003131 4285
0.003132 4286
0.003133 4286
0.003134 4286
0.003135 4286
0.003136 4286
0.003137 4286
0.003138 4285
0.003139 4285
0.00314 4285
0.003141 4285
0.003142 4285
0.003143 4286
0.003144 4286
0.003145 4286
0.003146 4285
0.003147 4285
0.003148 4285
0.003149 4285
0.00315 4284
0.003151 4283
0.003152 4283
0.003153 4283
0.003154 4284
0.003155 4284
0.003156 4284
0.003157 4284
0.003158 4284
0.003159 4285
0.00316 4285
0.003161 4285
0.003162 4285
0.003163 4285
0.003164 4285
0.003165 4285
0.003166 4286
0.003167 4287
0.003168 4287
0.003169 4287
0.00317 4288
0.003171 4288
0.003172 4289
0.003173 4289
0.003174 4289
0.003175 4290
0.003176 4291
0.003177 4290
0.003178 4290
0.003179 4290
0.00318 4289
0.003181 4288
0.003182 4288
0.003183 4289
0.003184 4289
0.003185 4289
0.003186 4289
0.003187 4289
0.003188 4289
0.003189 4289
0.00319 4289
0.003191 4289
0.003192 4289
0.003193 4289
0.003194 4289
0.003195 4288
0.003196 4287
0.003197 4287
0.003198 4287
0.003199 4287
0.0032 4286
0.003201 4285
0.003202 4285
0.003203 4285
0.003204 4284
0.003205 4284
0.003206 4284
0.003207 4286
0.003208 4286
0.003209 4286
0.00321 4286
0.003211 4284
0.003212 4284
0.003213 4284
0.003214 4285
0.003215 4285
0.003216 4285
0.003217 4285
0.003218 4285
0.003219 4284
0.00322 4284
0.003221 4284
0.003222 4284
0.003223 4284
0.003224 4284
0.003225 4284
0.003226 4284
0.003227 4284
0.003228 4284
0.003229 4284
0.00323 4284
0.003231 4285
0.003232 4286
0.003233 4286
0.003234 4286
0.003235 4286
0.003236 4286
0.003237 4286
0.003238 4286
0.003239 4287
0.00324 4287
0.003241 4287
0.003242 4287
0.003243 4287
0.003244 4286
0.003245 4286
0.003246 4286
0.003247 4286
0.003248 4286
0.003249 4286
0.00325 4286
0.003251 4287
0.003252 4287
0.003253 4287
0.003254 4287
0.003255 4287
0.003256 4287
0.003257 4288
0.003258 4287
0.003259 4287
0.00326 4286
0.003261 4286
0.003262 4286
0.003263 4286
0.003264 4287
0.003265 4288
0.003266 4288
0.003267 4288
0.003268 4288
0.003269 4289
0.00327 4289
0.003271 4290
0.003272 4290
0.003273 4291
0.003274 4289
0.003275 4289
0.003276 4286
0.003277 4286
0.003278 4286
0.003279 4286
0.00328 4285
0.003281 4285
0.003282 4284
0.003283 4284
0.003284 4284
0.003285 4284
0.003286 4284
0.003287 4285
0.003288 4285
0.003289 4285
0.00329 4285
0.003291 4285
0.003292 4285
0.003293 4285
0.003294 4285
0.003295 4285
0.003296 4284
0.003297 4284
0.003298 4283
0.003299 4283
0.0033 4284
0.003301 4284
0.003302 4284
0.003303 4283
0.003304 4286
0.003305 4286
0.003306 4286
0.003307 4286
0.003308 4286
0.003309 4286
0.00331 4286
0.003311 4287
0.003312 4286
0.003313 4286
0.003314 4286
0.003315 4286
0.003316 4285
0.003317 4286
0.003318 4286
0.003319 4286
0.00332 4286
0.003321 4285
0.003322 4285
0.003323 4285
0.003324 4285
0.003325 4286
0.003326 4284
0.003327 4283
0.003328 4283
0.003329 4283
0.00333 4280
0.003331 4280
0.003332 4280
0.003333 4280
0.003334 4280
0.003335 4280
0.003336 4280
0.003337 4280
0.003338 4281
0.003339 4280
0.00334 4280
0.003341 4280
0.003342 4280
0.003343 4280
0.003344 4280
0.003345 4280
0.003346 4279
0.003347 4279
0.003348 4276
0.003349 4277
0.00335 4277
0.003351 4277
0.003352 4276
0.003353 4278
0.003354 4278
0.003355 4278
0.003356 4279
0.003357 4278
0.003358 4278
0.003359 4278
0.00336 4276
0.003361 4277
0.003362 4277
0.003363 4278
0.003364 4278
0.003365 4278
0.003366 4277
0.003367 4276
0.003368 4276
0.003369 4276
0.00337 4276
0.003371 4276
0.003372 4276
0.003373 4276
0.003374 4276
0.003375 4276
0.003376 4275
0.003377 4275
0.003378 4275
0.003379 4275
0.00338 4277
0.003381 4277
0.003382 4277
0.003383 4277
0.003384 4277
0.003385 4277
0.003386 4276
0.003387 4276
0.003388 4276
0.003389 4277
0.00339 4278
0.003391 4278
0.003392 4278
0.003393 4278
0.003394 4277
0.003395 4278
0.003396 4279
0.003397 4279
0.003398 4279
0.003399 4278
0.0034 4278
0.003401 4278
0.003402 4278
0.003403 4278
0.003404 4278
0.003405 4278
0.003406 4278
0.003407 4277
0.003408 4277
0.003409 4277
0.00341 4277
0.003411 4277
0.003412 4277
0.003413 4277
0.003414 4278
0.003415 4277
0.003416 4276
0.003417 4277
0.003418 4277
0.003419 4278
0.00342 4278
0.003421 4278
0.003422 4278
0.003423 4278
0.003424 4277
0.003425 4277
0.003426 4277
0.003427 4278
0.003428 4278
0.003429 4278
0.00343 4277
0.003431 4277
0.003432 4277
0.003433 4276
0.003434 4276
0.003435 4276
0.003436 4276
0.003437 4276
0.003438 4275
0.003439 4275
0.00344 4275
0.003441 4275
0.003442 4275
0.003443 4275
0.003444 4276
0.003445 4278
0.003446 4278
0.003447 4278
0.003448 4279
0.003449 4279
0.00345 4279
0.003451 4279
0.003452 4279
0.003453 4279
0.003454 4279
0.003455 4279
0.003456 4280
0.003457 4280
0.003458 4280
0.003459 4281
0.00346 4281
0.003461 4281
0.003462 4281
0.003463 4280
0.003464 4281
0.003465 4281
0.003466 4281
0.003467 4281
0.003468 4281
0.003469 4280
0.00347 4279
0.003471 4279
0.003472 4278
0.003473 4277
0.003474 4277
0.003475 4276
0.003476 4276
0.003477 4276
0.003478 4276
0.003479 4276
0.00348 4276
0.003481 4276
0.003482 4275
0.003483 4277
0.003484 4277
0.003485 4278
0.003486 4279
0.003487 4280
0.003488 4280
0.003489 4280
0.00349 4280
0.003491 4279
0.003492 4279
0.003493 4280
0.003494 4280
0.003495 4279
0.003496 4279
0.003497 4278
0.003498 4278
0.003499 4279
0.0035 4278
0.003501 4277
0.003502 4277
0.003503 4276
0.003504 4276
0.003505 4276
0.003506 4276
0.003507 4276
0.003508 4275
0.003509 4275
0.00351 4276
0.003511 4277
0.003512 4277
0.003513 4277
0.003514 4277
0.003515 4276
0.003516 4276
0.003517 4275
0.003518 4276
0.003519 4276
0.00352 4276
0.003521 4275
0.003522 4275
0.003523 4275
0.003524 4275
0.003525 4275
0.003526 4276
0.003527 4275
0.003528 4276
0.003529 4278
0.00353 4278
0.003531 4278
0.003532 4278
0.003533 4277
0.003534 4277
0.003535 4278
0.003536 4278
0.003537 4278
0.003538 4279
0.003539 4280
0.00354 4279
0.003541 4280
0.003542 4280
0.003543 4280
0.003544 4281
0.003545 4281
0.003546 4282
0.003547 4283
0.003548 4282
0.003549 4282
0.00355 4283
0.003551 4283
0.003552 4284
0.003553 4284
0.003554 4283
0.003555 4283
0.003556 4284
0.003557 4283
0.003558 4284
0.003559 4284
0.00356 4284
0.003561 4284
0.003562 4284
0.003563 4284
0.003564 4284
0.003565 4284
0.003566 4284
0.003567 4285
0.003568 4284
0.003569 4285
0.00357 4285
0.003571 4285
0.003572 4284
0.003573 4283
0.003574 4283
0.003575 4283
0.003576 4283
0.003577 4283
0.003578 4284
0.003579 4285
0.00358 4285
0.003581 4285
0.003582 4285
0.003583 4284
0.003584 4284
0.003585 4285
0.003586 4285
0.003587 4285
0.003588 4284
0.003589 4284
0.00359 4284
0.003591 4285
0.003592 4285
0.003593 4285
0.003594 4284
0.003595 4284
0.003596 4284
0.003597 4284
0.003598 4283
0.003599 4282
0.0036 4282
0.003601 4282
0.003602 4282
0.003603 4282
0.003604 4282
0.003605 4282
0.003606 4282
0.003607 4283
0.003608 4285
0.003609 4285
0.00361 4285
0.003611 4285
0.003612 4285
0.003613 4285
0.003614 4285
0.003615 4285
0.003616 4285
0.003617 4286
0.003618 4287
0.003619 4288
0.00362 4288
0.003621 4288
0.003622 4288
0.003623 4288
0.003624 4288
0.003625 4287
0.003626 4287
0.003627 4287
0.003628 4287
0.003629 4287
0.00363 4287
0.003631 4286
0.003632 4286
0.003633 4286
0.003634 4286
0.003635 4286
0.003636 4286
0.003637 4285
0.003638 4285
0.003639 4285
0.00364 4285
0.003641 4285
0.003642 4286
0.003643 4285
0.003644 4285
0.003645 4285
0.003646 4284
0.003647 4284
0.003648 4284
0.003649 4286
0.00365 4286
0.003651 4286
0.003652 4284
0.003653 4284
0.003654 4284
0.003655 4284
0.003656 4284
0.003657 4285
0.003658 4285
0.003659 4285
0.00366 4283
0.003661 4283
0.003662 4283
0.003663 4283
0.003664 4283
0.003665 4282
0.003666 4282
0.003667 4282
0.003668 4282
0.003669 4282
0.00367 4282
0.003671 4282
0.003672 4282
0.003673 4282
0.003674 4282
0.003675 4282
0.003676 4283
0.003677 4284
0.003678 4284
0.003679 4284
0.00368 4284
0.003681 4283
0.003682 4283
0.003683 4283
0.003684 4284
0.003685 4284
0.003686 4284
0.003687 4284
0.003688 4284
0.003689 4284
0.00369 4282
0.003691 4282
0.003692 4283
0.003693 4283
0.003694 4283
0.003695 4281
0.003696 4280
0.003697 4280
0.003698 4279
0.003699 4280
0.0037 4280
0.003701 4280
0.003702 4279
0.003703 4279
0.003704 4279
0.003705 4280
0.003706 4280
0.003707 4281
0.003708 4281
0.003709 4281
0.00371 4281
0.003711 4281
0.003712 4281
0.003713 4281
0.003714 4281
0.003715 4282
0.003716 4282
0.003717 4282
0.003718 4280
0.003719 4280
0.00372 4280
0.003721 4280
0.003722 4280
0.003723 4280
0.003724 4281
0.003725 4281
0.003726 4281
0.003727 4282
0.003728 4282
0.003729 4282
0.00373 4282
0.003731 4282
0.003732 4283
0.003733 4285
0.003734 4286
0.003735 4284
0.003736 4285
0.003737 4284
0.003738 4284
0.003739 4283
0.00374 4283
0.003741 4283
0.003742 4282
0.003743 4283
0.003744 4282
0.003745 4282
0.003746 4282
0.003747 4282
0.003748 4282
0.003749 4282
0.00375 4282
0.003751 4282
0.003752 4282
0.003753 4283
0.003754 4284
0.003755 4284
0.003756 4284
0.003757 4284
0.003758 4284
0.003759 4284
0.00376 4285
0.003761 4285
0.003762 4285
0.003763 4285
0.003764 4285
0.003765 4283
0.003766 4283
0.003767 4284
0.003768 4285
0.003769 4284
0.00377 4284
0.003771 4285
0.003772 4285
0.003773 4285
0.003774 4285
0.003775 4285
0.003776 4284
0.003777 4284
0.003778 4283
0.003779 4283
0.00378 4283
0.003781 4283
0.003782 4283
0.003783 4282
0.003784 4282
0.003785 4282
0.003786 4282
0.003787 4282
0.003788 4282
0.003789 4282
0.00379 4282
0.003791 4282
0.003792 4282
0.003793 4283
0.003794 4283
0.003795 4282
0.003796 4282
0.003797 4282
0.003798 4282
0.003799 4282
0.0038 4282
0.003801 4283
0.003802 4283
0.003803 4283
0.003804 4282
0.003805 4282
0.003806 4282
0.003807 4283
0.003808 4282
0.003809 4282
0.00381 4282
0.003811 4282
0.003812 4282
0.003813 4282
0.003814 4283
0.003815 4283
0.003816 4283
0.003817 4283
0.003818 4282
0.003819 4282
0.00382 4282
0.003821 4282
0.003822 4282
0.003823 4282
0.003824 4282
0.003825 4282
0.003826 4282
0.003827 4282
0.003828 4280
0.003829 4280
0.00383 4279
0.003831 4279
0.003832 4280
0.003833 4280
0.003834 4280
0.003835 4280
0.003836 4280
0.003837 4278
0.003838 4277
0.003839 4278
0.00384 4278
0.003841 4278
0.003842 4277
0.003843 4277
0.003844 4277
0.003845 4277
0.003846 4276
0.003847 4275
0.003848 4275
0.003849 4275
0.00385 4274
0.003851 4274
0.003852 4274
0.003853 4275
0.003854 4273
0.003855 4275
0.003856 4275
0.003857 4275
0.003858 4275
0.003859 4275
0.00386 4275
0.003861 4275
0.003862 4275
0.003863 4275
0.003864 4275
0.003865 4275
0.003866 4275
0.003867 4274
0.003868 4275
0.003869 4274
0.00387 4274
0.003871 4274
0.003872 4274
0.003873 4273
0.003874 4273
0.003875 4273
0.003876 4274
0.003877 4274
0.003878 4274
0.003879 4274
0.00388 4274
0.003881 4274
0.003882 4274
0.003883 4273
0.003884 4273
0.003885 4273
0.003886 4273
0.003887 4272
0.003888 4272
0.003889 4273
0.00389 4273
0.003891 4273
0.003892 4274
0.003893 4275
0.003894 4275
0.003895 4275
0.003896 4275
0.003897 4275
0.003898 4276
0.003899 4276
0.0039 4278
0.003901 4276
0.003902 4276
0.003903 4277
0.003904 4277
0.003905 4277
0.003906 4278
0.003907 4278
0.003908 4278
0.003909 4278
0.00391 4278
0.003911 4278
0.003912 4279
0.003913 4280
0.003914 4280
0.003915 4280
0.003916 4279
0.003917 4280
0.003918 4280
0.003919 4280
0.00392 4280
0.003921 4280
0.003922 4280
0.003923 4280
0.003924 4280
0.003925 4281
0.003926 4281
0.003927 4279
0.003928 4280
0.003929 4280
0.00393 4279
0.003931 4279
0.003932 4278
0.003933 4279
0.003934 4279
0.003935 4278
0.003936 4278
0.003937 4277
0.003938 4277
0.003939 4277
0.00394 4277
0.003941 4277
0.003942 4277
0.003943 4276
0.003944 4276
0.003945 4276
0.003946 4276
0.003947 4276
0.003948 4277
0.003949 4276
0.00395 4275
0.003951 4276
0.003952 4276
0.003953 4275
0.003954 4275
0.003955 4274
0.003956 4274
0.003957 4272
0.003958 4272
0.003959 4272
0.00396 4272
0.003961 4271
0.003962 4272
0.003963 4271
0.003964 4272
0.003965 4272
0.003966 4270
0.003967 4270
0.003968 4270
0.003969 4270
0.00397 4270
0.003971 4270
0.003972 4270
0.003973 4270
0.003974 4269
0.003975 4269
0.003976 4268
0.003977 4267
0.003978 4267
0.003979 4267
0.00398 4267
0.003981 4267
0.003982 4267
0.003983 4267
0.003984 4267
0.003985 4267
0.003986 4265
0.003987 4265
0.003988 4265
0.003989 4264
0.00399 4264
0.003991 4264
0.003992 4264
0.003993 4264
0.003994 4265
0.003995 4265
0.003996 4264
0.003997 4264
0.003998 4264
0.003999 4264
0.004 4262
0.004001 4262
0.004002 4262
0.004003 4261
0.004004 4261
0.004005 4261
0.004006 4261
0.004007 4260
0.004008 4260
0.004009 4260
0.00401 4260
0.004011 4260
0.004012 4260
0.004013 4260
0.004014 4259
0.004015 4259
0.004016 4259
0.004017 4258
0.004018 4258
0.004019 4259
0.00402 4259
0.004021 4259
0.004022 4259
0.004023 4259
0.004024 4258
0.004025 4260
0.004026 4260
0.004027 4261
0.004028 4261
0.004029 4260
0.00403 4260
0.004031 4260
0.004032 4260
0.004033 4260
0.004034 4261
0.004035 4262
0.004036 4262
0.004037 4261
0.004038 4261
0.004039 4261
0.00404 4261
0.004041 4260
0.004042 4262
0.004043 4262
0.004044 4264
0.004045 4264
0.004046 4264
0.004047 4264
0.004048 4264
0.004049 4263
0.00405 4263
0.004051 4264
0.004052 4264
0.004053 4263
0.004054 4264
0.004055 4264
0.004056 4264
0.004057 4264
0.004058 4264
0.004059 4264
0.00406 4265
0.004061 4266
0.004062 4267
0.004063 4266
0.004064 4266
0.004065 4266
0.004066 4267
0.004067 4267
0.004068 4267
0.004069 4267
0.00407 4267
0.004071 4268
0.004072 4267
0.004073 4268
0.004074 4268
0.004075 4268
0.004076 4268
0.004077 4268
0.004078 4268
0.004079 4268
0.00408 4266
0.004081 4265
0.004082 4265
0.004083 4267
0.004084 4267
0.004085 4265
0.004086 4265
0.004087 4265
0.004088 4265
0.004089 4265
0.00409 4265
0.004091 4265
0.004092 4265
0.004093 4265
0.004094 4265
0.004095 4265
0.004096 4264
0.004097 4264
0.004098 4264
0.004099 4264
0.0041 4264
0.004101 4264
0.004102 4264
0.004103 4264
0.004104 4264
0.004105 4264
0.004106 4264
0.004107 4264
0.004108 4265
0.004109 4265
0.00411 4265
0.004111 4266
0.004112 4266
0.004113 4266
0.004114 4266
0.004115 4266
0.004116 4266
0.004117 4266
0.004118 4267
0.004119 4267
0.00412 4267
0.004121 4266
0.004122 4266
0.004123 4266
0.004124 4267
0.004125 4267
0.004126 4267
0.004127 4266
0.004128 4266
0.004129 4266
0.00413 4266
0.004131 4266
0.004132 4265
0.004133 4265
0.004134 4264
0.004135 4264
0.004136 4265
0.004137 4265
0.004138 4266
0.004139 4266
0.00414 4266
0.004141 4264
0.004142 4264
0.004143 4263
0.004144 4263
0.004145 4262
0.004146 4262
0.004147 4262
0.004148 4262
0.004149 4262
0.00415 4262
0.004151 4262
0.004152 4262
0.004153 4262
0.004154 4262
0.004155 4262
0.004156 4263
0.004157 4263
0.004158 4264
0.004159 4265
0.00416 4265
0.004161 4265
0.004162 4265
0.004163 4264
0.004164 4264
0.004165 4264
0.004166 4264
0.004167 4264
0.004168 4264
0.004169 4264
0.00417 4264
0.004171 4264
0.004172 4264
0.004173 4264
0.004174 4264
0.004175 4262
0.004176 4262
0.004177 4262
0.004178 4262
0.004179 4262
0.00418 4261
0.004181 4261
0.004182 4261
0.004183 4261
0.004184 4262
0.004185 4262
0.004186 4261
0.004187 4261
0.004188 4261
0.004189 4260
0.00419 4260
0.004191 4259
0.004192 4258
0.004193 4258
0.004194 4258
0.004195 4258
0.004196 4258
0.004197 4257
0.004198 4258
0.004199 4258
0.0042 4258
0.004201 4258
0.004202 4258
0.004203 4258
0.004204 4257
0.004205 4257
0.004206 4258
0.004207 4259
0.004208 4260
0.004209 4260
0.00421 4260
0.004211 4260
0.004212 4261
0.004213 4261
0.004214 4261
0.004215 4261
0.004216 4261
0.004217 4261
0.004218 4261
0.004219 4261
0.00422 4262
0.004221 4262
0.004222 4262
0.004223 4263
0.004224 4263
0.004225 4263
0.004226 4263
0.004227 4264
0.004228 4264
0.004229 4264
0.00423 4263
0.004231 4262
0.004232 4262
0.004233 4263
0.004234 4263
0.004235 4263
0.004236 4263
0.004237 4263
0.004238 4263
0.004239 4262
0.00424 4262
0.004241 4262
0.004242 4261
0.004243 4261
0.004244 4260
0.004245 4260
0.004246 4259
0.004247 4259
0.004248 4258
0.004249 4258
0.00425 4258
0.004251 4259
0.004252 4259
0.004253 4259
0.004254 4259
0.004255 4257
0.004256 4257
0.004257 4257
0.004258 4255
0.004259 4256
0.00426 4256
0.004261 4256
0.004262 4255
0.004263 4255
0.004264 4254
0.004265 4254
0.004266 4253
0.004267 4253
0.004268 4253
0.004269 4252
0.00427 4253
0.004271 4253
0.004272 4253
0.004273 4252
0.004274 4252
0.004275 4252
0.004276 4251
0.004277 4251
0.004278 4252
0.004279 4252
0.00428 4253
0.004281 4252
0.004282 4252
0.004283 4252
0.004284 4252
0.004285 4253
0.004286 4252
0.004287 4252
0.004288 4252
0.004289 4252
0.00429 4254
0.004291 4254
0.004292 4254
0.004293 4252
0.004294 4253
0.004295 4253
0.004296 4254
0.004297 4254
0.004298 4254
0.004299 4254
0.0043 4254
0.004301 4254
0.004302 4254
0.004303 4254
0.004304 4254
0.004305 4254
0.004306 4254
0.004307 4253
0.004308 4253
0.004309 4252
0.00431 4253
0.004311 4253
0.004312 4253
0.004313 4253
0.004314 4253
0.004315 4253
0.004316 4253
0.004317 4253
0.004318 4253
0.004319 4252
0.00432 4253
0.004321 4254
0.004322 4255
0.004323 4255
0.004324 4255
0.004325 4256
0.004326 4257
0.004327 4255
0.004328 4254
0.004329 4254
0.00433 4254
0.004331 4254
0.004332 4254
0.004333 4254
0.004334 4254
0.004335 4255
0.004336 4255
0.004337 4255
0.004338 4255
0.004339 4255
0.00434 4255
0.004341 4255
0.004342 4257
0.004343 4256
0.004344 4256
0.004345 4256
0.004346 4256
0.004347 4257
0.004348 4257
0.004349 4257
0.00435 4257
0.004351 4257
0.004352 4257
0.004353 4257
0.004354 4256
0.004355 4256
0.004356 4255
0.004357 4255
0.004358 4255
0.004359 4256
0.00436 4256
0.004361 4256
0.004362 4255
0.004363 4255
0.004364 4254
0.004365 4253
0.004366 4253
0.004367 4255
0.004368 4255
0.004369 4255
0.00437 4255
0.004371 4257
0.004372 4258
0.004373 4259
0.004374 4259
0.004375 4260
0.004376 4260
0.004377 4262
0.004378 4262
0.004379 4261
0.00438 4261
0.004381 4261
0.004382 4261
0.004383 4261
0.004384 4261
0.004385 4260
0.004386 4260
0.004387 4260
0.004388 4259
0.004389 4259
0.00439 4259
0.004391 4259
0.004392 4258
0.004393 4259
0.004394 4260
0.004395 4260
0.004396 4260
0.004397 4260
0.004398 4261
0.004399 4261
0.0044 4261
0.004401 4262
0.004402 4262
0.004403 4262
0.004404 4262
0.004405 4262
0.004406 4262
0.004407 4263
0.004408 4263
0.004409 4263
0.00441 4263
0.004411 4263
0.004412 4263
0.004413 4263
0.004414 4263
0.004415 4262
0.004416 4262
0.004417 4262
0.004418 4263
0.004419 4263
0.00442 4263
0.004421 4263
0.004422 4263
0.004423 4263
0.004424 4263
0.004425 4262
0.004426 4262
0.004427 4261
0.004428 4260
0.004429 4259
0.00443 4258
0.004431 4258
0.004432 4258
0.004433 4259
0.004434 4259
0.004435 4259
0.004436 4259
0.004437 4259
0.004438 4259
0.004439 4259
0.00444 4259
0.004441 4259
0.004442 4259
0.004443 4259
0.004444 4258
0.004445 4258
0.004446 4259
0.004447 4259
0.004448 4259
0.004449 4259
0.00445 4259
0.004451 4259
0.004452 4258
0.004453 4258
0.004454 4256
0.004455 4255
0.004456 4255
0.004457 4255
0.004458 4254
0.004459 4254
0.00446 4254
0.004461 4254
0.004462 4254
0.004463 4254
0.004464 4253
0.004465 4253
0.004466 4252
0.004467 4253
0.004468 4253
0.004469 4253
0.00447 4254
0.004471 4254
0.004472 4254
0.004473 4253
0.004474 4252
0.004475 4252
0.004476 4252
0.004477 4252
0.004478 4252
0.004479 4252
0.00448 4253
0.004481 4253
0.004482 4253
0.004483 4253
0.004484 4253
0.004485 4254
0.004486 4253
0.004487 4252
0.004488 4252
0.004489 4252
0.00449 4252
0.004491 4252
0.004492 4252
0.004493 4253
0.004494 4253
0.004495 4253
0.004496 4253
0.004497 4254
0.004498 4254
0.004499 4254
0.0045 4255
0.004501 4257
0.004502 4257
0.004503 4257
0.004504 4257
0.004505 4257
0.004506 4257
0.004507 4258
0.004508 4259
0.004509 4259
0.00451 4259
0.004511 4259
0.004512 4259
0.004513 4257
0.004514 4259
0.004515 4260
0.004516 4261
0.004517 4261
0.004518 4261
0.004519 4261
0.00452 4259
0.004521 4258
0.004522 4258
0.004523 4258
0.004524 4257
0.004525 4257
0.004526 4257
0.004527 4257
0.004528 4257
0.004529 4257
0.00453 4257
0.004531 4258
0.004532 4257
0.004533 4257
0.004534 4257
0.004535 4257
0.004536 4256
0.004537 4256
0.004538 4256
0.004539 4256
0.00454 4256
0.004541 4256
0.004542 4256
0.004543 4256
0.004544 4257
0.004545 4258
0.004546 4258
0.004547 4259
0.004548 4259
0.004549 4259
0.00455 4260
0.004551 4260
0.004552 4259
0.004553 4259
0.004554 4258
0.004555 4258
0.004556 4258
0.004557 4258
0.004558 4260
0.004559 4260
0.00456 4260
0.004561 4260
0.004562 4260
0.004563 4259
0.004564 4259
0.004565 4259
0.004566 4259
0.004567 4260
0.004568 4260
0.004569 4260
0.00457 4259
0.004571 4258
0.004572 4258
0.004573 4258
0.004574 4259
0.004575 4260
0.004576 4261
0.004577 4261
0.004578 4261
0.004579 4261
0.00458 4262
0.004581 4262
0.004582 4262
0.004583 4262
0.004584 4262
0.004585 4264
0.004586 4264
0.004587 4262
0.004588 4262
0.004589 4262
0.00459 4262
0.004591 4262
0.004592 4262
0.004593 4262
0.004594 4263
0.004595 4263
0.004596 4264
0.004597 4265
0.004598 4265
0.004599 4265
0.0046 4264
0.004601 4264
0.004602 4265
0.004603 4265
0.004604 4265
0.004605 4265
0.004606 4265
0.004607 4265
0.004608 4265
0.004609 4265
0.00461 4265
0.004611 4265
0.004612 4266
0.004613 4267
0.004614 4265
0.004615 4265
0.004616 4265
0.004617 4266
0.004618 4265
0.004619 4265
0.00462 4265
0.004621 4265
0.004622 4266
0.004623 4265
0.004624 4265
0.004625 4266
0.004626 4266
0.004627 4265
0.004628 4266
0.004629 4266
0.00463 4265
0.004631 4265
0.004632 4265
0.004633 4266
0.004634 4266
0.004635 4265
0.004636 4265
0.004637 4265
0.004638 4265
0.004639 4265
0.00464 4264
0.004641 4264
0.004642 4263
0.004643 4263
0.004644 4264
0.004645 4264
0.004646 4264
0.004647 4264
0.004648 4265
0.004649 4265
0.00465 4265
0.004651 4265
0.004652 4265
0.004653 4265
0.004654 4265
0.004655 4265
0.004656 4266
0.004657 4266
0.004658 4266
0.004659 4266
0.00466 4266
0.004661 4266
0.004662 4266
0.004663 4266
0.004664 4266
0.004665 4266
0.004666 4267
0.004667 4266
0.004668 4267
0.004669 4267
0.00467 4267
0.004671 4267
0.004672 4267
0.004673 4267
0.004674 4267
0.004675 4267
0.004676 4267
0.004677 4267
0.004678 4267
0.004679 4267
0.00468 4266
0.004681 4267
0.004682 4266
0.004683 4267
0.004684 4267
0.004685 4266
0.004686 4264
0.004687 4264
0.004688 4264
0.004689 4265
0.00469 4265
0.004691 4264
0.004692 4265
0.004693 4265
0.004694 4266
0.004695 4266
0.004696 4267
0.004697 4267
0.004698 4268
0.004699 4266
0.0047 4266
0.004701 4265
0.004702 4265
0.004703 4265
0.004704 4265
0.004705 4266
0.004706 4266
0.004707 4266
0.004708 4265
0.004709 4265
0.00471 4265
0.004711 4265
0.004712 4265
0.004713 4265
0.004714 4264
0.004715 4264
0.004716 4263
0.004717 4262
0.004718 4262
0.004719 4262
0.00472 4263
0.004721 4263
0.004722 4262
0.004723 4261
0.004724 4261
0.004725 4261
0.004726 4262
0.004727 4263
0.004728 4264
0.004729 4264
0.00473 4264
0.004731 4264
0.004732 4264
0.004733 4264
0.004734 4265
0.004735 4265
0.004736 4264
0.004737 4263
0.004738 4264
0.004739 4264
0.00474 4263
0.004741 4263
0.004742 4261
0.004743 4260
0.004744 4260
0.004745 4259
0.004746 4259
0.004747 4259
0.004748 4259
0.004749 4259
0.00475 4259
0.004751 4259
0.004752 4259
0.004753 4258
0.004754 4257
0.004755 4257
0.004756 4257
0.004757 4257
0.004758 4256
0.004759 4256
0.00476 4256
0.004761 4255
0.004762 4256
0.004763 4256
0.004764 4256
0.004765 4256
0.004766 4258
0.004767 4258
0.004768 4258
0.004769 4259
0.00477 4259
0.004771 4259
0.004772 4259
0.004773 4258
0.004774 4258
0.004775 4259
0.004776 4258
0.004777 4258
0.004778 4258
0.004779 4258
0.00478 4258
0.004781 4259
0.004782 4259
0.004783 4259
0.004784 4259
0.004785 4259
0.004786 4261
0.004787 4261
0.004788 4261
0.004789 4261
0.00479 4261
0.004791 4261
0.004792 4262
0.004793 4261
0.004794 4260
0.004795 4261
0.004796 4260
0.004797 4261
0.004798 4261
0.004799 4261
0.0048 4260
0.004801 4260
0.004802 4260
0.004803 4260
0.004804 4262
0.004805 4261
0.004806 4261
0.004807 4260
0.004808 4259
0.004809 4259
0.00481 4259
0.004811 4259
0.004812 4259
0.004813 4259
0.004814 4260
0.004815 4259
0.004816 4259
0.004817 4259
0.004818 4260
0.004819 4259
0.00482 4259
0.004821 4259
0.004822 4260
0.004823 4260
0.004824 4260
0.004825 4260
0.004826 4261
0.004827 4261
0.004828 4261
0.004829 4261
0.00483 4262
0.004831 4262
0.004832 4262
0.004833 4262
0.004834 4262
0.004835 4262
0.004836 4262
0.004837 4262
0.004838 4262
0.004839 4260
0.00484 4260
0.004841 4260
0.004842 4260
0.004843 4260
0.004844 4260
0.004845 4260
0.004846 4260
0.004847 4261
0.004848 4261
0.004849 4261
0.00485 4262
0.004851 4262
0.004852 4262
0.004853 4261
0.004854 4260
0.004855 4260
0.004856 4260
0.004857 4260
0.004858 4260
0.004859 4260
0.00486 4260
0.004861 4260
0.004862 4259
0.004863 4259
0.004864 4260
0.004865 4260
0.004866 4260
0.004867 4260
0.004868 4259
0.004869 4258
0.00487 4256
0.004871 4255
0.004872 4255
0.004873 4255
0.004874 4255
0.004875 4255
0.004876 4255
0.004877 4255
0.004878 4256
0.004879 4256
0.00488 4256
0.004881 4256
0.004882 4256
0.004883 4257
0.004884 4258
0.004885 4259
0.004886 4259
0.004887 4259
0.004888 4259
0.004889 4260
0.00489 4260
0.004891 4260
0.004892 4260
0.004893 4261
0.004894 4261
0.004895 4261
0.004896 4260
0.004897 4260
0.004898 4260
0.004899 4259
0.0049 4259
0.004901 4259
0.004902 4258
0.004903 4258
0.004904 4257
0.004905 4256
0.004906 4257
0.004907 4257
0.004908 4257
0.004909 4257
0.00491 4257
0.004911 4256
0.004912 4256
0.004913 4256
0.004914 4255
0.004915 4255
0.004916 4255
0.004917 4255
0.004918 4256
0.004919 4256
0.00492 4256
0.004921 4255
0.004922 4255
0.004923 4255
0.004924 4255
0.004925 4255
0.004926 4255
0.004927 4255
0.004928 4255
0.004929 4255
0.00493 4255
0.004931 4254
0.004932 4254
0.004933 4255
0.004934 4256
0.004935 4256
0.004936 4256
0.004937 4256
0.004938 4256
0.004939 4256
0.00494 4256
0.004941 4256
0.004942 4256
0.004943 4256
0.004944 4256
0.004945 4257
0.004946 4257
0.004947 4257
0.004948 4257
0.004949 4256
0.00495 4256
0.004951 4256
0.004952 4256
0.004953 4256
0.004954 4255
0.004955 4255
0.004956 4255
0.004957 4257
0.004958 4258
0.004959 4259
0.00496 4259
0.004961 4259
0.004962 4258
0.004963 4258
0.004964 4257
0.004965 4257
0.004966 4256
0.004967 4256
0.004968 4257
0.004969 4256
0.00497 4256
0.004971 4257
0.004972 4258
0.004973 4258
0.004974 4256
0.004975 4256
0.004976 4256
0.004977 4257
0.004978 4256
0.004979 4257
0.00498 4257
0.004981 4256
0.004982 4254
0.004983 4255
0.004984 4255
0.004985 4256
0.004986 4256
0.004987 4256
0.004988 4256
0.004989 4255
0.00499 4255
0.004991 4255
0.004992 4254
0.004993 4253
0.004994 4253
0.004995 4254
0.004996 4254
0.004997 4253
0.004998 4252
0.004999 4253
0.005 4252
